58 7 76 0.3307
58 7 79 0.3937
88 7 76 0.2835
88 7 79 0.3386
117 22 72 0.315
117 22 76 0.378
176 7 74 0.3307
176 7 77 0.3937
206 7 74 0.2913
206 7 77 0.3465
235 22 71 0.3228
235 22 74 0.3858
294 16 72 0.4252
309 16 74 0.3858
324 16 76 0.4173
339 16 72 0.3858
353 16 69 0.4331
368 16 71 0.4488
383 16 72 0.4724
397 16 73 0.4961
412 16 74 0.5197
427 16 76 0.4646
442 16 77 0.5197
456 16 74 0.4724
471 16 72 0.5039
486 16 71 0.4646
501 16 69 0.4173
515 14 67 0.378
530 7 76 0.4646
530 7 79 0.4646
560 7 76 0.378
560 7 79 0.378
589 22 72 0.4646
589 22 76 0.4646
648 7 77 0.4961
648 7 81 0.4961
678 7 77 0.4331
678 7 81 0.4331
707 22 71 0.4961
707 22 74 0.4961
766 16 81 0.5512
781 16 79 0.5354
795 16 77 0.5118
810 14 76 0.4961
825 16 73 0.4724
840 16 74 0.4882
854 16 76 0.5197
869 14 77 0.4567
884 14 69 0.4724
899 14 72 0.4094
913 14 71 0.4567
928 14 74 0.3937
943 29 72 0.4409
1002 7 76 0.3307
1002 7 79 0.3937
1031 7 76 0.2835
1031 7 79 0.3386
1061 22 72 0.315
1061 22 76 0.378
1120 7 74 0.3307
1120 7 77 0.3937
1149 7 74 0.2913
1149 7 77 0.3465
1179 22 71 0.3228
1179 22 74 0.3858
1238 16 72 0.4331
1252 16 74 0.3858
1267 16 76 0.4252
1282 16 72 0.3858
1297 16 69 0.4016
1311 16 71 0.4331
1326 16 72 0.4646
1341 16 73 0.4882
1356 16 74 0.5197
1370 16 76 0.4724
1385 16 77 0.5118
1400 16 74 0.4961
1415 16 72 0.4724
1429 16 71 0.4488
1444 16 69 0.4252
1459 14 67 0.3858
1474 7 76 0.4409
1474 7 79 0.4409
1503 7 76 0.3858
1503 7 79 0.3858
1533 22 72 0.4331
1533 22 76 0.4331
1591 7 77 0.5197
1591 7 81 0.5197
1621 7 77 0.4488
1621 7 81 0.4488
1650 22 71 0.4961
1650 22 74 0.4961
1709 16 81 0.5354
1724 16 79 0.5118
1739 16 77 0.4961
1754 14 76 0.4803
1768 16 73 0.4409
1783 16 74 0.4567
1798 16 76 0.4646
1813 14 77 0.4409
1827 14 69 0.4724
1842 14 72 0.4094
1857 14 71 0.4567
1872 14 74 0.3937
1886 29 72 0.4409
1945 16 76 0.4803
1960 16 78 0.4409
1975 7 79 0.4173
1989 7 79 0.4173
2004 16 81 0.4882
2019 16 79 0.4567
2034 16 78 0.4409
2048 14 76 0.4331
2063 7 74 0.4803
2078 7 74 0.4252
2093 7 74 0.4252
2107 7 74 0.4252
2122 16 76 0.5197
2137 16 74 0.4646
2152 16 72 0.4567
2166 14 71 0.4488
2181 16 88 0.5827
2196 16 86 0.5197
2211 16 84 0.5118
2225 14 83 0.5039
2240 16 80 0.5906
2255 16 81 0.5276
2270 16 83 0.5118
2284 14 84 0.5118
2299 16 76 0.5827
2314 16 78 0.5354
2329 16 79 0.4882
2343 14 81 0.5118
2358 16 79 0.5827
2373 16 78 0.5512
2387 16 76 0.4882
2402 14 74 0.4961
2417 7 83 0.4961
2417 7 86 0.5906
2446 7 83 0.4567
2446 7 86 0.5433
2476 22 79 0.4961
2476 22 83 0.5906
2535 7 81 0.4724
2535 7 84 0.5591
2564 7 81 0.4252
2564 7 84 0.5039
2594 22 78 0.4646
2594 22 81 0.5512
2653 16 79 0.5354
2668 16 81 0.5354
2682 16 83 0.5669
2697 14 79 0.5276
2712 16 75 0.4803
2727 16 76 0.4961
2741 16 79 0.5197
2756 14 76 0.4646
2771 14 74 0.4882
2785 14 71 0.4409
2800 14 72 0.4567
2815 14 69 0.3937
2830 14 67 0.4409
2889 14 67 0.4252
2903 14 69 0.4409
2918 14 71 0.4567
2933 14 72 0.4646
2948 14 74 0.4803
3007 14 71 0.4882
3021 14 72 0.5118
3036 14 74 0.5433
3051 14 76 0.5669
3066 14 77 0.5906
3125 14 74 0.5039
3139 14 76 0.5276
3154 14 77 0.5591
3169 14 79 0.5827
3183 7 81 0.6063
3213 7 80 0.5433
3242 7 79 0.5197
3272 7 78 0.4724
3301 29 77 0.4646
3360 7 76 0.3307
3360 7 79 0.3937
3390 7 76 0.2835
3390 7 79 0.3386
3419 22 72 0.315
3419 22 76 0.378
3478 7 74 0.3307
3478 7 77 0.3937
3508 7 74 0.2913
3508 7 77 0.3465
3537 22 71 0.3228
3537 22 74 0.3858
3596 16 72 0.4331
3611 16 74 0.3701
3626 16 76 0.4252
3640 16 72 0.3701
3655 16 69 0.3937
3670 16 71 0.4252
3685 16 72 0.4567
3699 16 73 0.4803
3714 16 74 0.5197
3729 16 76 0.4567
3744 16 77 0.4961
3758 16 74 0.4409
3773 16 72 0.4882
3788 16 71 0.4646
3803 16 69 0.4252
3817 14 67 0.4016
3832 7 76 0.4252
3832 7 79 0.4252
3862 7 76 0.3543
3862 7 79 0.3543
3891 22 72 0.4173
3891 22 76 0.4173
3950 7 77 0.4882
3950 7 81 0.4882
3979 7 77 0.4409
3979 7 81 0.4409
4009 22 71 0.5197
4009 22 74 0.5197
4068 16 81 0.5748
4083 16 79 0.5512
4097 16 77 0.5276
4112 14 76 0.5039
4127 16 73 0.4409
4142 16 74 0.4724
4156 16 76 0.5039
4171 14 77 0.4409
4186 14 69 0.4724
4201 14 72 0.4094
4215 14 71 0.4567
4230 14 74 0.3937
4245 29 72 0.4409
4363 16 76 0.4488
4377 16 75 0.4094
4392 16 77 0.4567
4407 14 76 0.3937
4481 16 76 0.4331
4495 16 75 0.3701
4510 16 77 0.4173
4525 14 76 0.3701
4540 7 84 0.5669
4540 7 76 0.4646
4569 7 84 0.5354
4569 7 76 0.4409
4599 14 81 0.5748
4599 14 72 0.5039
4658 7 74 0.4882
4658 7 83 0.5748
4687 7 74 0.4252
4687 7 83 0.5039
4716 14 71 0.4882
4716 14 80 0.5748
4775 14 81 0.5354
4790 14 76 0.4252
4805 14 72 0.4252
4820 14 69 0.4094
4834 14 72 0.5039
4849 14 70 0.4409
4864 7 70 0.4409
4879 14 70 0.4094
4893 14 74 0.5354
4908 14 73 0.4409
4923 7 73 0.4409
4938 7 73 0.4409
4952 14 76 0.5591
4967 7 74 0.4646
4982 14 77 0.5354
4997 7 76 0.4646
5011 14 79 0.5827
5026 7 77 0.4331
5041 14 77 0.5591
5056 7 76 0.4724
5070 14 76 0.5669
5085 7 75 0.4882
5100 58 84 0.6142
5159 29 75 0.4409
5188 29 76 0.5197
5247 14 83 0.5197
5262 14 80 0.4882
5277 14 76 0.4882
5291 14 74 0.4567
5306 14 72 0.5197
5321 14 76 0.4803
5336 14 81 0.4803
5350 14 80 0.4724
5365 14 81 0.5512
5380 14 76 0.4961
5395 14 72 0.4961
5409 14 69 0.4646
5424 14 68 0.5512
5439 14 71 0.4961
5454 14 76 0.4882
5468 14 80 0.4646
5483 14 83 0.5591
5498 14 80 0.4882
5512 14 76 0.4882
5527 14 74 0.4646
5542 14 72 0.5512
5557 14 76 0.4961
5571 14 81 0.4961
5586 14 80 0.4646
5601 14 81 0.5197
5616 14 76 0.4882
5630 14 72 0.4882
5645 14 69 0.4646
5660 29 64 0.5512
5719 7 72 0.3071
5719 7 76 0.3622
5748 7 72 0.2677
5748 7 76 0.3228
5778 14 69 0.189
5778 14 72 0.3937
5837 7 71 0.3071
5837 7 74 0.3701
5866 7 71 0.2598
5866 7 74 0.3071
5896 14 68 0.315
5896 14 71 0.378
6014 16 64 0.4488
6028 16 63 0.4094
6043 16 65 0.4488
6058 14 64 0.4094
6132 14 88 0.5984
6146 14 87 0.5039
6161 14 89 0.5354
6176 14 88 0.4882
6191 14 86 0.5748
6205 14 85 0.4961
6220 14 88 0.5591
6235 14 86 0.4646
6250 14 86 0.5669
6264 11 84 0.4882
6279 7 84 0.5276
6294 14 83 0.4803
6308 11 83 0.5591
6323 14 81 0.4646
6338 7 81 0.5354
6353 7 79 0.4488
6367 14 79 0.5433
6382 7 77 0.4488
6397 14 77 0.5118
6412 7 76 0.4488
6426 14 76 0.5039
6441 7 74 0.4409
6456 14 74 0.4882
6471 7 72 0.4331
6485 14 70 0.5197
6500 14 77 0.4252
6515 14 74 0.4488
6530 14 70 0.4173
6544 29 69 0.4724
6574 29 68 0.4409
6603 29 69 0.5197
6662 14 68 0.5197
6677 14 74 0.4882
6692 14 71 0.4882
6706 14 68 0.4567
6721 29 69 0.5197
6780 14 68 0.5512
6795 14 74 0.4961
6810 14 71 0.4961
6824 14 68 0.4646
6839 29 69 0.5197
6898 14 68 0.5197
6913 14 74 0.4724
6928 14 71 0.4724
6942 14 68 0.4252
6957 14 69 0.5433
6972 14 76 0.5039
6987 14 72 0.5039
7001 14 69 0.4567
7016 14 71 0.6063
7031 14 77 0.5197
7045 14 74 0.5197
7060 14 71 0.4646
7134 7 76 0.3307
7134 7 79 0.3937
7163 7 76 0.2835
7163 7 79 0.3386
7193 22 72 0.315
7193 22 76 0.378
7252 7 74 0.3307
7252 7 77 0.3937
7281 7 74 0.2913
7281 7 77 0.3465
7311 22 71 0.3228
7311 22 74 0.3858
7370 16 72 0.4173
7385 16 74 0.3701
7399 16 76 0.4173
7414 16 72 0.3701
7429 16 69 0.3937
7443 16 71 0.4173
7458 16 72 0.4567
7473 16 73 0.4882
7488 16 74 0.5197
7502 16 76 0.4409
7517 16 77 0.4882
7532 16 74 0.4724
7547 16 72 0.5276
7561 16 71 0.4882
7576 16 69 0.4567
7591 14 67 0.3701
7606 7 76 0.3307
7606 7 79 0.3937
7635 7 76 0.2835
7635 7 79 0.3386
7665 22 72 0.315
7665 22 76 0.378
7724 7 77 0.4882
7724 7 81 0.4882
7753 7 77 0.4331
7753 7 81 0.4331
7783 22 71 0.4724
7783 22 74 0.4724
7841 16 81 0.5512
7856 16 79 0.5276
7871 16 77 0.5039
7886 14 76 0.4803
7900 16 73 0.4488
7915 16 74 0.4567
7930 16 76 0.4646
7945 14 77 0.4409
7959 14 69 0.4724
7974 14 72 0.4094
7989 14 71 0.4567
8004 14 74 0.3937
8018 29 72 0.4409
8077 14 71 0.4803
8092 14 77 0.4409
8107 14 74 0.4409
8122 14 71 0.4409
8136 14 81 0.4803
8151 14 79 0.4488
8166 14 77 0.4646
8181 14 76 0.4803
8195 14 74 0.5354
8210 14 77 0.4882
8225 14 74 0.4803
8239 14 71 0.4803
8254 14 81 0.5669
8269 14 79 0.4803
8284 14 77 0.4803
8298 14 76 0.4803
8313 14 86 0.5827
8328 14 84 0.5039
8343 14 83 0.5039
8357 14 81 0.5039
8372 14 81 0.5591
8387 14 79 0.4803
8402 7 77 0.4803
8416 7 76 0.4803
8431 14 76 0.5276
8446 14 74 0.4488
8461 7 72 0.4488
8475 7 71 0.4488
8490 29 74 0.4803
8520 29 72 0.4488
8549 14 71 0.4803
8564 14 77 0.4409
8579 14 74 0.4409
8593 14 71 0.4409
8608 14 81 0.4803
8623 14 79 0.4488
8637 14 77 0.4646
8652 14 76 0.4803
8667 14 74 0.5354
8682 14 77 0.4882
8696 14 74 0.4803
8711 14 71 0.4803
8726 14 81 0.5669
8741 14 79 0.4803
8755 14 77 0.4803
8770 14 76 0.4803
8785 14 86 0.6063
8800 14 84 0.5039
8814 14 83 0.5039
8829 14 81 0.5039
8844 14 81 0.6299
8859 14 79 0.5433
8873 7 77 0.5512
8888 7 76 0.5591
8903 14 76 0.6535
8918 14 74 0.5591
8932 7 72 0.5433
8947 7 71 0.5906
8962 14 72 0.6772
8977 14 76 0.5906
8991 14 67 0.6299
9006 14 72 0.5906
9021 14 64 0.6299
9035 14 67 0.5906
9050 14 60 0.6299
9065 14 64 0.5906
9080 14 67 0.5591
9094 14 72 0.5748
9109 14 72 0.4882
9109 14 76 0.5827
9124 11 76 0.4961
9124 11 79 0.6063
9139 14 76 0.5276
9139 14 79 0.6299
9153 14 74 0.4961
9153 14 77 0.5906
9168 7 72 0.4882
9168 7 76 0.5827
9183 7 71 0.4803
9183 7 74 0.5748
9198 14 72 0.6535
9212 14 76 0.5748
9227 14 67 0.6063
9242 14 72 0.5669
9257 14 64 0.6535
9271 14 67 0.5591
9286 14 60 0.6142
9301 14 64 0.5827
9316 14 67 0.5591
9330 14 72 0.5748
9345 14 72 0.4882
9345 14 76 0.5827
9360 11 76 0.4961
9360 11 79 0.6063
9375 14 76 0.5276
9375 14 79 0.6299
9389 14 74 0.4961
9389 14 77 0.5906
9404 7 72 0.4882
9404 7 76 0.5827
9419 7 71 0.4803
9419 7 74 0.5748
9433 29 72 0.6929
9463 22 84 0.6299
9463 22 79 0.5276
9463 22 76 0.5276
9492 22 64 0.5669
9492 22 72 0.6693
9522 22 64 0.5276
9522 22 72 0.6535
9551 58 64 0.5748
9551 58 72 0.6772
117 7 60 0.2835
117 7 57 0.2362
147 7 60 0.2677
147 7 57 0.2205
176 14 57 0.2283
176 14 53 0.189
235 7 55 0.2677
235 7 59 0.315
265 7 55 0.2205
265 7 59 0.2598
294 14 52 0.252
294 14 55 0.2992
353 88 53 0.3307
442 29 50 0.2992
471 29 55 0.3465
589 7 60 0.2835
589 7 57 0.2362
619 7 60 0.2677
619 7 57 0.2205
648 14 53 0.2283
648 14 50 0.189
707 7 55 0.3071
707 7 59 0.3622
737 7 55 0.2441
737 7 59 0.2913
766 14 48 0.2913
766 14 52 0.3465
825 88 57 0.3307
825 88 53 0.2756
913 29 65 0.3386
913 29 55 0.2835
943 29 64 0.4016
943 29 60 0.3386
972 14 48 0.3701
1061 7 60 0.2835
1061 7 57 0.2362
1090 7 60 0.2677
1090 7 57 0.2205
1120 14 57 0.2283
1120 14 53 0.189
1179 7 55 0.2677
1179 7 59 0.315
1208 7 55 0.2205
1208 7 59 0.2598
1238 14 52 0.252
1238 14 55 0.2992
1297 88 53 0.3307
1385 29 50 0.2992
1415 29 55 0.3465
1533 7 60 0.2835
1533 7 57 0.2362
1562 7 60 0.2677
1562 7 57 0.2205
1591 14 53 0.2283
1591 14 50 0.189
1650 7 55 0.3071
1650 7 59 0.3622
1680 7 55 0.2441
1680 7 59 0.2913
1709 14 48 0.2913
1709 14 52 0.3465
1768 88 57 0.3307
1768 88 53 0.2756
1857 29 65 0.3386
1857 29 55 0.2835
1886 29 64 0.4016
1886 29 60 0.3386
1916 14 48 0.3701
1945 16 60 0.315
1960 16 67 0.2835
1975 16 64 0.2835
1989 14 67 0.2835
2004 16 59 0.315
2019 16 67 0.2756
2034 16 62 0.2756
2048 14 67 0.2756
2063 16 54 0.315
2078 16 62 0.2835
2093 16 57 0.2835
2107 14 62 0.2835
2122 16 55 0.315
2137 16 62 0.2835
2152 16 59 0.2835
2166 14 62 0.2835
2181 16 47 0.3465
2196 16 55 0.2992
2211 16 50 0.2992
2225 14 55 0.2992
2240 16 48 0.3701
2255 16 57 0.315
2270 16 52 0.315
2284 14 57 0.315
2299 16 49 0.378
2314 16 57 0.315
2329 16 52 0.3071
2343 14 57 0.3071
2358 29 50 0.378
2476 7 67 0.4173
2476 7 64 0.3543
2505 7 67 0.3622
2505 7 64 0.3071
2535 14 64 0.2835
2535 14 60 0.1969
2594 7 62 0.3307
2594 7 66 0.3937
2623 7 62 0.3071
2623 7 66 0.3701
2653 14 59 0.4409
2653 14 62 0.5276
2712 88 55 0.4961
2712 58 48 0.4173
2771 58 50 0.3543
2800 29 54 0.4094
2830 14 55 0.5039
2859 14 43 0.4252
2948 14 55 0.4252
2948 14 59 0.5039
2977 14 43 0.4252
3066 14 55 0.5512
3066 14 59 0.5512
3095 14 43 0.4488
3419 7 60 0.2835
3419 7 57 0.2362
3449 7 60 0.2677
3449 7 57 0.2205
3478 14 57 0.2283
3478 14 53 0.189
3537 7 55 0.2677
3537 7 59 0.315
3567 7 55 0.2205
3567 7 59 0.2598
3596 14 52 0.252
3596 14 55 0.2992
3655 88 53 0.3307
3744 29 50 0.2992
3773 29 55 0.3465
3891 7 60 0.2835
3891 7 57 0.2362
3920 7 60 0.2677
3920 7 57 0.2205
3950 14 53 0.2283
3950 14 50 0.189
4009 7 55 0.3071
4009 7 59 0.3622
4038 7 55 0.2441
4038 7 59 0.2913
4068 14 48 0.2913
4068 14 52 0.3465
4127 88 57 0.3307
4127 88 53 0.2756
4215 29 65 0.3386
4215 29 55 0.2835
4245 29 64 0.4016
4245 29 60 0.3386
4274 14 48 0.3701
4304 7 64 0.4173
4304 7 60 0.3543
4333 7 64 0.3465
4333 7 60 0.2913
4363 14 60 0.3543
4363 14 57 0.2992
4422 7 59 0.315
4422 7 62 0.378
4451 7 59 0.252
4451 7 62 0.2992
4481 14 56 0.315
4481 14 59 0.378
4599 16 64 0.4724
4613 16 63 0.4173
4628 16 65 0.4567
4643 14 64 0.4094
4716 16 64 0.4567
4731 16 63 0.3937
4746 16 65 0.4488
4761 14 64 0.3937
4775 58 60 0.4724
4775 58 64 0.4724
4834 58 62 0.378
4834 58 65 0.4488
4893 58 64 0.3858
4893 58 67 0.4567
4952 29 65 0.4882
4952 117 69 0.4094
4982 29 61 0.4567
5011 29 62 0.5039
5041 29 64 0.4724
5070 29 69 0.5276
5070 29 65 0.4488
5129 29 65 0.2835
5129 29 69 0.3386
5188 14 52 0.3386
5203 14 64 0.3071
5218 14 56 0.3071
5232 14 64 0.3071
5247 14 59 0.3622
5262 14 64 0.3071
5277 14 56 0.3071
5291 14 64 0.3071
5306 14 52 0.3701
5321 14 64 0.3228
5336 14 57 0.3228
5350 14 64 0.3228
5365 14 60 0.378
5380 14 64 0.315
5395 14 57 0.315
5409 14 64 0.315
5424 14 52 0.4094
5439 14 64 0.3307
5454 14 56 0.3307
5468 14 64 0.3307
5483 14 59 0.4094
5498 14 64 0.3386
5512 14 56 0.3386
5527 14 64 0.3386
5542 14 52 0.4016
5557 14 64 0.3386
5571 14 57 0.3386
5586 14 64 0.3386
5601 14 60 0.4094
5616 14 64 0.3386
5630 14 57 0.3386
5645 14 64 0.3386
5660 29 52 0.4016
5778 16 64 0.3622
5793 16 63 0.3071
5807 16 65 0.3622
5822 14 64 0.3071
5896 16 64 0.3543
5910 16 63 0.3071
5925 16 65 0.3622
5940 14 64 0.3071
5955 7 52 0.3937
5955 7 60 0.4646
5984 7 52 0.3465
5984 7 60 0.4252
6014 14 48 0.4016
6014 14 57 0.4724
6073 7 50 0.378
6073 7 59 0.4488
6102 7 50 0.3228
6102 7 59 0.3858
6132 14 47 0.4016
6132 14 56 0.4724
6191 58 56 0.3071
6191 58 59 0.3701
6250 29 57 0.3307
6250 29 60 0.3937
6279 29 59 0.3307
6279 29 62 0.3937
6308 29 60 0.3386
6308 58 64 0.4016
6338 29 61 0.3386
6367 29 62 0.4331
6367 117 69 0.3622
6397 29 64 0.4016
6426 29 65 0.4488
6456 29 64 0.4173
6485 58 65 0.4646
6485 58 62 0.3937
6544 58 52 0.2835
6544 29 60 0.3386
6574 29 59 0.3386
6603 14 57 0.3386
6618 14 60 0.3071
6633 14 64 0.3071
6647 14 60 0.3071
6662 14 52 0.3622
6677 14 59 0.3071
6692 14 62 0.3071
6706 14 59 0.3071
6721 14 57 0.3701
6736 14 60 0.3228
6751 14 64 0.3228
6765 14 60 0.3228
6780 14 52 0.378
6795 14 59 0.315
6810 14 62 0.315
6824 14 59 0.315
6839 14 57 0.3701
6854 14 60 0.3228
6869 14 64 0.3228
6883 14 60 0.3228
6898 14 52 0.3386
6913 14 59 0.2756
6928 14 62 0.2913
6942 14 59 0.315
6957 14 57 0.4094
6972 14 60 0.3386
6987 14 64 0.3465
7001 14 60 0.3543
7016 14 55 0.4488
7031 14 62 0.3543
7045 14 65 0.3622
7060 14 62 0.3622
7193 7 60 0.2835
7193 7 57 0.2362
7222 7 60 0.2677
7222 7 57 0.2205
7252 14 57 0.2283
7252 14 53 0.189
7311 7 55 0.2677
7311 7 59 0.315
7340 7 55 0.2205
7340 7 59 0.2598
7370 14 52 0.252
7370 14 55 0.2992
7429 88 53 0.3307
7517 29 50 0.2992
7547 29 55 0.3465
7665 7 60 0.2835
7665 7 57 0.2362
7694 7 60 0.2677
7694 7 57 0.2205
7724 14 53 0.2283
7724 14 50 0.189
7783 7 55 0.3071
7783 7 59 0.3622
7812 7 55 0.2441
7812 7 59 0.2913
7841 14 48 0.2913
7841 14 52 0.3465
7900 88 57 0.3307
7900 88 53 0.2756
7989 29 65 0.3386
7989 29 55 0.2835
8018 29 64 0.4016
8018 29 60 0.3386
8048 14 48 0.3701
8077 14 53 0.3465
8092 14 59 0.2992
8107 14 55 0.2992
8122 14 59 0.2992
8136 14 52 0.3465
8151 14 60 0.3071
8166 14 55 0.3228
8181 14 60 0.3307
8195 14 53 0.378
8210 14 59 0.3228
8225 14 55 0.3228
8239 14 59 0.3307
8254 14 52 0.4016
8269 14 60 0.3465
8284 14 55 0.3465
8298 14 60 0.3465
8313 14 53 0.4173
8328 14 62 0.3465
8343 14 57 0.3465
8357 14 62 0.3465
8372 14 55 0.4016
8387 14 64 0.3465
8402 14 60 0.3465
8416 14 64 0.3465
8431 14 55 0.3937
8446 14 65 0.3228
8461 14 62 0.3228
8475 14 65 0.3465
8490 14 60 0.3465
8505 14 67 0.2835
8520 14 64 0.3071
8534 14 67 0.2835
8549 14 53 0.3465
8564 14 59 0.2992
8579 14 55 0.2992
8593 14 59 0.2992
8608 14 52 0.3465
8623 14 60 0.3071
8637 14 55 0.3228
8652 14 60 0.3307
8667 14 53 0.378
8682 14 59 0.3228
8696 14 55 0.3228
8711 14 59 0.3307
8726 14 52 0.4016
8741 14 60 0.3465
8755 14 55 0.3465
8770 14 60 0.3465
8785 14 53 0.4173
8800 14 62 0.3622
8814 14 57 0.3622
8829 14 62 0.3622
8844 14 55 0.4016
8859 14 64 0.378
8873 14 60 0.3858
8888 14 64 0.4016
8903 14 55 0.4488
8918 14 65 0.4016
8932 14 62 0.4331
8947 14 65 0.4567
8962 14 60 0.5276
8977 14 64 0.4567
8991 14 55 0.4724
9006 14 60 0.4409
9021 14 52 0.4882
9035 14 55 0.4331
9050 14 48 0.4567
9065 14 52 0.3858
9080 29 55 0.4961
9139 29 43 0.4961
9198 14 60 0.5276
9212 14 64 0.4409
9227 14 55 0.4724
9242 14 60 0.4409
9257 14 52 0.5039
9271 14 55 0.4409
9286 14 48 0.4724
9301 14 52 0.4173
9316 29 55 0.5276
9375 29 43 0.4961
9433 29 36 0.4646
9433 29 48 0.5591
9463 22 40 0.4173
9463 22 52 0.4961
9492 22 43 0.4646
9492 22 55 0.5591
9522 22 40 0.4173
9522 22 52 0.4961
9551 58 36 0.4803
9551 58 48 0.5748
