37 37 63 0.4016
37 37 75 0.4016
75 37 63 0.4016
75 37 75 0.4016
112 37 75 0.4016
112 37 63 0.4016
150 37 87 0.4016
150 37 99 0.4016
187 37 87 0.4016
187 37 99 0.4016
225 37 99 0.4016
225 37 87 0.4016
262 37 63 0.4094
262 37 75 0.4094
300 37 63 0.4094
300 37 75 0.4094
337 37 75 0.4094
337 37 63 0.4094
375 37 87 0.4016
375 37 99 0.4016
412 37 99 0.4016
412 37 87 0.4016
450 37 87 0.4016
450 37 99 0.4016
487 37 75 0.3858
487 37 63 0.3858
525 37 99 0.3937
525 37 87 0.3937
562 37 99 0.3937
562 37 87 0.3937
600 37 75 0.3543
600 37 63 0.3543
637 37 99 0.3228
637 37 87 0.3228
675 37 99 0.2992
675 37 87 0.2992
750 28 75 0.378
768 9 87 0.3543
787 28 87 0.4409
806 9 99 0.3543
825 28 87 0.4094
843 9 99 0.3465
862 28 85 0.4094
881 9 99 0.3465
881 46 56 0.3307
890 37 63 0.3465
900 28 83 0.4094
900 28 71 0.3543
918 9 99 0.3543
937 28 83 0.4016
956 9 99 0.3543
975 28 82 0.378
993 9 99 0.3543
993 46 59 0.3071
1003 37 68 0.3228
1012 28 80 0.4094
1012 28 75 0.3307
1031 9 99 0.3543
1050 28 79 0.3937
1068 9 99 0.3307
1087 28 80 0.3937
1106 9 99 0.3543
1106 46 63 0.315
1115 37 70 0.3465
1125 28 82 0.4094
1125 28 79 0.3622
1143 9 99 0.3543
1162 28 75 0.378
1181 9 99 0.3307
1200 28 75 0.378
1218 9 87 0.3307
1228 37 67 0.3228
1237 28 76 0.4409
1237 28 70 0.3465
1256 9 87 0.378
1275 28 75 0.4094
1293 9 87 0.3543
1312 28 73 0.4094
1331 9 87 0.3465
1350 28 71 0.4094
1350 28 68 0.378
1368 9 87 0.3543
1387 28 71 0.4016
1406 9 87 0.3543
1425 28 70 0.378
1443 9 87 0.3307
1443 46 59 0.315
1453 37 62 0.3228
1462 28 68 0.4094
1462 28 65 0.3465
1481 9 87 0.3543
1500 28 67 0.3937
1518 9 87 0.3307
1537 28 68 0.3937
1556 9 87 0.3307
1565 37 63 0.2913
1575 28 70 0.4094
1575 28 67 0.3071
1593 9 87 0.3543
1612 28 63 0.378
1631 9 75 0.3307
1650 28 75 0.378
1668 9 87 0.3307
1687 28 87 0.4409
1706 9 99 0.378
1725 28 87 0.4094
1743 9 99 0.3622
1762 28 85 0.4094
1781 9 99 0.3543
1781 46 56 0.3228
1790 37 63 0.3307
1800 28 83 0.4094
1800 28 71 0.3543
1818 9 99 0.3622
1837 28 83 0.4016
1856 9 99 0.3465
1875 28 82 0.378
1893 9 99 0.3465
1893 46 59 0.3228
1903 37 68 0.3307
1912 28 80 0.4094
1912 28 75 0.3622
1931 9 99 0.3543
1950 28 79 0.3937
1968 9 99 0.3465
1987 28 80 0.3937
2006 9 99 0.3543
2006 46 63 0.315
2015 37 70 0.3465
2025 28 82 0.4094
2025 28 79 0.3622
2043 9 99 0.3543
2062 28 75 0.378
2081 9 99 0.3465
2100 28 75 0.378
2118 9 87 0.3543
2128 37 67 0.3307
2137 28 76 0.4409
2137 28 70 0.3465
2156 9 87 0.3937
2175 28 75 0.4094
2193 9 87 0.378
2212 28 73 0.4094
2212 28 75 0.3465
2231 9 87 0.3543
2250 14 75 0.4094
2250 28 68 0.3071
2250 28 71 0.3465
2268 9 87 0.3465
2287 9 80 0.3465
2306 9 83 0.3465
2325 14 87 0.4094
2343 9 99 0.3622
2362 14 75 0.4094
2362 28 63 0.2677
2362 28 73 0.2992
2362 28 67 0.2677
2381 9 87 0.3465
2400 9 79 0.3465
2418 9 82 0.3465
2437 14 87 0.4094
2456 9 99 0.4016
2475 14 56 0.3543
2493 14 63 0.3071
2512 14 71 0.3071
2531 14 80 0.3071
2550 28 75 0.3622
2568 9 87 0.3307
2587 28 99 0.4409
2606 9 87 0.3543
2625 28 99 0.4094
2643 9 87 0.3465
2662 28 99 0.4094
2681 7 85 0.3465
2690 9 85 0.3465
2700 28 83 0.4724
2700 28 44 0.3465
2718 9 99 0.378
2737 28 83 0.4016
2737 28 59 0.3307
2737 28 51 0.2992
2756 9 99 0.3543
2775 28 82 0.378
2793 9 99 0.3543
2803 9 82 0.4331
2812 28 80 0.4331
2812 28 47 0.3465
2831 9 99 0.3622
2850 28 79 0.3937
2850 28 56 0.2992
2850 28 63 0.3307
2868 9 99 0.3543
2887 28 80 0.3937
2906 9 99 0.3543
2915 4 79 0.4173
2920 4 80 0.4331
2925 28 82 0.4409
2925 28 51 0.3465
2943 9 99 0.3465
2962 28 75 0.378
2962 28 58 0.2992
2962 28 67 0.3307
2981 9 99 0.3465
3000 28 75 0.378
3018 9 87 0.3543
3028 9 78 0.4094
3037 28 76 0.4173
3037 28 67 0.2913
3037 28 70 0.3228
3056 9 87 0.3622
3075 28 75 0.4094
3075 28 70 0.3228
3075 28 67 0.2913
3093 9 87 0.3543
3112 28 73 0.4094
3131 9 87 0.3465
3140 9 73 0.4409
3150 28 71 0.4409
3150 28 68 0.3543
3168 9 87 0.3543
3187 28 71 0.4016
3187 28 68 0.3543
3206 9 87 0.3543
3225 28 70 0.378
3243 9 87 0.3543
3253 9 70 0.4409
3262 28 68 0.4409
3262 28 59 0.2835
3262 28 65 0.315
3262 28 62 0.2835
3281 9 87 0.3543
3300 28 67 0.3937
3300 28 59 0.2835
3300 28 65 0.315
3300 28 62 0.2835
3318 9 87 0.3543
3337 28 68 0.3937
3356 9 87 0.3543
3375 28 70 0.4094
3375 28 67 0.3071
3375 28 51 0.2756
3393 9 87 0.3465
3412 28 63 0.378
3431 9 75 0.3465
3450 28 75 0.378
3468 9 87 0.3543
3487 28 87 0.4409
3506 9 99 0.3937
3525 28 87 0.4094
3543 9 99 0.378
3562 28 85 0.4094
3581 9 99 0.3465
3590 9 85 0.4724
3600 28 83 0.4724
3600 28 44 0.3465
3618 9 99 0.3937
3637 28 83 0.4016
3637 28 59 0.3228
3637 28 51 0.2913
3656 9 99 0.3543
3675 28 82 0.3937
3693 9 99 0.3543
3703 9 82 0.4094
3712 28 80 0.4488
3712 28 47 0.3465
3731 9 99 0.3543
3750 28 79 0.3937
3750 28 56 0.2913
3750 28 63 0.3228
3768 9 99 0.3543
3787 28 80 0.3937
3806 9 99 0.3543
3815 4 79 0.4567
3820 4 80 0.4724
3825 28 82 0.4882
3825 28 51 0.3465
3843 9 99 0.3465
3862 28 75 0.378
3862 28 58 0.2913
3862 28 67 0.3228
3881 9 99 0.3465
3900 28 75 0.378
3918 9 87 0.3543
3928 9 78 0.4094
3937 28 76 0.4409
3937 28 68 0.2756
3937 28 70 0.3071
3937 28 61 0.2756
3956 9 92 0.3858
3975 28 75 0.4094
3975 28 68 0.2756
3975 28 70 0.3071
3975 28 63 0.2756
3993 9 92 0.3858
4012 28 73 0.4094
4012 28 75 0.3465
4012 28 70 0.3071
4012 28 64 0.2756
4012 28 68 0.2756
4031 9 92 0.3858
4050 14 75 0.4094
4050 28 63 0.3071
4050 28 71 0.3465
4050 28 68 0.3071
4068 9 87 0.3465
4087 9 80 0.3465
4106 9 83 0.3465
4125 14 87 0.4094
4143 9 99 0.3622
4162 14 75 0.4094
4162 28 61 0.2677
4162 28 67 0.2992
4162 28 51 0.2677
4181 9 87 0.3465
4200 9 79 0.3465
4218 9 82 0.3465
4237 14 87 0.4094
4256 9 99 0.3937
4275 14 44 0.3937
4293 14 59 0.3543
4312 14 63 0.3543
4331 14 68 0.3307
4350 14 75 0.3307
4368 14 80 0.3228
4387 14 83 0.3071
4406 14 87 0.3071
4425 14 92 0.2992
4575 28 71 0.3937
4593 14 67 0.315
4593 14 70 0.3622
4612 28 71 0.4173
4631 14 66 0.3465
4631 14 69 0.3858
4650 28 71 0.4409
4668 14 65 0.3622
4668 14 68 0.4016
4687 28 71 0.4724
4706 14 64 0.378
4706 14 67 0.4173
4725 9 73 0.4724
4734 9 71 0.4724
4743 9 70 0.4724
4753 9 71 0.4724
4762 14 66 0.5354
4762 28 63 0.3071
4762 28 59 0.2756
4781 14 90 0.4724
4800 14 71 0.5433
4800 28 63 0.3071
4800 28 59 0.2756
4800 28 54 0.2756
4818 14 90 0.4803
4837 9 75 0.4961
4846 9 73 0.4961
4856 9 72 0.4961
4865 9 73 0.4961
4875 14 66 0.5512
4875 28 64 0.315
4875 28 58 0.2835
4893 14 90 0.5354
4912 14 73 0.5512
4912 28 66 0.315
4912 28 64 0.2835
4912 28 54 0.2835
4931 14 90 0.5354
4950 9 76 0.4803
4959 9 75 0.4803
4968 9 74 0.4803
4978 9 75 0.4803
4987 14 71 0.5354
4987 37 63 0.3071
4987 37 59 0.3071
5006 14 90 0.5197
5025 28 75 0.3937
5043 14 71 0.315
5043 14 74 0.3622
5062 28 75 0.4173
5081 14 70 0.3465
5081 14 73 0.3858
5100 28 75 0.4409
5118 14 69 0.3622
5118 14 72 0.4016
5137 28 75 0.4724
5156 14 68 0.378
5156 14 71 0.4173
5175 9 77 0.4724
5184 9 75 0.4724
5193 9 74 0.4724
5203 9 75 0.4724
5212 14 70 0.5354
5212 28 63 0.2756
5212 28 66 0.3071
5231 14 94 0.5197
5250 14 75 0.5433
5250 28 70 0.3071
5250 28 66 0.2756
5250 28 58 0.2756
5268 14 94 0.5197
5287 9 78 0.4961
5296 9 77 0.4961
5306 9 76 0.4961
5315 9 77 0.4961
5325 14 70 0.5512
5325 28 68 0.315
5325 28 62 0.2835
5343 14 94 0.5276
5362 14 77 0.5433
5362 28 70 0.315
5362 28 68 0.2835
5362 28 58 0.2835
5381 14 94 0.5276
5400 9 80 0.4803
5409 9 78 0.4803
5418 9 77 0.4803
5428 9 78 0.4803
5437 14 75 0.5354
5437 37 63 0.2756
5437 37 66 0.3071
5456 14 94 0.5197
5475 28 78 0.3937
5493 14 74 0.315
5493 14 77 0.3622
5512 28 78 0.4173
5531 14 73 0.3465
5531 14 76 0.3858
5550 28 78 0.4409
5568 14 75 0.4016
5568 14 72 0.3622
5587 28 78 0.4724
5606 14 74 0.4173
5606 14 71 0.378
5625 9 80 0.4724
5634 9 78 0.4724
5643 9 77 0.4724
5653 9 78 0.4724
5662 14 73 0.5354
5662 28 70 0.3071
5662 28 66 0.2756
5681 14 97 0.5669
5700 14 78 0.5433
5700 28 70 0.2756
5700 28 73 0.3071
5700 28 61 0.3071
5718 14 97 0.5669
5737 9 82 0.4961
5746 9 80 0.4961
5756 9 79 0.4961
5765 9 80 0.4961
5775 14 73 0.5512
5775 28 71 0.315
5775 28 65 0.2835
5793 14 97 0.5669
5812 14 80 0.5433
5812 28 73 0.315
5812 28 71 0.2835
5812 28 61 0.2835
5831 14 97 0.5669
5850 14 82 0.4173
5850 14 78 0.4094
5868 14 83 0.4173
5868 14 80 0.4094
5878 46 66 0.4173
5887 37 85 0.4409
5887 37 82 0.4173
5906 18 97 0.4882
5906 18 94 0.4882
5925 14 83 0.4173
5925 14 80 0.4094
5943 14 82 0.4173
5943 14 78 0.4094
5962 14 80 0.4173
5962 14 71 0.4094
5981 14 82 0.4173
5981 14 73 0.4094
5990 46 59 0.4331
6000 37 83 0.4409
6000 37 75 0.4331
6018 18 95 0.4882
6018 18 87 0.4409
6037 14 82 0.4173
6037 14 73 0.4094
6056 14 80 0.4173
6056 14 71 0.4094
6075 14 78 0.4173
6075 14 70 0.4094
6093 14 80 0.4173
6093 14 71 0.4094
6103 46 61 0.4331
6112 37 82 0.4409
6112 37 73 0.4331
6131 18 85 0.4173
6131 18 94 0.4724
6150 14 80 0.4173
6150 14 71 0.4094
6168 14 78 0.4173
6168 14 70 0.4094
6187 14 77 0.4173
6187 14 68 0.4094
6206 14 78 0.4173
6206 14 70 0.4094
6215 46 61 0.4173
6225 37 80 0.4409
6225 37 71 0.4173
6243 18 92 0.4488
6243 18 83 0.3937
6262 14 75 0.4173
6262 14 66 0.4173
6281 14 77 0.4173
6281 14 68 0.4173
6300 28 78 0.4409
6300 28 58 0.3858
6300 28 70 0.4331
6318 18 90 0.3937
6318 18 82 0.3543
6337 14 66 0.4488
6356 14 78 0.4488
6375 14 67 0.5039
6393 14 79 0.5039
6412 14 68 0.5354
6431 14 80 0.5354
6450 28 92 0.5748
6450 28 64 0.378
6450 28 68 0.4173
6468 18 80 0.4961
6487 28 92 0.5748
6487 28 63 0.378
6487 28 68 0.4173
6506 18 78 0.4882
6525 28 92 0.5906
6525 28 61 0.4016
6525 28 68 0.4567
6543 18 76 0.4803
6562 28 102 0.6142
6562 28 75 0.4173
6581 18 80 0.4882
6600 28 100 0.6142
6600 28 73 0.4173
6618 18 80 0.4882
6637 28 99 0.6142
6637 37 56 0.3937
6637 28 72 0.4488
6656 18 80 0.4882
6675 28 97 0.6142
6675 28 70 0.4173
6693 18 80 0.4882
6712 28 99 0.6142
6712 28 72 0.4173
6731 18 80 0.4803
6750 28 100 0.6457
6750 37 61 0.3937
6750 28 73 0.4488
6768 18 80 0.4803
6787 28 97 0.6063
6787 28 76 0.4173
6806 18 80 0.4882
6825 14 67 0.5039
6843 14 79 0.5039
6862 14 66 0.5354
6881 14 78 0.5354
6900 28 90 0.5748
6900 28 63 0.378
6900 28 66 0.4173
6918 18 78 0.4961
6937 28 90 0.5748
6937 28 61 0.378
6937 28 66 0.4173
6956 18 76 0.4882
6975 28 90 0.5906
6975 28 59 0.4016
6975 28 66 0.4567
6993 18 75 0.4803
7012 28 100 0.6142
7012 28 73 0.4173
7031 18 78 0.4882
7050 28 99 0.6142
7050 28 71 0.4173
7068 18 78 0.4882
7087 28 97 0.6142
7087 37 54 0.3937
7087 28 70 0.4488
7106 18 78 0.4882
7125 28 95 0.6142
7125 28 68 0.4173
7143 18 78 0.4882
7162 28 97 0.6142
7162 28 70 0.4173
7181 18 78 0.4803
7200 28 99 0.6457
7200 37 59 0.3937
7200 28 71 0.4488
7218 18 78 0.4803
7237 28 95 0.6063
7237 28 75 0.4173
7256 18 78 0.4882
7275 14 62 0.5039
7293 14 74 0.4567
7312 14 63 0.5827
7331 14 75 0.5354
7350 14 87 0.5354
7350 28 63 0.4567
7350 28 55 0.4016
7368 14 75 0.4567
7387 14 87 0.5276
7387 28 56 0.4016
7387 28 65 0.4567
7406 14 74 0.4803
7425 14 87 0.5354
7425 28 58 0.4567
7425 28 67 0.5039
7443 14 73 0.4882
7462 14 87 0.5276
7462 28 58 0.4646
7462 28 67 0.5197
7481 18 73 0.5039
7500 14 87 0.5354
7500 28 59 0.4646
7500 28 68 0.5197
7518 14 71 0.5669
7537 14 76 0.4803
7537 14 88 0.6457
7537 28 61 0.4567
7537 28 70 0.5039
7556 14 82 0.4724
7556 14 87 0.6299
7575 14 73 0.4567
7575 14 85 0.622
7593 14 76 0.4488
7593 14 83 0.6142
7612 14 71 0.4488
7612 14 82 0.6142
7612 28 62 0.4016
7612 28 65 0.4567
7631 14 77 0.4488
7631 14 80 0.6063
7650 14 70 0.4488
7650 14 79 0.6063
7650 28 63 0.4409
7650 28 67 0.4882
7668 14 75 0.4173
7668 14 82 0.5748
7687 14 79 0.4016
7687 14 83 0.5433
7706 14 75 0.378
7706 14 82 0.5039
7725 14 74 0.5039
7743 14 86 0.4567
7762 14 75 0.5827
7781 14 87 0.5354
7800 14 99 0.5276
7800 28 75 0.4016
7800 28 67 0.3622
7818 14 87 0.4409
7837 14 99 0.4961
7837 28 68 0.3622
7837 28 77 0.4016
7856 14 86 0.4567
7875 14 99 0.5039
7875 28 70 0.3937
7875 28 79 0.4488
7893 14 85 0.4803
7912 14 99 0.5354
7912 28 70 0.4016
7912 28 79 0.4567
7931 18 85 0.4882
7950 14 99 0.5354
7950 28 71 0.4016
7950 28 80 0.4567
7968 14 83 0.5512
7987 14 88 0.4173
7987 14 100 0.5827
7987 28 73 0.3937
7987 28 81 0.4488
8006 14 93 0.4173
8006 14 99 0.5669
8025 14 85 0.4094
8025 14 97 0.5512
8043 14 88 0.4016
8043 14 95 0.5433
8062 14 83 0.4016
8062 14 93 0.5433
8062 28 74 0.3701
8062 28 77 0.4094
8081 14 89 0.4016
8081 14 92 0.5354
8100 14 91 0.5512
8100 14 82 0.4016
8100 28 75 0.3701
8100 28 79 0.4094
8118 14 87 0.3937
8118 14 94 0.5039
8137 14 74 0.5039
8156 14 86 0.4567
8175 14 75 0.4567
8193 14 87 0.4567
8212 14 99 0.5276
8231 14 87 0.4882
8250 14 75 0.4961
8268 14 87 0.4488
8287 14 76 0.5039
8306 14 88 0.4724
8325 14 99 0.5354
8343 14 87 0.4961
8362 14 76 0.5197
8381 14 88 0.4803
8400 14 77 0.5433
8418 14 89 0.5039
8437 14 99 0.5669
8456 14 87 0.5039
8475 14 78 0.5354
8493 14 90 0.4961
8512 14 99 0.5906
8531 14 87 0.5433
8550 14 79 0.5669
8568 14 91 0.5276
8587 14 99 0.6142
8606 14 87 0.5433
8625 14 80 0.6142
8643 14 92 0.5748
8662 14 99 0.622
8681 14 81 0.622
8700 14 99 0.6299
8718 14 82 0.6378
8737 14 99 0.6378
8756 14 83 0.6457
8775 14 99 0.6614
8793 14 84 0.6614
8812 14 99 0.6693
8831 14 85 0.6772
8850 14 99 0.6929
8868 14 86 0.6929
8887 14 99 0.7008
8906 14 87 0.7087
8925 14 99 0.7087
8943 14 87 0.7165
8962 14 99 0.7244
8981 14 87 0.7087
9000 14 99 0.7165
9018 14 87 0.6929
9037 14 99 0.7165
9056 14 87 0.6693
9075 14 99 0.6299
9093 14 87 0.5354
9112 14 99 0.5433
9131 14 87 0.5354
9150 37 75 0.5197
9168 14 87 0.5354
9187 14 99 0.5354
9206 14 87 0.5354
9225 37 75 0.5197
9243 14 87 0.4882
9262 14 99 0.4882
9281 14 87 0.4882
9300 14 75 0.5354
9300 28 63 0.4331
9318 14 87 0.4882
9337 14 99 0.4173
9337 28 75 0.4803
9356 14 87 0.4173
9375 37 75 0.4882
9393 14 87 0.4173
9412 14 99 0.4173
9412 37 73 0.4488
9431 14 87 0.4173
9450 14 75 0.4173
9450 37 56 0.3701
9450 37 71 0.4724
9468 14 87 0.4173
9487 14 99 0.4173
9487 37 71 0.4409
9506 14 87 0.4331
9525 14 75 0.4488
9525 37 70 0.4488
9543 14 87 0.4488
9562 14 99 0.4724
9562 37 59 0.3307
9562 37 68 0.4724
9581 14 87 0.4724
9600 14 75 0.4803
9600 37 67 0.4724
9618 14 87 0.4882
9637 14 99 0.5039
9637 37 68 0.5039
9656 14 87 0.5039
9665 46 67 0.3937
9675 14 75 0.5276
9675 37 70 0.5433
9693 14 87 0.5276
9712 14 99 0.5276
9712 28 63 0.4724
9731 14 87 0.5197
9750 14 75 0.5197
9750 37 63 0.4724
9768 14 87 0.5039
9787 14 99 0.5039
9787 37 55 0.3858
9787 37 64 0.4961
9806 14 87 0.5039
9825 14 75 0.4961
9825 37 63 0.4567
9843 14 87 0.4961
9862 14 99 0.4803
9862 37 61 0.4567
9881 14 87 0.4803
9900 14 75 0.4803
9900 37 56 0.3858
9900 32 59 0.4803
9918 14 87 0.4803
9937 14 99 0.4803
9937 37 59 0.4409
9956 14 87 0.4567
9975 14 75 0.4567
9975 37 58 0.4331
9993 14 87 0.4488
10003 46 52 0.4016
10012 14 99 0.4173
10012 37 56 0.4803
10031 14 87 0.4173
10050 14 75 0.4094
10050 37 55 0.4409
10068 14 87 0.4016
10087 14 99 0.3937
10087 37 56 0.4173
10106 14 87 0.3858
10125 14 75 0.4173
10125 37 55 0.3543
10125 37 58 0.4409
10143 14 87 0.4173
10162 14 99 0.4173
10162 18 51 0.3937
10181 14 87 0.4173
10200 14 75 0.4173
10218 14 87 0.4173
10228 9 63 0.5039
10239 14 99 0.4173
10239 28 75 0.4961
10257 14 87 0.4173
10276 37 75 0.4882
10295 14 87 0.4173
10314 14 99 0.4173
10314 37 73 0.4488
10332 14 87 0.4173
10350 14 75 0.4173
10350 37 56 0.3701
10350 37 71 0.4724
10368 14 87 0.4173
10387 14 99 0.4173
10387 37 71 0.4409
10406 14 87 0.4331
10425 14 75 0.4488
10425 37 70 0.4488
10445 14 87 0.4488
10462 14 99 0.4724
10462 37 59 0.3307
10462 37 68 0.4724
10481 14 87 0.4724
10500 14 75 0.4803
10500 37 67 0.4724
10518 14 87 0.4882
10537 14 99 0.5039
10537 37 68 0.5039
10556 14 87 0.5039
10575 14 75 0.5276
10575 37 70 0.5433
10575 37 67 0.3543
10593 14 87 0.5276
10612 14 99 0.5276
10612 28 63 0.4724
10631 14 87 0.5197
10650 14 75 0.5197
10668 14 87 0.5039
10687 37 76 0.4724
10687 37 61 0.4016
10687 37 70 0.3937
10687 37 68 0.3543
10706 18 87 0.4724
10725 37 75 0.4409
10725 37 63 0.3858
10725 37 70 0.378
10725 37 68 0.3307
10743 18 87 0.4409
10762 37 73 0.4409
10762 37 64 0.3858
10762 37 70 0.378
10762 37 68 0.3307
10781 18 87 0.4409
10800 37 75 0.5197
10800 37 63 0.3858
10800 37 68 0.3858
10800 37 71 0.4409
10818 18 87 0.4724
10837 14 80 0.4724
10856 14 83 0.4724
10875 37 87 0.5276
10893 18 99 0.4724
10912 37 75 0.5197
10912 37 63 0.3701
10912 37 67 0.3701
10912 37 73 0.4094
10931 18 87 0.4724
10950 14 79 0.4724
10968 14 82 0.4724
10987 37 87 0.5276
11006 18 99 0.4724
11025 14 56 0.4567
11043 14 63 0.4173
11062 14 71 0.4173
11081 14 80 0.4173
11100 12 75 0.4331
11112 12 87 0.4331
11125 12 87 0.4331
11137 12 87 0.4567
11150 12 87 0.4567
11162 12 99 0.4567
11175 12 87 0.4567
11187 12 87 0.4567
11200 12 99 0.4567
11212 12 85 0.4567
11225 12 85 0.4567
11237 12 97 0.4567
11250 12 83 0.4803
11250 37 44 0.4803
11262 12 83 0.4803
11275 12 95 0.4803
11287 12 83 0.4724
11287 37 59 0.4409
11287 37 51 0.3858
11300 12 83 0.4724
11312 12 95 0.4724
11325 12 82 0.4567
11325 37 51 0.3858
11325 37 59 0.4409
11337 12 82 0.4567
11350 12 94 0.4567
11362 12 80 0.4724
11362 37 47 0.4803
11375 12 80 0.4724
11387 12 92 0.4724
11400 12 79 0.4567
11400 37 63 0.4409
11400 37 56 0.3858
11412 12 79 0.4567
11425 12 91 0.4567
11437 12 80 0.4567
11437 37 56 0.3858
11437 37 63 0.4409
11450 12 80 0.4567
11462 12 92 0.4567
11475 12 82 0.4724
11475 37 51 0.4803
11487 12 82 0.4724
11500 12 94 0.4724
11512 12 75 0.4409
11512 37 67 0.4173
11512 37 58 0.378
11525 12 75 0.4409
11537 12 87 0.4173
11550 12 75 0.4173
11550 37 67 0.4173
11550 37 58 0.378
11562 12 75 0.4173
11575 12 87 0.4173
11587 12 76 0.4409
11587 37 55 0.4409
11600 12 76 0.4409
11612 12 88 0.4409
11625 12 75 0.4173
11625 37 70 0.3937
11625 37 63 0.3543
11637 12 75 0.4173
11650 12 87 0.4173
11662 12 73 0.4173
11662 37 63 0.3543
11662 37 70 0.3937
11675 12 73 0.4173
11687 12 85 0.4173
11700 12 71 0.4409
11700 37 56 0.4173
11712 12 71 0.4409
11725 12 83 0.4409
11737 12 71 0.4173
11737 37 68 0.3858
11737 37 63 0.3465
11750 12 71 0.4173
11762 12 83 0.4173
11775 12 70 0.4173
11775 37 63 0.3465
11775 37 68 0.3858
11787 12 70 0.4173
11800 12 82 0.4173
11812 12 68 0.4331
11812 37 59 0.4331
11825 12 68 0.4331
11837 12 80 0.4331
11850 12 67 0.4173
11850 37 62 0.315
11850 37 65 0.3622
11862 12 67 0.4173
11875 12 79 0.4173
11887 12 68 0.4173
11887 37 62 0.315
11887 37 65 0.3622
11900 12 68 0.4173
11912 12 80 0.4173
11925 12 70 0.4409
11925 37 51 0.4094
11937 12 70 0.4409
11950 12 82 0.4409
11962 12 63 0.4173
11962 37 67 0.3307
11962 37 58 0.2992
11975 12 63 0.4173
11987 12 75 0.378
12000 12 75 0.3937
12012 12 75 0.3937
12025 12 75 0.3937
12037 12 87 0.4567
12050 12 87 0.4567
12062 12 99 0.4567
12075 12 87 0.4567
12087 12 87 0.4567
12100 12 99 0.4567
12112 12 85 0.4567
12125 12 85 0.4567
12137 12 97 0.4567
12150 12 83 0.4803
12150 37 44 0.4803
12162 12 83 0.4803
12175 12 95 0.4803
12187 12 83 0.4724
12187 37 59 0.4409
12187 37 51 0.3858
12200 12 83 0.4724
12212 12 95 0.4724
12225 12 82 0.4567
12225 37 51 0.3858
12225 37 59 0.4409
12237 12 82 0.4567
12250 12 94 0.4567
12262 12 80 0.4724
12262 37 47 0.4803
12275 12 80 0.4724
12287 12 92 0.4724
12300 12 79 0.4567
12300 37 63 0.4409
12300 37 56 0.3858
12312 12 79 0.4567
12325 12 91 0.4567
12337 12 80 0.4567
12337 37 56 0.3858
12337 37 63 0.4409
12350 12 80 0.4567
12362 12 92 0.4567
12375 12 82 0.4724
12375 37 51 0.4803
12387 12 82 0.4724
12400 12 94 0.4724
12412 12 75 0.4409
12412 28 67 0.3465
12412 28 58 0.3071
12425 12 75 0.4409
12437 12 87 0.4173
12450 12 75 0.4331
12450 28 67 0.315
12450 28 70 0.3622
12462 12 75 0.4331
12475 12 87 0.4331
12487 12 76 0.4567
12487 28 68 0.3307
12487 28 71 0.378
12500 12 76 0.4567
12512 12 88 0.4567
12525 12 75 0.4409
12525 28 66 0.3071
12525 28 70 0.3543
12537 12 75 0.4409
12550 12 87 0.4409
12562 12 73 0.4173
12562 28 64 0.3071
12562 28 68 0.3465
12575 12 73 0.4173
12587 12 85 0.4173
12600 12 75 0.4094
12600 37 68 0.3622
12600 37 63 0.3622
12600 37 71 0.4016
12612 12 75 0.4094
12625 12 87 0.4173
12637 12 76 0.4173
12650 12 76 0.4331
12662 12 87 0.4331
12675 12 77 0.4409
12687 12 77 0.4409
12700 12 87 0.4488
12712 12 78 0.4488
12725 12 78 0.4567
12737 12 87 0.4567
12750 12 79 0.4724
12762 12 79 0.4724
12775 12 87 0.4803
12787 12 80 0.4882
12800 12 80 0.4882
12812 12 87 0.4961
12825 12 81 0.4961
12825 37 67 0.4409
12825 37 61 0.3858
12825 37 51 0.3858
12837 12 81 0.4882
12850 12 87 0.4882
12862 12 82 0.4882
12875 12 82 0.4882
12887 12 87 0.4882
12900 12 83 0.4882
12912 12 83 0.4882
12925 12 87 0.4882
12937 12 84 0.4803
12950 12 84 0.4803
12962 12 87 0.4724
12975 12 85 0.4567
12987 12 85 0.4567
13000 12 87 0.4488
13012 12 86 0.4409
13025 12 86 0.4409
13037 12 87 0.4331
13050 12 87 0.4173
13050 37 68 0.3307
13050 37 59 0.2992
13050 37 51 0.2992
13050 37 44 0.2992
13062 12 87 0.4173
13075 12 99 0.4094
13087 12 88 0.4016
13100 12 88 0.4016
13112 12 99 0.3937
13125 12 89 0.3858
13137 12 89 0.3858
13150 12 99 0.378
13162 12 90 0.3622
13175 12 90 0.3622
13187 12 99 0.3543
13200 12 91 0.3465
13212 12 91 0.3465
13225 12 99 0.3307
13237 12 92 0.3228
13250 12 92 0.3228
13262 12 99 0.315
13350 37 71 0.3622
13350 18 68 0.3622
13368 18 70 0.378
13368 18 67 0.378
13387 14 71 0.3307
13387 14 69 0.3858
13387 14 66 0.3858
13406 14 71 0.3465
13406 14 68 0.3937
13406 14 65 0.3937
13425 14 71 0.3543
13425 14 67 0.4016
13425 14 64 0.4016
13443 14 71 0.3622
13443 14 66 0.4094
13443 14 63 0.4094
13462 14 71 0.378
13462 14 65 0.4173
13462 14 62 0.4173
13481 14 71 0.3858
13481 14 64 0.4331
13481 14 61 0.4331
13500 9 73 0.5039
13509 9 71 0.4409
13518 9 70 0.4409
13528 9 71 0.4409
13537 37 66 0.4724
13537 28 63 0.4331
13537 28 59 0.3858
13546 9 78 0.4409
13556 9 78 0.4409
13565 9 78 0.4409
13575 37 71 0.4724
13575 28 66 0.4331
13575 28 63 0.3858
13575 28 54 0.3858
13584 9 83 0.4409
13593 9 83 0.4409
13603 9 83 0.4409
13612 37 73 0.4724
13621 9 85 0.4488
13631 9 85 0.4488
13640 9 85 0.4488
13650 37 78 0.4724
13650 28 64 0.4094
13650 28 58 0.3701
13659 9 90 0.4488
13668 9 90 0.4488
13678 9 90 0.4488
13687 37 85 0.4803
13687 28 66 0.4094
13687 28 54 0.3701
13687 28 58 0.3701
13700 12 97 0.4567
13700 12 90 0.4567
13712 12 97 0.4724
13712 12 90 0.4724
13725 37 87 0.4961
13725 28 47 0.4409
13737 12 99 0.4803
13737 12 90 0.4803
13750 12 99 0.4803
13750 12 90 0.4803
13762 18 83 0.4724
13762 18 63 0.4016
13762 18 54 0.3622
13800 37 75 0.3622
13800 37 71 0.3622
13818 18 74 0.378
13837 14 75 0.3307
13837 14 73 0.3858
13837 14 70 0.3858
13856 14 75 0.3465
13856 14 72 0.3937
13856 14 69 0.3937
13875 14 75 0.3543
13875 14 71 0.4016
13875 14 68 0.4016
13893 14 75 0.3622
13893 14 70 0.4094
13893 14 67 0.4094
13912 14 75 0.378
13912 14 69 0.4173
13912 14 66 0.4173
13931 14 75 0.3858
13931 14 68 0.4331
13931 14 65 0.4331
13950 9 77 0.4961
13959 9 75 0.4409
13968 9 74 0.4409
13978 9 75 0.4409
13987 37 70 0.4724
13987 28 66 0.4331
13987 28 63 0.3858
13996 9 82 0.4409
14006 9 82 0.4409
14015 9 82 0.4409
14025 37 75 0.4724
14025 28 70 0.4331
14025 28 66 0.3858
14025 28 58 0.3858
14034 9 87 0.4409
14043 9 87 0.4409
14053 9 87 0.4409
14062 37 77 0.4724
14071 9 89 0.4488
14081 9 89 0.4488
14090 9 89 0.4488
14100 37 82 0.4724
14100 28 68 0.4094
14100 28 62 0.3701
14109 9 94 0.4488
14118 9 94 0.4488
14128 9 94 0.4488
14137 37 89 0.4803
14137 28 70 0.4094
14137 28 58 0.3701
14137 28 62 0.3701
14150 12 101 0.4567
14150 12 94 0.4567
14162 12 101 0.4724
14162 12 94 0.4724
14175 37 90 0.4961
14175 28 51 0.4409
14187 12 102 0.4803
14187 12 94 0.4803
14200 12 102 0.4803
14200 12 94 0.4803
14212 18 87 0.4724
14212 18 66 0.4016
14212 18 58 0.3622
14250 37 78 0.3622
14250 18 75 0.3622
14268 18 77 0.378
14268 18 74 0.3622
14287 14 78 0.3307
14287 14 76 0.3858
14287 14 73 0.3858
14306 14 78 0.3465
14306 14 75 0.3937
14306 14 72 0.3937
14325 14 78 0.3543
14325 14 74 0.4016
14325 14 71 0.4016
14343 14 78 0.3622
14343 14 73 0.4094
14343 14 70 0.4094
14362 14 78 0.378
14362 14 72 0.4173
14362 14 69 0.4173
14381 14 78 0.3858
14381 14 71 0.4331
14381 14 68 0.4331
14400 9 80 0.4961
14409 9 78 0.4409
14418 9 77 0.4409
14428 9 78 0.4409
14437 37 73 0.4724
14437 28 70 0.4331
14437 28 66 0.3858
14446 9 85 0.4409
14456 9 85 0.4409
14465 9 85 0.4409
14475 37 78 0.4724
14475 28 73 0.4331
14475 28 70 0.3858
14475 28 61 0.3858
14484 9 90 0.4409
14493 9 90 0.4409
14503 9 90 0.4409
14512 37 80 0.4724
14521 9 92 0.4488
14531 9 92 0.4488
14540 9 92 0.4488
14550 37 85 0.4724
14550 28 71 0.4094
14550 28 65 0.3701
14562 12 97 0.4724
14562 12 92 0.4724
14575 12 97 0.4724
14575 12 92 0.4724
14587 12 97 0.4803
14587 12 92 0.4803
14587 28 73 0.4094
14587 28 61 0.3701
14587 28 65 0.3701
14600 12 92 0.4567
14600 12 97 0.4567
14612 12 92 0.4724
14612 12 97 0.4724
14625 9 97 0.3543
14625 18 94 0.3543
14625 37 66 0.4882
14634 9 99 0.3543
14643 9 97 0.3465
14643 18 93 0.3465
14653 9 99 0.3307
14662 9 97 0.3307
14662 18 92 0.3307
14662 14 78 0.3858
14662 14 82 0.4331
14671 9 99 0.3228
14681 9 97 0.3228
14681 18 91 0.3228
14681 14 80 0.3858
14681 14 83 0.4331
14690 9 99 0.315
14700 9 97 0.3071
14700 37 90 0.3071
14700 28 82 0.4016
14700 28 85 0.4567
14709 9 99 0.3071
14718 9 97 0.2992
14728 9 99 0.2992
14737 9 95 0.3307
14737 18 92 0.3307
14737 37 59 0.4882
14746 9 97 0.3307
14756 9 95 0.3228
14756 18 91 0.3228
14765 9 97 0.3228
14775 9 95 0.315
14775 18 90 0.315
14775 14 80 0.4331
14775 14 71 0.3858
14784 9 97 0.315
14793 9 95 0.3071
14793 18 89 0.3071
14793 14 82 0.4331
14793 14 73 0.3858
14803 9 97 0.3071
14812 9 95 0.2992
14812 37 87 0.2992
14812 28 75 0.3937
14812 28 83 0.4488
14821 9 97 0.2992
14831 9 95 0.2913
14840 9 97 0.2913
14850 9 94 0.3307
14850 18 90 0.3307
14850 37 61 0.4882
14859 9 95 0.3307
14868 9 94 0.3228
14868 18 89 0.3228
14878 9 95 0.3228
14887 9 94 0.3228
14887 18 87 0.3228
14887 14 70 0.3858
14887 14 78 0.4331
14896 9 95 0.315
14906 9 94 0.315
14906 18 86 0.315
14906 14 71 0.3858
14906 14 80 0.4331
14915 9 95 0.3071
14925 9 94 0.3071
14925 37 85 0.3071
14925 28 73 0.4016
14925 28 82 0.4567
14934 9 95 0.2992
14943 9 94 0.2992
14953 9 95 0.2835
14962 9 92 0.3307
14962 18 89 0.3307
14962 37 61 0.4882
14971 9 94 0.3307
14981 9 92 0.3228
14981 18 87 0.3228
14990 9 94 0.315
15000 9 92 0.3071
15000 18 86 0.3071
15000 14 77 0.4331
15000 14 68 0.3858
15009 9 94 0.2992
15018 9 92 0.2913
15018 18 85 0.2913
15018 14 70 0.3858
15018 14 78 0.4331
15028 9 94 0.2835
15037 9 92 0.2835
15037 37 83 0.2835
15037 28 71 0.3937
15037 28 80 0.4488
15046 9 87 0.3228
15056 9 88 0.3465
15065 9 89 0.3622
15075 9 90 0.378
15075 37 82 0.5197
15075 37 73 0.4646
15075 37 66 0.4646
15084 9 92 0.378
15093 9 90 0.378
15103 9 92 0.378
15112 37 78 0.5197
15121 9 90 0.3937
15131 9 92 0.3937
15140 9 90 0.3937
15150 37 79 0.5276
15159 9 91 0.4173
15168 9 92 0.4173
15178 9 91 0.4173
15187 37 80 0.5512
15196 9 92 0.4488
15206 9 93 0.4488
15215 9 92 0.4409
15225 9 93 0.4409
15225 37 64 0.3622
15225 37 80 0.5039
15234 9 92 0.4331
15243 9 93 0.4331
15253 9 92 0.4173
15262 7 93 0.4173
15262 37 63 0.4016
15262 37 78 0.4961
15269 7 92 0.4094
15277 7 93 0.4094
15285 7 92 0.4016
15292 7 93 0.4016
15300 9 92 0.4016
15300 37 61 0.3858
15300 37 76 0.4803
15309 9 93 0.4016
15318 9 92 0.4016
15328 9 93 0.4016
15337 9 92 0.4488
15337 28 102 0.5354
15337 28 87 0.4882
15346 9 93 0.4488
15356 9 92 0.4488
15365 9 93 0.4488
15375 9 92 0.4173
15375 28 100 0.5276
15375 28 85 0.4882
15384 9 93 0.4173
15393 9 92 0.4173
15403 9 93 0.4173
15412 9 92 0.4488
15412 28 99 0.5354
15412 37 68 0.3307
15412 28 84 0.5197
15421 9 93 0.4488
15431 9 92 0.4488
15440 9 93 0.4488
15450 9 92 0.4173
15450 28 97 0.5039
15450 28 82 0.4882
15459 9 93 0.4173
15468 9 92 0.4173
15478 9 93 0.4094
15487 9 92 0.4094
15487 28 99 0.4882
15487 28 84 0.4724
15496 9 93 0.4094
15506 9 92 0.4016
15515 9 93 0.4016
15525 9 92 0.4094
15525 28 100 0.4961
15525 37 73 0.3465
15525 28 85 0.4488
15534 9 93 0.4094
15543 9 92 0.4016
15553 9 93 0.4016
15562 18 92 0.4488
15562 18 97 0.4488
15562 18 88 0.4173
15600 37 79 0.5276
15609 9 91 0.4173
15618 9 93 0.4173
15628 9 91 0.4173
15637 37 78 0.5512
15646 9 90 0.4488
15656 9 92 0.4488
15665 9 90 0.4409
15675 9 92 0.4409
15675 37 63 0.3622
15675 37 78 0.5039
15684 9 90 0.4331
15693 9 92 0.4331
15703 9 90 0.4173
15712 7 92 0.4173
15712 37 61 0.3622
15712 37 76 0.4961
15719 7 90 0.4094
15727 7 92 0.4094
15735 7 90 0.4016
15742 7 92 0.4016
15750 9 90 0.4016
15750 37 59 0.3858
15750 37 75 0.4803
15759 9 92 0.4016
15768 9 90 0.4016
15778 9 92 0.4016
15787 9 90 0.4488
15787 28 100 0.5354
15787 28 85 0.4882
15796 9 92 0.4488
15806 9 90 0.4488
15815 9 92 0.4488
15825 9 90 0.4173
15825 28 99 0.5276
15825 28 83 0.4882
15834 9 92 0.4173
15843 9 90 0.4173
15853 9 92 0.4173
15862 9 90 0.4488
15862 28 97 0.5354
15862 37 66 0.3307
15862 28 82 0.5197
15871 9 92 0.4488
15881 9 90 0.4488
15890 9 92 0.4488
15900 9 90 0.4173
15900 28 95 0.5039
15900 28 80 0.4882
15909 9 92 0.4173
15918 9 90 0.4173
15928 9 92 0.4094
15937 9 90 0.4094
15937 28 97 0.4882
15937 28 82 0.4724
15946 9 92 0.4094
15956 9 90 0.4016
15965 9 92 0.4016
15975 9 90 0.4094
15975 28 99 0.4961
15975 37 71 0.3465
15975 28 83 0.4488
15984 9 92 0.4094
15993 9 90 0.4094
16003 9 92 0.4094
16012 18 90 0.4488
16012 18 95 0.4488
16012 18 87 0.4173
16050 37 74 0.5039
16059 9 86 0.4173
16068 9 87 0.4173
16078 9 86 0.4173
16087 37 75 0.5039
16096 9 87 0.4488
16106 9 88 0.4409
16115 9 87 0.4409
16125 9 88 0.4331
16125 37 63 0.3543
16125 37 67 0.3543
16125 37 75 0.3937
16134 9 87 0.4331
16143 9 88 0.4173
16153 9 87 0.4173
16162 9 88 0.4094
16162 37 65 0.3307
16162 37 68 0.3307
16162 37 74 0.378
16171 9 87 0.4094
16181 9 88 0.4016
16190 9 87 0.4016
16200 37 67 0.3071
16200 37 70 0.3071
16200 37 73 0.3465
16200 7 88 0.378
16206 7 87 0.3858
16213 7 86 0.3937
16220 7 87 0.4016
16228 7 88 0.4094
16235 7 89 0.4173
16242 7 90 0.4331
16249 7 91 0.4409
16255 7 92 0.4488
16263 7 94 0.4567
16270 7 95 0.4803
16278 7 95 0.4882
16285 7 96 0.4961
16291 7 97 0.5039
16297 7 98 0.5197
16305 7 99 0.5276
16312 7 100 0.5354
16312 37 68 0.378
16312 37 71 0.378
16312 37 76 0.4173
16320 7 102 0.5276
16327 7 100 0.5276
16335 7 99 0.5197
16343 7 98 0.5039
16350 7 97 0.4961
16358 7 96 0.4882
16365 7 95 0.4803
16372 7 94 0.4724
16379 7 93 0.4567
16387 7 92 0.4488
16395 7 91 0.4409
16401 7 90 0.4331
16409 7 89 0.4173
16415 46 63 0.3465
16416 7 88 0.4094
16425 37 87 0.4094
16425 37 79 0.4331
16462 37 70 0.5039
16471 9 82 0.4173
16481 9 83 0.4173
16490 9 82 0.4173
16500 37 74 0.5039
16509 9 86 0.4173
16518 9 87 0.4173
16528 9 86 0.4173
16537 37 75 0.5039
16546 9 87 0.4488
16556 9 88 0.4409
16565 9 87 0.4409
16575 9 88 0.4331
16575 37 63 0.3543
16575 37 67 0.3543
16575 37 75 0.3937
16584 9 87 0.4331
16593 9 88 0.4173
16603 9 87 0.4173
16612 9 88 0.4094
16612 37 65 0.3307
16612 37 68 0.3307
16612 37 74 0.378
16621 9 87 0.4094
16631 9 88 0.4016
16640 9 87 0.4016
16650 37 67 0.3071
16650 37 70 0.3071
16650 37 73 0.3465
16650 7 88 0.378
16656 7 87 0.3858
16663 7 86 0.3937
16671 7 87 0.4016
16677 7 88 0.4094
16684 7 89 0.4173
16692 7 90 0.4331
16699 7 91 0.4409
16706 7 92 0.4488
16713 7 93 0.4567
16720 7 94 0.4803
16726 7 95 0.4882
16734 7 96 0.4961
16741 7 97 0.5039
16748 7 98 0.5197
16756 7 99 0.5276
16762 37 68 0.378
16762 37 71 0.378
16762 37 76 0.4173
16762 7 100 0.5354
16769 7 102 0.5276
16777 7 100 0.5276
16784 7 99 0.5197
16792 7 98 0.5039
16800 7 97 0.4961
16807 7 96 0.4882
16814 7 95 0.4803
16821 7 94 0.4724
16829 7 93 0.4567
16837 7 92 0.4488
16845 7 91 0.4409
16852 7 90 0.4331
16860 7 89 0.4173
16867 7 88 0.4094
16874 7 87 0.378
16875 37 79 0.3465
16875 37 70 0.3071
16875 37 73 0.3071
16881 6 88 0.378
16889 6 87 0.3858
16895 6 86 0.3937
16901 6 87 0.4016
16909 6 88 0.4094
16915 6 89 0.4173
16921 6 90 0.4331
16929 6 91 0.4409
16934 6 92 0.4488
16942 6 93 0.4567
16948 6 94 0.4803
16954 6 95 0.4882
16961 6 96 0.4961
16967 6 97 0.5039
16975 6 98 0.5197
16981 6 99 0.5276
16986 7 100 0.5354
16987 37 56 0.378
16987 37 71 0.4173
16995 7 102 0.5276
17003 7 100 0.5276
17010 7 99 0.5197
17017 7 98 0.5039
17024 7 97 0.4961
17032 7 96 0.4882
17039 7 95 0.4803
17046 7 94 0.4724
17055 7 93 0.4567
17062 7 92 0.4488
17069 7 91 0.4409
17077 7 90 0.4331
17085 7 89 0.4173
17092 7 88 0.4094
17100 37 51 0.3465
17100 37 67 0.3465
17100 7 87 0.378
17107 6 88 0.378
17114 6 87 0.3858
17120 6 86 0.3937
17127 6 87 0.4016
17134 6 88 0.4094
17139 6 89 0.4173
17146 6 90 0.4331
17153 6 91 0.4409
17159 6 92 0.4488
17165 6 93 0.4567
17173 6 94 0.4803
17180 6 95 0.4882
17186 6 96 0.4961
17192 6 97 0.5039
17199 6 98 0.5197
17205 6 99 0.5276
17212 37 44 0.5512
17212 37 59 0.5512
17213 9 100 0.5906
17221 9 102 0.5512
17231 9 100 0.5512
17240 9 99 0.5512
17250 9 98 0.5906
17259 9 99 0.5512
17269 9 98 0.5512
17278 9 97 0.5512
17287 9 96 0.5906
17297 9 97 0.5512
17306 9 96 0.5512
17315 9 95 0.5512
17325 9 94 0.5906
17335 9 95 0.5512
17342 9 94 0.5512
17353 9 93 0.5512
17362 9 92 0.5906
17371 9 93 0.5512
17381 9 92 0.5512
17390 9 91 0.5512
17400 9 90 0.5433
17409 9 91 0.5354
17419 9 90 0.5354
17427 9 89 0.5354
17438 9 88 0.5354
17446 9 90 0.5197
17455 9 88 0.5197
17466 9 87 0.5197
17474 9 86 0.5276
17485 9 87 0.4961
17493 9 86 0.4961
17502 9 85 0.4961
17511 9 84 0.5197
17522 9 85 0.4961
17531 9 84 0.4961
17540 9 83 0.4961
17550 9 82 0.5039
17559 9 83 0.4803
17568 9 82 0.4803
17577 9 81 0.4803
17586 9 80 0.4961
17596 9 81 0.4724
17606 9 80 0.4724
17616 9 79 0.4724
17624 9 78 0.4882
17633 9 79 0.4567
17643 9 78 0.4567
17652 9 77 0.4567
17661 9 76 0.4882
17671 9 78 0.4567
17681 9 76 0.4567
17690 9 75 0.4567
17700 9 74 0.4803
17708 9 75 0.4488
17718 9 74 0.4488
17727 9 73 0.4488
17737 9 72 0.4724
17746 9 73 0.4409
17756 9 72 0.4409
17765 9 71 0.4409
17775 9 70 0.4567
17784 9 71 0.4331
17793 9 70 0.4331
17802 9 69 0.4331
17812 9 68 0.4488
17822 9 69 0.4173
17831 9 68 0.4173
17841 9 67 0.4173
17849 9 66 0.4409
17859 9 67 0.4094
17868 9 66 0.4094
17868 56 43 0.3622
17878 46 58 0.3622
17878 9 65 0.4094
17887 9 64 0.4094
17887 37 61 0.4488
17897 9 62 0.4094
17905 9 64 0.4094
17915 9 63 0.4094
17924 9 65 0.4094
17934 9 64 0.4094
17944 9 66 0.4094
17952 9 65 0.4094
17963 9 67 0.4094
17971 9 66 0.4094
17980 9 68 0.4094
17991 9 67 0.4094
17999 9 69 0.4094
18008 9 68 0.4094
18018 9 70 0.4094
18028 9 69 0.4094
18037 9 71 0.4094
18046 9 70 0.4094
18056 9 72 0.4094
18065 9 71 0.4094
18075 9 73 0.4094
18085 9 72 0.4094
18093 9 74 0.4094
18103 9 73 0.4094
18112 9 75 0.4094
18121 9 74 0.4094
18130 9 76 0.4094
18141 9 75 0.4094
18150 9 77 0.3937
18160 9 76 0.3937
18168 9 78 0.4016
18177 9 77 0.4094
18187 9 79 0.4173
18197 9 78 0.4331
18206 9 80 0.4331
18215 9 79 0.4409
18225 9 81 0.4488
18233 9 80 0.4567
18244 9 82 0.4724
18253 9 81 0.4724
18262 9 83 0.4803
18272 9 82 0.4882
18281 9 84 0.4961
18290 9 83 0.5039
18300 9 85 0.5039
18310 9 84 0.5197
18319 9 86 0.5276
18328 9 85 0.5354
18337 9 87 0.5433
18346 9 86 0.5512
18356 9 88 0.5512
18366 9 87 0.5669
18374 9 89 0.5748
18384 9 88 0.5827
18393 9 90 0.5906
18402 9 89 0.5906
18411 9 91 0.6063
18422 9 90 0.6142
18431 9 92 0.622
18441 9 91 0.6299
18449 9 93 0.6299
18459 9 92 0.6378
18467 9 94 0.6457
18477 9 93 0.6614
18487 9 95 0.6693
18497 9 94 0.6772
18506 9 96 0.6772
18515 9 95 0.6929
18524 9 97 0.7008
18534 9 96 0.7087
18543 9 98 0.7165
18553 9 97 0.7165
18561 9 99 0.7323
18571 9 98 0.6772
18581 9 100 0.7323
18590 9 98 0.6772
18600 9 99 0.7323
18610 9 98 0.6929
18619 9 100 0.7323
18628 9 98 0.6929
18637 9 99 0.7323
18647 9 98 0.6929
18655 9 100 0.7323
18664 9 98 0.6929
18675 9 99 0.7087
18684 9 98 0.6614
18693 9 100 0.6693
18703 9 98 0.6299
18711 9 99 0.6378
18722 9 98 0.6457
18731 9 100 0.6457
18740 9 98 0.6457
18749 9 99 0.622
18759 9 98 0.6142
18768 9 100 0.5906
18777 9 98 0.5748
18788 9 100 0.5354
18797 9 99 0.5354
18806 9 100 0.5354
18815 9 99 0.5354
18825 9 100 0.5354
18834 9 99 0.5433
18843 9 100 0.5748
18853 9 99 0.5906
18862 9 100 0.622
18871 9 99 0.6378
18881 9 100 0.6614
18890 9 99 0.6929
18900 9 100 0.7087
18909 9 99 0.7244
18917 9 100 0.7402
18928 9 99 0.7795
18936 9 100 0.7953
18947 9 99 0.7874
18956 9 100 0.8189
18965 9 99 0.811
18975 9 100 0.8425
18984 9 99 0.8189
18993 9 100 0.8661
19003 9 99 0.8268
19012 9 100 0.874
19021 9 99 0.811
19032 9 100 0.874
19040 9 99 0.811
19049 9 100 0.874
19059 9 99 0.874
19068 9 100 0.874
19078 9 99 0.8268
19088 9 100 0.874
19097 9 99 0.8189
19105 9 100 0.874
19115 9 99 0.8189
19124 9 100 0.874
19134 9 99 0.811
19143 9 100 0.8346
19153 9 99 0.811
19163 9 100 0.7874
19172 9 99 0.7559
19181 9 100 0.7244
19191 9 99 0.6929
19199 9 100 0.6614
19208 9 99 0.6299
19219 9 100 0.6063
19228 9 99 0.5748
19237 9 100 0.5197
19246 9 99 0.4724
19255 9 100 0.5039
19265 9 99 0.4961
19274 9 100 0.4961
19284 9 99 0.4646
19293 9 100 0.4882
19303 9 99 0.4567
19312 28 75 0.4724
19312 9 100 0.4173
19322 9 99 0.3858
19331 9 100 0.4094
19340 9 99 0.3858
19350 37 87 0.5039
19350 9 99 0.4094
19360 9 100 0.3937
19368 9 99 0.4094
19378 9 100 0.378
19387 9 99 0.4094
19387 37 87 0.5039
19396 9 100 0.3858
19406 9 99 0.4094
19414 9 100 0.3937
19424 18 87 0.4094
19425 37 85 0.4724
19425 9 99 0.4094
19434 9 100 0.4094
19443 9 99 0.4094
19452 9 100 0.3858
19461 9 99 0.4094
19462 18 87 0.2598
19462 37 68 0.2992
19462 37 83 0.4961
19472 9 100 0.3858
19480 9 99 0.4094
19490 9 100 0.3858
19500 37 83 0.4409
19500 18 87 0.2598
19500 9 99 0.4094
19509 9 100 0.3858
19519 9 99 0.4094
19528 9 100 0.4094
19537 18 87 0.2598
19537 37 82 0.4488
19538 9 99 0.4094
19546 9 100 0.3858
19556 9 99 0.4094
19565 9 100 0.3937
19574 18 87 0.2598
19575 9 99 0.4094
19575 37 71 0.2913
19575 37 80 0.4409
19585 9 100 0.3858
19592 9 99 0.4094
19602 9 100 0.3937
19612 9 99 0.4094
19612 18 87 0.2598
19612 37 79 0.4724
19621 9 100 0.3858
19630 9 99 0.4094
19641 9 100 0.3858
19649 9 99 0.4094
19649 18 87 0.2598
19650 37 80 0.4724
19658 9 100 0.3858
19669 9 99 0.4173
19677 9 100 0.3858
19686 18 87 0.2677
19686 9 99 0.4173
19687 37 79 0.3937
19687 37 82 0.4961
19696 9 100 0.378
19707 9 99 0.4173
19715 9 100 0.3858
19724 18 87 0.2677
19725 28 75 0.4409
19725 9 99 0.4173
19735 9 100 0.3937
19743 9 99 0.4173
19753 9 100 0.378
19762 9 99 0.4173
19762 37 75 0.4173
19762 18 87 0.2598
19771 9 100 0.3937
19780 9 99 0.4173
19790 9 100 0.3937
19799 9 99 0.4173
19800 37 67 0.2756
19800 37 70 0.2756
19800 37 76 0.4488
19800 18 87 0.2598
19808 9 100 0.4173
19818 9 99 0.4173
19827 9 100 0.3937
19837 37 75 0.3858
19837 18 87 0.2598
19838 9 99 0.4094
19846 9 100 0.3858
19856 9 99 0.4094
19864 9 100 0.3858
19875 28 73 0.378
19875 9 99 0.4094
19875 18 87 0.2598
19884 9 100 0.378
19893 9 99 0.4094
19902 9 100 0.3937
19912 18 87 0.2598
19912 9 99 0.4094
19912 37 68 0.2913
19912 37 71 0.4331
19921 9 100 0.3858
19931 9 99 0.4094
19939 9 100 0.378
19950 37 68 0.2677
19950 37 71 0.4094
19950 18 87 0.2598
19950 9 99 0.4016
19958 9 100 0.378
19969 9 99 0.4016
19978 9 100 0.378
19987 37 66 0.2677
19987 37 70 0.4094
19987 18 87 0.2441
19987 9 99 0.3937
19996 9 100 0.3701
20006 9 99 0.3937
20015 9 100 0.3622
20025 37 64 0.2992
20025 37 68 0.4016
20025 18 87 0.2441
20025 9 99 0.3858
20034 9 100 0.3543
20042 9 99 0.3858
20053 9 100 0.3622
20062 37 67 0.3622
20062 18 87 0.2362
20062 9 99 0.3858
20071 9 100 0.3543
20081 9 99 0.378
20091 9 100 0.3465
20099 18 87 0.2362
20099 9 99 0.378
20100 37 68 0.3622
20108 9 100 0.3465
20119 9 99 0.3622
20128 9 100 0.3228
20137 18 87 0.2205
20137 37 67 0.2598
20137 37 70 0.378
20138 9 99 0.3858
20146 9 100 0.3543
20156 9 99 0.3937
20165 9 100 0.3543
20174 18 87 0.2205
20174 9 99 0.3937
20175 37 63 0.3543
20184 9 100 0.3701
20194 9 99 0.3937
20202 9 100 0.3622
20212 9 99 0.4094
20213 18 87 0.2205
20221 9 100 0.378
20231 9 99 0.4094
20240 9 100 0.3858
20240 9 63 0.4961
20250 28 75 0.4961
20250 9 99 0.4094
20250 18 87 0.2598
20260 9 100 0.378
20268 9 99 0.4094
20278 9 100 0.378
20286 18 87 0.2598
20287 28 75 0.4567
20287 9 99 0.4094
20296 9 100 0.378
20306 9 99 0.4094
20315 9 100 0.378
20324 9 99 0.4094
20325 37 73 0.4488
20325 18 87 0.2598
20333 9 100 0.378
20343 9 99 0.4094
20352 9 100 0.378
20362 9 99 0.3858
20362 37 56 0.3701
20362 37 71 0.4724
20371 9 100 0.4331
20381 9 99 0.4331
20390 9 87 0.4331
20400 9 87 0.3543
20400 37 71 0.4409
20409 9 88 0.3543
20418 9 87 0.3543
20428 9 75 0.3543
20437 12 87 0.3543
20437 37 70 0.4488
20450 12 88 0.3543
20462 12 87 0.3543
20475 9 99 0.4173
20475 37 59 0.3307
20475 37 68 0.4724
20484 9 100 0.4173
20493 9 99 0.4173
20503 9 87 0.4173
20512 9 87 0.3622
20512 37 67 0.4409
20521 9 88 0.3543
20531 9 87 0.3543
20540 9 75 0.3543
20550 12 87 0.3543
20550 37 68 0.4488
20562 12 88 0.3543
20575 12 87 0.3543
20587 9 99 0.4331
20587 37 67 0.3858
20587 37 70 0.5197
20596 9 100 0.4331
20606 9 99 0.4331
20615 9 87 0.4331
20625 9 87 0.3543
20625 28 63 0.4724
20634 9 88 0.3543
20643 9 87 0.3543
20653 9 75 0.3543
20662 12 87 0.3543
20662 28 63 0.4724
20675 12 88 0.3543
20687 12 87 0.3543
20700 9 99 0.4173
20700 37 68 0.3937
20700 37 59 0.4016
20709 9 100 0.4173
20718 9 99 0.4173
20728 9 87 0.4173
20737 9 87 0.3622
20737 37 66 0.378
20737 37 60 0.3858
20746 9 88 0.3622
20756 9 87 0.3622
20765 9 75 0.3622
20775 12 87 0.3622
20775 37 64 0.4331
20775 37 61 0.3307
20787 12 88 0.3622
20800 12 87 0.3622
20812 9 99 0.3937
20812 37 63 0.5197
20821 9 100 0.3937
20831 9 99 0.3937
20840 9 87 0.3937
20850 18 80 0.3937
20850 18 71 0.3937
20868 18 75 0.3622
20868 18 83 0.3622
20887 28 87 0.4094
20887 28 80 0.4094
20925 9 99 0.3937
20925 37 63 0.4567
20934 9 100 0.3858
20943 9 99 0.3858
20953 9 87 0.3858
20962 18 79 0.3543
20962 18 70 0.3543
20981 18 82 0.315
20981 18 73 0.315
21000 28 87 0.3543
21000 28 79 0.3543
21037 37 56 0.4567
21056 9 63 0.3543
21065 9 71 0.3543
21075 18 80 0.4094
21112 37 75 0.4724
21121 9 87 0.378
21131 9 88 0.378
21140 9 87 0.378
21150 37 87 0.5276
21159 9 99 0.4094
21168 9 100 0.4094
21178 9 99 0.4094
21187 37 87 0.5276
21196 9 99 0.3858
21206 9 100 0.3858
21215 9 99 0.3858
21225 37 85 0.4882
21234 9 97 0.3858
21243 9 99 0.3858
21253 9 97 0.3937
21262 37 83 0.5197
21262 37 32 0.3858
21262 37 44 0.4409
21271 9 95 0.3937
21281 9 97 0.3937
21290 9 95 0.4094
21300 37 83 0.4803
21300 37 51 0.3465
21300 37 63 0.3858
21300 37 59 0.3465
21309 9 95 0.3543
21318 9 97 0.3622
21328 9 95 0.3622
21337 37 82 0.4882
21337 37 63 0.3858
21337 37 59 0.3465
21337 37 56 0.3465
21346 9 94 0.3543
21356 9 95 0.3543
21365 9 94 0.3622
21375 37 80 0.5197
21375 37 35 0.378
21375 37 47 0.4173
21384 9 92 0.3622
21393 9 94 0.3622
21403 9 92 0.3622
21412 37 79 0.5197
21412 37 63 0.3858
21412 37 59 0.3465
21412 37 51 0.3465
21421 9 91 0.3622
21431 9 92 0.3622
21440 9 91 0.3622
21450 37 80 0.5512
21450 37 63 0.3858
21450 37 59 0.3465
21450 37 56 0.3465
21459 9 92 0.378
21468 9 94 0.378
21478 9 92 0.3858
21487 37 82 0.5906
21487 37 39 0.3858
21487 37 51 0.4331
21496 9 94 0.4488
21506 9 95 0.4488
21515 9 94 0.4488
21525 28 75 0.5197
21525 37 67 0.3858
21525 37 63 0.3465
21525 37 55 0.3465
21534 9 87 0.3858
21543 9 88 0.3858
21553 9 87 0.3858
21562 37 75 0.5197
21562 37 67 0.3858
21562 37 63 0.3465
21562 37 58 0.3465
21571 9 87 0.3858
21581 9 88 0.3858
21590 9 87 0.3937
21600 37 76 0.5433
21600 37 43 0.4488
21609 9 88 0.3937
21618 9 90 0.3937
21628 9 88 0.3937
21637 37 75 0.4961
21637 37 61 0.3307
21637 37 63 0.3307
21637 37 70 0.378
21646 9 87 0.378
21656 9 88 0.378
21665 9 87 0.378
21675 37 73 0.4961
21675 37 58 0.3307
21675 37 63 0.3307
21675 37 70 0.378
21684 9 85 0.378
21693 9 87 0.378
21703 9 85 0.378
21712 32 71 0.5276
21712 37 44 0.4173
21721 9 83 0.378
21731 9 85 0.378
21740 9 83 0.378
21750 37 71 0.4803
21750 37 68 0.3543
21750 37 63 0.3071
21759 9 83 0.3465
21768 9 85 0.3465
21778 9 83 0.3465
21787 37 70 0.4724
21787 37 63 0.3543
21787 37 59 0.3071
21796 9 82 0.3622
21806 9 83 0.3622
21815 9 82 0.378
21825 37 68 0.5276
21825 37 40 0.4094
21834 9 80 0.3937
21843 9 82 0.4094
21853 9 80 0.4094
21862 37 67 0.4803
21862 37 62 0.3307
21862 37 59 0.2992
21871 9 79 0.378
21881 9 80 0.378
21890 9 79 0.378
21900 37 68 0.4567
21900 37 62 0.3307
21900 37 58 0.2992
21909 9 80 0.3622
21918 9 82 0.3622
21928 9 80 0.3622
21937 37 70 0.4803
21937 37 39 0.378
21946 9 82 0.378
21956 9 83 0.378
21965 9 82 0.378
21975 18 63 0.4331
21975 37 55 0.2992
21975 37 58 0.3307
21984 9 75 0.3307
21993 9 76 0.3307
22003 9 75 0.3307
22012 37 75 0.5197
22012 37 70 0.3228
22012 37 67 0.2913
22021 9 87 0.378
22031 9 88 0.378
22040 9 87 0.378
22050 37 87 0.5669
22050 37 82 0.378
22050 37 79 0.3307
22059 9 99 0.4567
22068 9 100 0.4567
22078 9 99 0.4567
22087 37 87 0.5512
22096 9 99 0.4331
22106 9 100 0.4331
22115 9 99 0.4331
22125 37 85 0.5512
22134 9 97 0.4331
22143 9 99 0.4331
22153 9 97 0.4331
22162 37 84 0.5433
22162 37 44 0.378
22171 9 96 0.4409
22181 9 97 0.4409
22190 9 96 0.4409
22200 37 84 0.5276
22200 37 66 0.3543
22200 37 63 0.3071
22200 37 57 0.3071
22209 9 96 0.4173
22218 9 97 0.4173
22228 9 96 0.4173
22237 37 81 0.5197
22237 37 60 0.3071
22237 37 63 0.3071
22237 37 66 0.3543
22246 9 93 0.4094
22256 9 95 0.4094
22265 9 93 0.4094
22275 37 80 0.5433
22275 37 48 0.378
22284 9 92 0.4094
22293 9 93 0.4094
22303 9 92 0.4094
22312 37 80 0.5197
22312 37 66 0.3543
22312 37 63 0.3071
22312 37 57 0.3071
22321 9 92 0.4016
22331 9 93 0.4016
22340 9 92 0.4016
22350 37 78 0.5039
22350 37 60 0.3071
22350 37 63 0.3071
22350 37 66 0.3543
22359 9 90 0.3622
22368 9 92 0.3622
22378 9 90 0.3622
22387 37 76 0.4882
22387 37 52 0.378
22396 9 88 0.3858
22406 9 90 0.3858
22415 9 88 0.3858
22425 37 73 0.4488
22425 37 64 0.2835
22425 37 69 0.315
22434 9 85 0.3543
22443 9 87 0.3543
22453 9 85 0.3543
22462 37 75 0.4724
22462 37 60 0.3071
22462 37 69 0.3543
22471 9 87 0.3622
22481 9 88 0.3622
22490 9 87 0.3622
22500 37 76 0.4882
22500 37 61 0.3465
22500 37 69 0.3858
22509 9 88 0.3937
22518 9 90 0.3937
22528 9 88 0.3937
22537 37 75 0.4567
22537 37 66 0.2992
22537 37 69 0.3307
22546 9 87 0.3543
22556 9 88 0.3543
22565 9 87 0.3543
22575 37 73 0.4331
22575 37 64 0.2835
22575 37 69 0.315
22584 9 85 0.3307
22593 9 87 0.3307
22603 9 85 0.3307
22611 9 75 0.378
22612 37 71 0.3858
22612 37 68 0.3465
22612 37 63 0.3465
22622 9 87 0.378
22631 9 76 0.3858
22641 9 77 0.3858
22649 9 78 0.3937
22659 9 79 0.3937
22669 9 80 0.4016
22678 9 81 0.4016
22688 9 82 0.4094
22696 9 83 0.4173
22707 9 84 0.4173
22715 9 85 0.4331
22724 9 86 0.4331
22734 9 87 0.4409
22743 9 88 0.4409
22752 9 89 0.4488
22763 9 90 0.4567
22771 9 91 0.4567
22781 9 92 0.4724
22790 9 93 0.4724
22799 9 94 0.4803
22809 9 95 0.4803
22818 9 96 0.4882
22827 9 97 0.4961
22837 37 67 0.4094
22837 37 61 0.3701
22837 37 51 0.3701
22837 10 97 0.5039
22847 10 99 0.5197
22858 10 102 0.5512
22869 10 100 0.5433
22879 10 97 0.5354
22889 10 94 0.5276
22899 10 91 0.5039
22909 10 86 0.4961
22920 10 87 0.4882
22930 10 90 0.5354
22940 10 88 0.5276
22951 10 85 0.5197
22960 10 82 0.5039
22971 10 79 0.5276
22981 10 76 0.4882
22992 10 73 0.4724
23001 10 70 0.4488
23011 10 67 0.4331
23022 10 64 0.4173
23032 10 61 0.4016
23042 10 58 0.3858
23053 10 55 0.3622
23062 12 44 0.3622
23075 12 47 0.3622
23087 12 56 0.3622
23100 12 59 0.3622
23112 12 63 0.3622
23125 12 68 0.3622
23137 12 71 0.3622
23150 12 75 0.3622
23162 12 80 0.3622
23175 12 83 0.3622
23187 12 87 0.3622
23200 12 95 0.3937
23212 37 92 0.3543
23268 14 83 0.3307
23268 14 71 0.3307
23268 14 68 0.2913
23287 14 83 0.3622
23287 14 71 0.3622
23287 14 67 0.315
23287 14 70 0.315
23306 14 83 0.3937
23306 14 71 0.3937
23306 14 66 0.3307
23306 14 69 0.3307
23325 14 83 0.4173
23325 14 71 0.4173
23325 14 65 0.3622
23325 14 68 0.3622
23343 14 83 0.4488
23343 14 71 0.4488
23343 14 64 0.3937
23343 14 67 0.3937
23362 14 83 0.5827
23362 14 47 0.4173
23381 14 66 0.4331
23381 14 63 0.2992
23400 14 71 0.4409
23400 14 78 0.5276
23400 14 54 0.2835
23400 14 59 0.3858
23418 14 66 0.4331
23418 14 63 0.2992
23437 14 83 0.5669
23437 14 47 0.3858
23456 14 66 0.4331
23456 14 63 0.2992
23475 14 85 0.622
23475 14 42 0.4016
23493 14 66 0.4331
23493 14 64 0.2913
23512 14 73 0.4803
23512 14 78 0.5669
23512 14 54 0.2992
23512 14 58 0.4016
23531 14 66 0.4331
23531 14 64 0.315
23550 14 85 0.6142
23550 14 42 0.4094
23568 14 66 0.4409
23568 14 64 0.315
23587 18 87 0.6457
23587 18 47 0.4173
23606 14 66 0.5276
23606 14 63 0.3465
23625 14 75 0.5276
23625 14 54 0.3465
23643 14 83 0.5197
23643 14 47 0.3307
23662 14 87 0.5039
23662 14 42 0.3228
23681 14 95 0.5433
23681 14 35 0.3228
23718 14 87 0.3307
23718 14 75 0.3307
23718 14 71 0.2913
23737 14 87 0.3622
23737 14 75 0.3622
23737 14 71 0.315
23737 14 74 0.315
23756 14 87 0.3937
23756 14 75 0.3937
23756 14 70 0.3307
23756 14 73 0.3307
23775 14 87 0.4173
23775 14 75 0.4173
23775 14 69 0.3622
23775 14 72 0.3622
23793 14 87 0.4488
23793 14 75 0.4488
23793 14 68 0.3937
23793 14 71 0.3937
23812 14 87 0.6142
23812 14 51 0.4173
23831 14 70 0.4331
23831 14 66 0.2992
23850 14 75 0.4409
23850 14 82 0.5276
23850 14 58 0.2835
23850 14 63 0.3858
23868 14 70 0.4331
23868 14 66 0.2992
23887 14 87 0.6142
23887 14 51 0.3858
23906 14 70 0.4331
23906 14 66 0.2992
23925 14 89 0.6693
23925 14 46 0.4016
23943 14 70 0.4331
23943 14 68 0.2913
23962 14 77 0.4803
23962 14 82 0.5669
23962 14 58 0.2992
23962 14 62 0.4016
23981 14 70 0.4331
23981 14 68 0.315
24000 14 89 0.6299
24000 14 46 0.4094
24018 14 70 0.4409
24018 14 68 0.315
24037 18 90 0.6929
24037 18 51 0.4173
24056 14 70 0.5276
24056 14 66 0.3465
24075 14 78 0.5276
24075 14 58 0.3465
24093 14 87 0.5197
24093 14 51 0.3307
24112 14 90 0.5197
24112 14 46 0.3307
24131 14 99 0.5433
24131 14 39 0.3228
24168 14 90 0.3307
24168 14 78 0.3307
24168 14 75 0.2913
24187 14 90 0.3622
24187 14 78 0.3622
24187 14 74 0.315
24187 14 77 0.315
24206 14 90 0.3937
24206 14 78 0.3937
24206 14 73 0.3307
24206 14 76 0.3307
24225 14 90 0.4173
24225 14 78 0.4173
24225 14 72 0.3622
24225 14 75 0.3622
24243 14 90 0.4488
24243 14 78 0.4488
24243 14 71 0.3937
24243 14 74 0.3937
24262 14 90 0.6142
24262 14 54 0.4173
24281 14 73 0.4331
24281 14 70 0.2992
24300 14 78 0.4409
24300 14 85 0.5276
24300 14 61 0.2835
24300 14 66 0.3858
24318 14 73 0.4331
24318 14 70 0.2992
24337 14 90 0.6142
24337 14 54 0.3858
24356 14 73 0.4331
24356 14 70 0.2992
24375 14 92 0.6693
24375 14 49 0.4016
24393 14 73 0.4331
24393 14 71 0.2913
24412 14 80 0.4803
24412 14 85 0.5669
24412 14 61 0.2992
24412 14 65 0.4016
24431 14 73 0.4331
24431 14 71 0.315
24450 14 92 0.6299
24450 14 49 0.4094
24468 14 73 0.4409
24468 14 71 0.315
24487 18 94 0.3858
24487 18 90 0.3858
24487 18 85 0.3858
24487 37 54 0.4094
24506 18 95 0.4173
24506 18 92 0.4173
24506 18 85 0.4173
24525 18 97 0.4567
24525 18 94 0.4567
24525 18 85 0.4567
24525 14 61 0.4016
24543 18 97 0.4567
24543 18 94 0.4567
24543 18 85 0.4567
24543 14 70 0.3937
24562 18 95 0.4409
24562 18 92 0.4409
24562 18 85 0.4409
24562 14 78 0.378
24581 18 94 0.4173
24581 18 90 0.4173
24581 18 85 0.4173
24581 14 82 0.3622
24600 18 92 0.4094
24600 18 87 0.4094
24600 18 83 0.4094
24600 37 47 0.3543
24618 18 94 0.4409
24618 18 87 0.4409
24618 18 85 0.4409
24637 18 87 0.4803
24637 18 95 0.4803
24637 14 59 0.378
24656 18 95 0.4803
24656 18 87 0.4803
24656 14 68 0.3622
24675 18 94 0.4173
24675 18 87 0.4173
24675 18 85 0.4173
24675 14 75 0.3622
24693 18 92 0.4016
24693 18 87 0.4016
24693 18 83 0.4016
24693 14 80 0.3543
24712 18 90 0.3937
24712 18 85 0.3937
24712 18 82 0.3937
24712 37 49 0.4016
24731 18 83 0.4173
24731 18 85 0.4173
24731 18 92 0.4173
24750 18 94 0.4567
24750 18 85 0.4567
24750 14 58 0.378
24768 18 85 0.4567
24768 18 94 0.4567
24768 14 66 0.3622
24787 18 85 0.4331
24787 18 83 0.4331
24787 18 92 0.4331
24787 14 73 0.3543
24806 18 90 0.4094
24806 18 85 0.4094
24806 18 82 0.4094
24806 14 78 0.3307
24825 18 80 0.4016
24825 18 85 0.4016
24825 18 89 0.4016
24825 37 61 0.4173
24843 18 90 0.4094
24843 18 85 0.4094
24843 18 82 0.4094
24862 18 83 0.4409
24862 18 85 0.4409
24862 18 92 0.4409
24862 14 77 0.378
24881 18 83 0.4409
24881 18 85 0.4409
24881 18 92 0.4409
24881 14 68 0.3622
24900 18 78 0.4173
24900 18 87 0.4173
24900 18 85 0.4173
24900 14 61 0.3543
24918 18 89 0.4016
24918 18 85 0.4016
24918 18 80 0.4016
24918 14 71 0.3465
24937 37 90 0.4409
24937 37 85 0.4409
24937 37 78 0.4409
24937 37 66 0.4094
24937 37 70 0.4094
24975 18 42 0.5354
24975 18 54 0.5354
24993 18 42 0.5669
24993 18 54 0.5669
25012 18 43 0.5827
25012 18 55 0.5827
25031 18 43 0.6142
25031 18 55 0.6142
25050 18 44 0.622
25050 18 56 0.622
25068 18 44 0.622
25068 18 56 0.622
25087 18 56 0.5669
25087 18 68 0.5669
25106 18 56 0.5669
25106 18 68 0.5669
25125 18 68 0.5669
25125 18 80 0.5669
25143 18 68 0.5669
25143 18 80 0.5669
25162 37 80 0.622
25162 37 92 0.622
25200 18 90 0.4016
25200 18 102 0.4016
25200 37 75 0.4724
25200 18 80 0.4724
25218 18 102 0.4016
25218 18 90 0.4016
25218 18 80 0.378
25237 18 88 0.4016
25237 18 100 0.4016
25237 37 73 0.378
25237 18 80 0.378
25256 18 100 0.4016
25256 18 88 0.4016
25256 18 80 0.378
25275 18 99 0.4016
25275 18 87 0.4016
25275 37 72 0.378
25275 18 80 0.378
25293 18 87 0.4016
25293 18 99 0.4016
25293 18 80 0.378
25312 18 85 0.3937
25312 18 97 0.3937
25312 37 70 0.378
25312 18 80 0.378
25331 18 97 0.3937
25331 18 85 0.3937
25331 18 80 0.378
25350 18 99 0.3937
25350 18 87 0.3937
25350 37 72 0.378
25350 18 80 0.378
25368 18 99 0.3937
25368 18 87 0.3937
25368 18 80 0.378
25387 37 100 0.4173
25387 37 88 0.4173
25387 37 73 0.4094
25387 37 80 0.4094
25425 18 44 0.5354
25425 18 56 0.5354
25443 18 44 0.5669
25443 18 56 0.5669
25462 18 43 0.5827
25462 18 55 0.5827
25481 18 43 0.6142
25481 18 55 0.6142
25500 18 42 0.622
25500 18 54 0.622
25518 18 42 0.622
25518 18 54 0.622
25537 18 54 0.5669
25537 18 66 0.5669
25556 18 54 0.5669
25556 18 66 0.5669
25575 18 66 0.5669
25575 18 78 0.5669
25593 18 66 0.5669
25593 18 78 0.5669
25612 37 78 0.622
25612 37 90 0.622
25650 18 88 0.4016
25650 18 100 0.4016
25650 37 73 0.4724
25650 18 78 0.4724
25668 18 100 0.4016
25668 18 88 0.4016
25668 18 78 0.378
25687 18 87 0.4016
25687 18 99 0.4016
25687 37 71 0.378
25687 18 78 0.378
25706 18 99 0.4016
25706 18 87 0.4016
25706 18 78 0.378
25725 18 97 0.4016
25725 18 85 0.4016
25725 37 70 0.378
25725 18 78 0.378
25743 18 85 0.4016
25743 18 97 0.4016
25743 18 78 0.378
25762 18 83 0.3937
25762 18 95 0.3937
25762 37 68 0.378
25762 18 78 0.378
25781 18 95 0.3937
25781 18 83 0.3937
25781 18 78 0.378
25800 18 97 0.3937
25800 18 85 0.3937
25800 37 70 0.378
25800 18 78 0.378
25818 18 97 0.3937
25818 18 85 0.3937
25818 18 78 0.378
25837 37 99 0.4173
25837 37 87 0.4173
25837 37 71 0.4094
25837 37 78 0.4094
25875 18 41 0.5512
25875 18 53 0.5512
25893 18 41 0.5748
25893 18 53 0.5748
25912 18 40 0.5906
25912 18 52 0.5906
25931 18 40 0.6142
25931 18 52 0.6142
25950 18 39 0.622
25950 18 51 0.622
25968 18 39 0.622
25968 18 51 0.622
25987 18 51 0.5669
25987 18 63 0.5669
26006 18 51 0.5669
26006 18 63 0.5669
26025 18 63 0.5669
26025 18 75 0.5669
26043 18 63 0.5669
26043 18 75 0.5669
26062 37 75 0.622
26062 37 87 0.622
26100 18 87 0.5197
26100 18 75 0.5197
26100 18 63 0.4331
26100 18 67 0.4331
26118 18 87 0.5276
26118 18 75 0.5276
26118 18 63 0.4409
26118 18 67 0.4409
26137 18 87 0.5433
26137 18 75 0.5433
26137 18 65 0.4567
26137 18 68 0.4567
26156 18 87 0.5669
26156 18 75 0.5669
26156 18 65 0.4724
26156 18 68 0.4724
26175 18 76 0.5669
26175 18 88 0.5669
26175 18 66 0.4882
26175 18 69 0.4882
26193 18 75 0.5669
26193 18 87 0.5669
26193 18 66 0.4882
26193 18 69 0.4882
26212 18 73 0.5512
26212 18 85 0.5512
26212 18 64 0.4803
26212 18 67 0.4803
26231 18 71 0.5433
26231 18 83 0.5433
26231 18 64 0.4724
26231 18 67 0.4724
26250 18 70 0.5354
26250 18 82 0.5354
26250 18 62 0.4567
26250 18 65 0.4567
26268 18 68 0.5354
26268 18 80 0.5354
26268 18 62 0.4567
26268 18 65 0.4567
26287 37 67 0.5276
26287 37 79 0.5276
26287 37 63 0.4488
26325 18 34 0.6142
26325 18 46 0.6142
26343 18 34 0.6142
26343 18 46 0.6142
26362 18 38 0.622
26362 18 50 0.622
26381 18 38 0.6457
26381 18 50 0.6457
26400 18 39 0.6772
26400 18 51 0.6772
26418 18 39 0.6772
26418 18 51 0.6772
26437 18 51 0.6063
26437 18 63 0.6063
26456 18 51 0.6063
26456 18 63 0.6063
26475 18 63 0.622
26475 18 75 0.622
26493 18 63 0.622
26493 18 75 0.622
26512 37 75 0.6693
26512 37 87 0.6693
26550 18 99 0.6063
26550 18 87 0.6063
26550 18 67 0.5039
26550 18 75 0.5039
26568 18 99 0.622
26568 18 87 0.622
26568 18 67 0.5197
26568 18 75 0.5197
26587 18 99 0.6378
26587 18 87 0.6378
26587 18 68 0.5354
26587 18 77 0.5354
26606 18 87 0.6457
26606 18 99 0.6457
26606 18 68 0.5433
26606 18 77 0.5433
26625 18 88 0.6457
26625 18 100 0.6457
26625 18 69 0.5512
26625 18 78 0.5512
26643 18 87 0.6457
26643 18 99 0.6457
26643 18 69 0.5669
26643 18 78 0.5669
26662 18 85 0.6457
26662 18 97 0.6457
26662 18 70 0.5669
26662 18 79 0.5669
26681 18 95 0.6378
26681 18 83 0.6378
26681 18 70 0.5512
26681 18 79 0.5512
26700 18 82 0.6378
26700 18 94 0.6378
26700 18 74 0.5512
26700 18 77 0.5512
26718 18 92 0.6378
26718 18 80 0.6378
26718 18 74 0.5433
26718 18 77 0.5433
26737 18 91 0.6299
26737 18 79 0.6299
26737 18 70 0.5433
26737 18 75 0.5433
26756 18 78 0.6299
26756 18 90 0.6299
26756 18 70 0.5433
26756 18 75 0.5433
26775 18 89 0.6299
26775 18 77 0.6299
26775 18 68 0.5354
26775 18 71 0.5354
26793 18 76 0.622
26793 18 88 0.622
26793 18 68 0.5354
26793 18 71 0.5354
26812 18 86 0.622
26812 18 74 0.622
26812 18 66 0.5354
26812 18 69 0.5354
26831 18 75 0.6378
26831 18 87 0.6378
26831 18 66 0.5433
26831 18 69 0.5433
26850 18 88 0.6614
26850 18 76 0.6614
26850 18 67 0.5433
26850 18 70 0.5433
26868 18 75 0.6614
26868 18 87 0.6614
26868 18 67 0.5433
26868 18 70 0.5433
26887 18 85 0.6457
26887 18 73 0.6457
26887 18 64 0.5433
26887 18 67 0.5433
26906 18 71 0.6378
26906 18 83 0.6378
26906 18 64 0.5354
26906 18 67 0.5354
26925 18 82 0.6378
26925 18 70 0.6378
26925 18 62 0.5354
26925 18 65 0.5354
26943 18 68 0.6299
26943 18 80 0.6299
26943 18 62 0.5276
26943 18 65 0.5276
26962 18 67 0.6299
26962 18 79 0.6299
26962 18 58 0.5276
26962 18 63 0.5276
26981 18 78 0.622
26981 18 66 0.622
26981 18 58 0.5197
26981 18 63 0.5197
27000 18 65 0.6142
27000 18 77 0.6142
27000 18 56 0.5197
27000 18 59 0.5197
27018 18 76 0.6142
27018 18 64 0.6142
27018 18 56 0.5197
27018 18 59 0.5197
27037 18 62 0.6299
27037 18 74 0.6299
27037 18 54 0.5039
27037 18 57 0.5039
27056 18 63 0.6457
27056 18 75 0.6457
27056 18 54 0.5512
27056 18 57 0.5512
27075 18 64 0.6457
27075 18 76 0.6457
27075 18 55 0.5827
27075 18 58 0.5827
27093 18 63 0.6457
27093 18 75 0.6457
27093 18 55 0.5827
27093 18 58 0.5827
27112 18 73 0.6457
27112 18 61 0.6457
27112 18 52 0.5748
27112 18 55 0.5748
27131 18 59 0.6378
27131 18 71 0.6378
27131 18 52 0.5669
27131 18 55 0.5669
27150 18 70 0.6378
27150 18 58 0.6378
27150 18 50 0.5669
27150 18 53 0.5669
27168 18 56 0.6378
27168 18 68 0.6378
27168 18 50 0.5512
27168 18 53 0.5512
27187 18 67 0.6299
27187 18 55 0.6299
27187 18 46 0.5512
27187 18 51 0.5512
27206 18 54 0.6299
27206 18 66 0.6299
27206 18 46 0.5433
27206 18 51 0.5433
27225 18 65 0.6378
27225 18 53 0.6378
27225 18 44 0.5354
27225 18 47 0.5354
27243 18 52 0.6378
27243 18 64 0.6378
27243 18 44 0.5354
27243 18 47 0.5354
27262 18 50 0.6299
27262 18 62 0.6299
27262 18 42 0.5039
27262 18 45 0.5039
27281 18 51 0.6378
27281 18 63 0.6378
27281 18 42 0.5197
27281 18 45 0.5197
27300 18 52 0.6457
27300 18 64 0.6457
27300 18 43 0.5354
27300 18 46 0.5354
27318 18 63 0.6614
27318 18 52 0.6614
27318 18 43 0.5433
27318 18 46 0.5433
27337 18 61 0.6693
27337 18 52 0.6693
27337 18 43 0.5669
27337 18 46 0.5669
27356 18 59 0.6772
27356 18 52 0.6772
27356 18 43 0.5748
27356 18 46 0.5748
27375 18 53 0.7008
27375 18 58 0.7008
27375 18 38 0.5906
27375 18 47 0.5906
27393 18 53 0.7087
27393 18 56 0.7087
27393 18 38 0.6063
27393 18 47 0.6063
27412 37 55 0.7165
27412 37 39 0.622
27412 37 46 0.622
27450 18 62 0.7165
27450 18 50 0.7165
27468 18 50 0.7165
27487 18 63 0.7165
27487 18 51 0.7165
27506 18 51 0.7165
27525 18 57 0.7165
27525 18 69 0.7165
27543 18 57 0.7165
27562 18 58 0.7165
27562 18 70 0.7165
27581 18 58 0.7165
27600 18 62 0.7165
27600 18 74 0.7165
27618 18 50 0.5039
27618 18 62 0.6063
27637 18 63 0.7087
27637 18 75 0.7087
27656 18 51 0.4961
27656 18 63 0.5906
27675 18 69 0.7087
27675 18 81 0.7087
27693 18 57 0.6063
27693 18 69 0.6063
27712 18 82 0.7165
27712 18 70 0.7165
27731 18 58 0.6142
27731 18 70 0.6142
27750 18 86 0.7244
27750 18 74 0.7244
27768 18 62 0.622
27768 18 74 0.622
27787 18 87 0.7323
27787 18 75 0.7323
27806 18 63 0.6299
27806 18 75 0.6299
27825 18 93 0.7402
27825 18 81 0.7402
27843 18 69 0.6378
27843 18 81 0.6378
27862 18 94 0.7402
27862 18 82 0.7402
27881 18 70 0.6378
27881 18 82 0.6378
27900 18 86 0.811
27900 18 98 0.811
27918 18 74 0.6693
27918 18 86 0.6693
27937 18 99 0.7795
27937 18 87 0.7795
27956 18 75 0.6378
27956 18 87 0.6378
27975 18 98 0.8189
27975 18 86 0.8189
27993 18 74 0.6693
27993 18 86 0.6693
28012 18 99 0.7559
28012 18 87 0.7559
28031 18 75 0.6378
28031 18 87 0.6378
28050 18 98 0.7638
28050 18 86 0.7638
28068 18 74 0.6378
28068 18 86 0.6378
28087 18 99 0.7402
28087 18 87 0.7402
28106 18 73 0.6378
28106 18 85 0.6378
28125 18 99 0.7402
28125 18 87 0.7402
28143 18 70 0.6378
28143 18 82 0.6378
28162 18 99 0.7559
28162 18 87 0.7559
28181 18 67 0.6457
28181 18 79 0.6457
28200 18 99 0.7638
28200 18 87 0.7638
28218 18 63 0.6457
28218 18 75 0.6457
28237 18 99 0.7795
28237 18 87 0.7795
28256 18 61 0.6614
28256 18 73 0.6614
28275 18 99 0.7795
28275 18 87 0.7795
28293 18 58 0.6693
28293 18 70 0.6693
28312 18 99 0.7874
28312 18 87 0.7874
28331 18 67 0.6772
28331 18 55 0.6772
28350 18 99 0.7953
28350 18 87 0.7953
28368 18 63 0.6929
28368 18 51 0.6929
28387 18 99 0.8031
28387 18 87 0.8031
28406 18 61 0.6929
28406 18 49 0.6929
28425 18 99 0.811
28425 18 87 0.811
28443 18 58 0.7008
28443 18 46 0.7008
28462 18 99 0.811
28462 18 87 0.811
28481 18 55 0.7087
28481 18 43 0.7087
28500 18 99 0.8189
28500 18 87 0.8189
28518 18 39 0.7165
28518 18 51 0.7165
28537 18 87 0.7165
28537 18 99 0.7165
28556 18 87 0.6772
28556 18 99 0.6772
28575 18 87 0.7087
28575 18 99 0.7087
28593 18 87 0.6693
28593 18 99 0.6693
28612 18 87 0.6929
28612 18 99 0.6929
28631 18 87 0.6693
28631 18 99 0.6693
28650 18 87 0.6772
28650 18 99 0.6772
28668 18 87 0.6693
28668 18 99 0.6693
28687 18 87 0.6614
28687 18 99 0.6614
28706 18 87 0.6457
28706 18 99 0.6457
28725 18 87 0.6457
28725 18 99 0.6457
28743 18 87 0.6378
28743 18 99 0.6378
28762 18 87 0.6299
28762 18 99 0.6299
28781 18 87 0.6142
28781 18 99 0.6142
28800 18 87 0.622
28800 18 99 0.622
28818 18 87 0.6063
28818 18 99 0.6063
28837 18 87 0.6693
28837 18 99 0.6693
28837 37 63 0.6378
28856 18 87 0.6142
28856 18 99 0.6142
28875 18 87 0.6142
28875 18 99 0.6142
28875 37 75 0.7008
28893 18 87 0.6142
28893 18 99 0.6142
28912 18 87 0.5827
28912 18 99 0.5827
28931 18 87 0.5827
28931 18 99 0.5827
28950 18 85 0.5512
28950 18 97 0.5512
28968 18 85 0.5433
28968 18 97 0.5433
28987 18 95 0.5827
28987 18 83 0.5827
28987 37 32 0.5039
28987 37 44 0.5669
29006 18 95 0.5827
29006 18 83 0.5827
29025 18 95 0.5827
29025 18 83 0.5827
29025 18 51 0.4646
29025 18 63 0.5197
29025 18 59 0.4646
29043 18 95 0.5827
29043 18 83 0.5827
29043 18 51 0.4646
29043 18 59 0.4646
29043 18 63 0.5197
29062 18 94 0.5433
29062 18 82 0.5433
29062 37 56 0.4646
29062 37 59 0.4646
29062 37 63 0.5197
29081 18 94 0.5433
29081 18 82 0.5433
29100 18 92 0.5512
29100 18 80 0.5512
29100 37 35 0.5669
29100 37 47 0.5669
29118 18 92 0.5512
29118 18 80 0.5512
29137 18 91 0.5433
29137 18 79 0.5433
29137 18 51 0.4646
29137 18 59 0.4646
29137 18 63 0.5197
29156 18 91 0.5433
29156 18 79 0.5433
29156 18 63 0.5197
29156 18 59 0.4646
29156 18 51 0.4646
29175 18 92 0.5433
29175 18 80 0.5433
29175 37 56 0.4646
29175 37 59 0.4646
29175 37 63 0.5197
29193 18 92 0.5433
29193 18 80 0.5433
29212 18 94 0.5827
29212 18 82 0.5827
29212 37 39 0.4882
29212 37 51 0.5512
29231 18 94 0.5827
29231 18 82 0.5827
29250 18 87 0.5433
29250 18 75 0.5433
29250 18 55 0.4646
29250 18 63 0.4646
29250 18 67 0.5197
29268 18 87 0.5433
29268 18 75 0.5433
29268 18 55 0.4646
29268 18 63 0.4646
29268 18 67 0.5197
29287 18 87 0.5433
29287 18 75 0.5433
29287 37 58 0.4646
29287 37 63 0.4646
29287 37 67 0.5197
29306 18 87 0.5433
29306 18 75 0.5433
29325 18 88 0.5669
29325 18 76 0.5669
29325 37 43 0.5276
29325 37 55 0.5276
29343 18 88 0.5669
29343 18 76 0.5669
29362 18 87 0.5669
29362 18 75 0.5669
29362 18 61 0.4173
29362 18 63 0.4173
29362 18 70 0.4724
29381 18 87 0.5433
29381 18 75 0.5433
29381 18 61 0.4173
29381 18 63 0.4173
29381 18 70 0.4724
29400 18 85 0.5433
29400 18 73 0.5433
29400 37 61 0.4173
29400 37 63 0.4173
29400 37 70 0.4724
29418 18 85 0.5433
29418 18 73 0.5433
29437 18 83 0.5512
29437 18 71 0.5512
29437 37 56 0.5433
29437 37 44 0.4803
29456 18 83 0.5512
29456 18 71 0.5512
29475 18 83 0.5512
29475 18 71 0.5512
29475 18 59 0.4331
29475 18 63 0.4331
29475 18 68 0.4803
29493 18 83 0.5433
29493 18 71 0.5433
29493 18 59 0.4331
29493 18 63 0.4331
29493 18 68 0.4803
29512 18 82 0.5512
29512 18 70 0.5512
29512 37 59 0.4331
29512 37 63 0.4803
29531 18 82 0.5512
29531 18 70 0.5512
29550 18 80 0.5748
29550 18 68 0.5748
29550 37 40 0.5197
29568 18 80 0.5748
29568 18 68 0.5748
29587 18 79 0.5433
29587 18 67 0.5433
29587 18 62 0.4961
29587 18 58 0.4488
29606 18 79 0.5433
29606 18 67 0.5433
29606 18 62 0.4961
29606 18 58 0.4488
29625 18 80 0.5591
29625 18 68 0.5591
29625 37 58 0.4488
29625 37 62 0.4961
29643 18 80 0.5512
29643 18 68 0.5512
29662 18 82 0.5748
29662 18 70 0.5748
29662 37 39 0.5276
29681 18 82 0.5669
29681 18 70 0.5669
29700 18 63 0.5197
29700 18 75 0.5197
29700 18 55 0.4409
29700 18 58 0.4882
29718 18 75 0.5197
29718 18 63 0.5197
29718 18 55 0.4409
29718 18 58 0.4882
29737 18 87 0.5512
29737 18 75 0.5512
29737 37 63 0.5039
29737 37 58 0.4567
29737 37 55 0.4567
29756 18 87 0.5512
29756 18 75 0.5512
29775 18 99 0.6772
29775 18 87 0.6772
29775 37 67 0.4567
29775 37 70 0.4567
29775 37 75 0.5039
29793 18 87 0.6772
29793 18 99 0.6772
29812 18 99 0.6772
29812 18 87 0.6772
29831 18 99 0.6772
29831 18 87 0.6772
29850 18 97 0.6614
29850 18 85 0.6614
29868 18 85 0.6614
29868 18 97 0.6614
29887 18 96 0.6614
29887 18 84 0.6614
29887 37 32 0.6063
29887 37 44 0.6693
29906 18 84 0.6614
29906 18 96 0.6614
29925 18 84 0.6378
29925 18 96 0.6378
29925 18 63 0.4882
29925 18 57 0.4409
29925 18 54 0.4409
29943 18 84 0.6378
29943 18 96 0.6378
29943 18 54 0.4409
29943 18 57 0.4409
29943 18 63 0.4882
29962 18 93 0.622
29962 18 81 0.622
29962 37 54 0.4409
29962 37 57 0.4409
29962 37 63 0.4882
29981 18 81 0.622
29981 18 93 0.622
30000 18 92 0.6457
30000 18 80 0.6457
30000 37 36 0.622
30000 37 48 0.7008
30018 18 80 0.6457
30018 18 92 0.6457
30037 18 92 0.6457
30037 18 80 0.6457
30037 18 57 0.4646
30037 18 63 0.4646
30037 18 69 0.5276
30056 18 80 0.6457
30056 18 92 0.6457
30056 18 57 0.4646
30056 18 63 0.4646
30056 18 69 0.5276
30075 18 90 0.6693
30075 18 78 0.6693
30075 37 57 0.4646
30075 37 63 0.4646
30075 37 69 0.5276
30093 18 78 0.6693
30093 18 90 0.6693
30112 37 88 0.7165
30112 37 76 0.7165
30112 37 37 0.7244
30112 37 49 0.7244
30150 18 64 0.4331
30150 18 69 0.4331
30150 18 73 0.4803
30150 18 52 0.3858
30150 18 57 0.3858
30150 18 61 0.4409
30168 18 64 0.4331
30168 18 69 0.4331
30168 18 73 0.4803
30168 18 52 0.3858
30168 18 57 0.3858
30168 18 61 0.4409
30187 18 64 0.4488
30187 18 69 0.4488
30187 18 75 0.4961
30187 18 51 0.4173
30187 18 57 0.4173
30187 18 61 0.4724
30206 18 64 0.4488
30206 18 69 0.4488
30206 18 75 0.4961
30206 18 51 0.4173
30206 18 57 0.4173
30206 18 61 0.4724
30225 18 64 0.4803
30225 18 69 0.4803
30225 18 76 0.5433
30225 18 49 0.4409
30225 18 57 0.4409
30225 18 61 0.4882
30243 18 64 0.4803
30243 18 69 0.4803
30243 18 76 0.5433
30243 18 49 0.4409
30243 18 57 0.4409
30243 18 61 0.4882
30262 18 64 0.4646
30262 18 69 0.4646
30262 18 75 0.5276
30262 18 51 0.4173
30262 18 57 0.4173
30262 18 61 0.4724
30281 18 64 0.4646
30281 18 69 0.4646
30281 18 75 0.5276
30281 18 51 0.4173
30281 18 57 0.4173
30281 18 61 0.4724
30300 18 64 0.4409
30300 18 69 0.4409
30300 18 73 0.4882
30300 18 52 0.3937
30300 18 57 0.3937
30300 18 61 0.4488
30318 18 64 0.4409
30318 18 69 0.4409
30318 18 73 0.4882
30318 18 52 0.3937
30318 18 57 0.3937
30318 18 61 0.4488
30337 18 63 0.4016
30337 18 68 0.4016
30337 18 71 0.4016
30337 18 75 0.4567
30337 18 51 0.3622
30337 18 56 0.3622
30337 18 59 0.4016
30356 18 64 0.4724
30356 18 76 0.4724
30356 18 50 0.4094
30356 18 62 0.4094
30375 18 65 0.4803
30375 18 77 0.4803
30375 18 49 0.4173
30375 18 61 0.4173
30393 18 66 0.4882
30393 18 78 0.4882
30393 18 48 0.4331
30393 18 60 0.4331
30412 18 67 0.5039
30412 18 79 0.5039
30412 18 47 0.4409
30412 18 59 0.4409
30431 18 68 0.5197
30431 18 80 0.5197
30431 18 46 0.4488
30431 18 58 0.4488
30450 18 69 0.5276
30450 18 81 0.5276
30450 18 45 0.4724
30450 18 57 0.4724
30468 18 70 0.5433
30468 18 82 0.5433
30468 18 44 0.4803
30468 18 56 0.4803
30487 18 71 0.5512
30487 18 83 0.5512
30487 18 43 0.4882
30487 18 55 0.4882
30506 18 72 0.5669
30506 18 84 0.5669
30506 18 42 0.4961
30506 18 54 0.4961
30525 18 73 0.5827
30525 18 85 0.5827
30525 18 41 0.5039
30525 18 53 0.5039
30543 18 74 0.5906
30543 18 86 0.5906
30543 18 40 0.5197
30543 18 52 0.5197
30562 18 75 0.5433
30562 18 79 0.5433
30562 18 82 0.5433
30562 18 87 0.5433
30562 18 51 0.4961
30562 18 39 0.4961
30562 18 43 0.4961
30562 18 46 0.4961
30581 18 76 0.622
30581 18 88 0.622
30581 18 38 0.5433
30581 18 50 0.5433
30600 18 77 0.6299
30600 18 89 0.6299
30600 18 37 0.5512
30600 18 49 0.5512
30618 18 78 0.6378
30618 18 90 0.6378
30618 18 36 0.5669
30618 18 48 0.5669
30637 18 79 0.6614
30637 18 91 0.6614
30637 18 35 0.5748
30637 18 47 0.5748
30656 18 80 0.6693
30656 18 92 0.6693
30656 18 34 0.5827
30656 18 46 0.5827
30675 18 81 0.6772
30675 18 93 0.6772
30675 18 33 0.6063
30675 18 45 0.6063
30693 18 82 0.6929
30693 18 94 0.6929
30693 18 32 0.6142
30693 18 44 0.6142
30712 18 83 0.7087
30712 18 95 0.7087
30712 18 31 0.5906
30712 18 43 0.5906
30731 18 85 0.7323
30731 18 97 0.7323
30731 18 30 0.5906
30731 18 42 0.5906
30750 18 86 0.7559
30750 18 98 0.7559
30750 18 28 0.6063
30750 18 40 0.6063
30768 17 87 0.7874
30768 17 99 0.7874
30768 17 27 0.622
30768 17 39 0.622
30787 37 59 0.7795
30787 37 63 0.7795
30787 37 68 0.8661
30787 37 32 0.6378
30787 37 44 0.7087
30825 18 39 0.6378
30825 18 51 0.6378
30843 18 44 0.6378
30843 18 56 0.6378
30862 28 83 0.7087
30862 28 75 0.7087
30862 28 71 0.7087
30862 28 63 0.6063
30862 28 51 0.6063
30900 18 82 0.6457
30900 18 75 0.6457
30900 18 70 0.6457
30900 37 32 0.7087
30900 37 44 0.7087
30918 18 71 0.6457
30918 18 83 0.6457
30937 28 85 0.7244
30937 28 73 0.7244
30937 18 39 0.6457
30937 18 51 0.6457
30956 18 44 0.6457
30956 18 56 0.6457
30975 18 75 0.6457
30975 18 83 0.6457
30975 18 71 0.6457
30975 28 63 0.6142
30975 28 51 0.6142
30993 18 82 0.6457
30993 18 70 0.6457
31012 18 83 0.6535
31012 18 75 0.6535
31012 18 71 0.6535
31012 37 32 0.7087
31012 37 44 0.7087
31031 18 85 0.6772
31031 18 73 0.6772
31050 28 75 0.7323
31050 28 87 0.7323
31050 18 39 0.6378
31050 18 51 0.6378
31068 18 44 0.6378
31068 18 56 0.6378
31087 18 85 0.6693
31087 18 73 0.6693
31087 28 63 0.5906
31087 28 51 0.5906
31106 18 71 0.6614
31106 18 83 0.6614
31125 18 82 0.6535
31125 18 75 0.6535
31125 18 70 0.6535
31125 37 32 0.7087
31125 37 44 0.7087
31143 18 83 0.6535
31143 18 71 0.6535
31162 28 73 0.7087
31162 28 85 0.7087
31162 18 39 0.6457
31162 18 51 0.6457
31181 18 44 0.6457
31181 18 56 0.6457
31200 18 75 0.6535
31200 18 83 0.6535
31200 18 71 0.6535
31200 28 63 0.622
31200 28 51 0.622
31218 18 70 0.6535
31218 18 82 0.6535
31237 18 71 0.7087
31237 18 75 0.7087
31237 18 83 0.7087
31237 37 32 0.7087
31237 37 44 0.7087
31256 18 82 0.6693
31256 18 70 0.6693
31275 37 80 0.6693
31275 37 68 0.6693
31275 18 39 0.6378
31275 18 51 0.6378
31293 18 44 0.6378
31293 18 56 0.6378
31312 28 95 0.7087
31312 28 87 0.7087
31312 28 83 0.7087
31312 28 63 0.6142
31312 28 51 0.6142
31350 18 94 0.6535
31350 18 87 0.6535
31350 18 82 0.6535
31350 37 32 0.7087
31350 37 44 0.7087
31368 18 83 0.6535
31368 18 95 0.6535
31387 28 97 0.7323
31387 28 85 0.7323
31387 18 39 0.6457
31387 18 51 0.6457
31406 18 44 0.6457
31406 18 56 0.6457
31425 18 87 0.6378
31425 18 95 0.6378
31425 18 83 0.6378
31425 28 63 0.6142
31425 28 51 0.6142
31443 18 94 0.6378
31443 18 82 0.6378
31462 18 95 0.6535
31462 18 87 0.6535
31462 18 83 0.6535
31462 37 32 0.7087
31462 37 44 0.7087
31481 18 97 0.6772
31481 18 85 0.6772
31500 28 87 0.7323
31500 28 99 0.7323
31500 18 39 0.6378
31500 18 51 0.6378
31518 18 44 0.6378
31518 18 56 0.6378
31537 18 97 0.6457
31537 18 85 0.6457
31537 28 63 0.622
31537 28 51 0.622
31556 18 83 0.6457
31556 18 95 0.6457
31575 18 94 0.6457
31575 18 87 0.6457
31575 18 82 0.6457
31575 37 32 0.7087
31575 37 44 0.7087
31593 18 95 0.6457
31593 18 83 0.6457
31612 28 85 0.7323
31612 28 97 0.7323
31612 18 39 0.6535
31612 18 51 0.6535
31631 18 44 0.6535
31631 18 56 0.6535
31650 18 87 0.6614
31650 18 95 0.6614
31650 18 83 0.6614
31650 28 63 0.622
31650 28 51 0.622
31668 18 82 0.6693
31668 18 94 0.6693
31687 18 83 0.7323
31687 18 87 0.7323
31687 18 95 0.7323
31687 37 32 0.7087
31687 37 44 0.7087
31706 18 94 0.6693
31706 18 82 0.6693
31725 37 92 0.6693
31725 37 80 0.6693
31725 18 39 0.6535
31725 18 51 0.6535
31743 18 44 0.6535
31743 18 56 0.6535
31762 37 63 0.6535
31762 37 71 0.6535
31762 37 75 0.6535
31762 37 47 0.7008
31762 37 59 0.7008
31762 37 51 0.7008
31800 18 63 0.5748
31800 18 70 0.5748
31800 18 75 0.5748
31800 18 46 0.6614
31800 18 51 0.6614
31800 18 58 0.6614
31818 18 63 0.5748
31818 18 71 0.5748
31818 18 75 0.5748
31818 18 47 0.6614
31818 18 51 0.6614
31818 18 59 0.6614
31837 37 63 0.622
31837 37 73 0.622
31837 37 75 0.622
31837 37 49 0.7008
31837 37 51 0.7008
31837 37 61 0.7008
31875 18 63 0.5906
31875 18 71 0.5906
31875 18 75 0.5906
31875 18 51 0.6535
31875 18 47 0.6535
31875 18 59 0.6535
31893 18 63 0.5906
31893 18 70 0.5906
31893 18 75 0.5906
31893 18 46 0.6535
31893 18 58 0.6535
31893 18 51 0.6535
31912 18 63 0.6299
31912 18 71 0.6299
31912 18 75 0.6299
31912 18 47 0.7008
31912 18 51 0.7008
31912 18 59 0.7008
31931 18 63 0.5906
31931 18 70 0.5906
31931 18 75 0.5906
31931 18 46 0.6693
31931 18 51 0.6693
31931 18 58 0.6693
31950 37 63 0.5906
31950 37 68 0.5906
31950 37 75 0.5906
31950 37 44 0.6693
31950 37 51 0.6693
31950 37 56 0.6693
31987 37 87 0.874
31987 37 80 0.874
31987 37 75 0.874
31987 37 32 0.8346
31987 37 39 0.8346
31987 37 44 0.8346
32025 18 63 0.5748
32025 18 70 0.5748
32025 18 75 0.5748
32025 18 46 0.6614
32025 18 51 0.6614
32025 18 58 0.6614
32043 18 63 0.5748
32043 18 71 0.5748
32043 18 75 0.5748
32043 18 47 0.6614
32043 18 51 0.6614
32043 18 59 0.6614
32062 37 63 0.622
32062 37 73 0.622
32062 37 75 0.622
32062 37 49 0.7008
32062 37 51 0.7008
32062 37 61 0.7008
32100 18 63 0.5906
32100 18 71 0.5906
32100 18 75 0.5906
32100 18 51 0.6535
32100 18 47 0.6535
32100 18 59 0.6535
32118 18 63 0.5906
32118 18 70 0.5906
32118 18 75 0.5906
32118 18 46 0.6535
32118 18 58 0.6535
32118 18 51 0.6535
32137 18 63 0.6299
32137 18 71 0.6299
32137 18 75 0.6299
32137 18 47 0.7008
32137 18 51 0.7008
32137 18 59 0.7008
32156 18 63 0.5906
32156 18 70 0.5906
32156 18 75 0.5906
32156 18 46 0.6693
32156 18 51 0.6693
32156 18 58 0.6693
32175 37 63 0.5906
32175 37 68 0.5906
32175 37 75 0.5906
32175 37 44 0.6693
32175 37 51 0.6693
32175 37 56 0.6693
32212 37 87 0.874
32212 37 80 0.874
32212 37 75 0.874
32212 37 32 0.8346
32212 37 39 0.8346
32212 37 44 0.8346
32250 18 63 0.6299
32250 18 71 0.6299
32250 18 75 0.6299
32250 18 47 0.7008
32250 18 51 0.7008
32250 18 59 0.7008
32268 18 63 0.5906
32268 18 70 0.5906
32268 18 75 0.5906
32268 18 46 0.6693
32268 18 51 0.6693
32268 18 58 0.6693
32287 37 63 0.5906
32287 37 68 0.5906
32287 37 75 0.5906
32287 37 44 0.6693
32287 37 51 0.6693
32287 37 56 0.6693
32325 37 87 0.9055
32325 37 80 0.9055
32325 37 92 0.9055
32325 37 32 0.8346
32325 37 39 0.8346
32325 37 44 0.8346
32362 18 63 0.6299
32362 18 71 0.6299
32362 18 75 0.6299
32362 18 47 0.7008
32362 18 51 0.7008
32362 18 59 0.7008
32381 18 63 0.5906
32381 18 70 0.5906
32381 18 75 0.5906
32381 18 46 0.6693
32381 18 51 0.6693
32381 18 58 0.6693
32400 37 63 0.5906
32400 37 68 0.5906
32400 37 75 0.5906
32400 37 44 0.6693
32400 37 51 0.6693
32400 37 56 0.6693
32437 37 87 0.9213
32437 37 83 0.9213
32437 37 95 0.9213
32437 37 32 0.8504
32437 37 39 0.8504
32437 37 44 0.8504
32475 18 63 0.6299
32475 18 71 0.6299
32475 18 75 0.6299
32475 18 47 0.7008
32475 18 51 0.7008
32475 18 59 0.7008
32493 18 63 0.5906
32493 18 70 0.5906
32493 18 75 0.5906
32493 18 46 0.6693
32493 18 51 0.6693
32493 18 58 0.6693
32512 37 63 0.5906
32512 37 68 0.5906
32512 37 75 0.5906
32512 37 44 0.6693
32512 37 51 0.6693
32512 37 56 0.6693
32550 75 99 0.937
32550 75 92 0.937
32550 75 87 0.937
32550 75 32 0.8504
32550 75 39 0.8504
32550 75 44 0.8504
32625 37 87 0.8031
32625 37 92 0.8031
32625 37 99 0.8031
32625 37 44 0.5906
32625 37 51 0.5906
32625 37 56 0.5906
32662 37 87 0.8189
32662 37 92 0.8189
32662 37 99 0.8189
32662 37 68 0.6142
32662 37 63 0.6142
32662 37 56 0.6142
32700 37 87 0.8031
32700 37 92 0.8031
32700 37 99 0.8031
32700 37 80 0.6457
32700 37 75 0.6457
32700 37 68 0.6457
32737 37 87 0.8189
32737 37 92 0.8189
32737 37 99 0.8189
32737 37 68 0.6693
32737 37 63 0.6693
32737 37 56 0.6693
32775 37 87 0.8819
32775 37 92 0.8819
32775 37 99 0.8819
32775 37 44 0.6614
32775 37 51 0.6614
32775 37 56 0.6614
32812 37 87 0.9213
32812 37 92 0.9213
32812 37 99 0.9213
32812 37 32 0.6929
32812 37 39 0.6929
32812 37 44 0.6929
32925 37 59 0.8189
32925 37 63 0.8189
32925 37 68 0.8189
32925 37 44 0.7559
32925 37 51 0.7559
32925 37 56 0.7559
33037 225 92 0.8346
33037 225 87 0.7953
33037 225 83 0.7953
33037 225 80 0.7953
33037 225 59 0.7953
33037 225 63 0.7953
33037 225 68 0.7953
33037 225 71 0.7953
