44 14 60 0.315
58 14 59 0.3543
73 14 60 0.315
88 7 65 0.3543
103 7 65 0.2992
117 29 63 0.3543
162 14 60 0.315
176 14 59 0.3543
191 14 60 0.315
206 7 68 0.3543
221 7 68 0.2992
235 29 67 0.3543
280 14 60 0.315
294 14 59 0.3543
309 14 60 0.315
324 7 72 0.3543
339 7 72 0.2992
353 14 72 0.3543
368 3 74 0.3543
372 3 72 0.3543
375 3 71 0.315
379 3 72 0.3543
383 14 75 0.3937
398 14 74 0.3543
412 14 77 0.4409
427 14 75 0.4173
442 14 74 0.3937
457 14 72 0.3701
471 29 71 0.4016
515 14 55 0.315
530 14 54 0.3543
545 14 55 0.315
560 7 60 0.3543
574 7 60 0.2992
589 29 59 0.3543
633 14 55 0.315
648 14 54 0.3543
663 14 55 0.315
678 7 63 0.3543
692 7 63 0.2992
707 29 62 0.3543
751 7 55 0.3543
766 7 59 0.4016
781 7 62 0.3543
796 7 65 0.3543
810 7 68 0.3543
825 7 71 0.4331
840 7 74 0.4173
855 7 77 0.4409
869 7 80 0.4724
884 7 79 0.4961
899 7 77 0.4646
914 7 75 0.4331
928 7 74 0.4252
943 29 72 0.4882
987 14 72 0.3937
1002 14 71 0.4488
1017 14 72 0.4173
1031 7 84 0.4724
1046 7 84 0.4094
1061 29 84 0.4724
1105 14 89 0.4646
1120 14 87 0.5118
1135 14 86 0.4724
1149 14 84 0.5197
1164 14 83 0.4724
1179 14 86 0.5433
1194 14 84 0.4724
1223 14 72 0.3937
1238 14 71 0.4488
1253 14 72 0.4173
1267 7 84 0.4724
1282 7 84 0.4094
1297 29 84 0.4724
1326 3 86 0.4724
1330 3 84 0.4724
1334 3 83 0.4724
1337 3 84 0.4724
1341 14 89 0.4646
1356 14 87 0.5118
1371 14 86 0.4724
1385 14 84 0.5197
1400 14 83 0.4724
1415 7 84 0.5433
1422 7 86 0.4961
1429 7 84 0.4961
1437 7 83 0.4961
1444 7 84 0.5433
1452 7 87 0.5748
1459 7 86 0.5669
1466 7 84 0.5591
1474 7 83 0.5669
1481 7 84 0.5118
1488 7 83 0.5118
1496 7 80 0.5118
1503 7 79 0.5433
1511 7 77 0.4961
1518 7 75 0.4961
1525 7 74 0.4961
1533 7 72 0.5433
1540 7 74 0.4961
1547 7 72 0.4961
1555 7 71 0.4803
1562 7 72 0.5197
1570 7 75 0.5669
1577 7 74 0.5512
1584 7 72 0.5276
1592 7 71 0.5433
1599 7 72 0.4961
1606 7 71 0.4961
1614 7 68 0.4961
1621 7 67 0.5433
1628 7 65 0.4961
1636 7 63 0.4961
1643 7 62 0.4961
1651 7 60 0.6063
1658 7 62 0.5433
1665 7 60 0.5433
1673 7 59 0.5433
1680 7 60 0.6063
1687 7 63 0.5433
1695 7 62 0.5433
1702 7 60 0.5433
1710 7 59 0.6063
1717 7 67 0.5433
1724 7 62 0.5433
1732 7 59 0.5433
1739 7 55 0.622
1746 7 67 0.5433
1754 7 63 0.5433
1761 7 60 0.5433
1769 7 55 0.6378
1776 7 67 0.5433
1783 7 62 0.5433
1791 7 59 0.5433
1798 7 55 0.6299
1805 7 67 0.5433
1813 7 63 0.5433
1820 7 60 0.5433
1828 7 55 0.6299
1835 7 67 0.5433
1842 7 62 0.5433
1850 7 59 0.5433
1857 7 55 0.6299
1864 7 67 0.5433
1872 7 63 0.5433
1879 7 60 0.5433
1886 58 55 0.5827
1886 58 59 0.5827
1886 58 62 0.5827
1886 58 67 0.7008
1960 7 58 0.315
1975 7 60 0.2913
1990 7 62 0.2913
2004 58 55 0.3071
2004 58 58 0.3071
2004 7 63 0.3622
2019 7 65 0.315
2034 7 67 0.315
2063 7 58 0.2992
2063 7 62 0.2992
2063 7 65 0.3543
2093 7 58 0.2598
2093 7 63 0.3071
2122 58 56 0.2913
2122 58 58 0.2913
2122 58 62 0.2913
2122 58 68 0.3543
2196 7 58 0.315
2211 7 60 0.2913
2226 7 62 0.2913
2240 58 55 0.3071
2240 58 58 0.3071
2240 7 63 0.3622
2255 7 65 0.315
2270 7 67 0.315
2299 7 53 0.2992
2299 7 60 0.2992
2299 7 65 0.3543
2329 7 60 0.2598
2329 7 53 0.2598
2329 7 63 0.3071
2358 58 50 0.2441
2358 58 53 0.2441
2358 58 58 0.2913
2432 7 58 0.315
2447 7 60 0.2913
2461 7 62 0.2913
2476 58 55 0.3071
2476 58 58 0.3071
2476 7 63 0.3622
2491 7 65 0.315
2506 7 67 0.315
2535 7 58 0.2992
2535 7 62 0.2992
2535 7 65 0.3543
2565 7 58 0.2598
2565 7 63 0.3071
2591 61 60 0.3543
2592 60 63 0.3937
2593 59 68 0.4961
2594 73 72 0.5669
2668 7 72 0.378
2683 7 70 0.4173
2697 7 68 0.3937
2712 14 67 0.4173
2727 14 65 0.378
2742 7 63 0.378
2756 7 62 0.378
2771 58 53 0.3543
2771 58 56 0.3543
2771 29 60 0.4173
2800 29 58 0.3858
2830 58 51 0.3228
2830 58 55 0.3228
2830 58 58 0.3858
2904 7 70 0.378
2918 7 68 0.4173
2933 7 67 0.3937
2948 14 67 0.4173
2963 14 65 0.378
2977 7 63 0.378
2992 7 62 0.378
3007 58 53 0.3543
3007 58 56 0.3543
3007 29 60 0.4173
3036 29 58 0.3858
3066 58 51 0.4252
3066 58 55 0.4252
3066 58 58 0.4252
3140 7 82 0.378
3140 7 70 0.378
3154 7 80 0.4173
3154 7 68 0.4173
3169 7 79 0.3937
3169 7 67 0.3937
3184 14 79 0.4331
3184 14 67 0.4331
3199 14 77 0.378
3199 14 65 0.378
3213 7 75 0.378
3213 7 63 0.378
3228 7 74 0.378
3228 7 62 0.378
3243 7 60 0.4331
3243 7 72 0.4331
3257 7 58 0.378
3257 7 70 0.378
3272 7 60 0.378
3272 7 72 0.378
3287 7 62 0.378
3287 7 74 0.378
3302 7 63 0.378
3309 7 75 0.3386
3316 7 63 0.378
3324 7 75 0.3307
3331 7 63 0.3858
3339 7 75 0.3386
3346 7 63 0.3937
3353 7 75 0.3543
3361 7 63 0.4016
3368 7 75 0.3465
3375 7 63 0.4094
3383 7 75 0.3701
3390 7 63 0.4173
3398 7 75 0.3701
3405 7 63 0.4173
3412 7 75 0.3701
3420 7 63 0.4252
3427 7 75 0.378
3434 7 63 0.4331
3442 7 75 0.378
3449 7 63 0.4331
3456 7 75 0.378
3464 7 63 0.4409
3471 7 75 0.4016
3479 7 63 0.4488
3486 7 75 0.3858
3493 7 63 0.4567
3501 7 75 0.4173
3508 7 63 0.4646
3515 7 75 0.4252
3523 7 63 0.4724
3530 7 75 0.4252
3538 29 63 0.5512
3538 29 75 0.5512
3582 14 75 0.5827
3597 14 74 0.6614
3611 14 75 0.6063
3626 7 84 0.6772
3626 7 80 0.6772
3641 7 80 0.622
3641 7 84 0.622
3656 29 80 0.7244
3656 36 84 0.7244
3692 7 82 0.5827
3700 7 80 0.5748
3707 7 79 0.5669
3714 7 77 0.5669
3722 7 75 0.5669
3729 7 74 0.5591
3737 7 72 0.5512
3744 7 71 0.5433
3751 7 70 0.5354
3759 7 69 0.5276
3766 7 68 0.5197
3773 9 67 0.5197
3783 9 68 0.4882
3793 9 70 0.4882
3803 9 68 0.5197
3813 9 67 0.4882
3823 9 65 0.4882
3832 9 63 0.5197
3842 9 62 0.4882
3852 9 60 0.4882
3862 9 58 0.5197
3872 9 56 0.4724
3882 9 55 0.4961
3899 7 53 0.4646
3906 7 56 0.4961
3914 7 60 0.5276
3921 14 65 0.5669
3958 7 53 0.4961
3965 7 56 0.5197
3972 7 58 0.5433
3980 14 62 0.5669
4009 7 74 0.5276
4017 7 86 0.4724
4024 7 74 0.5276
4031 7 86 0.4724
4039 7 74 0.5276
4046 7 86 0.4646
4054 7 74 0.5276
4061 7 86 0.4803
4068 7 74 0.5276
4076 7 86 0.4646
4083 7 74 0.5276
4090 7 86 0.4646
4098 7 74 0.5276
4105 7 86 0.4646
4113 7 74 0.5276
4120 7 86 0.4724
4127 7 75 0.5276
4135 7 87 0.4724
4142 7 75 0.5433
4149 7 87 0.4882
4157 7 75 0.5591
4164 7 87 0.4961
4171 7 75 0.5669
4179 7 87 0.5276
4186 7 75 0.5906
4194 7 87 0.5276
4201 7 75 0.6063
4208 7 87 0.5433
4216 7 76 0.6299
4223 7 88 0.5591
4230 7 76 0.6378
4238 7 88 0.5748
4253 7 77 0.5591
4260 7 80 0.5984
4267 7 84 0.6378
4275 14 89 0.6772
4312 7 74 0.5906
4319 7 77 0.622
4326 7 80 0.6457
4334 14 86 0.6772
4363 29 75 0.6299
4363 29 82 0.6299
4363 29 79 0.6299
4363 29 87 0.7402
4393 7 82 0.4961
4407 7 82 0.4961
4422 14 82 0.5512
4452 7 82 0.4961
4466 7 82 0.4961
4481 14 82 0.5433
4511 14 53 0.4724
4511 14 56 0.4724
4511 14 62 0.5669
4570 7 53 0.2598
4570 7 56 0.2598
4570 7 62 0.3071
4599 7 55 0.2913
4599 7 63 0.3543
4628 7 60 0.2756
4628 7 63 0.2756
4628 7 65 0.3228
4658 7 58 0.2913
4658 7 63 0.2913
4658 7 67 0.3543
4687 7 56 0.2598
4687 7 62 0.2598
4687 7 65 0.3071
4717 7 55 0.2913
4717 7 63 0.3543
4746 7 82 0.4961
4754 7 84 0.4646
4761 7 82 0.4961
4769 7 81 0.4646
4776 14 82 0.5512
4805 7 82 0.4961
4813 7 84 0.4567
4820 7 82 0.4961
4828 7 81 0.4488
4835 14 82 0.5433
4864 14 53 0.4724
4864 14 56 0.4724
4864 14 62 0.5669
4923 58 51 0.4331
4923 58 54 0.4331
4923 58 57 0.4331
4923 58 63 0.5197
4982 7 60 0.2756
4982 7 63 0.2756
4982 7 65 0.3228
5012 7 58 0.2913
5012 7 63 0.2913
5012 7 67 0.3543
5041 7 56 0.2598
5041 7 62 0.2598
5041 7 65 0.3071
5071 14 55 0.2913
5071 14 63 0.3543
5100 14 62 0.2362
5100 14 68 0.2835
5115 14 63 0.2126
5115 14 67 0.252
5159 14 68 0.2441
5159 14 74 0.2913
5174 14 67 0.2126
5174 14 75 0.252
5218 14 80 0.2913
5218 14 74 0.2441
5233 14 75 0.2126
5233 14 79 0.252
5277 14 86 0.3386
5277 14 80 0.2835
5292 14 79 0.2362
5292 14 87 0.2835
5336 29 55 0.378
5336 29 58 0.378
5336 29 63 0.4488
5469 14 60 0.315
5484 14 59 0.3543
5498 14 60 0.315
5513 7 65 0.3543
5528 7 65 0.2992
5542 29 63 0.3543
5587 14 60 0.315
5601 14 59 0.3543
5616 14 60 0.315
5631 7 68 0.3543
5646 7 68 0.2992
5660 29 67 0.3543
5705 14 60 0.315
5719 14 59 0.3543
5734 14 60 0.315
5749 7 72 0.3543
5764 7 72 0.2992
5778 14 72 0.3543
5793 3 74 0.3543
5797 3 72 0.3543
5800 3 71 0.315
5804 3 72 0.3543
5808 14 75 0.3937
5823 14 74 0.3543
5837 14 77 0.4409
5852 14 75 0.4173
5867 14 74 0.3937
5882 14 72 0.3701
5896 29 71 0.4016
5941 14 55 0.315
5955 14 54 0.3543
5970 14 55 0.315
5985 7 60 0.3543
5999 7 60 0.2992
6014 29 59 0.3543
6058 14 55 0.315
6073 14 54 0.3543
6088 14 55 0.315
6103 7 63 0.3543
6117 7 63 0.2992
6132 29 62 0.3543
6176 7 55 0.3543
6191 7 59 0.4016
6206 7 62 0.3543
6221 7 65 0.3543
6235 7 68 0.3543
6250 7 71 0.4331
6265 7 74 0.4173
6280 7 77 0.4409
6294 7 80 0.4724
6309 7 79 0.4961
6324 7 77 0.4646
6339 7 75 0.4331
6353 7 74 0.4252
6368 29 72 0.4882
6412 14 72 0.3937
6427 14 71 0.4488
6442 14 72 0.4173
6456 7 84 0.4724
6471 7 84 0.4094
6486 29 84 0.4724
6530 14 89 0.4646
6545 14 87 0.5118
6560 14 86 0.4724
6574 14 84 0.5197
6589 14 83 0.4724
6604 14 86 0.5433
6619 14 84 0.4724
6648 14 72 0.3937
6663 14 71 0.4488
6678 14 72 0.4173
6692 7 84 0.4724
6707 7 84 0.4094
6722 29 84 0.4724
6751 3 86 0.4724
6755 3 84 0.4724
6759 3 83 0.4724
6762 3 84 0.4724
6766 14 89 0.4646
6781 14 87 0.5118
6796 14 86 0.4724
6810 14 84 0.5197
6825 14 83 0.4724
6840 7 84 0.5433
6847 7 86 0.4961
6855 7 84 0.4961
6862 7 83 0.4961
6869 7 84 0.5433
6877 7 87 0.5748
6884 7 86 0.5669
6891 7 84 0.5591
6899 7 83 0.5669
6906 7 84 0.5118
6913 7 83 0.5118
6921 7 80 0.5118
6928 7 79 0.5433
6936 7 77 0.4961
6943 7 75 0.4961
6950 7 74 0.4961
6958 7 72 0.5433
6965 7 74 0.4961
6972 7 72 0.4961
6980 7 71 0.4803
6987 7 72 0.5197
6995 7 75 0.5669
7002 7 74 0.5512
7009 7 72 0.5276
7017 7 71 0.5433
7024 7 72 0.4961
7031 7 71 0.4961
7039 7 68 0.4961
7046 7 67 0.5433
7054 7 65 0.4961
7061 7 63 0.4961
7068 7 62 0.4961
7076 7 60 0.6063
7083 7 62 0.5433
7090 7 60 0.5433
7098 7 59 0.5433
7105 7 60 0.6063
7113 7 63 0.5433
7120 7 62 0.5433
7127 7 60 0.5433
7135 7 59 0.6063
7142 7 67 0.5433
7149 7 62 0.5433
7157 7 59 0.5433
7164 7 55 0.622
7171 7 67 0.5433
7179 7 63 0.5433
7186 7 60 0.5433
7194 7 55 0.6378
7201 7 67 0.5433
7208 7 62 0.5433
7216 7 59 0.5433
7223 7 55 0.6299
7230 7 67 0.5433
7238 7 63 0.5433
7245 7 60 0.5433
7253 7 55 0.6299
7260 7 67 0.5433
7267 7 62 0.5433
7275 7 59 0.5433
7282 7 55 0.6299
7289 7 67 0.5433
7297 7 63 0.5433
7304 7 60 0.5433
7312 58 55 0.5827
7312 58 59 0.5827
7312 58 62 0.5827
7312 58 67 0.7008
7385 7 58 0.315
7400 7 60 0.2913
7415 7 62 0.2913
7429 58 55 0.3071
7429 58 58 0.3071
7429 7 63 0.3622
7444 7 65 0.315
7459 7 67 0.315
7488 7 58 0.2992
7488 7 62 0.2992
7488 7 65 0.3543
7518 7 58 0.2598
7518 7 63 0.3071
7547 58 56 0.2913
7547 58 58 0.2913
7547 58 62 0.2913
7547 58 68 0.3543
7621 7 58 0.315
7636 7 60 0.2913
7651 7 62 0.2913
7665 58 55 0.3071
7665 58 58 0.3071
7665 7 63 0.3622
7680 7 65 0.315
7695 7 67 0.315
7724 7 53 0.2992
7724 7 60 0.2992
7724 7 65 0.3543
7754 7 60 0.2598
7754 7 53 0.2598
7754 7 63 0.3071
7783 58 50 0.2441
7783 58 53 0.2441
7783 58 58 0.2913
7857 7 58 0.315
7872 7 60 0.2913
7886 7 62 0.2913
7901 58 55 0.3071
7901 58 58 0.3071
7901 7 63 0.3622
7916 7 65 0.315
7931 7 67 0.315
7960 7 58 0.2992
7960 7 62 0.2992
7960 7 65 0.3543
7990 7 58 0.2598
7990 7 63 0.3071
8016 61 60 0.3543
8017 60 63 0.3937
8018 59 68 0.4961
8019 73 72 0.5669
8093 7 72 0.378
8108 7 70 0.4173
8122 7 68 0.3937
8137 14 67 0.4173
8152 14 65 0.378
8167 7 63 0.378
8181 7 62 0.378
8196 58 53 0.3543
8196 58 56 0.3543
8196 29 60 0.4173
8226 29 58 0.3858
8255 58 51 0.3228
8255 58 55 0.3228
8255 58 58 0.3858
8329 7 70 0.378
8343 7 68 0.4173
8358 7 67 0.3937
8373 14 67 0.4173
8388 14 65 0.378
8402 7 63 0.378
8417 7 62 0.378
8432 58 53 0.3543
8432 58 56 0.3543
8432 29 60 0.4173
8461 29 58 0.3858
8491 58 51 0.4252
8491 58 55 0.4252
8491 58 58 0.4252
8565 7 82 0.378
8565 7 70 0.378
8579 7 80 0.4173
8579 7 68 0.4173
8594 7 79 0.3937
8594 7 67 0.3937
8609 14 79 0.4331
8609 14 67 0.4331
8624 14 77 0.378
8624 14 65 0.378
8638 7 75 0.378
8638 7 63 0.378
8653 7 74 0.378
8653 7 62 0.378
8668 7 60 0.4331
8668 7 72 0.4331
8683 7 58 0.378
8683 7 70 0.378
8697 7 60 0.378
8697 7 72 0.378
8712 7 62 0.378
8712 7 74 0.378
8727 7 63 0.378
8734 7 75 0.3386
8742 7 63 0.378
8749 7 75 0.3307
8756 7 63 0.3858
8764 7 75 0.3386
8771 7 63 0.3937
8778 7 75 0.3543
8786 7 63 0.4016
8793 7 75 0.3465
8800 7 63 0.4094
8808 7 75 0.3701
8815 7 63 0.4173
8823 7 75 0.3701
8830 7 63 0.4173
8837 7 75 0.3701
8845 7 63 0.4252
8852 7 75 0.378
8859 7 63 0.4331
8867 7 75 0.378
8874 7 63 0.4331
8882 7 75 0.378
8889 7 63 0.4409
8896 7 75 0.4016
8904 7 63 0.4488
8911 7 75 0.3858
8918 7 63 0.4567
8926 7 75 0.4173
8933 7 63 0.4646
8941 7 75 0.4252
8948 7 63 0.4724
8955 7 75 0.4252
8963 29 63 0.5512
8963 29 75 0.5512
9007 14 75 0.5827
9022 14 74 0.6614
9036 14 75 0.6063
9051 7 84 0.6772
9051 7 80 0.6772
9066 7 80 0.622
9066 7 84 0.622
9081 29 80 0.7244
9081 36 84 0.7244
9117 7 82 0.5827
9125 7 80 0.5748
9132 7 79 0.5669
9140 7 77 0.5669
9147 7 75 0.5669
9154 7 74 0.5591
9162 7 72 0.5512
9169 7 71 0.5433
9176 7 70 0.5354
9184 7 69 0.5276
9191 7 68 0.5197
9199 9 67 0.5197
9208 9 68 0.4882
9218 9 70 0.4882
9228 9 68 0.5197
9238 9 67 0.4882
9248 9 65 0.4882
9257 9 63 0.5197
9267 9 62 0.4882
9277 9 60 0.4882
9287 9 58 0.5197
9297 9 56 0.4724
9307 9 55 0.4961
9324 7 53 0.4646
9331 7 56 0.4961
9339 7 60 0.5276
9346 14 65 0.5669
9383 7 53 0.4961
9390 7 56 0.5197
9398 7 58 0.5433
9405 14 62 0.5669
9434 7 74 0.5276
9442 7 86 0.4724
9449 7 74 0.5276
9456 7 86 0.4724
9464 7 74 0.5276
9471 7 86 0.4646
9479 7 74 0.5276
9486 7 86 0.4803
9493 7 74 0.5276
9501 7 86 0.4646
9508 7 74 0.5276
9515 7 86 0.4646
9523 7 74 0.5276
9530 7 86 0.4646
9538 7 74 0.5276
9545 7 86 0.4724
9552 7 75 0.5276
9560 7 87 0.4724
9567 7 75 0.5433
9574 7 87 0.4882
9582 7 75 0.5591
9589 7 87 0.4961
9597 7 75 0.5669
9604 7 87 0.5276
9611 7 75 0.5906
9619 7 87 0.5276
9626 7 75 0.6063
9633 7 87 0.5433
9641 7 76 0.6299
9648 7 88 0.5591
9656 7 76 0.6378
9663 7 88 0.5748
9678 7 77 0.5591
9685 7 80 0.5984
9692 7 84 0.6378
9700 14 89 0.6772
9737 7 74 0.5906
9744 7 77 0.622
9751 7 80 0.6457
9759 14 86 0.6772
9788 29 75 0.6299
9788 29 82 0.6299
9788 29 79 0.6299
9788 29 87 0.7402
9818 7 82 0.4961
9832 7 82 0.4961
9847 14 82 0.5512
9877 7 82 0.4961
9891 7 82 0.4961
9906 14 82 0.5433
9936 14 53 0.4724
9936 14 56 0.4724
9936 14 62 0.5669
9995 7 53 0.2598
9995 7 56 0.2598
9995 7 62 0.3071
10024 7 55 0.2913
10024 7 63 0.3543
10054 7 60 0.2756
10054 7 63 0.2756
10054 7 65 0.3228
10083 7 58 0.2913
10083 7 63 0.2913
10083 7 67 0.3543
10113 7 56 0.2598
10113 7 62 0.2598
10113 7 65 0.3071
10142 7 55 0.2913
10142 7 63 0.3543
10171 7 82 0.4961
10179 7 84 0.4646
10186 7 82 0.4961
10194 7 81 0.4646
10201 14 82 0.5512
10230 7 82 0.4961
10238 7 84 0.4567
10245 7 82 0.4961
10253 7 81 0.4488
10260 14 82 0.5433
10289 14 53 0.4724
10289 14 56 0.4724
10289 14 62 0.5669
10348 58 51 0.4331
10348 58 54 0.4331
10348 58 57 0.4331
10348 58 63 0.5197
10407 7 60 0.2756
10407 7 63 0.2756
10407 7 65 0.3228
10437 7 58 0.2913
10437 7 63 0.2913
10437 7 67 0.3543
10466 7 56 0.2598
10466 7 62 0.2598
10466 7 65 0.3071
10496 14 55 0.2913
10496 14 63 0.3543
10525 14 62 0.2362
10525 14 68 0.2835
10540 14 63 0.2126
10540 14 67 0.252
10584 14 68 0.2441
10584 14 74 0.2913
10599 14 67 0.2126
10599 14 75 0.252
10643 14 80 0.2913
10643 14 74 0.2441
10658 14 75 0.2126
10658 14 79 0.252
10702 14 86 0.3386
10702 14 80 0.2835
10717 14 79 0.2362
10717 14 87 0.2835
10761 29 55 0.378
10761 29 58 0.378
10761 29 63 0.4488
11012 14 63 0.315
11027 14 62 0.3543
11041 14 63 0.315
11056 7 70 0.3543
11071 7 70 0.2992
11085 14 61 0.3543
11100 14 62 0.315
11115 7 70 0.3543
11130 7 70 0.2992
11248 14 65 0.315
11262 14 64 0.3543
11277 14 65 0.315
11292 7 70 0.3543
11307 7 70 0.2992
11321 14 63 0.3543
11336 14 64 0.315
11351 7 70 0.3543
11366 7 70 0.2992
11380 14 64 0.3543
11395 14 65 0.3228
11410 7 73 0.3622
11425 7 73 0.315
11439 14 66 0.3701
11454 14 67 0.3386
11469 7 73 0.378
11484 7 73 0.3228
11498 14 72 0.3858
11513 14 70 0.3307
11528 14 69 0.3701
11542 14 70 0.3307
11557 14 67 0.3858
11572 14 68 0.3465
11587 7 77 0.3937
11601 7 77 0.3465
11616 14 71 0.4094
11631 14 72 0.3701
11646 7 80 0.4252
11660 7 80 0.3701
11675 14 76 0.4409
11690 14 77 0.3937
11705 7 83 0.4488
11719 7 83 0.3937
11734 14 79 0.4961
11749 14 80 0.4409
11764 7 86 0.5197
11778 7 86 0.4724
11793 14 85 0.622
11808 14 86 0.5669
11823 7 89 0.5433
11837 7 89 0.5039
11852 58 89 0.5984
11926 13 68 0.5118
11941 13 68 0.5118
11955 13 68 0.5118
11970 58 59 0.5827
12044 13 44 0.5039
12058 13 44 0.5039
12073 13 44 0.5039
12088 14 35 0.6142
12103 13 44 0.5512
12117 13 44 0.5512
12132 13 44 0.5512
12147 42 35 0.6772
12191 14 60 0.315
12206 14 59 0.3543
12221 14 60 0.315
12235 7 65 0.3543
12250 7 65 0.2992
12265 29 63 0.3543
12309 14 60 0.315
12324 14 59 0.3543
12339 14 60 0.315
12353 7 68 0.3543
12368 7 68 0.2992
12383 29 67 0.3543
12427 14 60 0.315
12442 14 59 0.3543
12456 14 60 0.315
12471 7 72 0.3543
12486 7 72 0.2992
12501 14 72 0.3543
12515 3 74 0.3543
12519 3 72 0.3543
12523 3 71 0.315
12527 3 72 0.3543
12530 14 75 0.3937
12545 14 74 0.3543
12560 14 77 0.4409
12574 14 75 0.4173
12589 14 74 0.3937
12604 14 72 0.3701
12619 29 71 0.4016
12663 14 55 0.315
12678 14 54 0.3543
12692 14 55 0.315
12707 7 60 0.3543
12722 7 60 0.2992
12737 29 59 0.3543
12781 14 55 0.315
12796 14 54 0.3543
12810 14 55 0.315
12825 7 63 0.3543
12840 7 63 0.2992
12855 29 62 0.3543
12899 7 55 0.3543
12913 7 59 0.4016
12928 7 62 0.3543
12943 7 65 0.3543
12958 7 68 0.3543
12972 7 71 0.4331
12987 7 74 0.4173
13002 7 77 0.4409
13017 7 80 0.4724
13031 7 79 0.4961
13046 7 77 0.4646
13061 7 75 0.4331
13076 7 74 0.4252
13090 29 72 0.4882
13135 14 72 0.3937
13149 14 71 0.4488
13164 14 72 0.4173
13179 7 84 0.4724
13194 7 84 0.4094
13208 29 84 0.4724
13253 14 89 0.4646
13267 14 87 0.5118
13282 14 86 0.4724
13297 14 84 0.5197
13312 14 83 0.4724
13326 14 86 0.5433
13341 14 84 0.4724
13370 14 72 0.3937
13385 5 71 0.4252
13391 5 72 0.4252
13397 5 73 0.4331
13403 5 74 0.4409
13409 5 75 0.4409
13415 7 76 0.4488
13422 7 77 0.4567
13429 7 78 0.4646
13437 7 79 0.4646
13444 7 80 0.4724
13452 7 81 0.4803
13459 7 82 0.4882
13466 7 83 0.4882
13474 14 84 0.5354
13488 14 89 0.4961
13503 14 87 0.5118
13518 14 86 0.4724
13533 14 84 0.5197
13547 14 83 0.4724
13562 7 84 0.5433
13570 7 86 0.4961
13577 7 84 0.4961
13584 7 83 0.4961
13592 7 84 0.5433
13599 7 87 0.5748
13606 7 86 0.5669
13614 7 84 0.5591
13621 7 83 0.5669
13628 7 84 0.5118
13636 7 83 0.5118
13643 7 80 0.5118
13651 7 79 0.5433
13658 7 77 0.4961
13665 7 75 0.4961
13673 7 74 0.4961
13680 7 72 0.5433
13687 7 74 0.4961
13695 7 72 0.4961
13702 7 71 0.4803
13710 7 72 0.5197
13717 7 75 0.5669
13724 7 74 0.5512
13732 7 72 0.5276
13739 7 71 0.5433
13746 7 72 0.4961
13754 7 71 0.4961
13761 7 68 0.4961
13769 7 67 0.5433
13776 7 65 0.4961
13783 7 63 0.4961
13791 7 62 0.4961
13798 7 60 0.6063
13805 7 62 0.5433
13813 7 60 0.5433
13820 7 59 0.5433
13827 7 60 0.6063
13835 7 63 0.5433
13842 7 62 0.5433
13850 7 60 0.5433
13857 7 59 0.6063
13864 7 67 0.5433
13872 7 62 0.5433
13879 7 59 0.5433
13886 7 55 0.622
13894 7 67 0.5433
13901 7 63 0.5433
13909 7 60 0.5433
13916 7 55 0.6378
13923 7 67 0.5433
13931 7 62 0.5433
13938 7 59 0.5433
13945 7 55 0.6299
13953 7 67 0.5433
13960 7 63 0.5433
13968 7 60 0.5433
13975 7 55 0.6299
13982 7 67 0.5433
13990 7 62 0.5433
13997 7 59 0.5433
14004 7 55 0.6299
14012 7 67 0.5433
14019 7 63 0.5433
14027 7 60 0.5433
14034 58 55 0.5827
14034 58 59 0.5827
14034 58 62 0.5827
14034 58 67 0.7008
14108 7 67 0.315
14122 7 69 0.2913
14137 7 71 0.2913
14152 58 64 0.3071
14152 58 67 0.3071
14152 7 72 0.3622
14167 7 74 0.315
14181 7 76 0.315
14211 7 62 0.2992
14211 7 67 0.2992
14211 7 74 0.3543
14240 7 64 0.2598
14240 7 67 0.2598
14240 7 72 0.3071
14270 58 65 0.2913
14270 58 67 0.2913
14270 58 71 0.2913
14270 58 77 0.3543
14343 7 67 0.315
14358 7 69 0.2913
14373 7 71 0.2913
14388 58 64 0.3071
14388 58 67 0.3071
14388 7 72 0.3622
14402 7 74 0.315
14417 7 76 0.315
14447 7 62 0.2992
14447 7 69 0.2992
14447 7 74 0.3543
14476 7 69 0.2598
14476 7 62 0.2598
14476 7 72 0.3071
14506 58 59 0.2441
14506 58 62 0.2441
14506 58 67 0.2913
14579 7 67 0.315
14594 7 69 0.2913
14609 7 71 0.2913
14624 58 64 0.3071
14624 58 67 0.3071
14624 7 72 0.3622
14638 7 74 0.315
14653 7 76 0.315
14683 7 62 0.2992
14683 7 67 0.2992
14683 7 74 0.3543
14712 7 64 0.2598
14712 7 67 0.2598
14712 7 72 0.3071
14739 61 69 0.3543
14740 60 72 0.3937
14741 59 77 0.5591
14741 73 81 0.6299
14815 7 81 0.378
14830 7 79 0.4173
14845 7 77 0.3937
14859 14 76 0.4173
14874 14 74 0.378
14889 7 72 0.378
14904 7 71 0.378
14918 58 62 0.3543
14918 58 65 0.3543
14918 29 69 0.4173
14948 29 67 0.3858
14977 58 60 0.3228
14977 58 64 0.3228
14977 58 67 0.3858
15051 7 79 0.378
15066 7 77 0.4173
15081 7 76 0.3937
15095 14 76 0.4173
15110 14 74 0.378
15125 7 72 0.378
15140 7 71 0.378
15154 58 62 0.3543
15154 58 65 0.3543
15154 29 68 0.4173
15184 29 67 0.3858
15213 58 60 0.4252
15213 58 63 0.4252
15213 58 67 0.4252
15287 7 79 0.378
15287 7 67 0.378
15302 7 77 0.4173
15302 7 65 0.4173
15316 7 75 0.3937
15316 7 63 0.3937
15331 14 75 0.4331
15331 14 63 0.4331
15346 14 74 0.378
15346 14 62 0.378
15361 7 72 0.378
15361 7 60 0.378
15375 7 71 0.378
15375 7 59 0.378
15390 7 56 0.4331
15390 7 68 0.4331
15405 7 55 0.378
15405 7 67 0.378
15420 7 57 0.378
15420 7 69 0.378
15434 7 59 0.378
15434 7 71 0.378
15449 29 60 0.3858
15449 29 72 0.4567
15493 14 72 0.4252
15508 14 71 0.4724
15523 14 72 0.4331
15538 7 74 0.4094
15538 7 77 0.4882
15552 7 74 0.378
15552 7 77 0.4488
15567 29 72 0.4331
15567 29 75 0.5118
15611 14 72 0.4803
15626 14 71 0.5354
15641 14 72 0.4961
15656 7 77 0.4567
15656 7 80 0.5433
15670 7 77 0.4252
15670 7 80 0.5039
15685 29 75 0.5512
15685 29 79 0.5512
15729 14 84 0.5827
15744 14 83 0.6614
15759 14 84 0.6063
15773 7 89 0.7402
15773 7 86 0.7402
15788 7 86 0.6772
15788 7 89 0.6772
15803 29 86 0.7953
15803 36 89 0.7953
15840 7 87 0.5827
15847 7 86 0.5748
15855 7 84 0.5669
15862 7 83 0.5669
15869 7 84 0.5669
15877 7 86 0.5591
15884 7 84 0.5512
15891 7 83 0.5433
15899 7 80 0.5354
15906 7 79 0.5276
15913 7 77 0.5197
15921 9 75 0.5197
15931 9 77 0.4882
15941 9 79 0.4882
15950 9 77 0.5197
15960 9 75 0.4882
15970 9 74 0.4882
15980 9 72 0.5197
15990 9 70 0.4882
15999 9 68 0.4882
16009 9 67 0.5197
16019 9 65 0.4724
16029 9 63 0.4961
16046 7 62 0.4646
16054 7 65 0.4961
16061 7 68 0.5276
16068 14 74 0.5669
16105 7 59 0.4961
16113 7 62 0.5197
16120 7 65 0.5433
16127 14 71 0.5669
16157 7 71 0.5276
16164 7 83 0.4724
16171 7 71 0.5276
16179 7 83 0.4724
16186 7 71 0.5276
16194 7 83 0.4646
16201 7 71 0.5276
16208 7 83 0.4803
16216 7 71 0.5276
16223 7 83 0.4646
16230 7 71 0.5276
16238 7 83 0.4646
16245 7 71 0.5276
16253 7 83 0.4646
16260 7 71 0.5276
16267 7 83 0.4724
16275 7 72 0.5276
16282 7 84 0.4724
16289 7 72 0.5433
16297 7 84 0.4882
16304 7 72 0.5591
16312 7 84 0.4961
16319 7 72 0.5669
16326 7 84 0.5276
16334 7 72 0.5906
16341 7 84 0.5276
16348 7 72 0.6063
16356 7 84 0.5433
16363 7 72 0.6299
16370 7 84 0.5591
16378 7 72 0.6378
16385 7 84 0.5748
16400 7 77 0.5591
16407 7 80 0.5984
16415 7 86 0.6378
16422 14 89 0.6772
16459 7 74 0.5906
16466 7 77 0.622
16474 7 83 0.6457
16481 14 86 0.6772
16511 29 72 0.6299
16511 29 79 0.6299
16511 29 75 0.6299
16511 29 84 0.7402
16540 7 79 0.4961
16555 7 79 0.4961
16570 14 79 0.5512
16599 7 79 0.4961
16614 7 79 0.4961
16628 14 79 0.5433
16658 14 50 0.4724
16658 14 53 0.4724
16658 14 59 0.5669
16717 7 50 0.2598
16717 7 53 0.2598
16717 7 59 0.3071
16746 7 48 0.2913
16746 7 51 0.2913
16746 7 60 0.3543
16776 7 57 0.2756
16776 7 60 0.2756
16776 7 62 0.3228
16805 7 55 0.2913
16805 7 60 0.2913
16805 7 63 0.3543
16835 7 53 0.2598
16835 7 59 0.2598
16835 7 62 0.3071
16864 7 51 0.2913
16864 7 55 0.2913
16864 7 60 0.3543
16894 7 79 0.4961
16901 7 80 0.4646
16909 7 79 0.4961
16916 7 78 0.4646
16923 14 79 0.5512
16953 7 79 0.4961
16960 7 80 0.4567
16968 7 79 0.4961
16975 7 78 0.4488
16982 14 79 0.5433
17012 14 50 0.4724
17012 14 53 0.4724
17012 14 59 0.5669
17071 58 48 0.4331
17071 58 51 0.4331
17071 58 54 0.4331
17071 58 60 0.5197
17130 7 57 0.2756
17130 7 60 0.2756
17130 7 62 0.3228
17159 7 55 0.2913
17159 7 60 0.2913
17159 7 63 0.3543
17189 7 53 0.2598
17189 7 59 0.2598
17189 7 62 0.3071
17218 14 51 0.2913
17218 14 55 0.2913
17218 14 60 0.3543
17248 14 59 0.2362
17248 14 65 0.2835
17262 14 60 0.2126
17262 14 63 0.252
17307 14 65 0.2441
17307 14 71 0.2913
17321 14 63 0.2126
17321 14 72 0.252
17366 14 77 0.2913
17366 14 71 0.2441
17380 14 72 0.2126
17380 14 75 0.252
17425 14 83 0.3386
17425 14 77 0.2835
17439 14 75 0.2362
17439 14 84 0.2835
17484 14 60 0.2835
17484 14 66 0.3465
17498 14 61 0.2598
17498 14 65 0.315
17542 14 65 0.3386
17542 14 73 0.4094
17557 14 66 0.2992
17557 14 72 0.3543
17601 14 77 0.5118
17601 14 73 0.4252
17616 14 72 0.3701
17616 14 78 0.4488
17660 14 85 0.5984
17660 14 77 0.4961
17675 14 78 0.4331
17675 14 84 0.5118
17690 117 87 0.6614
17690 117 78 0.6142
17808 29 85 0.4646
17808 58 75 0.315
17837 29 84 0.4252
17867 29 82 0.4488
17867 117 72 0.315
17896 14 80 0.3937
17911 4 77 0.3228
17916 4 78 0.2835
17921 4 80 0.2835
17926 58 78 0.3937
17999 7 56 0.2677
18014 7 58 0.2441
18029 7 60 0.2441
18044 58 53 0.2598
18044 58 56 0.2598
18044 7 61 0.3071
18058 7 63 0.2677
18073 7 65 0.2677
18103 7 56 0.252
18103 7 63 0.2992
18132 7 56 0.2126
18132 7 61 0.2598
18162 73 54 0.2441
18162 73 56 0.2441
18162 73 60 0.2441
18162 73 66 0.2913
18235 7 56 0.2677
18250 7 58 0.2441
18265 7 60 0.2441
18280 58 53 0.2598
18280 58 56 0.2598
18280 7 61 0.3071
18294 7 63 0.2677
18309 7 65 0.2677
18339 7 51 0.252
18339 7 58 0.252
18339 7 63 0.2992
18368 7 58 0.2126
18368 7 51 0.2126
18368 7 61 0.2598
18398 58 48 0.2047
18398 58 51 0.2047
18398 58 56 0.2441
18471 7 56 0.2677
18486 7 58 0.2441
18501 7 60 0.2441
18515 58 53 0.2598
18515 58 56 0.2598
18515 7 61 0.3071
18530 7 63 0.2677
18545 7 65 0.2677
18574 7 56 0.252
18574 7 63 0.2992
18604 7 56 0.2126
18604 7 61 0.2598
18633 117 54 0.2205
18633 117 56 0.2205
18633 58 60 0.2205
18633 44 66 0.2756
18678 14 63 0.2362
18692 58 60 0.2677
18791 137 54 0.315
18797 131 57 0.3386
18804 65 60 0.3622
18810 44 66 0.3858
18855 14 63 0.2362
18869 58 60 0.2677
18967 6 55 0.4961
18974 6 60 0.5118
18981 6 63 0.5276
18987 7 67 0.5512
19002 7 63 0.4961
19017 7 60 0.5276
19031 7 55 0.4961
19179 7 60 0.3465
19194 7 62 0.3701
19208 7 64 0.4016
19223 7 65 0.4252
19238 7 67 0.3622
19253 7 68 0.3701
19267 14 84 0.4409
19282 14 83 0.5118
19297 14 84 0.4331
19312 7 89 0.5197
19326 7 89 0.4252
19341 29 88 0.5197
19415 7 60 0.3465
19429 7 62 0.3701
19444 7 64 0.4016
19459 7 65 0.4252
19474 7 67 0.3622
19488 7 68 0.3701
19503 14 84 0.4409
19518 14 83 0.5118
19533 14 84 0.4331
19547 7 89 0.5197
19562 7 89 0.4252
19577 29 88 0.5197
19621 14 72 0.3937
19636 14 71 0.4488
19651 14 72 0.3701
19665 7 77 0.4488
19680 7 77 0.3543
19695 29 76 0.4331
19739 14 60 0.3543
19754 14 59 0.4016
19769 14 60 0.3386
19783 7 65 0.4016
19798 7 65 0.315
19813 29 64 0.3858
19857 14 36 0.2362
19872 29 36 0.315
19916 14 36 0.2047
19931 29 36 0.2598
44 14 48 0.2835
58 14 47 0.2992
73 14 48 0.2756
88 7 53 0.2992
103 7 53 0.2677
117 29 51 0.2992
162 14 48 0.2835
176 14 47 0.2992
191 14 48 0.2756
206 7 56 0.2992
221 7 56 0.2677
235 29 55 0.2992
353 117 56 0.2992
353 117 60 0.2992
353 117 66 0.2992
471 29 67 0.2992
471 29 62 0.252
471 29 55 0.252
515 14 43 0.2835
530 14 42 0.2992
545 14 43 0.2756
560 7 48 0.2992
574 7 48 0.2677
589 29 47 0.2992
633 14 43 0.2835
648 14 42 0.2992
663 14 43 0.2756
678 7 51 0.2992
692 7 51 0.2677
707 29 50 0.2992
751 7 43 0.2913
766 7 47 0.3386
781 7 50 0.2913
796 7 53 0.2913
810 7 56 0.2913
825 7 59 0.3622
840 7 62 0.3543
855 7 65 0.3701
869 7 68 0.3937
884 7 67 0.4173
899 7 65 0.3937
914 7 63 0.3622
928 7 62 0.3543
943 7 60 0.3307
958 7 63 0.252
958 7 67 0.2992
972 7 63 0.252
972 7 67 0.2992
987 7 63 0.252
987 7 67 0.2992
1002 7 60 0.3307
1017 7 64 0.2441
1017 7 67 0.2441
1017 7 70 0.2913
1031 7 64 0.2441
1031 7 67 0.2441
1031 7 70 0.2913
1046 7 64 0.2441
1046 7 67 0.2441
1046 7 70 0.2913
1061 7 60 0.3307
1076 7 65 0.252
1076 7 68 0.2992
1090 7 65 0.252
1090 7 68 0.2992
1105 7 65 0.252
1105 7 68 0.2992
1120 7 60 0.3307
1135 7 65 0.2441
1135 7 68 0.2441
1135 7 71 0.2913
1149 7 65 0.2441
1149 7 68 0.2441
1149 7 71 0.2913
1164 7 65 0.2441
1164 7 68 0.2441
1164 7 71 0.2913
1179 7 60 0.3307
1194 7 63 0.252
1194 7 67 0.2992
1208 7 63 0.252
1208 7 67 0.2992
1223 7 63 0.252
1223 7 67 0.2992
1238 7 60 0.3307
1253 7 64 0.2441
1253 7 67 0.2441
1253 7 70 0.2913
1267 7 64 0.2441
1267 7 67 0.2441
1267 7 70 0.2913
1282 7 64 0.2441
1282 7 67 0.2441
1282 7 70 0.2913
1297 7 60 0.3307
1312 7 65 0.252
1312 7 68 0.2992
1326 7 65 0.252
1326 7 68 0.2992
1341 7 65 0.252
1341 7 68 0.2992
1356 7 60 0.3307
1371 7 65 0.2441
1371 7 68 0.2441
1371 7 71 0.2913
1385 7 65 0.2441
1385 7 68 0.2441
1385 7 71 0.2913
1400 7 65 0.2441
1400 7 68 0.2441
1400 7 71 0.2913
1415 29 60 0.2835
1415 29 63 0.2835
1415 29 67 0.2835
1415 29 72 0.3465
1459 14 66 0.3307
1474 29 67 0.4094
1518 14 59 0.378
1533 29 60 0.4488
1577 14 54 0.4252
1592 29 55 0.4961
1636 14 47 0.4488
1651 29 48 0.5197
1695 14 42 0.4567
1710 29 43 0.5276
1739 14 36 0.6457
1739 14 48 0.7559
1769 14 31 0.4331
1769 14 43 0.5197
1798 14 36 0.6457
1798 14 48 0.7638
1828 14 31 0.4488
1828 14 43 0.5354
1857 14 36 0.6457
1857 14 48 0.7638
1886 58 31 0.5197
1886 58 35 0.5197
1886 58 38 0.5197
1886 58 43 0.6142
2004 58 39 0.2047
2004 58 51 0.2441
2063 7 44 0.1969
2063 7 56 0.2362
2093 7 43 0.1811
2093 7 55 0.2126
2122 58 46 0.2126
2122 58 41 0.2126
2122 58 53 0.252
2240 58 39 0.2047
2240 58 51 0.2441
2299 7 32 0.1969
2299 7 44 0.2362
2329 7 33 0.1811
2329 7 45 0.2126
2358 58 34 0.1732
2358 58 46 0.2126
2476 58 39 0.2047
2476 58 51 0.2441
2535 7 44 0.1969
2535 7 56 0.2362
2565 7 43 0.1811
2565 7 55 0.2126
2588 35 44 0.2205
2589 35 48 0.252
2589 34 51 0.2835
2590 33 56 0.315
2712 235 46 0.6299
2786 7 34 0.3858
2800 7 36 0.4173
2815 7 38 0.3543
2830 7 39 0.4173
2845 7 41 0.3858
2859 7 43 0.4016
2889 29 41 0.4173
2918 29 39 0.3937
2948 235 46 0.6299
3022 7 34 0.3858
3036 7 36 0.4173
3051 7 38 0.3543
3066 7 39 0.4173
3081 7 41 0.3858
3095 7 43 0.4016
3125 29 41 0.4173
3154 29 39 0.3937
3184 29 44 0.3543
3184 29 48 0.3543
3184 29 53 0.4173
3243 29 46 0.3307
3243 29 53 0.3307
3243 29 56 0.3937
3302 29 55 0.4567
3302 29 51 0.3858
3346 14 51 0.4252
3361 14 50 0.4724
3375 14 51 0.4331
3390 7 48 0.4094
3390 7 56 0.4882
3405 7 48 0.378
3405 7 56 0.4488
3420 29 55 0.5118
3420 29 46 0.4331
3464 14 51 0.4803
3479 14 50 0.5354
3493 14 51 0.4961
3508 7 56 0.4567
3508 7 60 0.5433
3523 7 56 0.4252
3523 7 60 0.5039
3538 14 58 0.5591
3538 14 55 0.5591
3552 7 51 0.4882
3560 7 63 0.4252
3567 7 51 0.4961
3574 7 63 0.4409
3582 7 51 0.4961
3589 7 63 0.4488
3597 7 51 0.4961
3604 7 63 0.4331
3611 7 51 0.5039
3619 7 63 0.4646
3626 7 51 0.5118
3633 7 63 0.4567
3641 7 51 0.5197
3648 7 63 0.4803
3656 117 50 0.3858
3656 117 53 0.3858
3656 117 56 0.3858
3656 117 58 0.3858
3657 117 62 0.5197
3773 29 51 0.3858
3773 29 55 0.3858
3773 29 58 0.3858
3773 29 63 0.5197
3891 14 32 0.5748
3891 14 44 0.5748
3936 7 32 0.4961
3936 7 44 0.4961
3950 14 34 0.5512
3950 14 46 0.5512
3995 7 34 0.4961
3995 7 46 0.4961
4024 7 68 0.4961
4031 7 70 0.5118
4039 7 72 0.5433
4046 7 70 0.5276
4054 7 68 0.5118
4061 7 67 0.5039
4068 9 65 0.5276
4078 9 63 0.4803
4088 9 62 0.4803
4098 9 60 0.5276
4108 9 58 0.4882
4117 9 56 0.4882
4127 9 55 0.5276
4137 9 56 0.4961
4147 9 58 0.4961
4157 9 56 0.5276
4167 9 55 0.4724
4176 9 53 0.4724
4186 9 51 0.5512
4196 9 50 0.4961
4206 9 48 0.5197
4216 9 46 0.5827
4226 9 44 0.5276
4235 9 43 0.5276
4245 14 32 0.5748
4245 14 44 0.5748
4289 7 32 0.4961
4289 7 44 0.4961
4304 14 34 0.5512
4304 14 46 0.5512
4348 7 34 0.4961
4348 7 46 0.4961
4363 29 39 0.4646
4363 29 43 0.4646
4363 29 46 0.4646
4363 29 51 0.5512
4393 7 64 0.4173
4393 7 67 0.4961
4407 7 64 0.4173
4407 7 67 0.4961
4422 14 65 0.4646
4422 14 68 0.5512
4452 7 64 0.4173
4452 7 67 0.4961
4466 7 64 0.4173
4466 7 67 0.4961
4481 14 65 0.4646
4481 14 68 0.5512
4511 14 34 0.4961
4511 14 46 0.5827
4570 7 35 0.2362
4570 7 47 0.2835
4599 7 36 0.252
4599 7 48 0.2992
4628 7 33 0.2362
4628 7 45 0.2835
4658 7 34 0.252
4658 7 46 0.2992
4687 7 34 0.2126
4687 7 46 0.2598
4717 7 39 0.252
4717 7 51 0.2992
4746 7 64 0.4173
4746 7 67 0.4961
4761 7 64 0.4173
4761 7 67 0.4961
4776 14 65 0.4646
4776 14 68 0.5512
4805 7 64 0.4173
4805 7 67 0.4961
4820 7 64 0.4173
4820 7 67 0.4961
4835 14 65 0.4646
4835 14 68 0.5512
4864 14 34 0.4961
4864 14 46 0.5827
4923 58 35 0.4331
4923 58 39 0.4331
4923 58 42 0.4331
4923 58 47 0.5118
4982 7 33 0.2362
4982 7 45 0.2835
5012 7 34 0.252
5012 7 46 0.2992
5041 7 34 0.2126
5041 7 46 0.2598
5071 14 39 0.252
5085 14 51 0.2126
5130 14 39 0.252
5144 14 51 0.2205
5189 14 39 0.252
5203 14 51 0.2205
5248 14 39 0.252
5262 14 51 0.2126
5307 29 39 0.252
5469 14 48 0.2835
5484 14 47 0.2992
5498 14 48 0.2756
5513 7 53 0.2992
5528 7 53 0.2677
5542 29 51 0.2992
5587 14 48 0.2835
5601 14 47 0.2992
5616 14 48 0.2756
5631 7 56 0.2992
5646 7 56 0.2677
5660 29 55 0.2992
5778 117 56 0.2992
5778 117 60 0.2992
5778 117 66 0.2992
5896 29 67 0.2992
5896 29 62 0.252
5896 29 55 0.252
5941 14 43 0.2835
5955 14 42 0.2992
5970 14 43 0.2756
5985 7 48 0.2992
5999 7 48 0.2677
6014 29 47 0.2992
6058 14 43 0.2835
6073 14 42 0.2992
6088 14 43 0.2756
6103 7 51 0.2992
6117 7 51 0.2677
6132 29 50 0.2992
6176 7 43 0.2913
6191 7 47 0.3386
6206 7 50 0.2913
6221 7 53 0.2913
6235 7 56 0.2913
6250 7 59 0.3622
6265 7 62 0.3543
6280 7 65 0.3701
6294 7 68 0.3937
6309 7 67 0.4173
6324 7 65 0.3937
6339 7 63 0.3622
6353 7 62 0.3543
6368 7 60 0.3307
6383 7 63 0.252
6383 7 67 0.2992
6398 7 63 0.252
6398 7 67 0.2992
6412 7 63 0.252
6412 7 67 0.2992
6427 7 60 0.3307
6442 7 64 0.2441
6442 7 67 0.2441
6442 7 70 0.2913
6456 7 64 0.2441
6456 7 67 0.2441
6456 7 70 0.2913
6471 7 64 0.2441
6471 7 67 0.2441
6471 7 70 0.2913
6486 7 60 0.3307
6501 7 65 0.252
6501 7 68 0.2992
6515 7 65 0.252
6515 7 68 0.2992
6530 7 65 0.252
6530 7 68 0.2992
6545 7 60 0.3307
6560 7 65 0.2441
6560 7 68 0.2441
6560 7 71 0.2913
6574 7 65 0.2441
6574 7 68 0.2441
6574 7 71 0.2913
6589 7 65 0.2441
6589 7 68 0.2441
6589 7 71 0.2913
6604 7 60 0.3307
6619 7 63 0.252
6619 7 67 0.2992
6633 7 63 0.252
6633 7 67 0.2992
6648 7 63 0.252
6648 7 67 0.2992
6663 7 60 0.3307
6678 7 64 0.2441
6678 7 67 0.2441
6678 7 70 0.2913
6692 7 64 0.2441
6692 7 67 0.2441
6692 7 70 0.2913
6707 7 64 0.2441
6707 7 67 0.2441
6707 7 70 0.2913
6722 7 60 0.3307
6737 7 65 0.252
6737 7 68 0.2992
6751 7 65 0.252
6751 7 68 0.2992
6766 7 65 0.252
6766 7 68 0.2992
6781 7 60 0.3307
6796 7 65 0.2441
6796 7 68 0.2441
6796 7 71 0.2913
6810 7 65 0.2441
6810 7 68 0.2441
6810 7 71 0.2913
6825 7 65 0.2441
6825 7 68 0.2441
6825 7 71 0.2913
6840 29 60 0.2835
6840 29 63 0.2835
6840 29 67 0.2835
6840 29 72 0.3465
6884 14 66 0.3307
6899 29 67 0.4094
6943 14 59 0.378
6958 29 60 0.4488
7002 14 54 0.4252
7017 29 55 0.4961
7061 14 47 0.4488
7076 29 48 0.5197
7120 14 42 0.4567
7135 29 43 0.5276
7164 14 36 0.6457
7164 14 48 0.7559
7194 14 31 0.4331
7194 14 43 0.5197
7223 14 36 0.6457
7223 14 48 0.7638
7253 14 31 0.4488
7253 14 43 0.5354
7282 14 36 0.6457
7282 14 48 0.7638
7312 58 31 0.5197
7312 58 35 0.5197
7312 58 38 0.5197
7312 58 43 0.6142
7429 58 39 0.2047
7429 58 51 0.2441
7488 7 44 0.1969
7488 7 56 0.2362
7518 7 43 0.1811
7518 7 55 0.2126
7547 58 46 0.2126
7547 58 41 0.2126
7547 58 53 0.252
7665 58 39 0.2047
7665 58 51 0.2441
7724 7 32 0.1969
7724 7 44 0.2362
7754 7 33 0.1811
7754 7 45 0.2126
7783 58 34 0.1732
7783 58 46 0.2126
7901 58 39 0.2047
7901 58 51 0.2441
7960 7 44 0.1969
7960 7 56 0.2362
7990 7 43 0.1811
7990 7 55 0.2126
8013 35 44 0.2205
8014 35 48 0.252
8015 34 51 0.2835
8015 33 56 0.315
8137 235 46 0.6299
8211 7 34 0.3858
8226 7 36 0.4173
8240 7 38 0.3543
8255 7 39 0.4173
8270 7 41 0.3858
8285 7 43 0.4016
8314 29 41 0.4173
8343 29 39 0.3937
8373 235 46 0.6299
8447 7 34 0.3858
8461 7 36 0.4173
8476 7 38 0.3543
8491 7 39 0.4173
8506 7 41 0.3858
8520 7 43 0.4016
8550 29 41 0.4173
8579 29 39 0.3937
8609 29 44 0.3543
8609 29 48 0.3543
8609 29 53 0.4173
8668 29 53 0.3307
8668 29 46 0.3307
8668 29 56 0.3937
8727 29 51 0.3858
8727 29 55 0.4567
8771 14 51 0.4252
8786 14 50 0.4724
8800 14 51 0.4331
8815 7 48 0.4094
8815 7 56 0.4882
8830 7 56 0.4488
8830 7 48 0.378
8845 29 55 0.5118
8845 29 46 0.4331
8889 14 51 0.4803
8904 14 50 0.5354
8918 14 51 0.4961
8933 7 56 0.4567
8933 7 60 0.5433
8948 7 56 0.4252
8948 7 60 0.5039
8963 14 55 0.5591
8963 14 58 0.5591
8977 7 51 0.4882
8985 7 63 0.4252
8992 7 51 0.4961
8999 7 63 0.4409
9007 7 51 0.4961
9014 7 63 0.4488
9022 7 51 0.4961
9029 7 63 0.4331
9036 7 51 0.5039
9044 7 63 0.4646
9051 7 51 0.5118
9058 7 63 0.4567
9066 7 51 0.5197
9073 7 63 0.4803
9081 117 53 0.3858
9081 117 50 0.3858
9081 117 56 0.3858
9081 117 58 0.3858
9082 117 62 0.5197
9199 29 55 0.3858
9199 29 51 0.3858
9199 29 63 0.5197
9199 29 58 0.3858
9316 14 44 0.5748
9316 14 32 0.5748
9361 7 44 0.4961
9361 7 32 0.4961
9375 14 34 0.5512
9375 14 46 0.5512
9420 7 46 0.4961
9420 7 34 0.4961
9449 7 68 0.4961
9456 7 70 0.5118
9464 7 72 0.5433
9471 7 70 0.5276
9479 7 68 0.5118
9486 7 67 0.5039
9493 9 65 0.5276
9503 9 63 0.4803
9513 9 62 0.4803
9523 9 60 0.5276
9533 9 58 0.4882
9542 9 56 0.4882
9552 9 55 0.5276
9562 9 56 0.4961
9572 9 58 0.4961
9582 9 56 0.5276
9592 9 55 0.4724
9601 9 53 0.4724
9611 9 51 0.5512
9621 9 50 0.4961
9631 9 48 0.5197
9641 9 46 0.5827
9651 9 44 0.5276
9660 9 43 0.5276
9670 14 44 0.5748
9670 14 32 0.5748
9714 7 32 0.4961
9714 7 44 0.4961
9729 14 34 0.5512
9729 14 46 0.5512
9773 7 46 0.4961
9773 7 34 0.4961
9788 29 51 0.5512
9788 29 39 0.4646
9788 29 43 0.4646
9788 29 46 0.4646
9818 7 67 0.4961
9818 7 64 0.4173
9832 7 64 0.4173
9832 7 67 0.4961
9847 14 68 0.5512
9847 14 65 0.4646
9877 7 64 0.4173
9877 7 67 0.4961
9891 7 64 0.4173
9891 7 67 0.4961
9906 14 68 0.5512
9906 14 65 0.4646
9936 14 34 0.4961
9936 14 46 0.5827
9995 7 47 0.2835
9995 7 35 0.2362
10024 7 36 0.252
10024 7 48 0.2992
10054 7 45 0.2835
10054 7 33 0.2362
10083 7 46 0.2992
10083 7 34 0.252
10113 7 34 0.2126
10113 7 46 0.2598
10142 7 39 0.252
10142 7 51 0.2992
10171 7 67 0.4961
10171 7 64 0.4173
10186 7 64 0.4173
10186 7 67 0.4961
10201 14 68 0.5512
10201 14 65 0.4646
10230 7 64 0.4173
10230 7 67 0.4961
10245 7 64 0.4173
10245 7 67 0.4961
10260 14 68 0.5512
10260 14 65 0.4646
10289 14 46 0.5827
10289 14 34 0.4961
10348 58 39 0.4331
10348 58 42 0.4331
10348 58 47 0.5118
10348 58 35 0.4331
10407 7 33 0.2362
10407 7 45 0.2835
10437 7 46 0.2992
10437 7 34 0.252
10466 7 34 0.2126
10466 7 46 0.2598
10496 14 39 0.252
10511 14 51 0.2126
10555 14 39 0.252
10570 14 51 0.2205
10614 14 39 0.252
10628 14 51 0.2205
10673 14 39 0.252
10687 14 51 0.2126
10732 29 39 0.252
10894 14 48 0.2835
10909 14 47 0.3307
10923 14 48 0.2756
10938 7 58 0.3543
10938 7 55 0.2913
10953 7 58 0.3307
10953 7 55 0.2756
10968 117 58 0.6063
10968 117 55 0.5039
11085 29 58 0.2992
11085 29 56 0.252
11130 14 46 0.2835
11144 14 45 0.3307
11159 14 46 0.2756
11174 7 58 0.3543
11174 7 56 0.2913
11189 7 58 0.3307
11189 7 56 0.2756
11203 117 58 0.6063
11203 117 56 0.5039
11321 29 58 0.2992
11321 29 55 0.252
11380 29 58 0.2598
11380 29 61 0.3071
11380 29 53 0.2598
11439 29 55 0.2677
11439 29 58 0.2677
11439 29 60 0.315
11439 29 52 0.2677
11557 29 53 0.3386
11557 29 56 0.3386
11557 29 60 0.4173
11616 29 51 0.3543
11616 29 53 0.3543
11616 29 56 0.3543
11616 29 60 0.4331
11675 29 50 0.3858
11675 29 53 0.3858
11675 29 56 0.3858
11675 29 59 0.4567
11734 29 48 0.4094
11734 29 50 0.4094
11734 29 53 0.4094
11734 29 56 0.4961
11793 29 47 0.4567
11793 29 50 0.4567
11793 29 53 0.4567
11793 29 56 0.5512
11867 13 80 0.5118
11882 13 80 0.5118
11896 13 80 0.5118
11911 58 71 0.5433
11985 13 56 0.5118
11999 13 56 0.5118
12014 13 56 0.5118
12029 14 47 0.5433
12044 13 56 0.5039
12058 13 56 0.5039
12073 14 56 0.5039
12088 14 47 0.5906
12103 13 56 0.5433
12117 13 56 0.5433
12132 13 56 0.5433
12147 42 47 0.6929
12191 14 48 0.2835
12206 14 47 0.2992
12221 14 48 0.2756
12235 7 53 0.2992
12250 7 53 0.2677
12265 29 51 0.2992
12309 14 48 0.2835
12324 14 47 0.2992
12339 14 48 0.2756
12353 7 56 0.2992
12368 7 56 0.2677
12383 29 55 0.2992
12501 117 56 0.2992
12501 117 60 0.2992
12501 117 66 0.2992
12619 29 67 0.2992
12619 29 62 0.252
12619 29 55 0.252
12663 14 43 0.2835
12678 14 42 0.2992
12692 14 43 0.2756
12707 7 48 0.2992
12722 7 48 0.2677
12737 29 47 0.2992
12781 14 43 0.2835
12796 14 42 0.2992
12810 14 43 0.2756
12825 7 51 0.2992
12840 7 51 0.2677
12855 29 50 0.2992
12899 7 43 0.2913
12913 7 47 0.3386
12928 7 50 0.2913
12943 7 53 0.2913
12958 7 56 0.2913
12972 7 59 0.3622
12987 7 62 0.3543
13002 7 65 0.3701
13017 7 68 0.3937
13031 7 67 0.4173
13046 7 65 0.3937
13061 7 63 0.3622
13076 7 62 0.3543
13090 7 60 0.3307
13105 7 63 0.252
13105 7 67 0.2992
13120 7 63 0.252
13120 7 67 0.2992
13135 7 63 0.252
13135 7 67 0.2992
13149 7 60 0.3307
13164 7 64 0.2441
13164 7 67 0.2441
13164 7 70 0.2913
13179 7 64 0.2441
13179 7 67 0.2441
13179 7 70 0.2913
13194 7 64 0.2441
13194 7 67 0.2441
13194 7 70 0.2913
13208 7 60 0.3307
13223 7 65 0.252
13223 7 68 0.2992
13238 7 65 0.252
13238 7 68 0.2992
13253 7 65 0.252
13253 7 68 0.2992
13267 7 60 0.3307
13282 7 65 0.2441
13282 7 68 0.2441
13282 7 71 0.2913
13297 7 65 0.2441
13297 7 68 0.2441
13297 7 71 0.2913
13312 7 65 0.2441
13312 7 68 0.2441
13312 7 71 0.2913
13326 7 60 0.3307
13341 7 63 0.252
13341 7 67 0.2992
13356 7 63 0.252
13356 7 67 0.2992
13370 7 63 0.252
13370 7 67 0.2992
13385 7 60 0.3307
13400 7 64 0.2441
13400 7 67 0.2441
13400 7 70 0.2913
13415 7 64 0.2441
13415 7 67 0.2441
13415 7 70 0.2913
13429 7 64 0.2441
13429 7 67 0.2441
13429 7 70 0.2913
13444 7 60 0.3307
13459 7 65 0.252
13459 7 68 0.2992
13474 7 65 0.252
13474 7 68 0.2992
13488 7 65 0.252
13488 7 68 0.2992
13503 7 60 0.3307
13518 7 65 0.2441
13518 7 68 0.2441
13518 7 71 0.2913
13533 7 65 0.2441
13533 7 68 0.2441
13533 7 71 0.2913
13547 7 65 0.2441
13547 7 68 0.2441
13547 7 71 0.2913
13562 29 60 0.2835
13562 29 63 0.2835
13562 29 67 0.2835
13563 29 72 0.3465
13606 14 66 0.3307
13621 29 67 0.4094
13665 14 59 0.378
13680 29 60 0.4488
13724 14 54 0.4252
13739 29 55 0.4961
13783 14 47 0.4488
13798 29 48 0.5197
13842 14 42 0.4567
13857 29 43 0.5276
13886 14 36 0.6457
13886 14 48 0.7559
13916 14 31 0.4331
13916 14 43 0.5197
13945 14 36 0.6457
13945 14 48 0.7638
13975 14 31 0.4488
13975 14 43 0.5354
14004 14 36 0.6457
14004 14 48 0.7638
14034 58 31 0.5197
14034 58 35 0.5197
14034 58 38 0.5197
14034 58 43 0.6142
14152 58 55 0.2047
14152 58 48 0.2047
14152 58 60 0.2441
14211 7 55 0.1969
14211 7 53 0.1969
14211 7 59 0.2362
14240 7 52 0.1811
14240 7 55 0.1811
14240 7 60 0.2126
14270 58 55 0.2126
14270 58 50 0.2126
14270 58 62 0.252
14388 58 55 0.2047
14388 58 48 0.2047
14388 58 60 0.2441
14447 7 53 0.1969
14447 7 57 0.2362
14476 7 54 0.1811
14476 7 57 0.2126
14506 58 43 0.1732
14506 58 55 0.2126
14624 58 55 0.2047
14624 58 48 0.2047
14624 58 60 0.2441
14683 7 55 0.1969
14683 7 53 0.1969
14683 7 59 0.2362
14712 7 55 0.1811
14712 7 52 0.1811
14712 7 60 0.2126
14735 35 53 0.2205
14736 35 57 0.252
14737 34 60 0.2835
14738 33 65 0.315
14859 235 55 0.6299
14933 7 43 0.3858
14948 7 45 0.4173
14963 7 47 0.3543
14977 7 48 0.4173
14992 7 50 0.3858
15007 7 52 0.4016
15036 29 50 0.4173
15066 29 48 0.3937
15095 235 55 0.6299
15169 7 43 0.3858
15184 7 45 0.4173
15199 7 47 0.3543
15213 7 48 0.4173
15228 7 50 0.3858
15243 7 51 0.4016
15272 29 50 0.4173
15302 29 48 0.3937
15331 29 50 0.3543
15331 29 53 0.4173
15331 29 41 0.3543
15331 29 44 0.3543
15390 29 47 0.3307
15390 29 43 0.3307
15390 29 50 0.3307
15390 29 53 0.3937
15449 14 51 0.4567
15449 14 48 0.3858
15464 7 55 0.378
15479 7 55 0.378
15493 7 55 0.378
15508 14 55 0.4252
15523 7 55 0.3701
15538 7 47 0.3701
15552 7 55 0.3701
15567 14 48 0.4961
15582 7 55 0.4094
15597 7 55 0.4094
15611 7 55 0.4094
15626 14 55 0.4646
15641 7 55 0.4094
15656 7 47 0.4094
15670 7 55 0.4094
15685 14 48 0.5433
15700 7 55 0.4331
15714 7 55 0.4331
15729 7 55 0.4331
15744 14 55 0.5591
15759 7 55 0.4882
15773 7 47 0.4488
15773 7 50 0.4488
15773 7 53 0.4488
15773 7 55 0.5354
15788 7 47 0.4567
15788 7 50 0.4567
15788 7 53 0.4567
15788 7 55 0.5433
15803 117 55 0.5669
15803 117 47 0.4173
15803 117 50 0.4173
15803 117 53 0.4173
15921 29 48 0.3858
15921 29 51 0.3858
15921 29 55 0.5197
16039 14 41 0.5748
16083 7 53 0.4961
16098 14 43 0.5512
16142 7 55 0.4961
16171 7 65 0.4961
16179 7 67 0.5118
16186 7 68 0.5433
16194 7 67 0.5276
16201 7 65 0.5118
16208 7 63 0.5039
16216 9 62 0.5276
16226 9 60 0.4803
16235 9 59 0.4803
16245 9 56 0.5276
16255 9 55 0.4882
16265 9 53 0.4882
16275 9 51 0.5276
16284 9 53 0.4961
16294 9 55 0.4961
16304 9 53 0.5276
16314 9 51 0.4724
16324 9 50 0.4724
16334 9 48 0.5512
16343 9 46 0.4961
16353 9 44 0.5197
16363 9 43 0.5827
16373 9 41 0.5276
16383 9 39 0.5276
16393 14 29 0.5748
16393 14 41 0.5748
16437 7 29 0.4961
16437 7 41 0.4961
16452 14 31 0.5512
16452 14 43 0.5512
16496 7 31 0.4961
16496 7 43 0.4961
16511 29 36 0.4646
16511 29 39 0.4646
16511 29 43 0.4646
16511 29 48 0.5512
16540 7 61 0.4173
16540 7 64 0.4961
16555 7 61 0.4173
16555 7 64 0.4961
16570 14 62 0.4646
16570 14 65 0.5512
16599 7 61 0.4173
16599 7 64 0.4961
16614 7 61 0.4173
16614 7 64 0.4961
16628 14 62 0.4646
16628 14 65 0.5512
16658 14 31 0.4961
16658 14 43 0.5827
16717 7 31 0.2362
16717 7 43 0.2835
16746 7 32 0.252
16746 7 44 0.2992
16776 7 30 0.2362
16776 7 42 0.2835
16805 7 31 0.252
16805 7 43 0.2992
16835 7 31 0.2126
16835 7 43 0.2598
16864 7 36 0.252
16864 7 48 0.2992
16894 7 61 0.4173
16894 7 64 0.4961
16909 7 61 0.4173
16909 7 64 0.4961
16923 14 62 0.4646
16923 14 65 0.5512
16953 7 61 0.4173
16953 7 64 0.4961
16968 7 64 0.4173
16968 7 61 0.4961
16982 14 62 0.4646
16982 14 65 0.5512
17012 14 31 0.4961
17012 14 43 0.5827
17071 58 32 0.4331
17071 58 36 0.4331
17071 58 39 0.4331
17071 58 44 0.5118
17130 7 30 0.2362
17130 7 42 0.2835
17159 7 31 0.252
17159 7 43 0.2992
17189 7 31 0.2126
17189 7 43 0.2598
17218 14 36 0.252
17233 14 48 0.2126
17277 14 36 0.252
17292 14 48 0.2205
17336 14 36 0.252
17351 14 48 0.2205
17395 14 36 0.252
17410 14 48 0.2126
17454 14 32 0.2835
17469 14 44 0.252
17513 14 32 0.3307
17528 14 44 0.2992
17572 14 32 0.4331
17587 14 44 0.4016
17631 14 32 0.5039
17646 14 44 0.4409
17690 294 32 0.5118
17690 294 44 0.5512
18044 58 37 0.1654
18044 58 49 0.2047
18103 7 42 0.1575
18103 7 48 0.1969
18132 7 41 0.1496
18132 7 49 0.1811
18162 73 44 0.1732
18162 73 51 0.2126
18280 58 37 0.1654
18280 58 49 0.2047
18339 7 30 0.1575
18339 7 42 0.1969
18368 7 31 0.1496
18368 7 43 0.1811
18398 58 32 0.1417
18398 58 44 0.1732
18515 58 37 0.1654
18515 58 49 0.2047
18574 7 42 0.1575
18574 7 48 0.1969
18604 7 41 0.1496
18604 7 49 0.1811
18633 117 44 0.189
18633 117 48 0.189
18633 117 51 0.2205
18751 4 33 0.2362
18756 4 36 0.252
18761 4 39 0.2598
18766 4 42 0.2677
18771 156 45 0.2835
18777 150 48 0.2913
18784 144 51 0.3071
18928 6 31 0.4724
18935 6 36 0.4803
18941 6 39 0.4882
18948 6 43 0.4961
18954 6 48 0.4961
18961 6 51 0.5039
19046 7 51 0.5512
19061 7 48 0.4488
19076 29 31 0.3307
19076 29 43 0.3307
19076 7 47 0.4961
19090 7 50 0.4173
19105 14 48 0.3386
19105 7 36 0.5039
19120 7 48 0.2992
19135 7 48 0.2992
19149 7 48 0.2992
19164 7 48 0.3228
19179 7 58 0.2913
19179 7 55 0.2441
19194 7 58 0.2913
19194 7 55 0.2441
19208 7 58 0.2913
19208 7 55 0.2441
19223 7 48 0.3386
19238 7 53 0.2441
19238 7 56 0.2835
19253 7 53 0.2441
19253 7 56 0.2835
19267 7 53 0.2441
19267 7 56 0.2835
19282 7 48 0.3228
19297 7 59 0.2835
19297 7 56 0.2441
19297 7 53 0.2441
19312 7 59 0.2835
19312 7 56 0.2441
19312 7 53 0.2441
19326 7 59 0.2835
19326 7 56 0.2441
19326 7 53 0.2441
19341 14 48 0.3386
19356 7 52 0.252
19356 7 55 0.252
19356 7 60 0.2992
19370 7 52 0.252
19370 7 55 0.252
19370 7 60 0.2992
19385 7 52 0.252
19385 7 55 0.252
19385 7 60 0.2992
19400 7 48 0.3228
19415 7 58 0.2913
19415 7 55 0.2441
19429 7 58 0.2913
19429 7 55 0.2441
19444 7 58 0.2913
19444 7 55 0.2441
19459 7 48 0.3386
19474 7 53 0.2441
19474 7 56 0.2835
19488 7 53 0.2441
19488 7 56 0.2835
19503 7 53 0.2441
19503 7 56 0.2835
19518 7 48 0.3228
19533 7 59 0.2835
19533 7 56 0.2441
19533 7 53 0.2441
19547 7 59 0.2835
19547 7 56 0.2441
19547 7 53 0.2441
19562 7 59 0.2835
19562 7 56 0.2441
19562 7 53 0.2441
19577 14 48 0.3386
19592 7 52 0.252
19592 7 55 0.252
19592 7 60 0.2992
19606 7 52 0.252
19606 7 55 0.252
19606 7 60 0.2992
19621 7 52 0.252
19621 7 55 0.252
19621 7 60 0.2992
19636 7 48 0.315
19651 7 59 0.2835
19651 7 56 0.2362
19651 7 53 0.2362
19665 7 59 0.2756
19665 7 56 0.2283
19665 7 53 0.2283
19680 7 59 0.2677
19680 7 56 0.2283
19680 7 53 0.2283
19695 14 48 0.315
19710 7 52 0.2283
19710 7 55 0.2283
19710 7 60 0.2756
19724 7 52 0.2283
19724 7 55 0.2283
19724 7 60 0.2756
19739 7 52 0.2205
19739 7 55 0.2205
19739 7 60 0.2677
19754 7 48 0.2835
19769 7 59 0.252
19769 7 56 0.2126
19769 7 53 0.2126
19783 7 59 0.2441
19783 7 56 0.2126
19783 7 53 0.2126
19798 7 59 0.2362
19798 7 56 0.2047
19798 7 53 0.2047
19813 14 48 0.252
19827 7 52 0.1811
19827 7 55 0.1811
19827 7 60 0.2126
19842 7 52 0.1811
19842 7 55 0.1811
19842 7 60 0.2126
19857 7 52 0.1732
19857 7 55 0.1732
19857 7 60 0.2126
19872 14 48 0.252
19886 7 52 0.1732
19886 7 55 0.1732
19886 7 60 0.2047
19901 7 52 0.1654
19901 7 55 0.1654
19901 7 60 0.2047
19916 7 52 0.1654
19916 7 55 0.1654
19916 7 60 0.1969
19931 29 48 0.1575
19931 29 52 0.1575
19931 29 55 0.189
