0 143 38 0.4173
0 143 50 0.4173
71 23 57 0.3858
95 95 69 0.4331
95 95 66 0.3858
95 95 62 0.3858
143 47 33 0.4016
143 47 45 0.4016
191 143 38 0.4252
191 143 50 0.4252
263 23 57 0.3622
287 95 62 0.378
287 95 66 0.378
287 95 69 0.4252
335 47 33 0.3858
335 47 45 0.3858
383 71 57 0.3543
383 71 62 0.3543
383 31 66 0.5118
383 95 50 0.3465
415 31 66 0.4724
447 19 66 0.4488
467 5 66 0.4331
467 11 56 0.3228
473 5 69 0.3858
479 47 67 0.4567
479 47 57 0.3543
527 47 66 0.4724
527 47 45 0.3543
575 143 57 0.2992
575 143 62 0.2992
575 143 66 0.2992
575 143 69 0.4961
575 95 50 0.3071
658 11 56 0.3622
670 47 57 0.3937
718 47 66 0.4409
718 23 74 0.4961
718 47 45 0.3622
742 23 76 0.5512
766 143 66 0.4094
766 71 78 0.5906
766 95 50 0.3858
838 23 73 0.5276
850 11 76 0.4331
850 11 56 0.3228
862 47 74 0.5906
862 47 57 0.3622
910 23 65 0.3622
910 47 71 0.5354
910 47 51 0.3543
934 23 66 0.3543
958 143 61 0.3937
958 143 67 0.4724
958 95 52 0.3543
1042 11 56 0.3386
1054 47 57 0.3701
1102 23 64 0.3937
1102 23 67 0.4724
1102 47 45 0.3543
1126 23 66 0.3937
1126 23 69 0.4724
1150 71 67 0.4409
1150 71 71 0.5276
1150 95 49 0.3543
1222 23 73 0.4961
1222 23 69 0.4173
1234 11 56 0.3622
1246 47 73 0.4488
1246 47 76 0.5354
1246 47 57 0.4094
1293 47 71 0.4173
1293 47 74 0.4961
1293 47 45 0.3543
1341 11 71 0.4409
1341 11 74 0.5276
1341 95 52 0.3543
1353 11 73 0.3858
1353 11 76 0.4567
1365 23 71 0.4016
1365 23 74 0.4803
1389 95 73 0.4409
1389 95 69 0.3701
1425 11 56 0.3622
1437 47 57 0.4094
1485 23 73 0.4409
1485 23 76 0.5276
1485 47 45 0.3543
1509 23 67 0.3858
1509 23 71 0.4567
1533 71 71 0.4252
1533 71 74 0.5039
1533 95 49 0.3543
1605 17 66 0.378
1605 17 69 0.4488
1617 11 56 0.3622
1629 23 69 0.4016
1629 23 73 0.4803
1629 47 57 0.4094
1677 23 64 0.3543
1677 23 67 0.4252
1677 47 45 0.3543
1725 47 65 0.3858
1725 47 71 0.4567
1725 95 50 0.3858
1773 95 69 0.4252
1773 95 66 0.3543
1809 11 56 0.3543
1821 95 57 0.378
1869 47 62 0.4803
1869 47 74 0.5512
1916 95 62 0.4252
1916 31 74 0.5984
1916 95 47 0.4094
1916 95 54 0.4094
1948 31 73 0.5669
1980 31 71 0.5197
2012 95 67 0.2835
2012 95 62 0.2835
2012 47 73 0.6063
2012 95 47 0.2441
2012 95 53 0.2441
2060 47 71 0.5197
2108 47 74 0.5906
2108 95 62 0.4252
2108 71 47 0.378
2156 47 66 0.5197
2180 23 54 0.3465
2192 11 67 0.4488
2204 31 66 0.5118
2204 47 62 0.3858
2236 31 65 0.4803
2252 47 54 0.3228
2268 31 66 0.5276
2300 95 62 0.3937
2300 31 67 0.5591
2300 71 47 0.4016
2332 31 71 0.5197
2364 31 74 0.5354
2372 23 55 0.3307
2396 47 73 0.5591
2396 47 62 0.3622
2444 47 71 0.5197
2444 47 55 0.3543
2492 143 74 0.5669
2492 143 62 0.4016
2492 143 66 0.4016
2492 31 47 0.3858
2523 31 53 0.3543
2555 31 54 0.3543
2587 47 59 0.4016
2635 47 68 0.4252
2635 47 78 0.5354
2635 47 62 0.4094
2683 31 69 0.4016
2683 31 78 0.5669
2683 63 61 0.4409
2715 31 76 0.5276
2747 31 67 0.4331
2747 31 73 0.5276
2747 31 58 0.4016
2779 95 68 0.3937
2779 47 74 0.5748
2779 47 59 0.4094
2827 47 71 0.5118
2827 47 62 0.3701
2875 95 69 0.3858
2875 47 76 0.5669
2875 95 64 0.3701
2875 95 61 0.3937
2923 47 73 0.5197
2971 95 61 0.3622
2971 95 66 0.3622
2971 31 69 0.5039
2971 95 54 0.378
3003 31 71 0.5039
3035 31 73 0.5591
3067 95 69 0.2835
3067 95 62 0.2992
3067 31 76 0.5669
3067 95 47 0.2835
3067 95 53 0.2835
3099 31 74 0.5354
3130 31 73 0.5118
3162 47 73 0.5197
3162 95 68 0.3701
3162 95 62 0.3701
3162 47 40 0.3858
3210 47 71 0.4646
3210 47 52 0.3307
3258 95 61 0.3622
3258 95 69 0.4882
3258 31 45 0.3701
3290 31 56 0.3543
3322 31 57 0.3386
3342 11 61 0.2835
3354 47 59 0.3071
3402 47 57 0.3307
3450 71 57 0.3228
3450 71 62 0.3228
3450 31 66 0.5433
3450 95 50 0.3071
3482 31 66 0.4724
3514 19 66 0.4409
3534 5 66 0.3937
3534 11 56 0.2992
3540 5 69 0.3543
3546 47 67 0.4567
3546 47 57 0.3465
3594 47 66 0.4646
3594 47 45 0.3307
3642 143 62 0.2677
3642 143 57 0.2677
3642 143 66 0.2677
3642 143 69 0.4724
3642 95 50 0.2756
3726 11 56 0.3228
3738 47 57 0.3543
3785 47 66 0.4252
3785 23 74 0.5039
3785 47 45 0.3543
3809 23 76 0.5512
3833 71 78 0.5906
3833 95 50 0.3701
3905 23 73 0.5039
3917 11 76 0.4252
3917 11 56 0.3543
3929 47 74 0.5669
3929 47 57 0.3937
3977 23 65 0.3543
3977 47 71 0.5197
3977 47 51 0.3465
4001 23 66 0.3701
4025 143 61 0.378
4025 143 67 0.4488
4025 95 52 0.3465
4109 11 58 0.315
4121 47 59 0.3543
4169 23 64 0.3937
4169 23 67 0.4724
4169 23 55 0.3465
4193 23 66 0.4173
4193 23 70 0.4961
4193 23 52 0.3071
4217 71 67 0.4488
4217 71 71 0.5354
4217 71 49 0.3465
4289 23 70 0.4409
4289 23 73 0.5276
4289 23 59 0.3543
4313 47 76 0.5512
4313 47 73 0.4252
4313 47 67 0.3937
4361 47 74 0.5276
4361 47 67 0.3543
4361 47 64 0.3543
4361 47 59 0.3465
4408 95 64 0.3701
4408 95 66 0.3701
4408 95 70 0.3701
4408 47 74 0.5512
4408 95 42 0.3465
4456 47 73 0.5039
4492 11 53 0.3307
4504 47 54 0.3701
4552 47 66 0.4409
4552 23 70 0.4961
4552 23 64 0.3858
4576 23 72 0.5354
4576 23 57 0.3465
4600 95 66 0.4803
4600 71 73 0.5906
4600 95 58 0.4016
4600 95 66 0.4016
4672 23 74 0.5591
4696 47 78 0.5984
4696 95 70 0.4488
4696 95 54 0.378
4744 47 76 0.5591
4792 47 65 0.4331
4792 95 71 0.4488
4792 47 73 0.5118
4792 191 47 0.3937
4840 47 66 0.4094
4840 47 74 0.5512
4864 23 54 0.3622
4888 47 62 0.3937
4936 47 74 0.5827
4936 47 54 0.3622
4984 191 67 0.3228
4984 191 71 0.3228
4984 31 73 0.5984
4984 191 47 0.4016
5015 31 76 0.5354
5047 31 78 0.5118
5055 23 55 0.3543
5079 47 76 0.5591
5079 47 61 0.3937
5127 47 71 0.5197
5127 47 55 0.3701
5175 191 66 0.3937
5175 191 71 0.3937
5175 143 74 0.5591
5175 191 47 0.3858
5207 31 53 0.3622
5239 31 54 0.3858
5259 11 57 0.3701
5271 47 55 0.3937
5319 47 74 0.5827
5319 47 54 0.3622
5367 191 67 0.3228
5367 191 71 0.3228
5367 31 73 0.5984
5367 191 47 0.4016
5399 31 76 0.5591
5431 31 78 0.5433
5439 23 55 0.3937
5463 47 76 0.5591
5463 47 61 0.4252
5511 47 71 0.5433
5511 47 55 0.3701
5559 191 66 0.3937
5559 191 71 0.3937
5559 143 74 0.5591
5559 191 47 0.3858
5591 31 53 0.3622
5623 31 54 0.3858
5642 11 57 0.3543
5654 47 55 0.3858
5702 47 74 0.5354
5702 47 54 0.3386
5750 191 62 0.2992
5750 191 66 0.2992
5750 31 71 0.5591
5750 191 44 0.378
5782 31 73 0.5354
5814 31 74 0.5039
5822 23 49 0.2835
5846 47 71 0.5512
5846 47 50 0.3307
5894 47 66 0.5039
5894 47 56 0.315
5942 191 66 0.3701
5942 191 61 0.3701
5942 143 70 0.5354
5942 31 37 0.3622
5974 31 48 0.3307
6006 31 49 0.3228
6026 11 53 0.2677
6038 47 51 0.3071
6086 47 70 0.4488
6086 47 49 0.3386
6134 31 68 0.4488
6134 63 65 0.2835
6134 31 59 0.3543
6134 191 49 0.3543
6166 31 70 0.4961
6166 31 61 0.3622
6186 11 73 0.3543
6186 43 65 0.2205
6198 31 71 0.4016
6198 31 63 0.252
6230 47 70 0.4724
6230 47 61 0.315
6277 47 68 0.4094
6277 47 59 0.2756
6325 143 73 0.4567
6325 191 61 0.3465
6325 191 66 0.3465
6325 191 70 0.3465
6325 191 42 0.3228
6409 11 48 0.2283
6421 47 49 0.2677
6469 47 70 0.378
6469 47 61 0.2835
6517 31 71 0.378
6517 191 65 0.2677
6517 143 42 0.3543
6549 31 73 0.4173
6581 31 77 0.4016
6589 23 49 0.2835
6613 11 75 0.4173
6613 47 59 0.2992
6625 11 77 0.3622
6637 23 75 0.3622
6661 47 73 0.4016
6661 47 54 0.2598
6709 159 70 0.2677
6709 31 61 0.378
6709 143 42 0.3543
6741 31 63 0.4173
6773 31 65 0.4016
6781 23 49 0.2835
6805 7 63 0.3701
6805 47 58 0.2992
6813 7 65 0.2913
6821 15 63 0.2913
6837 31 61 0.315
6853 47 49 0.2598
6869 31 70 0.3701
6869 31 66 0.315
6900 95 71 0.2677
6900 31 66 0.378
6900 143 42 0.3543
6932 31 65 0.4094
6964 31 63 0.378
6972 23 49 0.2835
6996 47 65 0.3622
6996 95 71 0.3622
6996 47 56 0.2992
7044 47 61 0.3622
7044 47 49 0.2598
7092 191 66 0.2677
7092 31 70 0.378
7092 143 42 0.3543
7124 31 71 0.4173
7156 31 72 0.4252
7164 23 49 0.2913
7188 31 73 0.4488
7188 47 58 0.3465
7208 11 77 0.3622
7220 31 75 0.3858
7236 47 54 0.2598
7252 31 73 0.378
7284 191 65 0.2677
7284 31 71 0.378
7284 143 42 0.3543
7316 31 73 0.4173
7348 31 77 0.4016
7356 23 49 0.2835
7380 11 75 0.4331
7380 47 59 0.2992
7392 11 77 0.378
7404 23 75 0.3701
7428 47 73 0.4016
7428 47 54 0.2598
7476 95 66 0.3465
7476 95 61 0.3465
7476 95 70 0.4094
7476 95 42 0.3543
7571 95 62 0.3465
7571 95 66 0.3465
7571 31 69 0.4488
7571 95 50 0.2756
7571 95 60 0.2756
7603 31 74 0.3937
7635 31 71 0.3937
7667 95 62 0.315
7667 31 69 0.4094
7667 95 55 0.2992
7667 63 60 0.2992
7699 31 67 0.3465
7731 31 74 0.3465
7731 31 59 0.2677
7763 47 65 0.3701
7763 95 61 0.2756
7763 95 49 0.2756
7763 95 59 0.2756
7811 47 73 0.3858
7859 95 61 0.3465
7859 95 66 0.378
7859 95 54 0.2913
7859 95 58 0.2913
7955 95 60 0.4016
7955 95 63 0.4016
7955 31 66 0.4724
7955 95 47 0.2756
7955 95 57 0.2756
7987 31 69 0.4173
8019 31 67 0.4173
8051 95 59 0.3701
8051 31 66 0.4409
8051 95 52 0.3543
8051 63 57 0.3543
8083 31 64 0.4016
8115 31 71 0.3937
8115 31 55 0.2677
8146 47 64 0.3937
8146 95 61 0.3307
8146 95 45 0.2756
8146 95 55 0.2756
8194 47 65 0.3622
8242 71 57 0.252
8242 71 62 0.252
8242 31 66 0.4016
8242 95 38 0.2205
8274 31 66 0.3858
8306 19 66 0.3543
8326 5 66 0.315
8326 11 56 0.2598
8332 5 69 0.2913
8338 47 67 0.4173
8338 47 57 0.2835
8386 47 66 0.378
8386 47 45 0.2756
8434 143 66 0.2362
8434 143 57 0.2362
8434 143 62 0.2362
8434 143 69 0.3858
8434 95 38 0.2205
8518 11 56 0.2598
8530 47 57 0.3071
8578 47 66 0.3701
8578 23 74 0.4016
8578 47 45 0.2913
8602 23 76 0.4488
8626 143 66 0.3858
8626 71 78 0.4724
8626 95 50 0.2992
8698 23 73 0.4016
8710 11 76 0.3307
8710 11 56 0.2598
8722 47 74 0.4567
8722 47 57 0.2913
8769 47 71 0.4094
8769 23 65 0.3071
8769 47 51 0.2835
8793 23 66 0.3228
8817 143 61 0.3307
8817 143 67 0.3622
8817 95 52 0.2835
8901 11 56 0.2756
8913 47 57 0.3071
8961 23 64 0.3307
8961 23 67 0.3622
8961 47 45 0.2835
8985 23 66 0.3307
8985 23 69 0.3622
9009 71 67 0.3701
9009 71 71 0.4016
9009 95 49 0.2835
9081 23 69 0.3543
9081 23 73 0.3858
9093 11 56 0.2913
9105 47 73 0.378
9105 47 76 0.4094
9105 47 57 0.3228
9153 47 71 0.3543
9153 47 74 0.3858
9153 47 45 0.2835
9201 11 74 0.4016
9201 11 71 0.3701
9201 95 52 0.2835
9213 11 73 0.3228
9213 11 76 0.3543
9225 23 71 0.3386
9225 23 74 0.3701
9249 95 69 0.315
9249 95 73 0.315
9285 11 56 0.2913
9297 47 57 0.3228
9345 23 73 0.3701
9345 23 76 0.4016
9345 47 45 0.2835
9369 23 67 0.3228
9369 23 71 0.3543
9392 71 74 0.3858
9392 71 71 0.3543
9392 95 49 0.2835
9464 17 66 0.315
9464 17 69 0.3465
9476 11 56 0.2598
9488 23 69 0.3386
9488 23 73 0.3701
9488 47 57 0.2992
9536 23 64 0.2913
9536 23 67 0.315
9536 47 45 0.2835
9584 47 65 0.3228
9584 47 71 0.3543
9584 95 50 0.2992
9632 95 66 0.2913
9632 95 69 0.315
9668 11 56 0.2913
9680 47 57 0.3071
9728 47 62 0.4567
9728 47 74 0.4567
9728 23 54 0.4094
9752 23 50 0.378
9776 127 74 0.4882
9776 31 64 0.4882
9776 71 46 0.4409
9808 31 65 0.4409
9840 31 69 0.4409
9848 23 53 0.378
9872 47 70 0.4567
9872 47 62 0.4724
9904 31 74 0.4882
9920 47 53 0.4094
9936 31 76 0.5039
9968 31 79 0.5197
9968 95 69 0.5197
9968 71 41 0.4882
9999 31 77 0.5039
10031 31 72 0.4803
10039 23 47 0.378
10063 7 69 0.3701
10063 47 48 0.4724
10071 7 70 0.3071
10079 15 69 0.4646
10095 31 67 0.4803
10111 47 57 0.3937
10127 31 65 0.4567
10159 31 61 0.4803
10159 127 70 0.4567
10159 71 43 0.4409
10191 31 62 0.4173
10223 31 66 0.4094
10231 23 50 0.378
10255 47 67 0.4567
10255 47 58 0.4724
10287 31 70 0.4882
10303 47 50 0.4173
10319 31 73 0.5039
10351 31 76 0.5197
10351 95 66 0.5197
10351 83 38 0.4882
10383 31 74 0.5039
10415 31 65 0.4803
10435 11 44 0.378
10447 31 66 0.4409
10447 31 45 0.4409
10467 11 69 0.378
10479 63 62 0.4173
10479 31 67 0.4173
10479 31 58 0.2913
10511 31 66 0.3937
10511 31 57 0.2677
10543 191 60 0.3622
10543 191 63 0.3622
10543 31 66 0.4252
10543 191 47 0.2913
10543 191 57 0.3307
10575 31 67 0.3858
10607 31 69 0.3858
10638 47 67 0.4094
10686 47 66 0.3937
10734 31 66 0.4252
10734 143 59 0.3622
10734 143 52 0.2913
10734 95 57 0.3622
10766 31 71 0.4094
10798 31 66 0.4016
10830 47 64 0.3937
10830 47 55 0.3307
10926 191 45 0.3386
10958 159 61 0.3937
10958 31 67 0.3937
10958 31 58 0.3228
10990 31 66 0.3622
10990 31 57 0.2992
11022 47 66 0.3937
11022 47 57 0.3307
11070 47 64 0.3543
11070 47 55 0.3071
11118 143 38 0.2992
11190 23 57 0.2598
11214 95 62 0.3071
11214 95 66 0.3071
11214 95 69 0.3071
11261 47 33 0.2756
11309 143 38 0.2992
11381 23 57 0.2598
11405 95 62 0.3071
11405 95 66 0.3071
11405 95 69 0.3071
11453 47 33 0.2756
11501 191 54 0.2126
11501 191 57 0.2126
11501 191 66 0.2598
11501 191 62 0.2598
11501 191 38 0.1969
11501 191 45 0.1969
11501 191 50 0.2362
11693 191 86 0.2913
11693 191 81 0.2913
11693 191 74 0.2598
11693 191 62 0.2441
11693 191 69 0.2441
11693 191 78 0.2756
