133 200 51 0.4488
333 33 54 0.4646
366 33 52 0.4331
400 66 51 0.4646
466 66 52 0.4409
533 66 51 0.4646
600 66 56 0.5433
666 66 58 0.5512
733 66 59 0.5512
800 133 58 0.5748
933 66 56 0.5276
1066 133 61 0.5748
1200 66 68 0.5433
1333 133 61 0.5827
1466 66 68 0.5433
1533 66 68 0.5276
1600 133 63 0.5512
1733 133 61 0.5354
1866 66 59 0.5197
1933 66 63 0.4882
2000 66 58 0.5197
2133 133 56 0.5433
2266 66 54 0.4488
2333 66 52 0.4173
2400 66 51 0.4331
2533 200 51 0.5276
2733 33 54 0.5039
2766 33 52 0.4724
2800 66 51 0.5039
2866 66 52 0.4803
2933 66 51 0.5039
3000 66 56 0.5906
3066 66 58 0.6063
3133 66 59 0.6063
3200 133 58 0.6299
3333 66 56 0.6063
3466 133 61 0.6299
3600 66 64 0.5906
3733 133 64 0.6378
3866 133 64 0.6142
4000 400 62 0.6299
4400 66 60 0.5906
4533 133 61 0.6772
4666 66 68 0.5984
4733 66 68 0.5591
4800 66 63 0.6063
4866 66 59 0.5354
4933 133 58 0.5748
5066 200 56 0.5512
5333 66 88 0.5512
5333 66 85 0.5512
5333 66 76 0.5039
5333 66 81 0.5039
5400 66 85 0.5669
5400 66 73 0.5197
5466 66 87 0.5669
5466 66 75 0.5197
5466 66 78 0.5197
5466 66 83 0.5669
5533 66 71 0.4724
5533 66 83 0.5197
5600 66 76 0.5197
5600 66 81 0.5669
5600 66 85 0.5669
5600 66 73 0.5197
5666 66 69 0.4961
5666 66 81 0.5433
5733 133 78 0.5433
5733 133 66 0.4961
5733 133 69 0.4961
5733 133 74 0.5433
5866 66 81 0.5512
5866 66 85 0.6063
5866 66 88 0.6063
5866 66 76 0.5512
5933 66 85 0.622
5933 66 73 0.5669
6000 66 87 0.6299
6000 66 75 0.5748
6000 66 78 0.5748
6000 66 83 0.6299
6066 66 71 0.5197
6066 66 83 0.5669
6133 133 76 0.5748
6133 133 81 0.6299
6133 133 85 0.6299
6133 133 73 0.5748
6266 133 74 0.6063
6266 133 66 0.5512
6266 133 69 0.5512
6266 133 78 0.6063
6400 66 81 0.6063
6400 66 76 0.6063
6400 66 88 0.6614
6400 66 85 0.6614
6466 66 85 0.6772
6466 66 73 0.622
6533 66 87 0.6772
6533 66 83 0.6772
6533 66 78 0.622
6533 66 75 0.622
6600 66 71 0.5669
6600 66 83 0.622
6666 66 76 0.622
6666 66 73 0.622
6666 66 85 0.6772
6666 66 81 0.6772
6733 66 69 0.5906
6733 66 81 0.6457
6800 133 69 0.5906
6800 133 66 0.5906
6800 133 78 0.6457
6800 133 74 0.6457
6933 133 78 0.6378
6933 133 73 0.6378
6933 133 85 0.7008
6933 133 81 0.7008
7066 133 74 0.6693
7066 133 69 0.6142
7066 133 66 0.6142
7066 133 78 0.6693
7200 133 78 0.6457
7200 133 73 0.6457
7200 133 81 0.7087
7200 133 85 0.7087
7333 66 74 0.5827
7333 66 80 0.6378
7333 66 68 0.5827
7333 66 71 0.5827
7400 66 66 0.5906
7400 66 78 0.6457
7466 133 81 0.6929
7466 133 85 0.6929
7466 133 73 0.6299
7466 133 76 0.6299
7600 133 69 0.6063
7600 133 74 0.6614
7600 133 78 0.6614
7600 133 66 0.6063
7733 133 78 0.6299
7733 133 73 0.6299
7733 133 85 0.6929
7733 133 81 0.6929
7866 133 75 0.622
7866 133 78 0.622
7866 133 87 0.6772
7866 133 84 0.6772
8000 66 88 0.6063
8000 66 80 0.5512
8000 66 85 0.6063
8000 66 76 0.5512
8066 66 80 0.5354
8066 66 92 0.5906
8133 133 74 0.5591
8133 133 78 0.5591
8133 133 81 0.5591
8133 133 86 0.6142
8266 133 72 0.4803
8266 133 78 0.4803
8266 133 84 0.4803
8266 133 80 0.4803
8400 66 76 0.4331
8400 66 73 0.4331
8400 66 80 0.4331
8400 66 85 0.4331
8466 66 68 0.3465
8466 66 80 0.3465
8533 133 75 0.3465
8533 133 81 0.3465
8533 133 73 0.3465
8533 133 69 0.3465
8666 133 76 0.2992
8666 133 80 0.2992
8666 133 68 0.2992
8666 133 73 0.2992
8800 133 66 0.3701
8800 133 73 0.3701
8800 133 75 0.3701
8800 133 78 0.3701
8933 33 73 0.4094
8933 33 85 0.4094
9066 266 73 0.6614
9066 266 79 0.6614
9066 266 82 0.6614
9066 266 70 0.6614
9333 66 75 0.7559
9333 66 80 0.7559
9333 66 83 0.7559
9333 66 71 0.7559
9466 66 92 0.8189
9466 66 80 0.8189
9600 66 88 0.7795
9600 66 76 0.7795
9600 66 85 0.7795
9600 66 80 0.7795
9733 66 87 0.748
9733 66 83 0.748
9733 66 79 0.748
9733 66 75 0.748
9800 66 71 0.7402
9800 66 83 0.7402
9866 66 68 0.7087
9866 66 80 0.7874
10000 200 75 0.8031
10000 200 63 0.6772
10200 33 78 0.7874
10200 33 66 0.7087
10233 33 76 0.7244
10233 33 64 0.6457
10266 66 63 0.6929
10266 66 75 0.7717
10333 66 64 0.6457
10333 66 76 0.7244
10400 66 75 0.7559
10400 66 63 0.6772
10466 66 80 0.8346
10466 66 68 0.748
10533 66 82 0.8661
10533 66 70 0.7795
10600 66 83 0.8661
10600 66 71 0.7795
10666 133 82 0.8898
10666 133 70 0.7953
10800 66 80 0.8661
10800 66 68 0.7795
10933 133 85 0.8898
10933 133 73 0.7953
11066 66 80 0.748
11066 66 92 0.8346
11200 133 85 0.9055
11200 133 73 0.811
11333 66 92 0.8346
11333 66 80 0.748
11400 66 92 0.8189
11400 66 80 0.7323
11466 133 87 0.8661
11466 133 75 0.7795
11600 133 85 0.8268
11600 133 73 0.7402
11733 66 83 0.8031
11733 66 71 0.7165
11800 66 87 0.7559
11800 66 75 0.6772
11866 66 82 0.8031
11866 66 70 0.7165
12000 133 80 0.7559
12000 133 68 0.6772
12133 66 78 0.7008
12133 66 66 0.6299
12200 66 76 0.6378
12200 66 64 0.5669
12266 66 75 0.6693
12266 66 63 0.5984
12400 200 51 0.4488
12600 33 54 0.4646
12633 33 52 0.4409
12666 66 51 0.4646
12733 66 52 0.4409
12800 66 51 0.4646
12866 66 56 0.4567
12933 66 58 0.4646
13000 66 59 0.4646
13066 133 58 0.4882
13200 66 56 0.4646
13333 133 61 0.5354
13466 66 64 0.4961
13600 133 64 0.5354
13733 133 64 0.5197
14000 133 68 0.5039
14133 66 63 0.5118
14200 66 59 0.4488
14266 133 58 0.4882
14400 66 56 0.4252
15066 200 51 0.2756
15266 33 54 0.2598
15300 33 52 0.2362
15333 66 51 0.2677
15400 66 52 0.252
16000 200 51 0.2283
0 66 32 0.252
0 66 39 0.252
0 66 44 0.2992
66 66 39 0.2283
66 66 35 0.2283
66 66 47 0.2756
133 66 32 0.252
133 66 44 0.2992
133 66 39 0.252
200 66 39 0.2283
200 66 47 0.2756
200 66 35 0.2283
266 66 32 0.252
266 66 44 0.2992
266 66 39 0.252
333 66 35 0.2283
333 66 47 0.2756
333 66 39 0.2283
400 66 39 0.252
400 66 32 0.252
400 66 44 0.2992
466 66 39 0.2283
466 66 35 0.2283
466 66 47 0.2756
533 66 39 0.252
533 66 32 0.252
533 66 44 0.2992
600 66 39 0.2283
600 66 47 0.2756
600 66 35 0.2283
666 66 39 0.2756
666 66 44 0.3307
666 66 32 0.2756
733 66 39 0.2441
733 66 35 0.2441
733 66 47 0.2913
800 66 39 0.2835
800 66 32 0.2835
800 66 44 0.3386
866 66 39 0.252
866 66 35 0.252
866 66 47 0.2992
933 66 39 0.252
933 66 44 0.2992
933 66 32 0.252
1000 66 39 0.2283
1000 66 47 0.2756
1000 66 35 0.2283
1066 66 33 0.2992
1066 66 37 0.2992
1066 66 45 0.3543
1133 66 37 0.2677
1133 66 49 0.3228
1133 66 40 0.2677
1200 66 32 0.2913
1200 66 40 0.3465
1200 66 28 0.2913
1266 66 35 0.2598
1266 66 44 0.3071
1266 66 32 0.2598
1333 66 37 0.2992
1333 66 33 0.2992
1333 66 45 0.3543
1400 66 37 0.2598
1400 66 40 0.2598
1400 66 49 0.3071
1466 66 28 0.2992
1466 66 32 0.2992
1466 66 40 0.3543
1533 66 32 0.2677
1533 66 35 0.2677
1533 66 44 0.315
1600 66 34 0.2992
1600 66 31 0.2992
1600 66 43 0.3543
1666 66 34 0.2283
1666 66 39 0.2283
1666 66 46 0.2756
1733 66 31 0.252
1733 66 34 0.252
1733 66 43 0.2992
1800 66 34 0.2283
1800 66 39 0.2283
1800 66 46 0.2756
1866 66 32 0.2756
1866 66 39 0.2756
1866 66 44 0.3307
1933 66 35 0.2283
1933 66 39 0.2283
1933 66 47 0.2756
2000 66 31 0.252
2000 66 34 0.252
2000 66 43 0.2992
2066 66 34 0.2283
2066 66 39 0.2283
2066 66 46 0.2756
2133 66 32 0.2677
2133 66 35 0.2677
2133 66 44 0.315
2200 66 35 0.2283
2200 66 39 0.2283
2200 66 47 0.2756
2266 66 33 0.252
2266 66 37 0.252
2266 66 45 0.2992
2333 66 37 0.2205
2333 66 40 0.2205
2333 66 49 0.2598
2400 66 32 0.2362
2400 66 39 0.2362
2400 66 44 0.2835
2466 66 35 0.2047
2466 66 39 0.2047
2466 66 47 0.2441
2533 66 32 0.2992
2533 66 39 0.2992
2533 66 44 0.3543
2600 66 35 0.252
2600 66 39 0.252
2600 66 47 0.2992
2666 66 32 0.2677
2666 66 39 0.2677
2666 66 44 0.3228
2733 66 35 0.252
2733 66 39 0.252
2733 66 47 0.2992
2800 66 32 0.2677
2800 66 39 0.2677
2800 66 44 0.3228
2866 66 35 0.252
2866 66 39 0.252
2866 66 47 0.2992
2933 66 32 0.2677
2933 66 39 0.2677
2933 66 44 0.3228
3000 66 35 0.252
3000 66 39 0.252
3000 66 47 0.2992
3066 66 32 0.3071
3066 66 39 0.3071
3066 66 44 0.3622
3133 66 35 0.2677
3133 66 39 0.2677
3133 66 47 0.315
3200 66 32 0.3071
3200 66 39 0.3071
3200 66 44 0.3701
3266 66 35 0.2677
3266 66 39 0.2677
3266 66 47 0.3228
3333 66 32 0.2677
3333 66 39 0.2677
3333 66 44 0.3228
3400 66 35 0.252
3400 66 39 0.252
3400 66 47 0.2992
3466 66 37 0.3622
3466 66 33 0.3622
3466 66 45 0.4331
3533 66 37 0.3228
3533 66 40 0.3228
3533 66 49 0.3858
3600 66 28 0.3543
3600 66 32 0.3543
3600 66 40 0.4173
3666 66 32 0.3228
3666 66 35 0.3228
3666 66 44 0.3858
3733 66 37 0.378
3733 66 33 0.378
3733 66 45 0.4488
3800 66 37 0.3386
3800 66 40 0.3386
3800 66 49 0.4016
3866 66 28 0.3858
3866 66 32 0.3858
3866 66 40 0.4567
3933 66 32 0.3465
3933 66 35 0.3465
3933 66 44 0.4094
4000 66 30 0.378
4000 66 33 0.378
4000 66 42 0.4488
4066 66 33 0.3465
4066 66 38 0.3465
4066 66 45 0.4094
4133 66 30 0.3858
4133 66 38 0.3858
4133 66 42 0.4567
4200 66 33 0.3543
4200 66 38 0.3543
4200 66 45 0.4173
4266 66 30 0.3937
4266 66 38 0.3937
4266 66 42 0.4646
4333 66 33 0.3307
4333 66 38 0.3307
4333 66 45 0.3937
4400 66 32 0.3937
4400 66 39 0.3937
4400 66 44 0.4646
4466 66 36 0.3465
4466 66 39 0.3465
4466 66 48 0.4094
4533 66 37 0.3858
4533 66 33 0.3858
4533 66 45 0.4567
4600 66 37 0.3386
4600 66 40 0.3386
4600 66 49 0.4016
4666 66 28 0.3622
4666 66 32 0.3622
4666 66 40 0.4331
4733 66 32 0.3307
4733 66 35 0.3307
4733 66 44 0.3937
4800 66 42 0.3543
4800 66 35 0.3543
4800 66 47 0.4252
4866 66 39 0.252
4866 66 42 0.252
4866 66 51 0.2992
4933 66 31 0.3543
4933 66 39 0.3543
4933 66 43 0.4252
5000 66 34 0.2756
5000 66 39 0.2756
5000 66 46 0.3307
5066 66 32 0.3071
5066 66 39 0.3071
5066 66 44 0.3622
5133 66 35 0.2362
5133 66 39 0.2362
5133 66 47 0.2835
5200 66 32 0.2913
5200 66 39 0.2913
5200 66 44 0.3465
5266 66 35 0.2441
5266 66 39 0.2441
5266 66 47 0.2913
5333 133 33 0.3465
5333 66 37 0.3465
5333 66 45 0.4094
5400 66 37 0.3228
5400 66 45 0.3858
5466 133 35 0.3465
5466 66 39 0.3465
5466 66 47 0.4094
5533 66 39 0.378
5533 66 47 0.378
5600 133 37 0.3465
5600 66 40 0.3465
5600 66 49 0.4094
5666 66 40 0.3307
5666 66 49 0.3937
5733 133 38 0.3543
5733 66 42 0.3543
5733 66 50 0.4173
5800 66 42 0.3307
5800 66 50 0.3937
5866 133 33 0.3543
5866 66 37 0.3543
5866 66 45 0.4173
5933 66 37 0.3071
5933 66 45 0.3701
6000 133 35 0.3465
6000 66 39 0.3465
6000 66 47 0.4094
6066 66 39 0.2992
6066 66 47 0.3543
6133 133 37 0.3465
6133 66 40 0.3465
6133 66 49 0.4094
6200 66 40 0.3307
6200 66 49 0.3937
6266 133 38 0.3465
6266 66 42 0.3465
6266 66 50 0.4094
6333 66 42 0.315
6333 66 50 0.378
6400 133 33 0.3701
6400 66 37 0.3701
6400 66 45 0.4409
6466 66 37 0.3307
6466 66 45 0.3937
6533 133 35 0.3701
6533 66 39 0.3701
6533 66 47 0.4409
6600 66 39 0.3228
6600 66 47 0.3858
6666 133 37 0.3701
6666 66 40 0.3701
6666 66 49 0.4409
6733 66 40 0.3386
6733 66 49 0.4016
6800 133 38 0.3622
6800 66 42 0.3622
6800 66 50 0.4331
6866 66 42 0.3307
6866 66 50 0.3937
6933 133 33 0.378
6933 66 37 0.378
6933 66 45 0.4488
7000 66 37 0.3307
7000 66 45 0.3937
7066 133 38 0.3701
7066 66 42 0.3701
7066 66 50 0.4409
7133 66 42 0.3543
7133 66 50 0.4173
7200 66 37 0.378
7200 66 45 0.4488
7200 133 33 0.378
7266 66 37 0.3465
7266 66 45 0.4094
7333 133 35 0.378
7333 66 38 0.378
7333 66 47 0.4488
7400 66 38 0.3465
7400 66 47 0.4094
7466 66 37 0.3858
7466 133 33 0.3858
7466 66 45 0.4567
7533 66 37 0.3543
7533 66 45 0.4173
7600 133 38 0.3937
7600 66 42 0.3937
7600 66 50 0.4646
7666 66 42 0.3622
7666 66 50 0.4331
7733 66 49 0.4646
7733 66 42 0.3937
7733 133 37 0.3937
7800 66 42 0.3622
7800 66 49 0.4331
7866 66 44 0.4094
7866 66 48 0.4882
7866 133 36 0.4094
7933 66 44 0.3701
7933 66 48 0.4409
8000 66 49 0.4173
8000 66 44 0.3543
8000 133 37 0.3543
8066 66 44 0.315
8066 66 49 0.378
8133 66 42 0.3465
8133 66 50 0.4094
8133 133 38 0.3465
8200 66 42 0.2992
8200 66 50 0.3543
8266 66 44 0.2913
8266 66 51 0.3543
8266 133 39 0.2913
8333 66 44 0.2677
8333 66 51 0.3228
8400 66 49 0.2756
8400 66 52 0.3228
8400 133 40 0.2756
8466 66 49 0.2441
8466 66 52 0.2913
8533 66 49 0.2126
8533 66 54 0.252
8533 133 42 0.2126
8600 66 49 0.1575
8600 66 54 0.189
8666 66 49 0.1811
8666 66 56 0.2126
8666 133 44 0.1811
8733 66 49 0.1496
8733 66 56 0.1732
8800 66 49 0.2205
8800 66 57 0.2677
8800 133 45 0.2205
8866 66 49 0.2205
8866 66 57 0.2677
8933 66 51 0.2205
8933 66 54 0.2598
8933 133 42 0.2205
9000 66 51 0.2835
9000 66 54 0.3386
9066 66 55 0.5276
9066 66 51 0.4409
9066 133 43 0.4409
9133 66 51 0.3937
9133 66 55 0.4646
9200 66 46 0.4409
9200 66 51 0.5276
9200 133 39 0.4409
9266 66 46 0.4016
9266 66 51 0.4724
9333 66 51 0.5118
9333 66 56 0.6063
9333 133 44 0.5118
9400 66 51 0.4724
9400 66 56 0.5591
9466 66 47 0.6063
9466 66 39 0.5118
9466 133 35 0.5118
9533 66 39 0.4882
9533 66 47 0.5748
9600 66 49 0.6063
9600 66 44 0.5118
9600 133 37 0.5118
9666 66 44 0.4409
9666 66 49 0.5276
9733 66 51 0.5827
9733 66 43 0.4882
9733 133 39 0.4882
9800 66 43 0.4488
9800 66 51 0.5354
9866 66 32 0.4488
9866 66 39 0.5039
9866 66 44 0.5984
9933 66 35 0.4094
9933 66 39 0.4567
9933 66 47 0.5433
10000 66 32 0.4488
10000 66 39 0.5039
10000 66 44 0.5984
10066 66 35 0.3701
10066 66 39 0.4173
10066 66 47 0.4961
10133 66 32 0.4567
10133 66 39 0.5118
10133 66 44 0.6063
10200 66 35 0.4173
10200 66 39 0.4646
10200 66 47 0.5512
10266 66 32 0.4567
10266 66 39 0.5118
10266 66 44 0.6063
10333 66 35 0.4094
10333 66 39 0.4567
10333 66 47 0.5433
10400 66 32 0.4409
10400 66 39 0.4882
10400 66 44 0.5827
10466 66 35 0.4016
10466 66 39 0.4488
10466 66 47 0.5354
10533 66 32 0.4567
10533 66 39 0.5118
10533 66 44 0.6063
10600 66 35 0.4016
10600 66 39 0.4488
10600 66 47 0.5354
10666 66 32 0.4724
10666 66 39 0.5276
10666 66 44 0.622
10733 66 35 0.4094
10733 66 39 0.4567
10733 66 47 0.5433
10800 66 32 0.4409
10800 66 39 0.4882
10800 66 44 0.5827
10866 66 35 0.4173
10866 66 39 0.4646
10866 66 47 0.5512
10933 66 37 0.5433
10933 66 33 0.4882
10933 66 45 0.6457
11000 66 37 0.378
11000 66 40 0.4252
11000 66 49 0.5039
11066 66 52 0.5512
11066 66 44 0.4646
11066 66 40 0.4646
11133 66 56 0.5197
11133 66 47 0.4409
11133 66 44 0.3937
11200 66 37 0.5433
11200 66 33 0.4882
11200 66 45 0.6457
11266 66 37 0.4016
11266 66 40 0.4409
11266 66 49 0.5276
11333 66 52 0.5906
11333 66 44 0.4961
11333 66 40 0.4409
11400 66 56 0.5118
11400 66 47 0.4331
11400 66 44 0.3858
11466 66 34 0.5433
11466 66 31 0.4882
11466 66 43 0.6457
11533 66 34 0.3701
11533 66 39 0.4173
11533 66 46 0.4961
11600 66 31 0.4094
11600 66 34 0.4567
11600 66 43 0.5433
11666 66 34 0.315
11666 66 39 0.3543
11666 66 46 0.4252
11733 66 32 0.4567
11733 66 39 0.5118
11733 66 44 0.6063
11800 66 35 0.3701
11800 66 39 0.4173
11800 66 47 0.4961
11866 66 27 0.3858
11866 66 34 0.4331
11866 66 39 0.5118
11933 66 31 0.3071
11933 66 39 0.3543
11933 66 43 0.4173
12000 66 32 0.4173
12000 66 35 0.4724
12000 66 44 0.5591
12066 66 35 0.315
12066 66 39 0.3543
12066 66 47 0.4252
12133 66 33 0.3465
12133 66 37 0.3858
12133 66 45 0.4567
12200 66 37 0.2992
12200 66 40 0.3307
12200 66 49 0.3937
12266 66 32 0.315
12266 66 39 0.3543
12266 66 44 0.4252
12333 66 35 0.2205
12333 66 39 0.2441
12333 66 47 0.2913
12400 66 32 0.1969
12400 66 39 0.2205
12400 66 44 0.2677
12466 66 35 0.1811
12466 66 39 0.2126
12466 66 47 0.252
12533 66 32 0.1969
12533 66 39 0.2205
12533 66 44 0.2677
12600 66 35 0.1811
12600 66 39 0.2126
12600 66 47 0.252
12666 66 32 0.1969
12666 66 39 0.2205
12666 66 44 0.2677
12733 66 35 0.1811
12733 66 39 0.2126
12733 66 47 0.252
12800 66 32 0.1969
12800 66 39 0.2205
12800 66 44 0.2677
12866 66 35 0.1732
12866 66 39 0.189
12866 66 47 0.2283
12933 66 32 0.2047
12933 66 39 0.2283
12933 66 44 0.2756
13000 66 35 0.1811
13000 66 39 0.2047
13000 66 47 0.2441
13066 66 32 0.2126
13066 66 39 0.2362
13066 66 44 0.2835
13133 66 35 0.1811
13133 66 39 0.2126
13133 66 47 0.252
13200 66 32 0.1811
13200 66 39 0.2126
13200 66 44 0.252
13266 66 35 0.1732
13266 66 39 0.189
13266 66 47 0.2283
13333 66 37 0.2835
13333 66 33 0.252
13333 66 45 0.3386
13400 66 37 0.2283
13400 66 40 0.2598
13400 66 49 0.3071
13466 66 28 0.252
13466 66 32 0.2835
13466 66 40 0.3386
13533 66 32 0.2283
13533 66 35 0.2598
13533 66 44 0.3071
13600 66 37 0.2992
13600 66 33 0.2677
13600 66 45 0.3543
13666 66 37 0.2205
13666 66 40 0.2598
13666 66 49 0.3071
13733 66 28 0.2677
13733 66 32 0.3071
13733 66 40 0.3622
13800 66 32 0.2362
13800 66 35 0.2677
13800 66 44 0.315
13866 66 37 0.3071
13866 66 33 0.2677
13866 66 45 0.3622
13933 66 37 0.189
13933 66 40 0.2205
13933 66 49 0.2598
14000 66 28 0.2677
14000 66 32 0.3071
14000 66 40 0.3622
14066 66 32 0.189
14066 66 35 0.2205
14066 66 44 0.2598
14133 66 42 0.2992
14133 66 35 0.2677
14133 66 47 0.3543
14200 66 39 0.1811
14200 66 42 0.2126
14200 66 51 0.252
14266 133 39 0.2913
14266 66 43 0.2913
14266 66 51 0.3465
14333 66 43 0.2283
14333 66 51 0.2756
14400 133 32 0.2205
14400 66 39 0.2598
14400 66 44 0.3071
14466 66 39 0.1811
14466 66 44 0.2205
14533 133 33 0.1732
14533 66 37 0.1969
14533 66 45 0.2362
14600 66 37 0.1811
14600 66 45 0.2205
14666 66 50 0.2362
14666 66 42 0.1969
14666 133 38 0.1732
14733 66 50 0.2205
14733 66 42 0.1811
14800 66 49 0.2362
14800 66 40 0.1969
14800 133 37 0.1732
14866 66 40 0.1811
14866 66 49 0.2205
14933 66 32 0.1732
14933 66 39 0.1969
14933 66 44 0.2362
15000 66 35 0.1417
15000 66 39 0.1732
15000 66 47 0.2047
15066 66 32 0.1732
15066 66 39 0.189
15066 66 44 0.2283
15133 66 35 0.1496
15133 66 39 0.1732
15133 66 47 0.2126
15200 66 32 0.1732
15200 66 39 0.1969
15200 66 44 0.2362
15266 66 35 0.1575
15266 66 39 0.1811
15266 66 47 0.2205
15333 66 32 0.1732
15333 66 39 0.189
15333 66 44 0.2283
15400 66 35 0.1496
15400 66 39 0.1732
15400 66 47 0.2126
15466 66 39 0.1811
15466 66 44 0.2205
15466 133 32 0.1654
15533 66 39 0.1654
15533 66 44 0.1969
15600 133 33 0.1654
15600 66 37 0.1811
15600 66 45 0.2205
15666 66 37 0.1654
15666 66 45 0.1969
15733 66 40 0.2205
15733 66 32 0.1811
15733 133 28 0.1654
15800 66 40 0.1969
15800 66 32 0.1654
15866 66 42 0.2205
15866 66 33 0.1811
15866 133 30 0.1654
15933 66 42 0.1811
15933 66 33 0.1496
16000 66 32 0.1417
16000 66 39 0.1654
16000 66 44 0.1969
16066 66 35 0.0945
16066 66 39 0.1102
16066 66 47 0.1339
16133 66 32 0.1417
16133 66 39 0.1575
16133 66 44 0.189
16200 66 35 0.1102
16200 66 39 0.126
16200 66 47 0.1496
16266 66 35 0.1732
16266 66 32 0.1417
16333 66 39 0.1339
16333 66 35 0.1102
16400 66 35 0.1811
16400 66 32 0.1496
16466 66 39 0.1339
16466 66 35 0.1102
16533 133 32 0.189
16666 133 35 0.1496
16800 133 32 0.1654
16933 133 35 0.1339
