0 12 76 0.252
24 12 77 0.2047
49 12 79 0.2047
74 12 81 0.2047
99 12 76 0.252
124 12 77 0.2205
149 12 79 0.2205
174 12 81 0.2205
211 9 76 0.2835
236 9 77 0.2362
261 9 79 0.2362
286 9 81 0.2362
311 9 76 0.2835
336 9 77 0.2283
361 9 79 0.2283
386 9 81 0.2283
411 9 76 0.315
436 9 77 0.2677
461 9 79 0.2677
486 9 81 0.2677
510 9 76 0.315
535 9 77 0.2598
560 9 79 0.2598
585 9 81 0.2598
610 9 76 0.315
635 9 77 0.2677
660 9 79 0.2677
685 9 81 0.2677
710 9 76 0.315
735 9 77 0.2598
760 9 79 0.2598
785 9 81 0.2598
810 9 76 0.315
834 9 77 0.2677
859 9 79 0.2677
884 9 81 0.2677
909 9 76 0.315
934 9 77 0.2598
959 9 79 0.2598
984 9 81 0.2598
1009 9 76 0.315
1034 9 77 0.2677
1059 9 79 0.2677
1084 9 81 0.2677
1109 9 76 0.315
1134 9 77 0.2598
1159 9 79 0.2598
1183 9 81 0.2598
1208 9 76 0.2835
1233 9 77 0.2362
1258 9 79 0.2362
1283 9 81 0.2362
1308 9 74 0.2835
1333 9 76 0.2283
1358 9 77 0.2283
1383 9 79 0.2283
1408 9 76 0.2835
1433 9 77 0.2362
1458 9 79 0.2362
1483 9 81 0.2362
1507 9 74 0.2835
1532 9 76 0.2283
1557 9 77 0.2283
1582 9 79 0.2283
1607 9 76 0.2835
1632 9 77 0.2362
1657 9 74 0.2362
1682 9 76 0.2362
1707 9 72 0.2835
1732 9 74 0.2283
1757 9 70 0.2283
1782 9 72 0.2283
1807 9 76 0.2835
1832 9 77 0.2362
1856 9 74 0.2362
1881 9 76 0.2362
1906 9 72 0.2835
1931 9 74 0.2283
1956 9 76 0.2283
1981 9 77 0.2283
2006 12 77 0.315
2031 12 76 0.2992
2056 12 77 0.3386
2081 12 76 0.3228
2106 12 77 0.3622
2131 12 76 0.3465
2156 12 77 0.3937
2180 12 76 0.3701
2205 12 77 0.3307
2230 12 76 0.2992
2255 12 77 0.3228
2280 12 76 0.2913
2305 12 77 0.315
2330 12 76 0.2913
2355 12 77 0.3071
2380 12 76 0.2835
2405 12 77 0.315
2430 12 76 0.2992
2455 12 77 0.3307
2480 12 76 0.3071
2504 12 77 0.3386
2529 12 76 0.315
2554 12 77 0.3543
2579 12 76 0.3307
2604 12 75 0.3307
2629 12 77 0.2992
2654 12 75 0.3228
2679 12 77 0.2913
2704 12 71 0.3071
2729 12 73 0.2756
2754 12 71 0.2992
2779 12 73 0.2677
2804 12 75 0.3307
2829 12 77 0.2992
2853 12 75 0.3228
2878 12 77 0.2913
2903 12 71 0.3071
2928 12 73 0.2756
2953 12 71 0.2992
2978 12 73 0.2677
3003 12 68 0.2913
3028 12 70 0.2677
3053 12 68 0.2913
3078 12 70 0.2677
3103 12 68 0.2913
3128 12 70 0.2677
3153 12 68 0.2913
3177 12 70 0.2677
3202 12 68 0.3228
3227 12 70 0.2835
3252 12 68 0.2913
3277 12 70 0.252
3302 12 68 0.2598
3327 12 70 0.2283
3352 12 68 0.252
3377 12 70 0.2205
3402 12 68 0.2756
3427 12 70 0.252
3452 12 68 0.2677
3477 12 70 0.2441
3501 12 68 0.2598
3526 12 70 0.2283
3551 12 68 0.252
3576 12 70 0.2205
3601 12 68 0.3228
3626 12 70 0.2835
3651 12 68 0.2913
3676 12 70 0.252
3701 12 68 0.2598
3726 12 70 0.2283
3751 12 68 0.252
3776 12 70 0.2205
3801 12 68 0.2835
3826 12 70 0.2913
3850 12 68 0.3386
3875 12 70 0.3386
3900 12 68 0.2992
3925 12 70 0.252
3950 12 68 0.2677
3975 12 70 0.2205
4000 12 68 0.2835
4025 12 70 0.2913
4050 12 68 0.3386
4075 12 70 0.3386
4100 12 68 0.2992
4125 12 70 0.252
4150 12 68 0.2677
4174 12 70 0.2205
4187 99 78 0.3071
4199 12 66 0.2913
4224 12 68 0.2677
4249 12 66 0.2913
4274 12 68 0.2677
4287 99 74 0.3071
4299 12 66 0.2913
4324 12 68 0.2677
4349 12 66 0.2913
4374 12 68 0.2677
4386 149 76 0.3071
4399 12 66 0.2913
4424 12 68 0.2677
4449 12 66 0.2913
4474 12 68 0.2677
4498 12 66 0.2913
4523 12 68 0.2677
4536 49 76 0.3071
4548 12 66 0.2913
4573 12 68 0.2677
4586 49 78 0.3071
4598 12 66 0.2913
4623 12 68 0.2677
4636 49 78 0.3071
4648 12 66 0.2913
4673 12 68 0.2677
4685 49 74 0.3071
4698 12 66 0.2913
4723 12 68 0.2677
4735 49 74 0.3071
4748 12 66 0.2913
4773 12 68 0.2677
4785 199 76 0.3071
4798 12 66 0.2835
4823 12 68 0.252
4847 12 66 0.2677
4872 12 68 0.2441
4897 12 66 0.252
4922 12 68 0.2283
4947 12 66 0.2441
4972 12 68 0.2126
4985 99 76 0.3071
4997 12 66 0.2913
5022 12 68 0.2677
5047 12 66 0.2913
5072 12 68 0.2677
5084 99 72 0.3071
5097 12 66 0.2913
5122 12 68 0.2677
5147 12 66 0.2913
5171 12 68 0.2677
5184 149 74 0.3071
5196 12 65 0.2913
5221 12 67 0.2677
5246 12 65 0.2913
5271 12 67 0.2677
5296 12 65 0.2913
5321 12 67 0.2677
5333 49 74 0.3071
5346 12 65 0.2913
5371 12 67 0.2677
5383 49 76 0.3071
5396 12 66 0.2913
5421 12 68 0.2677
5433 49 76 0.3071
5446 12 66 0.2913
5471 12 68 0.2677
5483 49 72 0.3071
5496 12 66 0.2913
5520 12 68 0.2677
5533 49 72 0.3071
5545 12 66 0.2913
5570 12 68 0.2677
5583 199 74 0.3071
5595 12 65 0.2835
5620 12 67 0.252
5645 12 65 0.2677
5670 12 67 0.2441
5695 12 65 0.252
5720 12 67 0.2283
5745 12 65 0.2441
5770 12 67 0.2126
5795 9 64 0.315
5820 9 65 0.2677
5844 9 67 0.2677
5869 9 69 0.2677
5894 9 62 0.3465
5919 9 64 0.2598
5944 9 65 0.2598
5969 9 67 0.2598
5994 9 64 0.315
6019 9 65 0.2677
6044 9 67 0.2677
6069 9 69 0.2677
6094 9 62 0.3465
6119 9 64 0.2598
6144 9 65 0.2598
6168 9 67 0.2598
6181 199 60 0.3543
6193 9 62 0.315
6218 9 63 0.2677
6243 9 65 0.2677
6268 9 67 0.2677
6293 9 62 0.3386
6318 9 63 0.2756
6343 9 65 0.3071
6368 9 67 0.3228
6380 199 60 0.3543
6393 9 62 0.315
6418 9 63 0.2677
6443 9 65 0.2677
6468 9 67 0.2677
6493 9 62 0.3386
6517 9 63 0.2756
6542 9 65 0.3071
6567 9 67 0.3228
6630 12 82 0.4173
6646 12 82 0.3701
6663 12 82 0.3701
6679 12 82 0.4252
6696 12 82 0.3622
6713 12 82 0.3622
6729 12 82 0.4252
6746 12 82 0.3701
6763 12 82 0.3701
6779 24 82 0.4252
6804 24 81 0.3937
6829 99 79 0.378
6929 16 82 0.4567
6945 16 81 0.4961
6962 16 79 0.5276
6979 49 79 0.5512
7028 16 77 0.5591
7045 16 76 0.5276
7062 16 74 0.4882
7078 18 73 0.5039
7103 74 70 0.3858
7228 16 77 0.5354
7244 16 76 0.4803
7261 16 74 0.4488
7278 18 73 0.4803
7303 24 70 0.3858
7328 16 77 0.4961
7344 16 76 0.4252
7361 10 74 0.3937
7371 195 73 0.3937
7373 195 76 0.4252
7375 195 78 0.4488
7377 24 85 0.5827
7402 24 82 0.4252
7571 56 61 0.3071
7573 54 64 0.3071
7575 49 66 0.3543
7577 24 73 0.4882
7602 24 70 0.3622
7726 12 58 0.252
7739 12 60 0.1969
7751 12 58 0.2441
7764 12 60 0.2047
7776 12 58 0.2283
7789 12 60 0.1969
7801 12 58 0.2283
7814 12 60 0.189
7826 12 58 0.2283
7838 12 60 0.189
7851 12 58 0.2283
7863 12 60 0.189
7876 12 58 0.2362
7888 12 60 0.189
7901 12 58 0.2362
7913 12 60 0.189
7926 12 58 0.2598
7938 12 60 0.189
7951 12 58 0.2362
7963 12 60 0.1969
7976 12 58 0.2756
7988 12 60 0.2047
8000 12 58 0.2047
8013 12 60 0.2835
8025 12 58 0.2126
8038 12 61 0.252
8050 12 58 0.2677
8063 12 61 0.3071
8100 12 70 0.4331
8113 12 73 0.378
8150 12 58 0.3543
8163 12 61 0.315
8175 12 58 0.2283
8187 12 60 0.1969
8200 12 58 0.2283
8212 12 60 0.189
8225 12 58 0.2283
8237 12 60 0.189
8250 12 58 0.2283
8262 12 60 0.189
8275 12 58 0.2362
8287 12 60 0.189
8300 12 58 0.2362
8312 12 60 0.189
8325 12 58 0.2598
8337 12 60 0.189
8349 12 58 0.2362
8362 12 60 0.1969
8374 12 58 0.2756
8387 12 60 0.2047
8399 12 58 0.2047
8412 12 60 0.2835
8424 12 58 0.2126
8437 12 61 0.252
8449 12 58 0.2677
8462 12 61 0.3071
8499 12 70 0.4331
8511 12 73 0.378
8524 12 70 0.4252
8536 12 73 0.3858
8624 12 82 0.4173
8640 12 82 0.3701
8657 12 82 0.3701
8673 12 82 0.4252
8690 12 82 0.3622
8707 12 82 0.3622
8723 12 82 0.4252
8740 12 82 0.3701
8757 12 82 0.3701
8773 24 82 0.4252
8798 24 81 0.3937
8823 99 79 0.378
8923 16 82 0.5433
8939 16 81 0.5118
8956 16 79 0.4488
8973 49 79 0.5039
9022 16 77 0.5197
9039 16 76 0.4646
9056 16 74 0.4331
9072 18 73 0.4803
9097 74 70 0.3858
9222 16 77 0.5197
9222 49 68 0.5197
9238 16 76 0.4646
9255 16 74 0.4409
9272 49 67 0.3465
9272 18 73 0.4803
9297 18 70 0.3858
9322 16 77 0.4961
9322 49 68 0.4961
9338 16 76 0.4252
9355 16 74 0.3937
9371 49 67 0.3465
9371 18 73 0.4803
9396 18 70 0.3858
9421 49 68 0.4016
9421 16 77 0.4961
9438 16 76 0.4252
9454 16 74 0.3937
9471 12 70 0.5906
9471 12 73 0.5906
9484 12 66 0.5433
9571 12 70 0.5906
9571 12 73 0.5906
9583 12 65 0.5354
9670 12 70 0.5906
9670 12 73 0.5906
9683 9 63 0.5433
9870 12 70 0.5906
9870 12 73 0.5906
9882 12 66 0.5433
9970 12 70 0.5906
9970 12 73 0.5906
9982 12 65 0.5354
10069 12 70 0.5906
10069 12 73 0.5906
10082 9 63 0.5433
10169 9 63 0.3307
10181 9 62 0.2756
10194 9 66 0.3307
10206 9 65 0.2913
10219 9 63 0.3307
10231 9 65 0.2913
10244 9 66 0.2913
10256 9 67 0.2913
10269 9 63 0.3307
10281 9 62 0.2756
10294 9 66 0.3307
10306 9 65 0.2835
10319 9 63 0.3307
10331 9 65 0.2913
10343 9 66 0.2913
10356 9 67 0.2913
10368 9 66 0.3307
10381 9 65 0.2756
10393 9 70 0.3307
10406 9 69 0.2913
10418 9 66 0.3307
10431 9 68 0.2913
10443 9 70 0.2913
10456 9 71 0.2913
10468 9 66 0.3307
10481 9 65 0.2756
10493 9 70 0.3307
10505 9 69 0.2835
10518 9 66 0.3307
10530 9 69 0.2913
10543 9 70 0.2913
10555 9 71 0.2913
10568 9 70 0.3307
10580 9 69 0.2756
10593 9 73 0.3307
10605 9 72 0.2913
10618 9 70 0.3307
10630 9 71 0.2913
10643 9 73 0.2913
10655 9 74 0.2913
10667 9 70 0.3307
10680 9 69 0.2756
10692 9 73 0.3307
10705 9 72 0.2835
10717 9 70 0.3307
10730 9 71 0.2913
10742 9 73 0.2913
10755 9 74 0.2913
10767 12 70 0.3307
10780 12 71 0.3228
10792 12 73 0.3228
10805 12 74 0.315
10817 12 70 0.3071
10829 12 71 0.3071
10842 12 73 0.3071
10854 12 74 0.2992
10867 12 70 0.2913
10879 12 71 0.2913
10892 12 73 0.2835
10904 12 74 0.2835
10917 12 70 0.2756
10929 12 71 0.2756
10942 12 73 0.2677
10954 12 74 0.2677
10979 9 76 0.2835
11004 9 77 0.2362
11029 9 79 0.2362
11054 9 81 0.2362
11079 9 74 0.2835
11104 9 76 0.2283
11129 9 77 0.2283
11154 9 79 0.2283
11178 9 76 0.2835
11203 9 77 0.2362
11228 9 79 0.2362
11253 9 81 0.2362
11278 9 74 0.2835
11303 9 76 0.2283
11328 9 77 0.2283
11353 9 79 0.2283
11378 9 76 0.2835
11403 9 77 0.2362
11428 9 74 0.2362
11453 9 76 0.2362
11478 9 72 0.2835
11502 9 74 0.2283
11527 9 70 0.2283
11552 9 72 0.2283
11577 9 76 0.2835
11602 9 77 0.2362
11627 9 74 0.2362
11652 9 76 0.2362
11677 9 72 0.2835
11702 9 74 0.2283
11727 9 76 0.2283
11752 9 77 0.2283
11777 12 77 0.2913
11802 12 76 0.2677
11827 12 77 0.2992
11851 12 76 0.2835
11876 12 77 0.3071
11901 12 76 0.2913
11926 12 77 0.3228
11951 12 76 0.2992
11976 12 77 0.3307
12001 12 76 0.2992
12026 12 77 0.3228
12051 12 76 0.2913
12076 12 77 0.315
12101 12 76 0.2913
12126 12 77 0.3071
12151 12 76 0.2835
12175 12 77 0.2913
12200 12 76 0.2677
12225 12 77 0.2913
12250 12 76 0.2677
12275 12 77 0.2913
12300 12 76 0.2677
12325 12 77 0.2913
12350 12 76 0.2677
12375 12 77 0.3307
12400 12 76 0.2992
12425 12 77 0.3228
12450 12 76 0.2913
12475 12 75 0.3071
12499 12 73 0.2756
12524 12 75 0.2992
12549 12 73 0.2677
12574 12 72 0.3307
12599 12 70 0.2992
12624 12 72 0.3228
12649 12 70 0.2913
12674 12 69 0.3071
12699 12 67 0.2756
12724 12 69 0.2992
12749 12 67 0.2677
12774 12 63 0.2913
12799 12 63 0.2677
12824 12 63 0.2913
12848 12 63 0.2677
12873 12 63 0.2913
12898 12 63 0.2677
12923 12 64 0.2913
12948 12 64 0.2677
13185 12 82 0.2756
13197 12 81 0.2756
13210 12 82 0.315
13235 12 78 0.2913
13247 12 82 0.2441
13260 12 81 0.2992
13272 12 82 0.3228
13285 62 84 0.3622
13347 12 85 0.3307
13359 37 86 0.4016
13397 12 87 0.4016
13409 87 88 0.4488
13496 12 89 0.3858
13509 37 90 0.4488
13546 12 92 0.3622
13559 12 93 0.252
13571 12 94 0.2126
13584 12 93 0.252
13596 12 94 0.2205
13609 12 93 0.252
13621 12 94 0.2283
13634 12 93 0.252
13646 12 94 0.2205
13659 12 93 0.252
13671 12 95 0.2283
13683 12 93 0.252
13696 12 95 0.2205
13708 12 93 0.252
13721 12 95 0.2205
13733 12 93 0.252
13746 12 95 0.2205
13758 12 93 0.252
13771 12 94 0.2126
13783 12 93 0.252
13796 12 94 0.2205
13808 12 93 0.252
13821 12 94 0.2283
13833 12 93 0.252
13845 12 94 0.2205
13858 12 93 0.252
13870 12 95 0.2283
13883 12 93 0.252
13895 12 95 0.2205
13908 12 93 0.252
13920 12 95 0.2205
13933 12 93 0.252
13945 12 95 0.2205
13958 12 93 0.252
13970 12 94 0.2126
13983 12 93 0.252
13995 12 95 0.2205
14007 12 93 0.252
14020 12 94 0.2283
14032 12 93 0.252
14045 12 95 0.2205
14057 12 93 0.252
14070 12 94 0.2283
14082 12 93 0.252
14095 12 95 0.2205
14107 12 93 0.252
14120 12 94 0.2205
14132 12 93 0.252
14145 12 95 0.2205
14157 12 93 0.252
14169 12 94 0.2126
14182 12 93 0.252
14194 12 95 0.2205
14207 12 93 0.252
14219 12 94 0.2283
14232 12 93 0.252
14244 12 95 0.2205
14257 12 93 0.252
14269 12 94 0.2283
14282 12 93 0.252
14294 12 95 0.2205
14307 12 93 0.252
14319 12 94 0.2205
14331 12 93 0.252
14344 12 95 0.2205
14363 193 93 0.2362
14369 186 98 0.2835
14375 180 105 0.315
199 9 64 0.2598
224 9 65 0.2283
249 9 67 0.2283
274 9 69 0.2283
299 9 64 0.2598
324 9 65 0.2362
348 9 67 0.2362
373 9 69 0.2362
398 199 70 0.3543
398 9 64 0.2913
423 9 65 0.2598
448 9 67 0.2598
473 9 69 0.2598
498 9 64 0.2913
523 9 65 0.2677
548 9 67 0.2677
573 9 69 0.2677
598 199 72 0.3543
598 9 64 0.2913
623 9 65 0.2598
648 9 67 0.2598
672 9 69 0.2598
697 9 64 0.2913
722 9 65 0.2677
747 9 67 0.2677
772 9 69 0.2677
797 199 70 0.3543
797 9 64 0.2913
822 9 65 0.2598
847 9 67 0.2598
872 9 69 0.2598
897 9 64 0.2913
922 9 65 0.2677
947 9 67 0.2677
972 9 69 0.2677
997 199 73 0.3543
997 9 64 0.2913
1021 9 65 0.2598
1046 9 67 0.2598
1071 9 69 0.2598
1096 9 64 0.2913
1121 9 65 0.2677
1146 9 67 0.2677
1171 9 69 0.2677
1196 9 74 0.3071
1196 199 62 0.3071
1221 9 72 0.2283
1246 9 70 0.2283
1271 9 69 0.2283
1296 9 72 0.2835
1321 9 70 0.2362
1345 9 69 0.2362
1370 9 67 0.2362
1395 199 62 0.315
1395 9 74 0.2598
1420 9 72 0.2283
1445 9 70 0.2283
1470 9 69 0.2283
1495 9 72 0.2598
1520 9 70 0.2362
1545 9 69 0.2362
1570 9 67 0.2362
1595 199 62 0.315
1595 9 69 0.2598
1620 9 72 0.2283
1645 9 70 0.2283
1669 9 67 0.2283
1694 9 69 0.2598
1719 9 65 0.2362
1744 9 67 0.2362
1769 9 64 0.2362
1794 199 62 0.315
1794 9 69 0.2598
1819 9 72 0.2283
1844 9 70 0.2283
1869 9 67 0.2283
1894 9 69 0.2598
1919 9 65 0.2362
1944 9 69 0.252
1969 9 74 0.2598
1994 12 73 0.4016
2018 12 81 0.3386
2043 12 73 0.2913
2068 12 81 0.3071
2093 12 73 0.3858
2118 12 79 0.378
2143 12 73 0.3386
2168 12 79 0.3543
2193 199 70 0.3622
2193 12 73 0.4252
2218 12 82 0.3465
2243 12 73 0.2913
2268 12 82 0.2835
2293 12 73 0.3465
2318 12 82 0.3228
2342 12 73 0.2756
2367 12 82 0.2756
2392 12 73 0.4016
2417 12 81 0.3386
2442 12 73 0.2913
2467 12 81 0.2913
2492 12 73 0.3622
2517 12 79 0.3543
2542 12 73 0.3071
2567 12 79 0.315
2592 99 66 0.3071
2592 99 70 0.3622
2592 12 73 0.4252
2617 12 82 0.3465
2642 12 73 0.2835
2666 12 82 0.2835
2691 99 63 0.2835
2691 99 66 0.3386
2691 12 70 0.3386
2716 12 78 0.315
2741 12 70 0.2677
2766 12 78 0.2598
2791 99 66 0.3071
2791 99 70 0.3622
2791 12 73 0.4252
2816 12 82 0.3465
2841 12 73 0.2835
2866 12 82 0.2835
2891 99 63 0.2835
2891 99 66 0.3386
2891 12 70 0.3386
2916 12 78 0.315
2941 12 70 0.2677
2966 12 78 0.2598
2991 199 59 0.2835
2991 199 63 0.3386
2991 12 66 0.3701
3015 12 75 0.3071
3040 12 66 0.2598
3065 12 75 0.2598
3090 12 66 0.315
3115 12 75 0.2992
3140 12 66 0.2598
3165 12 75 0.2598
3190 99 63 0.3622
3190 12 66 0.4252
3215 12 75 0.3307
3240 12 66 0.2598
3265 12 75 0.252
3290 99 61 0.2362
3290 99 63 0.2835
3290 12 66 0.2835
3315 12 75 0.2677
3339 12 66 0.2205
3364 12 75 0.2205
3389 199 59 0.2598
3389 199 63 0.3071
3389 12 66 0.3543
3414 12 75 0.2598
3439 12 66 0.2126
3464 12 75 0.2126
3489 12 66 0.252
3514 12 75 0.2362
3539 12 66 0.1969
3564 12 75 0.1969
3589 99 63 0.3622
3589 12 66 0.4252
3614 12 75 0.3307
3639 12 66 0.2598
3664 12 75 0.252
3688 99 61 0.2362
3688 99 63 0.2835
3688 12 66 0.2835
3713 12 75 0.2677
3738 12 66 0.2205
3763 12 75 0.2205
3788 99 60 0.2205
3788 99 63 0.2598
3788 12 66 0.2992
3813 12 75 0.2835
3838 12 66 0.3228
3863 12 75 0.3465
3888 49 61 0.3071
3888 49 63 0.3071
3888 12 66 0.3386
3913 12 77 0.3071
3938 49 58 0.2835
3938 12 66 0.2362
3963 12 77 0.2283
3988 99 60 0.2283
3988 99 63 0.2756
3988 12 66 0.315
4012 12 75 0.315
4037 12 66 0.2835
4062 12 75 0.315
4087 49 61 0.3071
4087 49 63 0.3071
4087 12 66 0.3386
4112 12 77 0.3071
4137 49 58 0.2835
4137 12 66 0.2362
4162 12 77 0.2283
4187 49 54 0.2677
4187 12 60 0.3701
4212 12 62 0.2756
4237 12 60 0.2598
4262 12 62 0.2598
4287 49 50 0.2677
4287 12 60 0.315
4312 12 62 0.2913
4336 12 60 0.2598
4361 12 62 0.2598
4386 49 52 0.2677
4386 12 60 0.3701
4411 12 62 0.2756
4436 12 60 0.2598
4461 12 62 0.2598
4486 12 60 0.315
4511 12 62 0.2913
4536 49 52 0.2677
4536 12 60 0.2598
4561 12 62 0.2598
4586 49 54 0.2677
4586 12 60 0.3701
4611 12 62 0.2756
4636 12 60 0.2598
4661 12 62 0.2598
4685 49 50 0.2677
4685 12 60 0.315
4710 12 62 0.2913
4735 12 60 0.2598
4760 12 62 0.2598
4785 49 52 0.2677
4785 12 60 0.3701
4810 12 62 0.2677
4835 12 60 0.2441
4860 12 62 0.2362
4885 12 60 0.2835
4910 12 62 0.252
4935 12 60 0.2205
4960 12 62 0.2126
4985 49 52 0.2677
4985 12 60 0.3701
5009 12 62 0.2756
5034 12 60 0.2598
5059 12 62 0.2598
5084 49 48 0.2677
5084 12 60 0.315
5109 12 62 0.2913
5134 12 60 0.2598
5159 12 62 0.2598
5184 49 50 0.2677
5184 12 58 0.3701
5209 12 60 0.2598
5234 12 58 0.2992
5259 12 60 0.2598
5284 12 58 0.3386
5309 12 60 0.252
5333 12 58 0.315
5333 49 50 0.315
5358 12 60 0.2598
5383 49 52 0.2677
5383 12 60 0.3701
5408 12 62 0.2756
5433 12 60 0.2598
5458 12 62 0.2598
5483 49 48 0.2677
5483 12 60 0.315
5508 12 62 0.2913
5533 12 60 0.2598
5558 12 62 0.2598
5583 199 50 0.2677
5583 12 58 0.3701
5608 12 60 0.2677
5633 12 58 0.2441
5658 12 60 0.2362
5682 12 58 0.2835
5707 12 60 0.252
5732 12 58 0.2205
5757 12 60 0.2126
5782 199 50 0.2205
5782 9 62 0.3307
5807 9 60 0.2598
5832 9 58 0.2598
5857 9 57 0.2598
5882 9 60 0.2913
5907 9 58 0.2677
5932 9 57 0.2677
5957 9 55 0.2677
5982 199 50 0.2756
5982 9 62 0.3307
6006 9 60 0.2598
6031 9 58 0.2598
6056 9 57 0.2598
6081 9 60 0.2913
6106 9 58 0.2677
6131 9 57 0.2677
6156 9 55 0.2677
6181 12 55 0.2913
6206 12 48 0.252
6231 12 43 0.252
6256 12 36 0.252
6281 12 43 0.252
6306 12 48 0.252
6331 12 57 0.2598
6355 12 53 0.2835
6380 12 55 0.2913
6405 12 48 0.252
6430 12 43 0.252
6455 12 36 0.252
6480 12 43 0.252
6505 12 48 0.252
6530 12 57 0.2598
6555 12 53 0.2835
6580 9 62 0.2835
6592 12 60 0.2126
6605 9 63 0.2362
6617 12 60 0.2126
6630 9 65 0.2362
6642 12 60 0.2126
6655 9 67 0.2362
6667 12 60 0.2126
6679 9 62 0.2992
6692 12 60 0.2126
6704 9 63 0.2441
6717 12 60 0.2126
6729 9 65 0.2756
6742 12 60 0.2126
6754 9 67 0.2835
6767 12 60 0.2126
6779 9 62 0.315
6792 12 60 0.2362
6804 9 63 0.2677
6817 12 60 0.2362
6829 9 65 0.2677
6841 12 60 0.2362
6854 9 67 0.2835
6866 12 60 0.252
6879 9 62 0.378
6891 12 60 0.2677
6904 9 63 0.3228
6916 12 60 0.2835
6929 9 65 0.378
6941 12 60 0.2913
6954 9 67 0.4016
6966 12 60 0.2913
6979 9 62 0.3937
6991 12 60 0.2913
7003 9 63 0.3307
7016 12 60 0.2913
7028 9 65 0.3937
7041 12 60 0.3622
7053 9 67 0.3622
7066 12 60 0.3543
7078 9 67 0.3858
7091 12 58 0.2913
7103 9 67 0.3386
7116 12 58 0.2756
7128 9 67 0.3071
7141 12 58 0.2362
7153 9 67 0.3228
7165 12 58 0.2362
7178 9 67 0.315
7190 12 58 0.2362
7203 9 67 0.2677
7215 12 58 0.2362
7228 24 65 0.378
7240 12 58 0.3386
7253 9 65 0.2913
7265 12 58 0.315
7278 24 64 0.3858
7290 12 58 0.252
7303 9 64 0.2992
7315 12 58 0.2756
7328 24 65 0.3071
7340 12 58 0.2362
7352 9 65 0.3228
7365 6 58 0.2362
7371 205 61 0.2913
7374 202 64 0.2913
7377 12 58 0.3071
7377 199 66 0.3465
7390 12 60 0.2913
7402 12 58 0.2677
7415 12 60 0.252
7427 12 58 0.2677
7440 12 60 0.2362
7452 12 58 0.2598
7465 12 60 0.2362
7477 12 58 0.2598
7490 12 60 0.2362
7502 12 58 0.2598
7514 12 60 0.2441
7527 12 58 0.252
7539 12 60 0.2441
7552 12 58 0.2756
7564 12 60 0.2441
7577 12 58 0.2913
7589 12 60 0.2441
7602 12 58 0.2441
7614 12 60 0.252
7627 12 58 0.2677
7639 12 60 0.2362
7652 12 58 0.252
7664 12 60 0.2441
7676 12 58 0.2598
7689 12 60 0.2362
7701 12 58 0.2598
7714 12 60 0.2441
7801 12 46 0.2756
7814 12 45 0.2756
7826 12 46 0.315
7851 12 42 0.2913
7863 12 46 0.2441
7876 12 45 0.2992
7888 12 46 0.3228
7901 62 48 0.3622
7963 12 49 0.3228
7976 37 50 0.378
8013 12 51 0.3465
8025 149 52 0.4409
8073 12 58 0.4961
8088 12 61 0.4016
8125 12 58 0.4094
8138 12 61 0.3622
8200 12 46 0.2756
8212 12 45 0.2756
8225 12 46 0.315
8250 12 42 0.2913
8262 12 46 0.2441
8275 12 45 0.2992
8287 12 46 0.3228
8300 62 48 0.3622
8362 12 49 0.3228
8374 37 51 0.378
8412 12 53 0.3465
8424 149 54 0.4409
8472 12 58 0.4961
8487 12 61 0.4016
8549 12 70 0.4331
8561 12 73 0.3465
8574 24 70 0.378
8586 12 73 0.2913
8599 24 70 0.3228
8611 12 73 0.2756
8624 49 68 0.2835
8624 12 70 0.2362
8636 12 73 0.2126
8649 12 70 0.2362
8661 12 73 0.2126
8673 49 66 0.2835
8673 12 70 0.2992
8686 12 73 0.2126
8698 12 70 0.2441
8711 12 73 0.2126
8723 49 65 0.2835
8723 12 70 0.2756
8736 12 73 0.2126
8748 12 70 0.2835
8761 12 73 0.2126
8773 12 70 0.2677
8773 99 64 0.252
8786 12 73 0.2362
8798 12 70 0.2677
8811 12 73 0.2362
8823 12 70 0.315
8835 12 73 0.2677
8848 12 70 0.315
8860 12 73 0.2756
8873 99 65 0.315
8873 12 70 0.3386
8885 12 73 0.2756
8898 12 70 0.3228
8910 12 73 0.2362
8923 12 70 0.3858
8935 12 73 0.315
8948 12 70 0.3622
8960 12 73 0.3071
8973 24 70 0.315
8985 12 73 0.2756
8997 24 70 0.3071
9010 12 73 0.2756
9022 24 67 0.315
9035 12 70 0.2362
9047 24 67 0.2677
9060 12 70 0.2362
9072 24 64 0.2992
9085 12 67 0.2362
9097 24 64 0.2756
9110 12 67 0.2362
9122 24 61 0.315
9135 12 65 0.2362
9147 12 61 0.3228
9160 12 65 0.2362
9172 24 58 0.315
9184 12 61 0.2362
9197 24 58 0.2677
9209 12 61 0.2362
9222 99 51 0.315
9222 12 59 0.315
9234 12 62 0.315
9247 12 59 0.2913
9259 12 62 0.315
9272 12 58 0.3858
9284 12 63 0.252
9297 12 58 0.2992
9309 12 63 0.2756
9322 99 51 0.315
9322 9 59 0.3071
9334 12 62 0.2362
9346 12 59 0.3228
9359 12 62 0.2362
9371 12 58 0.3858
9384 12 63 0.252
9396 12 58 0.2992
9409 12 63 0.2756
9421 9 59 0.3071
9434 12 62 0.3465
9446 12 64 0.378
9459 12 65 0.3937
9471 12 54 0.5906
9471 12 61 0.5906
9496 6 63 0.4567
9508 6 63 0.4961
9521 6 63 0.4961
9533 6 63 0.5197
9546 6 63 0.5354
9558 6 63 0.5669
9571 12 61 0.5827
9571 12 58 0.5827
9596 6 63 0.5197
9608 6 63 0.5354
9621 6 63 0.5748
9633 6 63 0.5906
9646 6 63 0.6142
9658 6 63 0.6142
9670 12 55 0.5906
9670 12 61 0.5906
9695 6 63 0.5433
9708 6 63 0.5276
9720 6 63 0.5276
9733 6 63 0.5276
9745 6 63 0.5276
9758 6 63 0.5039
9770 6 63 0.4803
9783 6 63 0.4803
9795 6 63 0.4803
9808 6 63 0.4803
9820 6 63 0.4803
9832 6 63 0.4724
9845 6 63 0.4488
9857 6 63 0.4488
9870 12 54 0.5906
9870 12 61 0.5906
9895 6 63 0.4567
9907 6 63 0.4961
9920 6 63 0.4961
9932 6 63 0.5197
9945 6 63 0.5354
9957 6 63 0.5669
9970 12 61 0.5827
9970 12 58 0.5827
9995 6 63 0.5197
10007 6 63 0.5354
10019 6 63 0.5748
10032 6 63 0.5906
10044 6 63 0.6142
10057 6 63 0.6142
10069 12 55 0.5906
10069 12 61 0.5906
10094 6 63 0.5039
10107 6 63 0.4803
10119 6 63 0.4488
10132 6 63 0.4331
10144 6 63 0.4016
10157 6 63 0.3937
10967 199 62 0.315
10967 9 74 0.2598
10992 9 72 0.2283
11016 9 70 0.2283
11041 9 69 0.2283
11066 9 72 0.2598
11091 9 70 0.2362
11116 9 69 0.2362
11141 9 67 0.2362
11166 199 62 0.315
11166 9 74 0.2598
11191 9 72 0.2283
11216 9 70 0.2283
11241 9 69 0.2283
11266 9 72 0.2598
11291 9 70 0.2362
11316 9 69 0.2362
11340 9 67 0.2362
11365 199 62 0.315
11365 9 69 0.2598
11390 9 72 0.2283
11415 9 70 0.2283
11440 9 67 0.2283
11465 9 69 0.2598
11490 9 65 0.2362
11515 9 67 0.2362
11540 9 64 0.2362
11565 199 62 0.315
11565 9 69 0.2598
11590 9 72 0.2283
11615 9 70 0.2283
11640 9 67 0.2283
11664 9 69 0.2598
11689 9 65 0.2362
11714 9 69 0.2362
11739 9 74 0.2362
11764 12 73 0.3701
11789 12 81 0.3071
11814 12 73 0.2598
11839 12 81 0.2677
11864 12 73 0.3307
11889 12 79 0.3228
11914 12 73 0.2835
11939 12 79 0.2913
11964 199 70 0.3622
11964 12 73 0.4252
11989 12 82 0.3465
12013 12 73 0.2913
12038 12 82 0.2835
12063 12 73 0.3465
12088 12 82 0.3228
12113 12 73 0.2756
12138 12 82 0.2756
12163 12 73 0.3701
12188 12 81 0.3071
12213 12 73 0.2598
12238 12 81 0.2598
12263 12 73 0.315
12288 12 79 0.2992
12313 12 73 0.2598
12337 12 79 0.2598
12362 99 70 0.3622
12362 12 73 0.4252
12387 12 82 0.3465
12412 12 73 0.2835
12437 12 82 0.2835
12462 99 67 0.3386
12462 12 70 0.3386
12487 12 79 0.315
12512 12 70 0.2677
12537 12 79 0.2598
12562 99 64 0.3622
12562 12 67 0.4252
12587 12 76 0.3465
12612 12 67 0.2835
12637 12 76 0.2835
12662 99 61 0.3386
12662 12 64 0.3386
12686 12 73 0.315
12711 12 64 0.2677
12736 12 73 0.2598
12761 199 55 0.3386
12786 12 61 0.3071
12811 12 61 0.2598
12836 12 61 0.2598
12861 12 69 0.3622
12886 12 61 0.2992
12911 12 67 0.3228
12936 12 61 0.2598
12961 12 61 0.315
12973 12 55 0.3071
12986 12 61 0.2756
12998 12 55 0.2677
13010 12 61 0.2677
13023 12 55 0.2598
13035 12 61 0.2598
13048 12 55 0.2598
13060 12 61 0.2598
13073 12 55 0.252
13085 12 61 0.2441
13098 12 55 0.2362
13110 12 61 0.2362
13123 12 55 0.2362
13135 12 61 0.2362
13148 9 55 0.2362
13160 12 54 0.2283
13172 12 61 0.1811
13185 12 54 0.1969
13197 12 61 0.1811
13210 12 54 0.2283
13222 12 61 0.1811
13235 12 54 0.1969
13247 12 61 0.1811
13260 12 54 0.2283
13272 12 61 0.1811
13285 12 54 0.1969
13297 12 61 0.1811
13310 12 54 0.2283
13322 12 61 0.1811
13334 12 54 0.1969
13347 12 61 0.1811
13359 12 54 0.2283
13372 12 61 0.1811
13384 12 54 0.1969
13397 12 61 0.1811
13409 12 66 0.2283
13422 12 73 0.1811
13434 12 66 0.1969
13447 12 73 0.1811
13459 24 66 0.2835
13659 24 64 0.2047
13659 99 62 0.2047
13683 24 65 0.1811
13708 24 67 0.1575
13733 24 69 0.1575
13858 24 76 0.2047
13858 99 74 0.2047
13883 24 77 0.1811
13908 24 79 0.1575
13933 24 81 0.1575
14007 24 81 0.1811
14007 24 74 0.1811
14057 24 86 0.1811
14107 24 74 0.1811
14107 24 81 0.1811
14157 24 86 0.1811
14207 24 81 0.1811
14207 24 74 0.1811
14257 24 86 0.1811
14307 24 74 0.1811
14307 24 81 0.1811
14356 199 86 0.1811
