0 14 71 0.3543
14 14 69 0.315
28 14 61 0.2362
28 14 55 0.2992
43 28 71 0.4173
43 14 45 0.2677
57 14 76 0.4016
57 14 55 0.252
71 14 69 0.3307
71 14 64 0.2441
86 14 61 0.3622
86 14 55 0.3543
100 28 70 0.5118
100 14 45 0.3071
114 14 76 0.4488
114 14 55 0.3386
129 14 69 0.3937
129 7 64 0.3228
143 14 61 0.4646
143 14 55 0.3937
157 28 71 0.5276
157 14 45 0.3071
172 14 76 0.5433
172 14 55 0.3858
186 14 69 0.4724
186 7 64 0.3307
200 14 61 0.4961
200 14 55 0.3937
215 28 70 0.5669
215 14 45 0.3465
229 14 76 0.4882
229 14 55 0.3858
243 14 69 0.4567
243 7 64 0.3465
258 14 61 0.4961
258 14 57 0.3937
272 28 71 0.5276
272 14 45 0.3228
286 14 76 0.4803
286 14 55 0.3465
301 14 69 0.3937
301 7 64 0.2756
315 14 61 0.378
315 14 55 0.2756
329 14 66 0.3622
329 14 57 0.2362
344 14 62 0.3858
344 14 38 0.2992
358 14 57 0.3543
358 14 54 0.2677
373 14 58 0.3543
373 14 55 0.2756
387 14 59 0.3465
387 14 43 0.252
401 14 61 0.315
401 14 66 0.378
401 14 45 0.2913
416 10 64 0.3858
416 10 55 0.2913
430 14 62 0.4409
430 14 54 0.3228
444 14 74 0.4016
444 14 47 0.2835
459 14 66 0.4016
459 14 62 0.2835
473 14 69 0.4016
473 14 54 0.2835
487 14 68 0.378
487 14 73 0.4488
487 14 52 0.3307
502 10 71 0.4331
502 10 62 0.2835
516 14 64 0.4567
516 14 61 0.378
530 14 69 0.4252
530 14 57 0.3228
545 14 65 0.4252
545 14 62 0.3071
559 14 66 0.4252
559 14 50 0.3071
573 14 73 0.4646
573 14 68 0.3937
573 14 52 0.3307
588 10 71 0.4409
588 10 62 0.2913
602 14 69 0.4882
602 14 61 0.3858
616 14 76 0.4094
616 14 60 0.3071
631 14 64 0.4724
631 14 54 0.3228
645 14 69 0.4488
645 14 45 0.3228
659 14 63 0.3937
659 14 72 0.4646
659 14 47 0.3622
674 10 71 0.4724
674 10 57 0.315
688 14 59 0.5197
688 14 55 0.3858
703 14 64 0.4488
703 14 40 0.3543
717 14 60 0.4567
717 14 45 0.378
731 14 64 0.4488
731 14 57 0.3465
746 14 67 0.5039
746 14 63 0.4252
746 14 47 0.3858
760 10 66 0.4961
760 10 57 0.3701
774 14 64 0.5433
774 14 55 0.4016
789 14 76 0.4803
789 14 52 0.3622
803 14 67 0.5039
803 14 64 0.3622
817 14 71 0.5039
817 14 55 0.3622
832 14 70 0.4567
832 14 74 0.5512
832 14 54 0.4016
846 10 73 0.5039
846 10 64 0.3622
860 14 71 0.5748
860 14 62 0.4252
875 14 66 0.4961
875 14 47 0.4409
889 14 67 0.5512
889 14 52 0.3858
903 14 71 0.5669
903 14 64 0.4094
918 14 70 0.5039
918 14 74 0.5984
918 14 54 0.4331
932 10 73 0.6063
932 10 64 0.4094
946 14 71 0.6772
946 14 62 0.4646
961 14 83 0.5906
961 14 53 0.4094
975 14 80 0.6457
975 14 59 0.4252
989 14 74 0.6535
989 14 68 0.4331
1004 14 73 0.7087
1004 14 61 0.4882
1018 14 71 0.6693
1018 14 62 0.4252
1032 14 70 0.7165
1032 14 61 0.4882
1047 7 78 0.6063
1047 7 54 0.3465
1061 14 71 0.6614
1061 14 62 0.4173
1076 7 80 0.5748
1076 7 50 0.3307
1090 14 65 0.6299
1090 14 61 0.4173
1104 7 82 0.5591
1104 7 49 0.3307
1119 14 70 0.7008
1119 14 42 0.4488
1133 7 78 0.5748
1133 7 61 0.3307
1147 14 71 0.622
1147 14 62 0.3937
1162 7 80 0.5512
1162 7 47 0.315
1176 14 65 0.5906
1176 14 61 0.378
1190 7 82 0.5039
1190 7 49 0.2992
1205 14 70 0.5827
1205 14 42 0.4094
1219 7 78 0.4724
1219 7 61 0.2992
1233 14 71 0.5433
1233 14 62 0.3622
1248 7 80 0.4331
1248 7 47 0.2835
1262 14 65 0.5039
1262 14 61 0.3307
1276 7 82 0.4488
1276 7 49 0.252
1291 14 70 0.4961
1291 14 42 0.3386
1305 7 78 0.4252
1305 7 61 0.2835
1319 14 71 0.4331
1319 14 62 0.2992
1334 7 80 0.378
1334 7 47 0.252
1348 14 65 0.3858
1348 14 61 0.2835
1362 7 81 0.3386
1362 7 49 0.2283
1377 14 78 0.3543
1377 14 42 0.3228
1391 14 66 0.315
1391 14 57 0.2598
1406 14 61 0.2362
1406 14 55 0.2992
1420 28 71 0.4173
1420 14 45 0.2677
1434 14 76 0.3858
1434 14 55 0.2835
1449 14 69 0.3307
1449 14 64 0.2441
1463 14 61 0.3622
1463 14 55 0.3543
1477 28 70 0.5118
1477 14 45 0.3071
1492 14 76 0.4488
1492 14 55 0.3465
1506 14 69 0.3937
1506 7 64 0.3228
1520 14 61 0.4646
1520 14 55 0.3937
1535 28 71 0.5276
1535 14 45 0.3071
1549 14 76 0.5276
1549 14 55 0.3937
1563 14 69 0.4803
1563 7 64 0.3307
1578 14 61 0.4961
1578 14 55 0.3937
1592 28 70 0.5512
1592 14 45 0.3465
1606 14 76 0.5039
1606 14 55 0.378
1621 14 69 0.4567
1621 7 64 0.3465
1635 14 61 0.5118
1635 14 55 0.3937
1635 14 57 0.3937
1649 28 71 0.4567
1649 14 45 0.3228
1664 14 76 0.4803
1664 14 55 0.3465
1678 14 69 0.3937
1678 7 64 0.2756
1692 14 61 0.378
1692 14 55 0.2756
1707 14 66 0.3622
1707 14 57 0.2362
1721 14 62 0.3858
1721 14 38 0.2992
1736 14 57 0.3543
1736 14 54 0.2677
1750 14 58 0.3543
1750 14 55 0.2756
1764 14 59 0.3465
1764 14 43 0.252
1779 14 67 0.3701
1779 14 61 0.3071
1779 14 45 0.2913
1793 10 66 0.3622
1793 10 57 0.2913
1807 14 62 0.4409
1807 14 54 0.3228
1822 14 74 0.4016
1822 14 47 0.2835
1836 14 66 0.4016
1836 14 62 0.2835
1850 14 69 0.4016
1850 14 53 0.2835
1865 14 68 0.3543
1865 14 72 0.4173
1865 14 52 0.3307
1879 10 71 0.4016
1879 10 62 0.2835
1893 14 64 0.4567
1893 14 60 0.378
1908 14 69 0.4252
1908 14 57 0.3228
1922 14 65 0.4252
1922 14 62 0.3071
1936 14 69 0.4252
1936 14 50 0.3071
1951 14 68 0.3937
1951 14 72 0.4646
1951 14 52 0.3307
1965 10 71 0.4409
1965 10 62 0.2913
1979 14 69 0.4882
1979 14 61 0.3858
1994 14 76 0.4094
1994 14 60 0.3071
2008 14 64 0.4724
2008 14 54 0.3228
2022 14 69 0.4488
2022 14 45 0.3228
2037 14 63 0.3937
2037 14 72 0.4646
2037 14 47 0.3622
2051 10 71 0.4724
2051 10 57 0.315
2065 14 59 0.5197
2065 14 55 0.3858
2080 14 64 0.4488
2080 14 40 0.3543
2094 14 60 0.4567
2094 14 45 0.378
2109 14 64 0.4488
2109 14 57 0.3465
2123 14 67 0.5039
2123 14 63 0.4252
2123 14 47 0.3858
2137 10 66 0.4961
2137 10 57 0.3701
2152 14 64 0.5433
2152 14 55 0.4016
2166 14 76 0.4803
2166 14 52 0.3622
2180 14 67 0.5039
2180 14 64 0.3622
2195 14 71 0.5039
2195 14 55 0.3622
2209 14 70 0.4567
2209 14 74 0.5512
2209 14 54 0.4016
2223 10 73 0.5039
2223 10 64 0.3622
2238 14 71 0.6063
2238 14 62 0.4331
2252 14 66 0.4961
2252 14 47 0.4409
2266 14 67 0.5512
2266 14 52 0.3858
2281 14 71 0.5669
2281 14 64 0.4094
2295 14 70 0.5039
2295 14 74 0.5984
2295 14 54 0.4331
2309 10 73 0.6063
2309 10 64 0.4094
2324 14 71 0.6772
2324 14 62 0.4646
2338 14 83 0.6299
2338 14 53 0.4094
2352 14 80 0.6457
2352 14 59 0.4252
2367 14 74 0.6535
2367 14 68 0.4331
2381 14 73 0.7244
2381 14 61 0.4882
2395 14 71 0.6693
2395 14 62 0.4252
2410 14 69 0.7244
2410 14 54 0.4882
2424 7 74 0.6063
2424 7 62 0.3465
2439 14 67 0.6772
2439 14 58 0.4173
2453 7 76 0.5984
2453 7 43 0.3307
2467 14 61 0.6535
2467 14 57 0.4173
2482 7 78 0.5906
2482 7 45 0.3307
2496 14 66 0.7165
2496 14 38 0.4488
2510 7 74 0.5748
2510 7 57 0.3307
2525 14 67 0.6299
2525 14 58 0.4016
2539 7 76 0.5669
2539 7 43 0.3228
2553 14 61 0.6142
2553 14 57 0.3937
2568 7 78 0.5276
2568 7 45 0.315
2582 14 66 0.6142
2582 14 38 0.4331
2596 7 74 0.4961
2596 7 57 0.315
2611 14 67 0.5669
2611 14 58 0.378
2625 7 76 0.4567
2625 7 43 0.2913
2639 14 61 0.5197
2639 14 57 0.3386
2654 7 78 0.4646
2654 7 45 0.2598
2668 14 66 0.5118
2668 14 38 0.3465
2682 7 74 0.4331
2682 7 57 0.2835
2697 14 67 0.4331
2697 14 58 0.2992
2711 7 76 0.378
2711 7 43 0.252
2725 14 61 0.3937
2725 14 57 0.2835
2740 7 78 0.3386
2740 7 45 0.2283
2754 14 66 0.3543
2754 14 38 0.2598
2769 14 74 0.3071
2769 14 45 0.2598
2783 14 62 0.2362
2783 14 57 0.2913
2797 28 70 0.3858
2797 14 45 0.2598
2812 14 76 0.3307
2812 14 38 0.2756
2826 14 69 0.3465
2826 14 45 0.2441
2840 14 62 0.2992
2840 14 57 0.3228
2855 28 67 0.4409
2855 14 45 0.2756
2869 7 74 0.3543
2869 7 38 0.3228
2883 28 66 0.4094
2883 14 45 0.2913
2898 14 62 0.3937
2898 14 57 0.3622
2912 28 70 0.4724
2912 14 45 0.2835
2926 7 74 0.4016
2926 14 38 0.3622
2941 28 69 0.4567
2941 7 45 0.3071
2955 14 62 0.4488
2955 14 57 0.3858
2969 28 67 0.5512
2969 14 45 0.3386
2984 7 74 0.4488
2984 7 38 0.3937
2998 14 66 0.4961
2998 14 45 0.3543
3012 14 62 0.5433
3012 14 57 0.4173
3027 28 70 0.6063
3027 14 45 0.3543
3041 7 74 0.5512
3041 7 38 0.3543
3055 28 69 0.6535
3055 14 45 0.3622
3070 14 62 0.7165
3070 14 57 0.4961
3084 14 74 0.7559
3084 14 45 0.4567
3098 14 90 0.8504
3098 14 38 0.622
3167 25 45 0.3622
3170 21 52 0.4016
3174 17 61 0.4724
3177 21 67 0.622
3181 17 76 0.6772
3185 14 81 0.7323
3263 7 38 0.4567
3271 14 66 0.6772
3271 14 74 0.6772
3271 14 78 0.7953
3271 7 57 0.4016
3271 7 50 0.4016
3271 7 62 0.4724
