74 24 74 0.3622
99 24 74 0.3937
124 24 71 0.3543
149 24 71 0.3858
174 24 79 0.4882
199 74 79 0.5433
273 12 78 0.3858
286 12 76 0.3543
298 12 74 0.3937
323 12 74 0.3543
348 13 74 0.3937
361 13 76 0.3386
373 13 74 0.3386
385 13 72 0.3386
398 24 71 0.4173
423 12 74 0.3622
473 24 79 0.3622
497 24 79 0.4173
522 24 74 0.3858
547 24 74 0.4567
572 24 83 0.4882
597 74 83 0.5433
672 12 79 0.3858
684 12 76 0.3543
697 12 74 0.3937
722 12 74 0.3543
746 13 74 0.3937
759 13 73 0.3386
771 13 71 0.3386
784 13 73 0.3386
796 49 74 0.4173
871 13 81 0.3937
883 13 79 0.3622
896 13 78 0.3937
908 13 76 0.3543
921 13 74 0.3543
933 13 73 0.3543
946 13 71 0.3937
958 13 73 0.3622
971 13 74 0.3622
983 13 71 0.3622
995 24 69 0.3937
1070 13 81 0.3937
1083 13 79 0.3622
1095 13 78 0.3937
1107 13 76 0.3543
1120 13 74 0.3543
1132 13 73 0.3543
1145 13 71 0.3937
1157 13 73 0.378
1170 13 74 0.3937
1182 13 71 0.4331
1195 24 69 0.4724
1244 12 86 0.4882
1257 12 81 0.4173
1269 12 78 0.4409
1282 12 74 0.4252
1294 12 76 0.4882
1319 12 76 0.4567
1344 12 73 0.4094
1344 12 81 0.4882
1369 12 81 0.4488
1369 12 73 0.378
1394 49 76 0.4094
1394 49 79 0.4882
1444 24 78 0.4646
1444 24 74 0.3937
1469 13 81 0.3937
1481 13 79 0.3622
1493 13 78 0.3937
1506 13 76 0.3543
1518 13 74 0.3543
1531 13 73 0.3543
1543 13 71 0.3937
1556 13 73 0.3622
1568 13 74 0.3622
1581 13 71 0.3622
1593 13 69 0.3937
1605 13 67 0.3622
1618 13 66 0.3622
1630 13 67 0.3622
1643 12 69 0.3937
1668 13 81 0.3937
1680 13 79 0.3622
1693 13 78 0.3937
1705 13 76 0.3543
1717 13 74 0.3543
1730 13 73 0.3543
1742 13 71 0.3937
1755 13 73 0.378
1767 13 74 0.3937
1780 13 71 0.4331
1792 24 69 0.4724
1842 12 74 0.4882
1854 12 78 0.4173
1867 12 81 0.4409
1879 12 86 0.4252
1892 13 85 0.5276
1904 13 83 0.4331
1917 13 81 0.4567
1929 13 79 0.4331
1942 13 78 0.5197
1954 13 76 0.4173
1966 13 74 0.4567
1979 12 73 0.4409
1991 12 74 0.5276
2004 12 78 0.4567
2016 12 81 0.5039
2029 12 78 0.4567
2041 12 81 0.5276
2054 12 78 0.4646
2066 12 79 0.5039
2079 12 76 0.4567
2091 12 74 0.5276
2103 12 78 0.4646
2116 12 81 0.4961
2128 12 78 0.4567
2141 12 81 0.5276
2153 12 78 0.4646
2166 12 79 0.5118
2178 12 76 0.4646
2191 49 74 0.5512
2265 24 74 0.3622
2290 24 74 0.3937
2315 24 71 0.3543
2340 24 71 0.3858
2365 24 79 0.4882
2390 74 79 0.5433
2464 12 78 0.3858
2477 12 76 0.3543
2489 12 74 0.3937
2514 12 74 0.3543
2539 13 74 0.3937
2552 13 76 0.3386
2564 13 74 0.3386
2576 13 72 0.3386
2589 24 71 0.4173
2614 12 74 0.3622
2664 24 79 0.3622
2689 24 79 0.4173
2713 24 74 0.3858
2738 24 74 0.4567
2763 24 83 0.4882
2788 74 83 0.5433
2863 12 79 0.3858
2875 12 76 0.3543
2888 12 74 0.3937
2913 12 74 0.3543
2938 13 74 0.3937
2950 13 73 0.3386
2962 13 71 0.3386
2975 13 73 0.3386
2987 49 74 0.4173
3062 13 81 0.3937
3074 13 79 0.3622
3087 13 78 0.3937
3099 13 76 0.3543
3112 13 74 0.3543
3124 13 73 0.3543
3137 13 71 0.3937
3149 13 73 0.3622
3162 13 74 0.3622
3174 13 71 0.3622
3186 24 69 0.3937
3261 13 81 0.3937
3274 13 79 0.3622
3286 13 78 0.3937
3299 13 76 0.3543
3311 13 74 0.3543
3323 13 73 0.3543
3336 13 71 0.3937
3348 13 73 0.378
3361 13 74 0.3937
3373 13 71 0.4331
3386 24 69 0.4724
3435 12 86 0.4882
3448 12 81 0.4173
3460 12 78 0.4409
3473 12 74 0.4252
3485 12 76 0.4882
3510 12 76 0.4567
3535 12 73 0.4094
3535 12 81 0.4882
3560 12 81 0.4488
3560 12 73 0.378
3585 49 76 0.4094
3585 49 79 0.4882
3635 24 78 0.4646
3635 24 74 0.3937
3660 13 81 0.3937
3672 13 79 0.3622
3684 13 78 0.3937
3697 13 76 0.3543
3709 13 74 0.3543
3722 13 73 0.3543
3734 13 71 0.3937
3747 13 73 0.3622
3759 13 74 0.3622
3772 13 71 0.3622
3784 13 69 0.3937
3796 13 67 0.3622
3809 13 66 0.3622
3821 13 67 0.3622
3834 12 69 0.3937
3859 13 81 0.3937
3871 13 79 0.3622
3884 13 78 0.3937
3896 13 76 0.3543
3909 13 74 0.3543
3921 13 73 0.3543
3933 13 71 0.3937
3946 13 73 0.378
3958 13 74 0.3937
3971 13 71 0.4331
3983 24 69 0.4724
4033 12 74 0.4882
4045 12 78 0.4173
4058 12 81 0.4409
4070 12 86 0.4252
4083 13 85 0.5276
4095 13 83 0.4331
4108 13 81 0.4567
4120 13 79 0.4331
4133 13 78 0.5197
4145 13 76 0.4173
4158 13 74 0.4567
4170 12 73 0.4409
4182 12 74 0.5276
4195 12 78 0.4567
4207 12 81 0.5039
4220 12 78 0.4567
4232 12 81 0.5276
4245 12 78 0.4646
4257 12 79 0.5039
4270 12 76 0.4567
4282 12 74 0.5276
4294 12 78 0.4646
4307 12 81 0.4961
4319 12 78 0.4567
4332 12 81 0.5276
4344 12 78 0.4646
4357 12 79 0.5118
4369 12 76 0.4646
4382 49 74 0.5512
4456 24 74 0.3622
4481 24 74 0.3937
4506 24 71 0.3543
4531 24 71 0.3858
4556 24 77 0.4882
4581 74 77 0.5433
4655 12 76 0.3858
4668 12 74 0.3543
4680 12 72 0.3937
4705 12 72 0.3543
4730 13 72 0.3937
4743 13 71 0.3386
4755 13 69 0.3386
4768 13 71 0.3386
4780 24 72 0.4173
4805 12 81 0.3622
4830 13 76 0.3937
4842 13 77 0.3386
4855 13 76 0.3386
4867 13 74 0.3386
4880 24 72 0.4173
4904 12 81 0.3622
4929 13 76 0.3937
4942 13 77 0.3386
4954 13 76 0.3386
4967 13 74 0.3386
4979 13 72 0.3937
4992 13 74 0.3543
5004 13 72 0.3543
5017 13 71 0.3543
5029 13 69 0.4016
5041 13 71 0.4331
5054 13 72 0.4567
5066 13 74 0.4882
5079 74 76 0.5512
5153 13 74 0.3937
5166 13 72 0.3386
5178 12 71 0.3937
5191 13 74 0.3543
5203 13 72 0.3386
5216 13 71 0.3386
5228 13 69 0.3937
5241 13 72 0.3543
5253 13 71 0.3386
5266 13 69 0.3386
5278 13 67 0.3937
5290 13 69 0.3543
5303 13 67 0.3543
5315 13 66 0.3543
5328 13 67 0.3937
5340 13 69 0.3622
5353 13 71 0.3937
5365 13 73 0.4488
5378 24 74 0.5276
5427 13 66 0.4252
5440 13 67 0.3937
5452 13 66 0.4173
5465 13 64 0.3937
5477 12 62 0.4567
5527 13 67 0.3937
5539 13 69 0.3622
5552 13 67 0.3937
5564 13 66 0.3701
5577 12 64 0.3937
5627 13 69 0.3543
5639 13 71 0.3228
5651 13 69 0.3543
5664 13 67 0.3071
5676 13 66 0.3543
5689 13 67 0.2992
5701 13 66 0.2992
5714 13 64 0.2992
5726 13 66 0.3307
5739 13 67 0.3386
5751 13 69 0.3228
5763 13 71 0.315
5776 24 72 0.3307
5851 24 74 0.3622
5876 24 74 0.3937
5900 24 71 0.3543
5925 24 71 0.3858
5950 24 79 0.4882
5975 74 79 0.5433
6050 12 78 0.3858
6062 12 76 0.3543
6075 12 74 0.3937
6100 12 74 0.3543
6124 13 74 0.3937
6137 13 76 0.3386
6149 13 74 0.3386
6162 13 72 0.3386
6174 24 71 0.4173
6199 12 74 0.3622
6249 24 71 0.3622
6274 24 71 0.4173
6299 24 69 0.3858
6324 24 69 0.4567
6349 24 76 0.4882
6373 74 76 0.5433
6448 12 72 0.3858
6461 12 69 0.3543
6473 12 67 0.3937
6498 12 67 0.3543
6523 13 67 0.3937
6535 13 66 0.3386
6548 13 64 0.3386
6560 13 66 0.3386
6573 49 67 0.4173
6647 13 74 0.3937
6660 13 72 0.3622
6672 13 71 0.3937
6685 13 69 0.3543
6697 13 67 0.3543
6710 13 66 0.3543
6722 13 64 0.3937
6735 13 66 0.3622
6747 13 67 0.3622
6759 13 64 0.3622
6772 24 62 0.3937
6847 13 74 0.3937
6859 13 72 0.3622
6871 13 71 0.3937
6884 13 69 0.3543
6896 13 67 0.3543
6909 13 66 0.3543
6921 13 64 0.3937
6934 13 66 0.378
6946 13 67 0.3937
6959 13 64 0.4331
6971 12 62 0.4724
6996 12 79 0.4882
7008 12 78 0.4567
7021 12 76 0.4409
7033 12 74 0.4409
7046 12 72 0.4409
7058 12 71 0.4409
7071 12 69 0.4882
7096 12 69 0.4567
7120 12 66 0.4094
7120 12 74 0.4882
7145 12 74 0.4488
7145 12 66 0.378
7170 49 69 0.4094
7170 49 72 0.4882
7220 24 71 0.4646
7220 24 67 0.3937
7245 13 83 0.3937
7257 13 81 0.3622
7270 13 79 0.3937
7282 13 78 0.3543
7295 13 76 0.3543
7307 13 75 0.3543
7320 13 76 0.3937
7332 13 78 0.3622
7345 13 79 0.3622
7357 13 76 0.3622
7369 13 74 0.3937
7382 13 72 0.3622
7394 13 71 0.3622
7407 13 72 0.3622
7419 12 74 0.3937
7444 13 83 0.3937
7457 13 81 0.3622
7469 13 79 0.3937
7481 13 78 0.3543
7494 13 76 0.3543
7506 13 75 0.3543
7519 13 76 0.3937
7531 13 78 0.378
7544 13 79 0.3937
7556 13 76 0.4331
7569 12 74 0.4882
7581 12 79 0.4173
7593 12 83 0.4409
7606 12 86 0.4252
7618 12 84 0.4882
7631 12 83 0.4173
7643 12 81 0.4409
7656 12 79 0.4646
7668 12 78 0.5276
7681 12 76 0.4331
7693 12 74 0.4567
7706 12 72 0.4331
7718 12 71 0.5197
7730 12 69 0.4173
7743 12 67 0.4567
7755 12 66 0.4409
7768 12 67 0.5276
7780 12 71 0.4567
7793 12 74 0.5039
7805 12 71 0.4567
7818 12 74 0.5276
7830 12 71 0.4646
7842 12 72 0.5039
7855 12 69 0.4567
7867 12 67 0.5276
7880 12 71 0.4646
7892 12 74 0.4961
7905 12 71 0.4567
7917 12 74 0.5276
7930 12 71 0.4646
7942 12 72 0.5118
7955 12 69 0.4646
7967 24 67 0.5512
8017 24 71 0.4646
8017 24 74 0.4646
8017 24 79 0.5512
8067 49 71 0.4646
8067 49 74 0.4646
8067 49 79 0.5512
8141 24 74 0.3622
8166 24 74 0.3937
8191 24 71 0.3543
8216 24 71 0.3858
8241 24 77 0.4882
8266 74 77 0.5433
8340 12 76 0.3858
8353 12 74 0.3543
8365 12 72 0.3937
8390 12 72 0.3543
8415 13 72 0.3937
8428 13 71 0.3386
8440 13 69 0.3386
8452 13 71 0.3386
8465 24 72 0.4173
8490 12 81 0.3622
8515 13 76 0.3937
8527 13 77 0.3386
8540 13 76 0.3386
8552 13 74 0.3386
8565 24 72 0.4173
8589 12 81 0.3622
8614 13 76 0.3937
8627 13 77 0.3386
8639 13 76 0.3386
8652 13 74 0.3386
8664 13 72 0.3937
8677 13 74 0.3543
8689 13 72 0.3543
8701 13 71 0.3543
8714 13 69 0.4016
8726 13 71 0.4331
8739 13 72 0.4567
8751 13 74 0.4882
8764 74 76 0.5512
8838 13 74 0.3937
8851 13 72 0.3386
8863 12 71 0.3937
8876 13 74 0.3543
8888 13 72 0.3386
8901 13 71 0.3386
8913 13 69 0.3937
8926 13 72 0.3543
8938 13 71 0.3386
8950 13 69 0.3386
8963 13 67 0.3937
8975 13 69 0.3543
8988 13 67 0.3543
9000 13 66 0.3543
9013 13 67 0.3937
9025 13 69 0.3622
9038 13 71 0.3937
9050 13 73 0.4488
9062 24 74 0.5276
9112 13 66 0.4252
9125 13 67 0.3937
9137 13 66 0.4173
9150 13 64 0.3937
9162 12 62 0.4567
9212 13 67 0.3937
9224 13 69 0.3622
9237 13 67 0.3937
9249 13 66 0.3701
9262 12 64 0.3937
9311 13 69 0.3543
9324 13 71 0.3228
9336 13 69 0.3543
9349 13 67 0.3071
9361 13 66 0.3543
9374 13 67 0.2992
9386 13 66 0.2992
9399 13 64 0.2992
9411 13 66 0.3307
9424 13 67 0.3386
9436 13 69 0.3228
9448 13 71 0.315
9461 24 72 0.3307
9536 24 74 0.3622
9560 24 74 0.3937
9585 24 71 0.3543
9610 24 71 0.3858
9635 24 79 0.4882
9660 74 79 0.5433
9735 12 78 0.3858
9747 12 76 0.3543
9760 12 74 0.3937
9785 12 74 0.3543
9809 13 74 0.3937
9822 13 76 0.3386
9834 13 74 0.3386
9847 13 72 0.3386
9859 24 71 0.4173
9884 12 74 0.3622
9934 24 71 0.3622
9959 24 71 0.4173
9984 24 69 0.3858
10009 24 69 0.4567
10034 24 76 0.4882
10058 74 76 0.5433
10133 12 72 0.3858
10146 12 69 0.3543
10158 12 67 0.3937
10183 12 67 0.3543
10208 13 67 0.3937
10220 13 66 0.3386
10233 13 64 0.3386
10245 13 66 0.3386
10258 49 67 0.4173
10332 13 74 0.3937
10345 13 72 0.3622
10357 13 71 0.3937
10370 13 69 0.3543
10382 13 67 0.3543
10395 13 66 0.3543
10407 13 64 0.3937
10419 13 66 0.3622
10432 13 67 0.3622
10444 13 64 0.3622
10457 24 62 0.3937
10532 13 74 0.3937
10544 13 72 0.3622
10556 13 71 0.3937
10569 13 69 0.3543
10581 13 67 0.3543
10594 13 66 0.3543
10606 13 64 0.3937
10619 13 66 0.378
10631 13 67 0.3937
10644 13 64 0.4331
10656 12 62 0.4724
10681 12 79 0.4882
10693 12 78 0.4567
10706 12 76 0.4409
10718 12 74 0.4409
10731 12 72 0.4409
10743 12 71 0.4409
10756 12 69 0.4882
10780 12 69 0.4567
10805 12 66 0.4094
10805 12 74 0.4882
10830 12 74 0.4488
10830 12 66 0.378
10855 49 69 0.4094
10855 49 72 0.4882
10905 24 71 0.4646
10905 24 67 0.3937
10930 13 83 0.3937
10942 13 81 0.3622
10955 13 79 0.3937
10967 13 78 0.3543
10980 13 76 0.3543
10992 13 75 0.3543
11005 13 76 0.3937
11017 13 78 0.3622
11029 13 79 0.3622
11042 13 76 0.3622
11054 13 74 0.3937
11067 13 72 0.3622
11079 13 71 0.3622
11092 13 72 0.3622
11104 12 74 0.3937
11129 13 83 0.3937
11142 13 81 0.3622
11154 13 79 0.3937
11166 13 78 0.3543
11179 13 76 0.3543
11191 13 75 0.3543
11204 13 76 0.3937
11216 13 78 0.378
11229 13 79 0.3937
11241 13 76 0.4331
11254 12 74 0.4882
11266 12 79 0.4173
11278 12 83 0.4409
11291 12 86 0.4252
11303 12 84 0.4882
11316 12 83 0.4173
11328 12 81 0.4409
11341 12 79 0.4646
11353 12 78 0.5276
11366 12 76 0.4331
11378 12 74 0.4567
11390 12 72 0.4331
11403 12 71 0.5197
11415 12 69 0.4173
11428 12 67 0.4567
11440 12 66 0.4409
11453 12 67 0.5276
11465 12 71 0.4567
11478 12 74 0.5039
11490 12 71 0.4567
11503 12 74 0.5276
11515 12 71 0.4646
11527 12 72 0.5039
11540 12 69 0.4567
11552 12 67 0.5276
11565 12 71 0.4646
11577 12 74 0.4961
11590 12 71 0.4567
11602 12 74 0.5276
11615 12 71 0.4646
11627 12 72 0.5118
11639 12 69 0.4646
11652 24 67 0.5512
11702 24 71 0.4646
11702 24 74 0.4646
11702 24 79 0.5512
11752 49 71 0.4646
11752 49 74 0.4646
11752 49 79 0.5512
99 24 55 0.2756
124 24 59 0.2205
149 24 62 0.2205
174 24 59 0.252
199 24 55 0.3228
224 24 59 0.2598
248 24 62 0.2441
273 24 59 0.2441
298 24 54 0.2756
323 24 57 0.2441
348 24 62 0.2756
373 24 57 0.2362
398 24 55 0.2756
423 24 59 0.2362
448 24 62 0.2362
473 24 59 0.2362
497 24 55 0.2756
522 24 59 0.2205
547 24 62 0.2677
572 24 59 0.3071
597 24 55 0.3307
622 24 59 0.2992
647 24 64 0.2441
697 12 66 0.2756
697 12 57 0.2756
722 12 66 0.2441
722 12 57 0.2441
746 12 57 0.2756
746 12 64 0.2756
771 12 64 0.2362
771 12 57 0.2362
796 12 50 0.2756
821 12 62 0.2362
846 12 50 0.2756
871 12 62 0.2756
896 12 50 0.2756
921 12 62 0.252
946 12 50 0.2756
971 12 62 0.2441
995 13 50 0.2756
1008 13 52 0.2362
1020 13 54 0.2441
1033 13 55 0.2441
1045 13 57 0.252
1058 13 59 0.2677
1070 13 61 0.2677
1083 12 62 0.2835
1095 12 50 0.2756
1120 12 62 0.252
1145 12 50 0.3307
1170 12 62 0.2913
1195 12 50 0.378
1207 12 54 0.3228
1220 12 57 0.3701
1232 12 62 0.3228
1294 12 55 0.315
1294 12 59 0.378
1319 12 59 0.3386
1319 12 55 0.2835
1344 12 57 0.378
1369 12 57 0.3386
1394 12 50 0.2756
1419 12 62 0.252
1444 12 50 0.2756
1469 12 62 0.2756
1493 12 50 0.2756
1518 12 62 0.252
1543 12 50 0.2756
1568 12 62 0.2441
1593 12 50 0.2756
1618 12 62 0.252
1643 12 50 0.2756
1668 12 62 0.2441
1693 12 50 0.2756
1717 12 62 0.252
1742 12 50 0.3307
1767 12 62 0.2913
1792 12 50 0.378
1805 12 54 0.3228
1817 12 57 0.3701
1830 12 62 0.3228
1892 24 55 0.3858
1917 24 52 0.315
1942 24 57 0.3701
1966 24 45 0.3307
1991 24 50 0.3858
2066 12 45 0.3858
2091 12 50 0.4488
2166 12 45 0.3858
2191 12 50 0.4409
2215 12 38 0.3858
2240 12 38 0.4252
2290 24 55 0.2756
2315 24 59 0.2205
2340 24 62 0.2205
2365 24 59 0.252
2390 24 55 0.3228
2415 24 59 0.2598
2440 24 62 0.2441
2464 24 59 0.2441
2489 24 54 0.2756
2514 24 57 0.2441
2539 24 62 0.2756
2564 24 57 0.2362
2589 24 55 0.2756
2614 24 59 0.2362
2639 24 62 0.2362
2664 24 59 0.2362
2689 24 55 0.2756
2713 24 59 0.2205
2738 24 62 0.2677
2763 24 59 0.3071
2788 24 55 0.3307
2813 24 59 0.2992
2838 24 64 0.2441
2888 12 66 0.2756
2888 12 57 0.2756
2913 12 66 0.2441
2913 12 57 0.2441
2938 12 57 0.2756
2938 12 64 0.2756
2962 12 64 0.2362
2962 12 57 0.2362
2987 12 50 0.2756
3012 12 62 0.2362
3037 12 50 0.2756
3062 12 62 0.2756
3087 12 50 0.2756
3112 12 62 0.252
3137 12 50 0.2756
3162 12 62 0.2441
3186 13 50 0.2756
3199 13 52 0.2362
3211 13 54 0.2441
3224 13 55 0.2441
3236 13 57 0.252
3249 13 59 0.2677
3261 13 61 0.2677
3274 12 62 0.2835
3286 12 50 0.2756
3311 12 62 0.252
3336 12 50 0.3307
3361 12 62 0.2913
3386 12 50 0.378
3398 12 54 0.3228
3411 12 57 0.3701
3423 12 62 0.3228
3485 12 55 0.315
3485 12 59 0.378
3510 12 59 0.3386
3510 12 55 0.2835
3535 12 57 0.378
3560 12 57 0.3386
3585 12 50 0.2756
3610 12 62 0.252
3635 12 50 0.2756
3660 12 62 0.2756
3684 12 50 0.2756
3709 12 62 0.252
3734 12 50 0.2756
3759 12 62 0.2441
3784 12 50 0.2756
3809 12 62 0.252
3834 12 50 0.2756
3859 12 62 0.2441
3884 12 50 0.2756
3909 12 62 0.252
3933 12 50 0.3307
3958 12 62 0.2913
3983 12 50 0.378
3996 12 54 0.3228
4008 12 57 0.3701
4021 12 62 0.3228
4083 24 55 0.3858
4108 24 52 0.315
4133 24 57 0.3701
4158 24 45 0.3307
4182 24 50 0.3858
4257 12 45 0.3858
4282 12 50 0.4488
4357 12 45 0.3858
4382 12 50 0.4409
4407 12 38 0.3858
4431 12 38 0.4252
4556 24 56 0.252
4581 24 56 0.3228
4606 24 62 0.2598
4606 24 59 0.2598
4631 24 59 0.2441
4631 24 62 0.2441
4655 24 56 0.2441
4680 12 57 0.2756
4730 12 52 0.2756
4780 24 45 0.2756
4855 12 56 0.2756
4880 24 57 0.2756
4954 12 56 0.2756
4979 24 57 0.3307
5004 24 45 0.2756
5029 24 57 0.3071
5054 24 55 0.378
5079 24 54 0.4094
5104 24 57 0.2756
5104 24 60 0.3307
5129 24 57 0.2756
5129 24 60 0.3307
5153 24 54 0.2992
5178 12 55 0.2756
5228 12 50 0.2283
5278 99 52 0.2992
5278 99 40 0.2992
5378 12 50 0.3858
5402 12 38 0.2992
5477 12 50 0.3858
5502 12 38 0.2992
5577 12 50 0.3071
5602 12 38 0.2677
5676 24 50 0.2677
5701 24 38 0.2205
5726 24 50 0.2913
5751 24 38 0.2441
5776 24 50 0.2362
5876 24 55 0.2756
5900 24 59 0.2205
5925 24 62 0.2205
5950 24 59 0.252
5975 24 55 0.3228
6000 24 59 0.2598
6025 24 62 0.2441
6050 24 59 0.2441
6075 24 54 0.2756
6100 24 57 0.2441
6124 24 62 0.2756
6149 24 57 0.2362
6174 24 55 0.2756
6199 24 50 0.2362
6224 24 47 0.2362
6249 24 43 0.2362
6274 24 48 0.2756
6299 24 52 0.2205
6324 24 57 0.2677
6349 24 52 0.3071
6373 24 48 0.3307
6398 24 52 0.2992
6423 24 57 0.2441
6473 12 59 0.2756
6473 12 50 0.2756
6498 12 59 0.2441
6498 12 50 0.2441
6523 12 50 0.2756
6523 12 57 0.2756
6548 12 57 0.2362
6548 12 50 0.2362
6573 12 43 0.2756
6598 12 55 0.2362
6622 12 43 0.2756
6647 12 55 0.2756
6672 12 43 0.2756
6697 12 55 0.252
6722 12 43 0.2756
6747 12 55 0.2441
6772 13 43 0.2756
6784 13 45 0.2362
6797 13 47 0.2441
6809 13 48 0.2441
6822 13 50 0.252
6834 13 52 0.2677
6847 13 54 0.2677
6859 12 55 0.2835
6871 12 43 0.2756
6896 12 55 0.252
6921 12 43 0.3307
6946 12 55 0.2913
6971 12 43 0.378
6996 24 47 0.3307
7021 24 50 0.378
7046 24 55 0.3386
7071 12 48 0.378
7096 12 48 0.3386
7120 12 50 0.378
7145 12 50 0.3386
7170 12 43 0.2756
7195 12 55 0.252
7220 12 43 0.2756
7245 12 55 0.2756
7270 12 43 0.2756
7295 12 55 0.252
7320 12 43 0.2756
7345 12 55 0.2441
7369 12 43 0.2756
7394 12 55 0.252
7419 12 43 0.2756
7444 12 55 0.2441
7469 12 43 0.2756
7494 12 55 0.252
7519 12 43 0.3307
7544 12 55 0.2913
7569 24 43 0.378
7593 24 55 0.3228
7618 24 50 0.3228
7643 24 47 0.3228
7668 24 48 0.3858
7693 24 45 0.315
7718 24 50 0.3701
7743 24 38 0.3307
7768 24 43 0.3858
7842 12 50 0.3858
7867 12 55 0.4488
7942 12 50 0.3858
7967 12 43 0.4409
7992 24 55 0.3228
8017 24 50 0.378
8042 24 47 0.3228
8067 49 43 0.4409
8241 24 56 0.252
8266 24 56 0.3228
8291 24 62 0.2598
8291 24 59 0.2598
8316 24 59 0.2441
8316 24 62 0.2441
8340 24 56 0.2441
8365 12 57 0.2756
8415 12 52 0.2756
8465 24 45 0.2756
8540 12 56 0.2756
8565 24 57 0.2756
8639 12 56 0.2756
8664 24 57 0.3307
8689 24 45 0.2756
8714 24 57 0.3071
8739 24 55 0.378
8764 24 54 0.4094
8789 24 57 0.2756
8789 24 60 0.3307
8814 24 57 0.2756
8814 24 60 0.3307
8838 24 54 0.2992
8863 12 55 0.2756
8913 12 50 0.2283
8963 99 52 0.2992
8963 99 40 0.2992
9062 12 50 0.3858
9087 12 38 0.2992
9162 12 50 0.3858
9187 12 38 0.2992
9262 12 50 0.3071
9287 12 38 0.2677
9361 24 50 0.2677
9386 24 38 0.2205
9411 24 50 0.2913
9436 24 38 0.2441
9461 24 50 0.2362
9560 24 55 0.2756
9585 24 59 0.2205
9610 24 62 0.2205
9635 24 59 0.252
9660 24 55 0.3228
9685 24 59 0.2598
9710 24 62 0.2441
9735 24 59 0.2441
9760 24 54 0.2756
9785 24 57 0.2441
9809 24 62 0.2756
9834 24 57 0.2362
9859 24 55 0.2756
9884 24 50 0.2362
9909 24 47 0.2362
9934 24 43 0.2362
9959 24 48 0.2756
9984 24 52 0.2205
10009 24 57 0.2677
10034 24 52 0.3071
10058 24 48 0.3307
10083 24 52 0.2992
10108 24 57 0.2441
10158 12 59 0.2756
10158 12 50 0.2756
10183 12 59 0.2441
10183 12 50 0.2441
10208 12 50 0.2756
10208 12 57 0.2756
10233 12 57 0.2362
10233 12 50 0.2362
10258 12 43 0.2756
10283 12 55 0.2362
10307 12 43 0.2756
10332 12 55 0.2756
10357 12 43 0.2756
10382 12 55 0.252
10407 12 43 0.2756
10432 12 55 0.2441
10457 13 43 0.2756
10469 13 45 0.2362
10482 13 47 0.2441
10494 13 48 0.2441
10507 13 50 0.252
10519 13 52 0.2677
10532 13 54 0.2677
10544 12 55 0.2835
10556 12 43 0.2756
10581 12 55 0.252
10606 12 43 0.3307
10631 12 55 0.2913
10656 12 43 0.378
10681 24 47 0.3307
10706 24 50 0.378
10731 24 55 0.3386
10756 12 48 0.378
10780 12 48 0.3386
10805 12 50 0.378
10830 12 50 0.3386
10855 12 43 0.2756
10880 12 55 0.252
10905 12 43 0.2756
10930 12 55 0.2756
10955 12 43 0.2756
10980 12 55 0.252
11005 12 43 0.2756
11029 12 55 0.2441
11054 12 43 0.2756
11079 12 55 0.252
11104 12 43 0.2756
11129 12 55 0.2441
11154 12 43 0.2756
11179 12 55 0.252
11204 12 43 0.3307
11229 12 55 0.2913
11254 24 43 0.378
11278 24 55 0.3228
11303 24 50 0.3228
11328 24 47 0.3228
11353 24 48 0.3858
11378 24 45 0.315
11403 24 50 0.3701
11428 24 38 0.3307
11453 24 43 0.3858
11527 12 50 0.3858
11552 12 55 0.4488
11627 12 50 0.3858
11652 12 43 0.4409
11677 24 55 0.3228
11702 24 50 0.378
11727 24 47 0.3228
11752 49 43 0.4409
