0 104 53 0.2677
0 104 58 0.315
0 104 34 0.2205
0 104 41 0.2205
0 104 46 0.2677
104 104 54 0.2677
104 78 58 0.315
104 104 37 0.1969
104 104 42 0.1969
104 104 49 0.2362
182 26 58 0.2835
208 104 53 0.2677
208 208 58 0.315
208 104 34 0.2205
208 104 41 0.2205
208 104 46 0.2677
313 104 54 0.2205
313 104 37 0.1811
313 104 42 0.1811
313 104 49 0.2205
417 104 53 0.2677
417 104 58 0.315
417 104 34 0.2205
417 104 41 0.2205
417 104 46 0.2677
522 104 54 0.2677
522 78 58 0.315
522 104 37 0.1969
522 104 42 0.1969
522 104 49 0.2362
600 26 58 0.2835
626 104 53 0.2677
626 208 58 0.315
626 104 34 0.2205
626 104 41 0.2205
626 104 46 0.2677
731 104 54 0.2205
731 104 37 0.1732
731 104 42 0.1732
731 104 49 0.2126
835 104 53 0.2677
835 104 58 0.315
835 104 34 0.2205
835 104 41 0.2205
835 104 46 0.2677
939 104 54 0.2677
939 78 58 0.315
939 104 37 0.1969
939 104 42 0.2362
939 104 49 0.2362
1018 23 58 0.2835
1044 104 53 0.2677
1044 104 58 0.315
1044 104 34 0.2205
1044 104 41 0.2205
1044 104 46 0.2677
1148 78 61 0.3858
1148 104 54 0.3071
1148 104 37 0.1732
1148 104 42 0.2126
1148 104 49 0.2126
1227 23 60 0.3543
1253 78 60 0.378
1253 104 53 0.3071
1253 104 34 0.2205
1253 104 41 0.2205
1253 104 46 0.2677
1331 23 58 0.3307
1357 104 54 0.2913
1357 78 58 0.3465
1357 104 37 0.1969
1357 104 42 0.1969
1357 104 49 0.2362
1436 23 58 0.2835
1462 104 53 0.2677
1462 208 58 0.315
1462 104 34 0.2205
1462 104 41 0.2205
1462 104 46 0.2677
1566 104 54 0.2205
1566 104 37 0.1732
1566 104 42 0.1732
1566 104 49 0.2126
1671 104 58 0.3307
1671 104 53 0.3307
1671 104 61 0.3937
1671 104 34 0.2756
1671 104 41 0.2756
1671 104 46 0.3307
1775 104 58 0.3307
1775 104 54 0.3307
1775 78 61 0.3937
1775 104 37 0.2362
1775 104 42 0.2913
1775 104 49 0.2913
1853 23 61 0.3543
1879 104 58 0.3307
1879 104 53 0.3307
1879 104 61 0.3937
1879 104 34 0.2756
1879 104 41 0.2756
1879 104 46 0.3307
1984 78 65 0.4646
1984 78 61 0.4094
1984 104 54 0.378
1984 104 37 0.2126
1984 104 42 0.2677
1984 104 49 0.2677
2062 13 63 0.4173
2062 13 60 0.3701
2075 13 65 0.378
2088 78 63 0.4488
2088 78 60 0.4016
2088 104 53 0.378
2088 104 34 0.2756
2088 104 41 0.2756
2088 104 46 0.3307
2167 23 61 0.3937
2167 23 58 0.3543
2193 78 61 0.4331
2193 104 54 0.3622
2193 78 58 0.378
2193 104 37 0.2362
2193 104 42 0.2362
2193 104 49 0.2913
2271 23 61 0.3543
2271 23 58 0.3071
2297 208 61 0.3937
2297 104 53 0.3307
2297 208 58 0.3543
2297 104 34 0.2756
2297 104 41 0.2756
2297 104 46 0.3307
2402 104 54 0.2756
2402 104 37 0.2126
2402 104 42 0.2126
2402 104 49 0.2677
2506 91 61 0.4567
2506 52 70 0.5748
2506 91 58 0.4567
2506 104 34 0.3307
2506 104 41 0.3307
2506 104 46 0.4094
2558 39 68 0.5197
2597 13 68 0.4567
2610 104 61 0.4331
2610 78 66 0.4803
2610 104 58 0.4331
2610 104 37 0.2835
2610 104 42 0.2835
2610 104 49 0.3465
2689 23 65 0.4173
2715 104 58 0.3937
2715 104 65 0.4646
2715 104 61 0.3937
2715 104 34 0.2992
2715 104 41 0.2992
2715 104 46 0.3622
2819 104 58 0.3307
2819 104 61 0.4016
2819 104 37 0.2126
2819 104 42 0.2126
2819 104 49 0.2756
2924 91 61 0.4567
2924 52 70 0.5748
2924 91 58 0.4567
2924 104 34 0.3307
2924 104 41 0.3307
2924 104 46 0.4094
2976 39 68 0.5118
3015 13 68 0.4567
3028 104 61 0.4331
3028 78 66 0.4803
3028 104 58 0.4331
3028 104 37 0.2835
3028 104 42 0.2835
3028 104 49 0.3465
3107 23 65 0.4252
3133 104 58 0.3937
3133 104 65 0.4646
3133 104 61 0.3937
3133 104 34 0.2992
3133 104 41 0.2992
3133 104 46 0.3622
3237 104 58 0.3307
3237 104 61 0.4016
3237 104 37 0.2126
3237 104 42 0.2126
3237 104 49 0.2756
3342 104 53 0.3071
3342 104 58 0.3622
3342 104 34 0.252
3342 104 41 0.252
3342 104 46 0.3071
3446 104 54 0.3071
3446 78 58 0.3622
3446 104 37 0.2205
3446 104 42 0.2677
3446 104 49 0.2677
3524 23 58 0.3228
3550 104 58 0.3622
3550 104 53 0.3071
3550 104 34 0.252
3550 104 41 0.252
3550 104 46 0.3071
3655 78 61 0.4252
3655 104 54 0.3465
3655 104 37 0.1969
3655 104 42 0.2441
3655 104 49 0.2441
3733 13 60 0.3858
3746 13 61 0.3543
3759 78 60 0.4094
3759 104 53 0.3465
3759 104 34 0.252
3759 104 41 0.252
3759 104 46 0.3071
3838 23 58 0.3622
3864 104 54 0.3307
3864 78 58 0.3937
3864 104 37 0.2205
3864 104 42 0.2205
3864 104 49 0.2677
3942 23 58 0.3228
3968 104 53 0.3071
3968 208 58 0.3622
3968 104 34 0.252
3968 104 41 0.252
3968 104 46 0.3071
4073 104 54 0.252
4073 104 37 0.1969
4073 104 42 0.1969
4073 104 49 0.2441
4177 100 73 0.5354
4177 52 82 0.6535
4177 52 70 0.5354
4177 104 34 0.3701
4177 104 41 0.3701
4177 104 46 0.4488
4229 39 68 0.4409
4229 39 80 0.5748
4268 4 68 0.5039
4273 113 73 0.4488
4277 4 80 0.4646
4281 104 73 0.5827
4281 78 78 0.5748
4281 104 66 0.4803
4281 104 37 0.2913
4281 104 42 0.2913
4281 104 49 0.3622
4360 23 65 0.4094
4360 23 77 0.4803
4386 104 65 0.4567
4386 104 77 0.5433
4386 104 73 0.5433
4386 104 34 0.3071
4386 104 41 0.3071
4386 104 46 0.378
4490 104 73 0.5354
4490 104 61 0.4488
4490 104 70 0.5354
4490 104 37 0.2362
4490 104 42 0.2362
4490 104 49 0.2992
4595 100 73 0.5354
4595 52 82 0.6535
4595 52 70 0.5354
4595 104 34 0.3701
4595 104 41 0.3701
4595 104 46 0.4488
4647 39 68 0.4409
4647 39 80 0.5748
4686 4 68 0.5197
4691 113 73 0.4567
4695 4 80 0.4567
4699 104 73 0.5984
4699 78 78 0.5748
4699 104 66 0.4961
4699 104 37 0.2913
4699 104 42 0.2913
4699 104 49 0.3622
4778 23 65 0.4094
4778 23 77 0.4803
4804 104 65 0.4567
4804 104 77 0.5433
4804 104 73 0.5433
4804 104 34 0.3071
4804 104 41 0.3071
4804 104 46 0.378
4908 104 73 0.5354
4908 104 61 0.4488
4908 104 70 0.5354
4908 104 37 0.2362
4908 104 42 0.2362
4908 104 49 0.2992
5013 104 58 0.4094
5013 104 65 0.4094
5013 104 70 0.4803
5013 104 34 0.3386
5013 104 41 0.3386
5013 104 46 0.4094
5117 78 58 0.4173
5117 104 66 0.4173
5117 78 70 0.4961
5117 104 37 0.2913
5117 104 42 0.3622
5117 104 49 0.3622
5195 23 58 0.378
5195 23 70 0.4488
5221 104 58 0.4252
5221 104 65 0.4252
5221 104 70 0.5118
5221 104 34 0.3543
5221 104 41 0.3543
5221 104 46 0.4252
5326 78 61 0.5354
5326 78 73 0.6457
5326 104 66 0.5197
5326 104 37 0.2835
5326 104 42 0.3622
5326 104 49 0.3622
5404 26 60 0.4646
5404 26 72 0.5591
5430 78 60 0.5354
5430 78 72 0.622
5430 104 65 0.5354
5430 104 34 0.3858
5430 104 41 0.3858
5430 104 46 0.4567
5509 23 58 0.4646
5509 23 70 0.5591
5535 78 58 0.5039
5535 104 66 0.5039
5535 78 70 0.6063
5535 104 37 0.3307
5535 104 42 0.3307
5535 104 49 0.4016
5613 23 58 0.4724
5613 23 70 0.5669
5639 104 58 0.4961
5639 104 65 0.5039
5639 104 70 0.5984
5639 104 34 0.4173
5639 104 41 0.4173
5639 104 46 0.5039
5744 104 68 0.5906
5744 104 60 0.5906
5744 104 72 0.748
5744 104 66 0.5906
5744 104 32 0.4409
5744 104 44 0.5591
5848 104 61 0.6142
5848 104 65 0.6142
5848 104 73 0.7874
5848 104 25 0.4646
5848 104 37 0.5827
5953 78 65 0.5827
5953 78 73 0.5827
5953 78 77 0.7008
5953 78 49 0.5039
5953 78 56 0.5039
5953 78 61 0.5984
6031 26 66 0.5827
6031 26 78 0.7008
6031 26 63 0.5984
6057 78 68 0.6142
6057 78 80 0.7323
6057 78 73 0.6142
6057 78 49 0.5354
6057 78 56 0.5354
6057 78 65 0.6299
6135 26 70 0.6142
6135 26 82 0.7323
6135 26 66 0.6299
6161 78 72 0.6614
6161 78 80 0.6614
6161 78 84 0.7795
6161 78 63 0.5748
6161 78 56 0.5748
6161 78 68 0.6772
6240 26 73 0.6929
6240 26 85 0.8031
6240 26 65 0.6693
6266 208 89 0.811
6266 365 80 0.6929
6266 208 77 0.6929
6266 365 84 0.6929
6266 104 32 0.6063
6266 104 44 0.7244
6370 78 63 0.5433
6370 78 66 0.5433
6370 78 72 0.6378
6449 23 61 0.5118
6449 23 66 0.5118
6449 23 70 0.5984
6475 156 75 0.622
6475 156 87 0.748
6475 78 61 0.4961
6475 78 66 0.4961
6475 78 70 0.5906
6553 23 60 0.4646
6553 23 66 0.4646
6553 23 68 0.5591
6579 78 60 0.4488
6579 78 66 0.4488
6579 78 68 0.5354
6657 26 78 0.7008
6657 26 72 0.5906
6657 26 75 0.5906
6657 26 66 0.5906
6657 26 57 0.5197
6657 26 60 0.5197
6657 26 63 0.6063
6684 104 75 0.6299
6684 104 65 0.6299
6684 104 72 0.6299
6684 104 77 0.8031
6684 104 34 0.5197
6684 104 46 0.6142
6788 78 70 0.5827
6788 78 65 0.5827
6788 78 73 0.5827
6788 78 77 0.7008
6788 104 53 0.4961
6788 104 58 0.4961
6788 104 61 0.5906
6866 26 67 0.5827
6866 26 79 0.7008
6892 78 77 0.6142
6892 78 69 0.6142
6892 78 73 0.6142
6892 78 81 0.7323
6892 104 37 0.5354
6892 104 49 0.6299
6971 26 70 0.6142
6971 26 82 0.7323
6997 78 72 0.6614
6997 78 77 0.6614
6997 78 84 0.7795
6997 104 65 0.5984
6997 104 61 0.5039
6997 104 58 0.5039
6997 104 53 0.5039
7075 13 73 0.6929
7075 13 85 0.8031
7088 221 70 0.6929
7093 217 76 0.6929
7097 213 79 0.6929
7101 208 85 0.811
7101 104 29 0.6063
7101 104 41 0.7244
7206 104 53 0.5433
7206 104 58 0.5433
7206 104 61 0.5433
7206 104 67 0.6378
7310 104 72 0.5984
7310 104 77 0.5984
7310 104 84 0.7087
7310 104 53 0.5039
7310 104 57 0.5039
7310 104 60 0.5039
7310 104 69 0.5906
7415 52 53 0.6378
7467 17 43 0.4803
7484 17 44 0.4803
7502 17 46 0.4803
7519 104 56 0.5354
7519 104 54 0.5354
7519 104 60 0.5354
7519 104 65 0.5354
7519 104 68 0.6299
7519 9 44 0.4803
7529 9 46 0.4409
7539 9 44 0.5039
7548 9 46 0.4488
7558 9 44 0.5197
7568 9 46 0.4646
7578 9 44 0.5354
7588 9 46 0.4803
7597 9 44 0.5512
7607 9 46 0.5118
7617 9 44 0.5748
7624 104 63 0.5354
7624 104 56 0.5354
7624 104 60 0.5354
7624 104 54 0.5354
7624 104 68 0.6299
7627 9 46 0.5197
7637 9 44 0.5669
7647 9 46 0.4961
7656 9 44 0.5433
7666 10 46 0.4724
7676 13 44 0.5197
7689 13 46 0.4567
7702 13 43 0.5039
7715 13 44 0.4331
7728 104 53 0.5354
7728 104 61 0.5354
7728 104 68 0.6299
7728 104 49 0.5354
7832 52 49 0.622
7885 17 40 0.4803
7902 17 41 0.4803
7919 17 42 0.4803
7937 104 57 0.5354
7937 104 51 0.5354
7937 104 61 0.5354
7937 104 65 0.6299
7937 9 41 0.4803
7947 9 42 0.4409
7956 9 41 0.5039
7966 9 42 0.4488
7976 9 41 0.5197
7986 9 42 0.4646
7996 9 41 0.5354
8005 9 42 0.4803
8015 9 41 0.5512
8025 9 42 0.5118
8035 9 41 0.5748
8041 104 65 0.6299
8041 104 57 0.5354
8041 104 60 0.5354
8041 104 51 0.5354
8045 9 42 0.5197
8054 9 41 0.5669
8064 9 42 0.4961
8074 9 41 0.5433
8084 10 42 0.4724
8093 13 41 0.5197
8107 13 42 0.4567
8120 13 40 0.5039
8133 13 41 0.4331
8146 208 49 0.5354
8146 208 58 0.6299
8146 104 42 0.5039
8250 52 41 0.3858
8302 52 37 0.315
8355 104 46 0.3071
8355 104 53 0.3071
8355 104 58 0.3622
8355 104 34 0.252
8355 104 41 0.252
8355 104 46 0.3071
8459 104 54 0.3071
8459 78 58 0.3622
8459 104 37 0.2205
8459 104 42 0.2677
8459 104 49 0.2677
8537 26 58 0.3228
8563 104 53 0.3071
8563 104 58 0.3622
8563 104 34 0.252
8563 104 41 0.252
8563 104 46 0.3071
8668 78 61 0.4252
8668 104 54 0.3465
8668 104 37 0.1969
8668 104 42 0.2441
8668 104 49 0.2441
8746 13 60 0.3858
8759 13 61 0.3543
8772 78 60 0.4094
8772 104 53 0.3465
8772 104 34 0.252
8772 104 41 0.252
8772 104 46 0.3071
8851 26 58 0.3622
8877 104 54 0.3307
8877 78 58 0.3937
8877 104 37 0.2205
8877 104 42 0.2205
8877 104 49 0.2677
8955 26 58 0.3228
8981 104 53 0.3071
8981 104 58 0.3622
8981 104 34 0.252
8981 104 41 0.252
8981 104 46 0.3071
9086 78 55 0.5984
9086 78 61 0.7638
9086 78 52 0.5984
9086 78 33 0.4488
9086 78 45 0.5748
9164 26 54 0.5984
9164 26 60 0.5984
9164 26 63 0.7638
9164 26 32 0.4488
9164 26 44 0.5748
9190 104 53 0.622
9190 104 61 0.622
9190 104 65 0.7953
9190 104 25 0.4724
9190 104 37 0.5984
9295 78 77 0.7323
9295 78 65 0.6063
9295 78 73 0.6063
9295 78 49 0.5276
9295 78 56 0.5276
9295 78 61 0.6299
9373 26 66 0.6063
9373 26 78 0.7323
9373 26 63 0.6299
9399 78 68 0.6457
9399 78 73 0.6457
9399 78 80 0.7638
9399 78 49 0.5591
9399 78 56 0.5591
9399 78 65 0.6693
9477 26 70 0.6457
9477 26 82 0.7638
9477 26 66 0.6693
9503 78 72 0.6929
9503 78 80 0.6929
9503 78 84 0.8268
9503 78 63 0.5984
9503 78 56 0.5984
9503 78 68 0.7087
9582 26 73 0.7244
9582 26 85 0.8504
9582 26 65 0.7008
9608 365 84 0.7244
9608 365 80 0.7244
9608 208 77 0.7244
9608 208 89 0.8583
9608 104 32 0.6378
9608 104 44 0.7559
9712 78 63 0.5669
9712 78 66 0.5669
9712 78 72 0.6693
9791 26 61 0.5276
9791 26 66 0.5276
9791 26 70 0.622
9817 156 75 0.6457
9817 156 87 0.7795
9817 78 61 0.5197
9817 78 66 0.5197
9817 78 70 0.6142
9895 26 60 0.4803
9895 26 66 0.4803
9895 26 68 0.5748
9921 78 60 0.4724
9921 78 66 0.4724
9921 78 68 0.5591
9999 26 66 0.5906
9999 26 72 0.5906
9999 26 75 0.5906
9999 26 78 0.7008
9999 26 57 0.5197
9999 26 60 0.5197
9999 26 63 0.6063
10026 104 77 0.8031
10026 104 65 0.6299
10026 104 72 0.6299
10026 104 75 0.6299
10026 104 34 0.5197
10026 104 46 0.6142
10130 78 70 0.5827
10130 78 65 0.5827
10130 78 73 0.5827
10130 78 77 0.7008
10130 104 53 0.4961
10130 104 58 0.4961
10130 104 61 0.5906
10208 26 67 0.5827
10208 26 79 0.7008
10234 78 77 0.6142
10234 78 69 0.6142
10234 78 73 0.6142
10234 78 81 0.7323
10234 104 37 0.5354
10234 104 49 0.6299
10313 26 70 0.6142
10313 26 82 0.7323
10339 78 72 0.6614
10339 78 77 0.6614
10339 78 84 0.7795
10339 104 65 0.5984
10339 104 61 0.5039
10339 104 58 0.5039
10339 104 53 0.5039
10417 13 73 0.6929
10417 13 85 0.8031
10430 221 70 0.6929
10435 217 76 0.6929
10439 213 79 0.6929
10443 208 85 0.811
10443 104 29 0.6063
10443 104 41 0.7244
10548 104 53 0.5433
10548 104 58 0.5433
10548 104 61 0.5433
10548 104 67 0.6378
10652 104 72 0.5984
10652 104 77 0.5984
10652 104 84 0.7087
10652 104 53 0.5039
10652 104 57 0.5039
10652 104 60 0.5039
10652 104 69 0.5906
10757 52 53 0.6378
10809 17 43 0.4803
10826 17 44 0.4803
10844 17 46 0.4803
10861 104 56 0.5354
10861 104 68 0.6299
10861 104 60 0.5354
10861 104 65 0.5354
10861 104 54 0.5354
10861 9 44 0.4803
10871 9 46 0.4409
10881 9 44 0.5039
10890 9 46 0.4488
10900 9 44 0.5197
10910 9 46 0.4646
10920 9 44 0.5354
10930 9 46 0.4803
10939 9 44 0.5512
10949 9 46 0.5118
10959 9 44 0.5748
10966 104 54 0.5354
10966 104 56 0.5354
10966 104 60 0.5354
10966 104 63 0.5354
10966 104 68 0.6299
10969 9 46 0.5197
10979 9 44 0.5669
10989 9 46 0.4961
10998 9 44 0.5433
11008 10 46 0.4724
11018 13 44 0.5197
11031 13 46 0.4567
11044 13 43 0.5039
11057 13 44 0.4331
11070 104 53 0.5354
11070 104 61 0.5354
11070 104 68 0.6299
11070 104 49 0.5354
11174 52 49 0.5354
11227 17 40 0.4803
11244 17 41 0.4803
11261 17 42 0.4803
11279 104 65 0.6299
11279 104 51 0.5354
11279 104 61 0.5354
11279 104 57 0.5354
11279 9 41 0.4803
11289 9 42 0.4409
11298 9 41 0.5039
11308 9 42 0.4488
11318 9 41 0.5197
11328 9 42 0.4646
11338 9 41 0.5354
11347 9 42 0.4803
11357 9 41 0.5512
11367 9 42 0.5118
11377 9 41 0.5748
11383 104 51 0.5354
11383 104 57 0.5354
11383 104 60 0.5354
11383 104 65 0.6299
11387 9 42 0.5197
11396 9 41 0.5669
11406 9 42 0.4961
11416 9 41 0.5433
11426 10 42 0.4724
11436 13 41 0.5197
11449 13 42 0.4567
11462 13 40 0.5039
11475 13 41 0.4331
11488 208 49 0.5354
11488 208 58 0.6299
11488 104 42 0.5039
11592 52 41 0.4016
11644 52 37 0.3071
11697 104 46 0.3071
11697 104 53 0.3071
11697 104 58 0.3622
11697 104 34 0.252
11697 104 41 0.252
11697 104 46 0.3071
11801 104 54 0.3071
11801 78 58 0.3622
11801 104 37 0.2205
11801 104 42 0.2677
11801 104 49 0.2677
11879 26 58 0.3228
11906 104 53 0.3071
11906 104 58 0.3622
11906 104 34 0.252
11906 104 41 0.252
11906 104 46 0.3071
12010 78 61 0.4252
12010 104 54 0.3465
12010 104 37 0.1969
12010 104 42 0.2441
12010 104 49 0.2441
12088 13 60 0.3858
12101 13 61 0.3543
12114 78 60 0.4094
12114 104 53 0.3465
12114 104 34 0.252
12114 104 41 0.252
12114 104 46 0.3071
12193 26 58 0.3622
12219 104 54 0.3307
12219 78 58 0.3937
12219 104 37 0.2205
12219 104 42 0.2205
12219 104 49 0.2677
12297 26 58 0.3228
12323 104 53 0.3071
12323 104 58 0.3622
12323 104 34 0.252
12323 104 41 0.252
12323 104 46 0.3071
12428 104 32 0.252
12428 104 44 0.3071
12532 208 77 0.4252
12532 52 37 0.2598
12584 52 44 0.2126
12637 52 53 0.2126
12689 52 61 0.2205
12741 52 78 0.3937
12741 52 37 0.2598
12793 52 77 0.3622
12793 52 44 0.2126
12845 52 75 0.3937
12845 52 53 0.2126
12898 52 73 0.3622
12898 52 61 0.2205
12950 104 72 0.3937
12950 52 39 0.2598
13002 52 44 0.2126
13054 104 82 0.4252
13054 52 54 0.189
13107 52 60 0.189
13159 208 80 0.4094
13159 52 39 0.2441
13211 52 44 0.189
13263 52 54 0.2126
13315 52 60 0.1969
13368 208 78 0.4016
13368 52 32 0.2598
13420 52 44 0.2283
13472 52 54 0.2283
13524 52 60 0.2362
13577 52 80 0.3937
13577 52 32 0.2835
13629 52 78 0.3622
13629 52 44 0.2362
13681 52 77 0.3937
13681 52 54 0.2362
13733 52 75 0.3622
13733 52 60 0.2441
13785 104 73 0.3937
13785 52 37 0.2835
13838 52 44 0.2362
13890 104 85 0.4173
13890 52 53 0.2205
13942 52 61 0.1969
13994 208 80 0.3858
13994 52 37 0.2598
14046 52 44 0.2126
14099 52 53 0.2283
14151 52 61 0.2126
14203 208 77 0.4094
14203 52 37 0.2598
14255 52 44 0.2126
14308 52 53 0.2362
14360 52 61 0.2205
14412 52 78 0.4016
14412 52 34 0.2598
14464 52 77 0.3622
14464 52 46 0.2283
14516 52 75 0.3937
14516 52 56 0.2283
14569 26 74 0.3622
14569 52 62 0.2362
14595 13 75 0.3622
14608 13 77 0.3307
14621 52 75 0.4173
14621 52 39 0.2598
14673 52 74 0.4016
14673 52 46 0.2362
14725 52 75 0.4252
14725 52 54 0.2362
14778 52 77 0.4331
14778 52 63 0.2126
14830 52 78 0.4488
14830 52 42 0.2598
14882 52 70 0.4094
14882 52 51 0.2283
14934 52 77 0.4488
14934 52 58 0.2362
14986 26 75 0.3937
14986 26 63 0.2126
15013 13 72 0.3071
15026 12 73 0.3071
15039 9 73 0.3071
15039 52 43 0.2598
15048 9 75 0.2835
15058 9 73 0.315
15068 9 75 0.2913
15078 9 73 0.3307
15088 9 75 0.2992
15091 52 52 0.2205
15097 9 73 0.3465
15107 9 75 0.3071
15117 9 73 0.3622
15127 9 75 0.3307
15137 9 73 0.378
15143 52 61 0.2205
15146 9 75 0.3307
15156 9 73 0.3701
15166 9 75 0.315
15176 9 73 0.3465
15186 10 75 0.2992
15195 13 73 0.3307
15195 52 70 0.2283
15208 13 75 0.2913
15221 13 72 0.315
15234 13 73 0.2756
15248 52 82 0.4252
15248 52 44 0.2598
15300 52 80 0.3937
15300 52 51 0.2205
15352 52 78 0.4094
15352 52 60 0.2362
15404 52 68 0.3937
15404 52 66 0.2362
15456 208 75 0.4252
15456 52 32 0.2598
15509 52 44 0.2126
15561 52 54 0.2126
15613 52 60 0.2047
15665 104 73 0.3937
15665 52 37 0.2441
15718 52 44 0.2205
15770 52 53 0.2205
15822 52 61 0.2205
15874 208 77 0.4252
15874 52 37 0.2598
15926 52 44 0.2126
15979 52 53 0.2126
16031 52 61 0.2205
16083 52 78 0.3937
16083 52 37 0.2598
16135 52 77 0.3622
16135 52 44 0.2126
16187 52 75 0.3937
16187 52 53 0.2126
16240 52 73 0.3622
16240 52 61 0.2205
16292 104 72 0.3937
16292 52 39 0.2598
16344 52 44 0.2126
16396 104 82 0.4252
16396 52 54 0.189
16449 52 60 0.189
16501 208 80 0.4094
16501 52 39 0.2441
16553 52 44 0.189
16605 52 54 0.2126
16657 52 60 0.1969
16710 208 78 0.4016
16710 52 32 0.2598
16762 52 44 0.2283
16814 52 54 0.2283
16866 52 60 0.2362
16919 52 80 0.3937
16919 52 32 0.2835
16971 52 78 0.3622
16971 52 44 0.2362
17023 52 77 0.3937
17023 52 54 0.2362
17075 52 75 0.3622
17075 52 60 0.2441
17127 104 73 0.3937
17127 52 37 0.2835
17180 52 44 0.2362
17232 104 85 0.4173
17232 52 53 0.2205
17284 52 61 0.1969
17336 208 80 0.3858
17336 52 37 0.2598
17389 52 44 0.2126
17441 52 53 0.2283
17493 52 61 0.2126
17545 208 77 0.4094
17545 52 37 0.2598
17597 52 44 0.2126
17650 52 53 0.2362
17702 52 61 0.2205
17754 52 78 0.4016
17754 52 34 0.2598
17806 52 77 0.3622
17806 52 46 0.2283
17859 52 75 0.3937
17859 52 56 0.2283
17911 26 74 0.3622
17911 52 62 0.2362
17937 13 75 0.3622
17950 13 77 0.3307
17963 52 75 0.4173
17963 52 39 0.2598
18015 52 74 0.4016
18015 52 46 0.2362
18067 52 75 0.4252
18067 52 54 0.2362
18120 52 77 0.4331
18120 52 63 0.2126
18172 52 78 0.4488
18172 52 42 0.2598
18224 52 70 0.4094
18224 52 51 0.2283
18276 52 77 0.4488
18276 52 58 0.2362
18328 26 75 0.3937
18328 26 63 0.2126
18355 13 72 0.3071
18368 13 73 0.3071
18381 9 73 0.3071
18381 52 43 0.2598
18390 9 75 0.2835
18400 9 73 0.315
18410 9 75 0.2913
18420 9 73 0.3307
18430 9 75 0.2992
18433 52 52 0.2205
18439 9 73 0.3465
18449 9 75 0.3071
18459 9 73 0.3622
18469 9 75 0.3307
18479 9 73 0.378
18485 52 61 0.2205
18488 9 75 0.3307
18498 9 73 0.3701
18508 9 75 0.315
18518 9 73 0.3465
18528 10 75 0.2992
18537 13 73 0.3307
18537 52 70 0.2283
18550 13 75 0.2913
18563 13 72 0.315
18577 13 73 0.2756
18590 52 82 0.4252
18590 52 44 0.2598
18642 52 80 0.3937
18642 52 51 0.2205
18694 52 78 0.4094
18694 52 60 0.2362
18746 52 68 0.3937
18746 52 66 0.2362
18798 208 75 0.4252
18798 52 32 0.2598
18851 52 44 0.2126
18903 52 54 0.2126
18955 52 60 0.2047
19007 104 73 0.3937
19007 52 37 0.2441
19060 52 44 0.2205
19112 52 53 0.2205
19164 52 61 0.2205
19216 208 72 0.4409
19216 52 32 0.2677
19268 52 44 0.2205
19321 52 51 0.2205
19373 52 60 0.2283
19425 52 73 0.4094
19425 52 32 0.2677
19477 52 72 0.378
19477 52 44 0.2205
19530 52 70 0.4094
19530 52 51 0.2205
19582 52 68 0.378
19582 52 60 0.2283
19634 104 67 0.4094
19634 52 34 0.2677
19686 52 46 0.2205
19738 104 77 0.4409
19738 52 51 0.1969
19791 52 61 0.1969
19843 208 75 0.4252
19843 52 34 0.252
19895 52 46 0.1969
19947 52 51 0.2205
19999 52 61 0.2047
20052 208 73 0.4331
20052 52 34 0.2835
20104 52 46 0.2441
20156 52 52 0.2441
20208 52 61 0.2598
20261 52 75 0.4331
20261 52 34 0.3071
20313 52 73 0.3937
20313 52 46 0.2598
20365 52 72 0.4331
20365 52 52 0.2598
20417 52 70 0.4016
20417 52 61 0.2677
20469 104 69 0.4331
20469 52 36 0.315
20522 52 48 0.2598
20574 104 78 0.4646
20574 52 54 0.2441
20626 52 63 0.2205
20678 208 77 0.4331
20678 52 36 0.2913
20731 52 48 0.2362
20783 52 51 0.2598
20835 52 63 0.2362
20887 208 77 0.4646
20887 52 37 0.2913
20939 52 49 0.2441
20992 52 58 0.2677
21044 52 65 0.252
21096 52 78 0.4567
21096 52 37 0.2913
21148 52 77 0.4094
21148 52 49 0.2598
21201 52 75 0.4488
21201 52 58 0.2598
21253 51 73 0.4094
21253 52 65 0.2677
21305 104 73 0.4646
21305 52 39 0.315
21357 52 51 0.2756
21409 104 72 0.4488
21409 52 58 0.2913
21462 52 66 0.2598
21514 52 41 0.3228
21566 45 72 0.4409
21566 52 53 0.2756
21612 6 75 0.4331
21618 78 73 0.4646
21618 52 58 0.2913
21671 52 65 0.2756
21697 25 72 0.4567
21723 104 72 0.4646
21723 52 42 0.315
21775 52 51 0.2677
21827 104 70 0.4409
21827 52 58 0.2913
21879 52 63 0.2598
21932 52 42 0.2992
21984 45 72 0.4409
21984 52 54 0.2677
22030 6 75 0.4646
22036 78 73 0.4646
22036 52 58 0.2913
22088 52 64 0.2677
22114 26 72 0.4409
22140 104 72 0.3937
22140 52 41 0.2835
22193 52 48 0.252
22245 104 77 0.4331
22245 52 57 0.252
22297 52 65 0.2441
22349 104 78 0.4252
22349 52 39 0.2756
22402 52 51 0.2598
22454 104 68 0.3622
22454 52 56 0.2126
22506 52 66 0.2047
22506 52 60 0.1811
22558 208 77 0.4252
22558 52 37 0.2598
22610 52 44 0.2126
22663 52 53 0.2126
22715 52 61 0.2205
22767 52 78 0.3937
22767 52 37 0.2598
22819 52 77 0.3622
22819 52 44 0.2126
22872 52 75 0.3937
22872 52 53 0.2126
22924 52 73 0.3622
22924 52 61 0.2205
22976 104 72 0.3937
22976 52 39 0.2598
23028 52 44 0.2126
23080 104 82 0.4252
23080 52 54 0.189
23133 52 60 0.189
23185 208 80 0.4094
23185 52 39 0.2441
23237 52 44 0.189
23289 52 54 0.2126
23342 52 60 0.1969
23394 208 78 0.4016
23394 52 32 0.2598
23446 52 44 0.2283
23498 52 54 0.2283
23550 52 60 0.2362
23603 52 80 0.3937
23603 52 32 0.2835
23655 52 78 0.3622
23655 52 44 0.2362
23707 52 77 0.3937
23707 52 54 0.2362
23759 52 75 0.3622
23759 52 60 0.2441
23812 104 73 0.3937
23812 52 37 0.2835
23864 52 44 0.2362
23916 104 85 0.4173
23916 52 53 0.2205
23968 52 61 0.1969
24020 208 80 0.3858
24020 52 37 0.2598
24073 52 44 0.2126
24125 52 53 0.2283
24177 52 61 0.2126
24229 208 77 0.4094
24229 52 37 0.2598
24281 52 44 0.2126
24334 52 53 0.2362
24386 52 61 0.2205
24438 52 78 0.4016
24438 52 34 0.2598
24490 52 77 0.3622
24490 52 46 0.2283
24543 52 75 0.3937
24543 52 56 0.2283
24595 26 74 0.3622
24595 52 62 0.2362
24621 13 75 0.3622
24634 13 77 0.3307
24647 52 75 0.4173
24647 52 39 0.2598
24699 52 74 0.4016
24699 52 46 0.2362
24751 52 75 0.4252
24751 52 54 0.2362
24804 52 77 0.4331
24804 52 63 0.2126
24856 52 78 0.4488
24856 52 42 0.2598
24908 52 70 0.4094
24908 52 51 0.2283
24960 52 77 0.4488
24960 52 58 0.2362
25013 26 75 0.3937
25013 26 63 0.2126
25039 13 72 0.3071
25052 13 73 0.3071
25065 9 73 0.3071
25065 52 43 0.2598
25075 9 75 0.2835
25084 9 73 0.315
25094 9 75 0.2913
25104 9 73 0.3307
25114 9 75 0.2992
25117 52 52 0.2205
25124 9 73 0.3465
25133 9 75 0.3071
25143 9 73 0.3622
25153 9 75 0.3307
25163 9 73 0.378
25169 52 61 0.2205
25172 9 75 0.3307
25182 9 73 0.3701
25192 9 75 0.315
25202 9 73 0.3465
25212 10 75 0.2992
25221 13 73 0.3307
25221 52 70 0.2283
25234 13 75 0.2913
25248 13 72 0.315
25261 13 73 0.2756
25274 52 82 0.4252
25274 52 44 0.2598
25326 52 80 0.3937
25326 52 51 0.2205
25378 52 78 0.4094
25378 52 60 0.2362
25430 52 68 0.3937
25430 52 66 0.2362
25483 208 75 0.4252
25483 52 32 0.2598
25535 52 44 0.2126
25587 52 54 0.2126
25639 52 60 0.2047
25691 104 73 0.3543
25691 52 37 0.2126
25744 52 44 0.1969
25796 52 53 0.1969
25848 52 61 0.1969
25900 208 72 0.4409
25900 52 32 0.2677
25952 52 44 0.2205
26005 52 51 0.2205
26057 52 60 0.2283
26109 52 73 0.4094
26109 52 32 0.2677
26161 52 72 0.378
26161 52 44 0.2205
26214 52 70 0.4094
26214 52 51 0.2205
26266 52 68 0.378
26266 52 60 0.2283
26318 104 67 0.4094
26318 52 34 0.2677
26370 52 46 0.2205
26422 104 77 0.4409
26422 52 51 0.1969
26475 52 61 0.1969
26527 208 75 0.4252
26527 52 34 0.252
26579 52 46 0.1969
26631 52 51 0.2205
26684 52 61 0.2047
26736 208 73 0.4331
26736 52 34 0.2835
26788 52 46 0.2441
26840 52 52 0.2441
26892 52 61 0.2598
26945 52 75 0.4331
26945 52 34 0.3071
26997 52 73 0.3937
26997 52 46 0.2598
27049 52 72 0.4331
27049 52 52 0.2598
27101 52 70 0.4016
27101 52 61 0.2677
27154 104 69 0.4331
27154 52 36 0.315
27206 52 48 0.2598
27258 104 78 0.4646
27258 52 54 0.2441
27310 52 63 0.2205
27362 208 77 0.4331
27362 52 36 0.2913
27415 52 48 0.2362
27467 52 51 0.2598
27519 52 63 0.2362
27571 208 77 0.4646
27571 52 37 0.2913
27624 52 49 0.2441
27676 52 58 0.2677
27728 52 65 0.252
27780 52 78 0.4567
27780 52 37 0.2913
27832 52 77 0.4094
27832 52 49 0.2598
27885 52 75 0.4488
27885 52 58 0.2598
27937 51 73 0.4094
27937 52 65 0.2677
27989 104 73 0.4646
27989 52 39 0.315
28041 52 51 0.2756
28093 104 72 0.4488
28093 52 58 0.2913
28146 52 66 0.2598
28198 52 41 0.3228
28250 45 72 0.4409
28250 52 53 0.2756
28296 6 75 0.4331
28302 78 73 0.4646
28302 52 58 0.2913
28355 52 65 0.2756
28381 24 72 0.4567
28407 104 72 0.4646
28407 52 42 0.315
28459 52 51 0.2677
28511 104 70 0.4409
28511 52 58 0.2913
28563 52 63 0.2598
28616 52 42 0.2992
28668 45 72 0.4409
28668 52 54 0.2677
28714 6 75 0.4646
28720 78 73 0.4646
28720 52 58 0.2913
28772 52 64 0.2677
28798 24 72 0.4409
28825 104 72 0.3937
28825 52 41 0.2835
28877 52 48 0.252
28929 104 77 0.4331
28929 52 57 0.252
28981 52 65 0.2441
29033 104 78 0.4252
29033 52 39 0.2756
29086 52 51 0.2598
29138 104 68 0.3543
29138 52 56 0.2126
29190 52 66 0.2047
29190 52 60 0.1732
29242 208 77 0.4252
29242 52 37 0.2598
29295 52 44 0.2126
29347 52 53 0.2126
29399 52 61 0.2205
29451 52 78 0.3937
29451 52 37 0.2598
29503 52 77 0.3622
29503 52 44 0.2126
29556 52 75 0.3937
29556 52 53 0.2126
29608 52 73 0.3622
29608 52 61 0.2205
29660 104 72 0.3937
29660 52 39 0.2598
29712 52 44 0.2126
29765 104 82 0.4252
29765 52 54 0.189
29817 52 60 0.189
29869 208 80 0.4094
29869 52 39 0.2441
29921 52 44 0.189
29973 52 54 0.2126
30026 52 60 0.1969
30078 208 78 0.4016
30078 52 32 0.2598
30130 52 44 0.2283
30182 52 54 0.2283
30234 52 60 0.2362
30287 52 80 0.3937
30287 52 32 0.2835
30339 52 78 0.3622
30339 52 44 0.2362
30391 52 77 0.3937
30391 52 54 0.2362
30443 52 75 0.3622
30443 52 60 0.2441
30496 104 73 0.3937
30496 52 37 0.2835
30548 52 44 0.2362
30600 104 85 0.4173
30600 52 53 0.2205
30652 52 61 0.1969
30704 208 80 0.3858
30704 52 37 0.2598
30757 52 44 0.2126
30809 52 53 0.2283
30861 52 61 0.2126
30913 208 77 0.4094
30913 52 37 0.2598
30966 52 44 0.2126
31018 52 53 0.2362
31070 52 61 0.2205
31122 52 78 0.4016
31122 52 34 0.2598
31174 52 77 0.3622
31174 52 46 0.2283
31227 52 75 0.3937
31227 52 56 0.2283
31279 26 74 0.3622
31279 52 62 0.2362
31305 13 75 0.3622
31318 13 77 0.3307
31331 52 75 0.4173
31331 52 39 0.2598
31383 52 74 0.4016
31383 52 46 0.2362
31436 52 75 0.4252
31436 52 54 0.2362
31488 52 77 0.4331
31488 52 63 0.2126
31540 52 78 0.4488
31540 52 42 0.2598
31592 52 70 0.4094
31592 52 51 0.2283
31644 52 77 0.4488
31644 52 58 0.2362
31697 26 75 0.3937
31697 26 63 0.2126
31723 13 72 0.3071
31736 13 73 0.3071
31749 9 73 0.3071
31749 52 43 0.2598
31759 9 75 0.2835
31768 9 73 0.315
31778 9 75 0.2913
31788 9 73 0.3307
31798 9 75 0.2992
31801 52 52 0.2205
31808 9 73 0.3465
31817 9 75 0.3071
31827 9 73 0.3622
31837 9 75 0.3307
31847 9 73 0.378
31853 52 61 0.2205
31857 9 75 0.3307
31866 9 73 0.3701
31876 9 75 0.315
31886 9 73 0.3465
31896 10 75 0.2992
31905 13 73 0.3307
31905 52 70 0.2283
31919 13 75 0.2913
31932 13 72 0.315
31945 13 73 0.2756
31958 52 82 0.4252
31958 52 44 0.2598
32010 52 80 0.3937
32010 52 51 0.2205
32062 52 78 0.4094
32062 52 60 0.2362
32114 52 68 0.3937
32114 52 66 0.2362
32167 208 75 0.4252
32167 52 32 0.2598
32219 52 44 0.2126
32271 52 54 0.2126
32323 52 60 0.1811
32375 104 73 0.3543
32375 104 49 0.1811
32375 104 53 0.1811
32375 104 61 0.2126
32584 104 53 0.2677
32584 104 58 0.315
32584 104 34 0.2205
32584 104 41 0.2205
32584 104 46 0.2677
32689 104 54 0.2677
32689 78 58 0.315
32689 104 37 0.1969
32689 104 42 0.1969
32689 104 49 0.2362
32767 23 58 0.2835
32793 104 53 0.2677
32793 208 58 0.315
32793 104 34 0.2205
32793 104 41 0.2205
32793 104 46 0.2677
32898 104 54 0.2205
32898 104 37 0.1811
32898 104 42 0.1811
32898 104 49 0.2205
33002 104 53 0.2677
33002 104 58 0.315
33002 104 34 0.2205
33002 104 41 0.2205
33002 104 46 0.2677
33107 104 54 0.2677
33107 78 58 0.315
33107 104 37 0.1969
33107 104 42 0.1969
33107 104 49 0.2362
33185 23 58 0.2835
33211 104 53 0.2677
33211 208 58 0.315
33211 104 34 0.2205
33211 104 41 0.2205
33211 104 46 0.2677
33315 104 54 0.2205
33315 104 37 0.1732
33315 104 42 0.1732
33315 104 49 0.2126
33420 104 53 0.2677
33420 104 58 0.315
33420 104 34 0.2205
33420 104 41 0.2205
33420 104 46 0.2677
33524 104 54 0.2677
33524 78 58 0.315
33524 104 37 0.1969
33524 104 42 0.2362
33524 104 49 0.2362
33603 23 58 0.2835
33629 104 53 0.2677
33629 104 58 0.315
33629 104 34 0.2205
33629 104 41 0.2205
33629 104 46 0.2677
33733 78 61 0.3858
33733 104 54 0.3071
33733 104 37 0.1732
33733 104 42 0.2126
33733 104 49 0.2126
33811 23 60 0.3543
33838 78 60 0.378
33838 104 53 0.3071
33838 104 34 0.2205
33838 104 41 0.2205
33838 104 46 0.2677
33916 23 58 0.3307
33942 104 54 0.2913
33942 78 58 0.3465
33942 104 37 0.1969
33942 104 42 0.1969
33942 104 49 0.2362
34020 23 58 0.2835
34046 104 53 0.2677
34046 208 58 0.315
34046 104 34 0.2205
34046 104 41 0.2205
34046 104 46 0.2677
34151 104 54 0.2205
34151 104 37 0.1732
34151 104 42 0.1732
34151 104 49 0.2126
34255 104 58 0.3307
34255 104 53 0.3307
34255 104 61 0.3937
34255 104 34 0.2756
34255 104 41 0.2756
34255 104 46 0.3307
34360 104 58 0.3307
34360 104 54 0.3307
34360 78 61 0.3937
34360 104 37 0.2362
34360 104 42 0.2913
34360 104 49 0.2913
34438 23 61 0.3543
34464 104 58 0.3307
34464 104 53 0.3307
34464 104 61 0.3937
34464 104 34 0.2756
34464 104 41 0.2756
34464 104 46 0.3307
34569 78 65 0.4646
34569 78 61 0.4094
34569 104 54 0.378
34569 104 37 0.2126
34569 104 42 0.2677
34569 104 49 0.2677
34647 13 63 0.4173
34647 13 60 0.3701
34660 13 65 0.378
34673 78 63 0.4488
34673 78 60 0.4016
34673 104 53 0.378
34673 104 34 0.2756
34673 104 41 0.2756
34673 104 46 0.3307
34751 23 61 0.3937
34751 23 58 0.3543
34778 78 61 0.4331
34778 104 54 0.3622
34778 78 58 0.378
34778 104 37 0.2362
34778 104 42 0.2362
34778 104 49 0.2913
34856 23 61 0.3543
34856 23 58 0.3071
34882 208 61 0.3937
34882 104 53 0.3307
34882 208 58 0.3543
34882 104 34 0.2756
34882 104 41 0.2756
34882 104 46 0.3307
34986 104 54 0.2756
34986 104 37 0.2126
34986 104 42 0.2126
34986 104 49 0.2677
35091 91 61 0.4567
35091 52 70 0.5748
35091 91 58 0.4567
35091 104 34 0.3307
35091 104 41 0.3307
35091 104 46 0.4094
35143 39 68 0.5276
35182 13 68 0.4567
35195 104 61 0.4331
35195 78 66 0.4803
35195 104 58 0.4331
35195 104 37 0.2835
35195 104 42 0.2835
35195 104 49 0.3465
35274 23 65 0.4173
35300 104 58 0.3937
35300 104 65 0.4646
35300 104 61 0.3937
35300 104 34 0.2992
35300 104 41 0.2992
35300 104 46 0.3622
35404 104 58 0.3307
35404 104 61 0.4016
35404 104 37 0.2126
35404 104 42 0.2126
35404 104 49 0.2756
35509 91 61 0.4567
35509 52 70 0.5748
35509 91 58 0.4567
35509 104 34 0.3307
35509 104 41 0.3307
35509 104 46 0.4094
35561 39 68 0.5276
35600 13 68 0.4567
35613 104 61 0.4331
35613 78 66 0.4803
35613 104 58 0.4331
35613 104 37 0.2835
35613 104 42 0.2835
35613 104 49 0.3465
35691 23 65 0.4252
35718 104 58 0.3937
35718 104 65 0.4646
35718 104 61 0.3937
35718 104 34 0.2992
35718 104 41 0.2992
35718 104 46 0.3622
35822 104 58 0.3307
35822 104 61 0.4016
35822 104 37 0.2126
35822 104 42 0.2126
35822 104 49 0.2756
35926 104 53 0.3071
35926 104 58 0.3622
35926 104 34 0.252
35926 104 41 0.252
35926 104 46 0.3071
36031 104 54 0.3071
36031 78 58 0.3622
36031 104 37 0.2205
36031 104 42 0.2677
36031 104 49 0.2677
36109 23 58 0.3228
36135 104 53 0.3071
36135 104 58 0.3622
36135 104 34 0.252
36135 104 41 0.252
36135 104 46 0.3071
36240 78 61 0.4252
36240 104 54 0.3465
36240 104 37 0.1969
36240 104 42 0.2441
36240 104 49 0.2441
36318 13 60 0.3858
36331 13 61 0.3543
36344 78 60 0.4094
36344 104 53 0.3465
36344 104 34 0.252
36344 104 41 0.252
36344 104 46 0.3071
36422 23 58 0.3622
36449 104 54 0.3307
36449 78 58 0.3937
36449 104 37 0.2205
36449 104 42 0.2205
36449 104 49 0.2677
36527 23 58 0.3228
36553 104 53 0.3071
36553 208 58 0.3622
36553 104 34 0.252
36553 104 41 0.252
36553 104 46 0.3071
36657 104 54 0.252
36657 104 37 0.1969
36657 104 42 0.1969
36657 104 49 0.2441
36762 100 73 0.5354
36762 52 82 0.6535
36762 52 70 0.5354
36762 104 34 0.3701
36762 104 41 0.3701
36762 104 46 0.4488
36814 39 68 0.4409
36814 39 80 0.5748
36853 4 68 0.5039
36858 113 73 0.4488
36862 4 80 0.4646
36866 104 73 0.5827
36866 78 78 0.5748
36866 104 66 0.4803
36866 104 37 0.2913
36866 104 42 0.2913
36866 104 49 0.3622
36945 23 65 0.4094
36945 23 77 0.4803
36971 104 65 0.4567
36971 104 77 0.5433
36971 104 73 0.5433
36971 104 34 0.3071
36971 104 41 0.3071
36971 104 46 0.378
37075 104 73 0.5354
37075 104 61 0.4488
37075 104 70 0.5354
37075 104 37 0.2362
37075 104 42 0.2362
37075 104 49 0.2992
37180 100 73 0.5354
37180 52 82 0.6535
37180 52 70 0.5354
37180 104 34 0.3701
37180 104 41 0.3701
37180 104 46 0.4488
37232 39 68 0.4409
37232 39 80 0.5748
37271 4 68 0.5197
37275 113 73 0.4567
37280 4 80 0.4567
37284 104 73 0.5984
37284 78 78 0.5748
37284 104 66 0.4961
37284 104 37 0.2913
37284 104 42 0.2913
37284 104 49 0.3622
37362 23 65 0.4094
37362 23 77 0.4803
37389 104 65 0.4567
37389 104 77 0.5433
37389 104 73 0.5433
37389 104 34 0.3071
37389 104 41 0.3071
37389 104 46 0.378
37493 104 73 0.5354
37493 104 61 0.4488
37493 104 70 0.5354
37493 104 37 0.2362
37493 104 42 0.2362
37493 104 49 0.2992
37597 104 58 0.4094
37597 104 65 0.4094
37597 104 70 0.4803
37597 104 34 0.3386
37597 104 41 0.3386
37597 104 46 0.4094
37702 78 58 0.4173
37702 104 66 0.4173
37702 78 70 0.4961
37702 104 37 0.2913
37702 104 42 0.3622
37702 104 49 0.3622
37780 23 58 0.378
37780 23 70 0.4488
37806 104 58 0.4252
37806 104 65 0.4252
37806 104 70 0.5118
37806 104 34 0.3543
37806 104 41 0.3543
37806 104 46 0.4252
37911 78 61 0.5354
37911 78 73 0.6457
37911 104 66 0.5197
37911 104 37 0.2835
37911 104 42 0.3622
37911 104 49 0.3622
37989 23 60 0.4646
37989 23 72 0.5591
38015 78 60 0.5354
38015 78 72 0.622
38015 104 65 0.5354
38015 104 34 0.3858
38015 104 41 0.3858
38015 104 46 0.4567
38093 23 58 0.4646
38093 23 70 0.5591
38120 78 58 0.5039
38120 104 66 0.5039
38120 78 70 0.6063
38120 104 37 0.3307
38120 104 42 0.3307
38120 104 49 0.4016
38198 23 58 0.4724
38198 23 70 0.5669
38224 104 58 0.4961
38224 104 65 0.5039
38224 104 70 0.5984
38224 104 34 0.4173
38224 104 41 0.4173
38224 104 46 0.5039
38328 104 68 0.5906
38328 104 60 0.5906
38328 104 72 0.748
38328 104 66 0.5906
38328 104 32 0.4409
38328 104 44 0.5591
38433 104 61 0.6142
38433 104 65 0.6142
38433 104 73 0.7874
38433 104 25 0.4646
38433 104 37 0.5827
38537 78 65 0.5827
38537 78 73 0.5827
38537 78 77 0.7008
38537 78 49 0.5039
38537 78 56 0.5039
38537 78 61 0.5984
38616 26 66 0.5827
38616 26 78 0.7008
38616 26 63 0.5984
38642 78 68 0.6142
38642 78 73 0.6142
38642 78 80 0.7323
38642 78 49 0.5354
38642 78 56 0.5354
38642 78 65 0.6299
38720 26 70 0.6142
38720 26 82 0.7323
38720 26 66 0.6299
38746 78 72 0.6614
38746 78 80 0.6614
38746 78 84 0.7795
38746 78 63 0.5748
38746 78 56 0.5748
38746 78 68 0.6772
38825 26 73 0.6929
38825 26 85 0.8031
38825 26 65 0.6693
38851 365 84 0.6929
38851 365 80 0.6929
38851 208 77 0.6929
38851 208 89 0.811
38851 104 32 0.6063
38851 104 44 0.7244
38955 78 63 0.5433
38955 78 66 0.5433
38955 78 72 0.6378
39033 23 61 0.5118
39033 23 66 0.5118
39033 23 70 0.5984
39060 156 75 0.622
39060 156 87 0.748
39060 78 61 0.4961
39060 78 66 0.4961
39060 78 70 0.5906
39138 23 60 0.4646
39138 23 66 0.4646
39138 23 68 0.5591
39164 78 60 0.4488
39164 78 66 0.4488
39164 78 68 0.5354
39242 26 66 0.5906
39242 26 72 0.5906
39242 26 75 0.5906
39242 26 78 0.7008
39242 26 57 0.5197
39242 26 60 0.5197
39242 26 63 0.6063
39268 104 75 0.6299
39268 104 65 0.6299
39268 104 72 0.6299
39268 104 77 0.8031
39268 104 34 0.5197
39268 104 46 0.6142
39373 78 70 0.5827
39373 78 65 0.5827
39373 78 73 0.5827
39373 78 77 0.7008
39373 104 53 0.4961
39373 104 58 0.4961
39373 104 61 0.5906
39451 26 67 0.5827
39451 26 79 0.7008
39477 78 77 0.6142
39477 78 69 0.6142
39477 78 73 0.6142
39477 78 81 0.7323
39477 104 37 0.5354
39477 104 49 0.6299
39556 26 70 0.6142
39556 26 82 0.7323
39582 78 72 0.6614
39582 78 77 0.6614
39582 78 84 0.7795
39582 104 65 0.5984
39582 104 61 0.5039
39582 104 58 0.5039
39582 104 53 0.5039
39660 13 73 0.6929
39660 13 85 0.8031
39673 221 70 0.6929
39677 217 76 0.6929
39682 213 79 0.6929
39686 208 85 0.811
39686 104 29 0.6063
39686 104 41 0.7244
39791 104 53 0.5433
39791 104 58 0.5433
39791 104 61 0.5433
39791 104 67 0.6378
39895 104 72 0.5984
39895 104 77 0.5984
39895 104 84 0.7087
39895 104 53 0.5039
39895 104 57 0.5039
39895 104 60 0.5039
39895 104 69 0.5906
39999 52 53 0.685
40052 17 43 0.4803
40069 17 44 0.4803
40087 17 46 0.4803
40104 104 56 0.5354
40104 104 54 0.5354
40104 104 60 0.5354
40104 104 65 0.5354
40104 104 68 0.6299
40104 9 44 0.4803
40114 9 46 0.4409
40124 9 44 0.5039
40133 9 46 0.4488
40143 9 44 0.5197
40153 9 46 0.4646
40163 9 44 0.5354
40172 9 46 0.4803
40182 9 44 0.5512
40192 9 46 0.5118
40202 9 44 0.5748
40208 104 54 0.5354
40208 104 56 0.5354
40208 104 60 0.5354
40208 104 63 0.5354
40208 104 68 0.6299
40212 9 46 0.5197
40221 9 44 0.5669
40231 9 46 0.4961
40241 9 44 0.5433
40251 10 46 0.4724
40261 13 44 0.5197
40274 13 46 0.4567
40287 13 43 0.5039
40300 13 44 0.4331
40313 104 53 0.5354
40313 104 61 0.5354
40313 104 68 0.6299
40313 104 49 0.5354
40417 52 49 0.6457
40469 17 40 0.4803
40487 17 41 0.4803
40504 17 42 0.4803
40522 104 57 0.5354
40522 104 51 0.5354
40522 104 61 0.5354
40522 104 65 0.6299
40522 9 41 0.4803
40531 9 42 0.4409
40541 9 41 0.5039
40551 9 42 0.4488
40561 9 41 0.5197
40571 9 42 0.4646
40580 9 41 0.5354
40590 9 42 0.4803
40600 9 41 0.5512
40610 9 42 0.5118
40620 9 41 0.5748
40626 104 51 0.5354
40626 104 57 0.5354
40626 104 60 0.5354
40626 104 65 0.6299
40629 9 42 0.5197
40639 9 41 0.5669
40649 9 42 0.4961
40659 9 41 0.5433
40669 10 42 0.4724
40678 13 41 0.5197
40691 13 42 0.4567
40704 13 40 0.5039
40717 13 41 0.4331
40731 208 49 0.5354
40731 208 58 0.6299
40731 104 42 0.5039
40835 52 41 0.3858
40887 52 37 0.3071
40939 104 46 0.3071
40939 104 53 0.3071
40939 104 58 0.3622
40939 104 34 0.252
40939 104 41 0.252
40939 104 46 0.3071
41044 104 54 0.3071
41044 78 58 0.3622
41044 104 37 0.2205
41044 104 42 0.2677
41044 104 49 0.2677
41122 23 58 0.3228
41148 104 53 0.3071
41148 104 58 0.3622
41148 104 34 0.252
41148 104 41 0.252
41148 104 46 0.3071
41253 78 61 0.4252
41253 104 54 0.3465
41253 104 37 0.1969
41253 104 42 0.2441
41253 104 49 0.2441
41331 13 60 0.3858
41344 13 61 0.3543
41357 78 60 0.4094
41357 104 53 0.3465
41357 104 34 0.252
41357 104 41 0.252
41357 104 46 0.3071
41436 26 58 0.3622
41462 104 54 0.3307
41462 78 58 0.3937
41462 104 37 0.2205
41462 104 42 0.2205
41462 104 49 0.2677
41540 23 58 0.3228
41566 104 53 0.3071
41566 104 58 0.3622
41566 104 34 0.252
41566 104 41 0.252
41566 104 46 0.3071
41671 78 55 0.5984
41671 78 61 0.7638
41671 78 52 0.5984
41671 78 33 0.4488
41671 78 45 0.5748
41749 26 54 0.5984
41749 26 60 0.5984
41749 26 63 0.7638
41749 26 32 0.4488
41749 26 44 0.5748
41775 104 53 0.622
41775 104 61 0.622
41775 104 65 0.7953
41775 104 25 0.4724
41775 104 37 0.5984
41879 78 65 0.5827
41879 78 73 0.5827
41879 78 77 0.7008
41879 78 49 0.5039
41879 78 56 0.5039
41879 78 61 0.6063
41958 26 66 0.5827
41958 26 78 0.7008
41958 26 63 0.6063
41984 78 68 0.622
41984 78 73 0.622
41984 78 80 0.7323
41984 78 49 0.5354
41984 78 56 0.5354
41984 78 65 0.6378
42062 26 70 0.622
42062 26 82 0.7323
42062 26 66 0.6378
42088 78 72 0.6614
42088 78 80 0.6614
42088 78 84 0.7874
42088 78 63 0.5748
42088 78 56 0.5748
42088 78 68 0.6772
42167 26 73 0.6929
42167 26 85 0.811
42167 26 65 0.6693
42193 365 84 0.6929
42193 365 80 0.6929
42193 208 77 0.6929
42193 208 89 0.8189
42193 104 32 0.6142
42193 104 44 0.7244
42297 78 63 0.5433
42297 78 66 0.5433
42297 78 72 0.6378
42375 23 61 0.5039
42375 23 66 0.5039
42375 23 70 0.5984
42402 156 75 0.622
42402 156 87 0.748
42402 78 61 0.4961
42402 78 66 0.4961
42402 78 70 0.5906
42480 23 60 0.4646
42480 23 66 0.4646
42480 23 68 0.5512
42506 78 60 0.4567
42506 78 66 0.4567
42506 78 68 0.5354
42584 26 66 0.5669
42584 26 72 0.5669
42584 26 75 0.5669
42584 26 78 0.6693
42584 26 57 0.4961
42584 26 60 0.4961
42584 26 63 0.5827
42610 104 75 0.6063
42610 104 65 0.6063
42610 104 72 0.6063
42610 104 77 0.7717
42610 104 34 0.4961
42610 104 46 0.5906
42715 78 70 0.5827
42715 78 65 0.5827
42715 78 73 0.5827
42715 78 77 0.7008
42715 104 53 0.4961
42715 104 58 0.4961
42715 104 61 0.5906
42793 26 67 0.5827
42793 26 79 0.7008
42819 78 77 0.6142
42819 78 69 0.6142
42819 78 73 0.6142
42819 78 81 0.7323
42819 104 37 0.5354
42819 104 49 0.6299
42898 26 70 0.6142
42898 26 82 0.7323
42924 78 72 0.6614
42924 78 77 0.6614
42924 78 84 0.7795
42924 104 65 0.5984
42924 104 61 0.5039
42924 104 58 0.5039
42924 104 53 0.5039
43002 13 73 0.6929
43002 13 85 0.8031
43015 221 70 0.6929
43019 217 76 0.6929
43024 213 79 0.6929
43028 208 85 0.811
43028 104 29 0.6063
43028 104 41 0.7244
43133 104 53 0.5433
43133 104 58 0.5433
43133 104 61 0.5433
43133 104 67 0.6378
43237 104 72 0.5984
43237 104 77 0.5984
43237 104 84 0.7087
43237 104 53 0.5039
43237 104 57 0.5039
43237 104 60 0.5039
43237 104 69 0.5906
43342 52 53 0.6378
43394 17 43 0.4803
43411 17 44 0.4803
43429 17 46 0.4803
43446 104 56 0.5354
43446 104 54 0.5354
43446 104 60 0.5354
43446 104 65 0.5354
43446 104 68 0.6299
43446 9 44 0.4803
43456 9 46 0.4409
43466 9 44 0.5039
43475 9 46 0.4488
43485 9 44 0.5197
43495 9 46 0.4646
43505 9 44 0.5354
43514 9 46 0.4803
43524 9 44 0.5512
43534 9 46 0.5118
43544 9 44 0.5748
43550 104 54 0.5354
43550 104 56 0.5354
43550 104 60 0.5354
43550 104 63 0.5354
43550 104 68 0.6299
43554 9 46 0.5197
43563 9 44 0.5669
43573 9 46 0.4961
43583 9 44 0.5433
43593 10 46 0.4724
43603 13 44 0.5197
43616 13 46 0.4567
43629 13 43 0.5039
43642 13 44 0.4331
43655 104 53 0.5354
43655 104 61 0.5354
43655 104 68 0.6299
43655 104 49 0.5354
43759 52 49 0.5354
43811 17 40 0.4803
43829 17 41 0.4803
43846 17 42 0.4803
43864 104 57 0.5354
43864 104 51 0.5354
43864 104 61 0.5354
43864 104 65 0.6299
43864 9 41 0.4803
43874 9 42 0.4409
43883 9 41 0.5039
43893 9 42 0.4488
43903 9 41 0.5197
43913 9 42 0.4646
43922 9 41 0.5354
43932 9 42 0.4803
43942 9 41 0.5512
43952 9 42 0.5118
43962 9 41 0.5748
43968 104 51 0.5354
43968 104 57 0.5354
43968 104 60 0.5354
43968 104 65 0.6299
43971 9 42 0.5197
43981 9 41 0.5669
43991 9 42 0.4961
44001 9 41 0.5433
44011 10 42 0.4724
44020 13 41 0.5197
44033 13 42 0.4567
44046 13 40 0.5039
44060 13 41 0.4331
44073 208 49 0.5354
44073 208 58 0.6299
44073 104 42 0.5039
44177 52 41 0.3701
44229 52 37 0.3071
44281 104 46 0.3071
44281 104 53 0.3071
44281 104 58 0.3622
44281 104 34 0.252
44281 104 41 0.252
44281 104 46 0.3071
44386 104 54 0.3071
44386 78 58 0.3622
44386 104 37 0.2205
44386 104 42 0.2677
44386 104 49 0.2677
44464 23 58 0.3228
44490 104 53 0.3071
44490 104 58 0.3622
44490 104 34 0.252
44490 104 41 0.252
44490 104 46 0.3071
44595 78 61 0.3543
44595 104 54 0.2913
44595 104 37 0.1654
44595 104 42 0.2047
44595 104 49 0.2047
44673 13 60 0.315
44686 13 61 0.2913
44699 78 60 0.3307
44699 104 53 0.2835
44699 104 34 0.2047
44699 104 41 0.2047
44699 104 46 0.2441
44778 23 58 0.2835
44804 104 54 0.2598
44804 78 58 0.315
44804 104 37 0.1732
44804 104 42 0.1732
44804 103 49 0.2126
44882 23 58 0.2205
44908 208 49 0.2047
44908 208 53 0.2047
44908 208 58 0.2441
44908 208 34 0.1575
44908 208 41 0.189
