775 212 46 0.622
988 22 50 0.4724
1011 22 55 0.4882
1034 22 58 0.4961
1057 22 62 0.5039
1080 22 67 0.5118
1103 22 70 0.5276
1126 22 74 0.5354
1149 22 79 0.5512
1172 22 82 0.5591
1195 22 86 0.5669
1218 22 91 0.6063
1241 155 94 0.6299
1396 17 93 0.4567
1413 17 91 0.4646
1431 17 90 0.4646
1448 17 87 0.4724
1465 17 86 0.4724
1482 17 84 0.4803
1499 17 82 0.4882
1517 17 81 0.4882
1534 17 79 0.4961
1551 17 78 0.4961
1568 17 75 0.4961
1586 17 74 0.4961
1603 17 72 0.5039
1620 17 70 0.5039
1637 17 69 0.5118
1655 17 67 0.5118
1672 17 66 0.5197
1689 17 63 0.5197
1706 17 62 0.5276
1724 17 60 0.5354
1741 17 58 0.5354
1758 17 57 0.5433
1775 17 55 0.5433
1793 17 54 0.5512
1810 17 51 0.5512
1827 17 50 0.5591
1844 17 48 0.5591
1862 17 46 0.5669
1879 17 45 0.5669
1896 189 43 0.6299
2086 17 46 0.4724
2103 17 50 0.4882
2120 17 55 0.4961
2137 17 58 0.5039
2155 17 62 0.5118
2172 17 67 0.5276
2189 17 70 0.5354
2206 17 74 0.5512
2224 17 79 0.5591
2241 17 82 0.5669
2258 17 86 0.5748
2275 17 91 0.5906
2293 206 94 0.6142
2310 189 98 0.6299
2499 17 96 0.4567
2517 17 94 0.4567
2534 17 93 0.4567
2551 17 91 0.4646
2568 17 90 0.4646
2586 17 87 0.4724
2603 17 86 0.4724
2620 17 84 0.4803
2637 17 82 0.4882
2655 17 81 0.4882
2672 17 79 0.4961
2689 17 78 0.4961
2706 17 75 0.4961
2724 17 74 0.4961
2741 17 72 0.5039
2758 17 70 0.5039
2775 17 69 0.5118
2793 17 67 0.5118
2810 17 66 0.5197
2827 17 63 0.5197
2844 17 62 0.5276
2862 17 60 0.5354
2879 17 58 0.5354
2896 17 57 0.5433
2913 17 55 0.5433
2931 17 54 0.5512
2948 17 51 0.5433
2965 17 50 0.5512
2982 17 48 0.5669
2999 17 46 0.5748
3017 17 45 0.5827
3034 155 43 0.6299
3189 17 44 0.4803
3206 17 45 0.4803
3224 17 46 0.4882
3241 17 47 0.4961
3258 17 48 0.4961
3275 17 49 0.4961
3293 17 50 0.5039
3310 17 51 0.5039
3327 17 52 0.5118
3344 17 53 0.5197
3362 17 54 0.5197
3379 17 55 0.5276
3396 17 56 0.5354
3413 17 57 0.5354
3431 17 58 0.5433
3448 17 59 0.5433
3465 17 60 0.5512
3482 17 61 0.5591
3499 17 62 0.5669
3517 17 63 0.5669
3534 17 64 0.5669
3551 17 65 0.5669
3568 17 66 0.5748
3586 17 67 0.5984
3603 17 66 0.5906
3620 17 65 0.5827
3637 17 64 0.5669
3655 17 63 0.5669
3672 17 62 0.5591
3689 17 61 0.5512
3706 17 60 0.5354
3724 17 59 0.5197
3741 17 58 0.5276
3758 17 57 0.5354
3775 17 56 0.5433
3793 17 55 0.5512
3810 17 54 0.5591
3827 17 53 0.5669
3844 17 52 0.5748
3862 17 51 0.5827
3879 17 50 0.5906
3896 17 49 0.6063
3913 17 48 0.622
3931 17 47 0.6299
3948 17 46 0.6378
3965 17 45 0.6535
3982 17 44 0.6693
3999 34 43 0.7638
4137 34 103 0.7559
4137 34 98 0.6378
4137 34 94 0.5433
4137 34 91 0.5433
12137 137 70 0.5906
12275 137 73 0.6142
12413 137 74 0.6378
12551 137 70 0.5827
15862 137 60 0.4173
15862 137 62 0.5197
16137 137 65 0.5433
16137 137 63 0.4252
16413 137 65 0.4488
16413 137 69 0.5669
16689 137 70 0.5669
16965 137 73 0.5906
17241 137 82 0.622
17517 137 74 0.5669
17793 137 65 0.5512
17931 137 66 0.5039
19586 206 50 0.5197
19586 206 62 0.5197
19793 68 50 0.5276
19793 68 62 0.5276
20275 137 67 0.5591
20275 137 79 0.5591
20413 137 66 0.5433
20413 137 78 0.5433
20551 137 65 0.5276
20551 137 77 0.5276
20689 137 63 0.5197
20689 137 75 0.5197
20827 137 68 0.4646
20827 137 71 0.5118
20827 137 74 0.5118
20965 137 67 0.4961
20965 137 72 0.4961
21999 137 59 0.4252
21999 137 62 0.4252
21999 137 71 0.5118
22137 137 60 0.4646
22137 137 63 0.4646
22137 137 72 0.5591
22275 137 62 0.4724
22275 137 65 0.4724
22275 137 74 0.5669
22413 137 63 0.4961
22413 137 67 0.4961
22413 137 75 0.5827
22551 137 65 0.5039
22551 137 74 0.5039
22551 137 77 0.5984
22689 137 67 0.5276
22689 137 75 0.5276
22689 137 79 0.622
22827 137 67 0.5512
22827 137 77 0.5512
22827 137 79 0.6457
22965 137 87 0.7087
22965 137 79 0.5984
22965 137 75 0.5984
23103 68 86 0.7165
23103 68 80 0.5984
23103 68 74 0.5984
23172 68 85 0.748
23172 68 81 0.6299
23172 68 73 0.6299
23586 137 69 0.5591
23586 137 81 0.5591
23724 137 68 0.5433
23724 137 80 0.5433
23862 137 67 0.5276
23862 137 79 0.5276
23999 137 65 0.5197
23999 137 77 0.5197
24137 137 70 0.4646
24137 137 73 0.5118
24137 137 76 0.5118
24275 137 69 0.4961
24275 137 74 0.4961
25310 137 61 0.4252
25310 137 64 0.4252
25310 137 73 0.5118
25448 137 62 0.4646
25448 137 65 0.4646
25448 137 74 0.5591
25586 137 64 0.4724
25586 137 67 0.4724
25586 137 76 0.5669
25724 137 65 0.4961
25724 137 69 0.4961
25724 137 77 0.5827
25862 137 67 0.5118
25862 137 76 0.5118
25862 137 79 0.6063
25999 137 69 0.5433
25999 137 77 0.5433
25999 137 81 0.6378
26137 137 69 0.5669
26137 137 79 0.5669
26137 137 81 0.6614
26275 137 89 0.7402
26275 137 81 0.622
26275 137 77 0.6063
26413 68 88 0.7402
26413 68 81 0.6142
26413 68 76 0.5827
26896 45 81 0.6535
27034 45 83 0.6929
27172 45 84 0.7165
27448 45 84 0.7165
27586 45 83 0.7087
27724 45 82 0.7087
27862 45 81 0.6929
27999 45 80 0.685
28551 45 82 0.6535
28689 45 84 0.6929
28827 45 85 0.7165
29103 45 85 0.7165
29241 45 84 0.7087
29379 45 83 0.7087
29517 45 82 0.6929
29655 45 81 0.685
30206 45 84 0.6535
30344 45 86 0.6929
30482 45 87 0.7165
30643 45 91 0.7165
30781 45 89 0.7087
30919 45 87 0.7087
31057 45 84 0.6929
31195 45 87 0.685
31333 45 84 0.685
31471 45 89 0.7165
31609 45 87 0.7087
31747 45 86 0.7087
31885 45 82 0.6929
32022 45 86 0.685
32160 45 82 0.685
32298 45 87 0.7165
32436 45 86 0.7087
32574 45 84 0.7087
32712 45 81 0.6929
32850 45 84 0.685
32988 45 81 0.685
33126 45 86 0.7165
33264 45 84 0.7087
33402 45 82 0.7087
33540 45 86 0.6929
33678 45 86 0.685
33816 45 85 0.685
39724 275 65 0.4331
39999 137 64 0.3937
40137 137 63 0.4724
40275 137 62 0.4409
40413 137 63 0.4567
40551 275 63 0.4331
40827 137 63 0.3937
40965 137 63 0.4409
41103 137 62 0.4173
41241 137 62 0.4252
41379 137 62 0.4173
41517 137 61 0.3937
41655 137 62 0.3937
41793 137 58 0.3937
41931 137 60 0.3543
42068 137 57 0.3543
42206 137 58 0.3543
42344 137 62 0.3701
42482 137 58 0.3937
42620 137 62 0.4252
42758 137 62 0.4331
42896 137 65 0.4803
43034 137 67 0.4882
43172 137 63 0.4961
43310 137 62 0.4567
43448 137 58 0.4409
43586 137 60 0.4094
43724 137 57 0.3937
43862 137 58 0.3543
43999 137 62 0.378
44137 137 58 0.3937
44275 137 62 0.4252
44413 137 62 0.4331
44551 137 65 0.4803
44689 137 67 0.4882
44827 137 63 0.4961
44965 137 62 0.4567
45103 137 58 0.4409
45241 137 60 0.4094
45379 137 57 0.3937
45931 137 91 0.5669
45931 137 79 0.4882
46068 206 78 0.4646
46068 206 90 0.5512
46275 68 75 0.4488
46275 68 87 0.5276
46344 137 74 0.3937
46344 137 86 0.4724
46758 137 67 0.4646
46758 137 79 0.5512
46896 206 66 0.4409
46896 206 78 0.5276
47103 68 63 0.4252
47103 68 75 0.5039
47172 137 74 0.4724
47172 137 62 0.3937
47310 137 74 0.5512
47310 137 67 0.4646
47310 137 62 0.4646
47448 413 67 0.4409
47448 413 74 0.5276
47448 413 62 0.4409
47862 137 67 0.4961
47862 137 72 0.5748
47862 137 60 0.4961
48137 45 67 0.5827
48275 137 66 0.5197
48413 137 64 0.5039
48551 137 62 0.5118
48689 45 59 0.5354
48827 45 55 0.5118
48965 137 54 0.5197
49103 137 52 0.5354
49241 137 51 0.5433
49379 137 50 0.5591
49517 137 47 0.5669
50431 212 47 0.622
50643 22 50 0.4724
50666 22 55 0.4882
50689 22 59 0.4961
50712 22 62 0.5039
50735 22 67 0.5118
50758 22 71 0.5276
50781 22 74 0.5354
50804 22 79 0.5512
50827 22 83 0.5591
50850 22 86 0.5669
50873 22 91 0.6063
50896 155 95 0.6299
51051 17 93 0.4567
51068 17 91 0.4646
51086 17 90 0.4646
51103 17 88 0.4724
51120 17 86 0.4724
51137 17 84 0.4803
51155 17 83 0.4882
51172 17 81 0.4882
51189 17 79 0.4961
51206 17 78 0.4961
51224 17 76 0.4961
51241 17 74 0.4961
51258 17 72 0.5039
51275 17 71 0.5039
51293 17 69 0.5118
51310 17 67 0.5118
51327 17 66 0.5197
51344 17 64 0.5197
51362 17 62 0.5276
51379 17 60 0.5354
51396 17 59 0.5354
51413 17 57 0.5433
51431 17 55 0.5433
51448 17 54 0.5512
51465 17 52 0.5512
51482 17 50 0.5591
51499 17 48 0.5591
51517 17 47 0.5669
51534 17 45 0.5669
51551 189 43 0.6299
51741 17 47 0.4724
51758 17 50 0.4882
51775 17 55 0.4961
51793 17 59 0.5039
51810 17 62 0.5118
51827 17 67 0.5276
51844 17 71 0.5354
51862 17 74 0.5512
51879 17 79 0.5591
51896 17 83 0.5669
51913 17 86 0.5748
51931 17 91 0.5906
51948 206 95 0.6142
51965 189 98 0.6299
52155 17 96 0.4567
52172 17 95 0.4567
52189 17 93 0.4567
52206 17 91 0.4646
52224 17 90 0.4646
52241 17 88 0.4724
52258 17 86 0.4724
52275 17 84 0.4803
52293 17 83 0.4882
52310 17 81 0.4882
52327 17 79 0.4961
52344 17 78 0.4961
52362 17 76 0.4961
52379 17 74 0.4961
52396 17 72 0.5039
52413 17 71 0.5039
52431 17 69 0.5118
52448 17 67 0.5118
52465 17 66 0.5197
52482 17 64 0.5197
52499 17 62 0.5276
52517 17 60 0.5354
52534 17 59 0.5354
52551 17 57 0.5433
52568 17 55 0.5433
52586 17 54 0.5512
52603 17 52 0.5433
52620 17 50 0.5512
52637 17 48 0.5669
52655 17 47 0.5748
52672 17 45 0.5827
52689 155 43 0.6299
52844 17 44 0.4803
52862 17 45 0.4803
52879 17 46 0.4882
52896 17 47 0.4961
52913 17 48 0.4961
52931 17 49 0.4961
52948 17 50 0.5039
52965 17 51 0.5039
52982 17 52 0.5118
52999 17 53 0.5197
53017 17 54 0.5197
53034 17 55 0.5276
53051 17 56 0.5354
53068 17 57 0.5354
53086 17 58 0.5433
53103 17 59 0.5433
53120 17 60 0.5512
53137 17 61 0.5591
53155 17 62 0.5669
53172 17 63 0.5669
53189 17 64 0.5669
53206 17 65 0.5669
53224 17 66 0.5748
53241 17 67 0.5984
53258 17 66 0.5906
53275 17 65 0.5827
53293 17 64 0.5669
53310 17 63 0.5669
53327 17 62 0.5591
53344 17 61 0.5512
53362 17 60 0.5354
53379 17 59 0.5197
53396 17 58 0.5276
53413 17 57 0.5354
53431 17 56 0.5433
53448 17 55 0.5512
53465 17 54 0.5591
53482 17 53 0.5669
53499 17 52 0.5748
53517 17 51 0.5827
53534 17 50 0.5906
53551 17 49 0.6063
53568 17 48 0.622
53586 17 47 0.6299
53603 17 46 0.6378
53620 17 45 0.6535
53637 17 44 0.6693
53655 34 43 0.7638
53793 34 103 0.7953
53793 34 98 0.6772
53793 34 95 0.5669
53793 34 91 0.5669
12137 17 61 0.4646
12137 17 64 0.4646
12155 17 55 0.3937
12172 17 61 0.4646
12172 17 64 0.4646
12189 17 55 0.3937
12206 17 61 0.4724
12206 17 64 0.4724
12224 17 55 0.4016
12241 17 61 0.4724
12241 17 64 0.4724
12258 17 55 0.4016
12275 17 64 0.4724
12275 17 67 0.4724
12293 17 58 0.4094
12310 17 64 0.4803
12310 17 67 0.4803
12327 17 58 0.4016
12344 17 64 0.4882
12344 17 67 0.4882
12362 17 58 0.4409
12379 17 64 0.5039
12379 17 67 0.5039
12396 17 58 0.4016
12413 17 65 0.5039
12431 17 58 0.4094
12448 17 65 0.4961
12465 17 58 0.4094
12482 17 65 0.4961
12499 17 58 0.4173
12517 17 65 0.4961
12534 17 58 0.4094
12551 17 62 0.4961
12568 17 53 0.4094
12586 17 62 0.4882
12603 17 53 0.4016
12620 17 62 0.4803
12637 17 53 0.3937
12655 17 62 0.4724
12672 17 53 0.3937
15862 22 57 0.3937
15885 22 54 0.3228
15908 22 57 0.3937
15931 22 54 0.3386
15954 22 57 0.3937
15977 22 54 0.3386
16137 22 60 0.4173
16160 22 57 0.3386
16183 22 60 0.4173
16206 22 57 0.3543
16229 22 60 0.4173
16252 22 57 0.3543
16413 22 63 0.4331
16436 22 60 0.3622
16459 22 63 0.4331
16482 22 60 0.378
16505 22 63 0.4331
16528 22 60 0.378
16689 22 66 0.4409
16712 22 63 0.3622
16735 22 66 0.4409
16758 22 63 0.3858
16781 22 66 0.4409
16804 22 63 0.3858
16965 22 67 0.3622
16965 22 70 0.4646
16988 22 64 0.3701
17011 22 67 0.3622
17011 22 70 0.4646
17034 22 64 0.3858
17057 22 67 0.3622
17057 22 70 0.4646
17080 22 64 0.3937
17241 22 73 0.378
17241 22 76 0.4803
17264 22 67 0.3858
17287 22 73 0.378
17287 22 76 0.4803
17310 22 67 0.4094
17333 22 73 0.378
17333 22 76 0.4803
17356 22 67 0.4094
17517 22 65 0.3543
17517 22 70 0.4488
17540 22 62 0.3701
17563 22 65 0.3543
17563 22 70 0.4488
17586 22 62 0.3858
17609 22 65 0.3543
17609 22 70 0.4409
17632 22 62 0.3858
17793 22 58 0.3465
17793 22 62 0.4252
17816 22 53 0.3543
17839 22 58 0.3386
17839 22 62 0.4252
17862 22 53 0.3701
17885 22 58 0.3386
17885 22 62 0.4252
17908 11 53 0.3622
17919 34 57 0.3386
17925 28 60 0.4016
17954 22 51 0.3543
17977 22 57 0.4094
17977 22 60 0.4094
17999 22 51 0.3622
18022 22 57 0.3937
18022 22 60 0.3937
18045 22 51 0.3543
19862 17 50 0.4173
19862 17 59 0.4173
19879 17 62 0.3543
19896 17 50 0.4173
19896 17 59 0.4173
19913 17 62 0.3622
19931 17 50 0.4094
19931 17 59 0.4094
19948 17 62 0.3543
19965 17 50 0.4016
19965 17 59 0.4016
19982 17 62 0.3622
19999 17 50 0.4016
19999 17 59 0.4016
20017 17 62 0.3465
20034 17 50 0.3937
20034 17 59 0.3937
20051 17 62 0.3543
20068 17 50 0.3937
20068 17 59 0.3937
20086 17 62 0.3465
20103 17 50 0.3858
20103 17 59 0.3858
20120 17 62 0.3543
20137 17 50 0.3858
20137 17 59 0.3858
20155 17 62 0.3307
20172 17 50 0.378
20172 17 59 0.378
20189 17 62 0.3386
20206 17 50 0.378
20206 17 59 0.378
20224 17 62 0.3307
20241 17 50 0.3701
20241 17 59 0.3701
20258 17 62 0.3386
21103 22 63 0.4961
21103 22 55 0.4961
21126 22 67 0.4016
21149 22 63 0.4567
21149 22 55 0.4567
21172 22 67 0.4094
21195 22 55 0.4724
21195 22 63 0.4724
21218 22 67 0.4252
21241 22 62 0.5197
21241 22 53 0.5197
21264 22 65 0.4331
21287 22 62 0.4882
21287 22 53 0.4882
21310 22 65 0.4409
21333 22 53 0.4961
21333 22 62 0.4961
21356 22 65 0.4488
21379 22 60 0.5512
21379 22 51 0.5512
21402 22 63 0.4567
21425 22 60 0.5118
21425 22 51 0.5118
21448 22 63 0.4724
21471 22 51 0.5276
21471 22 60 0.5276
21494 22 63 0.4882
21517 17 50 0.4173
21517 17 59 0.4173
21534 17 62 0.3543
21551 17 50 0.4173
21551 17 59 0.4173
21568 17 62 0.378
21586 17 50 0.4252
21586 17 59 0.4252
21603 17 62 0.3701
21620 17 50 0.4252
21620 17 59 0.4252
21637 17 62 0.3937
21655 17 50 0.4252
21655 17 59 0.4252
21672 17 62 0.3701
21689 17 50 0.4331
21689 17 59 0.4331
21706 17 62 0.3937
21724 17 50 0.4409
21724 17 59 0.4409
21741 17 62 0.3937
21758 17 50 0.4409
21758 17 59 0.4409
21775 17 62 0.4094
21793 17 50 0.4488
21793 17 59 0.4488
21810 17 62 0.3858
21827 17 50 0.4409
21827 17 59 0.4409
21844 17 62 0.3937
21862 17 50 0.4252
21862 17 59 0.4252
21879 17 62 0.378
21896 17 50 0.4252
21896 17 59 0.4252
21913 17 62 0.378
23310 17 52 0.4331
23310 17 61 0.4331
23327 17 64 0.3701
23344 17 52 0.4252
23344 17 61 0.4252
23362 17 64 0.3858
23379 17 52 0.4252
23379 17 61 0.4252
23396 17 64 0.3701
23413 17 52 0.4252
23413 17 61 0.4252
23431 17 64 0.3858
23448 17 52 0.4252
23448 17 61 0.4252
23465 17 64 0.3543
23482 17 52 0.4173
23482 17 61 0.4173
23499 17 64 0.3622
23517 17 52 0.4173
23517 17 61 0.4173
23534 17 64 0.3543
23551 17 52 0.4094
23551 17 61 0.4094
23568 17 64 0.3622
24413 22 65 0.4961
24413 22 57 0.4961
24436 22 69 0.4016
24459 22 65 0.4567
24459 22 57 0.4567
24482 22 69 0.4094
24505 22 57 0.4724
24505 22 65 0.4724
24528 22 69 0.4252
24551 22 64 0.5197
24551 22 55 0.5197
24574 22 67 0.4331
24597 22 64 0.4882
24597 22 55 0.4882
24620 22 67 0.4409
24643 22 55 0.4961
24643 22 64 0.4961
24666 22 67 0.4488
24689 22 62 0.5512
24689 22 53 0.5512
24712 22 65 0.4567
24735 22 62 0.5118
24735 22 53 0.5118
24758 22 65 0.4724
24781 22 53 0.5276
24781 22 62 0.5276
24804 22 65 0.4882
24827 17 52 0.4173
24827 17 61 0.4173
24844 17 64 0.3543
24862 17 52 0.4173
24862 17 61 0.4173
24879 17 64 0.378
24896 17 52 0.4252
24896 17 61 0.4252
24913 17 64 0.3701
24931 17 52 0.4252
24931 17 61 0.4252
24948 17 64 0.3937
24965 17 52 0.4252
24965 17 61 0.4252
24982 17 64 0.3701
24999 17 52 0.4331
24999 17 61 0.4331
25017 17 64 0.3937
25034 17 52 0.4409
25034 17 61 0.4409
25051 17 64 0.3937
25068 17 52 0.4409
25068 17 61 0.4409
25086 17 64 0.4094
25103 17 52 0.4488
25103 17 61 0.4488
25120 17 64 0.3858
25137 17 52 0.4409
25137 17 61 0.4409
25155 17 64 0.3937
25172 17 52 0.4252
25172 17 61 0.4252
25189 17 64 0.378
25206 17 52 0.4252
25206 17 61 0.4252
25224 17 64 0.3858
26482 17 75 0.5118
26482 17 77 0.5118
26482 17 81 0.6142
26499 17 87 0.5118
26517 17 75 0.4331
26517 17 77 0.4331
26517 17 81 0.5118
26534 17 87 0.4961
26551 17 75 0.4252
26551 17 77 0.4252
26551 17 81 0.5039
26568 17 87 0.4961
26586 17 75 0.4252
26586 17 77 0.4252
26586 17 81 0.5039
26603 17 87 0.4961
26620 17 75 0.4409
26620 17 77 0.4409
26620 17 81 0.5354
26637 17 87 0.4803
26655 17 75 0.3858
26655 17 77 0.3858
26655 17 81 0.4567
26672 17 87 0.4567
26689 17 75 0.378
26689 17 77 0.378
26689 17 81 0.4488
26706 17 87 0.4567
26724 17 75 0.3701
26724 17 77 0.3701
26724 17 81 0.4488
26741 17 87 0.4646
26758 17 75 0.4803
26758 17 77 0.4803
26758 17 81 0.5669
26775 17 87 0.4882
26793 17 75 0.3937
26793 17 77 0.3937
26793 17 81 0.4724
26810 17 87 0.4882
26827 17 75 0.3937
26827 17 77 0.3937
26827 17 81 0.4724
26844 17 87 0.4882
26862 17 75 0.3937
26862 17 77 0.3937
26862 17 81 0.4724
26879 17 87 0.4882
26896 22 75 0.4331
26896 22 77 0.5197
26919 22 87 0.4803
26942 22 75 0.4331
26942 22 77 0.4331
26942 22 81 0.5197
26965 22 87 0.4803
26988 22 75 0.4409
26988 22 77 0.4409
26988 22 81 0.5276
27011 22 87 0.4882
27034 22 75 0.4488
27034 22 77 0.5354
27057 22 87 0.4961
27080 22 75 0.4567
27080 22 77 0.4567
27080 22 83 0.5433
27103 22 87 0.4961
27126 22 75 0.4567
27126 22 77 0.4567
27126 22 83 0.5433
27149 22 87 0.4961
27172 22 75 0.4646
27172 22 77 0.5512
27195 22 87 0.5039
27218 22 75 0.4724
27218 22 77 0.4724
27218 22 84 0.5591
27241 22 87 0.5039
27264 22 75 0.4803
27264 22 77 0.4803
27264 22 84 0.5669
27287 22 87 0.5118
27310 22 76 0.4882
27310 22 80 0.5669
27333 22 88 0.5276
27356 22 76 0.4961
27356 22 80 0.4961
27379 22 88 0.5276
27402 22 76 0.4961
27402 22 80 0.4961
27425 22 88 0.5354
27448 22 75 0.4882
27471 22 87 0.5276
27494 22 75 0.4961
27494 22 84 0.4961
27517 22 87 0.5276
27540 22 75 0.4961
27540 22 84 0.4961
27563 22 87 0.5354
27586 22 74 0.4882
27609 22 86 0.5276
27632 22 74 0.4961
27632 22 83 0.4961
27655 22 86 0.5276
27678 22 74 0.4961
27678 22 83 0.4961
27701 22 86 0.5354
27724 22 73 0.4882
27747 22 85 0.5276
27770 22 73 0.4961
27770 22 82 0.4961
27793 22 85 0.5276
27816 22 73 0.4961
27816 22 82 0.4961
27839 22 85 0.5354
27862 22 72 0.4882
27885 22 84 0.5276
27908 22 72 0.4961
27908 22 81 0.4961
27931 22 84 0.5276
27954 22 72 0.4961
27954 22 81 0.4961
27977 22 84 0.5354
27999 22 71 0.4882
28022 22 83 0.5276
28045 22 71 0.4961
28045 22 80 0.4961
28068 22 83 0.5276
28091 22 71 0.4961
28091 22 80 0.4961
28114 22 83 0.5354
28137 17 76 0.5118
28137 17 79 0.5118
28137 17 82 0.6142
28155 17 88 0.5118
28172 17 76 0.4331
28172 17 79 0.4331
28172 17 82 0.5118
28189 17 88 0.4961
28206 17 76 0.4252
28206 17 79 0.4252
28206 17 82 0.5039
28224 17 88 0.4961
28241 17 76 0.4252
28241 17 79 0.4252
28241 17 82 0.5039
28258 17 88 0.4961
28275 17 76 0.4409
28275 17 79 0.4409
28275 17 82 0.5354
28293 17 88 0.4803
28310 17 76 0.3858
28310 17 79 0.3858
28310 17 82 0.4567
28327 17 88 0.4567
28344 17 76 0.378
28344 17 79 0.378
28344 17 82 0.4488
28362 17 88 0.4567
28379 17 76 0.3701
28379 17 79 0.3701
28379 17 82 0.4488
28396 17 88 0.4646
28413 17 76 0.4803
28413 17 79 0.4803
28413 17 82 0.5669
28431 17 88 0.4882
28448 17 76 0.3937
28448 17 79 0.3937
28448 17 82 0.4724
28465 17 88 0.4882
28482 17 76 0.3937
28482 17 79 0.3937
28482 17 82 0.4724
28499 17 88 0.4882
28517 17 76 0.3937
28517 17 79 0.3937
28517 17 82 0.4724
28534 17 88 0.4882
28551 22 76 0.4331
28551 22 79 0.5197
28574 22 88 0.4803
28597 22 76 0.4331
28597 22 79 0.4331
28597 22 82 0.5197
28620 22 88 0.4803
28643 22 76 0.4409
28643 22 79 0.4409
28643 22 82 0.5276
28666 22 88 0.4882
28689 22 76 0.4488
28689 22 79 0.5354
28712 22 88 0.4961
28735 22 76 0.4567
28735 22 79 0.4567
28735 22 84 0.5433
28758 22 88 0.4961
28781 22 76 0.4567
28781 22 79 0.4567
28781 22 84 0.5433
28804 22 88 0.4961
28827 22 76 0.4646
28827 22 79 0.5512
28850 22 88 0.5039
28873 22 76 0.4724
28873 22 79 0.4724
28873 22 85 0.5591
28896 22 88 0.5039
28919 22 76 0.4803
28919 22 79 0.4803
28919 22 85 0.5669
28942 22 88 0.5118
28965 22 77 0.4882
28965 22 81 0.5669
28988 22 89 0.5276
29011 22 77 0.4961
29011 22 81 0.4961
29034 22 89 0.5276
29057 22 77 0.4961
29057 22 81 0.4961
29080 22 89 0.5354
29103 22 76 0.4882
29126 22 88 0.5276
29149 22 76 0.4961
29149 22 85 0.4961
29172 22 88 0.5276
29195 22 76 0.4961
29195 22 85 0.4961
29218 22 88 0.5354
29241 22 75 0.4882
29264 22 87 0.5276
29287 22 75 0.4961
29287 22 84 0.4961
29310 22 87 0.5276
29333 22 75 0.4961
29333 22 84 0.4961
29356 22 87 0.5354
29379 22 74 0.4882
29402 22 86 0.5276
29425 22 74 0.4961
29425 22 83 0.4961
29448 22 86 0.5276
29471 22 74 0.4961
29471 22 83 0.4961
29494 22 86 0.5354
29517 22 73 0.4882
29540 22 85 0.5276
29563 22 73 0.4961
29563 22 82 0.4961
29586 22 85 0.5276
29609 22 73 0.4961
29609 22 82 0.4961
29632 22 85 0.5354
29655 22 72 0.4882
29678 22 84 0.5276
29701 22 72 0.4961
29701 22 81 0.4961
29724 22 84 0.5276
29747 22 72 0.4961
29747 22 81 0.4961
29770 22 84 0.5354
29793 17 78 0.5118
29793 17 81 0.5118
29793 17 84 0.6142
29810 17 90 0.5118
29827 17 78 0.4331
29827 17 81 0.4331
29827 17 84 0.5118
29844 17 90 0.4961
29862 17 78 0.4331
29862 17 81 0.4331
29862 17 84 0.5118
29879 17 90 0.5039
29896 17 78 0.4331
29896 17 81 0.4331
29896 17 84 0.5118
29913 17 90 0.5039
29931 17 78 0.4567
29931 17 81 0.4567
29931 17 84 0.5512
29948 17 90 0.4961
29965 17 78 0.4016
29965 17 81 0.4016
29965 17 84 0.4803
29982 17 90 0.4803
29999 17 78 0.3937
29999 17 81 0.3937
29999 17 84 0.4724
30017 17 90 0.4803
30034 17 78 0.3937
30034 17 81 0.3937
30034 17 84 0.4724
30051 17 90 0.4882
30068 17 78 0.4803
30068 17 81 0.4803
30068 17 84 0.5669
30086 17 90 0.4882
30103 17 78 0.3937
30103 17 81 0.3937
30103 17 84 0.4724
30120 17 90 0.4882
30137 17 78 0.3937
30137 17 81 0.3937
30137 17 84 0.4724
30155 17 90 0.4882
30172 17 78 0.3937
30172 17 81 0.3937
30172 17 84 0.4724
30189 17 90 0.4882
30206 22 78 0.4331
30206 22 81 0.5197
30229 22 90 0.4803
30252 22 78 0.4331
30252 22 81 0.4331
30252 22 84 0.5197
30275 22 90 0.4803
30298 22 78 0.4409
30298 22 81 0.4409
30298 22 84 0.5276
30321 22 90 0.4882
30344 22 78 0.4488
30344 22 81 0.5354
30367 22 90 0.4961
30390 22 78 0.4567
30390 22 81 0.4567
30390 22 86 0.5433
30413 22 90 0.4961
30436 22 78 0.4567
30436 22 81 0.4567
30436 22 86 0.5433
30459 22 90 0.4961
30482 22 78 0.4646
30482 22 81 0.5512
30505 22 90 0.5039
30528 22 78 0.4724
30528 22 81 0.4724
30528 22 87 0.5591
30551 22 90 0.5039
30574 22 78 0.4803
30574 22 81 0.4803
30574 22 87 0.5669
30597 22 90 0.5118
30620 22 79 0.4882
30620 22 83 0.5669
30666 22 79 0.4961
30666 22 83 0.4961
30689 45 91 0.5276
30712 22 79 0.4961
30712 22 83 0.4961
30735 22 91 0.5354
30758 17 86 0.4882
30758 22 79 0.4882
30758 22 77 0.4882
30804 22 79 0.4882
30804 22 77 0.4961
30804 22 86 0.4961
30827 45 89 0.5276
30850 22 79 0.4961
30850 22 77 0.4961
30850 22 86 0.4961
30873 22 89 0.5354
30896 22 75 0.4882
30896 22 79 0.4882
30942 22 75 0.4961
30942 22 79 0.4961
30965 45 87 0.5276
30988 22 75 0.4961
30988 22 79 0.4961
31011 22 87 0.5354
31034 22 72 0.4882
31034 22 75 0.4882
31080 22 72 0.4961
31080 22 75 0.4961
31103 45 84 0.5276
31126 22 72 0.4961
31126 22 75 0.4961
31149 22 84 0.5354
31172 22 75 0.4882
31172 22 79 0.4882
31218 22 75 0.4961
31218 22 79 0.4961
31241 45 87 0.5276
31264 22 75 0.4961
31264 22 79 0.4961
31287 22 87 0.5354
31310 22 72 0.4882
31310 22 75 0.4882
31356 22 72 0.4961
31356 22 75 0.4961
31379 45 84 0.5276
31402 22 72 0.4961
31402 22 75 0.4961
31425 22 84 0.5354
31448 22 77 0.4882
31448 22 81 0.5669
31494 22 77 0.4961
31494 22 81 0.4961
31517 45 89 0.5276
31540 22 77 0.4961
31540 22 81 0.4961
31563 22 89 0.5354
31586 22 84 0.4882
31586 22 75 0.4882
31632 22 75 0.4961
31632 22 84 0.4961
31655 45 87 0.5276
31678 22 75 0.4961
31678 22 84 0.4961
31701 22 87 0.5354
31724 22 74 0.4882
31724 22 77 0.4882
31770 22 74 0.4961
31770 22 77 0.4961
31793 45 86 0.5276
31816 22 74 0.4961
31816 22 77 0.4961
31839 22 86 0.5354
31862 22 70 0.4882
31862 22 74 0.4882
31908 22 70 0.4961
31908 22 74 0.4961
31931 45 82 0.5276
31954 22 70 0.4961
31954 22 74 0.4961
31977 22 82 0.5354
31999 22 74 0.4882
31999 22 77 0.4882
32045 22 74 0.4961
32045 22 77 0.4961
32068 45 86 0.5276
32091 22 74 0.4961
32091 22 77 0.4961
32114 22 86 0.5354
32137 22 70 0.4882
32137 22 74 0.4882
32183 22 70 0.4961
32183 22 74 0.4961
32206 45 82 0.5276
32229 22 70 0.4961
32229 22 74 0.4961
32252 22 82 0.5354
32275 22 75 0.4882
32275 22 79 0.5669
32321 22 75 0.4961
32321 22 79 0.4961
32344 45 87 0.5276
32367 22 75 0.4961
32367 22 79 0.4961
32390 22 87 0.5354
32413 22 82 0.4882
32413 22 74 0.4882
32459 22 74 0.4961
32459 22 82 0.4961
32482 45 86 0.5276
32505 22 74 0.4961
32505 22 82 0.4961
32528 22 86 0.5354
32551 22 72 0.4882
32551 22 75 0.4882
32597 22 72 0.4961
32597 22 75 0.4961
32620 45 84 0.5276
32643 22 72 0.4961
32643 22 75 0.4961
32666 22 84 0.5354
32689 22 69 0.4882
32689 22 72 0.4882
32735 22 69 0.4961
32735 22 72 0.4961
32758 45 81 0.5276
32781 22 69 0.4961
32781 22 72 0.4961
32804 22 81 0.5354
32827 22 72 0.4882
32827 22 75 0.4882
32873 22 72 0.4961
32873 22 75 0.4961
32896 45 84 0.5276
32919 22 72 0.4961
32919 22 75 0.4961
32942 22 84 0.5354
32965 22 69 0.4882
32965 22 72 0.4882
33011 22 69 0.4961
33011 22 72 0.4961
33034 45 81 0.5276
33057 22 69 0.4961
33057 22 72 0.4961
33080 22 81 0.5354
33103 22 74 0.4882
33103 22 78 0.5669
33149 22 74 0.4961
33149 22 78 0.4961
33172 45 86 0.5276
33195 22 74 0.4961
33195 22 78 0.4961
33218 22 86 0.5354
33241 22 81 0.4882
33241 22 72 0.4882
33287 22 72 0.4961
33287 22 81 0.4961
33310 45 84 0.5276
33333 22 72 0.4961
33333 22 81 0.4961
33356 22 84 0.5354
33379 22 70 0.4882
33379 22 79 0.4882
33425 22 70 0.4961
33425 22 79 0.4961
33448 45 82 0.5276
33471 22 70 0.4961
33471 22 79 0.4961
33494 22 82 0.5354
33517 22 74 0.4882
33517 22 81 0.4882
33563 22 74 0.4961
33563 22 81 0.4961
33586 45 86 0.5276
33609 22 74 0.4961
33609 22 81 0.4961
33632 22 86 0.5354
33655 22 74 0.4882
33655 22 79 0.4882
33701 22 74 0.4961
33701 22 79 0.4961
33724 45 86 0.5276
33747 22 74 0.4961
33747 22 79 0.4961
33770 22 86 0.5354
33793 22 73 0.4882
33793 22 79 0.4882
33839 22 73 0.4961
33839 22 79 0.4961
33862 45 85 0.5276
33885 22 73 0.4961
33885 22 79 0.4961
33908 22 85 0.5354
33931 22 74 0.4882
33931 22 78 0.5669
33954 22 86 0.5276
33977 22 74 0.4961
33999 22 86 0.5276
34022 22 74 0.4961
34045 22 86 0.5276
34068 22 74 0.4803
34091 22 86 0.4882
34114 22 74 0.4803
34137 17 86 0.5118
34160 22 74 0.4882
34183 22 86 0.5118
34206 22 74 0.5433
34206 22 82 0.5433
34229 22 86 0.4803
34252 22 74 0.4646
34275 22 86 0.4961
34298 22 74 0.4646
34321 22 86 0.4961
34367 22 86 0.4488
34390 22 74 0.4409
34413 22 86 0.4724
34436 22 74 0.4331
34459 22 86 0.4724
34505 22 84 0.4567
34528 22 72 0.4252
34551 22 84 0.4488
34574 22 72 0.4252
34597 22 84 0.4488
34643 22 82 0.4331
34666 22 70 0.4016
34689 22 82 0.4331
34712 22 70 0.4016
34735 22 82 0.4252
34781 22 81 0.4567
34804 22 69 0.4252
34827 22 81 0.4409
34850 22 69 0.4173
34873 22 81 0.4331
34919 22 79 0.4252
34942 22 67 0.3937
34965 22 79 0.4252
34988 22 67 0.3858
35011 22 79 0.4094
35057 22 78 0.4252
35080 22 66 0.4016
35103 22 78 0.4173
35126 22 66 0.4016
35149 22 78 0.4173
35195 22 75 0.4016
35218 22 63 0.3701
35241 22 75 0.4016
35264 22 63 0.3701
35287 22 75 0.3937
35333 22 74 0.4094
35356 22 62 0.378
35379 22 74 0.4016
35402 22 62 0.3701
35425 22 74 0.4016
35471 22 62 0.3858
35471 22 70 0.3858
35494 22 58 0.3543
35517 22 62 0.3701
35517 22 70 0.378
35540 22 58 0.3543
35563 22 62 0.3622
35563 22 70 0.3622
35609 22 62 0.3543
35609 22 69 0.3858
35632 22 57 0.3543
35655 22 62 0.3465
35655 22 69 0.3701
35678 22 57 0.3465
35701 22 62 0.3386
35701 22 69 0.3543
35747 22 62 0.2992
35747 22 67 0.3465
35770 22 55 0.315
35793 22 62 0.2992
35793 22 67 0.3465
35816 22 55 0.2992
35839 22 62 0.2913
35839 22 67 0.3307
35885 22 62 0.2835
35885 22 66 0.3465
35908 22 54 0.315
35931 22 62 0.2835
35931 22 66 0.3228
35954 22 54 0.3071
35977 22 62 0.2677
35977 22 66 0.3228
36022 22 54 0.2598
36022 22 57 0.2677
36022 22 63 0.3071
36045 22 51 0.2835
36068 22 54 0.2598
36068 22 57 0.2598
36068 22 63 0.2992
36091 22 51 0.2756
36114 22 54 0.2598
36114 22 57 0.2598
36114 22 63 0.2835
36160 22 55 0.2598
36160 22 58 0.2598
36160 22 62 0.2992
36183 22 50 0.2756
36206 22 55 0.252
36206 22 58 0.252
36206 22 62 0.2913
36229 22 50 0.2677
36252 22 55 0.252
36252 22 58 0.252
36252 22 62 0.2835
36298 22 60 0.2677
36298 22 54 0.2756
36298 22 62 0.2756
36321 22 50 0.252
36344 22 60 0.2126
36344 22 54 0.2205
36344 22 62 0.2677
36367 22 50 0.252
36390 22 60 0.2126
36390 22 54 0.2126
36390 22 62 0.2598
36419 132 50 0.315
36425 126 55 0.3386
36431 120 58 0.3465
36436 114 62 0.3622
36551 22 70 0.3543
36574 22 86 0.2913
36597 22 74 0.315
36620 22 86 0.2992
36643 22 79 0.3228
36666 22 86 0.3071
36689 22 82 0.3701
36712 22 86 0.3071
36735 22 79 0.3386
36758 22 86 0.3386
36781 22 74 0.3465
36804 22 86 0.3228
36827 22 75 0.3937
36850 22 91 0.3386
36873 22 79 0.3543
36896 22 91 0.3307
36919 22 87 0.3543
36942 22 91 0.3307
36965 22 74 0.3937
36988 22 90 0.3307
37011 22 78 0.3543
37034 22 90 0.3307
37057 22 86 0.3543
37080 22 90 0.3307
37103 22 72 0.3937
37126 22 87 0.3307
37149 22 75 0.3543
37172 22 87 0.3386
37195 22 79 0.3543
37218 22 87 0.3228
37241 22 70 0.3937
37264 22 86 0.3307
37287 22 74 0.3543
37310 22 86 0.3386
37333 22 79 0.3543
37356 22 86 0.3228
37379 22 82 0.3937
37402 22 86 0.3307
37425 22 79 0.3543
37448 22 86 0.3307
37471 22 74 0.3543
37494 22 86 0.3307
37517 22 70 0.3937
37540 22 86 0.3307
37563 22 74 0.3543
37586 22 86 0.3543
37609 22 79 0.3543
37632 22 86 0.3307
37655 22 69 0.3937
37678 22 86 0.3386
37701 22 74 0.3543
37724 22 86 0.3307
37747 22 77 0.3543
37770 22 86 0.3307
37793 22 67 0.3937
37816 22 84 0.3307
37839 22 72 0.3543
37862 22 84 0.3307
37885 22 75 0.3543
37908 22 84 0.3307
37931 22 65 0.3937
37954 22 82 0.3307
37977 22 70 0.3543
37999 22 82 0.3386
38022 22 74 0.3543
38045 22 82 0.3228
38068 22 63 0.3937
38091 22 81 0.3307
38114 22 69 0.3543
38137 22 81 0.3386
38160 22 72 0.3543
38183 22 81 0.3228
38206 22 75 0.3937
38229 22 81 0.3307
38252 22 72 0.3543
38275 22 81 0.3307
38298 22 69 0.3543
38321 22 81 0.3307
38344 22 63 0.3937
38367 22 81 0.3307
38390 22 69 0.3543
38413 22 81 0.3543
38436 22 72 0.3543
38459 22 81 0.3307
38482 22 69 0.4646
38505 22 84 0.3386
38528 22 72 0.3937
38551 22 84 0.3307
38574 22 75 0.3701
38597 22 84 0.3307
38620 22 63 0.3937
38643 22 81 0.3307
38666 22 69 0.3543
38689 22 81 0.3307
38712 22 72 0.3543
38735 22 81 0.3307
38758 22 64 0.3937
38781 22 79 0.3307
38804 22 70 0.3543
38827 22 79 0.3386
38850 22 76 0.3543
38873 22 79 0.3228
38896 22 67 0.4567
38919 22 82 0.3622
38942 22 70 0.3937
38965 22 82 0.3386
38988 22 74 0.3543
39011 22 82 0.3228
39034 22 79 0.3937
39057 22 82 0.3307
39080 22 74 0.3543
39103 22 82 0.3307
39126 22 70 0.3543
39149 22 82 0.3307
39172 22 66 0.3937
39195 22 81 0.3307
39218 22 69 0.3543
39241 22 81 0.3543
39264 22 74 0.3543
39287 22 81 0.3307
39310 22 66 0.3937
39333 22 81 0.3386
39356 22 69 0.3543
39379 22 81 0.3307
39402 22 75 0.3543
39425 22 81 0.3307
39448 22 67 0.3937
39471 22 79 0.3307
39494 22 70 0.3543
39517 22 79 0.3307
39540 22 74 0.3543
39563 22 79 0.3307
39586 22 66 0.3937
39609 22 78 0.3307
39632 22 69 0.3543
39655 22 78 0.3386
39678 22 74 0.3543
39701 22 78 0.3228
39747 22 77 0.3622
39770 22 68 0.3937
39793 22 77 0.3386
39816 22 71 0.3543
39839 22 77 0.3228
39862 22 74 0.3937
39885 22 77 0.3307
39908 22 71 0.3543
39931 22 77 0.3307
39954 22 68 0.3543
39977 22 77 0.3307
40022 22 76 0.3307
40045 22 67 0.3543
40068 22 76 0.3543
40091 22 72 0.3543
40114 22 76 0.3307
40160 22 75 0.3386
40183 22 67 0.3543
40206 22 75 0.3307
40229 22 72 0.3543
40252 22 75 0.3307
40298 22 74 0.3307
40321 22 67 0.3543
40344 22 74 0.3307
40367 22 71 0.3543
40390 22 74 0.3307
40436 22 75 0.3307
40459 22 67 0.3543
40482 22 75 0.3386
40505 22 72 0.3543
40528 22 75 0.3228
40574 22 75 0.3622
40597 22 67 0.3937
40620 22 75 0.3386
40643 22 68 0.3543
40666 22 75 0.3228
40689 22 72 0.3937
40712 22 75 0.3307
40735 22 67 0.3543
40758 22 75 0.3307
40781 22 68 0.3543
40804 22 75 0.3307
40850 22 75 0.3307
40873 22 68 0.3543
40896 22 75 0.3543
40919 22 69 0.3543
40942 22 75 0.3307
40965 22 72 0.3307
40988 22 75 0.3386
41011 22 68 0.3543
41034 22 75 0.3307
41057 22 69 0.3543
41080 22 75 0.3307
41126 22 74 0.3307
41149 22 69 0.3543
41172 22 74 0.3307
41195 22 70 0.3543
41218 22 74 0.3307
41241 22 71 0.3307
41264 22 74 0.3307
41287 22 67 0.3543
41310 22 74 0.3386
41333 22 68 0.3543
41356 22 74 0.3228
41402 22 74 0.3307
41425 22 67 0.3543
41448 22 74 0.3307
41471 22 69 0.3543
41494 22 74 0.3307
41517 22 70 0.3307
41540 22 73 0.3307
41563 22 66 0.3543
41586 22 73 0.3386
41609 22 67 0.3543
41632 22 73 0.3228
41678 22 74 0.3071
41701 22 66 0.3307
41724 22 74 0.3071
41747 22 67 0.3228
41770 22 74 0.2992
41816 22 70 0.2913
41839 22 61 0.315
41862 22 70 0.2992
41885 22 62 0.3071
41908 22 70 0.2835
41954 22 72 0.2835
41977 22 63 0.2992
41999 22 72 0.2835
42022 22 62 0.2913
42045 22 72 0.2756
42091 22 69 0.2756
42114 22 63 0.2835
42137 22 69 0.2756
42160 22 62 0.2835
42183 22 69 0.2598
42229 22 67 0.2362
42229 22 70 0.2835
42252 22 61 0.2992
42275 22 67 0.2283
42275 22 70 0.2835
42298 22 62 0.2913
42321 22 67 0.2283
42321 22 70 0.2835
42367 22 70 0.2362
42367 22 74 0.2835
42390 22 66 0.3386
42413 22 70 0.2205
42413 22 74 0.2835
42436 22 67 0.3386
42459 22 70 0.2441
42459 22 74 0.2835
42505 22 67 0.2677
42505 22 70 0.3071
42528 22 61 0.3307
42551 22 67 0.2598
42551 22 70 0.315
42574 22 62 0.3307
42597 22 67 0.2598
42597 22 70 0.3071
42643 22 70 0.2677
42643 22 74 0.3228
42666 22 66 0.3701
42689 22 70 0.252
42689 22 74 0.3228
42712 22 67 0.3858
42735 22 70 0.2677
42735 22 74 0.315
42781 22 71 0.2835
42781 22 74 0.3386
42804 22 66 0.3701
42827 22 71 0.2835
42827 22 74 0.3543
42850 22 67 0.3622
42873 22 71 0.2913
42873 22 74 0.3465
42919 22 74 0.2913
42919 22 77 0.3543
42942 22 68 0.3937
42965 22 74 0.2835
42965 22 77 0.3543
42988 22 67 0.4016
43011 22 74 0.2913
43011 22 77 0.3543
43057 22 75 0.3228
43057 22 79 0.3858
43080 22 71 0.4094
43103 22 75 0.315
43103 22 79 0.3858
43126 22 72 0.3937
43149 22 75 0.3071
43149 22 79 0.3622
43195 22 72 0.3071
43195 22 75 0.3622
43218 22 66 0.4016
43241 22 72 0.2835
43241 22 75 0.3543
43264 22 67 0.4016
43287 22 72 0.2913
43287 22 75 0.3543
43333 22 70 0.2913
43333 22 74 0.3543
43356 22 66 0.378
43379 22 70 0.2835
43379 22 74 0.3465
43402 22 67 0.3543
43425 22 70 0.2835
43425 22 74 0.3307
43471 22 67 0.2677
43471 22 70 0.3228
43494 22 61 0.3622
43517 22 67 0.252
43517 22 70 0.3228
43540 22 62 0.3543
43563 22 67 0.252
43563 22 70 0.2992
43609 22 69 0.2677
43609 22 72 0.315
43632 22 63 0.3307
43655 22 69 0.252
43655 22 72 0.3071
43678 22 62 0.315
43701 22 69 0.2362
43701 22 72 0.2835
43747 22 66 0.2362
43747 22 69 0.2835
43770 22 63 0.3307
43793 22 66 0.2126
43793 22 69 0.2835
43816 22 62 0.3228
43839 22 66 0.2205
43839 22 69 0.2677
43885 22 67 0.2362
43885 22 70 0.2835
43908 22 61 0.2992
43931 22 67 0.2283
43931 22 70 0.2835
43954 22 62 0.2913
43977 22 67 0.2283
43977 22 70 0.2835
44022 22 70 0.2362
44022 22 74 0.2835
44045 22 66 0.3386
44068 22 70 0.2205
44068 22 74 0.2835
44091 22 67 0.3386
44114 22 70 0.2441
44114 22 74 0.2835
44160 22 67 0.2677
44160 22 70 0.3071
44183 22 61 0.3307
44206 22 67 0.2598
44206 22 70 0.315
44229 22 62 0.3307
44252 22 67 0.2598
44252 22 70 0.3071
44298 22 70 0.2677
44298 22 74 0.3228
44321 22 66 0.3622
44344 22 70 0.252
44344 22 74 0.3228
44367 22 67 0.3701
44390 22 70 0.2677
44390 22 74 0.315
44436 22 71 0.2835
44436 22 74 0.3386
44459 22 66 0.3701
44482 22 71 0.2835
44482 22 74 0.3543
44505 22 67 0.3622
44528 22 71 0.2913
44528 22 74 0.3465
44574 22 74 0.2913
44574 22 77 0.3543
44597 22 68 0.3937
44620 22 74 0.2835
44620 22 77 0.3543
44643 22 67 0.4094
44666 22 74 0.2913
44666 22 77 0.3543
44712 22 75 0.3228
44712 22 79 0.3858
44735 22 71 0.4094
44758 22 75 0.315
44758 22 79 0.3858
44781 22 72 0.3937
44804 22 75 0.3071
44804 22 79 0.3622
44850 22 72 0.3071
44850 22 75 0.3622
44873 22 66 0.4094
44896 22 72 0.2835
44896 22 75 0.3543
44919 22 67 0.3937
44942 22 72 0.2913
44942 22 75 0.3543
44988 22 70 0.2913
44988 22 74 0.3543
45011 22 66 0.378
45034 22 70 0.2835
45034 22 74 0.3465
45057 22 67 0.3543
45080 22 70 0.2835
45080 22 74 0.3307
45126 22 67 0.2677
45126 22 70 0.3228
45149 22 61 0.3701
45172 22 67 0.252
45172 22 70 0.3228
45195 22 62 0.3701
45218 22 67 0.252
45218 22 70 0.2992
45264 22 69 0.2677
45264 22 72 0.315
45287 22 63 0.3307
45310 22 69 0.252
45310 22 72 0.3071
45333 22 62 0.315
45356 22 69 0.2362
45356 22 72 0.2835
45402 22 66 0.2362
45402 22 69 0.2835
45425 22 63 0.3307
45448 22 66 0.2126
45448 22 69 0.2835
45471 22 62 0.3228
45494 22 66 0.2205
45494 22 69 0.2677
47999 22 59 0.4961
47999 22 67 0.4961
48022 22 71 0.4016
48045 22 59 0.4252
48045 22 67 0.4252
48068 22 71 0.3858
48091 22 59 0.4252
48091 22 67 0.4252
48114 22 71 0.3937
48137 22 59 0.4882
48160 22 71 0.3937
48183 22 59 0.4252
48183 22 67 0.4252
48206 22 71 0.3937
48229 22 59 0.4252
48229 22 67 0.4252
48252 22 71 0.3937
48275 22 59 0.4961
48275 22 67 0.4961
48298 22 71 0.3937
48321 22 59 0.4252
48321 22 67 0.4252
48344 22 71 0.4094
48367 22 59 0.4331
48367 22 67 0.4331
48390 22 71 0.4016
48413 22 59 0.5039
48413 22 67 0.5039
48436 22 71 0.4094
48459 22 59 0.4409
48459 22 67 0.4409
48482 22 71 0.4016
48505 22 59 0.4409
48505 22 67 0.4409
48528 22 71 0.4173
48551 22 59 0.5118
48551 22 67 0.5118
48574 22 71 0.4173
48597 22 59 0.4409
48597 22 67 0.4409
48620 22 71 0.4094
48643 22 59 0.4488
48643 22 67 0.4488
48666 22 71 0.4173
48689 22 67 0.5039
48712 22 71 0.4173
48735 22 59 0.4488
48735 22 67 0.4488
48758 22 71 0.4252
48781 22 59 0.4488
48781 22 67 0.4488
48804 22 71 0.4252
48850 22 59 0.4252
48873 22 55 0.4646
48896 22 59 0.4252
48919 22 55 0.4646
48942 22 59 0.4252
48965 22 55 0.5197
48988 22 59 0.4331
49011 22 55 0.4646
49034 22 59 0.4331
49057 22 55 0.4724
49080 22 59 0.4252
49103 22 55 0.5354
49126 22 59 0.4331
49149 22 55 0.4724
49172 22 59 0.4252
49195 22 55 0.4724
49218 22 59 0.4331
49241 22 55 0.5512
49264 22 59 0.4331
49287 22 55 0.4803
49310 22 59 0.4409
49333 22 55 0.4882
49356 22 59 0.4409
49379 22 55 0.5512
49402 22 59 0.4409
49425 22 55 0.4882
49448 22 59 0.4409
49471 22 55 0.4882
49494 22 59 0.4488
49517 22 55 0.5669
49540 22 59 0.4567
49563 22 55 0.4961
49586 22 59 0.4488
49609 22 55 0.4961
49632 22 59 0.4646
0 137 31 0.6299
137 17 34 0.4331
155 17 38 0.4567
172 17 43 0.4803
189 17 46 0.4961
206 17 50 0.5197
224 17 55 0.5354
241 17 58 0.5354
258 17 62 0.5591
275 155 67 0.6063
431 17 66 0.4724
448 17 63 0.4803
465 17 62 0.4882
482 17 60 0.4882
499 17 58 0.4961
517 17 57 0.4961
534 17 55 0.4961
551 17 54 0.5039
568 17 51 0.4961
586 17 50 0.4961
603 17 48 0.5039
620 17 46 0.5039
637 17 45 0.5118
655 17 43 0.5197
672 17 42 0.5276
689 17 39 0.5354
706 17 38 0.5433
724 17 36 0.5512
741 17 34 0.5512
758 17 33 0.5591
775 212 31 0.5827
988 22 34 0.4252
1011 22 38 0.4331
1034 22 43 0.4409
1057 22 46 0.4567
1080 22 50 0.4646
1103 22 55 0.4724
1126 22 58 0.4882
1149 22 62 0.4961
1172 22 67 0.5039
1195 22 70 0.5118
1218 22 74 0.5276
1241 155 79 0.5906
1396 17 78 0.3937
1413 17 75 0.4016
1431 17 74 0.4016
1448 17 72 0.4094
1465 17 70 0.4094
1482 17 69 0.4173
1499 17 67 0.4252
1517 17 66 0.4252
1534 17 63 0.4252
1551 17 62 0.4252
1568 17 60 0.4331
1586 17 58 0.4409
1603 17 57 0.4409
1620 17 55 0.4488
1637 17 54 0.4488
1655 17 51 0.4567
1672 17 50 0.4567
1689 17 48 0.4646
1706 17 46 0.4724
1724 17 45 0.4724
1741 17 43 0.4803
1758 17 42 0.4803
1775 17 39 0.4882
1793 17 38 0.4961
1810 17 36 0.4961
1827 17 34 0.4961
1844 17 33 0.4961
1862 17 38 0.5039
1879 17 36 0.5039
1896 189 31 0.5748
1896 189 34 0.5748
2086 17 38 0.4252
2103 17 43 0.4331
2120 17 46 0.4409
2137 17 50 0.4567
2155 17 55 0.4646
2172 17 58 0.4724
2189 17 62 0.4882
2206 17 67 0.4961
2224 17 70 0.5039
2241 17 74 0.5118
2258 17 79 0.5039
2275 17 82 0.5197
2293 17 86 0.5354
2310 189 91 0.5906
2499 17 87 0.3937
2517 17 86 0.3937
2534 17 84 0.3937
2551 17 82 0.4016
2568 17 81 0.4016
2586 17 79 0.4094
2603 17 78 0.4094
2620 17 75 0.4173
2637 17 74 0.4252
2655 17 72 0.4252
2672 17 70 0.4252
2689 17 69 0.4252
2706 17 67 0.4331
2724 17 66 0.4409
2741 17 63 0.4409
2758 17 62 0.4488
2775 17 60 0.4488
2793 17 58 0.4567
2810 17 57 0.4567
2827 17 55 0.4646
2844 17 54 0.4724
2862 17 51 0.4724
2879 17 50 0.4803
2896 17 48 0.4803
2913 17 46 0.4882
2931 17 45 0.4803
2948 17 43 0.4882
2965 17 42 0.4961
2982 17 39 0.4961
2999 17 38 0.5118
3017 17 36 0.5197
3034 155 31 0.5748
3034 155 34 0.5748
3189 17 35 0.3386
3206 17 36 0.3465
3224 17 37 0.3465
3241 17 38 0.3543
3258 17 39 0.3543
3275 17 40 0.3622
3293 17 41 0.3622
3310 17 42 0.3701
3327 17 43 0.378
3344 17 44 0.3858
3362 17 45 0.3858
3379 17 46 0.3937
3396 17 47 0.4016
3413 17 48 0.4094
3431 17 49 0.4094
3448 17 50 0.4173
3465 17 51 0.4252
3482 17 52 0.4252
3499 17 53 0.4252
3517 17 54 0.4331
3534 17 55 0.4409
3551 17 56 0.4488
3568 17 57 0.4488
3586 17 58 0.4173
3603 17 57 0.4173
3620 17 56 0.4094
3637 17 55 0.4016
3655 17 54 0.4016
3672 17 53 0.3937
3689 17 52 0.3858
3706 17 51 0.3858
3724 17 50 0.3622
3741 17 49 0.3701
3758 17 48 0.378
3775 17 47 0.3937
3793 17 46 0.4016
3810 17 45 0.4173
3827 17 44 0.4252
3844 17 43 0.4331
3862 17 42 0.4646
3879 17 41 0.4724
3896 17 40 0.4882
3913 17 39 0.4961
3931 17 38 0.5039
3948 17 37 0.5197
3965 17 36 0.5276
3982 17 35 0.5433
3999 34 31 0.622
3999 34 34 0.622
4137 34 67 0.5984
4137 34 62 0.4961
4137 34 58 0.4961
4137 34 55 0.4252
4965 413 62 0.3937
5379 137 67 0.4409
5517 137 66 0.4252
5655 137 63 0.4252
5793 413 62 0.3937
6206 137 62 0.4409
6344 137 60 0.4252
6482 137 58 0.4252
6620 413 57 0.3937
7034 137 60 0.5669
7172 137 57 0.5276
7310 137 55 0.4803
7448 275 58 0.4724
7724 137 57 0.378
7862 137 57 0.4409
7999 137 55 0.4252
8137 137 54 0.4252
8275 413 62 0.3937
8689 137 62 0.5354
8827 137 63 0.5669
8965 137 60 0.5197
8965 137 63 0.5197
9103 413 60 0.4803
9103 413 63 0.4803
9517 137 60 0.4409
9517 137 63 0.4409
9655 137 62 0.4252
9793 137 62 0.4252
9931 413 60 0.3937
10344 137 61 0.5669
10482 137 60 0.5276
10620 137 58 0.4803
10758 137 60 0.4803
10896 137 65 0.5039
11034 137 65 0.4961
11172 137 60 0.5197
11310 137 62 0.5276
11448 137 65 0.5276
11586 137 65 0.5433
11724 137 66 0.5827
11862 137 67 0.5669
11999 137 67 0.5906
12689 275 65 0.5512
12965 275 65 0.4961
13241 402 46 0.3937
13241 402 58 0.3937
13643 137 46 0.3543
13649 132 53 0.3386
13655 126 62 0.4016
13781 137 46 0.3701
13793 126 63 0.4409
13919 137 46 0.3937
13931 126 63 0.4803
14057 275 45 0.4252
14068 264 63 0.4961
14333 137 46 0.4016
14344 126 62 0.4803
14471 137 46 0.3465
14477 132 53 0.3465
14482 126 62 0.378
14609 137 46 0.3622
14620 126 63 0.4331
14747 137 46 0.4252
14758 126 63 0.4882
14885 275 45 0.4252
14896 264 63 0.4961
15160 149 46 0.4016
15172 137 62 0.4803
15310 137 56 0.4094
15310 137 58 0.4803
15448 137 58 0.4803
15586 137 58 0.3937
15586 137 60 0.4961
15724 137 60 0.4961
15999 137 62 0.5197
16275 137 65 0.5433
16551 137 70 0.5669
16827 137 70 0.4803
16827 137 72 0.5984
17103 137 79 0.6142
17379 137 77 0.5984
17655 137 70 0.5512
18068 137 57 0.4803
18206 137 58 0.4724
18344 137 57 0.4567
18482 137 56 0.4488
18620 137 55 0.4331
18758 137 54 0.4252
18896 137 53 0.4173
19034 275 53 0.4173
19310 275 53 0.3937
19586 275 54 0.3937
19862 275 31 0.3937
19862 275 35 0.3937
19862 275 38 0.3937
19862 275 43 0.4724
21103 137 27 0.4331
21103 137 39 0.5197
21241 137 29 0.4409
21241 137 41 0.5276
21379 68 30 0.4488
21379 68 42 0.5433
21482 8 31 0.4567
21491 8 35 0.4882
21499 8 38 0.5197
21508 8 43 0.5512
21517 413 71 0.6299
21517 413 74 0.6299
21931 34 53 0.5827
22068 34 51 0.5906
22206 34 44 0.5984
22344 34 43 0.6063
22482 34 41 0.6063
22620 34 39 0.622
22758 34 38 0.6299
22896 137 36 0.6378
23034 45 34 0.6378
23172 68 33 0.622
23172 68 40 0.622
23172 68 45 0.622
24413 137 29 0.4331
24413 137 41 0.5197
24551 137 31 0.4409
24551 137 43 0.5276
24689 68 32 0.4488
24689 68 44 0.5433
24793 8 33 0.4567
24801 8 37 0.4882
24810 8 40 0.5197
24818 8 45 0.5512
24827 413 73 0.6299
24827 413 76 0.6299
25241 34 55 0.5827
25379 34 53 0.5906
25517 34 46 0.5984
25655 34 45 0.6063
25793 34 43 0.6142
25931 34 41 0.6299
26068 34 40 0.6378
26206 45 38 0.6457
26344 45 37 0.6614
26465 8 36 0.622
26474 8 48 0.622
26482 275 60 0.7244
26741 8 35 0.622
26749 8 47 0.622
26758 137 59 0.7244
26896 137 60 0.5906
26896 137 72 0.5906
27034 137 59 0.622
27034 137 71 0.622
27172 137 57 0.6457
27172 137 69 0.6457
27310 137 64 0.6457
27448 137 63 0.6614
27586 137 62 0.6535
27724 137 61 0.6457
27862 137 60 0.6378
27999 120 59 0.6378
28120 8 37 0.622
28129 8 49 0.622
28137 275 61 0.7244
28396 8 36 0.622
28405 8 48 0.622
28413 137 60 0.7244
28551 137 61 0.5906
28551 137 73 0.5906
28689 137 60 0.622
28689 137 72 0.622
28827 137 58 0.6457
28827 137 70 0.6457
28965 137 65 0.6457
29103 137 64 0.6614
29241 137 63 0.6535
29379 137 62 0.6457
29517 137 61 0.6378
29655 137 60 0.6378
29775 8 39 0.622
29784 8 51 0.622
29793 275 63 0.7244
30051 8 38 0.622
30060 8 50 0.622
30068 137 62 0.7244
30206 137 63 0.5906
30206 137 75 0.5906
30344 137 62 0.622
30344 137 74 0.622
30482 137 60 0.6457
30482 137 72 0.6457
30620 137 59 0.5906
30620 137 67 0.6457
30758 137 65 0.6614
30896 137 63 0.6535
31034 137 60 0.6457
31172 137 63 0.6378
31310 137 60 0.6378
31448 137 57 0.5906
31448 137 65 0.6457
31586 137 63 0.6614
31724 137 62 0.6535
31862 137 58 0.6457
31999 137 62 0.6378
32137 137 58 0.6378
32275 137 55 0.5906
32275 137 63 0.6457
32413 137 62 0.6614
32551 137 60 0.6535
32689 137 57 0.6457
32827 137 60 0.6378
32965 137 57 0.6378
33103 137 54 0.5906
33103 137 62 0.6457
33241 137 60 0.6614
33379 137 58 0.6535
33517 137 62 0.6457
33655 137 62 0.6378
33793 137 61 0.6378
33931 137 38 0.622
33931 137 45 0.622
33931 137 50 0.622
34068 120 50 0.5591
34068 120 62 0.5591
34189 137 55 0.4803
34198 129 62 0.5354
34206 120 70 0.5669
34327 137 58 0.4882
34336 129 67 0.5276
34344 45 74 0.5748
34465 137 57 0.378
34471 132 62 0.4252
34477 126 66 0.4803
34482 45 72 0.5197
34603 137 55 0.4331
34612 129 62 0.4882
34620 45 70 0.5354
34741 137 54 0.4409
34749 129 62 0.4724
34758 45 69 0.5197
34879 137 51 0.4252
34887 129 62 0.4646
34896 45 67 0.5118
35017 137 50 0.4252
35025 129 57 0.4488
35034 45 66 0.4961
35155 137 48 0.3307
35160 132 54 0.3622
35166 126 57 0.4016
35172 45 63 0.4882
35293 137 46 0.378
35301 129 55 0.4173
35310 45 62 0.4567
35431 137 43 0.3937
35439 129 50 0.4094
35448 45 58 0.4646
35568 137 42 0.3701
35577 129 50 0.3937
35586 45 57 0.4331
35706 137 39 0.3465
35715 129 50 0.378
35724 45 55 0.4252
35844 137 38 0.3386
35853 129 45 0.3543
35862 45 54 0.3937
35982 137 36 0.252
35988 132 42 0.2835
35994 126 45 0.3071
35999 45 51 0.3701
36120 137 34 0.2441
36129 129 43 0.2677
36137 45 50 0.3465
36258 137 33 0.2205
36264 132 38 0.2441
36270 126 42 0.2835
36275 120 48 0.3386
36396 155 31 0.2677
36405 146 38 0.2913
36413 137 46 0.3465
36818 146 55 0.315
36827 137 67 0.4252
36956 146 55 0.3228
36965 137 66 0.4567
37094 146 55 0.3386
37103 137 63 0.4646
37241 413 62 0.4173
37241 137 55 0.3543
37655 137 65 0.4252
37793 137 63 0.4488
37931 137 62 0.4488
38068 413 60 0.4173
38482 137 48 0.3858
38482 137 63 0.4646
38620 137 48 0.378
38620 137 60 0.4488
38758 137 49 0.378
38758 137 58 0.4488
38896 275 50 0.378
38896 275 58 0.378
38896 413 62 0.4488
39172 137 50 0.378
39172 137 57 0.378
39310 137 60 0.3543
39310 137 63 0.4252
39448 137 58 0.378
39448 137 62 0.4488
39586 137 57 0.315
39586 137 60 0.315
39586 137 62 0.4488
39724 275 56 0.378
39724 275 59 0.378
39724 275 62 0.4488
39999 137 55 0.378
40137 137 67 0.4567
40275 137 65 0.4252
40413 137 55 0.378
40413 137 60 0.4252
40551 275 54 0.378
40551 413 60 0.4488
40827 137 53 0.378
40965 137 54 0.378
40965 137 60 0.4252
41103 137 55 0.3543
41103 137 58 0.4016
41241 137 53 0.3543
41241 137 56 0.4016
41379 137 52 0.3543
41379 137 55 0.4016
41517 137 51 0.315
41517 137 55 0.3543
41655 275 50 0.3386
41655 137 58 0.378
41793 137 55 0.3622
41931 275 50 0.3071
41931 137 57 0.3543
42068 137 54 0.3307
42206 137 31 0.2835
42206 137 43 0.3465
42344 137 50 0.2677
42344 137 55 0.2677
42344 137 58 0.315
42482 137 31 0.315
42482 137 43 0.3701
42620 137 50 0.2992
42620 137 55 0.2992
42620 137 58 0.3543
42758 137 31 0.3465
42758 137 43 0.4173
42896 137 55 0.3307
42896 137 53 0.3307
42896 137 59 0.3307
42896 137 62 0.3937
43034 137 31 0.3937
43034 137 43 0.4724
43172 137 51 0.3543
43172 137 55 0.3543
43172 137 60 0.4173
43310 137 38 0.4331
43448 137 50 0.3071
43448 137 55 0.3622
43586 137 50 0.2835
43586 137 57 0.3701
43724 137 50 0.2677
43724 137 54 0.3228
43862 137 31 0.2835
43862 137 43 0.3465
43999 137 50 0.2677
43999 137 55 0.2677
43999 137 58 0.315
44137 137 31 0.315
44137 137 43 0.3701
44275 137 50 0.2992
44275 137 55 0.2992
44275 137 58 0.3543
44413 137 31 0.3465
44413 137 43 0.4173
44551 137 55 0.3307
44551 137 53 0.3307
44551 137 59 0.3307
44551 137 62 0.3937
44689 137 31 0.3937
44689 137 43 0.4724
44827 137 51 0.3543
44827 137 55 0.3543
44827 137 60 0.4173
44965 137 38 0.4331
45103 137 50 0.3071
45103 137 55 0.3622
45241 137 50 0.2835
45241 137 57 0.3701
45379 137 50 0.2677
45379 137 54 0.3228
45517 137 62 0.4016
45517 137 67 0.4016
45655 137 62 0.4409
45655 137 65 0.4409
45793 137 64 0.4882
45931 137 63 0.4567
46068 275 66 0.4567
46344 137 62 0.4016
46344 137 67 0.4016
46482 137 62 0.4409
46482 137 65 0.4409
46620 137 64 0.4882
46758 137 63 0.4567
47172 137 55 0.4016
47310 137 53 0.4409
47448 275 55 0.4882
47724 275 55 0.4961
47988 80 43 0.3465
47994 74 50 0.3543
47999 68 55 0.3858
48137 137 43 0.3307
48137 137 47 0.3307
48137 137 55 0.3937
48275 137 42 0.3386
48275 137 47 0.3386
48275 137 54 0.4016
48413 137 40 0.3465
48413 137 47 0.3465
48413 137 52 0.4094
48551 137 38 0.3543
48551 137 47 0.3543
48551 137 50 0.4173
48689 137 35 0.3543
48689 137 47 0.4252
48827 137 31 0.3543
48827 137 35 0.3543
48827 137 43 0.4173
48965 137 31 0.3543
48965 137 35 0.3543
48965 137 42 0.4252
49103 137 31 0.3701
49103 137 35 0.3701
49103 137 40 0.4409
49241 137 31 0.3858
49241 137 35 0.3858
49241 137 39 0.4567
49379 137 31 0.4016
49379 137 35 0.4016
49379 137 38 0.4803
49517 137 31 0.4173
49517 137 35 0.4961
49655 137 31 0.6299
49793 17 35 0.4331
49810 17 38 0.4567
49827 17 43 0.4803
49844 17 47 0.4961
49862 17 50 0.5197
49879 17 55 0.5354
49896 17 59 0.5354
49913 17 62 0.5591
49931 155 67 0.6063
50086 17 66 0.4724
50103 17 64 0.4803
50120 17 62 0.4882
50137 17 60 0.4882
50155 17 59 0.4961
50172 17 57 0.4961
50189 17 55 0.4961
50206 17 54 0.5039
50224 17 52 0.4961
50241 17 50 0.4961
50258 17 48 0.5039
50275 17 47 0.5039
50293 17 45 0.5118
50310 17 43 0.5197
50327 17 42 0.5276
50344 17 40 0.5354
50362 17 38 0.5433
50379 17 36 0.5512
50396 17 35 0.5512
50413 17 33 0.5591
50431 212 31 0.5827
50643 22 35 0.4252
50666 22 38 0.4331
50689 22 43 0.4409
50712 22 47 0.4567
50735 22 50 0.4646
50758 22 55 0.4724
50781 22 59 0.4882
50804 22 62 0.4961
50827 22 67 0.5039
50850 22 71 0.5118
50873 22 74 0.5276
50896 155 79 0.5906
51051 17 78 0.3937
51068 17 76 0.4016
51086 17 74 0.4016
51103 17 72 0.4094
51120 17 71 0.4094
51137 17 69 0.4173
51155 17 67 0.4252
51172 17 66 0.4252
51189 17 64 0.4252
51206 17 62 0.4252
51224 17 60 0.4331
51241 17 59 0.4409
51258 17 57 0.4409
51275 17 55 0.4488
51293 17 54 0.4488
51310 17 52 0.4567
51327 17 50 0.4567
51344 17 48 0.4646
51362 17 47 0.4724
51379 17 45 0.4724
51396 17 43 0.4803
51413 17 42 0.4803
51431 17 40 0.4882
51448 17 38 0.4961
51465 17 36 0.4961
51482 17 35 0.4961
51499 17 33 0.4961
51517 17 38 0.5039
51534 17 36 0.5039
51551 189 31 0.5748
51551 189 35 0.5748
51741 17 38 0.4252
51758 17 43 0.4331
51775 17 47 0.4409
51793 17 50 0.4567
51810 17 55 0.4646
51827 17 59 0.4724
51844 17 62 0.4882
51862 17 67 0.4961
51879 17 71 0.5039
51896 17 74 0.5118
51913 17 79 0.5039
51931 17 83 0.5197
51948 17 86 0.5354
51965 189 91 0.5906
52155 17 88 0.3937
52172 17 86 0.3937
52189 17 84 0.3937
52206 17 83 0.4016
52224 17 81 0.4016
52241 17 79 0.4094
52258 17 78 0.4094
52275 17 76 0.4173
52293 17 74 0.4252
52310 17 72 0.4252
52327 17 71 0.4252
52344 17 69 0.4252
52362 17 67 0.4331
52379 17 66 0.4409
52396 17 64 0.4409
52413 17 62 0.4488
52431 17 60 0.4488
52448 17 59 0.4567
52465 17 57 0.4567
52482 17 55 0.4646
52499 17 54 0.4724
52517 17 52 0.4724
52534 17 50 0.4803
52551 17 48 0.4803
52568 17 47 0.4882
52586 17 45 0.4803
52603 17 43 0.4882
52620 17 42 0.4961
52637 17 40 0.4961
52655 17 38 0.5118
52672 17 36 0.5197
52689 155 31 0.5748
52689 155 35 0.5748
52844 17 36 0.3386
52862 17 37 0.3465
52879 17 38 0.3465
52896 17 39 0.3543
52913 17 40 0.3543
52931 17 41 0.3622
52948 17 42 0.3622
52965 17 43 0.3701
52982 17 44 0.378
52999 17 45 0.3858
53017 17 46 0.3858
53034 17 47 0.3937
53051 17 48 0.4016
53068 17 49 0.4094
53086 17 50 0.4094
53103 17 51 0.4173
53120 17 52 0.4252
53137 17 53 0.4252
53155 17 54 0.4252
53172 17 55 0.4331
53189 17 56 0.4409
53206 17 57 0.4488
53224 17 58 0.4488
53241 17 59 0.4173
53258 17 58 0.4173
53275 17 57 0.4094
53293 17 56 0.4016
53310 17 55 0.4016
53327 17 54 0.3937
53344 17 53 0.3858
53362 17 52 0.3858
53379 17 51 0.3622
53396 17 50 0.3701
53413 17 49 0.378
53431 17 48 0.3937
53448 17 47 0.4016
53465 17 46 0.4173
53482 17 45 0.4252
53499 17 44 0.4331
53517 17 43 0.4646
53534 17 42 0.4724
53551 17 41 0.4882
53568 17 40 0.4961
53586 17 39 0.5039
53603 17 38 0.5197
53620 17 37 0.5276
53637 17 36 0.5433
53655 34 31 0.622
53655 34 35 0.622
53793 34 67 0.6378
53793 34 62 0.5276
53793 34 59 0.5276
53793 34 55 0.4409
4913 310 43 0.2913
4931 293 50 0.3307
4948 34 58 0.3701
4982 17 55 0.252
4999 17 58 0.315
5017 17 55 0.2441
5034 17 58 0.315
5051 17 55 0.2441
5068 17 58 0.315
5086 17 55 0.252
5103 17 58 0.3228
5120 17 55 0.2598
5137 17 58 0.3228
5155 17 55 0.2598
5172 17 58 0.3307
5189 17 55 0.2598
5206 17 58 0.3307
5224 17 55 0.2677
5241 17 58 0.3307
5258 17 55 0.2677
5275 17 58 0.3386
5293 17 55 0.2677
5310 17 58 0.3386
5327 17 55 0.2677
5344 17 58 0.3465
5362 17 55 0.2756
5379 17 63 0.378
5396 17 55 0.2835
5413 17 63 0.3465
5431 17 55 0.2598
5448 17 63 0.315
5465 17 55 0.3543
5482 17 63 0.2677
5499 17 55 0.315
5517 17 62 0.3701
5534 17 55 0.2677
5551 17 62 0.3386
5568 17 55 0.2756
5586 17 62 0.315
5603 17 55 0.2756
5620 17 62 0.3465
5637 17 55 0.315
5655 17 60 0.3701
5672 17 55 0.2598
5689 17 60 0.3386
5706 17 55 0.2677
5724 17 60 0.3307
5741 17 55 0.2598
5758 17 60 0.3307
5775 17 55 0.2677
5793 17 58 0.3465
5810 17 55 0.252
5827 17 58 0.315
5844 17 55 0.2441
5862 17 58 0.315
5879 17 55 0.2441
5896 17 58 0.315
5913 17 55 0.2441
5931 17 58 0.315
5948 17 55 0.2441
5965 17 58 0.3071
5982 17 55 0.2362
5999 17 58 0.2913
6017 17 55 0.2283
6034 17 58 0.2835
6051 17 55 0.2283
6068 17 58 0.252
6086 17 55 0.2205
6103 17 58 0.2835
6120 17 55 0.2283
6137 17 58 0.2913
6155 17 55 0.2362
6172 17 58 0.3071
6189 5 55 0.2441
6195 28 53 0.2756
6201 22 57 0.378
6224 17 53 0.2835
6241 17 57 0.3465
6258 17 53 0.2598
6275 17 57 0.315
6293 17 53 0.3543
6310 17 57 0.2677
6327 5 53 0.315
6333 28 51 0.3071
6339 22 55 0.3701
6362 17 51 0.2677
6379 17 55 0.3386
6396 17 51 0.2756
6413 17 55 0.315
6431 17 51 0.2756
6448 17 55 0.3465
6465 5 51 0.315
6471 28 50 0.3071
6477 22 53 0.3701
6499 17 50 0.2598
6517 17 53 0.3386
6534 17 50 0.2677
6551 17 53 0.3307
6568 17 50 0.2598
6586 17 53 0.3307
6603 5 50 0.2677
6609 28 48 0.252
6614 22 51 0.3465
6637 17 48 0.252
6655 17 51 0.315
6672 17 48 0.252
6689 17 51 0.3307
6706 17 48 0.2598
6724 17 51 0.3386
6741 17 48 0.2598
6758 17 51 0.3465
6775 17 48 0.2756
6793 17 51 0.3543
6810 17 48 0.2835
6827 17 51 0.3543
6844 17 48 0.2835
6862 17 51 0.3622
6879 17 48 0.2913
6896 17 51 0.378
6913 17 48 0.2992
6931 17 51 0.378
6948 17 48 0.3071
6965 17 51 0.3937
6982 17 48 0.315
6999 17 51 0.4016
7017 17 48 0.3228
7034 17 51 0.4488
7051 17 48 0.3071
7068 17 51 0.4016
7086 17 48 0.2835
7103 17 51 0.3465
7120 17 48 0.378
7137 17 51 0.2835
7155 5 48 0.3386
7160 28 49 0.3307
7166 22 52 0.4094
7189 17 49 0.2835
7206 17 52 0.3543
7224 17 49 0.2835
7241 17 52 0.3465
7258 17 49 0.2992
7275 17 52 0.3543
7293 17 49 0.3228
7310 17 52 0.4094
7327 17 49 0.2677
7344 17 52 0.3465
7362 17 49 0.2756
7379 17 52 0.3307
7396 17 49 0.2598
7413 17 52 0.3307
7431 5 49 0.2677
7436 28 50 0.3465
7442 22 55 0.3465
7465 17 50 0.252
7482 17 55 0.315
7499 17 50 0.252
7517 17 55 0.3307
7534 17 50 0.2598
7551 17 55 0.3386
7568 17 50 0.2598
7586 17 55 0.3465
7603 17 50 0.2756
7620 17 55 0.3386
7637 17 50 0.2677
7655 17 55 0.3307
7672 17 50 0.2598
7689 17 55 0.3228
7706 17 50 0.252
7724 17 54 0.315
7741 17 50 0.252
7758 17 54 0.315
7775 17 50 0.252
7793 17 54 0.315
7810 17 50 0.252
7827 17 54 0.315
7844 5 50 0.252
7850 28 48 0.2756
7856 22 51 0.378
7879 17 48 0.2835
7896 17 51 0.3465
7913 17 48 0.2598
7931 17 51 0.315
7948 17 48 0.3543
7965 17 51 0.2677
7982 5 48 0.315
7988 28 46 0.3071
7994 22 50 0.3701
8017 17 46 0.2677
8034 17 50 0.3386
8051 17 46 0.2756
8068 17 50 0.315
8086 17 46 0.2756
8103 17 50 0.3465
8120 5 46 0.315
8126 28 45 0.3071
8132 22 50 0.3701
8155 17 45 0.2598
8172 17 50 0.3386
8189 17 45 0.2677
8206 17 50 0.3307
8224 17 45 0.2598
8241 17 50 0.3307
8258 4 45 0.252
8262 293 43 0.315
8267 284 50 0.315
8271 21 58 0.315
8293 17 55 0.252
8310 17 58 0.315
8327 17 55 0.2441
8344 17 58 0.315
8362 17 55 0.2441
8379 17 58 0.315
8396 17 55 0.2441
8413 17 58 0.3228
8431 17 55 0.2598
8448 17 58 0.3228
8465 17 55 0.2598
8482 17 58 0.3307
8499 17 55 0.2598
8517 17 58 0.3307
8534 17 55 0.2677
8551 17 58 0.3307
8568 17 55 0.2677
8586 17 58 0.3386
8603 17 55 0.2677
8620 17 58 0.3386
8637 17 55 0.2677
8655 17 58 0.3465
8672 17 55 0.2756
8689 17 59 0.4173
8706 17 55 0.3071
8724 17 59 0.3701
8741 17 55 0.2835
8758 17 59 0.3465
8775 17 55 0.3937
8793 17 59 0.2913
8810 17 55 0.3543
8827 17 60 0.4646
8844 17 55 0.3465
8862 17 60 0.4173
8879 17 55 0.3307
8896 17 60 0.3937
8913 17 55 0.3465
8931 17 60 0.3937
8948 17 55 0.3622
8965 17 58 0.4803
8982 17 54 0.3465
8999 17 58 0.4331
9017 17 54 0.3465
9034 17 58 0.4094
9051 17 54 0.2992
9068 17 58 0.3858
9086 17 54 0.315
9103 17 57 0.3465
9120 17 53 0.252
9137 17 57 0.315
9155 17 53 0.2441
9172 17 57 0.315
9189 17 53 0.2441
9206 17 57 0.315
9224 17 53 0.2441
9241 17 57 0.315
9258 17 53 0.252
9275 17 57 0.315
9293 17 53 0.252
9310 17 57 0.315
9327 17 53 0.252
9344 17 57 0.315
9362 17 53 0.252
9379 17 57 0.315
9396 17 53 0.252
9413 17 57 0.315
9431 17 53 0.2598
9448 17 57 0.3307
9465 17 53 0.2677
9482 17 57 0.3386
9499 17 53 0.2756
9517 17 57 0.378
9534 17 54 0.2835
9551 17 57 0.3465
9568 17 54 0.2598
9586 17 57 0.315
9603 17 54 0.3543
9620 17 57 0.2677
9637 17 54 0.315
9655 17 58 0.3701
9672 17 55 0.2677
9689 17 58 0.3386
9706 17 55 0.2756
9724 17 58 0.315
9741 17 55 0.2756
9758 17 58 0.3465
9775 17 55 0.315
9793 22 56 0.3701
9810 17 53 0.2598
9827 17 56 0.3386
9844 17 53 0.2677
9862 17 56 0.3307
9879 17 53 0.2598
9896 17 56 0.3307
9913 5 53 0.2677
9919 28 51 0.252
9925 22 55 0.3465
9948 17 51 0.252
9965 17 55 0.315
9982 17 51 0.252
9999 17 55 0.3307
10017 17 51 0.2598
10034 17 55 0.3386
10051 17 51 0.2598
10068 17 55 0.3465
10086 17 51 0.2756
10103 17 55 0.3543
10120 17 51 0.2835
10137 17 55 0.3543
10155 17 51 0.2835
10172 17 55 0.3622
10189 17 51 0.2913
10206 17 55 0.378
10224 17 51 0.2992
10241 17 55 0.378
10258 17 51 0.3071
10275 17 55 0.3937
10293 17 51 0.315
10310 17 55 0.4016
10327 17 51 0.3228
10344 17 55 0.4488
10362 17 52 0.3071
10379 17 55 0.4016
10396 17 52 0.2835
10413 17 55 0.3465
10431 17 52 0.378
10448 17 55 0.2835
10465 17 52 0.3386
10482 22 55 0.4094
10499 17 52 0.2835
10517 17 55 0.3543
10534 17 52 0.2835
10551 17 55 0.3465
10568 17 52 0.2992
10586 17 55 0.3543
10603 17 52 0.3228
10620 17 55 0.4094
10637 17 52 0.2677
10655 17 55 0.3465
10672 17 52 0.2756
10689 17 55 0.3307
10706 17 52 0.2598
10724 17 55 0.3307
10741 17 52 0.2598
10758 17 57 0.3622
10775 17 53 0.2913
10793 17 57 0.3622
10810 17 53 0.2835
10827 17 57 0.3543
10844 17 53 0.2677
10862 17 57 0.3543
10879 5 53 0.2835
10885 28 51 0.2835
10890 22 57 0.3543
10913 17 51 0.2992
10931 17 57 0.3701
10948 17 51 0.3465
10965 17 57 0.378
10982 17 51 0.2992
10999 17 57 0.3543
11017 5 51 0.2913
11022 28 50 0.315
11028 22 58 0.3622
11051 17 50 0.2992
11068 17 58 0.3622
11086 17 50 0.2992
11103 17 58 0.3701
11120 17 50 0.3071
11137 17 58 0.3701
11155 5 50 0.3071
11160 28 54 0.3307
11166 22 57 0.3701
11189 17 54 0.3071
11206 17 57 0.378
11224 17 54 0.3071
11241 17 57 0.378
11258 17 54 0.315
11275 17 57 0.3858
11293 5 54 0.315
11298 28 53 0.3386
11304 22 58 0.3858
11327 17 53 0.315
11344 17 58 0.3937
11362 17 53 0.315
11379 17 58 0.3937
11396 17 53 0.3228
11413 17 58 0.4016
11431 5 53 0.3307
11436 28 51 0.3465
11442 22 57 0.4016
11465 17 51 0.3465
11482 17 57 0.4094
11499 17 51 0.3386
11517 17 57 0.4094
11534 17 51 0.3386
11551 17 57 0.4173
11568 5 51 0.3386
11574 28 50 0.3622
11580 22 58 0.4173
11603 17 50 0.3465
11620 17 58 0.4094
11637 17 50 0.3386
11655 17 58 0.4094
11672 17 50 0.3465
11689 17 58 0.4094
11706 17 50 0.3465
11724 17 58 0.4094
11741 17 50 0.3465
11758 17 58 0.4094
11775 17 50 0.3465
11793 17 58 0.4094
11810 17 50 0.3543
11827 17 58 0.4094
11844 5 50 0.3543
11850 28 51 0.378
11856 22 58 0.4173
11879 17 51 0.3543
11896 17 58 0.4173
11913 17 51 0.3543
11931 17 58 0.4094
11948 17 51 0.3543
11965 17 58 0.4252
11982 17 51 0.3622
11999 17 61 0.4252
11999 17 58 0.4252
12017 17 52 0.3701
12034 17 61 0.4331
12034 17 58 0.4331
12051 17 52 0.3701
12068 17 61 0.4409
12068 17 58 0.4409
12086 17 52 0.3701
12103 17 61 0.4488
12103 17 58 0.4488
12120 17 52 0.378
12689 17 58 0.4409
12706 17 50 0.3622
12724 17 58 0.4331
12741 17 50 0.3543
12758 17 58 0.4331
12775 17 50 0.3543
12793 17 58 0.4252
12810 17 50 0.3543
12827 17 59 0.4252
12844 17 50 0.3465
12862 17 59 0.4252
12879 17 50 0.3465
12896 17 59 0.4173
12913 17 50 0.3465
12931 17 59 0.4094
12948 17 50 0.3386
12965 17 60 0.4094
12982 17 51 0.3386
12999 17 60 0.4016
13017 17 51 0.3307
13034 17 60 0.3937
13051 17 51 0.3228
13068 17 60 0.3937
13086 17 51 0.3228
13103 17 57 0.3937
13120 17 48 0.315
13137 17 57 0.3858
13155 17 48 0.315
13172 17 57 0.378
13189 17 48 0.3071
13206 17 57 0.3701
13224 17 48 0.3071
13241 17 50 0.315
13258 17 53 0.252
13275 17 50 0.315
13293 17 53 0.252
13310 17 50 0.3307
13327 17 53 0.2677
13344 17 50 0.3465
13362 17 53 0.2677
13379 17 50 0.3465
13396 17 53 0.252
13413 17 50 0.3386
13431 17 53 0.2756
13448 17 50 0.3543
13465 17 53 0.2756
13482 17 50 0.3622
13499 17 53 0.2756
13517 17 50 0.3701
13534 17 53 0.2835
13551 17 50 0.3543
13568 17 53 0.2677
13586 17 50 0.3543
13603 17 53 0.2677
13620 17 50 0.3543
13637 17 53 0.2677
13655 17 56 0.3543
13672 17 53 0.2835
13689 17 56 0.3465
13706 17 53 0.252
13724 17 56 0.3465
13741 17 53 0.2835
13758 17 56 0.3465
13775 17 53 0.2756
13793 17 55 0.3622
13810 17 51 0.2992
13827 17 55 0.378
13844 17 51 0.2835
13862 17 55 0.378
13879 17 51 0.315
13896 17 55 0.3858
13913 17 51 0.3228
13931 17 54 0.3858
13948 17 49 0.2677
13965 17 54 0.3937
13982 17 49 0.2756
13999 17 54 0.3858
14017 17 49 0.2992
14034 17 54 0.378
14051 17 49 0.2677
14068 34 54 0.4016
14086 17 48 0.252
14103 34 54 0.315
14120 17 48 0.252
14137 34 54 0.3307
14155 17 48 0.2598
14172 34 54 0.3386
14189 17 48 0.2677
14206 34 53 0.3622
14224 17 48 0.2913
14241 34 53 0.3307
14258 17 48 0.252
14275 34 53 0.315
14293 17 48 0.252
14310 34 53 0.315
14327 17 48 0.252
14344 17 53 0.315
14362 17 50 0.252
14379 17 53 0.315
14396 17 50 0.252
14413 17 53 0.315
14431 17 50 0.252
14448 17 53 0.315
14482 17 56 0.3228
14499 17 53 0.2441
14517 17 56 0.315
14534 17 53 0.2598
14551 17 56 0.315
14568 17 53 0.2677
14586 17 56 0.3228
14603 17 53 0.2677
14620 22 55 0.3543
14637 17 51 0.2992
14655 17 55 0.3543
14672 17 51 0.2756
14689 17 55 0.3543
14706 17 51 0.2756
14724 17 55 0.3701
14741 17 51 0.2756
14758 22 54 0.3701
14775 17 49 0.2598
14793 17 54 0.3386
14810 17 49 0.2677
14827 17 54 0.3307
14844 17 49 0.2598
14862 17 54 0.3307
14879 17 49 0.2598
14896 34 54 0.4016
14913 17 48 0.252
14931 34 54 0.315
14948 17 48 0.2441
14965 34 54 0.3465
14982 17 48 0.2677
14999 34 54 0.3386
15017 17 48 0.2835
15034 34 53 0.3622
15051 17 48 0.2835
15068 34 53 0.3228
15086 17 48 0.252
15103 34 53 0.315
15120 17 48 0.252
15137 34 53 0.315
15155 17 48 0.252
15172 22 53 0.315
15195 22 50 0.252
15218 22 53 0.315
15241 22 50 0.252
15264 22 53 0.315
15287 22 50 0.252
15310 22 53 0.3543
15333 22 50 0.2992
15356 22 53 0.3543
15379 22 50 0.2992
15402 22 53 0.3543
15425 22 50 0.2992
15448 22 55 0.3543
15471 22 51 0.2992
15494 22 55 0.3543
15517 22 51 0.2992
15540 22 55 0.3543
15563 22 51 0.2913
15586 22 55 0.378
15609 22 52 0.3071
15632 22 55 0.378
15655 22 52 0.3228
15678 22 55 0.378
15701 22 52 0.3228
15724 22 57 0.378
15747 22 53 0.3071
15770 22 57 0.378
15793 22 53 0.3228
15816 22 57 0.378
15839 22 53 0.3228
15999 22 58 0.3937
16022 22 55 0.3228
16045 22 58 0.3937
16068 22 55 0.3386
16091 22 58 0.4016
16114 22 55 0.3386
16275 22 62 0.4173
16298 22 58 0.3465
16321 22 62 0.4173
16344 22 58 0.3543
16367 22 62 0.4173
16390 22 58 0.3622
16551 22 65 0.4409
16574 22 62 0.3622
16597 22 65 0.4409
16620 22 62 0.378
16643 22 65 0.4409
16666 22 62 0.378
16827 22 67 0.4409
16850 22 64 0.3701
16873 22 67 0.4488
16896 22 64 0.3858
16919 22 67 0.4488
16942 22 64 0.3858
17103 22 70 0.3622
17103 22 73 0.4646
17126 22 64 0.3858
17149 22 70 0.3622
17149 22 73 0.4646
17172 22 64 0.4094
17195 22 70 0.3622
17195 22 73 0.4646
17218 22 64 0.4094
17379 22 70 0.3622
17379 22 74 0.4646
17402 22 65 0.3858
17425 22 70 0.3622
17425 22 74 0.4567
17448 22 65 0.3937
17471 22 70 0.3543
17471 22 74 0.4488
17494 22 65 0.3937
17655 22 62 0.3465
17655 22 65 0.4331
17678 22 58 0.3622
17701 22 62 0.3465
17701 22 65 0.4252
17724 22 58 0.3701
17747 22 62 0.3386
17747 22 65 0.4252
17770 22 58 0.3701
18068 22 48 0.2992
18068 22 51 0.378
18091 22 41 0.315
18114 22 48 0.2992
18114 22 51 0.378
18137 22 41 0.3228
18160 22 48 0.2992
18160 22 51 0.378
18183 22 41 0.3228
18206 22 50 0.3543
18229 22 46 0.2913
18252 22 50 0.3543
18275 22 46 0.2835
18298 22 50 0.3465
18321 22 46 0.2756
18344 22 50 0.3465
18367 22 46 0.2756
18390 22 50 0.3386
18413 22 46 0.2756
18436 22 50 0.3386
18459 22 46 0.2677
18482 22 50 0.3307
18505 22 46 0.2677
18528 22 50 0.3307
18551 22 46 0.2677
18574 22 50 0.3228
18597 22 46 0.2362
18620 22 51 0.3228
18643 22 46 0.252
18666 22 51 0.315
18689 22 46 0.2362
18712 22 51 0.315
18735 22 46 0.2362
18758 22 51 0.3071
18781 22 45 0.2441
18804 22 51 0.3071
18827 22 45 0.2283
18850 22 51 0.2992
18873 22 45 0.2283
18896 22 51 0.2992
18919 22 45 0.2283
18942 22 51 0.2913
18965 22 45 0.2283
18988 22 51 0.2913
19011 22 45 0.2283
19034 22 51 0.3071
19057 22 46 0.252
19080 22 51 0.3071
19103 22 46 0.252
19126 22 51 0.2992
19149 22 46 0.2205
19172 22 51 0.2992
19195 22 46 0.2362
19218 22 51 0.2913
19241 22 46 0.2205
19264 22 51 0.2913
19287 22 46 0.2205
19310 22 50 0.2835
19333 22 46 0.2283
19356 22 50 0.2835
19379 22 46 0.2126
19402 22 50 0.2835
19425 22 46 0.2126
19448 22 50 0.2835
19471 22 46 0.2126
19494 22 50 0.2756
19517 22 46 0.2126
19540 22 50 0.2756
19563 22 46 0.2126
19586 22 48 0.3937
19609 22 45 0.3307
19632 22 48 0.3937
19655 22 45 0.3465
19678 22 48 0.4016
19701 22 45 0.3543
19724 22 48 0.4094
19747 22 45 0.3622
19770 22 48 0.4173
19793 22 45 0.3622
19816 22 48 0.4252
19839 22 45 0.3701
20275 22 47 0.5039
20298 22 55 0.4331
20321 22 47 0.4961
20344 22 55 0.4173
20367 22 47 0.4961
20390 22 55 0.4331
20413 22 48 0.4961
20436 22 57 0.4331
20459 22 48 0.4961
20482 22 57 0.4173
20505 22 48 0.4882
20528 22 57 0.4173
20551 22 50 0.4882
20574 22 59 0.4252
20597 22 50 0.4961
20620 22 59 0.4488
20643 22 50 0.5039
20666 22 59 0.4646
20689 22 51 0.5276
20712 22 60 0.4252
20735 22 51 0.4724
20758 22 60 0.4094
20781 22 51 0.4724
20804 22 60 0.4094
20827 22 53 0.4646
20850 22 62 0.4173
20873 22 53 0.4567
20896 22 62 0.4016
20919 22 53 0.4567
20942 22 62 0.4016
20965 22 55 0.4488
20988 22 63 0.4016
21011 22 55 0.4409
21034 22 63 0.3937
21057 22 55 0.4488
21080 22 63 0.4016
21954 22 56 0.4252
21977 22 53 0.4724
21999 22 56 0.4252
22022 22 53 0.4724
22045 22 56 0.4252
22091 22 55 0.4094
22114 22 51 0.4488
22137 22 55 0.4173
22160 22 51 0.4488
22183 22 55 0.4252
22229 22 53 0.4409
22252 22 44 0.4803
22275 22 53 0.4331
22298 22 44 0.4803
22321 22 53 0.4803
22367 22 51 0.4252
22390 22 43 0.4724
22413 22 51 0.4409
22436 22 43 0.4803
22459 22 51 0.4331
22505 22 50 0.4567
22528 22 41 0.4961
22551 22 50 0.4488
22574 22 41 0.4961
22597 22 50 0.4409
22643 22 48 0.4646
22666 22 39 0.4961
22689 22 48 0.4724
22712 22 39 0.5039
22735 22 48 0.4646
22781 22 47 0.4724
22804 22 38 0.5118
22827 22 47 0.4646
22850 22 38 0.5039
22873 22 47 0.4882
22896 22 39 0.5906
22919 22 48 0.4882
22942 22 39 0.5197
22965 22 48 0.4803
22988 22 39 0.5118
23011 22 48 0.4803
23034 22 40 0.6063
23057 22 46 0.4961
23080 45 34 0.5276
23080 22 40 0.5276
23103 22 46 0.4961
23126 45 34 0.5276
23126 22 40 0.5197
23149 22 46 0.4961
23586 22 49 0.5039
23609 22 57 0.4331
23632 22 49 0.4961
23655 22 57 0.4173
23678 22 49 0.4961
23701 22 57 0.4331
23724 22 50 0.4961
23747 22 59 0.4331
23770 22 50 0.4961
23793 22 59 0.4173
23816 22 50 0.4882
23839 22 59 0.4173
23862 22 52 0.4882
23885 22 61 0.4252
23908 22 52 0.4803
23931 22 61 0.4173
23954 22 52 0.4882
23977 22 61 0.4252
23999 22 53 0.5118
24022 22 62 0.4331
24045 22 53 0.4724
24068 22 62 0.4094
24091 22 53 0.4724
24114 22 62 0.4094
24137 22 55 0.4646
24160 22 64 0.4173
24183 22 55 0.4567
24206 22 64 0.4016
24229 22 55 0.4567
24252 22 64 0.4016
24275 22 57 0.4488
24298 22 65 0.4016
24321 22 57 0.4409
24344 22 65 0.3937
24367 22 57 0.4488
24390 22 65 0.4016
25264 22 58 0.4252
25287 22 55 0.4724
25310 22 58 0.4173
25333 22 55 0.4724
25356 22 58 0.4252
25402 22 57 0.4094
25425 22 53 0.4488
25448 22 57 0.4016
25471 22 53 0.4488
25494 22 57 0.4173
25540 22 55 0.4331
25563 22 46 0.4803
25586 22 55 0.4252
25609 22 46 0.4803
25632 22 55 0.4252
25678 22 53 0.4252
25701 22 45 0.4724
25724 22 53 0.4252
25747 22 45 0.4803
25770 22 53 0.4331
25816 22 52 0.4488
25839 22 43 0.4961
25862 22 52 0.4409
25885 22 43 0.4961
25908 22 52 0.4488
25954 22 50 0.4567
25977 22 41 0.4961
25999 22 50 0.4567
26022 22 41 0.5039
26045 22 50 0.4724
26091 22 49 0.4803
26114 22 40 0.5118
26137 22 49 0.4646
26160 22 40 0.5039
26183 22 49 0.4724
26206 22 45 0.5906
26206 22 41 0.5039
26229 22 50 0.4961
26252 22 45 0.4488
26252 22 38 0.4488
26252 22 41 0.5197
26275 22 50 0.4882
26298 22 45 0.4961
26298 22 38 0.4961
26298 22 41 0.5118
26321 22 50 0.4882
26344 22 45 0.6063
26344 22 40 0.6063
26367 22 49 0.4961
26390 22 45 0.5276
26390 22 37 0.5276
26390 22 40 0.5276
26413 22 49 0.4882
26436 22 40 0.5197
26436 22 37 0.5276
26436 22 45 0.5197
26459 22 49 0.4961
27310 34 56 0.5984
27379 34 40 0.4961
27448 34 60 0.5827
27517 34 52 0.4961
27586 34 59 0.5906
27655 34 40 0.5039
27724 34 58 0.5906
27793 34 52 0.5039
27862 34 51 0.6063
27862 34 57 0.6063
27931 34 40 0.5039
27999 34 52 0.5276
27999 34 56 0.6299
28965 34 57 0.5748
29034 34 41 0.4961
29103 34 61 0.5984
29172 34 53 0.4961
29241 34 60 0.5669
29310 34 41 0.5039
29379 34 59 0.5669
29448 34 53 0.5039
29517 34 52 0.4882
29517 34 58 0.5669
29586 34 41 0.5039
29655 34 53 0.4882
29655 34 57 0.5669
30620 34 55 0.5669
30689 34 43 0.4961
30758 34 59 0.4961
30758 34 62 0.5669
30827 34 47 0.4961
30896 34 60 0.5669
30965 34 48 0.5039
31034 34 58 0.5669
31103 34 46 0.5039
31172 34 57 0.4882
31172 34 60 0.5669
31241 34 45 0.5039
31310 34 55 0.4882
31310 34 57 0.5669
31379 34 43 0.5039
31448 34 53 0.5669
31517 34 41 0.4961
31586 34 57 0.4961
31586 34 60 0.5669
31655 34 45 0.4961
31724 34 58 0.5669
31793 34 46 0.5039
31862 34 57 0.5669
31931 34 45 0.5039
31999 34 55 0.4882
31999 34 58 0.5669
32068 34 43 0.5039
32137 34 53 0.4882
32137 34 57 0.5669
32206 34 41 0.5039
32275 34 51 0.5669
32344 34 39 0.4961
32413 34 55 0.4961
32413 34 58 0.5669
32482 34 43 0.4961
32551 34 57 0.5669
32620 34 45 0.5039
32689 34 55 0.5669
32758 34 43 0.5039
32827 34 54 0.4882
32827 34 57 0.5669
32896 34 42 0.5039
32965 34 51 0.4882
32965 34 55 0.5669
33034 34 39 0.5039
33103 34 50 0.5669
33172 34 38 0.4961
33241 34 54 0.4961
33241 34 57 0.5669
33310 34 42 0.4961
33379 34 55 0.5669
33448 34 43 0.5039
33517 34 53 0.5512
33517 34 57 0.5669
33586 34 41 0.5039
33655 34 51 0.4882
33655 34 55 0.5669
33724 34 39 0.5039
33793 34 51 0.4882
33793 34 55 0.5669
45517 22 58 0.3543
45540 22 55 0.3071
45563 22 58 0.3465
45586 22 55 0.3228
45609 22 58 0.3858
45632 22 55 0.3622
45655 22 59 0.4173
45678 22 55 0.3701
45701 22 59 0.4173
45724 22 55 0.3937
45747 22 59 0.4252
45770 22 55 0.3937
45793 22 60 0.4646
45816 22 55 0.4094
45839 22 60 0.4252
45862 22 55 0.3543
45885 22 60 0.4016
45908 22 55 0.3465
45931 22 60 0.5039
45954 22 55 0.3937
45977 22 60 0.4724
45999 22 55 0.3937
46022 22 60 0.4409
46045 298 55 0.3622
46068 275 57 0.4016
46068 22 63 0.4961
46091 22 60 0.378
46114 22 63 0.4409
46137 22 60 0.378
46160 22 63 0.4252
46183 22 60 0.3543
46206 22 63 0.4094
46229 22 60 0.3071
46252 22 63 0.3701
46275 22 60 0.2992
46298 22 63 0.3543
46321 22 60 0.2913
46344 22 58 0.3543
46367 22 55 0.3071
46390 22 58 0.3465
46413 22 55 0.3228
46436 22 58 0.3858
46459 22 55 0.3622
46482 22 59 0.4173
46505 22 55 0.3701
46528 22 59 0.4173
46551 22 55 0.3937
46574 22 59 0.4252
46597 22 55 0.3937
46620 22 60 0.4646
46643 22 55 0.4094
46666 22 60 0.4252
46689 22 55 0.3543
46712 22 60 0.4016
46735 22 55 0.3465
46758 22 60 0.5039
46781 22 55 0.3937
46804 22 60 0.4724
46827 22 55 0.3937
46850 22 60 0.4409
46873 298 55 0.3622
46896 22 57 0.4961
46919 22 60 0.378
46942 22 57 0.4409
46965 22 60 0.378
46988 22 57 0.4252
47011 22 60 0.3543
47034 22 57 0.4094
47057 22 60 0.3071
47080 22 57 0.3701
47103 22 60 0.2992
47126 22 57 0.3543
47149 22 60 0.2913
47172 22 46 0.3543
47195 22 43 0.3071
47218 22 46 0.3465
47241 22 43 0.3228
47264 22 46 0.3858
47287 22 43 0.3622
47310 22 47 0.4173
47333 22 43 0.3701
47356 22 47 0.4173
47379 22 43 0.3937
47402 22 47 0.4252
47425 22 43 0.3937
47448 22 52 0.4646
47471 22 43 0.4094
47494 22 52 0.4252
47517 22 43 0.3622
47540 22 52 0.4094
47563 22 43 0.3543
47586 22 52 0.4094
47609 22 43 0.3228
47632 22 52 0.3937
47655 22 43 0.3386
47678 22 52 0.3937
47701 22 43 0.3228
47724 22 51 0.4488
47747 22 43 0.3543
47770 22 51 0.4173
47793 22 43 0.3622
47816 22 51 0.4252
47839 22 43 0.3543
47862 22 51 0.4252
47885 22 43 0.3307
47908 22 51 0.4094
47931 22 43 0.3307
47954 22 51 0.4016
47976 22 43 0.3465
