0 64 56 0.6063
0 64 68 0.6063
64 64 54 0.5984
64 64 66 0.5984
128 64 59 0.6063
128 64 71 0.6063
128 64 39 0.5276
128 64 27 0.5276
192 32 61 0.6142
192 32 73 0.6142
192 64 46 0.5118
192 64 34 0.5118
225 32 66 0.5276
225 32 78 0.5276
257 64 63 0.5906
257 64 75 0.5906
257 64 47 0.4882
257 64 35 0.4882
321 32 61 0.6142
321 32 73 0.6142
321 64 34 0.5276
321 64 46 0.5276
353 32 66 0.5354
353 32 78 0.5354
385 64 63 0.5984
385 64 75 0.5984
385 64 47 0.5039
385 64 35 0.5039
450 64 59 0.5984
450 64 71 0.5984
450 64 39 0.4803
450 64 27 0.4803
514 64 61 0.6063
514 64 73 0.6063
514 64 40 0.4882
514 64 28 0.4882
578 64 56 0.5512
578 64 68 0.5512
578 64 29 0.4331
578 64 41 0.4331
643 64 54 0.5512
643 64 66 0.5512
643 64 30 0.4252
643 64 42 0.4252
707 64 44 0.5984
707 64 32 0.5984
771 64 42 0.5906
771 64 30 0.5906
836 64 75 0.5512
836 64 78 0.5512
836 64 66 0.5512
836 64 71 0.5512
836 64 47 0.5984
836 64 35 0.5984
900 64 70 0.5039
900 64 73 0.5039
900 64 61 0.5039
900 64 66 0.5039
900 32 37 0.6063
900 32 49 0.6063
932 32 54 0.5197
932 32 42 0.5197
964 64 75 0.5276
964 64 78 0.5276
964 64 66 0.5276
964 64 71 0.5276
964 64 51 0.5827
964 64 39 0.5827
1029 64 78 0.5512
1029 64 82 0.5512
1029 64 70 0.5512
1029 64 73 0.5512
1029 32 49 0.6063
1029 32 37 0.6063
1061 32 42 0.5276
1061 32 54 0.5276
1093 64 78 0.5433
1093 64 83 0.5433
1093 64 71 0.5433
1093 64 75 0.5433
1093 64 39 0.5906
1093 64 51 0.5906
1157 64 83 0.5512
1157 64 87 0.5512
1157 64 75 0.5512
1157 64 78 0.5512
1157 64 47 0.5906
1157 64 35 0.5906
1222 64 77 0.5512
1222 64 73 0.5512
1222 64 85 0.5512
1222 64 80 0.5512
1222 64 49 0.5984
1222 64 37 0.5984
1286 64 80 0.5512
1286 64 77 0.5512
1286 64 89 0.5512
1286 64 85 0.5512
1286 64 44 0.5433
1286 64 32 0.5433
1350 64 82 0.5276
1350 64 78 0.5276
1350 64 90 0.5276
1350 64 85 0.5276
1350 64 42 0.5433
1350 64 30 0.5433
1415 64 66 0.5512
1415 64 78 0.5512
1479 64 68 0.5354
1479 64 80 0.5354
1543 64 61 0.5512
1543 64 73 0.5512
1543 128 41 0.5591
1543 128 53 0.5591
1608 32 66 0.5433
1608 32 78 0.5433
1640 32 68 0.5118
1640 32 80 0.5118
1672 64 61 0.5433
1672 64 73 0.5433
1672 128 52 0.5512
1672 128 40 0.5512
1736 32 68 0.5512
1736 32 80 0.5512
1768 32 70 0.5118
1768 32 82 0.5118
1801 64 66 0.5512
1801 64 78 0.5512
1801 192 51 0.5354
1801 192 39 0.5354
1865 64 90 0.5748
1865 64 78 0.5748
1929 64 87 0.5591
1929 64 75 0.5591
1993 32 73 0.5354
1993 32 85 0.5354
1993 64 41 0.4409
1993 64 53 0.4409
2026 32 83 0.5118
2026 32 71 0.5118
2058 64 66 0.5118
2058 64 78 0.5118
2058 64 42 0.4173
2058 64 54 0.4173
2122 64 66 0.4646
2122 64 54 0.4173
2186 64 68 0.4488
2186 64 56 0.4094
2251 64 61 0.4252
2251 64 49 0.4016
2315 32 66 0.3701
2315 32 54 0.3228
2347 32 68 0.3386
2347 32 56 0.2835
2379 64 61 0.3701
2379 64 49 0.3228
2572 32 66 0.3071
2605 32 68 0.2835
2637 32 61 0.3071
2701 64 78 0.3937
2701 64 71 0.3543
2701 64 66 0.3543
2701 64 63 0.2913
2701 64 59 0.2913
2765 16 75 0.3071
2765 16 71 0.2756
2765 16 65 0.2756
2765 16 56 0.2205
2765 16 63 0.2205
2830 64 66 0.3543
2830 64 71 0.3543
2830 64 78 0.3937
2830 64 63 0.2913
2830 64 59 0.2913
2894 16 65 0.2677
2894 16 71 0.2677
2894 16 75 0.2992
2894 16 63 0.2126
2894 16 56 0.2126
2958 32 78 0.3937
2958 64 66 0.2913
2958 64 71 0.2913
2958 64 59 0.2913
2958 64 63 0.2913
2990 16 80 0.4409
3007 16 78 0.4252
3023 32 65 0.2126
3023 32 71 0.2126
3023 8 77 0.4252
3023 32 56 0.2126
3023 32 63 0.2126
3039 8 75 0.4173
3055 8 74 0.4094
3071 8 75 0.4094
3087 8 77 0.4016
3087 64 71 0.2913
3087 64 66 0.2913
3087 64 63 0.2913
3087 64 59 0.2913
3103 8 75 0.3937
3119 8 78 0.4094
3135 8 77 0.3937
3151 8 80 0.4252
3151 32 71 0.2126
3151 32 65 0.2126
3151 32 63 0.2126
3151 32 56 0.2126
3167 8 78 0.3937
3183 8 77 0.4094
3200 8 75 0.3937
3216 64 66 0.3543
3216 64 71 0.3543
3216 64 78 0.3937
3216 64 63 0.2913
3216 64 59 0.2913
3280 16 65 0.2756
3280 16 71 0.2756
3280 16 75 0.3071
3280 16 56 0.2205
3280 16 63 0.2205
3344 64 78 0.3937
3344 64 71 0.3543
3344 64 66 0.3543
3344 64 59 0.2913
3344 64 63 0.2913
3409 16 75 0.2992
3409 16 71 0.2677
3409 16 65 0.2677
3409 16 63 0.2126
3409 16 56 0.2126
3473 64 66 0.2913
3473 64 71 0.2913
3473 32 78 0.3937
3473 64 59 0.2913
3473 64 63 0.2913
3505 16 80 0.4409
3521 16 78 0.4252
3537 8 77 0.4252
3537 32 71 0.2126
3537 32 65 0.2126
3537 32 63 0.2126
3537 32 56 0.2126
3553 8 75 0.4173
3569 8 74 0.4094
3585 8 75 0.4094
3602 64 66 0.2913
3602 64 71 0.2913
3602 8 77 0.4016
3602 64 63 0.2913
3602 64 59 0.2913
3618 8 75 0.3937
3634 8 78 0.4094
3650 8 77 0.3937
3666 8 80 0.4252
3666 32 71 0.2126
3666 32 65 0.2126
3666 32 56 0.2126
3666 32 63 0.2126
3682 8 78 0.3937
3698 8 77 0.4094
3714 8 75 0.3937
3730 64 68 0.3543
3730 64 71 0.3543
3730 64 80 0.3937
3730 64 49 0.2913
3730 64 65 0.2913
3795 16 75 0.3071
3795 16 71 0.2756
3795 16 66 0.2756
3795 16 63 0.2205
3795 16 56 0.2205
3859 64 80 0.3937
3859 64 71 0.3543
3859 64 68 0.3543
3859 64 49 0.2913
3859 64 65 0.2913
3923 16 66 0.2677
3923 16 71 0.2677
3923 16 75 0.2992
3923 16 56 0.2126
3923 16 63 0.2126
3987 96 68 0.3307
3987 96 71 0.3307
3987 32 80 0.3937
3987 64 65 0.2913
3987 64 49 0.2913
4020 16 83 0.4409
4036 16 82 0.4252
4052 8 80 0.4252
4052 32 63 0.2126
4052 32 56 0.2126
4068 8 78 0.4173
4084 8 77 0.4094
4100 8 75 0.4094
4116 96 71 0.3307
4116 96 68 0.3307
4116 8 74 0.4016
4116 64 49 0.2913
4116 64 65 0.2913
4132 8 75 0.3937
4148 8 77 0.4094
4164 8 75 0.3937
4180 8 80 0.4252
4180 32 63 0.2126
4180 32 56 0.2126
4197 8 78 0.3937
4213 8 77 0.4094
4229 8 75 0.3937
4245 64 80 0.3937
4245 64 71 0.3543
4245 64 68 0.3543
4245 64 65 0.2913
4245 64 49 0.2913
4309 16 75 0.3071
4309 16 71 0.2756
4309 16 66 0.2756
4309 16 63 0.2205
4309 16 56 0.2205
4373 64 68 0.3543
4373 64 71 0.3543
4373 64 80 0.3937
4373 64 49 0.2913
4373 64 65 0.2913
4438 16 66 0.2677
4438 16 71 0.2677
4438 16 75 0.2992
4438 16 63 0.2126
4438 16 56 0.2126
4502 64 81 0.4567
4502 64 73 0.4094
4502 64 67 0.4094
4502 80 49 0.3228
4502 64 64 0.3228
4502 80 57 0.3228
4566 16 75 0.4252
4566 16 73 0.378
4566 16 66 0.378
4566 16 63 0.2598
4631 64 67 0.3228
4631 64 73 0.3228
4631 32 81 0.4331
4631 96 49 0.3622
4631 96 57 0.3622
4631 64 64 0.3622
4663 16 85 0.4803
4679 16 83 0.4331
4695 32 66 0.2677
4695 8 81 0.4646
4695 32 75 0.2677
4695 32 73 0.2677
4695 32 63 0.2441
4711 8 79 0.4331
4727 8 78 0.4488
4743 8 76 0.4173
4759 64 67 0.4094
4759 64 73 0.4094
4759 64 81 0.4567
4759 80 57 0.3622
4759 64 64 0.3622
4759 80 49 0.3622
4824 16 66 0.378
4824 16 73 0.378
4824 16 75 0.4252
4824 16 63 0.2913
4888 32 81 0.4331
4888 64 73 0.3228
4888 64 67 0.3228
4888 96 49 0.3622
4888 64 64 0.3622
4888 96 57 0.3622
4920 16 85 0.4803
4936 16 83 0.4331
4952 32 75 0.2677
4952 32 73 0.2677
4952 32 66 0.2677
4952 8 81 0.4646
4952 32 63 0.2441
4968 8 79 0.4331
4984 8 78 0.4488
5001 8 76 0.4173
5017 8 88 0.4567
5033 8 87 0.4567
5049 8 85 0.4488
5065 8 83 0.4488
5081 8 81 0.4409
5097 8 80 0.4409
5113 8 78 0.4331
5129 8 76 0.4252
5145 32 77 0.4803
5145 16 56 0.4016
5161 16 57 0.4016
5177 32 78 0.4646
5177 16 58 0.3937
5194 16 59 0.3858
5210 32 80 0.5039
5210 16 60 0.378
5226 16 61 0.3701
5242 32 73 0.4646
5242 16 64 0.3701
5258 16 65 0.3622
5274 64 78 0.3937
5274 64 71 0.3543
5274 64 66 0.3543
5274 64 59 0.2913
5274 64 63 0.2913
5338 16 65 0.2756
5338 16 71 0.2756
5338 16 75 0.3071
5338 16 63 0.2205
5338 16 56 0.2205
5403 64 66 0.3543
5403 64 71 0.3543
5403 64 78 0.3937
5403 64 59 0.2913
5403 64 63 0.2913
5467 16 75 0.2992
5467 16 71 0.2677
5467 16 65 0.2677
5467 16 63 0.2126
5467 16 56 0.2126
5531 32 78 0.3937
5531 64 71 0.2913
5531 64 66 0.2913
5531 64 63 0.2913
5531 64 59 0.2913
5563 16 80 0.4409
5579 16 78 0.4252
5596 8 77 0.4252
5596 32 71 0.2126
5596 32 65 0.2126
5596 32 63 0.2126
5596 32 56 0.2126
5612 8 75 0.4173
5628 8 74 0.4094
5644 8 75 0.4094
5660 64 66 0.2913
5660 64 71 0.2913
5660 8 77 0.4016
5660 64 59 0.2913
5660 64 63 0.2913
5676 8 75 0.3937
5692 8 78 0.4094
5708 8 77 0.3937
5724 8 80 0.4252
5724 32 71 0.2126
5724 32 65 0.2126
5724 32 56 0.2126
5724 32 63 0.2126
5740 8 78 0.3937
5756 8 77 0.4094
5772 8 75 0.3937
5789 64 82 0.3937
5789 64 90 0.3937
5789 64 75 0.3937
5789 16 58 0.3937
5805 16 59 0.3937
5821 16 62 0.3937
5837 16 63 0.3937
5853 32 87 0.3937
5853 32 83 0.3937
5853 32 78 0.3937
5853 16 65 0.3386
5869 16 66 0.3307
5885 16 70 0.315
5901 16 71 0.3071
5917 16 74 0.2913
5933 16 75 0.2756
5949 16 77 0.2677
5965 16 78 0.252
6046 96 70 0.4094
6046 96 66 0.3701
6046 96 63 0.3701
6142 32 71 0.4252
6142 32 63 0.3465
6142 32 66 0.3465
6174 32 72 0.4094
6174 64 66 0.378
6174 64 62 0.378
6207 32 78 0.4409
6239 32 72 0.4094
6239 32 62 0.3465
6239 32 66 0.3465
6271 32 71 0.4094
6271 32 66 0.3465
6271 32 62 0.3465
6303 96 70 0.4252
6303 128 63 0.378
6303 128 66 0.378
6400 16 71 0.4094
6416 16 73 0.4094
6432 32 71 0.4016
6432 96 66 0.3465
6432 96 62 0.3465
6464 8 83 0.4016
6480 8 80 0.3701
6496 8 78 0.3858
6512 8 74 0.3465
6528 8 71 0.3701
6544 8 66 0.3307
6560 96 70 0.4094
6560 128 66 0.3701
6560 128 63 0.3701
6657 32 71 0.4252
6689 32 72 0.4094
6689 128 66 0.3701
6689 128 56 0.3701
6721 32 77 0.4409
6753 32 75 0.4094
6786 32 77 0.4094
6818 64 70 0.3937
6818 64 68 0.2913
6818 64 65 0.2835
6818 64 61 0.2835
6882 32 72 0.3622
6882 64 68 0.2992
6882 32 66 0.2598
6882 32 56 0.2598
6914 32 77 0.3622
6946 64 70 0.4016
6946 64 68 0.2992
6946 64 65 0.2913
6946 64 61 0.2913
7011 32 72 0.3701
7011 64 68 0.2913
7011 32 66 0.2677
7011 32 56 0.2677
7043 32 77 0.3622
7075 96 70 0.4094
7075 96 63 0.3701
7075 96 66 0.3701
7171 32 71 0.4252
7171 32 66 0.3465
7171 32 63 0.3465
7204 32 72 0.4094
7204 64 66 0.378
7204 64 62 0.378
7236 32 78 0.4409
7268 32 72 0.4094
7268 32 66 0.3465
7268 32 62 0.3465
7300 32 71 0.4094
7300 32 62 0.3465
7300 32 66 0.3465
7332 96 70 0.4252
7332 128 66 0.378
7332 128 63 0.378
7429 16 71 0.4094
7445 16 73 0.378
7461 64 71 0.4016
7461 96 66 0.3465
7461 96 62 0.3465
7525 16 70 0.4252
7541 16 71 0.4488
7557 16 73 0.4724
7573 16 74 0.4961
7590 80 79 0.5197
7590 128 67 0.4409
7590 128 71 0.4409
7590 128 50 0.3937
7590 64 62 0.3937
7654 64 59 0.3543
7670 16 78 0.5512
7686 16 81 0.5197
7702 16 79 0.5197
7718 16 73 0.5512
7718 64 71 0.3937
7718 64 67 0.3937
7718 128 50 0.3543
7718 64 64 0.3543
7734 16 74 0.5276
7750 16 75 0.5276
7766 16 76 0.5276
7783 64 70 0.3937
7783 64 67 0.3937
7783 16 78 0.5433
7783 64 61 0.3307
7799 16 76 0.5197
7815 16 81 0.5354
7831 16 79 0.5118
7847 128 71 0.4409
7847 128 67 0.4409
7847 80 79 0.5197
7847 128 50 0.3937
7847 64 62 0.3937
7911 64 59 0.3543
7927 16 78 0.5512
7943 16 81 0.5197
7959 16 79 0.5197
7975 64 67 0.3543
7975 64 71 0.3543
7975 16 73 0.5118
7975 64 64 0.378
7975 96 50 0.378
7992 16 74 0.4724
8008 16 75 0.4803
8024 16 76 0.4488
8040 16 78 0.4646
8040 64 70 0.315
8040 64 67 0.315
8040 32 61 0.3307
8056 16 76 0.4409
8072 16 78 0.4252
8088 16 79 0.4094
8104 64 66 0.4094
8104 64 78 0.4094
8104 64 72 0.4094
8104 64 51 0.3071
8104 64 60 0.3071
8168 16 71 0.4094
8168 32 64 0.2362
8168 32 68 0.2362
8168 32 62 0.2126
8168 32 56 0.2126
8185 16 72 0.4094
8201 16 73 0.4094
8217 16 74 0.4094
8233 64 66 0.4094
8233 64 72 0.4094
8233 64 78 0.4094
8233 64 51 0.2992
8233 64 60 0.2992
8297 32 64 0.2362
8297 32 68 0.2362
8297 16 71 0.4094
8297 32 56 0.2126
8297 32 62 0.2126
8313 16 72 0.4094
8329 16 73 0.4094
8345 16 74 0.4094
8361 64 81 0.4961
8361 64 73 0.4961
8361 64 67 0.4961
8361 80 49 0.3543
8361 64 64 0.3543
8361 80 57 0.3543
8426 24 66 0.4409
8426 24 73 0.4409
8426 24 75 0.4409
8426 24 63 0.2677
8458 16 85 0.5039
8474 16 83 0.4961
8490 8 81 0.4882
8490 64 73 0.4094
8490 64 67 0.4094
8490 96 49 0.3386
8490 64 64 0.3386
8490 96 57 0.3386
8506 8 79 0.4724
8522 8 78 0.4646
8538 8 76 0.4567
8554 32 66 0.378
8554 8 75 0.4488
8554 32 63 0.2205
8570 8 73 0.4331
8587 8 71 0.4252
8603 8 69 0.4173
8619 64 67 0.4961
8619 64 73 0.4961
8619 64 81 0.4961
8619 80 57 0.3543
8619 64 64 0.3543
8619 80 49 0.3543
8683 24 66 0.4409
8683 24 73 0.4409
8683 24 75 0.4409
8683 24 63 0.2677
8715 16 88 0.4882
8731 16 87 0.4567
8747 64 67 0.378
8747 64 73 0.378
8747 8 85 0.4488
8747 96 49 0.3386
8747 96 57 0.3386
8747 64 64 0.3386
8763 8 83 0.4331
8780 8 81 0.4567
8796 8 79 0.4252
8812 8 78 0.4488
8812 32 63 0.2205
8828 8 76 0.4094
8844 8 75 0.4331
8860 8 73 0.3937
8876 64 80 0.3937
8876 64 71 0.3543
8876 64 68 0.3543
8876 64 65 0.2913
8876 64 49 0.2913
8940 16 75 0.3071
8940 16 71 0.2756
8940 16 66 0.2756
8940 16 56 0.2205
8940 16 63 0.2205
9005 64 68 0.3543
9005 64 71 0.3543
9005 64 80 0.3937
9005 64 49 0.2913
9005 64 65 0.2913
9069 16 66 0.2677
9069 16 71 0.2677
9069 16 75 0.2992
9069 16 63 0.2126
9069 16 56 0.2126
9133 64 88 0.4961
9133 64 76 0.4961
9133 16 54 0.4488
9149 16 55 0.4409
9165 16 56 0.4331
9182 16 57 0.4173
9198 32 75 0.4882
9198 32 87 0.4882
9198 16 58 0.4094
9214 16 59 0.3937
9230 32 73 0.4331
9230 32 85 0.4331
9230 16 61 0.378
9246 16 63 0.3622
9262 32 67 0.4724
9262 32 79 0.4724
9262 16 64 0.3622
9278 16 59 0.3543
9294 32 68 0.4094
9294 32 80 0.4094
9294 16 60 0.3465
9310 16 61 0.3307
9326 32 73 0.4567
9326 32 85 0.4567
9326 16 64 0.3228
9342 16 65 0.315
9358 32 75 0.3937
9358 32 87 0.3937
9358 16 66 0.2992
9375 16 67 0.2913
9391 64 66 0.315
9391 64 71 0.315
9391 64 78 0.3543
9391 64 59 0.2598
9391 64 63 0.2598
9455 16 65 0.2441
9455 16 71 0.2441
9455 16 75 0.2756
9455 16 63 0.1969
9455 16 56 0.1969
9519 64 78 0.3543
9519 64 71 0.3543
9519 64 66 0.315
9519 64 59 0.2598
9519 64 63 0.2598
9584 16 75 0.2677
9584 16 71 0.2362
9584 16 65 0.2362
9584 16 56 0.189
9584 16 63 0.189
9648 64 66 0.2598
9648 64 71 0.2598
9648 32 78 0.3543
9648 64 63 0.2598
9648 64 59 0.2598
9680 16 80 0.3937
9696 16 78 0.378
9712 8 77 0.378
9712 32 71 0.2126
9712 32 65 0.2126
9712 32 63 0.189
9712 32 56 0.189
9728 8 75 0.3701
9744 8 74 0.3622
9760 8 75 0.3622
9777 64 66 0.2913
9777 64 71 0.2913
9777 8 77 0.3543
9777 64 59 0.2598
9777 64 63 0.2598
9793 8 75 0.3543
9809 8 78 0.3622
9825 8 77 0.3543
9841 8 80 0.378
9841 32 71 0.2126
9841 32 65 0.2126
9841 32 56 0.189
9841 32 63 0.189
9857 8 78 0.3543
9873 8 77 0.3622
9889 8 75 0.3543
9905 64 70 0.3543
9905 64 78 0.3543
9905 96 66 0.3543
9905 16 58 0.3543
9921 16 59 0.3543
9937 16 62 0.3543
9953 16 63 0.3543
9969 32 75 0.3543
9969 32 71 0.3543
9969 16 65 0.3228
9986 16 66 0.315
10002 16 70 0.3071
10018 16 71 0.2992
10034 16 74 0.2913
10050 16 75 0.2835
10066 16 74 0.2835
10066 16 71 0.252
10082 16 75 0.2835
10098 16 77 0.2756
10098 16 66 0.252
10114 16 78 0.2756
10130 16 82 0.2677
10130 16 63 0.2441
10146 16 83 0.2598
10162 16 78 0.2362
10162 16 83 0.2362
10162 16 90 0.2362
10162 16 66 0.1969
10162 16 75 0.1969
10162 16 71 0.1969
