0 11 45 0.6063
0 11 33 0.5276
11 11 47 0.5433
11 11 35 0.4724
23 11 45 0.5827
23 11 33 0.5118
35 11 47 0.5433
35 11 35 0.4724
47 11 48 0.6142
47 11 36 0.5354
59 11 47 0.5433
59 11 35 0.4724
71 11 48 0.6063
71 11 36 0.5276
83 11 47 0.5433
83 11 35 0.4724
95 23 45 0.6299
95 23 33 0.5512
119 11 47 0.5433
119 11 35 0.4724
142 23 48 0.622
142 23 36 0.5433
166 11 52 0.5433
166 11 40 0.4724
190 23 57 0.622
190 23 45 0.5433
214 11 59 0.5433
214 11 47 0.4724
238 23 60 0.622
238 23 48 0.5433
261 11 64 0.5433
261 11 52 0.4724
285 23 64 0.4882
285 23 68 0.4882
285 23 71 0.5827
285 23 52 0.5276
309 23 64 0.4646
309 23 68 0.4646
309 23 71 0.5512
309 23 52 0.4724
333 47 64 0.5354
333 47 69 0.5354
333 47 72 0.6299
333 47 57 0.5512
380 11 45 0.6063
380 11 33 0.5276
392 11 47 0.5433
392 11 35 0.4724
404 11 45 0.5827
404 11 33 0.5118
416 11 47 0.5433
416 11 35 0.4724
428 11 48 0.6142
428 11 36 0.5354
440 11 47 0.5433
440 11 35 0.4724
452 11 48 0.6063
452 11 36 0.5276
464 11 47 0.5433
464 11 35 0.4724
476 23 45 0.6299
476 23 33 0.5512
499 11 47 0.5433
499 11 35 0.4724
523 23 48 0.622
523 23 36 0.5433
546 11 52 0.5433
547 11 40 0.4724
571 23 57 0.622
571 23 45 0.5433
595 11 59 0.5433
595 11 47 0.4724
619 23 60 0.622
619 23 48 0.5433
642 11 64 0.5433
642 11 52 0.4724
666 23 64 0.4882
666 23 68 0.4882
666 23 71 0.5827
666 23 52 0.5276
690 23 64 0.4646
690 23 68 0.4646
690 23 71 0.5512
690 23 52 0.4724
714 47 69 0.6457
714 47 57 0.5512
761 11 58 0.6063
761 11 46 0.5276
773 11 57 0.5433
773 11 45 0.4724
785 11 58 0.5827
785 11 46 0.5118
797 11 57 0.5433
797 11 45 0.4724
809 11 55 0.6142
809 11 43 0.5354
821 11 57 0.5433
821 11 45 0.4724
833 11 55 0.6063
833 11 43 0.5276
845 11 57 0.5433
845 11 45 0.4724
857 23 58 0.6299
857 23 46 0.5512
880 11 55 0.5433
880 11 43 0.4724
904 23 55 0.622
904 23 43 0.5433
928 11 52 0.5433
928 11 40 0.4724
952 23 67 0.5276
952 23 70 0.622
952 23 37 0.5433
976 11 64 0.4567
976 11 67 0.5433
976 11 40 0.4724
999 23 64 0.5276
999 23 67 0.622
999 23 40 0.5433
1023 11 64 0.5433
1023 11 61 0.4567
1023 11 43 0.4724
1047 23 64 0.5827
1047 23 61 0.4882
1047 23 57 0.4882
1047 23 45 0.5276
1071 23 64 0.5512
1071 23 61 0.4646
1071 23 57 0.4646
1071 23 45 0.4724
1095 47 65 0.6299
1095 47 62 0.5354
1095 47 57 0.5354
1095 47 50 0.5512
1142 11 60 0.6063
1142 11 48 0.5276
1154 11 59 0.5433
1154 11 47 0.4724
1166 11 60 0.5827
1166 11 48 0.5118
1178 11 59 0.5433
1178 11 47 0.4724
1190 11 57 0.6142
1190 11 45 0.5354
1202 11 59 0.5433
1202 11 47 0.4724
1214 11 57 0.6063
1214 11 45 0.5276
1226 11 59 0.5433
1226 11 47 0.4724
1238 23 60 0.6299
1238 23 48 0.5512
1261 11 57 0.5433
1261 11 45 0.4724
1285 23 57 0.622
1285 23 45 0.5433
1309 11 54 0.5433
1309 11 42 0.4724
1333 23 69 0.5276
1333 23 72 0.622
1333 23 39 0.5433
1357 11 66 0.4567
1357 11 69 0.5433
1357 11 42 0.4724
1380 23 66 0.5276
1380 23 69 0.622
1380 23 42 0.5433
1404 11 66 0.5433
1404 11 63 0.4567
1404 11 45 0.4724
1428 23 66 0.5827
1428 23 63 0.5827
1428 23 47 0.5276
1452 23 66 0.5512
1452 23 63 0.5512
1452 23 47 0.4724
1476 47 68 0.6299
1476 47 64 0.5354
1476 47 59 0.5354
1476 47 52 0.5512
1523 11 57 0.6614
1523 11 45 0.5748
1535 11 59 0.5906
1535 11 47 0.5197
1547 11 57 0.6378
1547 11 45 0.5591
1559 11 59 0.5906
1559 11 47 0.5197
1571 11 60 0.6693
1571 11 48 0.5827
1583 11 59 0.5906
1583 11 47 0.5197
1595 11 60 0.6614
1595 11 48 0.5748
1607 11 59 0.5906
1607 11 47 0.5197
1619 23 57 0.6929
1619 23 45 0.6063
1642 11 59 0.5906
1642 11 47 0.5197
1666 23 60 0.6772
1666 23 48 0.5906
1690 11 64 0.5906
1690 11 52 0.5197
1714 23 69 0.6772
1714 23 57 0.5906
1738 11 71 0.5906
1738 11 59 0.5197
1761 23 72 0.6772
1761 23 60 0.5906
1785 11 76 0.5906
1785 11 64 0.5197
1809 23 64 0.5748
1809 23 68 0.5748
1809 23 71 0.6772
1809 23 52 0.622
1833 23 64 0.5354
1833 23 68 0.5354
1833 23 71 0.6378
1833 23 52 0.5433
1857 23 64 0.5354
1857 23 69 0.5354
1857 23 72 0.6378
1857 23 57 0.6299
1880 23 64 0.5669
1880 23 67 0.5669
1880 23 69 0.5669
1880 23 73 0.6693
1880 23 45 0.5669
1904 47 65 0.6063
1904 47 69 0.6063
1904 47 74 0.7165
1904 11 50 0.6772
1916 11 52 0.5748
1928 11 50 0.6142
1940 11 52 0.5433
1952 11 65 0.6378
1952 11 53 0.5591
1964 11 64 0.5669
1964 11 52 0.4961
1976 11 65 0.6299
1976 11 53 0.5512
1988 11 64 0.5669
1988 11 52 0.4961
1999 23 62 0.6614
1999 23 50 0.5748
2023 11 64 0.5669
2023 11 52 0.4961
2047 23 65 0.6457
2047 23 53 0.5669
2071 11 69 0.5669
2071 11 57 0.4961
2095 23 74 0.6457
2095 23 62 0.5669
2119 11 76 0.5669
2119 11 64 0.4961
2142 23 77 0.6457
2142 23 65 0.5669
2166 11 81 0.5669
2166 11 69 0.4961
2190 23 71 0.5591
2190 23 76 0.5591
2190 23 80 0.6693
2190 23 64 0.5512
2214 23 71 0.5276
2214 23 76 0.5276
2214 23 80 0.6299
2214 23 64 0.4961
2238 47 72 0.6063
2238 47 76 0.6063
2238 47 81 0.7244
2238 47 69 0.5748
2285 11 58 0.6063
2285 11 46 0.5276
2297 11 57 0.5433
2297 11 45 0.4724
2309 11 58 0.5827
2309 11 46 0.5118
2321 11 57 0.5433
2321 11 45 0.4724
2333 11 55 0.6142
2333 11 43 0.5354
2345 11 57 0.5433
2345 11 45 0.4724
2357 11 55 0.6063
2357 11 43 0.5276
2369 11 57 0.5433
2369 11 45 0.4724
2380 23 58 0.6299
2380 23 46 0.5512
2404 11 55 0.5433
2404 11 43 0.4724
2428 23 55 0.622
2428 23 43 0.5433
2452 11 52 0.5433
2452 11 40 0.4724
2476 23 67 0.5276
2476 23 70 0.622
2476 23 37 0.5433
2499 11 64 0.4567
2499 11 67 0.5433
2499 11 40 0.4724
2523 23 64 0.5276
2523 23 67 0.622
2523 23 40 0.5433
2547 11 64 0.5433
2547 11 61 0.4567
2547 11 43 0.4724
2571 23 64 0.5827
2571 23 61 0.4882
2571 23 57 0.4882
2571 23 45 0.5276
2595 23 64 0.5512
2595 23 61 0.4646
2595 23 57 0.4646
2595 23 45 0.4724
2619 47 65 0.6299
2619 47 62 0.5354
2619 47 57 0.5354
2619 47 50 0.5512
2666 11 60 0.6063
2666 11 48 0.5276
2678 11 59 0.5433
2678 11 47 0.4724
2690 11 60 0.5827
2690 11 48 0.5118
2702 11 59 0.5433
2702 11 47 0.4724
2714 11 57 0.6142
2714 11 45 0.5354
2726 11 59 0.5433
2726 11 47 0.4724
2738 11 57 0.6063
2738 11 45 0.5276
2749 11 59 0.5433
2749 11 47 0.4724
2761 23 60 0.6299
2761 23 48 0.5512
2785 11 57 0.5433
2785 11 45 0.4724
2809 23 57 0.622
2809 23 45 0.5433
2833 11 54 0.5433
2833 11 42 0.4724
2857 23 69 0.5276
2857 23 72 0.622
2857 23 39 0.5433
2880 11 66 0.4567
2880 11 69 0.5433
2880 11 42 0.4724
2904 23 66 0.5276
2904 23 69 0.622
2904 23 42 0.5433
2928 11 66 0.5433
2928 11 63 0.4567
2928 11 45 0.4724
2952 23 66 0.5827
2952 23 63 0.5827
2952 23 47 0.5276
2976 23 66 0.5512
2976 23 63 0.5512
2976 23 47 0.4724
2999 47 68 0.6299
2999 47 64 0.5354
2999 47 59 0.5354
2999 47 52 0.5512
3047 11 57 0.6614
3047 11 45 0.5748
3059 11 59 0.5906
3059 11 47 0.5197
3071 11 57 0.6378
3071 11 45 0.5591
3083 11 59 0.5906
3083 11 47 0.5197
3095 11 60 0.6693
3095 11 48 0.5827
3107 11 59 0.5906
3107 11 47 0.5197
3119 11 60 0.6614
3119 11 48 0.5748
3130 11 59 0.5906
3130 11 47 0.5197
3142 23 57 0.6929
3142 23 45 0.6063
3166 11 59 0.5906
3166 11 47 0.5197
3190 23 60 0.6772
3190 23 48 0.5906
3214 11 64 0.5906
3214 11 52 0.5197
3238 23 69 0.6772
3238 23 57 0.5906
3261 11 71 0.5906
3261 11 59 0.5197
3285 23 72 0.6772
3285 23 60 0.5906
3309 11 76 0.5906
3309 11 64 0.5197
3333 23 64 0.5748
3333 23 68 0.5748
3333 23 71 0.6772
3333 23 52 0.622
3357 23 64 0.5354
3357 23 68 0.5354
3357 23 71 0.6378
3357 23 52 0.5433
3380 23 64 0.5354
3380 23 69 0.5354
3380 23 72 0.6378
3380 23 57 0.6299
3404 23 64 0.5669
3404 23 67 0.5669
3404 23 69 0.5669
3404 23 73 0.6693
3404 23 45 0.5669
3428 47 65 0.6063
3428 47 69 0.6063
3428 47 74 0.7165
3428 11 50 0.6772
3440 11 52 0.5748
3452 11 50 0.6142
3464 11 52 0.5433
3476 11 65 0.6378
3476 11 53 0.5591
3488 11 64 0.5669
3488 11 52 0.4961
3499 11 65 0.6299
3499 11 53 0.5512
3511 11 64 0.5669
3511 11 52 0.4961
3523 23 62 0.6614
3523 23 50 0.5748
3547 11 64 0.5669
3547 11 52 0.4961
3571 23 65 0.6457
3571 23 53 0.5669
3595 11 69 0.5669
3595 11 57 0.4961
3619 23 74 0.6457
3619 23 62 0.5669
3642 11 76 0.5669
3642 11 64 0.4961
3666 23 77 0.6457
3666 23 65 0.5669
3690 11 81 0.5669
3690 11 69 0.4961
3714 23 71 0.5591
3714 23 76 0.5591
3714 23 80 0.6693
3714 23 64 0.5512
3738 23 71 0.5276
3738 23 76 0.5276
3738 23 80 0.6299
3738 23 64 0.4961
3761 47 72 0.6063
3761 47 76 0.6063
3761 47 81 0.7244
3761 47 69 0.5748
3809 11 69 0.2913
3809 11 53 0.2677
3821 11 65 0.2283
3821 11 57 0.2126
3833 11 69 0.315
3833 11 53 0.2756
3845 11 65 0.2598
3845 11 57 0.2126
3857 11 69 0.3228
3857 11 53 0.2835
3869 11 65 0.2756
3869 11 57 0.252
3880 11 67 0.3465
3880 11 48 0.2992
3892 11 64 0.3071
3892 11 55 0.2441
3904 11 69 0.3701
3904 11 53 0.315
3916 11 65 0.3307
3916 11 57 0.2835
3928 11 70 0.3543
3928 11 55 0.315
3940 11 67 0.378
3940 11 58 0.2756
3952 11 72 0.4016
3952 11 57 0.3465
3964 11 69 0.378
3964 11 60 0.315
3976 11 67 0.3622
3976 11 48 0.2835
3988 11 64 0.3465
3988 11 55 0.2835
3999 11 69 0.2913
3999 11 53 0.2677
4011 11 65 0.2362
4011 11 57 0.2205
4023 11 69 0.315
4023 11 53 0.2756
4035 11 65 0.2756
4035 11 57 0.2283
4047 11 69 0.3228
4047 11 53 0.2835
4059 11 65 0.2913
4059 11 57 0.2441
4071 11 67 0.3465
4071 11 48 0.2992
4083 11 64 0.3071
4083 11 55 0.2441
4095 11 69 0.3701
4095 11 53 0.315
4107 11 65 0.3307
4107 11 57 0.2835
4119 11 70 0.3543
4119 11 55 0.315
4130 11 67 0.378
4130 11 58 0.2756
4142 11 72 0.4016
4142 11 57 0.3465
4154 11 69 0.4094
4154 11 60 0.315
4166 11 74 0.4488
4166 11 55 0.378
4178 11 71 0.4016
4178 11 59 0.3386
4190 11 76 0.4567
4190 11 60 0.3937
4202 11 72 0.3701
4202 11 64 0.3228
4214 11 76 0.4331
4214 11 60 0.315
4226 11 72 0.3701
4226 11 64 0.2598
4238 11 76 0.4094
4238 11 60 0.315
4249 11 72 0.315
4249 11 64 0.2756
4261 11 74 0.3622
4261 11 55 0.315
4273 11 71 0.315
4273 11 62 0.252
4285 11 76 0.3701
4285 11 60 0.315
4297 11 72 0.3307
4297 11 64 0.2835
4309 11 77 0.3543
4309 11 62 0.315
4321 11 74 0.378
4321 11 65 0.2756
4333 11 79 0.4016
4333 11 64 0.3465
4345 11 76 0.378
4345 11 67 0.2913
4357 11 74 0.3622
4357 11 55 0.2992
4369 11 71 0.3465
4369 11 62 0.315
4380 11 76 0.4016
4380 11 60 0.3465
4392 11 72 0.3386
4392 11 64 0.2598
4404 11 76 0.3858
4404 11 60 0.3071
4416 11 72 0.315
4416 11 64 0.2598
4428 11 76 0.3858
4428 11 60 0.315
4440 11 72 0.315
4440 11 64 0.2756
4452 11 74 0.3622
4452 11 55 0.315
4464 11 71 0.315
4464 11 62 0.252
4476 11 76 0.3701
4476 11 60 0.315
4488 11 72 0.3307
4488 11 64 0.2835
4499 11 74 0.3543
4499 11 62 0.315
4511 11 71 0.3228
4511 11 65 0.2756
4523 11 72 0.378
4523 23 64 0.3465
4535 11 67 0.315
4547 11 70 0.315
4559 11 67 0.2835
4571 11 69 0.2913
4571 11 53 0.2677
4583 11 65 0.252
4583 11 57 0.2283
4595 11 69 0.315
4595 11 53 0.2756
4607 11 65 0.2677
4607 11 57 0.2283
4619 11 69 0.3228
4619 11 53 0.2835
4630 11 65 0.2913
4630 11 57 0.252
4642 11 67 0.3465
4642 11 48 0.2992
4654 11 64 0.3071
4654 11 55 0.2441
4666 11 69 0.3701
4666 11 53 0.315
4678 11 65 0.3307
4678 11 57 0.2835
4690 11 70 0.3543
4690 11 55 0.315
4702 11 67 0.378
4702 11 58 0.2756
4714 11 72 0.4016
4714 11 57 0.3465
4726 11 69 0.378
4726 11 60 0.315
4738 11 67 0.3543
4738 11 48 0.2992
4749 11 64 0.3307
4749 11 55 0.2835
4761 11 69 0.2913
4761 11 53 0.2677
4773 11 65 0.2677
4773 11 57 0.2283
4785 11 69 0.315
4785 11 53 0.2756
4797 11 65 0.2835
4797 11 57 0.2283
4809 11 69 0.3228
4809 11 53 0.2835
4821 11 65 0.2913
4821 11 57 0.252
4833 11 67 0.3465
4833 11 48 0.2992
4845 11 64 0.3071
4845 11 55 0.2441
4857 11 69 0.3701
4857 11 53 0.315
4869 11 65 0.3307
4869 11 57 0.2835
4880 11 70 0.3543
4880 11 55 0.315
4892 11 67 0.378
4892 11 58 0.2756
4904 11 72 0.4016
4904 11 57 0.3465
4916 11 69 0.4094
4916 11 60 0.315
4928 11 74 0.4488
4928 11 55 0.378
4940 11 71 0.4016
4940 11 59 0.3386
4952 11 76 0.4567
4952 11 60 0.3937
4964 11 72 0.3701
4964 11 64 0.3228
4976 11 76 0.4331
4976 11 60 0.315
4988 11 72 0.3701
4988 11 64 0.2598
4999 11 76 0.4094
4999 11 60 0.315
5011 11 72 0.315
5011 11 64 0.2756
5023 11 74 0.3622
5023 11 55 0.315
5035 11 71 0.315
5035 11 62 0.252
5047 11 76 0.3701
5047 11 60 0.315
5059 11 72 0.3307
5059 11 64 0.2835
5071 11 77 0.3543
5071 11 62 0.315
5083 11 74 0.378
5083 11 65 0.2756
5095 11 79 0.4331
5095 11 64 0.3465
5107 11 76 0.378
5107 11 67 0.2913
5119 11 74 0.3622
5119 11 55 0.2992
5130 11 71 0.3465
5130 11 62 0.315
5142 11 76 0.4016
5142 11 60 0.3465
5154 11 72 0.3386
5154 11 64 0.2598
5166 11 76 0.3858
5166 11 60 0.3071
5178 11 72 0.315
5178 11 64 0.2598
5190 11 76 0.3543
5190 11 60 0.315
5202 11 72 0.3307
5202 11 64 0.2756
5214 11 74 0.3622
5214 11 55 0.315
5226 11 71 0.315
5226 11 62 0.252
5238 11 76 0.3701
5238 11 60 0.315
5249 11 72 0.3307
5249 11 64 0.2835
5261 11 74 0.3543
5261 11 62 0.315
5273 11 71 0.3228
5273 11 65 0.2756
5285 11 72 0.378
5285 23 64 0.3465
5297 11 67 0.315
5309 11 70 0.315
5321 11 67 0.315
5333 11 70 0.3701
5333 71 36 0.4724
5345 11 67 0.315
5357 11 70 0.3701
5369 11 67 0.315
5380 11 70 0.3701
5392 11 67 0.3228
5404 11 70 0.3701
5404 23 37 0.3543
5416 11 67 0.3307
5428 11 70 0.3701
5428 23 36 0.4252
5440 11 67 0.3228
5452 11 70 0.3701
5452 23 44 0.3701
5464 11 67 0.3307
5476 11 70 0.3701
5476 47 43 0.4016
5488 11 67 0.3228
5499 11 70 0.3701
5511 11 67 0.3307
5523 11 68 0.3701
5523 71 36 0.4882
5535 11 65 0.315
5547 11 68 0.3701
5559 11 65 0.315
5571 11 68 0.3858
5583 11 65 0.3386
5595 11 68 0.4094
5595 23 37 0.4016
5607 11 65 0.378
5619 11 68 0.4488
5619 23 36 0.4724
5630 11 65 0.3858
5642 11 68 0.4252
5642 23 46 0.4016
5654 11 65 0.3307
5666 11 68 0.3701
5666 47 44 0.4646
5678 11 65 0.3228
5690 11 68 0.3701
5702 11 65 0.2913
5714 71 65 0.3543
5714 11 61 0.3228
5714 71 49 0.3622
5726 11 56 0.2598
5738 11 61 0.3228
5749 11 56 0.2677
5761 11 61 0.3228
5773 11 56 0.2598
5785 23 63 0.3307
5785 11 60 0.3228
5785 23 44 0.3386
5797 11 56 0.2677
5809 11 61 0.3228
5809 23 65 0.3307
5809 23 49 0.3622
5821 11 56 0.2677
5833 23 66 0.3307
5833 23 51 0.3307
5845 11 56 0.2677
5857 23 68 0.3307
5857 23 53 0.3622
5869 11 56 0.2677
5880 11 60 0.3228
5880 23 63 0.3307
5880 23 44 0.3386
5892 11 56 0.2677
5904 23 65 0.3307
5904 23 49 0.3622
5916 11 61 0.2677
5928 23 67 0.3622
5928 23 49 0.3701
5928 23 52 0.3701
5940 11 64 0.2992
5952 23 68 0.378
5952 23 49 0.4173
5952 23 53 0.4173
5964 11 65 0.315
5976 23 70 0.4173
5976 23 49 0.4646
5976 23 53 0.4646
5988 11 65 0.3622
5999 11 72 0.4331
5999 23 48 0.5118
5999 23 55 0.5118
6011 11 64 0.3465
6023 11 70 0.3937
6035 11 67 0.3307
6047 11 64 0.3701
6059 11 60 0.3701
6071 11 58 0.3622
6083 11 55 0.3543
6095 11 69 0.2913
6095 11 53 0.2677
6107 11 65 0.2126
6107 11 57 0.2283
6119 11 69 0.315
6119 11 53 0.2756
6130 11 65 0.252
6130 11 57 0.2283
6142 11 69 0.3228
6142 11 53 0.2835
6154 11 65 0.2913
6154 11 57 0.252
6166 11 67 0.3465
6166 11 48 0.2992
6178 11 64 0.3071
6178 11 55 0.2441
6190 11 69 0.3701
6190 11 53 0.315
6202 11 65 0.3307
6202 11 57 0.2835
6214 11 70 0.3543
6214 11 55 0.315
6226 11 67 0.378
6226 11 58 0.2756
6238 11 72 0.4016
6238 11 57 0.3465
6249 11 69 0.378
6249 11 60 0.315
6261 11 67 0.3465
6261 11 48 0.3071
6273 11 64 0.3307
6273 11 55 0.3071
6285 11 69 0.2913
6285 11 53 0.2677
6297 11 65 0.252
6297 11 57 0.2283
6309 11 69 0.315
6309 11 53 0.2756
6321 11 65 0.2677
6321 11 57 0.2283
6333 11 69 0.3228
6333 11 53 0.2835
6345 11 65 0.2913
6345 11 57 0.252
6357 11 67 0.3465
6357 11 48 0.2992
6369 11 64 0.3071
6369 11 55 0.2441
6380 11 69 0.3701
6380 11 53 0.315
6392 11 65 0.3307
6392 11 57 0.2835
6404 11 70 0.3543
6404 11 55 0.315
6416 11 67 0.378
6416 11 58 0.2756
6428 11 72 0.4016
6428 11 57 0.3465
6440 11 69 0.378
6440 11 60 0.315
6452 11 64 0.3622
6452 11 53 0.3071
6464 11 65 0.3465
6464 11 57 0.3071
6476 71 74 0.4488
6476 11 70 0.3228
6476 71 58 0.3937
6488 11 65 0.2598
6499 11 70 0.3228
6511 11 65 0.2677
6523 11 70 0.3228
6535 11 65 0.2598
6547 23 72 0.3307
6547 11 69 0.3228
6547 23 53 0.3386
6559 11 65 0.2677
6571 11 70 0.3701
6571 23 74 0.3701
6571 23 58 0.3622
6583 11 65 0.315
6595 23 76 0.4173
6595 23 60 0.3701
6607 11 65 0.3465
6619 23 77 0.4409
6619 23 62 0.4016
6630 11 65 0.3622
6642 23 74 0.4016
6642 23 58 0.3701
6654 11 65 0.2992
6666 23 72 0.3858
6666 23 57 0.3622
6678 11 65 0.2677
6690 23 69 0.3307
6690 23 60 0.3228
6702 11 64 0.2677
6714 23 65 0.3858
6714 23 62 0.3465
6738 11 62 0.3307
6738 11 70 0.3307
6738 11 55 0.2992
6761 47 58 0.3858
6761 47 64 0.4173
6761 47 48 0.315
6809 23 57 0.3228
6809 23 65 0.3543
6809 23 53 0.2913
6857 11 70 0.3701
6857 71 36 0.4724
6869 11 67 0.315
6880 11 70 0.3701
6892 11 67 0.315
6904 11 70 0.3701
6916 11 67 0.3228
6928 11 70 0.3701
6928 23 37 0.3543
6940 11 67 0.3307
6952 11 70 0.3701
6952 23 36 0.4252
6964 11 67 0.3228
6976 11 70 0.3701
6976 23 44 0.3701
6988 11 67 0.3307
6999 11 70 0.3701
6999 47 43 0.4016
7011 11 67 0.3228
7023 11 70 0.3701
7035 11 67 0.3307
7047 11 68 0.3701
7047 71 36 0.4882
7059 11 65 0.315
7071 11 68 0.3701
7083 11 65 0.315
7095 11 68 0.3858
7107 11 65 0.3386
7119 11 68 0.4094
7119 23 37 0.4016
7130 11 65 0.378
7142 11 68 0.4488
7142 23 36 0.4724
7154 11 65 0.3858
7166 11 68 0.4252
7166 23 46 0.4016
7178 11 65 0.3307
7190 11 68 0.3701
7190 47 44 0.4646
7202 11 65 0.3228
7214 11 68 0.3701
7226 11 65 0.2913
7238 71 65 0.3543
7238 11 61 0.3228
7238 71 49 0.3622
7249 11 56 0.2598
7261 11 61 0.3228
7273 11 56 0.2677
7285 11 61 0.3228
7297 11 56 0.2598
7309 23 63 0.3307
7309 11 60 0.3228
7309 23 44 0.3386
7321 11 56 0.2677
7333 11 61 0.3228
7333 23 65 0.3307
7333 23 49 0.3622
7345 11 56 0.2677
7357 23 66 0.3307
7357 23 51 0.3307
7369 11 56 0.2677
7380 23 68 0.3307
7380 23 53 0.3622
7392 11 56 0.2677
7404 11 60 0.3228
7404 23 63 0.3307
7404 23 44 0.3386
7416 11 56 0.2677
7428 23 65 0.3307
7428 23 49 0.3622
7440 11 61 0.2677
7452 23 67 0.3622
7452 23 49 0.3701
7452 23 52 0.3701
7464 11 64 0.2992
7476 23 68 0.378
7476 23 49 0.4173
7476 23 53 0.4173
7488 11 65 0.315
7499 23 70 0.4173
7499 23 49 0.4646
7499 23 53 0.4646
7511 11 65 0.3622
7523 11 72 0.4331
7523 23 48 0.5118
7523 23 55 0.5118
7535 11 64 0.3465
7547 11 70 0.3937
7559 11 67 0.3307
7571 11 64 0.3701
7583 11 60 0.3701
7595 11 58 0.3622
7607 11 55 0.3543
7619 11 69 0.2913
7619 11 53 0.2677
7630 11 65 0.2126
7630 11 57 0.2283
7642 11 69 0.315
7642 11 53 0.2756
7654 11 65 0.252
7654 11 57 0.2283
7666 11 69 0.3228
7666 11 53 0.2835
7678 11 65 0.2913
7678 11 57 0.252
7690 11 67 0.3465
7690 11 48 0.2992
7702 11 64 0.3071
7702 11 55 0.2441
7714 11 69 0.3701
7714 11 53 0.315
7726 11 65 0.3307
7726 11 57 0.2835
7738 11 70 0.3543
7738 11 55 0.315
7749 11 67 0.378
7749 11 58 0.2756
7761 11 72 0.4016
7761 11 57 0.3465
7773 11 69 0.378
7773 11 60 0.315
7785 11 67 0.3465
7785 11 48 0.3071
7797 11 64 0.3307
7797 11 55 0.3071
7809 11 69 0.2913
7809 11 53 0.2677
7821 11 65 0.252
7821 11 57 0.2283
7833 11 69 0.315
7833 11 53 0.2756
7845 11 65 0.2677
7845 11 57 0.2283
7857 11 69 0.3228
7857 11 53 0.2835
7869 11 65 0.2913
7869 11 57 0.252
7880 11 67 0.3465
7880 11 48 0.2992
7892 11 64 0.3071
7892 11 55 0.2441
7904 11 69 0.3701
7904 11 53 0.315
7916 11 65 0.3307
7916 11 57 0.2835
7928 11 70 0.3543
7928 11 55 0.315
7940 11 67 0.378
7940 11 58 0.2756
7952 11 72 0.4016
7952 11 57 0.3465
7964 11 69 0.378
7964 11 60 0.315
7976 11 64 0.3622
7976 11 53 0.3071
7988 11 65 0.3465
7988 11 57 0.3071
7999 71 74 0.4488
7999 11 70 0.3228
7999 71 58 0.3937
8011 11 65 0.2598
8023 11 70 0.3228
8035 11 65 0.2677
8047 11 70 0.3228
8059 11 65 0.2598
8071 23 72 0.3307
8071 11 69 0.3228
8071 23 53 0.3386
8083 11 65 0.2677
8095 11 70 0.3701
8095 23 74 0.3701
8095 23 58 0.3622
8107 11 65 0.315
8119 23 76 0.4173
8119 23 60 0.3701
8130 11 65 0.3465
8142 23 77 0.4409
8142 23 62 0.4016
8154 11 65 0.3622
8166 23 74 0.4016
8166 23 58 0.3701
8178 11 65 0.2992
8190 23 72 0.3858
8190 23 57 0.3622
8202 11 65 0.2677
8214 23 69 0.3307
8214 23 60 0.3228
8226 11 64 0.2677
8238 23 65 0.3858
8238 23 62 0.3465
8261 11 62 0.3307
8261 11 70 0.3307
8261 11 55 0.2992
8285 47 58 0.3858
8285 47 64 0.4173
8285 47 48 0.315
8333 23 57 0.3228
8333 23 65 0.3543
8333 23 53 0.2913
8380 11 45 0.6063
8380 11 33 0.5276
8392 11 47 0.5433
8392 11 35 0.4724
8404 11 45 0.5827
8404 11 33 0.5118
8416 11 47 0.5433
8416 11 35 0.4724
8428 11 48 0.6142
8428 11 36 0.5354
8440 11 47 0.5433
8440 11 35 0.4724
8452 11 48 0.6063
8452 11 36 0.5276
8464 11 47 0.5433
8464 11 35 0.4724
8476 23 45 0.6299
8476 23 33 0.5512
8499 11 47 0.5433
8499 11 35 0.4724
8523 23 48 0.622
8523 23 36 0.5433
8547 11 52 0.5433
8547 11 40 0.4724
8571 23 57 0.622
8571 23 45 0.5433
8595 11 59 0.5433
8595 11 47 0.4724
8619 23 60 0.622
8619 23 48 0.5433
8642 11 64 0.5433
8642 11 52 0.4724
8666 23 64 0.4882
8666 23 68 0.4882
8666 23 71 0.5827
8666 23 52 0.5276
8690 23 64 0.4646
8690 23 68 0.4646
8690 23 71 0.5512
8690 23 52 0.4724
8714 47 64 0.5354
8714 47 69 0.5354
8714 47 72 0.6299
8714 47 57 0.5512
8761 11 45 0.6063
8761 11 33 0.5276
8773 11 47 0.5433
8773 11 35 0.4724
8785 11 45 0.5827
8785 11 33 0.5118
8797 11 47 0.5433
8797 11 35 0.4724
8809 11 48 0.6142
8809 11 36 0.5354
8821 11 47 0.5433
8821 11 35 0.4724
8833 11 48 0.6063
8833 11 36 0.5276
8845 11 47 0.5433
8845 11 35 0.4724
8857 23 45 0.6299
8857 23 33 0.5512
8880 11 47 0.5433
8880 11 35 0.4724
8904 23 48 0.622
8904 23 36 0.5433
8928 11 52 0.5433
8928 11 40 0.4724
8952 23 57 0.622
8952 23 45 0.5433
8976 11 59 0.5433
8976 11 47 0.4724
8999 23 60 0.622
8999 23 48 0.5433
9023 11 64 0.5433
9023 11 52 0.4724
9047 23 64 0.4882
9047 23 68 0.4882
9047 23 71 0.5827
9047 23 52 0.5276
9071 23 64 0.4646
9071 23 68 0.4646
9071 23 71 0.5512
9071 23 52 0.4724
9095 47 69 0.6457
9095 47 57 0.5512
9142 11 58 0.6063
9142 11 46 0.5276
9154 11 57 0.5433
9154 11 45 0.4724
9166 11 58 0.5827
9166 11 46 0.5118
9178 11 57 0.5433
9178 11 45 0.4724
9190 11 55 0.6142
9190 11 43 0.5354
9202 11 57 0.5433
9202 11 45 0.4724
9214 11 55 0.6063
9214 11 43 0.5276
9226 11 57 0.5433
9226 11 45 0.4724
9238 23 58 0.6299
9238 23 46 0.5512
9261 11 55 0.5433
9261 11 43 0.4724
9285 23 55 0.622
9285 23 43 0.5433
9309 11 52 0.5433
9309 11 40 0.4724
9333 23 67 0.5276
9333 23 70 0.622
9333 23 37 0.5433
9357 11 64 0.4567
9357 11 67 0.5433
9357 11 40 0.4724
9380 23 64 0.5276
9380 23 67 0.622
9380 23 40 0.5433
9404 11 64 0.5433
9404 11 61 0.4567
9404 11 43 0.4724
9428 23 64 0.5827
9428 23 61 0.4882
9428 23 57 0.4882
9428 23 45 0.5276
9452 23 64 0.5512
9452 23 61 0.4646
9452 23 57 0.4646
9452 23 45 0.4724
9476 47 65 0.6299
9476 47 62 0.5354
9476 47 57 0.5354
9476 47 50 0.5512
9523 11 60 0.6063
9523 11 48 0.5276
9535 11 59 0.5433
9535 11 47 0.4724
9547 11 60 0.5827
9547 11 48 0.5118
9559 11 59 0.5433
9559 11 47 0.4724
9571 11 57 0.6142
9571 11 45 0.5354
9583 11 59 0.5433
9583 11 47 0.4724
9595 11 57 0.6063
9595 11 45 0.5276
9607 11 59 0.5433
9607 11 47 0.4724
9619 23 60 0.6299
9619 23 48 0.5512
9642 11 57 0.5433
9642 11 45 0.4724
9666 23 57 0.622
9666 23 45 0.5433
9690 11 54 0.5433
9690 11 42 0.4724
9714 23 69 0.5276
9714 23 72 0.622
9714 23 39 0.5433
9738 11 66 0.4567
9738 11 69 0.5433
9738 11 42 0.4724
9761 23 66 0.5276
9761 23 69 0.622
9761 23 42 0.5433
9785 11 66 0.5433
9785 11 63 0.4567
9785 11 45 0.4724
9809 23 66 0.5827
9809 23 63 0.5827
9809 23 47 0.5276
9833 23 66 0.5512
9833 23 63 0.5512
9833 23 47 0.4724
9857 47 68 0.6299
9857 47 64 0.5354
9857 47 59 0.5354
9857 47 52 0.5512
9904 11 57 0.6614
9904 11 45 0.5748
9916 11 59 0.5906
9916 11 47 0.5197
9928 11 57 0.6378
9928 11 45 0.5591
9940 11 59 0.5906
9940 11 47 0.5197
9952 11 60 0.6693
9952 11 48 0.5827
9964 11 59 0.5906
9964 11 47 0.5197
9976 11 60 0.6614
9976 11 48 0.5748
9988 11 59 0.5906
9988 11 47 0.5197
9999 23 57 0.6929
9999 23 45 0.6063
10023 11 59 0.5906
10023 11 47 0.5197
10047 23 60 0.6772
10047 23 48 0.5906
10071 11 64 0.5906
10071 11 52 0.5197
10095 23 69 0.6772
10095 23 57 0.5906
10119 11 71 0.5906
10119 11 59 0.5197
10142 23 72 0.6772
10142 23 60 0.5906
10166 11 76 0.5906
10166 11 64 0.5197
10190 23 64 0.5748
10190 23 68 0.5748
10190 23 71 0.6772
10190 23 52 0.622
10214 23 64 0.5354
10214 23 68 0.5354
10214 23 71 0.6378
10214 23 52 0.5433
10238 23 64 0.5354
10238 23 69 0.5354
10238 23 72 0.6378
10238 23 57 0.6299
10261 23 64 0.5669
10261 23 67 0.5669
10261 23 69 0.5669
10261 23 73 0.6693
10261 23 45 0.5669
10285 47 65 0.6063
10285 47 69 0.6063
10285 47 74 0.7165
10285 11 50 0.6772
10297 11 52 0.5748
10309 11 50 0.6142
10321 11 52 0.5433
10333 11 65 0.6378
10333 11 53 0.5591
10345 11 64 0.5669
10345 11 52 0.4961
10357 11 65 0.6299
10357 11 53 0.5512
10369 11 64 0.5669
10369 11 52 0.4961
10380 23 62 0.6614
10380 23 50 0.5748
10404 11 64 0.5669
10404 11 52 0.4961
10428 23 65 0.6457
10428 23 53 0.5669
10452 11 69 0.5669
10452 11 57 0.4961
10476 23 74 0.6457
10476 23 62 0.5669
10499 11 76 0.5669
10499 11 64 0.4961
10523 23 77 0.6457
10523 23 65 0.5669
10547 11 81 0.5669
10547 11 69 0.4961
10571 23 71 0.5591
10571 23 76 0.5591
10571 23 80 0.6693
10571 23 64 0.5512
10595 23 71 0.5276
10595 23 76 0.5276
10595 23 80 0.6299
10595 23 64 0.4961
10619 47 72 0.6063
10619 47 76 0.6063
10619 47 81 0.7244
10619 47 69 0.5748
