0 141 49 0.3071
0 141 53 0.3071
0 141 56 0.3701
0 141 37 0.3701
141 141 49 0.2913
141 141 58 0.3465
141 141 54 0.3465
141 141 30 0.2756
283 212 49 0.2913
283 212 53 0.2913
283 212 56 0.3465
283 212 37 0.2913
496 70 58 0.3465
496 70 51 0.2913
496 70 49 0.2913
496 70 30 0.2756
567 141 49 0.3071
567 141 51 0.3071
567 141 56 0.3701
567 141 32 0.315
709 141 56 0.3622
709 141 48 0.2992
709 141 51 0.2992
709 124 44 0.315
834 17 42 0.2835
851 283 49 0.3071
851 283 53 0.3071
851 283 56 0.3701
851 106 41 0.3386
958 35 42 0.2835
993 53 44 0.3228
1047 17 42 0.2913
1064 53 41 0.315
1118 17 39 0.315
1135 141 61 0.4252
1135 141 56 0.3543
1135 141 53 0.3543
1135 141 37 0.3071
1135 141 49 0.3622
1277 141 54 0.3701
1277 141 58 0.3701
1277 141 61 0.4409
1277 141 42 0.378
1277 141 30 0.315
1419 212 56 0.2835
1419 212 53 0.2835
1419 212 61 0.3465
1419 212 37 0.2126
1419 212 49 0.252
1632 70 52 0.2913
1632 70 61 0.3465
1632 70 55 0.2913
1632 70 33 0.2362
1632 70 45 0.2835
1703 141 54 0.3071
1703 141 51 0.3071
1703 141 61 0.3701
1703 141 32 0.2441
1703 141 44 0.2913
1845 141 51 0.2913
1845 141 60 0.3386
1845 141 54 0.2913
1845 195 44 0.2677
1987 212 49 0.2913
1987 212 53 0.2913
1987 212 61 0.3386
2040 17 42 0.2205
2058 53 41 0.252
2111 17 39 0.2126
2129 70 37 0.2126
2271 141 49 0.3071
2271 141 53 0.3071
2271 141 56 0.3701
2271 141 37 0.3701
2413 141 49 0.2913
2413 141 54 0.3465
2413 141 58 0.3465
2413 141 30 0.2756
2555 212 49 0.2913
2555 212 53 0.2913
2555 212 56 0.3465
2555 212 37 0.2913
2768 70 49 0.2913
2768 70 51 0.2913
2768 70 58 0.3465
2768 70 30 0.2756
2839 141 49 0.3071
2839 141 51 0.3071
2839 141 56 0.3701
2839 141 32 0.315
2981 141 48 0.2992
2981 141 51 0.2992
2981 141 56 0.3622
2981 124 44 0.315
3105 17 42 0.2835
3123 283 49 0.3071
3123 283 53 0.3071
3123 283 56 0.3701
3123 106 41 0.3386
3230 35 42 0.2835
3265 53 44 0.3228
3318 17 42 0.2913
3336 53 41 0.315
3389 17 39 0.315
3407 141 53 0.3543
3407 141 56 0.3543
3407 141 61 0.4252
3407 141 37 0.3071
3407 141 49 0.3622
3549 141 54 0.3701
3549 141 58 0.3701
3549 141 61 0.4409
3549 141 30 0.315
3549 141 42 0.378
3691 212 53 0.2677
3691 212 56 0.2677
3691 212 61 0.3228
3691 212 37 0.1969
3691 212 49 0.2362
3904 70 52 0.2913
3904 70 55 0.2913
3904 70 61 0.3465
3904 70 33 0.2362
3904 70 45 0.2835
3975 141 51 0.3071
3975 141 54 0.3071
3975 141 61 0.3701
3975 141 32 0.2441
3975 141 44 0.2913
4117 141 51 0.2913
4117 141 54 0.2913
4117 141 60 0.3386
4117 195 44 0.2677
4259 212 49 0.2913
4259 212 53 0.2913
4259 212 61 0.3386
4312 17 42 0.2205
4330 53 41 0.2441
4383 17 39 0.2126
4401 70 37 0.2126
4543 141 48 0.3071
4543 141 51 0.3071
4543 141 56 0.3701
4543 141 42 0.315
4543 141 44 0.315
4685 124 48 0.2913
4685 124 54 0.3465
4685 124 56 0.3465
4685 124 39 0.2756
4685 124 44 0.2756
4809 17 48 0.2913
4809 17 51 0.3465
4809 17 56 0.3465
4809 17 42 0.2756
4809 17 44 0.2756
4827 106 49 0.3071
4827 106 53 0.3071
4827 106 56 0.3701
4827 106 41 0.2598
4827 106 44 0.3071
4933 35 53 0.3543
4933 35 56 0.3543
4933 35 61 0.4173
4933 35 37 0.3071
4933 35 44 0.3622
4969 70 56 0.3228
4969 70 54 0.3228
4969 70 60 0.3858
4969 70 39 0.2913
4969 70 44 0.3465
5040 70 53 0.2441
5040 70 56 0.2441
5040 70 61 0.2913
5040 70 37 0.2205
5040 70 44 0.2677
5111 141 48 0.3071
5111 141 51 0.3071
5111 141 56 0.3701
5111 141 42 0.315
5111 141 44 0.315
5253 124 48 0.2913
5253 124 54 0.3465
5253 124 56 0.3465
5253 124 39 0.2756
5253 124 44 0.2756
5377 17 48 0.2913
5377 17 51 0.3465
5377 17 56 0.3465
5377 17 42 0.2756
5377 17 44 0.2756
5395 106 49 0.3071
5395 106 53 0.3071
5395 106 56 0.3701
5395 106 41 0.2598
5395 106 44 0.3071
5501 35 53 0.3543
5501 35 56 0.3543
5501 35 65 0.4331
5501 35 37 0.3071
5501 35 44 0.3622
5537 70 56 0.3543
5537 70 54 0.3543
5537 35 65 0.4567
5537 70 36 0.2913
5537 70 44 0.3465
5572 35 63 0.4016
5608 70 53 0.2441
5608 70 56 0.2441
5608 70 61 0.2913
5608 70 37 0.2205
5608 70 44 0.2677
5679 141 48 0.3622
5679 141 51 0.3622
5679 141 56 0.4409
5679 141 42 0.378
5679 141 44 0.378
5821 124 48 0.4094
5821 124 54 0.4882
5821 124 56 0.4882
5821 124 39 0.3858
5821 124 44 0.3858
5945 17 48 0.4488
5945 17 51 0.5354
5945 17 56 0.5354
5945 17 42 0.4331
5945 17 44 0.4331
5963 106 56 0.5512
5963 106 61 0.5512
5963 106 68 0.685
5963 106 41 0.5748
5963 106 53 0.5748
6069 35 61 0.4724
6069 35 65 0.4724
6069 35 68 0.5669
6069 35 37 0.378
6069 35 49 0.4173
6105 70 63 0.4803
6105 70 60 0.4803
6105 35 68 0.622
6105 70 39 0.4094
6105 70 51 0.4882
6140 35 66 0.5197
6176 70 56 0.3465
6176 70 61 0.3465
6176 70 65 0.4331
6176 70 41 0.2835
6176 70 53 0.3307
6247 141 54 0.3071
6247 141 58 0.3071
6247 141 63 0.3701
6247 141 42 0.2913
6389 141 48 0.2913
6389 141 51 0.2913
6389 141 56 0.3386
6389 195 44 0.2677
6530 212 49 0.2913
6530 212 53 0.2913
6530 212 61 0.3386
6584 17 42 0.2205
6601 53 41 0.2362
6655 17 39 0.2126
6672 70 37 0.2047
6814 141 48 0.3071
6814 141 51 0.3071
6814 141 56 0.3701
6814 141 42 0.315
6814 141 44 0.315
6956 124 48 0.2913
6956 124 54 0.3465
6956 124 56 0.3465
6956 124 39 0.2756
6956 124 44 0.2756
7081 17 48 0.2913
7081 17 51 0.3465
7081 17 56 0.3465
7081 17 42 0.2756
7081 17 44 0.2756
7098 106 49 0.3071
7098 106 53 0.3071
7098 106 56 0.3701
7098 106 41 0.2598
7098 106 44 0.3071
7205 35 53 0.3543
7205 35 56 0.3543
7205 35 61 0.4173
7205 35 37 0.3071
7205 35 44 0.3622
7240 70 56 0.3228
7240 70 54 0.3228
7240 70 60 0.3858
7240 70 39 0.2913
7240 70 44 0.3465
7311 70 53 0.2441
7311 70 56 0.2441
7311 70 61 0.2913
7311 70 37 0.2205
7311 70 44 0.2677
7382 141 48 0.3071
7382 141 51 0.3071
7382 141 56 0.3701
7382 141 42 0.315
7382 141 44 0.315
7524 124 48 0.2913
7524 124 54 0.3465
7524 124 56 0.3465
7524 124 39 0.2756
7524 124 44 0.2756
7649 17 48 0.2913
7649 17 51 0.3465
7649 17 56 0.3465
7649 17 42 0.2756
7649 17 44 0.2756
7666 106 49 0.3071
7666 106 53 0.3071
7666 106 56 0.3701
7666 106 41 0.2598
7666 106 44 0.3071
7773 35 53 0.3543
7773 35 56 0.3543
7773 35 65 0.4331
7773 35 37 0.3071
7773 35 44 0.3622
7808 70 56 0.3543
7808 70 54 0.3543
7808 35 65 0.4567
7808 70 36 0.2913
7808 70 44 0.3465
7844 35 63 0.4016
7879 70 53 0.2441
7879 70 56 0.2441
7879 70 61 0.2913
7879 70 37 0.2205
7879 70 44 0.2677
7950 141 48 0.3622
7950 141 51 0.3622
7950 141 56 0.4409
7950 141 42 0.378
7950 141 44 0.378
8092 124 48 0.4094
8092 124 54 0.4882
8092 124 56 0.4882
8092 124 39 0.3858
8092 124 44 0.3858
8216 17 48 0.4488
8216 17 51 0.5354
8216 17 56 0.5354
8216 17 42 0.4331
8216 17 44 0.4331
8234 106 56 0.5512
8234 106 61 0.5512
8234 106 68 0.685
8234 106 41 0.5748
8234 106 53 0.5748
8341 35 61 0.4803
8341 35 65 0.4803
8341 35 68 0.5748
8341 35 37 0.3858
8341 35 49 0.4331
8376 70 63 0.4803
8376 70 60 0.4803
8376 35 68 0.622
8376 70 39 0.4094
8376 70 51 0.4882
8412 35 66 0.5197
8447 70 56 0.3465
8447 70 61 0.3465
8447 70 65 0.4331
8447 70 41 0.2835
8447 70 53 0.3307
8518 141 54 0.3071
8518 141 58 0.3071
8518 141 63 0.3701
8518 141 42 0.2913
8660 141 48 0.2913
8660 141 51 0.2913
8660 141 56 0.3386
8660 195 44 0.2677
8802 212 49 0.2913
8802 212 53 0.2913
8802 212 61 0.3386
8855 17 42 0.2205
8873 53 41 0.2362
8926 17 39 0.2205
8944 70 37 0.2047
9086 70 49 0.3071
9086 70 53 0.3071
9086 70 56 0.3701
9157 141 37 0.315
9228 70 49 0.2913
9228 70 54 0.2913
9228 70 58 0.3465
9299 141 30 0.2441
9370 70 49 0.3071
9370 70 53 0.3071
9370 70 56 0.3701
9441 141 32 0.3071
9512 70 49 0.2913
9512 70 51 0.2913
9512 70 58 0.3465
9583 141 31 0.2756
9654 70 49 0.3071
9654 70 51 0.3071
9654 70 56 0.3701
9725 141 32 0.315
9796 70 48 0.2992
9796 70 51 0.2992
9796 70 56 0.3622
9867 106 42 0.2992
9938 35 54 0.2992
9973 70 41 0.2441
10009 35 53 0.2913
10044 70 39 0.2283
10080 35 51 0.2835
10115 70 37 0.2205
10151 35 49 0.2756
10186 106 36 0.2047
10222 70 53 0.315
10222 70 56 0.315
10222 70 61 0.3858
10293 141 37 0.3307
10364 70 54 0.2992
10364 70 58 0.3622
10364 70 61 0.3622
10435 141 42 0.252
10506 70 53 0.315
10506 70 56 0.315
10506 70 61 0.3858
10577 141 44 0.315
10648 70 52 0.2992
10648 70 55 0.2992
10648 70 61 0.3622
10719 141 45 0.2835
10790 70 51 0.3071
10790 70 54 0.3071
10790 70 61 0.3701
10861 141 44 0.315
10932 70 51 0.2992
10932 70 54 0.2992
10932 70 60 0.3622
11003 106 32 0.2992
11074 35 49 0.2756
11074 35 53 0.2756
11074 35 61 0.3307
11109 70 37 0.2677
11145 35 56 0.3071
11180 70 44 0.2362
11216 35 53 0.3307
11251 70 41 0.2677
11287 35 51 0.3071
11322 106 39 0.2441
11358 70 49 0.3071
11358 70 53 0.3071
11358 70 56 0.3701
11429 141 37 0.315
11500 70 49 0.2913
11500 70 54 0.2913
11500 70 58 0.3465
11571 141 30 0.2441
11642 70 49 0.3071
11642 70 53 0.3071
11642 70 56 0.3701
11713 141 32 0.3071
11784 70 49 0.2913
11784 70 51 0.2913
11784 70 58 0.3465
11855 141 31 0.2756
11926 70 49 0.3071
11926 70 51 0.3071
11926 70 56 0.3701
11997 141 32 0.315
12068 70 48 0.2992
12068 70 51 0.2992
12068 70 56 0.3622
12139 106 42 0.2992
12210 35 54 0.3071
12245 70 41 0.2441
12281 35 53 0.2992
12316 70 39 0.2362
12352 35 51 0.2992
12387 70 37 0.2283
12423 35 49 0.2913
12458 106 36 0.2205
12494 70 53 0.315
12494 70 56 0.315
12494 70 61 0.3858
12565 141 37 0.3307
12636 70 54 0.2992
12636 70 58 0.3622
12636 70 61 0.3622
12707 141 42 0.252
12778 70 53 0.315
12778 70 56 0.315
12778 70 61 0.3858
12849 141 44 0.315
12920 70 52 0.2992
12920 70 55 0.2992
12920 70 61 0.3622
12991 141 45 0.2835
13061 70 51 0.3071
13061 70 54 0.3071
13061 70 61 0.3701
13132 141 44 0.315
13203 70 51 0.2992
13203 70 54 0.2992
13203 70 60 0.3622
13274 106 32 0.2992
13345 35 49 0.2756
13345 35 53 0.2756
13345 35 61 0.3307
13381 70 37 0.2677
13416 35 56 0.3071
13452 70 44 0.2362
13487 35 53 0.3307
13523 70 41 0.2677
13558 35 49 0.3071
13594 35 37 0.2441
13629 70 48 0.3071
13629 70 51 0.3071
13629 70 56 0.3701
13700 141 42 0.315
13771 70 48 0.2992
13771 70 51 0.2992
13771 70 56 0.3622
13842 106 66 0.4488
13913 70 49 0.3307
13913 70 53 0.3307
13913 70 56 0.3307
13949 35 65 0.2992
13984 35 53 0.3543
14020 35 49 0.2992
14055 35 54 0.4094
14091 35 51 0.3543
14126 35 56 0.4252
14162 35 53 0.3543
14197 70 48 0.3937
14197 70 51 0.3937
14197 70 56 0.4803
14268 141 42 0.4646
14339 70 51 0.3858
14339 70 56 0.3858
14339 70 60 0.4724
14410 106 68 0.4961
14410 106 66 0.4094
14481 70 53 0.4724
14481 70 56 0.4724
14481 70 61 0.4724
14517 35 65 0.4724
14552 35 56 0.5276
14588 35 53 0.4331
14588 35 49 0.3543
14623 35 60 0.5748
14659 35 54 0.4961
14659 35 51 0.4094
14694 35 61 0.5906
14730 34 56 0.4882
14730 34 53 0.4016
14765 70 48 0.6063
14765 70 51 0.6063
14765 70 56 0.7165
14836 141 30 0.4803
14836 141 42 0.5748
14907 70 54 0.4488
14907 70 60 0.4488
14907 70 63 0.6614
14978 106 75 0.6693
14978 106 72 0.4567
15049 70 53 0.5827
15049 70 61 0.5827
15049 70 65 0.7008
15085 35 73 0.4803
15085 35 77 0.5669
15120 35 65 0.5748
15120 35 53 0.4803
15156 35 49 0.5197
15156 35 37 0.4331
15191 35 66 0.6142
15191 35 54 0.5197
15227 35 51 0.5512
15227 35 39 0.4567
15262 35 68 0.5906
15262 35 56 0.5118
15298 106 53 0.5197
15298 106 41 0.3543
15333 70 58 0.4567
15333 70 70 0.4567
15404 141 42 0.3307
15475 70 48 0.2992
15475 70 51 0.2992
15475 70 56 0.3622
15546 106 44 0.2992
15617 35 54 0.315
15653 70 42 0.2441
15688 35 53 0.3071
15724 70 41 0.2362
15759 35 51 0.2992
15795 70 39 0.2205
15830 35 49 0.2913
15866 35 37 0.2126
15901 70 48 0.3071
15901 70 51 0.3071
15901 70 56 0.3701
15972 141 42 0.315
16043 70 48 0.2992
16043 70 51 0.2992
16043 70 56 0.3622
16114 106 66 0.4488
16185 70 49 0.3307
16185 70 53 0.3307
16185 70 56 0.3307
16221 35 65 0.2992
16256 35 53 0.3543
16291 35 49 0.2992
16327 35 54 0.4094
16362 35 51 0.3543
16398 35 56 0.4252
16433 35 53 0.3543
16469 70 48 0.3937
16469 70 51 0.3937
16469 70 56 0.4803
16540 141 42 0.4646
16611 70 51 0.3858
16611 70 56 0.3858
16611 70 60 0.4724
16682 106 68 0.4961
16682 106 66 0.4094
16753 70 53 0.4724
16753 70 56 0.4724
16753 70 61 0.4724
16788 35 65 0.4724
16824 35 56 0.5276
16859 35 53 0.4331
16859 35 49 0.3543
16895 35 60 0.5748
16930 35 54 0.4961
16930 35 51 0.4094
16966 35 61 0.5906
17001 34 56 0.4882
17001 34 53 0.4016
17037 70 48 0.6063
17037 70 51 0.6063
17037 70 56 0.7165
17108 141 30 0.4803
17108 141 42 0.5748
17179 70 54 0.4488
17179 70 60 0.4488
17179 70 63 0.6614
17250 106 75 0.6693
17250 106 72 0.4567
17321 70 53 0.5827
17321 70 61 0.5827
17321 70 65 0.7008
17356 35 73 0.4803
17356 35 77 0.5669
17392 35 65 0.5748
17392 35 53 0.4803
17427 35 49 0.5197
17427 35 37 0.4331
17463 35 66 0.6142
17463 35 54 0.5197
17498 35 51 0.5512
17498 35 39 0.4567
17534 35 68 0.5906
17534 35 56 0.5118
17569 106 53 0.5197
17569 106 41 0.3543
17605 70 58 0.4567
17605 70 70 0.4567
17676 141 42 0.3307
17747 70 48 0.2992
17747 70 51 0.2992
17747 70 56 0.3622
17818 106 44 0.2992
17889 35 53 0.3307
17924 70 41 0.2362
17960 35 51 0.3071
17995 106 39 0.2126
18031 35 49 0.2913
18102 70 37 0.2047
18173 35 68 0.3701
18173 141 49 0.4016
18208 35 65 0.315
18244 35 61 0.3386
18279 35 68 0.3071
18315 35 61 0.3465
18315 141 42 0.2992
18350 35 70 0.315
18386 35 66 0.315
18421 35 61 0.2992
18457 35 68 0.3701
18457 212 49 0.3307
18492 35 65 0.3386
18528 35 61 0.3386
18563 35 68 0.3465
18599 35 61 0.3307
18634 35 68 0.3071
18670 35 61 0.3465
18670 35 63 0.3465
18670 70 42 0.2992
18705 35 70 0.315
18741 35 68 0.3701
18741 141 44 0.3465
18776 35 63 0.3386
18812 35 61 0.315
18847 35 68 0.315
18883 35 60 0.3622
18883 212 56 0.3465
18918 35 68 0.315
18954 35 63 0.3386
18989 35 60 0.3386
19025 35 68 0.3701
19060 35 65 0.3465
19096 35 61 0.3386
19096 35 54 0.3071
19131 35 68 0.3386
19131 35 53 0.3071
19167 35 65 0.3701
19167 70 51 0.3228
19202 35 73 0.3465
19238 35 68 0.3228
19238 70 49 0.2992
19273 35 65 0.2992
19309 35 73 0.3701
19309 141 61 0.4016
19344 35 68 0.3386
19380 35 65 0.3386
19415 35 73 0.3071
19451 35 66 0.5039
19451 141 54 0.4567
19486 35 73 0.3386
19522 35 70 0.3701
19557 35 66 0.2992
19592 35 73 0.3701
19592 212 61 0.3307
19628 35 68 0.3386
19663 35 65 0.3386
19699 35 73 0.3465
19734 35 65 0.3307
19770 35 73 0.3071
19805 35 64 0.3465
19805 35 67 0.3465
19805 70 57 0.2992
19841 35 73 0.315
19876 35 63 0.3701
19876 141 56 0.3465
19912 35 73 0.3386
19947 35 66 0.3386
19983 35 63 0.3071
20018 35 72 0.3622
20018 212 44 0.3465
20054 35 66 0.3386
20089 35 63 0.3386
20125 35 72 0.3071
20160 35 73 0.3701
20196 35 68 0.3465
20231 35 65 0.3386
20231 35 37 0.2835
20267 35 73 0.3386
20267 35 41 0.2835
20302 35 68 0.3701
20302 35 44 0.2992
20338 35 65 0.315
20338 35 49 0.2677
20373 35 61 0.3228
20373 35 53 0.2756
20409 35 68 0.2992
20409 35 51 0.2362
20444 35 68 0.3701
20444 141 49 0.4016
20480 35 65 0.315
20515 35 61 0.3386
20551 35 68 0.3071
20586 35 61 0.3465
20586 141 42 0.2992
20622 35 70 0.315
20657 35 66 0.315
20693 35 61 0.2992
20728 35 68 0.3701
20728 212 49 0.3307
20764 35 65 0.3386
20799 35 61 0.3386
20835 35 68 0.3465
20870 35 61 0.3307
20906 35 68 0.3071
20941 35 61 0.3465
20941 35 63 0.3465
20941 70 42 0.2992
20977 35 70 0.315
21012 35 68 0.3701
21012 141 44 0.3465
21048 35 63 0.3386
21083 35 61 0.315
21119 35 68 0.315
21154 35 60 0.3622
21154 212 56 0.3465
21190 35 68 0.315
21225 35 63 0.3386
21261 35 60 0.3386
21296 35 68 0.3701
21332 35 65 0.3465
21367 35 61 0.3386
21367 35 54 0.3071
21403 35 68 0.3386
21403 35 53 0.3071
21438 35 65 0.3701
21438 70 51 0.3228
21474 35 73 0.3465
21509 35 68 0.3228
21509 70 49 0.2992
21545 35 65 0.2992
21580 35 73 0.3701
21580 141 61 0.4016
21616 35 68 0.3386
21651 35 65 0.3386
21687 35 73 0.3071
21722 35 66 0.4646
21722 141 54 0.4567
21758 35 73 0.3386
21793 35 70 0.3701
21829 35 66 0.2992
21864 35 73 0.3701
21864 212 61 0.3307
21900 35 68 0.3386
21935 35 65 0.3386
21971 35 73 0.3465
22006 35 65 0.3307
22042 35 73 0.3071
22077 35 64 0.3465
22077 35 67 0.3465
22077 70 57 0.2992
22113 35 73 0.315
22148 35 63 0.3701
22148 141 56 0.3465
22184 35 73 0.3386
22219 35 66 0.3386
22255 35 63 0.3071
22290 35 72 0.3622
22290 212 44 0.3465
22326 35 66 0.3386
22361 35 63 0.3386
22397 35 72 0.3071
22432 35 73 0.3701
22468 35 68 0.3465
22503 35 65 0.3386
22503 35 49 0.2835
22539 35 73 0.3386
22539 35 53 0.2835
22574 35 68 0.3701
22574 35 53 0.2992
22610 35 65 0.315
22610 35 49 0.2677
22645 35 61 0.3228
22645 35 53 0.2756
22681 35 68 0.2992
22681 35 56 0.2362
22716 35 68 0.3701
22716 283 56 0.4016
22716 141 54 0.4016
22752 35 63 0.315
22787 35 60 0.3386
22822 35 68 0.3071
22858 35 60 0.3465
22858 141 51 0.2992
22893 35 68 0.315
22929 35 66 0.315
22964 35 60 0.2992
23000 35 61 0.3858
23000 70 53 0.2992
23000 70 56 0.3622
23035 35 65 0.3858
23071 35 68 0.4173
23071 35 51 0.3228
23071 35 56 0.3858
23106 35 73 0.4488
23106 35 53 0.3543
23106 35 56 0.4252
23142 35 72 0.4882
23142 70 51 0.3858
23142 70 56 0.4646
23177 35 66 0.3858
23213 35 73 0.4331
23213 70 49 0.3307
23213 70 56 0.3937
23248 35 65 0.3386
23284 35 68 0.3701
23284 283 56 0.4016
23284 141 54 0.4016
23319 35 63 0.315
23355 35 60 0.3386
23390 35 68 0.3071
23426 35 60 0.3465
23426 141 51 0.2992
23461 35 68 0.315
23497 35 66 0.315
23532 35 60 0.2992
23568 35 61 0.3858
23568 70 53 0.2992
23568 70 56 0.3622
23603 35 65 0.3858
23639 35 68 0.4173
23639 35 51 0.3228
23639 35 56 0.3858
23674 35 77 0.4331
23674 35 49 0.3543
23674 35 56 0.4252
23710 35 75 0.4882
23710 70 48 0.3858
23710 70 56 0.4646
23745 35 66 0.3858
23781 35 73 0.4331
23781 70 49 0.3307
23781 70 56 0.3937
23816 35 65 0.3386
23852 35 68 0.4567
23852 283 56 0.4567
23852 141 54 0.4567
23887 35 63 0.3937
23923 35 60 0.4567
23958 35 68 0.4173
23994 35 60 0.5276
23994 141 51 0.4882
24029 35 68 0.4882
24065 35 66 0.5276
24100 35 60 0.4961
24136 70 53 0.4646
24136 70 56 0.4646
24136 70 61 0.5748
24171 35 80 0.5748
24207 35 68 0.5827
24207 35 54 0.4331
24207 35 51 0.4331
24207 35 61 0.5118
24242 35 80 0.5118
24242 35 49 0.3858
24242 35 53 0.3858
24242 35 61 0.4646
24278 35 78 0.5512
24278 70 54 0.4409
24278 70 51 0.4409
24278 70 60 0.5197
24313 35 68 0.4567
24349 35 77 0.4961
24349 70 56 0.315
24349 70 53 0.315
24349 70 61 0.4567
24384 35 68 0.378
24420 35 75 0.3701
24420 141 54 0.2677
24420 141 58 0.2677
24420 141 63 0.315
24455 35 70 0.3386
24491 35 66 0.3386
24526 35 75 0.3071
24562 35 68 0.3622
24562 141 56 0.2677
24562 141 60 0.315
24597 35 66 0.3386
24633 35 63 0.3386
24668 35 68 0.3071
24704 35 65 0.3701
24704 70 56 0.2677
24704 70 61 0.315
24739 35 73 0.3465
24775 35 68 0.3386
24775 35 49 0.2835
24810 35 65 0.3386
24810 35 51 0.2835
24846 35 61 0.3701
24846 35 53 0.2992
24881 35 49 0.2205
24881 35 56 0.2677
24917 35 51 0.2283
24917 35 56 0.2756
24952 35 53 0.1969
24952 35 56 0.2362
24988 35 68 0.3701
24988 283 56 0.4016
24988 141 54 0.4016
25023 35 63 0.315
25059 35 60 0.3386
25094 35 68 0.3071
25130 35 60 0.3465
25130 141 51 0.2992
25165 35 68 0.315
25201 35 66 0.315
25236 35 60 0.2992
25272 35 61 0.3858
25272 70 53 0.2992
25272 70 56 0.3622
25307 35 65 0.3858
25343 35 68 0.4173
25343 35 51 0.3228
25343 35 56 0.3858
25378 35 73 0.4488
25378 35 53 0.3543
25378 35 56 0.4252
25414 35 72 0.4882
25414 70 51 0.3858
25414 70 56 0.4646
25449 35 66 0.3858
25485 35 73 0.4331
25485 70 49 0.3307
25485 70 56 0.3937
25520 35 65 0.3386
25556 35 68 0.3701
25556 283 56 0.4016
25556 141 54 0.4016
25591 35 63 0.315
25627 35 60 0.3386
25662 35 68 0.3071
25698 35 60 0.3465
25698 141 51 0.2992
25733 35 68 0.315
25769 35 66 0.315
25804 35 60 0.2992
25840 35 61 0.3858
25840 70 53 0.2992
25840 70 56 0.3622
25875 35 65 0.3858
25911 35 68 0.4173
25911 35 51 0.3228
25911 35 56 0.3858
25946 35 77 0.4252
25946 35 49 0.3543
25946 35 56 0.4252
25982 35 75 0.4882
25982 70 48 0.3858
25982 70 56 0.4646
26017 35 66 0.3858
26052 35 73 0.4331
26052 70 49 0.3307
26052 70 56 0.3937
26088 35 65 0.3386
26123 35 68 0.4567
26123 283 56 0.4567
26123 141 54 0.4567
26159 35 63 0.3937
26194 35 60 0.4567
26230 35 68 0.4173
26265 35 60 0.5276
26265 141 51 0.4882
26301 35 68 0.4882
26336 35 66 0.5276
26372 35 60 0.5039
26407 70 53 0.4646
26407 70 56 0.4646
26407 70 61 0.5748
26443 35 80 0.5827
26478 35 68 0.5827
26478 35 54 0.4331
26478 35 51 0.4331
26478 35 61 0.5118
26514 35 80 0.5197
26514 35 49 0.3858
26514 35 53 0.3858
26514 35 61 0.4646
26549 35 78 0.5748
26549 70 54 0.4409
26549 70 51 0.4409
26549 70 60 0.5197
26585 35 68 0.4567
26620 35 77 0.4961
26620 70 56 0.315
26620 70 53 0.315
26620 70 61 0.4567
26656 35 68 0.378
26691 35 75 0.3701
26691 141 54 0.2677
26691 141 58 0.2677
26691 141 63 0.315
26727 35 70 0.3386
26762 35 66 0.3386
26798 35 75 0.3071
26833 35 68 0.3622
26833 141 56 0.2677
26833 141 60 0.315
26869 35 66 0.3386
26904 35 63 0.3386
26940 35 68 0.3071
26975 35 65 0.3701
26975 70 56 0.2677
26975 70 61 0.315
27011 35 73 0.3465
27046 35 68 0.3386
27046 70 49 0.2835
27082 35 65 0.3386
27117 35 61 0.3701
27135 17 68 0.315
27153 17 65 0.2913
27171 17 68 0.2913
27188 17 64 0.315
27206 17 68 0.2913
27224 17 65 0.2913
27242 17 68 0.2913
27259 17 61 0.315
27277 17 68 0.2835
27295 17 65 0.2835
27313 17 68 0.2835
27330 141 80 0.5669
27330 17 73 0.315
27348 17 68 0.2835
27366 17 65 0.2835
27384 17 68 0.2835
27401 17 61 0.315
27419 17 70 0.2756
27437 17 66 0.2913
27455 17 70 0.2913
27472 141 82 0.5827
27472 17 73 0.315
27490 17 70 0.2913
27508 17 66 0.2913
27526 17 70 0.2913
27543 17 61 0.315
27561 17 68 0.2913
27579 17 65 0.2913
27597 17 68 0.2913
27614 141 80 0.5669
27614 17 73 0.315
27632 17 68 0.2913
27650 17 65 0.2913
27668 17 68 0.2913
27685 17 61 0.315
27703 17 68 0.2913
27721 17 65 0.2913
27738 17 68 0.2913
27756 70 73 0.5118
27756 70 75 0.5118
27756 70 82 0.6063
27756 17 54 0.4094
27774 17 66 0.3622
27792 17 63 0.3622
27809 17 66 0.3622
27827 70 73 0.5354
27827 70 75 0.5354
27827 70 80 0.6299
27827 17 56 0.4488
27845 17 66 0.3622
27863 17 63 0.3622
27880 17 66 0.3622
27898 70 73 0.5118
27898 70 75 0.5118
27898 70 80 0.6063
27898 17 56 0.4488
27916 17 66 0.3622
27934 17 63 0.3622
27951 17 66 0.3622
27969 70 72 0.5433
27969 70 75 0.5433
27969 70 80 0.6378
27969 17 56 0.4646
27987 17 66 0.3622
28005 17 63 0.3622
28022 17 66 0.3622
28040 70 72 0.5118
28040 70 75 0.5118
28040 70 80 0.5984
28040 17 56 0.4567
28058 17 66 0.3622
28076 17 63 0.3622
28093 17 66 0.3622
28111 70 73 0.5354
28111 70 77 0.5354
28111 70 80 0.6299
28111 17 61 0.3622
28129 17 63 0.3701
28147 17 65 0.378
28164 17 66 0.3858
28182 17 68 0.4094
28200 17 70 0.3858
28218 17 68 0.4016
28235 17 66 0.3937
28253 17 65 0.3543
28271 17 66 0.3701
28289 17 68 0.378
28306 17 70 0.3858
28324 17 72 0.4252
28342 17 73 0.3622
28360 17 68 0.3937
28377 17 66 0.3622
28395 17 65 0.315
28413 17 73 0.2835
28431 17 68 0.2835
28448 17 73 0.2835
28466 141 85 0.5669
28466 141 80 0.4724
28466 17 77 0.315
28484 17 73 0.2835
28502 17 68 0.2835
28519 17 73 0.2835
28537 17 66 0.315
28555 17 73 0.2756
28573 17 70 0.2913
28590 17 73 0.2913
28608 141 85 0.5748
28608 141 82 0.4803
28608 17 78 0.315
28626 17 73 0.2913
28644 17 70 0.2913
28661 17 73 0.2913
28679 17 65 0.315
28697 17 73 0.2913
28715 17 68 0.2913
28732 17 73 0.2913
28750 141 85 0.5827
28750 141 80 0.4961
28750 17 77 0.315
28768 17 73 0.2913
28786 17 68 0.2913
28803 17 73 0.2913
28821 17 65 0.315
28839 17 73 0.2913
28857 17 68 0.2913
28874 17 73 0.2913
28892 70 73 0.5118
28892 70 79 0.5118
28892 70 85 0.6063
28892 17 64 0.4094
28910 17 70 0.3622
28928 17 67 0.3622
28945 17 70 0.3622
28963 70 73 0.5354
28963 70 78 0.5354
28963 70 85 0.6299
28963 17 63 0.4488
28981 17 69 0.3622
28999 17 66 0.3622
29016 17 69 0.3622
29034 70 73 0.5118
29034 70 78 0.5118
29034 70 85 0.6063
29034 17 63 0.4488
29052 17 69 0.3622
29070 17 66 0.3622
29087 17 69 0.3622
29105 70 72 0.5433
29105 70 78 0.5433
29105 70 84 0.6378
29105 17 63 0.4646
29123 17 68 0.3622
29141 17 66 0.3622
29158 17 68 0.3622
29176 70 72 0.5118
29176 70 78 0.5118
29176 70 84 0.5984
29176 17 63 0.4567
29194 17 68 0.3622
29212 17 66 0.3622
29229 17 68 0.3622
29247 17 85 0.5197
29247 70 61 0.5354
29247 70 65 0.5354
29247 70 68 0.6299
29265 17 87 0.4488
29283 17 89 0.4646
29300 17 84 0.4724
29318 17 85 0.5197
29336 17 80 0.4409
29353 17 82 0.4567
29371 17 78 0.4488
29389 17 77 0.4016
29407 17 80 0.4252
29424 17 78 0.4331
29442 17 75 0.4409
29460 17 73 0.4961
29478 17 77 0.4173
29495 17 75 0.4488
29513 17 72 0.4173
29531 17 73 0.4094
29549 17 75 0.3622
29566 17 73 0.3622
29584 17 72 0.3622
29602 17 73 0.4094
29602 141 61 0.4094
29602 141 68 0.4882
29602 141 65 0.4094
29620 17 80 0.3622
29637 17 79 0.3622
29655 17 80 0.3622
29673 17 73 0.4094
29691 17 75 0.3543
29708 17 73 0.378
29726 17 72 0.378
29744 17 73 0.4094
29744 141 61 0.4173
29744 141 70 0.4961
29744 141 66 0.4173
29762 17 82 0.378
29779 17 81 0.378
29797 17 82 0.378
29815 17 73 0.4094
29833 17 75 0.378
29850 17 73 0.378
29868 17 72 0.378
29886 17 73 0.4094
29886 141 61 0.4252
29886 141 68 0.4961
29886 141 65 0.4252
29904 17 80 0.378
29921 17 79 0.378
29939 17 80 0.378
29957 17 73 0.4094
29975 17 80 0.378
29992 17 79 0.378
30010 17 80 0.378
30028 17 73 0.5748
30028 70 63 0.4567
30028 70 54 0.4567
30028 70 61 0.4567
30028 70 66 0.5591
30046 17 82 0.4961
30063 17 81 0.4961
30081 17 82 0.4961
30099 17 73 0.6299
30099 70 61 0.4882
30099 70 56 0.4882
30099 70 63 0.4882
30099 70 66 0.5906
30117 17 80 0.5197
30134 17 79 0.5276
30152 17 80 0.5276
30170 17 73 0.6299
30170 70 61 0.4567
30170 70 56 0.4567
30170 70 63 0.4567
30170 70 66 0.5591
30188 17 80 0.5197
30205 17 79 0.5197
30223 17 80 0.5197
30241 17 72 0.6535
30241 70 60 0.4331
30241 70 56 0.4252
30241 70 63 0.4724
30241 70 66 0.5748
30259 17 80 0.5276
30276 17 79 0.5276
30294 17 80 0.5276
30312 17 72 0.6378
30312 70 60 0.4173
30312 70 56 0.4094
30312 70 63 0.4488
30312 70 66 0.5276
30330 17 80 0.4961
30347 17 79 0.4961
30365 17 80 0.4961
30383 17 80 0.4173
30383 70 61 0.5118
30383 70 65 0.5984
30401 17 78 0.4252
30418 17 77 0.4331
30436 17 75 0.4409
30454 17 73 0.4724
30472 17 75 0.4409
30489 17 77 0.4567
30507 17 78 0.4488
30525 17 80 0.4016
30543 17 78 0.4252
30560 17 77 0.4331
30578 17 78 0.4409
30596 17 80 0.4961
30614 17 82 0.4173
30631 17 84 0.4488
30649 17 85 0.4173
30667 17 77 0.4094
30685 17 78 0.3622
30702 17 77 0.3622
30720 17 76 0.3622
30738 17 77 0.4094
30738 141 73 0.4882
30738 141 68 0.4094
30756 17 85 0.3622
30773 17 84 0.3622
30791 17 85 0.3622
30809 17 78 0.4094
30827 17 80 0.3543
30844 17 78 0.378
30862 17 77 0.378
30880 17 78 0.4094
30880 141 73 0.4961
30880 141 70 0.4173
30898 17 85 0.378
30915 17 84 0.378
30933 17 85 0.378
30951 17 77 0.4094
30968 17 78 0.378
30986 17 77 0.378
31004 17 76 0.378
31022 17 77 0.4094
31022 141 73 0.4961
31022 141 68 0.4252
31039 17 85 0.378
31057 17 84 0.378
31075 17 85 0.378
31093 17 77 0.4094
31110 17 85 0.378
31128 17 84 0.378
31146 17 85 0.378
31164 17 79 0.5748
31164 17 76 0.4724
31164 70 69 0.5591
31181 17 85 0.4961
31199 17 84 0.4961
31217 17 85 0.4961
31235 17 78 0.6299
31235 17 75 0.5197
31235 70 68 0.5906
31252 17 85 0.5197
31270 17 84 0.5197
31288 17 85 0.5197
31306 17 78 0.6299
31306 17 75 0.5197
31306 70 68 0.5591
31323 17 85 0.5276
31341 17 84 0.5276
31359 17 85 0.5276
31377 17 78 0.6535
31377 17 75 0.5354
31377 70 56 0.5984
31394 17 84 0.5276
31412 17 83 0.5276
31430 17 84 0.5276
31448 17 78 0.6378
31448 17 75 0.5354
31448 70 56 0.5512
31465 17 84 0.5276
31483 17 83 0.5276
31501 17 84 0.5276
31519 70 73 0.5827
31519 70 77 0.5827
31519 70 85 0.685
31519 17 56 0.4252
31536 17 58 0.4331
31554 17 60 0.4488
31572 17 61 0.4567
31590 17 60 0.4646
31607 17 61 0.4173
31625 17 63 0.4409
31643 17 65 0.4173
31661 17 63 0.378
31678 17 65 0.3858
31696 17 66 0.3937
31714 17 68 0.4016
31732 17 70 0.4252
31749 17 72 0.3622
31767 17 73 0.3937
31785 17 68 0.3622
31803 17 66 0.315
31820 17 75 0.2835
31838 17 72 0.2835
31856 17 75 0.2835
31874 141 80 0.5433
31874 17 71 0.315
31891 17 75 0.2835
31909 17 72 0.2835
31927 17 75 0.2835
31945 17 78 0.4488
31962 17 75 0.2756
31980 17 72 0.2913
31998 17 75 0.2913
32016 70 80 0.4646
32016 17 66 0.315
32033 17 75 0.2913
32051 17 72 0.2913
32069 17 75 0.2913
32087 70 80 0.4646
32087 17 65 0.315
32104 17 73 0.2913
32122 17 68 0.2913
32140 17 73 0.2913
32158 70 80 0.4331
32158 17 65 0.315
32175 17 73 0.2913
32193 17 68 0.2913
32211 17 73 0.2913
32229 70 80 0.4646
32229 17 63 0.315
32246 17 72 0.2913
32264 17 66 0.2913
32282 17 72 0.2913
32300 70 80 0.4409
32300 17 61 0.315
32317 17 73 0.2992
32335 17 65 0.2992
32353 17 73 0.2992
32371 17 66 0.315
32388 17 75 0.2835
32406 17 72 0.2835
32424 17 75 0.2835
32442 141 80 0.5433
32442 17 71 0.315
32459 17 75 0.2835
32477 17 72 0.2835
32495 17 75 0.2835
32513 17 78 0.4567
32530 17 75 0.2756
32548 17 72 0.2913
32566 17 75 0.2913
32583 70 80 0.4488
32583 17 66 0.315
32601 17 75 0.2913
32619 17 72 0.2913
32637 17 75 0.2913
32654 70 80 0.4724
32654 17 65 0.315
32672 17 77 0.2913
32690 17 73 0.2913
32708 17 77 0.2913
32725 70 80 0.4409
32725 17 68 0.315
32743 17 77 0.2913
32761 17 73 0.2913
32779 17 77 0.2913
32796 70 80 0.4646
32796 17 66 0.315
32814 17 75 0.2913
32832 17 72 0.2913
32850 17 75 0.2913
32867 70 80 0.4409
32867 17 65 0.315
32885 17 73 0.2992
32903 17 68 0.2992
32921 17 73 0.2992
32938 17 72 0.378
32956 17 78 0.3701
32974 17 75 0.3701
32992 17 78 0.3701
33009 70 84 0.5276
33009 17 80 0.4173
33027 17 78 0.378
33045 17 75 0.378
33063 17 78 0.378
33080 70 83 0.5669
33080 17 80 0.4331
33098 17 78 0.378
33116 17 75 0.3937
33134 17 78 0.3937
33151 70 84 0.5512
33151 17 80 0.4409
33169 17 78 0.4094
33187 17 75 0.4094
33205 17 78 0.4173
33222 70 85 0.6063
33222 17 77 0.4488
33240 17 80 0.4094
33258 17 77 0.4173
33276 17 80 0.4173
33293 70 89 0.5906
33293 17 85 0.4724
33311 17 80 0.4173
33329 17 85 0.4331
33347 17 80 0.4331
33364 70 87 0.6772
33364 17 84 0.4803
33382 17 78 0.4173
33400 17 84 0.4488
33418 17 78 0.4488
33435 70 85 0.6457
33435 17 77 0.5276
33453 17 80 0.4882
33471 17 77 0.4882
33489 17 80 0.4882
33506 141 90 0.7402
33506 17 82 0.6378
33524 17 78 0.5433
33542 17 82 0.5827
33560 17 80 0.4803
33577 17 78 0.5354
33595 17 77 0.4724
33613 17 75 0.4961
33631 17 73 0.4803
33648 141 75 0.5433
33648 141 78 0.5433
33648 141 80 0.6378
33648 17 72 0.4724
33666 17 70 0.4646
33684 17 68 0.4488
33702 17 66 0.4409
33719 17 65 0.4331
33737 17 63 0.4094
33755 17 61 0.4016
33773 17 60 0.3858
33790 17 77 0.3937
33790 17 80 0.3937
33790 70 61 0.4331
33808 17 82 0.3543
33826 17 80 0.3543
33844 17 78 0.3465
33861 17 77 0.3228
33879 17 78 0.3543
33897 17 80 0.3701
33915 17 82 0.3937
33932 17 84 0.4094
33950 17 85 0.3937
33968 17 80 0.378
33986 17 78 0.3858
34003 17 77 0.3937
34021 17 80 0.3543
34039 17 77 0.3622
34057 17 73 0.3622
34074 17 72 0.4331
34092 17 80 0.3307
34110 17 82 0.3307
34128 17 80 0.3307
34145 17 84 0.4016
34145 141 54 0.5197
34163 17 80 0.3307
34181 17 82 0.3307
34198 17 80 0.3307
34216 17 87 0.4331
34234 17 80 0.3228
34252 17 82 0.3465
34269 17 80 0.3465
34287 17 84 0.378
34287 141 66 0.4331
34287 141 68 0.4331
34287 141 75 0.5197
34305 17 80 0.3465
34323 17 82 0.3465
34340 17 80 0.3465
34358 17 85 0.4173
34376 17 80 0.3465
34394 17 82 0.3465
34411 17 80 0.3465
34429 17 85 0.4331
34429 35 65 0.3858
34429 35 68 0.3858
34429 35 73 0.4567
34447 17 80 0.3465
34465 17 82 0.3465
34482 17 80 0.3465
34500 17 78 0.378
34500 35 63 0.3622
34500 35 68 0.3622
34500 35 72 0.4409
34518 17 80 0.3465
34536 17 82 0.3465
34553 17 80 0.3465
34571 17 77 0.378
34571 35 61 0.3307
34571 35 68 0.3307
34571 35 73 0.3937
34589 17 80 0.3543
34607 17 82 0.3543
34624 17 80 0.3543
34642 17 72 0.4331
34660 17 80 0.3307
34678 17 82 0.3307
34695 17 80 0.3307
34713 17 84 0.4016
34713 141 54 0.5197
34731 17 80 0.3307
34749 17 82 0.3307
34766 17 80 0.3307
34784 17 87 0.4331
34802 17 80 0.3228
34820 17 82 0.3465
34837 17 80 0.3465
34855 17 82 0.378
34855 141 72 0.4331
34855 141 75 0.4331
34855 141 78 0.5197
34873 17 80 0.3465
34891 17 82 0.3465
34908 17 80 0.3465
34926 17 82 0.4173
34944 17 80 0.3465
34962 17 82 0.3465
34979 17 80 0.3465
34997 17 85 0.4331
34997 35 68 0.3307
34997 35 73 0.3307
34997 35 77 0.4803
35015 17 80 0.3465
35033 17 82 0.3465
35050 17 80 0.3465
35068 17 87 0.4646
35068 35 66 0.378
35068 35 72 0.378
35068 35 75 0.4567
35086 17 80 0.3701
35104 17 82 0.3701
35121 17 80 0.3465
35139 17 89 0.4488
35139 35 65 0.3543
35139 35 68 0.3543
35139 35 73 0.4173
35157 17 80 0.3701
35175 17 82 0.3701
35192 17 80 0.378
35210 17 87 0.5591
35228 17 84 0.4567
35246 17 85 0.4567
35263 17 84 0.4567
35281 17 87 0.5669
35281 141 66 0.5827
35281 141 72 0.5827
35281 141 75 0.5827
35299 17 84 0.4567
35317 17 85 0.4646
35334 17 84 0.4803
35352 17 92 0.5906
35370 17 84 0.4488
35388 17 85 0.4803
35405 17 84 0.4803
35423 17 92 0.6142
35423 141 75 0.5354
35423 141 78 0.5354
35423 141 80 0.6378
35441 17 84 0.5354
35459 17 85 0.5433
35476 17 84 0.5512
35494 17 92 0.6457
35512 17 84 0.5669
35530 17 85 0.5748
35547 17 84 0.5827
35565 17 92 0.7087
35565 35 73 0.4094
35565 35 77 0.4094
35565 35 80 0.5906
35583 17 85 0.6142
35601 17 87 0.6142
35618 17 85 0.6299
35636 17 92 0.7638
35636 35 72 0.4803
35636 35 66 0.4803
35636 35 75 0.4803
35636 35 78 0.5827
35654 17 87 0.6378
35672 17 89 0.6457
35689 17 87 0.6614
35707 17 92 0.7795
35707 35 68 0.4724
35707 35 65 0.4724
35707 35 73 0.4724
35707 35 77 0.5669
35725 17 89 0.6614
35743 17 90 0.6693
35760 17 89 0.6929
35778 17 94 0.8189
35796 17 90 0.7244
35814 17 94 0.7638
35831 17 92 0.6772
35849 17 90 0.7638
35849 35 63 0.5354
35849 35 66 0.5354
35849 35 70 0.5354
35849 35 73 0.6378
35867 17 89 0.6535
35884 17 87 0.7087
35902 17 85 0.6142
35920 17 84 0.6772
35938 17 82 0.622
35955 17 80 0.6457
35973 17 78 0.5906
35991 17 77 0.622
35991 35 56 0.5433
35991 35 60 0.5433
35991 35 63 0.5433
35991 35 66 0.6457
36009 17 75 0.5669
36026 17 73 0.5906
36044 17 72 0.5433
36062 17 73 0.5669
36080 17 70 0.5512
36097 17 68 0.5433
36115 17 66 0.5276
36133 17 65 0.5039
36151 17 63 0.4961
36168 17 61 0.4803
36186 17 60 0.4724
36204 17 58 0.4252
36222 17 56 0.4173
36239 17 54 0.4016
36257 17 53 0.3937
36275 17 51 0.378
36293 17 49 0.3701
36310 17 44 0.3543
36328 17 41 0.3465
36346 141 49 0.3071
36346 141 53 0.3071
36346 141 56 0.3701
36346 141 37 0.3701
36488 141 49 0.2913
36488 141 54 0.3465
36488 141 58 0.3465
36488 141 30 0.2756
36630 212 49 0.2913
36630 212 53 0.2913
36630 212 56 0.3465
36630 212 37 0.2913
36843 70 61 0.2913
36843 70 63 0.2913
36843 70 70 0.3465
36843 70 54 0.2756
36914 141 61 0.3071
36914 141 63 0.3071
36914 141 68 0.3701
36914 177 56 0.315
37056 141 60 0.2992
37056 141 63 0.2992
37056 141 68 0.3622
37091 35 54 0.2992
37127 35 53 0.2992
37162 35 51 0.2992
37198 70 61 0.3071
37198 70 65 0.3071
37198 70 68 0.3701
37198 35 49 0.315
37233 35 46 0.2913
37269 35 44 0.2913
37304 35 42 0.2913
37340 35 41 0.315
37375 35 44 0.2992
37411 35 42 0.2992
37446 35 39 0.2992
37482 141 53 0.3543
37482 141 56 0.3543
37482 141 61 0.4252
37482 141 37 0.3071
37482 141 49 0.3622
37624 141 54 0.3701
37624 141 58 0.3701
37624 141 61 0.4409
37624 141 30 0.315
37624 141 42 0.378
37766 212 53 0.2835
37766 212 56 0.2835
37766 212 61 0.3465
37766 212 37 0.2126
37766 212 49 0.252
37979 70 64 0.2913
37979 70 67 0.2913
37979 70 73 0.3465
37979 70 57 0.2835
38050 141 63 0.3071
38050 141 66 0.3071
38050 141 73 0.3701
38050 177 56 0.2913
38192 141 63 0.2913
38192 141 66 0.2913
38192 141 72 0.3386
38227 35 54 0.2913
38263 35 51 0.2913
38298 35 48 0.2913
38334 70 61 0.2913
38334 70 65 0.2913
38334 70 73 0.3386
38334 35 44 0.315
38369 35 41 0.2913
38405 35 39 0.2913
38440 35 37 0.2913
38476 35 36 0.315
38511 35 37 0.2913
38547 35 41 0.2913
38582 35 37 0.2913
38618 141 48 0.3071
38618 141 51 0.3071
38618 141 56 0.3701
38618 141 42 0.315
38618 141 44 0.315
38760 124 48 0.2913
38760 124 54 0.3465
38760 124 56 0.3465
38760 124 39 0.2756
38760 124 44 0.2756
38884 17 48 0.2913
38884 17 51 0.3465
38884 17 56 0.3465
38884 17 42 0.2756
38884 17 44 0.2756
38902 106 49 0.3071
38902 106 53 0.3071
38902 106 56 0.3701
38902 106 41 0.2598
38902 106 44 0.3071
39008 35 65 0.3543
39008 35 68 0.3543
39008 35 73 0.4173
39008 35 61 0.3622
39044 70 68 0.3228
39044 70 66 0.3228
39044 70 72 0.3858
39044 70 63 0.3465
39114 70 65 0.2441
39114 70 68 0.2441
39114 70 73 0.2913
39114 70 61 0.2677
39185 141 48 0.3071
39185 141 51 0.3071
39185 141 56 0.3701
39185 141 42 0.315
39185 141 44 0.315
39327 124 48 0.2913
39327 124 54 0.3465
39327 124 56 0.3465
39327 124 39 0.2756
39327 124 44 0.2756
39452 17 48 0.2913
39452 17 51 0.3465
39452 17 56 0.3465
39452 17 42 0.2756
39452 17 44 0.2756
39469 106 49 0.3071
39469 106 53 0.3071
39469 106 56 0.3701
39469 106 41 0.2598
39469 106 44 0.3071
39576 35 65 0.3543
39576 35 68 0.3543
39576 35 77 0.4331
39576 35 61 0.3622
39611 70 68 0.3543
39611 70 66 0.3543
39611 35 77 0.4567
39611 70 60 0.3465
39647 35 75 0.4016
39682 70 65 0.2441
39682 70 68 0.2441
39682 70 73 0.2913
39682 70 61 0.2677
39753 141 48 0.4173
39753 141 51 0.4173
39753 141 56 0.5197
39753 141 42 0.4409
39753 141 44 0.4409
39895 124 48 0.4803
39895 124 54 0.5669
39895 124 56 0.5669
39895 124 39 0.4488
39895 124 44 0.4488
40020 17 48 0.5118
40020 17 51 0.6063
40020 17 56 0.6063
40020 17 42 0.4882
40020 17 44 0.4882
40037 106 68 0.6299
40037 106 73 0.6299
40037 106 80 0.7717
40037 106 65 0.6457
40144 35 73 0.5512
40144 35 77 0.5512
40144 35 80 0.6535
40144 35 61 0.4409
40144 35 65 0.4961
40179 70 75 0.5512
40179 70 72 0.5512
40179 35 80 0.685
40179 70 63 0.4646
40179 70 66 0.5591
40215 35 78 0.5354
40250 70 73 0.4488
40250 70 77 0.5591
40250 35 65 0.3701
40250 35 68 0.4173
40286 35 61 0.2913
40286 35 65 0.3937
40321 141 66 0.3071
40321 141 70 0.3071
40321 141 75 0.3701
40321 141 54 0.2913
40321 141 58 0.2913
40463 141 63 0.2913
40463 141 68 0.3386
40463 141 60 0.2677
40463 141 56 0.2677
40605 283 46 0.2126
40623 266 49 0.2205
40641 248 52 0.2362
40659 230 55 0.2441
40676 212 58 0.2677
40694 195 61 0.2362
40712 177 64 0.252
40729 159 67 0.2677
40747 141 73 0.2992
40889 283 58 0.5827
40907 266 61 0.622
40925 248 64 0.6457
40942 230 67 0.6772
40960 212 85 0.8031
40960 212 79 0.6772
40960 212 76 0.6772
40960 212 73 0.6772
40960 212 70 0.7087
