0 123 49 0.2677
30 12 68 0.3071
41 12 65 0.3071
51 12 61 0.3071
61 15 56 0.3465
92 61 56 0.2598
92 61 68 0.315
92 61 61 0.2598
92 61 65 0.3071
123 30 44 0.2677
154 30 56 0.2835
154 30 59 0.2835
154 30 68 0.3386
154 30 65 0.3386
154 30 50 0.3071
185 123 51 0.3858
216 12 68 0.3071
226 12 66 0.3071
237 12 60 0.3071
247 15 56 0.3465
278 61 66 0.3228
278 61 68 0.3307
278 61 60 0.2677
278 61 56 0.2677
309 30 44 0.3071
340 30 56 0.252
340 30 68 0.2992
340 30 64 0.2992
340 30 48 0.2756
371 123 49 0.2126
402 12 68 0.2126
412 12 65 0.2126
422 12 61 0.2126
433 15 56 0.2362
464 61 65 0.2126
464 61 68 0.2283
464 61 61 0.2126
464 61 56 0.2126
495 30 44 0.2126
526 30 56 0.2047
526 30 68 0.2047
526 30 65 0.2047
526 30 59 0.2047
526 30 50 0.2441
557 123 51 0.2835
588 12 68 0.2126
598 12 66 0.2126
608 12 60 0.2126
619 15 56 0.2362
649 61 60 0.2441
649 61 68 0.2598
649 61 66 0.2441
649 61 56 0.2441
680 30 44 0.2441
711 28 68 0.2441
711 28 64 0.2441
711 28 56 0.2441
711 28 48 0.2677
742 30 77 0.3622
742 30 65 0.3543
742 15 49 0.3071
773 12 55 0.252
784 12 56 0.252
794 10 61 0.2441
804 92 65 0.3543
804 92 77 0.3701
835 30 68 0.3307
866 15 44 0.2992
897 30 77 0.3228
897 30 65 0.3228
897 15 61 0.2677
897 15 68 0.2677
897 15 56 0.2677
928 46 65 0.3622
928 46 77 0.3622
928 15 49 0.3071
959 12 55 0.252
969 12 56 0.252
974 15 80 0.3386
974 15 68 0.3386
980 12 61 0.2441
990 123 80 0.3386
990 123 68 0.3386
990 15 65 0.2992
1021 30 56 0.315
1021 30 65 0.315
1021 30 61 0.315
1052 15 44 0.2992
1083 15 61 0.2362
1083 15 65 0.2362
1083 15 56 0.2362
1114 15 51 0.3622
1145 33 78 0.4331
1145 33 66 0.4331
1145 12 55 0.2992
1155 12 56 0.2992
1165 12 60 0.2913
1176 33 80 0.4567
1176 33 68 0.4567
1176 15 66 0.3543
1207 33 70 0.4803
1207 33 82 0.4803
1207 30 56 0.3858
1207 30 66 0.3858
1207 30 60 0.3858
1238 33 73 0.5039
1238 33 85 0.5039
1238 15 44 0.3701
1268 33 72 0.4882
1268 33 84 0.4882
1268 15 66 0.2992
1268 15 56 0.2992
1268 15 60 0.2992
1299 33 75 0.5591
1299 33 87 0.5591
1299 15 51 0.4173
1330 33 70 0.4409
1330 33 82 0.4409
1330 12 55 0.2992
1341 12 56 0.2992
1351 12 60 0.2913
1361 123 80 0.4331
1361 123 68 0.4331
1361 15 66 0.3543
1392 30 56 0.3386
1392 30 66 0.3386
1392 30 60 0.3386
1423 15 44 0.2913
1454 15 60 0.2835
1454 15 56 0.2835
1454 15 66 0.2835
1485 30 77 0.4173
1485 30 65 0.4173
1485 15 49 0.3622
1516 12 55 0.2992
1526 12 56 0.2992
1537 10 61 0.2913
1547 92 77 0.4173
1547 92 65 0.4173
1578 30 68 0.3937
1609 15 44 0.3543
1640 30 77 0.3858
1640 30 65 0.3858
1640 15 68 0.315
1640 15 61 0.315
1640 15 56 0.315
1671 46 65 0.4331
1671 46 77 0.4331
1671 15 49 0.3622
1702 12 55 0.2992
1712 12 56 0.2992
1717 15 80 0.4016
1717 15 68 0.4016
1722 12 61 0.2913
1733 123 68 0.4016
1733 123 80 0.4016
1733 15 65 0.3543
1764 30 61 0.378
1764 30 65 0.378
1764 30 56 0.378
1795 15 44 0.3543
1826 15 65 0.2835
1826 15 56 0.2835
1826 15 61 0.2835
1857 15 51 0.3622
1887 33 78 0.4331
1887 33 66 0.4331
1887 12 55 0.2992
1898 12 56 0.2992
1908 12 60 0.2913
1918 33 68 0.4567
1918 33 80 0.4567
1918 15 66 0.3543
1949 33 82 0.4803
1949 33 70 0.4803
1949 30 60 0.3858
1949 30 66 0.3858
1949 30 56 0.3858
1980 33 73 0.5039
1980 33 85 0.5039
1980 15 44 0.3701
2011 33 84 0.4882
2011 33 72 0.4882
2011 15 60 0.2992
2011 15 66 0.2992
2011 15 56 0.2992
2042 33 78 0.4646
2042 33 90 0.5354
2042 15 51 0.4173
2073 33 70 0.4409
2073 33 82 0.4409
2073 12 55 0.2992
2083 12 56 0.2992
2094 12 60 0.2913
2104 123 68 0.4331
2104 123 80 0.4331
2104 15 66 0.3543
2135 30 60 0.3386
2135 30 56 0.3386
2135 30 66 0.3386
2166 15 44 0.2913
2197 15 64 0.2835
2197 15 56 0.2835
2197 15 60 0.2835
2228 30 85 0.4567
2228 30 73 0.4567
2228 15 53 0.3937
2259 12 57 0.3228
2269 12 61 0.3228
2279 10 65 0.315
2290 92 73 0.4567
2290 92 85 0.4567
2290 15 69 0.4331
2321 30 65 0.3858
2321 30 61 0.3858
2352 15 53 0.3858
2383 30 84 0.4173
2383 30 72 0.4173
2383 15 57 0.3465
2383 15 63 0.3465
2414 61 84 0.4567
2414 61 72 0.4567
2414 15 54 0.3937
2445 12 60 0.3228
2455 12 61 0.3228
2465 10 66 0.315
2476 30 82 0.4331
2476 30 70 0.4331
2506 30 77 0.4331
2506 30 65 0.4331
2506 30 62 0.4331
2537 30 68 0.4567
2537 30 80 0.4567
2537 15 50 0.3858
2568 30 82 0.4173
2568 30 70 0.4173
2568 15 65 0.3465
2568 15 58 0.3465
2599 61 80 0.4567
2599 61 68 0.4567
2599 15 51 0.3937
2630 12 57 0.3228
2641 12 58 0.3228
2651 10 63 0.315
2661 30 66 0.4567
2661 30 78 0.4567
2692 23 71 0.4488
2692 23 74 0.4488
2692 92 58 0.3937
2715 38 71 0.4173
2723 30 78 0.4567
2723 30 70 0.3622
2754 23 71 0.4252
2754 23 77 0.4252
2754 30 68 0.3386
2777 193 66 0.3228
2785 61 77 0.4409
2785 15 51 0.3622
2816 12 57 0.2992
2826 12 58 0.2992
2837 10 59 0.2913
2846 30 58 0.3937
2847 123 75 0.4409
2878 30 62 0.3937
2909 30 65 0.4331
2940 30 63 0.4016
2971 30 67 0.3701
2971 30 73 0.4409
2971 30 65 0.3701
2971 15 39 0.3622
3002 30 67 0.3543
3002 30 63 0.3543
3002 30 72 0.4173
3002 12 50 0.2992
3012 12 51 0.2992
3022 10 53 0.2913
3033 61 61 0.3543
3033 61 72 0.4173
3033 61 67 0.3543
3033 15 51 0.3937
3064 61 51 0.3937
3095 23 61 0.3701
3095 23 67 0.3701
3095 23 70 0.4409
3118 38 61 0.2756
3122 34 67 0.3307
3125 30 75 0.4331
3125 30 51 0.3622
3156 30 63 0.4252
3156 30 68 0.4252
3156 30 60 0.3858
3156 185 51 0.3858
3187 30 65 0.3858
3187 30 70 0.3858
3187 30 61 0.3622
3218 30 73 0.4252
3218 30 68 0.4252
3218 30 65 0.3858
3249 23 67 0.3937
3249 23 72 0.3937
3249 30 63 0.3543
3272 38 68 0.3937
3280 30 75 0.4331
3280 30 67 0.378
3311 23 72 0.3937
3311 23 67 0.3937
3311 30 63 0.3543
3334 69 61 0.3228
3338 65 67 0.3228
3342 61 73 0.4409
3342 15 51 0.3622
3373 12 62 0.2992
3383 12 63 0.2992
3394 10 65 0.2913
3404 61 67 0.4331
3404 61 65 0.4331
3404 61 73 0.4331
3404 15 63 0.3386
3435 61 63 0.3937
3466 61 61 0.4094
3466 61 72 0.4094
3466 61 67 0.4094
3497 30 63 0.3622
3528 30 68 0.4252
3528 30 63 0.378
3528 30 60 0.3858
3528 185 56 0.3858
3559 30 65 0.378
3559 30 70 0.4252
3559 30 61 0.3622
3590 30 72 0.4646
3590 30 66 0.4173
3590 30 63 0.3858
3621 30 72 0.4252
3621 30 78 0.4646
3621 30 70 0.3937
3652 30 72 0.4094
3652 30 77 0.4567
3652 30 68 0.3937
3683 30 72 0.3543
3683 30 76 0.4252
3683 30 66 0.3701
3714 30 65 0.3937
3714 30 77 0.4409
3714 15 49 0.4331
3744 12 55 0.3858
3755 12 56 0.3858
3765 10 61 0.378
3775 92 65 0.4331
3775 92 77 0.4882
3806 30 68 0.4803
3837 15 44 0.4646
3868 30 77 0.4961
3868 30 65 0.4409
3868 15 61 0.4094
3868 15 56 0.4094
3868 15 68 0.4094
3899 46 65 0.4803
3899 46 77 0.5354
3899 15 49 0.4724
3930 12 55 0.3858
3940 12 56 0.3858
3946 15 68 0.4803
3946 15 80 0.5354
3951 12 61 0.378
3961 123 68 0.4803
3961 123 80 0.5354
3961 15 65 0.4724
3992 30 56 0.4488
3992 30 65 0.4488
3992 30 61 0.4488
4023 15 44 0.4803
4054 15 61 0.3858
4054 15 56 0.3858
4054 15 65 0.3858
4085 15 51 0.4488
4116 33 78 0.5433
4116 33 66 0.4803
4116 12 55 0.3701
4126 12 56 0.3701
4137 12 60 0.3622
4147 33 68 0.4961
4147 33 80 0.5591
4147 15 66 0.4409
4178 33 82 0.5748
4178 33 70 0.5197
4178 30 56 0.4646
4178 30 66 0.4646
4178 30 60 0.4646
4209 33 73 0.5433
4209 33 85 0.6063
4209 15 44 0.4409
4240 33 84 0.5669
4240 33 72 0.5039
4240 15 66 0.3465
4240 15 56 0.3465
4240 15 60 0.3465
4271 33 87 0.6535
4271 33 75 0.5669
4271 15 51 0.4724
4302 33 70 0.4882
4302 33 82 0.5512
4302 12 55 0.3701
4312 12 56 0.3701
4322 12 60 0.3465
4333 123 80 0.5197
4333 123 68 0.4646
4333 15 66 0.4331
4363 30 56 0.4016
4363 30 66 0.4016
4363 30 60 0.4016
4394 15 44 0.3307
4425 15 60 0.315
4425 15 66 0.315
4425 15 56 0.315
4456 30 77 0.3543
4456 30 65 0.3543
4456 15 49 0.3071
4487 12 55 0.252
4498 12 56 0.252
4508 10 61 0.2441
4518 92 65 0.3543
4518 92 77 0.3543
4549 30 68 0.3307
4580 15 44 0.2992
4611 30 65 0.3228
4611 30 77 0.3228
4611 15 68 0.2677
4611 15 56 0.2677
4611 15 61 0.2677
4642 46 65 0.3622
4642 46 77 0.3622
4642 15 49 0.3071
4673 12 55 0.252
4683 12 56 0.252
4688 15 68 0.3386
4688 15 80 0.3386
4694 12 61 0.2441
4704 123 80 0.3386
4704 123 68 0.3386
4704 15 65 0.2992
4735 30 61 0.315
4735 30 56 0.315
4735 30 65 0.315
4766 15 44 0.2992
4797 15 65 0.2362
4797 15 56 0.2362
4797 15 61 0.2362
4828 15 51 0.3622
4859 33 78 0.4331
4859 33 66 0.4331
4859 12 55 0.2992
4869 12 56 0.2992
4879 12 60 0.2913
4890 33 80 0.4488
4890 33 68 0.4488
4890 15 66 0.3543
4921 33 82 0.4646
4921 33 70 0.4646
4921 30 60 0.378
4921 30 56 0.378
4921 30 66 0.378
4952 33 73 0.4803
4952 33 85 0.4803
4952 15 44 0.3543
4982 33 84 0.4567
4982 33 72 0.4567
4982 15 60 0.2835
4982 15 56 0.2835
4982 15 66 0.2835
5013 33 78 0.5118
5013 33 90 0.5118
5013 15 51 0.3858
5044 33 70 0.4409
5044 33 82 0.4409
5044 12 55 0.2992
5055 12 56 0.2992
5065 12 60 0.2913
5075 61 68 0.4331
5075 61 80 0.4331
5075 15 66 0.3543
5106 30 60 0.3386
5106 30 66 0.3386
5106 30 56 0.3386
5137 30 69 0.2598
5137 30 75 0.2598
5137 33 80 0.315
5137 61 47 0.2598
5160 7 58 0.1811
5168 30 79 0.2913
5168 15 59 0.2205
5199 30 68 0.3543
5199 30 80 0.3858
5199 15 52 0.3307
5230 12 58 0.2835
5240 12 59 0.2835
5251 10 61 0.2835
5261 92 68 0.4094
5261 92 80 0.4094
5261 15 59 0.3858
5292 30 59 0.3465
5323 15 47 0.3465
5354 30 80 0.4173
5354 30 68 0.4173
5354 15 59 0.3465
5354 15 53 0.3465
5354 15 62 0.3465
5385 30 71 0.4094
5385 30 83 0.4567
5385 15 54 0.3937
5416 30 69 0.4094
5416 30 81 0.4567
5416 12 58 0.3228
5426 12 59 0.3228
5436 10 61 0.315
5447 30 85 0.5118
5447 30 73 0.4567
5447 15 59 0.4331
5478 30 75 0.4252
5478 30 87 0.4803
5478 30 59 0.4409
5509 30 80 0.5039
5509 30 92 0.5669
5509 15 47 0.4016
5540 30 78 0.4803
5540 30 90 0.5354
5540 15 63 0.3701
5540 15 59 0.3701
5540 15 69 0.3701
5571 30 80 0.3858
5571 30 68 0.3858
5571 15 52 0.3307
5601 12 58 0.2677
5612 12 59 0.2677
5622 10 61 0.2677
5632 92 68 0.3858
5632 92 80 0.3858
5632 15 59 0.3622
5663 30 59 0.3228
5694 15 47 0.3228
5725 30 80 0.3543
5725 30 68 0.3543
5725 15 59 0.2913
5725 15 53 0.2913
5725 15 62 0.2913
5756 30 83 0.3858
5756 30 71 0.3858
5756 15 54 0.3307
5787 30 81 0.3858
5787 30 69 0.3858
5787 12 58 0.2677
5797 12 59 0.2677
5808 10 61 0.2677
5818 30 73 0.4016
5818 30 85 0.4016
5818 15 59 0.3622
5849 23 75 0.378
5849 23 87 0.378
5849 30 59 0.3622
5872 38 80 0.378
5880 30 92 0.4331
5880 15 47 0.378
5911 30 90 0.4094
5911 30 78 0.4094
5911 15 63 0.3386
5911 15 59 0.3386
5911 15 69 0.3386
5942 61 80 0.4961
5942 61 68 0.4173
5942 30 64 0.5433
5973 12 63 0.4409
5983 12 64 0.4409
5994 10 63 0.4409
6004 61 80 0.4567
6004 61 68 0.3858
6004 61 78 0.4567
6004 30 62 0.5197
6035 30 63 0.4173
6066 92 68 0.4409
6066 61 76 0.5197
6066 92 80 0.5197
6066 30 60 0.4724
6097 30 56 0.4331
6128 30 77 0.5197
6128 30 61 0.4724
6159 30 72 0.4488
6159 30 66 0.378
6159 30 75 0.4488
6159 30 57 0.4331
6190 30 65 0.4173
6190 30 73 0.4961
6190 30 58 0.4567
6220 30 72 0.4409
6220 30 69 0.4409
6220 30 63 0.3701
6220 30 53 0.4252
6251 30 61 0.4016
6251 30 70 0.4724
6251 30 54 0.4488
6282 30 68 0.4173
6282 30 65 0.4173
6282 30 50 0.4173
6282 30 59 0.4173
6313 30 66 0.4567
6313 185 58 0.3858
6313 185 51 0.3858
6344 30 68 0.4331
6375 30 69 0.4331
6406 30 70 0.4724
6437 30 73 0.5118
6468 23 66 0.4567
6491 61 60 0.3937
6495 58 66 0.4016
6499 54 70 0.4567
6499 30 44 0.3937
6530 12 55 0.3228
6540 12 56 0.3228
6551 10 58 0.315
6553 131 66 0.378
6561 92 77 0.4567
6561 30 56 0.3937
6592 30 56 0.3937
6623 61 44 0.3622
6654 30 72 0.4173
6654 30 56 0.3386
6685 123 49 0.315
6716 12 68 0.3622
6726 12 65 0.3622
6736 12 61 0.3622
6747 15 56 0.4094
6778 61 61 0.3071
6778 61 68 0.378
6778 61 65 0.3622
6778 61 56 0.3071
6809 30 44 0.315
6839 30 65 0.4016
6839 30 68 0.4016
6839 30 59 0.3386
6839 30 56 0.3386
6839 30 50 0.3701
6870 123 51 0.4567
6901 12 68 0.3622
6912 12 66 0.3622
6922 12 60 0.3622
6932 15 56 0.4094
6963 61 56 0.3228
6963 61 60 0.3228
6963 61 66 0.3858
6963 61 68 0.4016
6994 30 44 0.3701
7025 30 64 0.3543
7025 30 56 0.2992
7025 30 68 0.3543
7025 30 48 0.3307
7056 123 49 0.2126
7087 12 68 0.2126
7097 12 65 0.2126
7108 12 61 0.2126
7118 15 56 0.2362
7149 61 56 0.2126
7149 61 61 0.2126
7149 61 65 0.2126
7149 61 68 0.2205
7180 30 44 0.2126
7211 30 59 0.2047
7211 30 68 0.2047
7211 30 65 0.2047
7211 30 56 0.2047
7211 30 50 0.2441
7242 123 51 0.2835
7273 12 68 0.2126
7283 12 66 0.2126
7293 12 60 0.2126
7304 15 56 0.2362
7335 61 56 0.2441
7335 61 60 0.2441
7335 61 68 0.2441
7335 61 66 0.2441
7366 30 44 0.2441
7397 30 56 0.2441
7397 30 64 0.2441
7397 30 68 0.2441
7397 30 48 0.2677
7428 15 64 0.315
7428 15 68 0.315
7428 30 61 0.4961
7458 15 64 0.3228
7458 15 68 0.3228
7458 12 59 0.4409
7469 12 61 0.4409
7479 10 59 0.4409
7489 15 64 0.315
7489 15 68 0.315
7489 30 57 0.4882
7520 15 64 0.3307
7520 15 68 0.3307
7520 30 59 0.4409
7551 15 64 0.3543
7551 15 68 0.3543
7551 30 61 0.4961
7582 15 64 0.378
7582 15 68 0.378
7582 30 63 0.4567
7613 15 64 0.3937
7613 15 68 0.3937
7613 30 61 0.5354
7644 15 64 0.3543
7644 15 68 0.3543
7644 12 60 0.4094
7655 12 61 0.4094
7665 10 60 0.4094
7675 15 64 0.3701
7675 15 68 0.3701
7675 123 56 0.4488
7706 15 64 0.252
7706 15 68 0.252
7737 15 64 0.2283
7737 15 68 0.2283
7768 15 64 0.2205
7768 15 68 0.2205
7799 371 76 0.2598
7799 15 64 0.189
7799 15 68 0.189
7799 30 61 0.2677
7830 15 64 0.189
7830 15 68 0.189
7830 12 59 0.2362
7840 12 61 0.2362
7851 10 59 0.2362
7861 15 64 0.189
7861 15 68 0.189
7861 30 57 0.2598
7892 15 64 0.189
7892 15 68 0.189
7892 30 59 0.2362
7923 15 64 0.2126
7923 15 68 0.2126
7923 30 61 0.2677
7954 15 64 0.2205
7954 15 68 0.2205
7954 30 63 0.2441
7985 15 64 0.2362
7985 15 68 0.2362
7985 30 61 0.3071
8016 15 64 0.2126
8016 15 68 0.2126
8016 12 60 0.2205
8026 12 61 0.2205
8036 10 60 0.2205
8047 15 64 0.2126
8047 15 68 0.2126
8047 123 56 0.2362
8077 15 64 0.1811
8077 15 68 0.1811
8108 15 64 0.1654
8108 15 68 0.1654
8139 15 64 0.1654
8139 15 68 0.1654
8170 123 69 0.4252
8170 30 76 0.5748
8170 123 54 0.3622
8170 123 61 0.4094
8201 12 75 0.5039
8212 12 76 0.4961
8222 10 75 0.4961
8232 30 73 0.5827
8263 30 75 0.4961
8294 61 64 0.3937
8294 30 76 0.5512
8294 61 49 0.3701
8294 61 56 0.3701
8325 30 73 0.4882
8356 123 69 0.2992
8356 30 76 0.3701
8356 123 54 0.2913
8356 123 61 0.2913
8387 12 75 0.3307
8397 12 76 0.3228
8408 10 75 0.3228
8418 30 73 0.378
8449 30 75 0.3228
8480 61 64 0.2756
8480 30 76 0.3543
8480 61 49 0.2598
8480 61 56 0.2598
8511 30 73 0.315
8542 61 64 0.2992
8542 30 71 0.3701
8542 340 56 0.2913
8542 30 63 0.3228
8573 12 69 0.3307
8573 30 61 0.2913
8583 12 71 0.3228
8593 10 69 0.3228
8604 30 63 0.2756
8604 61 68 0.378
8604 61 60 0.3228
8635 30 63 0.3071
8666 30 64 0.3228
8666 30 69 0.3622
8666 30 61 0.2677
8696 30 66 0.3465
8696 30 71 0.3858
8696 30 63 0.2835
8727 30 68 0.3622
8727 30 73 0.4094
8727 30 64 0.3071
8758 30 66 0.3465
8758 30 71 0.3858
8758 30 63 0.2835
8789 30 64 0.3386
8789 30 69 0.378
8789 30 61 0.3071
8820 30 66 0.3228
8820 30 71 0.3622
8820 30 63 0.2677
8851 61 63 0.315
8851 61 68 0.3543
8851 30 60 0.2913
8882 30 56 0.2677
8913 15 64 0.2362
8913 15 68 0.2362
8913 30 61 0.378
8944 15 64 0.2362
8944 15 68 0.2362
8944 12 59 0.3228
8954 12 61 0.3228
8965 10 59 0.3228
8975 15 64 0.2362
8975 15 68 0.2362
8975 30 57 0.3701
9006 15 64 0.2441
9006 15 68 0.2441
9006 30 59 0.3228
9037 15 64 0.2677
9037 15 68 0.2677
9037 30 61 0.378
9068 15 64 0.2835
9068 15 68 0.2835
9068 30 63 0.3386
9099 15 64 0.2992
9099 15 68 0.2992
9099 30 61 0.4173
9130 15 64 0.2677
9130 15 68 0.2677
9130 12 60 0.3071
9140 12 61 0.3071
9150 10 60 0.3071
9161 15 64 0.2756
9161 15 68 0.2756
9161 123 56 0.3307
9192 15 64 0.1969
9192 15 68 0.1969
9223 15 64 0.189
9223 15 68 0.189
9254 15 64 0.1811
9254 15 68 0.1811
9285 371 76 0.2598
9285 15 64 0.189
9285 15 68 0.189
9285 30 61 0.2677
9315 15 64 0.189
9315 15 68 0.189
9315 12 59 0.2362
9326 12 61 0.2362
9336 10 59 0.2362
9346 15 64 0.189
9346 15 68 0.189
9346 30 57 0.2598
9377 15 64 0.189
9377 15 68 0.189
9377 30 59 0.2362
9408 15 64 0.2126
9408 15 68 0.2126
9408 30 61 0.2677
9439 15 64 0.2205
9439 15 68 0.2205
9439 30 63 0.2441
9470 15 64 0.2362
9470 15 68 0.2362
9470 30 61 0.3071
9501 15 64 0.2126
9501 15 68 0.2126
9501 12 60 0.2205
9512 12 61 0.2205
9522 10 60 0.2205
9532 15 64 0.2126
9532 15 68 0.2126
9532 123 56 0.2362
9563 15 64 0.1811
9563 15 68 0.1811
9594 15 64 0.1654
9594 15 68 0.1654
9625 15 64 0.1654
9625 15 68 0.1654
9656 123 69 0.4252
9656 30 76 0.5748
9656 123 54 0.3701
9656 123 61 0.4094
9687 12 75 0.5039
9697 12 76 0.4961
9708 10 75 0.4961
9718 30 73 0.5827
9749 30 75 0.4961
9780 61 64 0.3937
9780 30 76 0.5512
9780 61 49 0.3701
9780 61 56 0.3701
9811 30 73 0.4882
9842 123 69 0.2992
9842 30 76 0.3701
9842 123 54 0.2913
9842 123 61 0.2913
9873 12 75 0.3307
9883 12 76 0.3228
9893 10 75 0.3228
9904 30 73 0.378
9934 30 75 0.3228
9965 61 64 0.2756
9965 30 76 0.3543
9965 61 49 0.2598
9965 61 56 0.2598
9996 30 73 0.315
10027 30 61 0.2677
10027 30 64 0.2677
10027 30 59 0.4016
10058 30 61 0.2362
10058 30 64 0.2362
10058 12 57 0.3622
10069 12 59 0.3543
10079 10 57 0.3543
10089 30 60 0.2677
10089 30 64 0.2677
10089 61 56 0.4094
10120 30 61 0.2362
10120 30 64 0.2362
10151 30 63 0.378
10151 30 68 0.378
10151 30 59 0.3228
10182 15 61 0.3465
10182 15 66 0.3465
10182 15 57 0.3071
10198 77 44 0.2913
10201 73 54 0.3543
10205 69 57 0.3228
10209 65 60 0.3228
10213 30 64 0.378
10244 12 63 0.3307
10254 12 64 0.3307
10265 12 63 0.3307
10275 30 56 0.3701
10275 30 61 0.3701
10275 123 49 0.315
10275 30 52 0.315
10306 23 57 0.3543
10306 30 54 0.3071
10329 69 56 0.3543
10337 61 61 0.3543
10337 61 52 0.315
10399 30 60 0.2835
10399 30 63 0.2835
10399 92 56 0.3937
10430 30 60 0.2835
10430 30 63 0.2835
10461 30 63 0.2835
10461 30 61 0.2835
10492 30 61 0.2835
10492 30 63 0.2835
10492 15 54 0.3937
10507 15 56 0.378
10523 30 61 0.3228
10523 30 63 0.3228
10523 15 57 0.4094
10538 15 59 0.3937
10554 30 61 0.3071
10554 30 63 0.3071
10554 15 57 0.3937
10569 15 54 0.3622
10584 30 60 0.3543
10584 30 63 0.3543
10584 30 56 0.4094
10615 30 61 0.3543
10615 61 63 0.3543
10615 12 57 0.3701
10626 12 59 0.3701
10636 12 57 0.3701
10646 30 60 0.3543
10646 30 56 0.4094
10677 30 73 0.378
10677 61 75 0.378
10677 12 69 0.4252
10688 12 71 0.4252
10698 12 69 0.4331
10708 30 72 0.3701
10708 30 68 0.5118
10739 30 80 0.4961
10770 92 69 0.5197
10770 92 72 0.5197
10770 61 80 0.5197
10770 15 44 0.4488
10801 12 63 0.4016
10811 12 64 0.4016
10822 12 63 0.4016
10832 30 78 0.4882
10832 309 56 0.4724
10863 30 69 0.4567
10863 30 72 0.4567
10863 30 63 0.3937
10894 61 69 0.3937
10894 61 72 0.3937
10894 30 76 0.4961
10894 30 68 0.4173
10925 30 75 0.4488
10925 30 66 0.3937
10956 30 68 0.4094
10956 12 73 0.4567
10956 30 64 0.4409
10966 12 75 0.4252
10976 12 73 0.4331
10987 18 66 0.4094
10987 18 71 0.4567
10987 15 63 0.4094
11002 18 64 0.4016
11002 18 69 0.4488
11002 15 61 0.4094
11018 30 63 0.3701
11018 61 68 0.4173
11018 30 60 0.4331
11049 30 64 0.3543
11049 30 61 0.4173
11080 61 63 0.3858
11080 61 68 0.4331
11080 61 60 0.4173
11142 30 60 0.252
11142 30 63 0.252
11142 92 56 0.3543
11173 30 60 0.252
11173 30 63 0.252
11203 30 63 0.252
11203 30 61 0.252
11234 30 61 0.252
11234 30 63 0.252
11234 15 54 0.3543
11250 15 56 0.3386
11265 30 61 0.2835
11265 30 63 0.2835
11265 15 57 0.3622
11281 15 59 0.3543
11296 30 61 0.2756
11296 30 63 0.2756
11296 15 57 0.3543
11312 15 54 0.3228
11327 30 60 0.315
11327 30 63 0.315
11327 30 56 0.3622
11358 30 61 0.315
11358 61 63 0.315
11358 12 57 0.3307
11369 12 59 0.3307
11379 12 57 0.3307
11389 30 60 0.315
11389 30 56 0.3622
11420 30 73 0.3386
11420 61 75 0.3386
11420 12 69 0.378
11430 12 71 0.378
11441 12 69 0.378
11451 30 72 0.315
11451 30 68 0.3937
11482 30 71 0.3386
11482 30 75 0.3386
11482 30 59 0.2362
11482 30 69 0.3071
11513 61 71 0.3543
11513 30 76 0.3543
11513 185 64 0.315
11513 61 68 0.315
11544 12 75 0.3307
11554 12 76 0.3307
11565 12 75 0.3307
11575 46 73 0.3543
11575 61 69 0.315
11621 15 73 0.3307
11637 46 71 0.378
11637 15 75 0.378
11637 30 66 0.3307
11652 15 78 0.3543
11668 15 75 0.3701
11668 30 69 0.3071
11683 15 71 0.3543
11699 15 73 0.3622
11699 61 69 0.3228
11699 185 64 0.3228
11730 12 73 0.3386
11740 12 75 0.3386
11750 12 73 0.3386
11761 15 71 0.3622
11761 30 68 0.3228
11776 15 76 0.3307
11792 15 73 0.3465
11792 30 69 0.3071
11807 15 75 0.3386
11822 61 71 0.3386
11822 61 68 0.3071
11884 61 61 0.4173
11884 123 63 0.4173
11884 30 57 0.4882
11915 12 57 0.4409
11926 12 59 0.4409
11936 12 57 0.4409
11946 61 60 0.4173
11946 30 56 0.4882
11977 12 51 0.4567
11993 12 56 0.4567
12008 91 63 0.4488
12008 61 61 0.4488
12008 30 57 0.4882
12039 12 57 0.4409
12049 12 59 0.4409
12060 12 57 0.4409
12070 30 60 0.4173
12070 30 56 0.4882
12101 15 87 0.378
12101 15 63 0.2992
12116 15 88 0.3543
12116 15 64 0.2756
12132 15 90 0.378
12132 15 66 0.2992
12147 15 92 0.3543
12147 15 68 0.2756
12163 15 90 0.3543
12163 15 66 0.2756
12178 15 87 0.3543
12178 15 63 0.2756
12194 15 84 0.378
12194 15 60 0.2992
12209 15 88 0.3543
12209 15 64 0.2756
12225 15 87 0.3543
12225 15 63 0.2756
12240 15 81 0.3543
12240 15 57 0.2756
12256 30 80 0.4331
12256 30 56 0.4488
12287 12 57 0.4409
12297 12 59 0.4409
12307 12 57 0.4409
12318 61 63 0.4173
12318 61 60 0.4173
12318 30 56 0.4882
12349 12 51 0.4567
12364 12 56 0.4567
12380 91 63 0.4488
12380 61 61 0.4488
12380 30 57 0.4882
12411 12 57 0.4409
12421 12 59 0.4409
12431 12 57 0.4409
12441 30 60 0.4173
12441 30 56 0.4882
12472 15 87 0.4882
12472 15 63 0.3858
12488 15 88 0.4567
12488 15 64 0.3622
12503 15 90 0.4882
12503 15 66 0.3858
12519 15 92 0.4567
12519 15 68 0.3622
12534 15 90 0.4567
12534 15 66 0.3622
12550 15 87 0.4567
12550 15 63 0.3622
12565 15 84 0.5197
12565 15 60 0.4252
12581 15 88 0.4961
12581 15 64 0.378
12596 15 87 0.4803
12596 15 63 0.378
12612 15 81 0.4803
12612 15 57 0.378
12627 30 80 0.5197
12627 30 56 0.4882
12658 15 78 0.5354
12658 15 54 0.4252
12674 15 80 0.4961
12674 15 56 0.3937
12689 15 81 0.5354
12689 15 57 0.4252
12705 15 85 0.4961
12705 15 61 0.3937
12720 15 83 0.4961
12720 15 59 0.3937
12735 15 80 0.4961
12735 15 56 0.3937
12751 15 78 0.5354
12751 15 54 0.4252
12766 15 81 0.4961
12766 15 57 0.3937
12782 15 80 0.4961
12782 15 56 0.3937
12797 15 76 0.4961
12797 15 52 0.3937
12813 15 75 0.5354
12813 15 51 0.4252
12828 15 76 0.5197
12828 15 52 0.4094
12844 15 78 0.5197
12844 15 54 0.4094
12859 15 80 0.5197
12859 15 56 0.4094
12875 15 78 0.5669
12875 15 54 0.4488
12890 15 75 0.5433
12890 15 51 0.4331
12906 15 76 0.5512
12906 15 52 0.4409
12921 15 73 0.5354
12921 15 49 0.4252
12937 15 75 0.5354
12937 15 51 0.4252
12952 15 71 0.5118
12952 15 47 0.4094
12968 15 73 0.5354
12968 15 49 0.4252
12983 15 69 0.5039
12983 15 45 0.4016
12999 30 68 0.5354
12999 30 44 0.5354
13030 30 61 0.5354
13030 10 66 0.5354
13030 30 51 0.3858
13030 30 57 0.4567
13040 10 68 0.4567
13050 10 69 0.4488
13060 30 63 0.4961
13060 10 68 0.4961
13060 30 56 0.3465
13060 30 60 0.4094
13071 10 69 0.4252
13081 10 68 0.4331
13091 30 61 0.5354
13091 10 66 0.5354
13091 30 51 0.378
13091 30 57 0.4488
13102 10 68 0.4409
13112 10 69 0.4409
13122 30 63 0.4646
13122 10 68 0.4646
13122 30 56 0.3307
13122 30 60 0.3937
13133 10 69 0.4331
13143 10 68 0.4331
13153 30 61 0.5118
13153 10 66 0.5118
13153 30 51 0.3622
13153 30 57 0.4331
13164 10 68 0.4331
13174 10 69 0.4331
13184 30 63 0.5354
13184 30 68 0.5354
13184 30 56 0.3307
13184 30 60 0.3937
13215 61 56 0.4488
13277 61 56 0.5118
13339 30 56 0.5354
13370 123 49 0.378
13401 12 68 0.4331
13411 12 65 0.4331
13422 12 61 0.4331
13432 15 56 0.4882
13463 61 56 0.3622
13463 61 61 0.3622
13463 61 65 0.4331
13463 61 68 0.4488
13494 30 44 0.378
13525 30 56 0.4016
13525 30 59 0.4016
13525 30 65 0.4803
13525 30 68 0.4803
13525 30 50 0.4409
13556 123 51 0.5433
13587 12 68 0.4331
13597 12 66 0.4331
13607 12 60 0.4331
13618 15 56 0.4882
13649 61 56 0.3858
13649 61 60 0.3858
13649 61 66 0.4567
13649 61 68 0.4724
13679 30 44 0.4409
13710 30 56 0.3543
13710 30 64 0.4252
13710 30 68 0.4252
13710 30 48 0.3937
13741 123 49 0.2362
13772 12 68 0.2362
13783 12 65 0.2362
13793 12 61 0.2362
13803 15 56 0.2677
13834 61 56 0.2362
13834 61 61 0.2362
13834 61 65 0.2362
13834 61 68 0.252
13865 30 44 0.2362
13896 30 56 0.2283
13896 30 59 0.2283
13896 30 65 0.2283
13896 30 68 0.2283
13896 30 50 0.2756
13927 123 51 0.315
13958 12 68 0.2362
13968 12 66 0.2362
13979 12 60 0.2362
13989 15 56 0.2677
14020 61 56 0.2756
14020 61 60 0.2756
14020 61 66 0.2756
14020 61 68 0.2913
14051 30 44 0.2756
14082 27 56 0.2756
14082 27 64 0.2756
14082 27 68 0.2756
14082 27 48 0.3071
14113 30 77 0.3543
14113 30 65 0.3543
14113 15 49 0.3071
14144 12 55 0.252
14154 12 56 0.252
14164 10 61 0.2441
14175 92 65 0.3543
14175 92 77 0.3701
14206 30 68 0.3307
14237 15 44 0.2992
14268 30 65 0.3228
14268 30 77 0.3228
14268 15 68 0.2677
14268 15 61 0.2677
14268 15 56 0.2677
14298 46 65 0.3622
14298 46 77 0.3622
14298 15 49 0.3071
14329 12 55 0.252
14340 12 56 0.252
14345 15 68 0.3386
14345 15 80 0.3386
14350 12 61 0.2441
14360 123 68 0.3386
14360 123 80 0.3386
14360 15 65 0.2992
14391 30 56 0.315
14391 30 61 0.315
14391 30 65 0.315
14422 15 44 0.2992
14453 15 65 0.2362
14453 15 61 0.2362
14453 15 56 0.2362
14484 15 51 0.3622
14515 33 78 0.4331
14515 33 66 0.4331
14515 12 55 0.2992
14525 12 56 0.2992
14536 12 60 0.2913
14546 33 68 0.4567
14546 33 80 0.4567
14546 15 66 0.3543
14577 33 70 0.4803
14577 33 82 0.4803
14577 30 56 0.3858
14577 30 60 0.3858
14577 30 66 0.3858
14608 33 73 0.5039
14608 33 85 0.5039
14608 15 44 0.3701
14639 33 72 0.4882
14639 33 84 0.4882
14639 15 66 0.2992
14639 15 60 0.2992
14639 15 56 0.2992
14670 33 75 0.5591
14670 33 87 0.5591
14670 15 51 0.4173
14701 33 70 0.4409
14701 33 82 0.4409
14701 12 55 0.2992
14711 12 56 0.2992
14721 12 60 0.2913
14732 123 68 0.4331
14732 123 80 0.4331
14732 15 66 0.3543
14763 30 56 0.3386
14763 30 60 0.3386
14763 30 66 0.3386
14794 15 44 0.2913
14825 15 66 0.2835
14825 15 60 0.2835
14825 15 56 0.2835
14856 30 77 0.3543
14856 30 65 0.3543
14856 15 49 0.3071
14887 12 55 0.252
14897 12 56 0.252
14907 10 61 0.2441
14917 92 65 0.3543
14917 92 77 0.3543
14948 30 68 0.3307
14979 15 44 0.2992
15010 30 65 0.3228
15010 30 77 0.3228
15010 15 68 0.2677
15010 15 61 0.2677
15010 15 56 0.2677
15041 46 65 0.3622
15041 46 77 0.3622
15041 15 49 0.3071
15072 12 55 0.252
15083 12 56 0.252
15088 15 68 0.3386
15088 15 80 0.3386
15093 12 61 0.2441
15103 123 68 0.3386
15103 123 80 0.3386
15103 15 65 0.2992
15134 30 56 0.315
15134 30 61 0.315
15134 30 65 0.315
15165 15 44 0.2992
15196 15 65 0.2362
15196 15 61 0.2362
15196 15 56 0.2362
15227 15 51 0.3622
15258 33 78 0.4331
15258 33 66 0.4331
15258 12 55 0.2992
15268 12 56 0.2992
15279 12 60 0.2913
15289 33 68 0.4567
15289 33 80 0.4567
15289 15 66 0.3543
15320 33 70 0.4803
15320 33 82 0.4803
15320 30 56 0.3858
15320 30 60 0.3858
15320 30 66 0.3858
15351 33 73 0.5039
15351 33 85 0.5039
15351 15 44 0.3701
15382 33 72 0.4882
15382 33 84 0.4882
15382 15 66 0.2992
15382 15 60 0.2992
15382 15 56 0.2992
15413 33 78 0.5118
15413 33 90 0.5433
15413 15 51 0.4173
15444 33 70 0.4409
15444 33 82 0.4409
15444 12 55 0.2992
15454 12 56 0.2992
15464 12 60 0.2913
15475 123 68 0.4331
15475 123 80 0.4331
15475 15 66 0.3543
15506 30 56 0.3386
15506 30 60 0.3386
15506 30 66 0.3386
15536 15 44 0.2913
15567 15 64 0.2835
15567 15 60 0.2835
15567 15 56 0.2835
15598 30 85 0.4567
15598 30 73 0.4567
15598 15 53 0.3937
15629 12 57 0.3228
15640 12 61 0.3228
15650 10 65 0.315
15660 92 73 0.4567
15660 92 85 0.4567
15660 15 69 0.4331
15691 30 61 0.3858
15691 30 65 0.3858
15722 15 53 0.3858
15753 30 72 0.4173
15753 30 84 0.4173
15753 15 63 0.3465
15753 15 57 0.3465
15784 61 84 0.4567
15784 61 72 0.4567
15784 15 54 0.3937
15815 12 60 0.3228
15825 12 61 0.3228
15836 10 66 0.315
15846 30 70 0.4331
15846 30 82 0.4331
15877 30 65 0.4331
15877 30 77 0.4331
15877 30 62 0.4331
15908 30 68 0.4567
15908 30 80 0.4567
15908 15 50 0.3858
15939 30 70 0.4173
15939 30 82 0.4173
15939 15 65 0.3465
15939 15 58 0.3465
15970 61 80 0.4567
15970 61 68 0.4567
15970 15 51 0.3937
16001 12 57 0.3228
16011 12 58 0.3228
16021 10 63 0.315
16032 30 66 0.4567
16032 30 78 0.4567
16063 23 71 0.4488
16063 23 74 0.4488
16063 92 58 0.3937
16086 38 71 0.4173
16094 30 78 0.4567
16094 30 70 0.3622
16125 23 71 0.4252
16125 23 77 0.4252
16125 30 68 0.3386
16148 193 66 0.3228
16155 61 77 0.4409
16155 15 51 0.3622
16186 12 57 0.2992
16197 12 58 0.2992
16207 10 59 0.2913
16217 123 75 0.4409
16217 30 58 0.3937
16248 30 62 0.3937
16279 30 65 0.4331
16310 30 63 0.4016
16341 30 67 0.3701
16341 30 65 0.3701
16341 30 73 0.4409
16341 15 39 0.3622
16372 30 63 0.3543
16372 30 67 0.3543
16372 30 72 0.4173
16372 12 50 0.2992
16382 12 51 0.2992
16393 10 53 0.2913
16403 61 61 0.3543
16403 61 67 0.3543
16403 61 72 0.4173
16403 15 51 0.3937
16434 61 51 0.3937
16465 23 61 0.3701
16465 23 67 0.3701
16465 23 70 0.4409
16488 38 61 0.2756
16492 34 67 0.3307
16496 30 75 0.4331
16496 30 51 0.3622
16527 30 63 0.3543
16527 30 68 0.3543
16527 185 51 0.3228
16527 30 60 0.3228
16558 30 65 0.3228
16558 30 70 0.3228
16558 30 61 0.3071
16589 30 68 0.3543
16589 30 73 0.3543
16589 30 65 0.3228
16620 23 67 0.3307
16620 23 72 0.3307
16620 30 63 0.2992
16643 38 68 0.3307
16651 30 75 0.3622
16651 30 67 0.315
16682 23 67 0.3307
16682 23 72 0.3307
16682 30 63 0.2992
16705 69 61 0.2677
16709 65 67 0.2677
16713 61 73 0.3701
16713 15 51 0.3071
16744 12 62 0.252
16754 12 63 0.252
16764 10 65 0.2441
16774 61 65 0.3622
16774 61 67 0.3622
16774 61 73 0.3622
16774 15 63 0.2835
16805 61 63 0.3307
16836 61 61 0.3465
16836 61 67 0.3465
16836 61 72 0.3465
16867 30 63 0.3071
16898 30 63 0.3543
16898 30 68 0.3543
16898 185 56 0.3228
16898 30 60 0.3228
16929 30 65 0.3307
16929 30 70 0.3307
16929 30 61 0.315
16960 30 66 0.378
16960 30 72 0.378
16960 30 63 0.3465
16991 30 72 0.3701
16991 30 78 0.4173
16991 30 70 0.3701
17022 30 72 0.3228
17022 30 77 0.3622
17022 30 68 0.3465
17053 30 72 0.2677
17053 30 76 0.2992
17053 30 66 0.2835
17084 30 77 0.4094
17084 30 65 0.3622
17084 15 49 0.4252
17115 12 55 0.3858
17125 12 56 0.3858
17136 10 61 0.378
17146 92 65 0.4331
17146 92 77 0.4882
17177 30 68 0.4646
17208 15 44 0.4567
17239 30 65 0.4409
17239 30 77 0.4961
17239 15 68 0.4094
17239 15 61 0.4094
17239 15 56 0.4094
17270 46 65 0.4961
17270 46 77 0.5591
17270 15 49 0.4646
17301 12 55 0.3858
17311 12 56 0.3858
17316 15 68 0.4724
17316 15 80 0.5276
17321 12 61 0.378
17332 123 68 0.4724
17332 123 80 0.5276
17332 15 65 0.4646
17363 30 56 0.4409
17363 30 61 0.4409
17363 30 65 0.4409
17393 15 44 0.4803
17424 15 65 0.3858
17424 15 61 0.3858
17424 15 56 0.3858
17455 15 51 0.4331
17486 33 78 0.5197
17486 33 66 0.4646
17486 12 55 0.3543
17497 12 56 0.3543
17507 12 60 0.3465
17517 33 68 0.4803
17517 33 80 0.5354
17517 15 66 0.4173
17548 33 70 0.4961
17548 33 82 0.5512
17548 30 56 0.4488
17548 30 60 0.4488
17548 30 66 0.4488
17579 33 73 0.5118
17579 33 85 0.5748
17580 15 44 0.4173
17610 33 72 0.4882
17610 33 84 0.5433
17610 15 66 0.3307
17610 15 60 0.3307
17610 15 56 0.3307
17641 33 75 0.5512
17641 33 87 0.6535
17641 15 51 0.4567
17672 33 70 0.4724
17672 33 82 0.5276
17672 12 55 0.3543
17682 12 56 0.3543
17693 12 60 0.3307
17703 123 68 0.4409
17703 123 80 0.4961
17703 15 66 0.4094
17734 30 56 0.3858
17734 30 60 0.3858
17734 30 66 0.3858
17765 15 44 0.3228
17796 15 66 0.3071
17796 15 60 0.3071
17796 15 56 0.3071
17827 30 77 0.3543
17827 30 65 0.3543
17827 15 49 0.3071
17858 12 55 0.252
17868 12 56 0.252
17878 10 61 0.2441
17889 92 65 0.3543
17889 92 77 0.3543
17920 30 68 0.3307
17951 15 44 0.2992
17982 30 65 0.3228
17982 30 77 0.3228
17982 15 68 0.2677
17982 15 61 0.2677
17982 15 56 0.2677
18012 46 65 0.3622
18012 46 77 0.3622
18012 15 49 0.3071
18043 12 55 0.252
18054 12 56 0.252
18059 15 68 0.3386
18059 15 80 0.3386
18064 12 61 0.2441
18074 123 68 0.3386
18074 123 80 0.3386
18074 15 65 0.2992
18105 30 56 0.315
18105 30 61 0.315
18105 30 65 0.315
18136 15 44 0.2992
18167 15 65 0.2362
18167 15 61 0.2362
18167 15 56 0.2362
18198 15 51 0.3622
18229 33 78 0.4331
18229 33 66 0.4331
18229 12 55 0.2992
18239 12 56 0.2992
18250 12 60 0.2913
18260 33 68 0.4488
18260 33 80 0.4488
18260 15 66 0.3543
18291 33 70 0.4646
18291 33 82 0.4646
18291 30 56 0.378
18291 30 60 0.378
18291 30 66 0.378
18322 33 73 0.4803
18322 33 85 0.4803
18322 15 44 0.3543
18353 33 72 0.4567
18353 33 84 0.4567
18353 15 66 0.2835
18353 15 60 0.2835
18353 15 56 0.2835
18384 33 78 0.5118
18384 33 90 0.5118
18384 15 51 0.3858
18415 33 70 0.4409
18415 33 82 0.4409
18415 12 55 0.2992
18425 12 56 0.2992
18435 12 60 0.2913
18446 61 68 0.4331
18446 61 80 0.4331
18446 15 66 0.3543
18477 30 56 0.3386
18477 30 60 0.3386
18477 30 66 0.3386
18508 30 69 0.2598
18508 30 75 0.2598
18508 33 80 0.315
18508 61 47 0.2598
18531 7 58 0.1811
18539 30 79 0.2913
18539 15 59 0.2205
18570 30 80 0.3858
18570 30 68 0.3858
18570 15 52 0.3307
18601 12 58 0.2835
18611 12 59 0.2835
18621 10 61 0.2835
18631 92 68 0.4094
18631 92 80 0.4094
18631 15 59 0.3858
18662 30 59 0.3465
18693 15 47 0.3465
18724 30 68 0.4173
18724 30 80 0.4173
18724 15 59 0.3465
18724 15 62 0.3465
18724 15 53 0.3465
18755 30 83 0.4567
18755 30 71 0.4094
18755 15 54 0.3937
18786 30 69 0.4094
18786 30 81 0.4567
18786 12 58 0.3228
18797 12 59 0.3228
18807 10 61 0.315
18817 30 73 0.4567
18817 30 85 0.5118
18817 15 59 0.4331
18848 30 75 0.4252
18848 30 87 0.4803
18848 30 59 0.4409
18879 30 80 0.5039
18879 30 92 0.5669
18879 15 47 0.4016
18910 30 78 0.4803
18910 30 90 0.5354
18910 15 63 0.3701
18910 15 69 0.3701
18910 15 59 0.3701
18941 30 80 0.3858
18941 30 68 0.3858
18941 15 52 0.3307
18972 12 58 0.2677
18982 12 59 0.2677
18993 10 61 0.2677
19003 92 68 0.3858
19003 92 80 0.3858
19003 15 59 0.3622
19034 30 59 0.3228
19065 15 47 0.3228
19096 30 68 0.3543
19096 30 80 0.3543
19096 15 59 0.2913
19096 15 62 0.2913
19096 15 53 0.2913
19127 30 83 0.3858
19127 30 71 0.3858
19127 15 54 0.3307
19158 30 69 0.3858
19158 30 81 0.3858
19158 12 58 0.2677
19168 12 59 0.2677
19178 10 61 0.2677
19189 30 73 0.4016
19189 30 85 0.4016
19189 15 59 0.3622
19220 23 75 0.378
19220 23 87 0.378
19220 30 59 0.3622
19243 38 80 0.378
19250 30 92 0.4331
19250 15 47 0.378
19281 30 78 0.4094
19281 30 90 0.4094
19281 15 63 0.3386
19281 15 69 0.3386
19281 15 59 0.3386
19312 61 80 0.4961
19312 61 68 0.4173
19312 30 64 0.5433
19343 12 63 0.4409
19354 12 64 0.4409
19364 10 63 0.4409
19374 61 78 0.4567
19374 61 68 0.3858
19374 61 80 0.4567
19374 30 62 0.5197
19405 30 63 0.4173
19436 92 68 0.4409
19436 61 76 0.5197
19436 92 80 0.5197
19436 30 60 0.4724
19467 30 56 0.4331
19498 30 77 0.5197
19498 30 61 0.4724
19529 30 66 0.378
19529 30 72 0.4488
19529 30 75 0.4488
19529 30 57 0.4331
19560 30 65 0.4173
19560 30 73 0.4961
19560 30 58 0.4567
19591 30 63 0.3701
19591 30 69 0.4409
19591 30 72 0.4409
19591 30 53 0.4252
19622 30 61 0.4016
19622 30 70 0.4724
19622 30 54 0.4488
19653 30 65 0.4173
19653 30 68 0.4173
19653 30 50 0.4173
19653 30 59 0.4173
19684 30 66 0.4567
19684 185 51 0.3858
19684 185 58 0.3858
19715 30 68 0.4331
19746 30 69 0.4331
19777 30 70 0.4724
19808 30 73 0.5118
19839 23 66 0.4567
19862 61 60 0.3937
19866 58 66 0.4016
19869 54 70 0.4567
19869 30 44 0.3937
19900 12 55 0.3228
19911 12 56 0.3228
19921 10 58 0.315
19924 131 66 0.378
19931 92 77 0.4567
19931 30 56 0.3937
19962 30 56 0.3937
19993 61 44 0.3622
20024 30 72 0.4173
20024 30 56 0.3386
20055 123 49 0.2677
20086 12 68 0.3071
20096 12 65 0.3071
20107 12 61 0.3071
20117 15 56 0.3465
20148 61 56 0.2598
20148 61 61 0.2598
20148 61 68 0.315
20148 61 65 0.3071
20179 30 44 0.2677
20210 30 56 0.2835
20210 30 59 0.2835
20210 30 65 0.3386
20210 30 68 0.3386
20210 30 50 0.3071
20241 123 51 0.3858
20272 12 68 0.3071
20282 12 66 0.3071
20292 12 60 0.3071
20303 15 56 0.3465
20334 61 56 0.2677
20334 61 60 0.2677
20334 61 66 0.3228
20334 61 68 0.3386
20365 30 44 0.3071
20396 30 56 0.252
20396 30 64 0.2992
20396 30 68 0.2992
20396 30 48 0.2756
20427 123 49 0.2126
20458 12 68 0.2126
20468 12 65 0.2126
20478 12 61 0.2126
20488 15 56 0.2362
20519 61 56 0.2126
20519 61 61 0.2126
20519 61 65 0.2126
20519 61 68 0.2205
20550 30 44 0.2126
20581 30 56 0.2047
20581 30 59 0.2047
20581 30 65 0.2047
20581 30 68 0.2047
20581 30 50 0.2441
20612 123 51 0.2835
20643 12 68 0.2126
20654 12 66 0.2126
20664 12 60 0.2126
20674 15 56 0.2362
20705 61 56 0.2441
20705 61 60 0.2441
20705 61 66 0.2441
20705 61 68 0.2598
20736 30 44 0.2441
20767 30 56 0.2441
20767 30 64 0.2441
20767 30 68 0.2441
20767 30 48 0.2677
20798 30 56 0.2441
20798 30 65 0.2441
20798 30 68 0.2441
20798 30 49 0.2441
20829 7 56 0.252
20844 7 65 0.2598
20844 7 61 0.2598
20860 7 61 0.252
20875 7 68 0.2598
20875 7 65 0.2598
20891 7 65 0.2441
20906 7 73 0.2598
20906 7 68 0.2598
20922 7 68 0.2441
20937 7 77 0.252
20937 7 73 0.252
20953 7 73 0.2362
20968 7 80 0.252
20968 7 77 0.252
20984 7 77 0.2362
20999 7 85 0.2441
20999 7 80 0.2441
21015 7 68 0.2283
21030 7 73 0.2441
21030 7 77 0.2441
21046 7 73 0.2283
21061 7 80 0.2362
21061 7 77 0.2362
21077 7 77 0.2283
21092 7 85 0.2362
21092 7 80 0.2362
21108 7 80 0.2205
21123 7 89 0.2362
21123 7 85 0.2362
21138 7 85 0.2205
21154 7 92 0.2283
21154 7 89 0.2283
21162 193 73 0.2205
21165 191 80 0.2205
21166 189 85 0.2283
21167 187 89 0.2756
21169 185 97 0.2756
21355 185 65 0.2047
21355 185 61 0.1575
21355 185 53 0.1575
21355 185 37 0.1339
21355 185 44 0.1339
21355 185 49 0.1732
