0 227 67 0.6614
0 227 79 0.748
0 227 43 0.5512
0 227 31 0.4724
227 56 71 0.3465
284 18 72 0.2992
303 53 74 0.4016
379 53 74 0.3307
455 53 74 0.3307
531 56 72 0.3622
588 18 74 0.3701
607 113 75 0.4173
721 37 74 0.3465
759 75 72 0.3071
835 56 74 0.3858
892 18 72 0.3307
911 75 71 0.3622
987 56 69 0.3465
1044 18 71 0.2835
1063 75 72 0.378
1139 56 74 0.3386
1196 18 75 0.3465
1215 227 74 0.4016
1443 38 62 0.2913
1443 38 67 0.2913
1443 38 71 0.3465
1443 37 55 0.2756
1500 9 63 0.2756
1500 9 67 0.2756
1500 9 72 0.3307
1500 9 55 0.2598
1518 38 65 0.3386
1518 38 67 0.3386
1518 38 74 0.4016
1518 37 55 0.315
1594 38 65 0.2756
1594 38 67 0.2756
1594 38 74 0.3307
1594 37 55 0.2598
1670 38 65 0.2756
1670 38 67 0.2756
1670 38 74 0.3307
1670 37 55 0.2598
1746 38 63 0.3071
1746 38 67 0.3071
1746 38 72 0.3071
1746 37 55 0.3622
1803 9 65 0.3071
1803 9 67 0.3071
1803 9 74 0.3701
1803 9 55 0.3701
1822 132 67 0.3543
1822 132 75 0.4173
1822 18 55 0.4173
1898 18 57 0.4173
1955 9 65 0.2913
1955 9 67 0.2913
1955 9 74 0.3465
1955 9 59 0.3386
1974 37 63 0.2598
1974 37 67 0.2598
1974 37 72 0.3071
1974 37 60 0.3858
2050 38 65 0.3228
2050 38 68 0.3228
2050 38 74 0.3858
2050 37 53 0.3543
2107 9 63 0.2756
2107 9 68 0.3307
2107 9 72 0.3307
2107 9 53 0.2835
2126 37 62 0.3071
2126 37 67 0.3071
2126 37 71 0.3622
2126 132 55 0.3465
2202 38 60 0.2913
2202 38 67 0.2913
2202 38 69 0.3465
2259 9 62 0.2362
2259 9 67 0.2362
2259 9 71 0.2835
2259 9 55 0.2835
2259 9 53 0.2362
2278 37 63 0.315
2278 37 67 0.315
2278 37 72 0.378
2278 37 51 0.315
2278 37 55 0.378
2354 38 67 0.3543
2354 38 75 0.4173
2354 37 43 0.3543
2354 37 55 0.4173
2411 9 65 0.2913
2411 9 67 0.2913
2411 9 74 0.3465
2411 9 55 0.3465
2411 9 43 0.2913
2430 227 63 0.3386
2430 227 67 0.3386
2430 227 72 0.4016
2430 227 48 0.3622
2430 227 55 0.4331
2658 56 74 0.3465
2715 18 75 0.2992
2734 53 77 0.4016
2810 53 77 0.3307
2886 53 77 0.3307
2962 56 75 0.3622
3018 18 74 0.3701
3037 113 79 0.4173
3151 37 77 0.3465
3189 75 75 0.3071
3265 56 74 0.3858
3322 18 72 0.3307
3341 75 71 0.3622
3417 56 69 0.3465
3474 18 71 0.2835
3493 75 72 0.378
3569 56 77 0.3386
3626 18 75 0.3465
3645 227 74 0.4016
3873 38 65 0.2913
3873 38 70 0.2913
3873 38 74 0.3465
3873 37 58 0.2756
3930 9 67 0.2756
3930 9 70 0.2756
3930 9 75 0.3307
3930 9 58 0.2598
3949 38 68 0.3386
3949 38 70 0.3386
3949 38 77 0.4016
3949 37 58 0.315
4025 38 68 0.2756
4025 38 70 0.2756
4025 38 77 0.3307
4025 37 58 0.2598
4101 38 68 0.2756
4101 38 70 0.2756
4101 38 77 0.3307
4101 37 58 0.2598
4177 38 67 0.3071
4177 38 70 0.3071
4177 38 75 0.3622
4177 37 58 0.3622
4234 9 65 0.3071
4234 9 70 0.3071
4234 9 74 0.3701
4234 9 58 0.3701
4253 132 70 0.3701
4253 132 79 0.4409
4253 18 58 0.4173
4329 18 60 0.4173
4386 9 68 0.3228
4386 9 70 0.3228
4386 9 77 0.3858
4386 9 62 0.3386
4405 37 67 0.2756
4405 37 70 0.2756
4405 37 75 0.3307
4405 37 63 0.3858
4481 38 65 0.3465
4481 38 68 0.3465
4481 38 74 0.4094
4481 37 53 0.3543
4537 9 63 0.2756
4537 9 68 0.2756
4537 9 72 0.3307
4537 9 53 0.2835
4556 37 62 0.3071
4556 37 67 0.3071
4556 37 71 0.3622
4556 132 55 0.3465
4632 38 60 0.2913
4632 38 67 0.2913
4632 38 69 0.3465
4689 9 62 0.2362
4689 9 67 0.2362
4689 9 71 0.2835
4689 9 53 0.2362
4689 9 55 0.2835
4708 37 63 0.315
4708 37 67 0.315
4708 37 72 0.378
4708 37 51 0.315
4708 37 55 0.378
4784 38 67 0.3543
4784 38 75 0.4173
4784 37 55 0.4173
4784 37 43 0.3543
4841 9 65 0.2913
4841 9 67 0.2913
4841 9 74 0.3465
4841 9 55 0.3465
4841 9 43 0.2913
4860 227 63 0.3386
4860 227 67 0.3386
4860 227 72 0.4016
4860 227 48 0.3622
4860 227 55 0.4331
5088 56 71 0.378
5145 18 72 0.3228
5164 53 74 0.4409
5240 56 68 0.3071
5240 56 71 0.3622
5240 53 74 0.3622
5240 56 65 0.2835
5316 56 69 0.3071
5316 56 72 0.3071
5316 53 74 0.3622
5316 56 66 0.2835
5392 75 69 0.3071
5392 56 72 0.3937
5392 75 66 0.2835
5392 75 62 0.2362
5449 18 74 0.4016
5468 9 72 0.3937
5468 227 69 0.3858
5468 227 66 0.3071
5468 113 60 0.3622
5477 9 74 0.4173
5487 94 75 0.4567
5582 37 74 0.378
5582 37 62 0.3622
5620 75 72 0.3307
5620 75 63 0.3622
5696 75 69 0.315
5696 56 74 0.4331
5696 75 54 0.2441
5696 75 62 0.2913
5753 18 72 0.378
5772 75 67 0.3465
5772 75 71 0.4094
5772 75 55 0.2756
5772 75 62 0.3307
5848 56 67 0.3622
5848 56 69 0.4252
5848 56 53 0.2756
5848 56 62 0.3386
5848 56 55 0.2756
5905 18 67 0.2835
5905 18 71 0.3465
5905 18 55 0.2283
5905 18 53 0.2283
5905 18 62 0.2756
5924 75 67 0.3937
5924 75 72 0.4646
5924 75 55 0.3071
5924 75 51 0.3071
5924 75 60 0.3701
6000 56 67 0.4016
6000 56 74 0.4803
6000 56 59 0.378
6000 56 55 0.315
6000 56 50 0.315
6056 18 67 0.4094
6056 18 75 0.4882
6056 18 48 0.3228
6056 18 60 0.3858
6056 18 55 0.3228
6075 227 67 0.4803
6075 227 74 0.5748
6075 227 59 0.4488
6075 227 55 0.378
6303 38 62 0.5039
6303 38 67 0.5039
6303 38 71 0.6063
6303 37 55 0.4803
6303 37 43 0.4016
6360 9 63 0.4803
6360 9 67 0.4803
6360 9 72 0.5748
6360 9 55 0.4488
6360 9 43 0.378
6379 38 65 0.5827
6379 38 67 0.5827
6379 38 74 0.7008
6379 37 55 0.5512
6379 37 43 0.4646
6455 38 65 0.5354
6455 38 67 0.5354
6455 38 74 0.6378
6455 37 55 0.5039
6455 37 43 0.4331
6531 38 65 0.5354
6531 38 67 0.5354
6531 38 74 0.6378
6531 37 55 0.5197
6531 37 43 0.4409
6607 38 63 0.5354
6607 38 67 0.5354
6607 38 72 0.6299
6607 37 55 0.6299
6607 37 43 0.5354
6664 9 65 0.5433
6664 9 67 0.5433
6664 9 74 0.6457
6664 9 43 0.4409
6664 9 55 0.5197
6683 132 67 0.6142
6683 132 75 0.7244
6683 18 55 0.5748
6683 18 43 0.4803
6759 18 57 0.6614
6759 18 45 0.5512
6816 18 65 0.5039
6816 18 67 0.5039
6816 18 74 0.6063
6816 18 47 0.4409
6816 18 59 0.5354
6835 37 63 0.4488
6835 37 67 0.4488
6835 37 72 0.5354
6835 37 48 0.5039
6835 37 60 0.6142
6911 38 65 0.5669
6911 38 68 0.5669
6911 38 74 0.6693
6911 37 53 0.4882
6911 37 41 0.4094
6968 9 63 0.4803
6968 9 68 0.4803
6968 9 72 0.5748
6968 9 53 0.3858
6968 9 41 0.3228
6987 37 62 0.5354
6987 37 67 0.5354
6987 37 71 0.6299
6987 37 43 0.4016
6987 37 55 0.4803
7063 38 60 0.5039
7063 38 67 0.5039
7063 38 69 0.6063
7063 37 55 0.4803
7120 9 62 0.4094
7120 9 67 0.4094
7120 9 71 0.4882
7120 9 55 0.3858
7120 9 53 0.3228
7139 37 63 0.5512
7139 37 67 0.5512
7139 37 72 0.6535
7139 37 51 0.4409
7139 37 55 0.5197
7215 38 67 0.6142
7215 38 75 0.7244
7215 37 31 0.4803
7215 37 43 0.5748
7272 9 65 0.5039
7272 9 67 0.5039
7272 9 74 0.6063
7272 9 43 0.4803
7272 9 31 0.4016
7291 227 63 0.5827
7291 227 67 0.5827
7291 227 72 0.7008
7291 227 43 0.6063
7291 227 36 0.5039
7518 56 74 0.4331
7575 18 75 0.3701
7594 53 77 0.5039
7670 56 71 0.3465
7670 56 68 0.3465
7670 56 74 0.3465
7670 53 77 0.4094
7670 56 65 0.3228
7746 56 68 0.3465
7746 56 70 0.3465
7746 53 77 0.4094
7746 56 62 0.2677
7746 56 65 0.3228
7822 75 70 0.3071
7822 75 68 0.3071
7822 9 75 0.3701
7822 75 58 0.2677
7822 75 65 0.3228
7832 9 77 0.3701
7841 37 75 0.5512
7879 18 74 0.4567
7898 75 70 0.4409
7898 75 67 0.4409
7898 132 79 0.5197
7898 75 63 0.4094
7974 75 74 0.3465
7974 75 68 0.2835
7974 75 59 0.2362
7974 75 65 0.2835
7974 75 62 0.2362
8031 18 77 0.4331
8050 75 67 0.4409
8050 75 75 0.378
8050 75 60 0.3465
8050 75 63 0.4094
8126 56 65 0.4173
8126 75 68 0.3622
8126 56 74 0.4961
8126 75 53 0.3386
8183 18 63 0.3622
8183 18 72 0.4252
8202 75 62 0.3937
8202 75 67 0.3937
8202 75 71 0.4646
8202 75 55 0.378
8278 56 60 0.4094
8278 56 67 0.4094
8278 56 69 0.4803
8278 56 55 0.3858
8335 18 62 0.3307
8335 18 67 0.3307
8335 18 71 0.3937
8335 18 53 0.2677
8335 18 55 0.315
8354 75 63 0.4488
8354 75 67 0.4488
8354 75 72 0.5354
8354 75 51 0.3543
8354 75 55 0.4173
8430 56 67 0.4646
8430 56 77 0.6142
8430 56 50 0.3622
8430 56 55 0.3622
8430 56 59 0.4331
8487 18 67 0.4724
8487 18 75 0.5591
8487 18 60 0.4409
8487 18 55 0.3701
8487 18 48 0.3701
8506 227 67 0.5591
8506 227 74 0.6614
8506 227 55 0.4331
8506 227 59 0.5039
8734 38 65 0.5512
8734 38 70 0.5512
8734 38 74 0.6535
8734 37 34 0.4409
8734 37 46 0.5197
8791 9 67 0.5276
8791 9 70 0.5276
8791 9 75 0.622
8791 9 46 0.4724
8791 9 34 0.4094
8810 38 68 0.5039
8810 38 70 0.6378
8810 38 77 0.7559
8810 37 46 0.5984
8810 37 34 0.5039
8886 38 68 0.4724
8886 38 70 0.5906
8886 38 77 0.6929
8886 37 34 0.4488
8886 37 46 0.5433
8962 38 68 0.4724
8962 38 70 0.5906
8962 38 77 0.6929
8962 37 46 0.5591
8962 37 34 0.4646
9037 38 67 0.4567
9037 38 70 0.5748
9037 38 75 0.6772
9037 37 46 0.6772
9037 37 34 0.5748
9094 9 65 0.4724
9094 9 70 0.5984
9094 9 74 0.7008
9094 9 34 0.4646
9094 9 46 0.5591
9113 132 70 0.6614
9113 132 79 0.7795
9113 18 34 0.5276
9113 18 46 0.622
9189 18 36 0.5984
9189 18 48 0.7165
9246 18 68 0.5512
9246 18 70 0.5512
9246 18 77 0.6535
9246 18 38 0.4724
9246 18 50 0.5827
9265 37 67 0.4882
9265 37 70 0.4882
9265 37 75 0.5827
9265 37 39 0.5591
9265 37 51 0.6614
9341 38 65 0.6063
9341 38 68 0.6063
9341 38 74 0.7244
9341 37 41 0.4488
9341 37 53 0.5276
9398 9 63 0.5276
9398 9 68 0.5276
9398 9 72 0.622
9398 9 41 0.3465
9398 9 53 0.4173
9417 37 62 0.5748
9417 37 67 0.5748
9417 37 71 0.6772
9417 37 55 0.5197
9417 37 43 0.4409
9493 38 60 0.5512
9493 38 67 0.5512
9493 38 69 0.6535
9493 37 55 0.5197
9550 9 62 0.4488
9550 9 67 0.4488
9550 9 71 0.5276
9550 9 55 0.4173
9550 9 53 0.3465
9569 37 63 0.5984
9569 37 67 0.5984
9569 37 72 0.7087
9569 37 51 0.4646
9569 37 55 0.5591
9645 38 67 0.6614
9645 38 75 0.7795
9645 37 43 0.622
9645 37 31 0.5276
9702 9 65 0.5512
9702 9 67 0.5512
9702 9 74 0.6535
9702 9 43 0.5197
9702 9 31 0.4409
9721 227 63 0.6378
9721 227 67 0.6378
9721 227 72 0.7559
9721 227 43 0.6535
9721 227 36 0.5512
9949 56 75 0.6142
10006 18 74 0.5512
10025 227 63 0.5591
10025 227 68 0.5591
10025 227 72 0.6535
10025 227 44 0.4803
10025 227 51 0.4803
10025 227 56 0.5669
10253 9 72 0.5433
10262 47 75 0.6142
10310 18 74 0.5512
10329 227 67 0.5591
10329 227 72 0.6535
10329 227 48 0.4803
10329 227 39 0.4803
10329 227 51 0.5669
10556 56 74 0.6142
10556 75 48 0.378
10556 75 60 0.4488
10613 18 75 0.5276
10632 75 68 0.4882
10632 75 72 0.4882
10632 75 77 0.5748
10632 75 53 0.4409
10632 75 41 0.3701
10708 38 67 0.4646
10708 38 72 0.4646
10708 38 75 0.5512
10708 37 43 0.3701
10708 37 55 0.4409
10765 9 65 0.378
10765 9 74 0.4488
10765 9 44 0.2992
10765 9 56 0.3543
10784 75 63 0.5039
10784 75 72 0.5984
10784 75 55 0.4724
10784 75 43 0.4016
10860 75 67 0.4724
10860 76 62 0.4724
10860 76 71 0.5591
10860 75 43 0.4409
10860 75 31 0.3701
10936 227 63 0.4488
10936 227 67 0.4488
10936 227 72 0.5354
10936 227 48 0.4646
10936 227 43 0.3937
10936 227 36 0.3937
11164 56 75 0.4724
11221 18 74 0.4252
11240 227 63 0.4331
11240 227 68 0.4331
11240 227 72 0.5118
11240 227 44 0.3701
11240 227 51 0.3701
11240 227 56 0.4409
11468 56 75 0.4646
11525 18 74 0.4094
11544 227 67 0.4016
11544 227 72 0.4803
11544 227 39 0.3937
11544 227 48 0.3937
11544 227 51 0.4646
11772 56 73 0.4252
11829 18 75 0.3622
11848 9 73 0.315
11848 75 68 0.315
11848 75 49 0.3071
11857 9 75 0.3386
11867 56 77 0.4016
11924 38 68 0.3228
11924 38 75 0.3858
11924 37 51 0.3071
11981 9 68 0.2598
11981 9 73 0.3071
11981 9 53 0.2441
12000 37 68 0.3465
12000 37 72 0.4173
12000 37 51 0.3307
12075 37 63 0.2913
12075 37 67 0.2913
12075 38 61 0.2913
12075 38 70 0.3465
12075 37 51 0.2756
12075 37 39 0.2205
12151 151 60 0.3071
12151 151 63 0.3071
12151 151 68 0.3701
12151 25 44 0.315
12177 25 48 0.2598
12202 25 51 0.2598
12227 25 48 0.315
12253 25 51 0.2283
12278 25 56 0.2362
12303 25 47 0.315
12329 25 50 0.2598
12354 25 56 0.2598
12379 56 68 0.4173
12379 25 48 0.315
12405 25 51 0.2756
12430 25 56 0.2756
12436 18 72 0.3701
12455 56 75 0.4488
12455 25 44 0.315
12481 25 48 0.2598
12506 25 56 0.2598
12531 56 75 0.4016
12531 25 48 0.315
12556 25 51 0.2283
12582 25 56 0.2362
12607 56 75 0.4173
12607 25 47 0.315
12632 25 50 0.2598
12658 25 56 0.2598
12683 56 75 0.4094
12683 25 48 0.315
12708 25 51 0.2756
12734 25 56 0.2756
12759 151 77 0.4567
12759 25 49 0.315
12784 25 53 0.2598
12810 25 56 0.2598
12835 25 49 0.315
12860 25 55 0.2283
12886 25 58 0.2362
12911 151 75 0.4331
12911 25 48 0.315
12936 25 56 0.2598
12962 25 60 0.2598
12987 25 48 0.315
13012 25 51 0.2756
13037 25 56 0.2756
13063 151 73 0.4567
13063 25 46 0.315
13088 25 51 0.2598
13113 25 56 0.2598
13139 25 46 0.315
13164 25 51 0.2283
13189 25 55 0.2362
13215 151 72 0.4094
13215 25 44 0.2756
13240 25 51 0.2205
13265 25 58 0.2205
13291 25 44 0.2756
13316 25 51 0.2126
13341 25 56 0.2756
13367 75 70 0.315
13367 25 49 0.2362
13392 25 56 0.189
13417 25 58 0.189
13443 75 73 0.2677
13443 25 53 0.252
13468 25 56 0.1811
13493 25 61 0.189
13518 75 72 0.315
13518 25 51 0.2362
13544 25 56 0.1811
13569 25 60 0.1811
13594 75 70 0.2913
13594 25 51 0.2283
13620 25 55 0.1811
13645 25 58 0.1811
13670 151 68 0.378
13670 25 44 0.2598
13696 25 48 0.1811
13721 25 56 0.1811
13746 25 48 0.2441
13772 25 51 0.1969
13797 25 56 0.2047
13822 25 47 0.315
13848 25 50 0.2441
13873 25 56 0.2441
13898 56 68 0.4173
13898 25 48 0.315
13924 25 51 0.2756
13949 25 56 0.2756
13955 18 72 0.3701
13974 53 75 0.4488
13974 25 44 0.315
14000 25 48 0.2598
14025 25 56 0.2598
14050 56 63 0.3307
14050 56 75 0.4016
14050 25 48 0.315
14075 25 51 0.2283
14101 25 56 0.2362
14126 56 63 0.3543
14126 56 75 0.4173
14126 25 47 0.315
14151 25 50 0.2598
14177 25 56 0.2598
14202 56 63 0.3465
14202 56 75 0.4094
14202 25 48 0.315
14227 25 51 0.2756
14253 25 56 0.2756
14278 151 64 0.3858
14278 151 76 0.4567
14278 25 49 0.315
14303 25 52 0.2598
14329 25 56 0.2598
14354 25 49 0.315
14379 25 52 0.2283
14405 25 58 0.2362
14430 151 63 0.3622
14430 151 75 0.4331
14430 25 47 0.315
14455 25 54 0.2598
14481 25 59 0.2598
14506 25 47 0.315
14531 25 54 0.2756
14556 25 59 0.2756
14582 151 73 0.4567
14582 25 52 0.315
14607 25 56 0.2598
14632 25 61 0.2598
14658 25 52 0.315
14683 25 54 0.2283
14708 25 58 0.2362
14734 113 71 0.4094
14734 25 51 0.2756
14759 25 54 0.2205
14784 25 59 0.2205
14810 25 51 0.2756
14835 25 55 0.2126
14848 37 70 0.3543
14860 25 61 0.2756
14886 75 68 0.315
14886 25 52 0.2362
14911 25 56 0.189
14936 25 59 0.189
14962 9 68 0.2598
14962 25 56 0.252
14971 66 76 0.4094
14987 25 59 0.1811
15012 25 64 0.189
15037 75 75 0.3622
15037 25 54 0.2362
15063 25 59 0.1811
15088 25 63 0.1811
15113 75 73 0.3307
15113 25 54 0.2283
15139 25 58 0.1811
15164 25 61 0.1811
15189 227 71 0.378
15189 25 47 0.2598
15215 25 51 0.1811
15240 25 59 0.1811
15265 25 51 0.2441
15291 25 54 0.1969
15316 25 59 0.2126
15341 25 50 0.3307
15367 25 53 0.252
15392 25 59 0.252
15417 56 71 0.4488
15417 25 51 0.3307
15443 25 54 0.2913
15468 25 59 0.2992
15474 18 75 0.3937
15493 75 66 0.3622
15493 75 78 0.4882
15493 25 47 0.3465
15518 25 51 0.2835
15544 25 54 0.2913
15569 75 66 0.378
15569 75 78 0.4646
15569 25 47 0.3701
15594 25 51 0.2677
15620 25 54 0.2835
15645 75 67 0.4488
15645 75 79 0.5276
15645 25 46 0.4016
15670 25 49 0.378
15696 25 51 0.3858
15721 75 68 0.4646
15721 75 80 0.5591
15721 25 44 0.4882
15746 25 49 0.4331
15772 25 51 0.4409
15797 75 70 0.5039
15797 75 82 0.622
15797 25 43 0.5669
15822 25 49 0.4567
15848 25 51 0.4882
15873 75 73 0.5039
15873 75 85 0.6063
15873 25 43 0.5433
15898 25 46 0.378
15924 25 51 0.4331
15949 75 71 0.4882
15949 75 83 0.5827
15949 25 44 0.4882
15974 25 47 0.3858
16000 25 51 0.378
16025 56 70 0.3858
16025 56 82 0.4567
16025 25 49 0.3465
16050 25 52 0.2992
16075 25 58 0.2992
16082 18 68 0.3307
16082 18 80 0.4016
16101 75 67 0.3858
16101 75 79 0.4567
16101 25 51 0.2598
16126 25 58 0.2126
16151 25 61 0.2126
16177 75 67 0.3622
16177 75 79 0.4331
16177 25 51 0.2677
16202 25 58 0.1969
16227 25 61 0.2047
16253 37 68 0.3543
16253 37 80 0.4173
16253 25 51 0.2835
16278 25 58 0.2283
16291 37 67 0.2913
16291 37 79 0.3543
16303 25 61 0.2283
16329 37 65 0.2992
16329 37 77 0.3622
16329 25 51 0.2756
16354 25 58 0.2205
16367 37 67 0.2913
16367 37 79 0.3543
16379 25 61 0.2205
16405 151 68 0.315
16405 227 80 0.378
16405 25 56 0.2598
16430 25 60 0.1811
16455 25 63 0.1811
16481 25 60 0.2441
16506 25 63 0.1969
16531 101 68 0.2126
16556 25 59 0.2992
16582 25 62 0.252
16607 25 68 0.252
16632 56 80 0.4488
16632 25 60 0.3307
16658 25 63 0.2913
16683 25 68 0.2992
16689 18 84 0.3937
16708 56 75 0.4488
16708 56 87 0.5354
16708 25 56 0.3465
16734 25 60 0.2835
16759 25 68 0.2913
16784 56 75 0.4094
16784 56 87 0.4882
16784 25 60 0.3701
16810 25 63 0.2677
16835 25 68 0.2835
16860 56 75 0.4409
16860 56 87 0.5276
16860 25 59 0.3937
16886 25 62 0.3307
16911 25 68 0.3386
16936 56 75 0.4724
16936 56 87 0.5591
16936 25 60 0.4331
16962 25 63 0.3701
16987 25 68 0.3543
17012 75 77 0.4567
17012 75 89 0.5433
17012 25 61 0.4803
17037 25 65 0.3622
17063 25 68 0.4016
17088 75 79 0.4488
17088 75 91 0.5669
17088 25 61 0.4803
17113 25 63 0.3858
17139 25 70 0.3858
17164 75 80 0.4567
17164 75 92 0.5433
17164 25 60 0.4488
17189 25 63 0.3543
17215 25 68 0.3465
17240 56 75 0.4016
17240 56 87 0.4803
17240 25 60 0.3465
17265 25 63 0.2992
17291 25 68 0.2992
17316 75 75 0.4409
17316 75 87 0.5197
17316 25 58 0.3465
17341 25 63 0.2835
17367 25 70 0.2913
17392 37 73 0.3543
17392 37 85 0.4252
17392 25 58 0.3701
17417 25 63 0.2677
17443 25 67 0.2835
17468 75 73 0.4094
17468 75 85 0.4882
17468 25 56 0.3543
17493 25 63 0.2835
17518 25 68 0.2835
17544 37 72 0.3622
17544 37 84 0.4331
17544 25 56 0.3622
17569 25 63 0.2913
17594 25 68 0.2835
17620 75 82 0.4409
17620 25 61 0.2362
17645 25 68 0.189
17670 25 70 0.189
17696 75 85 0.3937
17696 25 65 0.252
17721 25 68 0.1811
17746 25 73 0.189
17772 75 84 0.4488
17772 25 63 0.2362
17797 25 68 0.1811
17822 25 72 0.1811
17848 75 82 0.3858
17848 25 63 0.2283
17873 25 67 0.1811
17898 25 70 0.1811
17924 25 80 0.4173
17924 37 60 0.1969
17924 37 56 0.1969
17924 37 68 0.2362
17949 25 63 0.378
17974 25 68 0.378
18000 25 72 0.4646
18025 25 68 0.378
18050 25 63 0.3858
18075 25 75 0.4646
18101 25 72 0.4173
18126 25 68 0.4252
18151 25 68 0.4646
18151 56 56 0.4567
18177 25 72 0.4173
18202 25 75 0.4173
18208 18 60 0.4016
18227 25 75 0.4646
18227 56 63 0.4882
18253 25 70 0.4173
18278 25 67 0.4173
18303 25 75 0.4646
18303 56 63 0.4409
18329 25 70 0.4094
18354 25 67 0.4094
18379 25 75 0.4646
18379 56 63 0.4567
18405 25 72 0.4016
18430 25 68 0.4016
18455 25 70 0.4882
18455 56 63 0.4488
18481 25 75 0.4331
18506 25 79 0.4488
18531 25 80 0.5197
18531 151 65 0.4961
18556 25 75 0.4646
18582 25 68 0.4646
18607 25 80 0.5276
18632 25 74 0.4646
18658 25 68 0.4646
18683 25 80 0.5118
18683 151 63 0.4724
18708 25 75 0.4252
18734 23 70 0.4252
18759 25 70 0.4803
18784 25 75 0.4094
18810 25 79 0.4094
18835 25 77 0.4646
18835 151 61 0.4961
18860 25 70 0.4016
18886 25 67 0.4094
18911 25 77 0.4646
18936 25 71 0.4173
18962 25 67 0.4173
18987 25 77 0.4488
18987 151 60 0.4488
19012 25 72 0.4016
19037 23 68 0.4016
19063 25 68 0.4646
19088 25 72 0.4094
19113 25 75 0.4094
19139 25 61 0.4646
19139 75 58 0.4488
19164 25 68 0.4252
19189 25 73 0.4252
19215 25 65 0.4646
19215 75 61 0.4331
19240 25 68 0.4331
19265 25 70 0.4409
19291 25 63 0.4646
19291 75 60 0.4803
19316 25 68 0.4252
19341 25 72 0.4252
19367 75 63 0.4646
19367 75 67 0.5512
19367 75 51 0.3543
19367 75 58 0.4252
19392 25 75 0.4961
19417 25 73 0.5276
19443 25 63 0.4724
19443 25 68 0.4724
19443 25 72 0.5591
19443 75 56 0.4724
19443 75 51 0.4016
19443 75 44 0.4016
19468 25 63 0.4646
19493 25 68 0.4646
19518 25 72 0.5276
19544 25 68 0.4409
19569 25 63 0.4409
19594 25 75 0.5197
19620 25 72 0.4488
19645 23 68 0.4488
19670 25 68 0.5354
19670 56 56 0.4961
19670 56 44 0.4961
19696 25 72 0.4724
19721 25 75 0.4724
19727 18 48 0.4409
19727 18 60 0.4409
19746 25 75 0.5433
19746 56 51 0.5354
19746 53 63 0.5354
19772 25 70 0.4646
19797 25 67 0.4646
19822 25 75 0.5512
19822 56 63 0.4803
19822 56 51 0.3937
19848 25 70 0.4488
19873 25 67 0.4488
19898 25 75 0.5591
19898 56 51 0.4173
19898 56 63 0.4961
19924 25 71 0.4803
19949 25 68 0.4646
19974 25 70 0.5354
19974 56 51 0.4094
19974 56 63 0.4882
20000 25 75 0.4882
20025 25 79 0.4961
20050 25 80 0.5354
20050 151 52 0.4567
20050 151 64 0.5433
20075 25 75 0.4567
20101 25 68 0.4567
20126 25 80 0.5276
20151 25 73 0.4646
20177 25 70 0.4646
20202 25 80 0.5276
20202 151 51 0.4331
20202 151 63 0.5197
20227 25 75 0.4488
20253 23 71 0.4488
20278 25 71 0.5118
20303 25 75 0.4488
20329 25 78 0.4488
20354 25 76 0.5118
20354 151 49 0.4567
20354 151 61 0.5433
20379 25 71 0.4331
20405 25 67 0.4331
20430 25 76 0.4882
20455 25 70 0.4173
20481 25 67 0.4173
20506 25 76 0.5039
20506 113 59 0.4882
20506 151 47 0.4094
20531 25 71 0.4331
20556 23 68 0.4331
20582 25 68 0.5118
20607 25 71 0.4409
20620 37 58 0.5354
20632 25 75 0.4409
20658 25 68 0.5197
20658 75 56 0.4803
20658 75 52 0.4094
20683 25 71 0.4646
20708 25 73 0.4488
20734 25 68 0.5276
20734 75 49 0.3622
20734 75 56 0.3622
20734 75 64 0.4331
20759 25 71 0.4409
20784 25 76 0.4409
20810 25 66 0.5197
20810 75 63 0.4409
20810 75 54 0.3701
20835 25 71 0.4409
20860 25 75 0.4409
20886 75 66 0.4409
20886 75 70 0.5276
20886 75 54 0.3307
20886 75 61 0.3937
20911 25 78 0.4488
20936 25 76 0.4488
20962 25 66 0.4173
20962 25 71 0.4173
20962 25 75 0.4173
20962 75 47 0.3937
20962 75 54 0.3937
20962 75 59 0.4646
20987 25 63 0.378
21012 25 66 0.378
21037 25 71 0.4646
21063 25 66 0.378
21088 25 63 0.3858
21113 25 75 0.4646
21139 25 71 0.4173
21164 25 66 0.4252
21189 25 71 0.4646
21215 25 75 0.4173
21240 25 78 0.4173
21265 56 66 0.3622
21265 56 78 0.4882
21265 25 47 0.3465
21291 25 51 0.2835
21316 25 54 0.2913
21341 75 66 0.378
21341 75 78 0.4646
21341 25 47 0.3701
21367 25 51 0.2677
21392 25 54 0.2835
21417 75 67 0.4488
21417 75 79 0.5276
21417 25 46 0.4016
21443 25 49 0.378
21468 25 51 0.3858
21493 75 68 0.4724
21493 75 80 0.5669
21493 25 44 0.4882
21518 25 49 0.4331
21544 25 51 0.4409
21569 75 70 0.5039
21569 75 82 0.622
21569 25 43 0.5669
21594 25 49 0.4567
21620 25 51 0.4882
21645 75 73 0.5039
21645 75 85 0.6063
21645 25 43 0.5433
21670 25 46 0.378
21696 25 51 0.4331
21721 75 71 0.4882
21721 75 83 0.5827
21721 25 44 0.4882
21746 25 47 0.3858
21772 25 51 0.378
21797 56 70 0.3858
21797 56 82 0.4567
21797 25 49 0.3465
21822 25 52 0.2992
21848 25 58 0.2992
21854 18 68 0.3307
21854 18 80 0.4016
21873 75 67 0.3858
21873 75 79 0.4567
21873 25 51 0.2598
21898 25 58 0.2126
21924 25 61 0.2126
21949 75 67 0.3622
21949 75 79 0.4331
21949 25 51 0.2677
21974 25 58 0.1969
22000 25 61 0.2047
22025 37 68 0.3543
22025 37 80 0.4173
22025 25 51 0.2835
22050 25 58 0.2283
22063 37 67 0.2913
22063 37 79 0.3543
22075 25 61 0.2283
22101 37 65 0.2992
22101 37 77 0.3622
22101 25 51 0.2756
22126 25 58 0.2205
22139 37 67 0.2913
22139 37 79 0.3543
22151 25 61 0.2205
22177 151 68 0.315
22177 151 80 0.378
22177 18 44 0.2598
22202 18 51 0.1496
22202 18 56 0.1496
22202 18 60 0.1811
22227 18 51 0.1496
22227 18 56 0.1496
22227 18 60 0.1811
22253 18 51 0.1654
22253 18 56 0.1654
22253 18 60 0.1969
22278 18 51 0.1654
22278 18 60 0.1969
22278 18 56 0.1654
22303 18 60 0.1969
22303 18 56 0.1654
22303 18 51 0.1654
22329 39 73 0.4173
22329 18 60 0.252
22329 18 51 0.2126
22329 18 56 0.2126
22354 18 60 0.189
22354 18 51 0.1575
22354 18 56 0.1575
22367 39 72 0.4173
22379 18 51 0.1654
22379 18 60 0.1969
22379 18 56 0.1654
22405 39 71 0.4173
22405 18 60 0.2598
22405 18 56 0.2205
22405 18 51 0.2205
22430 18 56 0.1654
22430 18 60 0.1969
22430 18 51 0.1654
22443 37 72 0.4173
22455 18 60 0.1969
22455 18 56 0.1654
22455 18 51 0.1654
22481 18 72 0.378
22481 18 37 0.2598
22500 132 77 0.378
22506 18 53 0.1496
22506 18 60 0.1811
22506 18 49 0.1496
22531 18 60 0.1811
22531 18 53 0.1496
22531 18 49 0.1496
22556 18 57 0.2362
22556 18 49 0.1969
22556 18 53 0.1969
22582 18 53 0.1654
22582 18 49 0.1654
22582 18 57 0.1969
22607 18 49 0.1654
22607 18 57 0.1969
22607 18 53 0.1654
22632 39 72 0.4173
22632 18 49 0.2126
22632 18 58 0.252
22632 18 53 0.2126
22658 18 49 0.1575
22658 18 53 0.1575
22658 18 58 0.189
22670 39 70 0.4173
22683 18 58 0.1969
22683 18 49 0.1654
22683 18 53 0.1654
22708 39 69 0.4173
22708 18 49 0.2205
22708 18 58 0.2598
22708 18 53 0.2205
22734 18 49 0.1654
22734 18 53 0.1654
22734 18 58 0.1969
22746 37 70 0.4173
22759 18 53 0.1654
22759 18 49 0.1654
22759 18 58 0.1969
22784 18 70 0.378
22784 18 36 0.2598
22803 132 75 0.378
22810 18 48 0.1496
22810 18 51 0.1496
22810 18 58 0.1811
22835 18 51 0.1496
22835 18 48 0.1496
22835 18 58 0.1811
22860 18 48 0.1969
22860 18 55 0.2362
22860 18 51 0.1969
22886 18 55 0.1969
22886 18 51 0.1654
22886 18 48 0.1654
22911 18 48 0.1654
22911 18 51 0.1654
22911 18 55 0.1969
22936 39 73 0.4567
22936 18 56 0.2756
22936 18 51 0.2283
22936 18 48 0.2283
22962 18 51 0.1732
22962 18 48 0.1732
22962 18 56 0.2126
22974 39 72 0.4724
22987 18 51 0.189
22987 18 56 0.2283
22987 18 48 0.189
23012 39 70 0.4961
23012 18 48 0.2598
23012 18 56 0.3071
23012 18 51 0.2598
23037 18 48 0.1969
23037 18 56 0.2362
23037 18 51 0.1969
23050 37 68 0.5197
23063 18 51 0.2047
23063 18 48 0.2047
23063 18 56 0.2441
23088 37 67 0.4488
23088 37 75 0.5354
23088 18 37 0.3307
23113 18 53 0.2362
23113 18 49 0.1969
23126 37 65 0.4409
23126 37 73 0.5197
23139 18 53 0.2441
23139 18 49 0.2047
23164 37 63 0.4173
23164 37 72 0.4961
23164 18 49 0.2598
23164 18 53 0.3071
23189 18 49 0.189
23189 18 53 0.2283
23202 37 61 0.4016
23202 37 70 0.4724
23215 18 53 0.2205
23215 18 49 0.1811
23240 75 60 0.3858
23240 75 68 0.4567
23240 18 39 0.2835
23265 18 51 0.1654
23265 18 56 0.2047
23291 18 56 0.2047
23291 18 51 0.1732
23316 56 63 0.4331
23316 56 72 0.4331
23316 18 39 0.2677
23341 18 51 0.1654
23341 18 55 0.2047
23367 18 51 0.1654
23367 18 55 0.1969
23373 18 61 0.4252
23373 18 70 0.4252
23392 44 60 0.315
23392 75 68 0.378
23392 18 44 0.2598
23417 44 60 0.1811
23417 18 51 0.1496
23417 18 56 0.1496
23443 18 56 0.1496
23443 25 60 0.1811
23443 18 51 0.1496
23468 18 60 0.1969
23468 18 51 0.1654
23468 18 56 0.1654
23493 18 60 0.1969
23493 18 56 0.1654
23493 18 51 0.1654
23518 18 60 0.1969
23518 18 51 0.1654
23518 18 56 0.1654
23544 39 73 0.4173
23544 18 60 0.252
23544 18 51 0.2126
23544 18 56 0.2126
23569 18 56 0.1575
23569 18 60 0.189
23569 18 51 0.1575
23582 39 72 0.4173
23594 18 51 0.1654
23594 18 56 0.1654
23594 18 60 0.1969
23620 39 71 0.4173
23620 18 60 0.2598
23620 18 56 0.2205
23620 18 51 0.2205
23645 18 51 0.1654
23645 18 56 0.1654
23645 18 60 0.1969
23658 37 72 0.4173
23670 18 51 0.1654
23670 18 60 0.1969
23670 18 56 0.1654
23696 39 84 0.4173
23696 151 77 0.378
23696 18 37 0.2598
23721 18 49 0.1496
23721 18 53 0.1496
23721 18 60 0.1811
23734 39 82 0.4173
23746 18 60 0.1811
23746 18 53 0.1496
23746 18 49 0.1496
23772 39 81 0.4173
23772 18 49 0.1969
23772 18 60 0.2362
23772 18 53 0.1969
23797 18 53 0.1654
23797 18 60 0.1969
23797 18 49 0.1654
23810 37 82 0.4173
23822 18 53 0.1654
23822 18 49 0.1654
23822 18 60 0.1969
23848 39 72 0.4173
23848 18 58 0.252
23848 18 53 0.2126
23848 18 49 0.2126
23873 18 53 0.1575
23873 18 58 0.189
23873 18 49 0.1575
23886 39 70 0.4173
23898 18 53 0.1654
23898 18 58 0.1969
23898 18 49 0.1654
23924 39 69 0.4173
23924 18 53 0.2205
23924 18 58 0.2598
23924 18 49 0.2205
23949 18 53 0.1654
23949 18 49 0.1654
23949 18 58 0.1969
23962 37 70 0.4173
23974 18 49 0.1654
23974 18 58 0.1969
23974 18 53 0.1654
24000 37 82 0.4567
24000 151 75 0.378
24000 18 36 0.2598
24025 18 58 0.1811
24025 18 51 0.1496
24025 18 48 0.1496
24037 37 80 0.4724
24050 18 58 0.1811
24050 18 48 0.1496
24050 18 51 0.1496
24075 37 79 0.4961
24075 18 51 0.1969
24075 18 58 0.2362
24075 18 48 0.1969
24101 18 51 0.1654
24101 18 48 0.1654
24101 18 58 0.1969
24113 37 80 0.5197
24126 18 58 0.1969
24126 18 48 0.1654
24126 18 51 0.1654
24151 39 73 0.4567
24151 18 51 0.2283
24151 18 48 0.2283
24151 18 56 0.2756
24177 18 56 0.2126
24177 18 48 0.1732
24177 18 51 0.1732
24189 39 72 0.4724
24202 18 51 0.189
24202 18 48 0.189
24202 18 56 0.2283
24227 39 70 0.4961
24227 18 51 0.2598
24227 18 56 0.3071
24227 18 48 0.2598
24253 18 51 0.1969
24253 18 48 0.1969
24253 18 56 0.2362
24265 37 68 0.5197
24278 18 51 0.2047
24278 18 56 0.2441
24278 18 48 0.2047
24303 37 75 0.4488
24303 37 67 0.4488
24303 37 79 0.5354
24303 18 37 0.3307
24329 18 56 0.2362
24329 18 49 0.1969
24329 18 53 0.1969
24341 37 73 0.4409
24341 37 65 0.4409
24341 37 77 0.5197
24354 18 53 0.2047
24354 18 56 0.2441
24354 18 49 0.2047
24379 37 72 0.4173
24379 37 63 0.4173
24379 37 75 0.4961
24379 18 53 0.2598
24379 18 57 0.3071
24379 18 49 0.2598
24405 18 53 0.189
24405 18 49 0.189
24405 18 57 0.2283
24417 37 70 0.4016
24417 37 61 0.4016
24417 37 73 0.4724
24430 18 58 0.2205
24430 18 49 0.1811
24430 18 53 0.1811
24455 75 72 0.4567
24455 75 60 0.3858
24455 75 68 0.3858
24455 18 39 0.2835
24481 18 51 0.1654
24481 18 56 0.2047
24506 18 51 0.1732
24506 18 56 0.2047
24531 75 61 0.3622
24531 75 67 0.3622
24531 56 73 0.4331
24531 18 39 0.2677
24556 18 58 0.2047
24556 18 55 0.1654
24556 18 51 0.1654
24582 18 58 0.1969
24582 18 55 0.1654
24582 18 51 0.1654
24588 18 70 0.4252
24607 227 56 0.315
24607 227 63 0.315
24607 227 60 0.315
24607 227 68 0.378
24607 227 32 0.2598
24607 18 44 0.2598
24632 18 51 0.1811
24632 18 44 0.1496
24632 18 48 0.1654
24658 18 48 0.1496
24658 18 44 0.1496
24658 18 51 0.1811
24683 18 44 0.1654
24683 18 48 0.1654
24683 18 51 0.1969
24708 18 48 0.1654
24708 18 51 0.1969
24708 18 44 0.1654
24734 18 51 0.1969
24734 18 48 0.1654
24734 18 44 0.1654
24759 18 44 0.2126
24759 18 51 0.252
24759 18 48 0.2126
24784 18 44 0.1575
24784 18 51 0.189
24784 18 48 0.2126
24810 18 44 0.1654
24810 18 48 0.1654
24810 18 51 0.1969
24835 56 60 0.315
24835 18 51 0.2598
24835 18 48 0.2205
24835 18 44 0.2205
24860 18 44 0.1654
24860 18 48 0.1654
24860 18 51 0.1969
24886 18 44 0.1654
24886 18 48 0.1654
24886 18 51 0.1969
24892 18 63 0.2913
24911 56 56 0.2913
24911 56 68 0.3465
24911 18 44 0.2598
24911 151 32 0.2598
24936 18 51 0.1811
24936 18 44 0.1496
24936 18 48 0.1654
24962 18 48 0.1496
24962 18 44 0.1496
24962 18 51 0.1811
24987 56 56 0.2677
24987 56 68 0.315
24987 18 44 0.1654
24987 18 48 0.1654
24987 18 51 0.1969
25012 18 48 0.1654
25012 18 51 0.1969
25012 18 44 0.1654
25037 18 48 0.1654
25037 18 44 0.1654
25037 18 51 0.1969
25063 56 56 0.2677
25063 56 68 0.315
25063 18 51 0.252
25063 18 48 0.2126
25063 18 44 0.2126
25088 18 48 0.2126
25088 18 44 0.1575
25088 18 51 0.189
25113 18 51 0.1969
25113 18 44 0.1654
25113 18 48 0.1654
25139 56 56 0.2677
25139 56 68 0.315
25139 18 44 0.2205
25139 18 51 0.2598
25139 18 48 0.2205
25164 18 51 0.1969
25164 18 48 0.1654
25164 18 44 0.1654
25189 18 44 0.1654
25189 18 51 0.1969
25189 18 48 0.1654
25215 227 55 0.315
25215 227 67 0.378
25215 151 31 0.2598
25215 18 43 0.2598
25240 18 43 0.1496
25240 18 51 0.1811
25240 18 48 0.1654
25265 18 48 0.1496
25265 18 51 0.1811
25265 18 43 0.1496
25291 18 48 0.1654
25291 18 51 0.1969
25291 18 43 0.1654
25316 18 43 0.1654
25316 18 48 0.1654
25316 18 51 0.1969
25341 18 48 0.1654
25341 18 43 0.1654
25341 18 51 0.1969
25367 18 43 0.2126
25367 18 51 0.252
25367 18 48 0.2126
25392 18 51 0.189
25392 18 48 0.2126
25392 18 43 0.1575
25417 18 48 0.1654
25417 18 51 0.1969
25417 18 43 0.1654
25443 56 60 0.315
25443 18 43 0.2205
25443 18 51 0.2598
25443 18 48 0.2205
25468 18 51 0.1969
25468 18 43 0.1654
25468 18 48 0.1654
25493 18 48 0.1654
25493 18 43 0.1654
25493 18 51 0.1969
25500 18 63 0.2913
25518 56 55 0.2913
25518 56 67 0.3465
25518 151 31 0.2598
25518 18 43 0.2598
25544 18 51 0.1811
25544 18 43 0.1496
25544 18 48 0.1654
25569 18 51 0.189
25569 18 48 0.1496
25569 18 43 0.1496
25594 56 67 0.3386
25594 56 55 0.2913
25594 18 43 0.1732
25594 18 48 0.1732
25594 18 51 0.2047
25620 18 48 0.189
25620 18 43 0.189
25620 18 51 0.2205
25645 18 51 0.2283
25645 18 48 0.189
25645 18 43 0.189
25670 56 55 0.3307
25670 56 67 0.3937
25670 18 51 0.3071
25670 18 48 0.2598
25670 18 43 0.2598
25696 18 51 0.2441
25696 18 43 0.189
25696 18 48 0.2677
25721 18 51 0.2677
25721 18 48 0.2205
25721 18 43 0.2205
25746 56 55 0.3701
25746 56 67 0.4409
25746 18 43 0.3071
25746 18 48 0.3071
25746 18 51 0.3622
25772 18 43 0.2441
25772 18 51 0.2835
25772 18 48 0.2441
25797 18 51 0.2913
25797 18 48 0.2441
25797 18 43 0.2441
25822 151 53 0.4724
25822 151 65 0.5748
25822 151 29 0.4331
25822 18 41 0.4331
25848 18 41 0.2205
25848 18 51 0.2756
25848 18 48 0.252
25873 18 41 0.2205
25873 18 51 0.2756
25873 18 48 0.2205
25898 18 41 0.252
25898 18 48 0.252
25898 18 51 0.2913
25924 18 48 0.252
25924 18 41 0.252
25924 18 51 0.2913
25949 18 51 0.2913
25949 18 48 0.252
25949 18 41 0.252
25974 151 54 0.4724
25974 151 66 0.5748
25974 151 30 0.4331
25974 18 42 0.4331
26000 18 48 0.252
26000 18 42 0.2205
26000 18 51 0.2756
26025 18 51 0.2756
26025 18 42 0.2205
26025 18 48 0.2205
26050 18 51 0.2913
26050 18 48 0.252
26050 18 42 0.252
26075 18 51 0.2913
26075 18 48 0.252
26075 18 42 0.252
26101 18 42 0.252
26101 18 48 0.252
26101 18 51 0.2913
26126 18 67 0.3071
26126 18 55 0.3071
26126 227 43 0.378
26126 227 47 0.378
26126 227 50 0.378
26151 18 55 0.1732
26151 18 67 0.2126
26177 18 55 0.1732
26177 18 67 0.2126
26202 18 55 0.1969
26202 18 67 0.2362
26227 18 55 0.1969
26227 18 67 0.2362
26253 18 55 0.1969
26253 18 67 0.2362
26278 18 55 0.252
26278 18 67 0.2992
26303 18 55 0.189
26303 18 67 0.2205
26329 18 55 0.1969
26329 18 67 0.2362
26354 18 55 0.2598
26354 18 67 0.3071
26354 56 47 0.2756
26379 18 55 0.1969
26379 18 67 0.2362
26405 18 55 0.1969
26405 18 67 0.2362
26411 18 48 0.2362
26430 18 67 0.3071
26430 18 55 0.3071
26430 53 50 0.315
26455 18 55 0.1732
26455 18 67 0.2126
26481 18 55 0.1732
26481 18 67 0.2126
26506 18 55 0.1969
26506 18 67 0.2362
26506 53 50 0.2598
26531 18 55 0.1969
26531 18 67 0.2362
26556 18 55 0.1969
26556 18 67 0.2362
26582 18 55 0.252
26582 18 67 0.2992
26582 53 50 0.2598
26607 18 55 0.189
26607 18 67 0.2205
26632 18 55 0.1969
26632 18 67 0.2362
26658 18 55 0.2598
26658 18 67 0.3071
26658 56 48 0.2835
26683 18 55 0.1969
26683 18 67 0.2362
26708 18 55 0.1969
26708 18 67 0.2362
26715 18 50 0.2913
26734 18 67 0.3071
26734 18 55 0.3071
26734 113 51 0.3307
26759 18 55 0.1732
26759 18 67 0.2126
26784 18 55 0.1732
26784 18 67 0.2126
26810 18 55 0.1969
26810 18 67 0.2362
26835 18 55 0.1969
26835 18 67 0.2362
26848 37 50 0.2756
26860 18 55 0.1969
26860 18 67 0.2362
26886 18 55 0.252
26886 18 67 0.2992
26886 75 48 0.2441
26911 18 55 0.189
26911 18 67 0.2205
26936 18 55 0.1969
26936 18 67 0.2362
26962 18 55 0.2598
26962 18 67 0.3071
26962 56 46 0.3071
26987 18 55 0.1969
26987 18 67 0.2362
27012 18 53 0.1969
27012 18 65 0.2362
27018 18 44 0.2598
27037 18 63 0.3071
27037 18 60 0.3071
27037 18 67 0.3071
27037 18 55 0.3071
27037 75 43 0.2835
27063 18 63 0.1732
27063 18 60 0.1732
27063 18 55 0.1732
27063 18 67 0.2126
27088 18 63 0.1732
27088 18 60 0.1732
27088 18 55 0.1732
27088 18 67 0.2126
27113 18 63 0.1732
27113 18 60 0.1732
27113 18 55 0.1969
27113 18 67 0.2362
27113 75 43 0.2835
27139 18 63 0.1732
27139 18 60 0.1732
27139 18 55 0.1969
27139 18 67 0.2362
27164 18 63 0.1732
27164 18 60 0.1732
27164 18 55 0.1969
27164 18 67 0.2362
27189 18 62 0.252
27189 18 59 0.252
27189 18 55 0.252
27189 18 67 0.2992
27189 75 43 0.2835
27215 18 62 0.252
27215 18 59 0.252
27215 18 55 0.189
27215 18 67 0.2205
27240 18 62 0.252
27240 18 59 0.252
27240 18 55 0.1969
27240 18 67 0.2362
27265 18 62 0.2598
27265 18 59 0.2598
27265 18 55 0.2598
27265 18 67 0.3071
27265 75 43 0.2835
27291 18 62 0.1969
27291 18 59 0.1969
27291 18 55 0.1969
27291 18 67 0.2362
27316 18 62 0.1969
27316 18 59 0.1969
27316 18 55 0.1969
27316 18 67 0.2362
27341 18 63 0.3071
27341 18 60 0.3071
27341 18 67 0.3071
27341 18 55 0.3071
27341 151 48 0.378
27367 18 55 0.1732
27367 18 67 0.2126
27392 18 55 0.1732
27392 18 67 0.2126
27417 18 55 0.2205
27417 18 67 0.2677
27443 18 55 0.2283
27443 18 67 0.2756
27468 18 55 0.2362
27468 18 67 0.2835
27493 18 55 0.315
27493 18 67 0.378
27518 18 55 0.252
27518 18 67 0.2835
27544 18 55 0.2677
27544 18 67 0.3228
27569 18 55 0.3701
27569 18 67 0.4409
27569 56 35 0.3307
27569 56 47 0.3937
27594 18 55 0.2835
27594 18 67 0.3386
27620 18 55 0.2913
27620 18 67 0.3465
27626 18 36 0.2913
27626 18 48 0.3465
27645 18 67 0.4646
27645 18 55 0.4646
27645 53 50 0.4882
27645 56 38 0.4016
27670 18 55 0.2598
27670 18 67 0.3228
27696 18 55 0.2598
27696 18 67 0.3228
27721 18 55 0.2913
27721 18 67 0.3622
27721 56 38 0.3307
27721 53 50 0.3937
27746 18 55 0.2913
27746 18 67 0.3622
27772 18 55 0.2913
27772 18 67 0.3622
27797 18 55 0.3858
27797 18 67 0.4567
27797 56 38 0.3307
27797 53 50 0.3937
27822 18 55 0.2835
27822 18 67 0.3307
27848 18 55 0.2913
27848 18 67 0.3622
27873 18 56 0.4331
27873 18 68 0.5118
27873 56 36 0.3937
27873 56 48 0.4646
27898 18 56 0.3307
27898 18 68 0.4094
27924 18 56 0.3465
27924 18 68 0.4331
27930 18 38 0.4488
27930 18 50 0.5276
27949 18 67 0.5512
27949 18 55 0.5512
27949 113 39 0.4961
27949 113 51 0.5984
27974 18 55 0.315
27974 18 67 0.3937
28000 18 55 0.315
28000 18 67 0.3937
28025 18 55 0.3622
28025 18 67 0.4331
28050 18 55 0.3465
28050 18 67 0.4331
28063 37 38 0.4252
28063 37 50 0.5039
28075 18 55 0.3465
28075 18 67 0.4252
28101 18 55 0.4488
28101 18 67 0.5433
28101 75 36 0.3622
28101 75 48 0.4331
28126 18 55 0.3307
28126 18 67 0.3858
28151 18 55 0.3307
28151 18 67 0.4094
28177 18 55 0.4488
28177 18 67 0.5276
28177 56 34 0.4488
28177 56 46 0.5276
28202 18 55 0.3307
28202 18 67 0.4016
28227 18 53 0.3228
28227 18 65 0.3937
28234 18 44 0.4331
28234 18 32 0.3622
28253 18 63 0.4646
28253 18 60 0.4646
28253 18 67 0.4646
28253 18 55 0.4646
28253 75 31 0.3622
28253 75 43 0.4331
28278 18 63 0.2598
28278 18 60 0.2598
28278 18 55 0.2598
28278 18 67 0.3228
28303 18 63 0.2598
28303 18 60 0.2598
28303 18 55 0.2598
28303 18 67 0.3228
28329 18 63 0.2598
28329 18 60 0.2598
28329 18 55 0.2913
28329 18 67 0.3622
28329 75 31 0.3622
28329 75 43 0.4331
28354 18 63 0.2598
28354 18 60 0.2598
28354 18 55 0.2913
28354 18 67 0.3622
28379 18 63 0.2598
28379 18 60 0.2598
28379 18 55 0.2913
28379 18 67 0.3622
28405 18 62 0.3858
28405 18 59 0.3858
28405 18 55 0.3858
28405 18 67 0.4567
28405 75 43 0.4331
28405 75 31 0.3622
28430 18 62 0.3858
28430 18 59 0.3858
28430 18 55 0.2835
28430 18 67 0.3307
28455 18 62 0.3858
28455 18 59 0.3858
28455 18 55 0.2913
28455 18 67 0.3622
28481 18 62 0.3937
28481 18 59 0.3937
28481 18 55 0.3937
28481 18 67 0.4646
28481 75 43 0.4331
28481 75 31 0.3622
28506 18 62 0.2913
28506 18 59 0.2913
28506 18 55 0.2913
28506 18 67 0.3622
28531 18 62 0.2913
28531 18 59 0.2913
28531 18 55 0.2913
28531 18 67 0.3622
28556 44 55 0.315
28556 151 60 0.315
28556 151 63 0.315
28556 151 67 0.378
28556 25 36 0.315
28556 25 48 0.315
28582 44 55 0.2441
28607 44 55 0.2441
28632 44 55 0.2441
28658 44 55 0.2283
28683 25 55 0.2283
28708 18 55 0.2283
28734 18 55 0.2205
28759 18 55 0.2205
28784 56 71 0.3465
28784 18 55 0.2441
28810 18 55 0.2362
28835 18 55 0.2362
28841 18 72 0.2992
28860 53 74 0.4016
28860 18 55 0.2441
28886 18 55 0.2126
28911 18 55 0.2126
28936 56 65 0.2756
28936 53 74 0.3307
28936 18 55 0.2441
28962 18 55 0.2205
28987 18 55 0.2205
29012 56 68 0.2756
29012 53 74 0.3307
29012 18 55 0.2441
29037 18 55 0.2441
29063 18 55 0.2441
29088 56 72 0.3622
29088 18 55 0.2441
29113 18 55 0.2441
29139 18 55 0.252
29145 18 74 0.3701
29164 113 75 0.4173
29164 18 55 0.315
29189 18 55 0.2441
29215 18 55 0.2047
29240 75 63 0.3071
29240 18 55 0.2598
29265 18 55 0.2283
29278 37 74 0.3465
29291 18 55 0.2047
29316 75 67 0.2598
29316 75 72 0.3071
29316 18 55 0.2598
29341 18 55 0.2362
29367 18 55 0.2283
29392 56 74 0.3858
29392 18 55 0.2598
29417 18 55 0.2362
29443 18 55 0.2362
29449 18 72 0.3307
29468 75 71 0.3622
29468 18 55 0.2441
29493 18 55 0.2205
29519 18 55 0.2205
29544 75 65 0.2913
29544 56 69 0.3465
29544 18 55 0.2441
29569 18 55 0.2205
29594 18 55 0.2441
29601 18 71 0.2835
29620 75 63 0.2913
29620 75 72 0.378
29620 18 55 0.2835
29645 18 55 0.2283
29670 18 55 0.2283
29696 75 60 0.2913
29696 56 74 0.3386
29696 18 55 0.2835
29721 18 55 0.2441
29746 18 55 0.2441
29753 18 75 0.3465
29772 18 68 0.3701
29772 227 74 0.4016
29772 18 55 0.2913
29791 208 67 0.3386
29797 18 55 0.2283
29822 18 55 0.2283
29848 18 55 0.3465
29873 18 55 0.2913
29898 18 55 0.3071
29924 18 55 0.4173
29949 18 55 0.3071
29974 18 55 0.315
30000 56 59 0.4094
30000 56 67 0.4094
30000 56 71 0.4882
30000 18 55 0.4094
30025 18 55 0.3543
30050 18 55 0.4094
30056 18 60 0.3937
30056 18 69 0.3937
30056 18 72 0.4724
30075 75 62 0.4803
30075 75 71 0.4803
30075 75 74 0.5748
30075 18 55 0.4646
30101 18 55 0.3701
30126 18 55 0.3701
30151 75 62 0.4331
30151 75 71 0.4331
30151 75 74 0.5197
30151 18 55 0.4094
30151 18 54 0.4094
30177 18 55 0.3386
30177 18 54 0.3386
30202 18 55 0.3386
30202 18 54 0.3386
30227 75 62 0.4331
30227 75 71 0.4331
30227 75 74 0.5197
30227 18 53 0.4252
30227 18 55 0.4252
30253 18 55 0.3543
30253 18 53 0.3543
30278 18 55 0.3543
30278 18 53 0.3543
30303 56 60 0.4961
30303 56 67 0.5039
30303 56 72 0.5197
30303 18 55 0.4173
30303 18 51 0.4173
30329 18 50 0.3386
30329 18 55 0.3386
30354 18 48 0.3465
30354 18 55 0.3465
30360 18 62 0.4331
30360 18 67 0.4331
30360 18 74 0.5276
30379 151 67 0.5039
30379 132 63 0.5039
30379 132 75 0.5906
30379 18 48 0.4488
30379 18 55 0.4488
30405 18 48 0.3543
30405 18 55 0.3543
30430 18 55 0.3543
30430 18 48 0.3543
30455 18 55 0.4252
30455 18 46 0.4252
30481 18 55 0.3543
30481 18 46 0.3543
30506 18 46 0.3543
30506 18 55 0.3543
30512 18 62 0.5433
30512 18 74 0.5433
30531 75 60 0.4724
30531 75 67 0.5039
30531 75 72 0.5984
30531 18 45 0.4331
30531 18 55 0.4331
30556 18 45 0.3386
30556 18 55 0.3386
30582 18 45 0.3386
30582 18 55 0.3386
30607 75 66 0.4567
30607 75 62 0.4567
30607 56 74 0.5433
30607 18 44 0.4094
30607 18 54 0.4094
30632 18 44 0.3386
30632 18 54 0.3386
30658 18 54 0.3307
30658 18 44 0.3307
30664 18 72 0.4724
30683 75 62 0.4331
30683 75 65 0.4331
30683 75 71 0.5197
30683 18 43 0.4252
30683 18 53 0.4252
30708 18 43 0.3543
30708 18 53 0.3543
30734 18 43 0.3543
30734 18 53 0.3543
30759 75 62 0.4094
30759 56 67 0.4094
30759 75 71 0.4882
30759 18 43 0.4252
30759 18 41 0.4252
30784 18 41 0.3386
30784 18 43 0.3386
30810 18 43 0.3386
30810 18 41 0.3386
30816 18 68 0.4016
30835 75 60 0.4488
30835 75 67 0.4646
30835 75 72 0.5748
30835 18 39 0.4331
30835 18 43 0.4331
30860 18 43 0.3386
30860 18 39 0.3386
30886 18 39 0.3386
30886 18 43 0.3386
30911 75 65 0.5039
30911 75 71 0.5039
30911 56 75 0.5906
30911 18 31 0.4488
30911 18 43 0.4488
30936 18 43 0.3386
30936 18 31 0.3386
30962 18 43 0.3386
30962 18 31 0.3386
30968 18 74 0.4882
30987 227 63 0.4803
30987 227 72 0.5748
30987 25 36 0.315
30987 25 48 0.315
31012 18 55 0.2441
31037 18 55 0.2441
31063 18 55 0.2441
31088 18 55 0.2283
31113 18 55 0.2283
31139 18 55 0.2283
31164 18 55 0.2205
31189 18 55 0.2205
31215 56 74 0.3465
31215 18 55 0.2441
31240 18 55 0.2362
31265 18 55 0.2362
31272 18 75 0.2992
31291 75 77 0.4016
31291 18 56 0.2441
31316 18 56 0.2126
31341 18 56 0.2126
31367 75 65 0.2756
31367 75 77 0.3307
31367 18 57 0.2441
31392 18 57 0.2205
31417 18 57 0.2205
31443 75 68 0.2756
31443 75 77 0.3307
31443 18 58 0.2441
31468 18 58 0.2441
31493 18 58 0.2441
31519 56 75 0.3622
31519 18 58 0.2441
31544 18 58 0.2441
31569 18 58 0.252
31575 18 74 0.3701
31594 113 79 0.4173
31594 18 58 0.315
31620 18 58 0.2441
31645 18 58 0.2047
31670 56 67 0.3937
31670 18 59 0.2598
31696 18 59 0.2283
31708 37 77 0.3465
31721 18 59 0.2047
31727 18 68 0.4173
31746 75 75 0.3071
31746 18 60 0.2598
31772 18 55 0.2362
31797 18 55 0.2283
31822 56 74 0.3858
31822 18 55 0.2598
31848 18 55 0.2362
31873 18 55 0.2362
31879 18 72 0.3307
31898 75 71 0.3622
31898 18 55 0.2441
31924 18 55 0.2205
31949 18 55 0.2205
31974 37 68 0.3228
31974 75 71 0.3465
31974 18 55 0.2441
32000 18 55 0.2205
32012 37 67 0.315
32025 18 55 0.2441
32050 37 65 0.3228
32050 75 72 0.378
32050 18 55 0.2835
32075 18 55 0.2283
32088 37 63 0.3228
32101 18 55 0.2283
32126 37 62 0.3228
32126 56 77 0.3386
32126 18 55 0.2835
32151 18 55 0.2441
32164 37 60 0.3228
32177 18 55 0.2441
32183 18 75 0.3465
32202 18 68 0.3228
32202 227 74 0.4016
32202 18 55 0.2913
32221 208 67 0.3701
32227 18 55 0.2283
32253 18 55 0.2283
32278 18 55 0.3307
32303 18 55 0.2756
32329 18 55 0.2913
32354 25 55 0.3858
32379 25 56 0.2835
32405 25 57 0.2835
32430 56 74 0.4882
32430 18 58 0.4094
32455 18 58 0.3543
32481 18 58 0.4094
32487 18 75 0.4724
32506 75 65 0.4803
32506 75 74 0.4803
32506 75 77 0.5748
32506 18 58 0.4646
32531 18 58 0.3701
32556 18 58 0.3701
32582 75 65 0.3937
32582 75 74 0.3937
32582 75 77 0.4724
32582 18 57 0.3465
32582 18 58 0.4094
32607 18 58 0.3386
32607 18 57 0.2835
32632 18 58 0.3386
32632 18 57 0.2835
32658 75 65 0.3937
32658 75 74 0.3937
32658 75 77 0.4724
32658 18 58 0.4252
32658 18 56 0.3543
32683 18 56 0.2992
32683 18 58 0.3543
32708 18 56 0.2992
32708 18 58 0.3543
32734 56 67 0.4961
32734 56 75 0.4961
32734 56 79 0.4961
32734 18 58 0.4173
32734 18 55 0.3543
32759 18 58 0.3386
32759 18 55 0.2835
32784 18 53 0.2913
32784 18 58 0.3465
32784 18 56 0.2913
32791 18 68 0.4331
32791 18 77 0.4331
32791 18 80 0.5276
32810 75 79 0.5039
32810 75 70 0.5039
32810 75 82 0.5906
32810 18 51 0.378
32810 18 58 0.4488
32810 18 55 0.4488
32835 18 51 0.2992
32835 18 55 0.3543
32835 18 58 0.3543
32860 18 51 0.2992
32860 18 58 0.3543
32860 18 55 0.3543
32886 75 68 0.5433
32886 75 80 0.5433
32886 18 47 0.3543
32886 18 53 0.3543
32886 18 56 0.4252
32911 18 47 0.2992
32911 18 53 0.3543
32911 18 56 0.3543
32936 18 47 0.2992
32936 18 53 0.3543
32936 18 56 0.3543
32962 75 75 0.5039
32962 75 79 0.5984
32962 18 48 0.3622
32962 18 55 0.4331
32962 18 51 0.3622
32987 18 48 0.2835
32987 18 51 0.2835
32987 18 55 0.3386
33012 18 48 0.2835
33012 18 51 0.2835
33012 18 55 0.3386
33037 75 65 0.4567
33037 56 77 0.5433
33037 18 44 0.3465
33037 18 53 0.4094
33063 18 53 0.3386
33063 18 46 0.2835
33088 18 53 0.3307
33088 18 44 0.2756
33094 18 74 0.4724
33113 75 62 0.4331
33113 75 65 0.4331
33113 75 71 0.5197
33113 18 43 0.3701
33113 18 53 0.4409
33139 18 44 0.315
33139 18 53 0.3701
33164 18 43 0.315
33164 18 53 0.378
33189 75 62 0.4094
33189 56 67 0.4094
33189 75 71 0.4882
33189 18 43 0.4567
33189 18 41 0.378
33215 18 43 0.3701
33240 18 43 0.3701
33240 18 41 0.3071
33246 18 68 0.4016
33265 75 60 0.4488
33265 75 67 0.4646
33265 75 72 0.5748
33265 18 39 0.4016
33265 18 43 0.4803
33291 18 41 0.3228
33291 18 43 0.3858
33316 18 43 0.3858
33316 18 39 0.3228
33341 75 65 0.5039
33341 75 71 0.5039
33341 56 75 0.5906
33341 18 31 0.4331
33341 18 43 0.5197
33367 18 43 0.3937
33367 18 32 0.3307
33392 18 43 0.4016
33392 18 31 0.3307
33398 18 74 0.4882
33417 227 63 0.5039
33417 227 72 0.5984
33417 25 36 0.4173
33417 25 43 0.4173
33417 25 48 0.4961
33443 25 50 0.4724
33468 25 48 0.4724
33493 25 46 0.5354
33519 25 48 0.4882
33544 25 46 0.4882
33569 25 44 0.5748
33569 25 48 0.4882
33594 25 46 0.4961
33594 25 48 0.4173
33620 25 44 0.5039
33620 25 48 0.4252
33645 25 60 0.5669
33645 25 72 0.6772
33645 25 43 0.6142
33645 25 48 0.5118
33670 25 60 0.5669
33670 25 72 0.6772
33670 25 44 0.5118
33670 25 48 0.4331
33696 25 60 0.5669
33696 25 72 0.6772
33696 25 43 0.5118
33696 25 48 0.4331
33721 227 84 0.7402
33721 227 80 0.622
33721 227 74 0.622
33721 227 72 0.622
33721 25 41 0.622
33721 25 48 0.5197
33746 25 43 0.5118
33746 25 48 0.4331
33772 25 41 0.5118
33772 25 48 0.4331
33797 25 44 0.6142
33797 25 48 0.5118
33822 25 46 0.5118
33822 25 48 0.4331
33848 25 44 0.5118
33848 25 48 0.4331
33873 25 43 0.5748
33873 25 48 0.4882
33898 25 44 0.5118
33898 25 48 0.4331
33924 25 43 0.5118
33924 25 48 0.4331
33949 25 60 0.5591
33949 25 72 0.6535
33949 25 41 0.5827
33949 25 48 0.4961
33974 25 60 0.5591
33974 25 72 0.6535
33974 25 43 0.5118
33974 25 48 0.4331
34000 25 60 0.5591
34000 25 72 0.6535
34000 25 41 0.5118
34000 25 48 0.4331
34025 227 84 0.748
34025 227 79 0.6299
34025 227 75 0.6299
34025 227 72 0.6299
34025 25 39 0.622
34025 25 48 0.5197
34050 25 41 0.5118
34050 25 48 0.4331
34075 25 39 0.5118
34075 25 48 0.4331
34101 25 43 0.6063
34101 25 48 0.5039
34126 25 44 0.5118
34126 25 48 0.4331
34151 25 43 0.5118
34151 25 48 0.4331
34177 25 41 0.5906
34177 25 48 0.5039
34202 25 43 0.5118
34202 25 48 0.4331
34227 25 41 0.5118
34227 25 48 0.4331
34253 25 60 0.5591
34253 25 72 0.6535
34253 25 39 0.5827
34253 25 48 0.4961
34278 25 60 0.5591
34278 25 72 0.6535
34278 25 41 0.5197
34278 25 48 0.4409
34303 25 60 0.5591
34303 25 72 0.6535
34303 25 39 0.5197
34303 25 48 0.4409
34329 75 73 0.7087
34329 75 65 0.6063
34329 75 61 0.6063
34329 25 37 0.5906
34329 25 44 0.5039
34354 25 39 0.5039
34354 25 44 0.4252
34379 25 36 0.5039
34379 25 44 0.4252
34405 56 65 0.5827
34405 56 77 0.6929
34405 25 37 0.5669
34405 25 44 0.4724
34430 25 39 0.4961
34430 25 44 0.4094
34455 25 41 0.4961
34455 25 44 0.4094
34462 18 68 0.5197
34462 18 80 0.622
34481 75 67 0.5906
34481 75 72 0.5906
34481 75 75 0.5906
34481 75 79 0.7008
34481 25 31 0.4882
34481 25 43 0.5748
34506 25 43 0.5118
34531 25 43 0.4724
34556 75 67 0.5591
34556 75 71 0.5591
34556 75 74 0.5591
34556 75 79 0.6535
34556 25 31 0.4646
34556 25 43 0.5591
34582 25 43 0.4961
34607 25 43 0.4961
34632 227 67 0.5039
34632 227 60 0.5039
34632 227 63 0.5039
34632 227 72 0.5984
34632 25 36 0.4173
34632 25 43 0.4173
34632 25 48 0.4961
34658 25 51 0.4724
34683 25 50 0.4724
34708 25 48 0.5354
34734 25 50 0.4882
34759 25 48 0.4882
34784 25 47 0.5748
34810 25 48 0.4961
34835 25 47 0.5039
34860 25 60 0.5669
34860 25 72 0.6772
34860 25 46 0.6142
34886 25 60 0.5669
34886 25 72 0.6772
34886 25 48 0.5118
34911 25 60 0.5669
34911 25 72 0.6772
34911 25 46 0.5118
34936 227 84 0.7402
34936 227 74 0.622
34936 227 72 0.622
34936 25 45 0.622
34936 25 48 0.5197
34962 25 46 0.5118
34962 25 48 0.4331
34987 25 45 0.5118
34987 25 48 0.4331
35012 25 44 0.6142
35012 25 48 0.5118
35037 25 46 0.5118
35037 25 48 0.4331
35063 25 44 0.5118
35063 25 48 0.4331
35088 25 43 0.5748
35088 25 48 0.4882
35113 25 44 0.5118
35113 25 48 0.4331
35139 25 43 0.5118
35139 25 48 0.4331
35164 25 60 0.5591
35164 25 72 0.6535
35164 25 41 0.5827
35164 25 48 0.4961
35189 25 60 0.5591
35189 25 72 0.6535
35189 25 43 0.5118
35189 25 48 0.4331
35215 25 60 0.5591
35215 25 72 0.6535
35215 25 41 0.5118
35215 25 48 0.4331
35240 227 84 0.748
35240 227 79 0.6299
35240 227 72 0.6299
35240 25 40 0.622
35240 25 48 0.5197
35265 25 41 0.5118
35265 25 48 0.4331
35291 25 40 0.5118
35291 25 48 0.4331
35316 25 39 0.6063
35316 25 48 0.5039
35341 25 41 0.5118
35341 25 48 0.4331
35367 25 39 0.5118
35367 25 48 0.4331
35392 25 38 0.5906
35392 25 48 0.5039
35417 25 39 0.5118
35417 25 48 0.4331
35443 25 38 0.5118
35443 25 48 0.4331
35468 25 60 0.5591
35468 25 72 0.6535
35468 25 36 0.5827
35468 25 48 0.4961
35493 25 60 0.5591
35493 25 72 0.6535
35493 25 38 0.5197
35493 25 48 0.4409
35519 25 60 0.5591
35519 25 72 0.6535
35519 25 39 0.5197
35519 25 48 0.4409
35544 75 73 0.7087
35544 75 65 0.6063
35544 75 61 0.6063
35544 25 41 0.5906
35544 25 44 0.5039
35569 25 39 0.5039
35569 25 44 0.4252
35594 23 37 0.5039
35594 23 44 0.4252
35620 56 65 0.5827
35620 56 77 0.6929
35620 25 37 0.5669
35620 25 44 0.4724
35645 25 39 0.4961
35645 25 44 0.4094
35670 25 41 0.4961
35670 25 44 0.4094
35677 18 68 0.5197
35677 18 80 0.622
35696 75 67 0.5906
35696 75 72 0.5906
35696 75 75 0.5906
35696 75 79 0.7008
35696 25 31 0.4882
35696 25 43 0.5748
35721 25 43 0.5118
35746 25 43 0.4724
35772 75 67 0.5591
35772 75 71 0.5591
35772 75 74 0.5591
35772 75 79 0.6535
35772 25 31 0.4646
35772 25 43 0.5591
35797 25 43 0.4961
35822 25 43 0.4961
35848 227 67 0.5039
35848 227 60 0.5039
35848 227 63 0.5039
35848 227 72 0.5984
35848 18 36 0.5827
35848 18 48 0.4882
35873 18 36 0.5276
35873 18 48 0.4409
35898 18 36 0.5276
35898 18 48 0.4409
35924 18 38 0.5827
35924 18 48 0.4882
35949 18 38 0.5433
35949 18 48 0.4567
35974 18 38 0.5118
35974 18 48 0.4331
36000 18 39 0.5827
36000 18 48 0.4882
36025 18 39 0.5276
36025 18 48 0.4409
36050 18 39 0.5276
36050 18 48 0.4409
36075 18 60 0.5354
36075 18 72 0.4488
36075 18 40 0.5748
36075 18 48 0.4882
36101 18 60 0.4961
36101 18 72 0.4173
36101 18 40 0.5197
36101 18 48 0.4409
36126 18 60 0.4961
36126 18 72 0.4173
36126 18 40 0.5197
36126 18 48 0.4409
36151 18 61 0.4882
36151 18 72 0.4094
36151 18 41 0.5669
36151 18 48 0.4803
36177 18 72 0.3622
36177 18 61 0.4331
36177 18 41 0.5354
36177 18 48 0.4488
36202 18 61 0.4331
36202 18 72 0.3622
36202 18 41 0.5354
36202 18 48 0.4488
36227 18 62 0.4567
36227 18 72 0.3858
36227 18 42 0.5433
36227 18 46 0.4567
36253 18 72 0.3307
36253 18 62 0.3937
36253 18 42 0.4961
36253 18 46 0.4173
36278 18 62 0.3937
36278 18 72 0.3307
36278 18 42 0.4961
36278 18 46 0.4173
36303 18 72 0.3622
36303 18 63 0.4331
36303 18 43 0.5197
36303 18 48 0.4409
36329 18 72 0.3307
36329 18 63 0.3937
36329 18 43 0.4724
36329 18 48 0.4016
36354 18 63 0.4252
36354 18 72 0.3543
36354 18 43 0.5197
36354 18 48 0.4409
36379 18 64 0.4252
36379 18 72 0.3858
36379 18 44 0.5433
36379 18 48 0.4803
36405 18 72 0.2913
36405 18 64 0.3465
36405 18 44 0.4488
36405 18 48 0.378
36430 18 72 0.2913
36430 18 64 0.3465
36430 18 44 0.4488
36430 18 48 0.378
36455 18 64 0.3701
36455 18 72 0.3071
36455 18 44 0.4331
36455 18 48 0.3622
36481 18 64 0.2913
36481 18 72 0.2441
36481 18 44 0.4252
36481 18 48 0.3307
36506 18 64 0.2913
36506 18 72 0.2441
36506 18 44 0.4173
36506 18 48 0.3228
36531 18 64 0.3622
36531 18 72 0.2992
36531 18 44 0.4173
36531 18 48 0.3543
36556 18 64 0.2913
36556 18 72 0.2362
36556 18 44 0.3701
36556 18 48 0.315
36582 18 64 0.2835
36582 18 72 0.2362
36582 18 44 0.3622
36582 18 48 0.3071
36607 18 65 0.3543
36607 18 72 0.2992
36607 18 44 0.4016
36607 18 48 0.3386
36632 18 65 0.2835
36632 18 72 0.2283
36632 18 44 0.3622
36632 18 48 0.3071
36658 18 65 0.2756
36658 18 72 0.2283
36658 18 44 0.3622
36658 18 48 0.3071
36683 18 63 0.2441
36683 18 66 0.2441
36683 18 72 0.2913
36683 18 45 0.2441
36683 18 48 0.2913
36708 18 63 0.2047
36708 18 66 0.2047
36708 18 72 0.2441
36708 18 45 0.2047
36708 18 48 0.2441
36734 18 63 0.2047
36734 18 66 0.2047
36734 18 72 0.2441
36734 18 45 0.2047
36734 18 48 0.2441
36759 18 63 0.2441
36759 18 66 0.2441
36759 18 72 0.2913
36759 18 45 0.2677
36759 18 48 0.315
36784 18 62 0.2126
36784 18 66 0.2126
36784 18 72 0.252
36784 18 45 0.2126
36784 18 50 0.252
36810 18 62 0.2126
36810 18 66 0.2126
36810 18 72 0.252
36810 18 45 0.2205
36810 18 50 0.2598
36835 18 62 0.2441
36835 18 66 0.2441
36835 18 72 0.2913
36835 18 45 0.2441
36835 18 50 0.2913
36860 18 62 0.2047
36860 18 66 0.2047
36860 18 72 0.2441
36860 18 45 0.2205
36860 18 50 0.2598
36886 18 62 0.2047
36886 18 66 0.2047
36886 18 72 0.2441
36886 18 45 0.2205
36886 18 50 0.2598
36911 18 62 0.2441
36911 18 67 0.2441
36911 18 72 0.2913
36911 18 46 0.252
36911 18 50 0.2992
36936 18 62 0.2126
36936 18 67 0.2126
36936 18 72 0.252
36936 18 46 0.2205
36936 18 50 0.2677
36962 18 62 0.2126
36962 18 67 0.2126
36962 18 72 0.252
36962 18 46 0.2205
36962 18 50 0.2677
36987 18 62 0.2441
36987 18 67 0.2441
36987 18 70 0.2913
36987 18 46 0.2441
36987 18 50 0.2913
37012 18 62 0.2126
37012 18 67 0.2126
37012 18 70 0.252
37012 18 46 0.2205
37012 18 50 0.2598
37037 18 62 0.2126
37037 18 67 0.2126
37037 18 70 0.252
37037 18 46 0.2205
37037 18 50 0.2598
37063 18 60 0.2441
37063 18 63 0.2441
37063 18 70 0.2913
37063 18 48 0.2441
37063 18 51 0.2913
37088 18 60 0.2047
37088 18 63 0.2047
37088 18 70 0.2441
37088 18 48 0.2126
37088 18 51 0.252
37113 18 60 0.2047
37113 18 63 0.2047
37113 18 70 0.2441
37113 18 48 0.2126
37113 18 51 0.252
37139 18 60 0.2441
37139 18 63 0.2441
37139 18 69 0.2913
37139 18 48 0.2441
37139 18 51 0.2913
37164 18 60 0.2126
37164 18 63 0.2126
37164 18 69 0.252
37164 18 48 0.2047
37164 18 51 0.2441
37189 18 60 0.2126
37189 18 63 0.2126
37189 18 69 0.252
37189 18 48 0.2047
37189 18 51 0.2441
37215 18 58 0.2441
37215 18 62 0.2441
37215 18 67 0.2913
37215 18 50 0.2913
37240 18 58 0.2047
37240 18 62 0.2047
37240 18 67 0.2441
37240 18 50 0.252
37265 18 58 0.2047
37265 18 62 0.2047
37265 18 67 0.2441
37265 18 50 0.252
37291 18 57 0.2441
37291 18 62 0.2441
37291 18 66 0.2913
37291 18 50 0.2913
37316 18 57 0.2126
37316 18 62 0.2126
37316 18 66 0.252
37316 18 50 0.252
37341 18 57 0.2126
37341 18 62 0.2126
37341 18 66 0.252
37341 18 50 0.252
37367 151 58 0.2441
37367 151 62 0.2441
37367 151 67 0.2913
37367 18 50 0.2913
37367 151 43 0.2441
37392 18 50 0.2283
37417 18 50 0.2283
37443 18 50 0.252
37468 18 50 0.2283
37493 18 50 0.2283
37519 18 50 0.2441
37544 18 50 0.2283
37569 18 50 0.2283
37594 56 67 0.3071
37594 18 50 0.252
37620 18 50 0.2283
37645 18 50 0.2283
37651 18 70 0.3071
37670 75 74 0.3465
37689 20 62 0.2283
37708 20 67 0.2362
37708 18 43 0.252
37727 18 70 0.2205
37746 75 74 0.315
37765 20 62 0.2205
37784 20 67 0.2362
37784 18 43 0.252
37803 18 70 0.2205
37822 75 74 0.3543
37841 20 62 0.2126
37860 20 66 0.2362
37860 18 38 0.2835
37879 18 69 0.2205
37898 75 74 0.3622
37917 20 62 0.2126
37936 20 67 0.2362
37936 18 43 0.252
37955 18 70 0.2047
37974 151 75 0.4016
37993 20 63 0.2441
38012 20 67 0.2598
38012 18 36 0.2992
38031 20 72 0.2441
38050 20 66 0.2835
38069 20 72 0.2126
38088 20 69 0.2362
38088 18 36 0.2756
38107 18 66 0.2126
38126 151 74 0.3228
38145 20 62 0.2126
38164 20 67 0.2362
38164 18 43 0.2913
38183 20 70 0.2047
38202 20 62 0.2362
38221 20 70 0.2205
38240 20 67 0.2362
38240 18 43 0.252
38259 18 62 0.2126
38278 151 72 0.3937
38297 20 60 0.2205
38316 20 63 0.2362
38316 18 44 0.2835
38335 20 66 0.2205
38354 20 60 0.2362
38373 20 66 0.2362
38392 20 63 0.2362
38392 18 45 0.252
38411 18 60 0.2126
38430 151 70 0.3543
38449 20 58 0.2126
38468 20 62 0.2362
38468 18 46 0.252
38487 20 67 0.2126
38506 20 58 0.2362
38525 20 67 0.2205
38544 20 62 0.2362
38544 18 50 0.252
38563 18 58 0.2205
38582 75 69 0.3937
38601 20 57 0.2205
38620 20 60 0.2362
38620 18 51 0.3071
38639 18 67 0.2205
38658 75 72 0.3622
38677 20 63 0.2283
38696 20 67 0.2362
38696 18 48 0.252
38715 18 69 0.2205
38734 75 70 0.3858
38753 20 58 0.2126
38772 20 62 0.2362
38772 18 50 0.252
38791 18 67 0.2126
38810 75 69 0.3543
38829 20 60 0.2047
38848 20 62 0.2362
38848 18 38 0.252
38867 18 66 0.2126
38886 227 67 0.3937
38905 20 55 0.2205
38924 20 58 0.252
38924 18 43 0.2362
38943 20 62 0.2677
38962 20 63 0.2756
38962 18 45 0.2913
38981 20 60 0.2913
39000 20 57 0.3071
39000 18 48 0.315
39019 20 63 0.3465
39037 20 62 0.3465
39037 18 50 0.3465
39056 20 58 0.2598
39075 20 62 0.2913
39075 18 55 0.2756
39094 20 66 0.2205
39113 20 67 0.2677
39113 18 50 0.3071
39132 20 62 0.2047
39151 20 67 0.2362
39151 18 46 0.252
39170 18 70 0.2047
39189 75 74 0.3465
39208 20 62 0.2283
39227 20 67 0.2362
39227 18 43 0.252
39246 18 70 0.2205
39265 75 74 0.315
39284 20 62 0.2205
39303 20 67 0.2362
39303 18 43 0.252
39322 18 70 0.2205
39341 75 74 0.3543
39360 20 62 0.2126
39379 20 66 0.2362
39379 18 38 0.2835
39398 18 69 0.2205
39417 75 74 0.3622
39436 20 62 0.2126
39455 20 67 0.2362
39455 18 43 0.252
39474 18 70 0.2047
39493 151 75 0.4016
39512 20 63 0.2441
39531 20 67 0.2598
39531 18 36 0.2992
39550 20 72 0.2441
39569 20 69 0.3228
39588 20 72 0.2598
39607 20 69 0.3228
39607 18 41 0.3386
39626 18 65 0.2677
39645 151 74 0.4488
39664 20 62 0.2677
39683 20 65 0.315
39683 18 34 0.3543
39702 20 70 0.2598
39721 20 65 0.3228
39740 20 70 0.2205
39759 20 65 0.2756
39759 18 46 0.3386
39778 18 62 0.2126
39797 151 72 0.4724
39816 20 60 0.2756
39835 20 63 0.3071
39835 18 45 0.3937
39854 20 69 0.2205
39873 20 66 0.315
39892 20 69 0.2126
39911 20 66 0.2362
39911 18 38 0.3307
39930 18 62 0.2126
39949 151 70 0.3543
39968 20 58 0.2126
39987 20 62 0.2362
39987 18 43 0.3307
40006 20 67 0.2126
40025 20 58 0.2362
40044 20 67 0.2205
40063 20 62 0.2362
40063 18 31 0.3228
40082 18 58 0.2205
40101 75 67 0.3937
40120 20 63 0.2205
40139 20 62 0.2362
40139 18 39 0.3071
40158 18 60 0.2205
40177 75 75 0.3622
40196 20 63 0.2283
40215 20 67 0.2362
40215 18 36 0.252
40234 18 72 0.2205
40253 75 74 0.3858
40272 20 62 0.2126
40291 20 65 0.2362
40291 18 41 0.252
40310 18 70 0.2126
40329 75 72 0.3543
40348 20 63 0.2047
40367 20 65 0.2362
40367 18 29 0.252
40386 18 69 0.2126
40405 227 70 0.3937
40424 20 58 0.2205
40443 20 62 0.252
40443 18 46 0.2362
40462 20 65 0.2677
40481 20 66 0.2756
40481 18 48 0.2913
40500 20 63 0.2913
40519 20 60 0.3071
40519 18 51 0.315
40537 20 66 0.3465
40556 20 65 0.3465
40556 18 50 0.3465
40575 20 62 0.2598
40594 20 65 0.2913
40594 18 58 0.2756
40613 20 69 0.2677
40632 20 70 0.315
40632 18 53 0.3071
40651 20 65 0.3386
40670 20 70 0.3622
40670 18 50 0.252
40689 18 74 0.3858
40708 56 65 0.3228
40708 56 77 0.4331
40708 18 46 0.3465
40727 18 50 0.2835
40746 18 53 0.2835
40765 18 50 0.2835
40784 75 65 0.3465
40784 75 77 0.4252
40784 18 46 0.3543
40803 18 50 0.2992
40822 18 53 0.2992
40841 18 50 0.3622
40860 75 66 0.4252
40860 75 78 0.5039
40860 18 45 0.4331
40879 18 48 0.3622
40898 18 50 0.3701
40917 18 48 0.3937
40936 75 67 0.4724
40936 75 79 0.5669
40936 18 43 0.4724
40955 18 48 0.4094
40974 18 50 0.3858
40993 18 48 0.3937
41012 75 69 0.4803
41012 75 81 0.5906
41012 18 42 0.5669
41031 18 48 0.4331
41050 18 50 0.4646
41069 18 48 0.4646
41088 75 72 0.5039
41088 75 84 0.6142
41088 18 42 0.5354
41107 18 45 0.4173
41126 18 50 0.4173
41145 18 45 0.4173
41164 75 70 0.4961
41164 75 82 0.6063
41164 18 43 0.4961
41183 18 46 0.378
41202 18 50 0.378
41221 18 46 0.378
41240 56 69 0.3858
41240 56 81 0.4567
41240 18 48 0.378
41259 18 51 0.2756
41278 18 57 0.2756
41297 18 67 0.3307
41297 18 79 0.4016
41297 18 51 0.2835
41316 75 66 0.3858
41316 75 78 0.4567
41316 18 50 0.3937
41335 18 57 0.3071
41354 18 60 0.3071
41373 18 57 0.3071
41392 75 66 0.3622
41392 75 78 0.4331
41392 18 50 0.3701
41411 18 57 0.3071
41430 18 60 0.3071
41449 18 57 0.3071
41468 37 67 0.3543
41468 37 79 0.4173
41468 18 50 0.3701
41487 18 57 0.315
41506 37 66 0.2913
41506 37 78 0.3543
41506 18 60 0.315
41525 18 57 0.315
41544 37 64 0.2992
41544 37 76 0.3622
41544 18 50 0.3465
41563 18 57 0.2835
41582 37 66 0.2913
41582 37 78 0.3543
41582 18 60 0.2835
41601 18 57 0.2835
41620 151 67 0.315
41620 151 79 0.378
41620 18 55 0.3465
41639 18 58 0.2913
41658 18 55 0.2913
41677 18 50 0.2913
41696 18 46 0.3465
41715 18 55 0.2992
41734 18 50 0.2992
41753 18 46 0.2992
41772 18 43 0.3465
41791 18 67 0.4173
41810 18 70 0.4331
41829 18 74 0.4488
41848 18 79 0.4646
41848 56 43 0.4567
41848 56 55 0.5433
41867 18 70 0.4803
41886 18 74 0.4961
41905 18 79 0.5118
41905 18 46 0.4016
41905 18 58 0.4803
41924 56 50 0.4882
41924 56 62 0.5827
41962 18 69 0.4961
41962 18 74 0.4961
41962 18 78 0.5827
42000 56 50 0.4409
42000 56 62 0.5276
42037 18 81 0.5827
42037 18 72 0.4961
42037 18 74 0.4961
42075 56 50 0.4567
42075 56 62 0.5433
42113 18 70 0.4961
42113 18 74 0.4961
42113 18 79 0.5827
42151 56 50 0.4488
42151 56 62 0.5354
42189 18 69 0.4961
42189 18 74 0.4961
42189 18 78 0.5827
42227 151 51 0.4961
42227 151 63 0.5906
42265 18 67 0.5118
42265 18 74 0.5118
42265 18 79 0.6142
42303 18 67 0.5197
42303 18 72 0.5197
42303 18 79 0.622
42341 18 85 0.6535
42341 18 79 0.5591
42341 18 73 0.5591
42379 151 50 0.4803
42379 151 62 0.5669
42417 18 86 0.6535
42417 18 81 0.6535
42417 18 79 0.5591
42417 18 74 0.5591
42455 18 74 0.5433
42455 18 78 0.5433
42455 18 81 0.5433
42455 18 86 0.6378
42493 18 66 0.5197
42493 18 69 0.5197
42493 18 74 0.622
42531 151 48 0.4961
42531 151 60 0.5906
42569 18 63 0.4961
42569 18 70 0.4961
42569 18 75 0.5827
42607 18 63 0.5433
42607 18 69 0.5433
42607 18 75 0.6378
42645 18 81 0.5827
42645 18 75 0.4961
42645 18 69 0.4961
42683 151 46 0.4488
42683 151 58 0.5354
42721 18 82 0.5827
42721 18 77 0.4961
42721 18 75 0.4961
42721 18 70 0.4961
42759 18 70 0.5197
42759 18 74 0.5197
42759 18 77 0.5197
42759 18 82 0.622
42797 18 62 0.4961
42797 18 65 0.4961
42797 18 70 0.5827
42835 75 45 0.4488
42835 75 57 0.5354
42873 18 63 0.4961
42873 18 67 0.4961
42873 18 72 0.5827
42911 75 48 0.4409
42911 75 60 0.5197
42949 18 66 0.4961
42949 18 69 0.4961
42949 18 75 0.5827
42987 75 46 0.4882
42987 75 58 0.5748
43025 18 67 0.5118
43025 18 70 0.5118
43025 18 74 0.6142
43063 75 45 0.3543
43063 75 57 0.5039
43101 18 72 0.5197
43101 18 74 0.5197
43101 18 78 0.622
43139 227 55 0.5669
43139 227 43 0.4016
43177 37 70 0.5433
43177 37 74 0.5433
43177 37 79 0.6378
43215 37 62 0.5276
43215 37 70 0.5276
43215 37 74 0.6299
43253 37 62 0.5118
43253 37 69 0.5118
43253 37 72 0.6142
43291 37 62 0.5039
43291 37 67 0.5039
43291 37 70 0.5039
43329 37 67 0.4961
43329 37 70 0.4961
43329 37 74 0.5827
43367 37 70 0.4961
43367 37 74 0.4961
43367 37 79 0.5827
43367 56 55 0.5433
43367 56 43 0.5433
43405 37 67 0.4961
43405 37 70 0.4961
43405 37 74 0.5827
43424 18 46 0.4803
43424 18 58 0.4803
43443 56 50 0.5827
43443 53 62 0.5827
43481 18 66 0.4961
43481 18 69 0.4961
43481 18 74 0.5827
43519 56 62 0.5276
43519 56 50 0.4331
43556 18 81 0.5827
43556 18 72 0.4961
43556 18 74 0.4961
43594 56 50 0.4567
43594 56 62 0.5433
43632 18 70 0.4961
43632 18 74 0.4961
43632 18 79 0.5827
43670 56 50 0.4488
43670 56 62 0.5354
43708 18 69 0.4961
43708 18 74 0.4961
43708 18 78 0.5827
43746 151 51 0.4961
43746 151 63 0.5906
43784 18 67 0.5118
43784 18 74 0.5118
43784 18 79 0.6142
43822 18 67 0.5197
43822 18 72 0.5197
43822 18 79 0.622
43860 18 85 0.6535
43860 18 79 0.5591
43860 18 73 0.5591
43898 151 50 0.4724
43898 151 62 0.5669
43936 18 86 0.6535
43936 18 81 0.6535
43936 18 79 0.5591
43936 18 74 0.5591
43974 18 74 0.5433
43974 18 77 0.5433
43974 18 81 0.5433
43974 18 86 0.6378
44012 18 65 0.5197
44012 18 69 0.5197
44012 18 74 0.622
44050 151 48 0.4961
44050 151 60 0.5906
44088 18 63 0.4961
44088 18 70 0.4961
44088 18 75 0.5827
44126 18 63 0.5433
44126 18 69 0.5433
44126 18 75 0.6378
44164 18 81 0.5827
44164 18 75 0.4961
44164 18 69 0.4961
44202 113 58 0.5354
44202 113 46 0.4488
44240 18 82 0.5827
44240 18 77 0.4961
44240 18 75 0.4961
44240 18 70 0.4961
44278 18 70 0.5197
44278 18 74 0.5197
44278 18 77 0.5197
44278 18 82 0.622
44316 18 65 0.4961
44316 18 72 0.5827
44316 37 45 0.4724
44316 37 57 0.5197
44354 75 55 0.5512
44354 75 43 0.4724
44392 18 63 0.4961
44392 18 70 0.4961
44392 18 75 0.5827
44430 75 51 0.4331
44430 75 63 0.5197
44468 18 67 0.4961
44468 18 70 0.4961
44468 18 72 0.5827
44506 75 62 0.5276
44506 75 50 0.4409
44544 18 65 0.5118
44544 18 70 0.5118
44544 18 77 0.6142
44582 75 48 0.3937
44582 75 60 0.4724
44620 18 69 0.3937
44620 18 75 0.5197
44620 18 77 0.5197
44620 18 81 0.622
44658 227 46 0.4724
44658 227 58 0.5512
44696 37 75 0.5433
44696 37 70 0.5433
44696 37 77 0.5433
44696 37 82 0.6378
44734 37 74 0.5276
44734 37 70 0.5276
44734 37 77 0.5276
44734 37 82 0.6299
44772 37 70 0.5118
44772 37 74 0.5118
44772 37 77 0.6142
44810 37 65 0.4252
44810 37 70 0.4252
44810 37 74 0.5039
44848 37 62 0.4173
44848 37 65 0.4173
44848 37 70 0.4961
44886 56 58 0.3622
44886 56 70 0.4331
44943 18 62 0.3622
44943 18 74 0.4331
44962 56 65 0.3228
44962 56 77 0.4331
44962 18 46 0.3465
44981 18 50 0.2835
45000 18 53 0.2835
45019 18 50 0.2835
45037 75 65 0.3465
45037 75 77 0.4252
45037 18 46 0.3543
45056 18 50 0.2992
45075 18 53 0.2992
45094 18 50 0.3622
45113 75 66 0.4173
45113 75 78 0.4961
45113 18 45 0.4252
45132 18 48 0.3543
45151 18 50 0.3543
45170 18 48 0.378
45189 75 67 0.4488
45189 75 79 0.5354
45189 18 43 0.4488
45208 18 48 0.3858
45227 18 50 0.3622
45246 18 48 0.3622
45265 75 69 0.4567
45265 75 81 0.5591
45265 18 42 0.5197
45284 18 48 0.3937
45303 18 50 0.4252
45322 18 48 0.4252
45341 75 72 0.4724
45341 75 84 0.5669
45341 18 42 0.4882
45360 18 45 0.3858
45379 18 50 0.3858
45398 18 45 0.3858
45417 75 70 0.4567
45417 75 82 0.5512
45417 18 43 0.4567
45436 18 46 0.3465
45455 18 50 0.3465
45474 18 46 0.3465
45493 56 69 0.3858
45493 56 81 0.4567
45493 18 48 0.378
45512 18 51 0.2756
45531 18 57 0.2756
45550 18 67 0.3307
45550 18 79 0.4016
45550 18 51 0.2835
45569 75 66 0.3858
45569 75 78 0.4567
45569 18 50 0.3937
45588 18 57 0.3071
45607 18 60 0.3071
45626 18 57 0.3071
45645 75 66 0.3622
45645 75 78 0.4331
45645 18 50 0.3701
45664 18 57 0.3071
45683 18 60 0.3071
45702 18 57 0.3071
45721 37 67 0.3543
45721 37 79 0.4173
45721 18 50 0.3701
45740 18 57 0.315
45759 37 66 0.2913
45759 37 78 0.3543
45759 18 60 0.315
45778 18 57 0.315
45797 37 64 0.2992
45797 37 76 0.3622
45797 18 50 0.3465
45816 18 57 0.2835
45835 37 66 0.2913
45835 37 78 0.3543
45835 18 60 0.2835
45854 18 57 0.2835
45873 151 67 0.315
45873 151 79 0.378
45873 18 43 0.2598
45898 18 50 0.1496
45898 18 55 0.1496
45898 18 59 0.1811
45924 18 50 0.1496
45924 18 55 0.1496
45924 18 59 0.1811
45949 18 50 0.1654
45949 18 55 0.1654
45949 18 59 0.1969
45974 18 50 0.1654
45974 18 59 0.1969
45974 18 55 0.1654
46000 18 59 0.1969
46000 18 55 0.1654
46000 18 50 0.1654
46025 39 72 0.4173
46025 18 59 0.252
46025 18 50 0.2126
46025 18 55 0.2126
46050 18 59 0.189
46050 18 50 0.1575
46050 18 55 0.1575
46063 39 71 0.4173
46075 18 50 0.1654
46075 18 59 0.1969
46075 18 55 0.1654
46101 39 70 0.4173
46101 18 59 0.2598
46101 18 55 0.2205
46101 18 50 0.2205
46126 18 55 0.1654
46126 18 59 0.1969
46126 18 50 0.1654
46139 37 71 0.4173
46151 18 59 0.1969
46151 18 55 0.1654
46151 18 50 0.1654
46177 18 71 0.378
46177 18 36 0.2598
46196 132 76 0.378
46202 18 52 0.1496
46202 18 59 0.1811
46202 18 48 0.1496
46227 18 59 0.1811
46227 18 52 0.1496
46227 18 48 0.1496
46253 18 56 0.2362
46253 18 48 0.1969
46253 18 52 0.1969
46278 18 52 0.1654
46278 18 48 0.1654
46278 18 56 0.1969
46303 18 48 0.1654
46303 18 56 0.1969
46303 18 52 0.1654
46329 39 71 0.4173
46329 18 48 0.2126
46329 18 57 0.252
46329 18 52 0.2126
46354 18 48 0.1575
46354 18 52 0.1575
46354 18 57 0.189
46367 39 69 0.4173
46379 18 57 0.1969
46379 18 48 0.1654
46379 18 52 0.1654
46405 39 68 0.4173
46405 18 48 0.2205
46405 18 57 0.2598
46405 18 52 0.2205
46430 18 48 0.1654
46430 18 52 0.1654
46430 18 57 0.1969
46443 37 69 0.4173
46455 18 52 0.1654
46455 18 48 0.1654
46455 18 57 0.1969
46481 18 69 0.378
46481 18 35 0.2598
46500 132 74 0.378
46506 18 47 0.1496
46506 18 50 0.1496
46506 18 57 0.1811
46531 18 50 0.1496
46531 18 47 0.1496
46531 18 57 0.1811
46556 18 47 0.1969
46556 18 54 0.2362
46556 18 50 0.1969
46582 18 54 0.1969
46582 18 50 0.1654
46582 18 47 0.1654
46607 18 47 0.1654
46607 18 50 0.1654
46607 18 54 0.1969
46632 39 72 0.4567
46632 18 55 0.2756
46632 18 50 0.2283
46632 18 47 0.2283
46658 18 50 0.1732
46658 18 47 0.1732
46658 18 55 0.2126
46670 39 71 0.4724
46683 18 50 0.189
46683 18 55 0.2283
46683 18 47 0.189
46708 39 69 0.4961
46708 18 47 0.2598
46708 18 55 0.3071
46708 18 50 0.2598
46734 18 47 0.1969
46734 18 55 0.2362
46734 18 50 0.1969
46746 37 67 0.5197
46759 18 50 0.2047
46759 18 47 0.2047
46759 18 55 0.2441
46784 37 66 0.4488
46784 37 74 0.5354
46784 18 36 0.3307
46810 18 52 0.2362
46810 18 48 0.1969
46822 37 64 0.4409
46822 37 72 0.5197
46835 18 52 0.2441
46835 18 48 0.2047
46860 37 62 0.4173
46860 37 71 0.4961
46860 18 48 0.2598
46860 18 52 0.3071
46886 18 48 0.189
46886 18 52 0.2283
46898 37 60 0.4016
46898 37 69 0.4724
46911 18 52 0.2205
46911 18 48 0.1811
46936 75 59 0.3858
46936 75 67 0.4567
46936 18 38 0.2835
46962 18 50 0.1654
46962 18 55 0.2047
46987 18 55 0.2047
46987 18 50 0.1732
47012 56 62 0.4331
47012 56 71 0.4331
47012 18 38 0.2677
47037 18 50 0.1654
47037 18 54 0.2047
47063 18 50 0.1654
47063 18 54 0.1969
47069 18 60 0.4252
47069 18 69 0.4252
47088 44 59 0.315
47088 75 67 0.378
47088 18 43 0.2598
47113 44 59 0.1811
47113 18 50 0.1496
47113 18 55 0.1496
47139 18 55 0.1496
47139 25 59 0.1811
47139 18 50 0.1496
47164 18 59 0.1969
47164 18 50 0.1654
47164 18 55 0.1654
47189 18 59 0.1969
47189 18 55 0.1654
47189 18 50 0.1654
47215 18 59 0.1969
47215 18 50 0.1654
47215 18 55 0.1654
47240 39 72 0.4173
47240 18 59 0.252
47240 18 50 0.2126
47240 18 55 0.2126
47265 18 55 0.1575
47265 18 59 0.189
47265 18 50 0.1575
47278 39 71 0.4173
47291 18 50 0.1654
47291 18 55 0.1654
47291 18 59 0.1969
47316 39 70 0.4173
47316 18 59 0.2598
47316 18 55 0.2205
47316 18 50 0.2205
47341 18 50 0.1654
47341 18 55 0.1654
47341 18 59 0.1969
47354 37 71 0.4173
47367 18 50 0.1654
47367 18 59 0.1969
47367 18 55 0.1654
47392 39 83 0.4173
47392 151 76 0.378
47392 18 36 0.2598
47417 18 48 0.1496
47417 18 52 0.1496
47417 18 59 0.1811
47430 39 81 0.4173
47443 18 59 0.1811
47443 18 52 0.1496
47443 18 48 0.1496
47468 39 80 0.4173
47468 18 48 0.1969
47468 18 59 0.2362
47468 18 52 0.1969
47493 18 52 0.1654
47493 18 59 0.1969
47493 18 48 0.1654
47506 37 81 0.4173
47519 18 52 0.1654
47519 18 48 0.1654
47519 18 59 0.1969
47544 39 71 0.4173
47544 18 57 0.252
47544 18 52 0.2126
47544 18 48 0.2126
47569 18 52 0.1575
47569 18 57 0.189
47569 18 48 0.1575
47582 39 69 0.4173
47594 18 52 0.1654
47594 18 57 0.1969
47594 18 48 0.1654
47620 39 68 0.4173
47620 18 52 0.2205
47620 18 57 0.2598
47620 18 48 0.2205
47645 18 52 0.1654
47645 18 48 0.1654
47645 18 57 0.1969
47658 37 69 0.4173
47670 18 48 0.1654
47670 18 57 0.1969
47670 18 52 0.1654
47696 37 81 0.4567
47696 151 74 0.378
47696 18 35 0.2598
47721 18 57 0.1811
47721 18 50 0.1496
47721 18 47 0.1496
47734 37 79 0.4724
47746 18 57 0.1811
47746 18 47 0.1496
47746 18 50 0.1496
47772 37 78 0.4961
47772 18 50 0.1969
47772 18 57 0.2362
47772 18 47 0.1969
47797 18 50 0.1654
47797 18 47 0.1654
47797 18 57 0.1969
47810 37 79 0.5197
47822 18 57 0.1969
47822 18 47 0.1654
47822 18 50 0.1654
47848 39 72 0.4567
47848 18 50 0.2283
47848 18 47 0.2283
47848 18 55 0.2756
47873 18 55 0.2126
47873 18 47 0.1732
47873 18 50 0.1732
47886 39 71 0.4724
47898 18 50 0.189
47898 18 47 0.189
47898 18 55 0.2283
47924 39 69 0.4961
47924 18 50 0.2598
47924 18 55 0.3071
47924 18 47 0.2598
47949 18 50 0.1969
47949 18 47 0.1969
47949 18 55 0.2362
47962 37 67 0.5197
47974 18 50 0.2047
47974 18 55 0.2441
47974 18 47 0.2047
48000 37 74 0.4488
48000 37 66 0.4488
48000 37 78 0.5354
48000 18 36 0.3307
48025 18 55 0.2362
48025 18 48 0.1969
48025 18 52 0.1969
48037 37 72 0.4409
48037 37 64 0.4409
48037 37 76 0.5197
48050 18 52 0.2047
48050 18 55 0.2441
48050 18 48 0.2047
48075 37 71 0.4173
48075 37 62 0.4173
48075 37 74 0.4961
48075 18 52 0.2598
48075 18 56 0.3071
48075 18 48 0.2598
48101 18 52 0.189
48101 18 48 0.189
48101 18 56 0.2283
48113 37 69 0.4016
48113 37 60 0.4016
48113 37 72 0.4724
48126 18 57 0.2205
48126 18 48 0.1811
48126 18 52 0.1811
48151 75 71 0.4567
48151 75 59 0.3858
48151 75 67 0.3858
48151 18 38 0.2835
48177 18 50 0.1654
48177 18 55 0.2047
48202 18 50 0.1732
48202 18 55 0.2047
48227 75 60 0.3622
48227 75 66 0.3622
48227 56 72 0.4331
48227 18 38 0.2677
48253 18 54 0.1654
48253 18 57 0.2047
48253 18 50 0.1654
48278 18 54 0.1654
48278 18 57 0.1969
48278 18 50 0.1654
48284 18 69 0.4252
48303 18 67 0.3071
48303 18 55 0.3071
48303 75 43 0.378
48303 75 50 0.378
48303 44 55 0.378
48329 44 55 0.1732
48329 18 67 0.2126
48354 25 55 0.1732
48354 18 67 0.2126
48379 18 55 0.1969
48379 18 67 0.2362
48405 18 55 0.1969
48405 18 67 0.2362
48430 18 55 0.1969
48430 18 67 0.2362
48455 18 55 0.252
48455 18 67 0.2992
48481 18 55 0.189
48481 18 67 0.2205
48506 18 55 0.1969
48506 18 67 0.2362
48531 18 55 0.2598
48531 18 67 0.3071
48531 56 47 0.2756
48556 18 55 0.1969
48556 18 67 0.2362
48582 18 55 0.1969
48582 18 67 0.2362
48588 18 48 0.2362
48607 18 67 0.3071
48607 18 55 0.3071
48607 53 50 0.315
48632 18 55 0.1732
48632 18 67 0.2126
48658 18 55 0.1732
48658 18 67 0.2126
48683 18 55 0.1969
48683 18 67 0.2362
48683 53 50 0.2598
48708 18 55 0.1969
48708 18 67 0.2362
48734 18 55 0.1969
48734 18 67 0.2362
48759 18 55 0.252
48759 18 67 0.2992
48759 53 50 0.2598
48784 18 55 0.189
48784 18 67 0.2205
48810 18 55 0.1969
48810 18 67 0.2362
48835 18 55 0.2598
48835 18 67 0.3071
48835 56 48 0.2835
48860 18 55 0.1969
48860 18 67 0.2362
48886 18 55 0.1969
48886 18 67 0.2362
48892 18 50 0.2913
48911 18 67 0.3071
48911 18 55 0.3071
48911 113 51 0.3307
48936 18 55 0.1732
48936 18 67 0.2126
48962 18 55 0.1732
48962 18 67 0.2126
48987 18 55 0.1969
48987 18 67 0.2362
49012 18 55 0.1969
49012 18 67 0.2362
49025 37 50 0.2756
49037 18 55 0.1969
49037 18 67 0.2362
49063 18 55 0.252
49063 18 67 0.2992
49063 75 48 0.2441
49088 18 55 0.189
49088 18 67 0.2205
49113 18 55 0.1969
49113 18 67 0.2362
49139 18 55 0.2598
49139 18 67 0.3071
49139 56 46 0.3071
49164 18 55 0.1969
49164 18 67 0.2362
49189 18 53 0.1969
49189 18 65 0.2362
49196 18 44 0.2598
49215 18 63 0.3071
49215 18 60 0.3071
49215 18 67 0.3071
49215 18 55 0.3071
49215 75 43 0.2835
49240 18 63 0.1732
49240 18 60 0.1732
49240 18 55 0.1732
49240 18 67 0.2126
49265 18 63 0.1732
49265 18 60 0.1732
49265 18 55 0.1732
49265 18 67 0.2126
49291 18 63 0.1732
49291 18 60 0.1732
49291 18 55 0.1969
49291 18 67 0.2362
49291 75 43 0.2835
49316 18 63 0.1732
49316 18 60 0.1732
49316 18 55 0.1969
49316 18 67 0.2362
49341 18 63 0.1732
49341 18 60 0.1732
49341 18 55 0.1969
49341 18 67 0.2362
49367 18 62 0.252
49367 18 59 0.252
49367 18 55 0.252
49367 18 67 0.2992
49367 75 43 0.2835
49392 18 62 0.252
49392 18 59 0.252
49392 18 55 0.189
49392 18 67 0.2205
49417 18 62 0.252
49417 18 59 0.252
49417 18 55 0.1969
49417 18 67 0.2362
49443 18 62 0.2598
49443 18 59 0.2598
49443 18 55 0.2598
49443 18 67 0.3071
49443 75 43 0.2835
49468 18 62 0.1969
49468 18 59 0.1969
49468 18 55 0.1969
49468 18 67 0.2362
49493 18 62 0.1969
49493 18 59 0.1969
49493 18 55 0.1969
49493 18 67 0.2362
49519 18 63 0.3071
49519 18 60 0.3071
49519 18 67 0.3071
49519 18 55 0.3071
49519 151 48 0.378
49544 18 55 0.1732
49544 18 67 0.2126
49569 18 55 0.1732
49569 18 67 0.2126
49594 18 55 0.2205
49594 18 67 0.2677
49620 18 55 0.2283
49620 18 67 0.2756
49645 18 55 0.2362
49645 18 67 0.2835
49670 18 55 0.315
49670 18 67 0.378
49696 18 55 0.252
49696 18 67 0.2835
49721 18 55 0.2677
49721 18 67 0.3228
49746 18 55 0.3701
49746 18 67 0.4409
49746 56 35 0.3307
49746 56 47 0.3937
49772 18 55 0.2835
49772 18 67 0.3386
49797 18 55 0.2913
49797 18 67 0.3465
49803 18 36 0.2913
49803 18 48 0.3465
49822 18 67 0.4646
49822 18 55 0.4646
49822 53 50 0.4882
49822 56 38 0.4016
49848 18 55 0.2598
49848 18 67 0.3228
49873 18 55 0.2598
49873 18 67 0.3228
49898 18 55 0.2913
49898 18 67 0.3622
49898 56 38 0.3307
49898 53 50 0.3937
49924 18 55 0.2913
49924 18 67 0.3622
49949 18 55 0.2913
49949 18 67 0.3622
49974 18 55 0.3858
49974 18 67 0.4567
49974 56 38 0.3307
49974 53 50 0.3937
50000 18 55 0.2835
50000 18 67 0.3307
50025 18 55 0.2913
50025 18 67 0.3622
50050 18 56 0.4331
50050 18 68 0.5118
50050 56 36 0.3937
50050 56 48 0.4646
50075 18 56 0.3307
50075 18 68 0.4094
50101 18 56 0.3465
50101 18 68 0.4331
50107 18 38 0.4488
50107 18 50 0.5276
50126 18 67 0.5512
50126 18 55 0.5512
50126 113 39 0.4961
50126 113 51 0.5984
50151 18 55 0.315
50151 18 67 0.3937
50177 18 55 0.315
50177 18 67 0.3937
50202 18 55 0.3622
50202 18 67 0.4331
50227 18 55 0.3465
50227 18 67 0.4331
50240 37 38 0.4252
50240 37 50 0.5039
50253 18 55 0.3465
50253 18 67 0.4252
50278 18 55 0.4488
50278 18 67 0.5433
50278 75 36 0.3622
50278 75 48 0.4331
50303 18 55 0.3307
50303 18 67 0.3858
50329 18 55 0.3307
50329 18 67 0.4094
50354 18 55 0.4488
50354 18 67 0.5276
50354 56 34 0.4488
50354 56 46 0.5276
50379 18 55 0.3307
50379 18 67 0.4016
50405 18 53 0.3228
50405 18 65 0.3937
50411 18 44 0.4331
50411 18 32 0.3622
50430 18 64 0.4646
50430 18 60 0.4646
50430 18 67 0.4646
50430 18 55 0.4646
50430 75 31 0.3622
50430 75 43 0.4331
50455 18 64 0.2598
50455 18 60 0.2598
50455 18 55 0.2598
50455 18 67 0.3228
50481 18 64 0.2598
50481 18 60 0.2598
50481 18 55 0.2598
50481 18 67 0.3228
50506 18 64 0.2598
50506 18 60 0.2598
50506 18 55 0.2913
50506 18 67 0.3622
50506 75 31 0.3622
50506 75 43 0.4331
50531 18 64 0.2598
50531 18 60 0.2598
50531 18 55 0.2913
50531 18 67 0.3622
50556 18 64 0.2598
50556 18 60 0.2598
50556 18 55 0.2913
50556 18 67 0.3622
50582 18 62 0.3858
50582 18 59 0.3858
50582 18 55 0.3858
50582 18 67 0.4567
50582 75 43 0.4331
50582 75 31 0.3622
50607 18 62 0.3858
50607 18 59 0.3858
50607 18 55 0.2835
50607 18 67 0.3307
50632 18 62 0.3858
50632 18 59 0.3858
50632 18 55 0.2913
50632 18 67 0.3622
50658 18 62 0.3937
50658 18 59 0.3937
50658 18 55 0.3937
50658 18 67 0.4646
50658 75 43 0.4331
50658 75 31 0.3622
50683 18 62 0.2913
50683 18 59 0.2913
50683 18 55 0.2913
50683 18 67 0.3622
50708 18 62 0.2913
50708 18 59 0.2913
50708 18 55 0.2913
50708 18 67 0.3622
50734 44 55 0.315
50734 151 60 0.315
50734 151 64 0.315
50734 151 67 0.378
50734 25 36 0.315
50734 25 48 0.315
50759 44 55 0.2441
50784 44 55 0.2441
50810 44 55 0.2441
50835 44 55 0.2283
50860 25 55 0.2283
50886 18 55 0.2283
50911 18 55 0.2205
50936 18 55 0.2205
50962 56 62 0.2913
50962 56 67 0.2913
50962 56 71 0.3465
50962 18 55 0.2441
50987 18 55 0.2362
51012 18 55 0.2362
51019 18 64 0.252
51019 18 67 0.252
51019 18 72 0.2992
51037 56 65 0.2756
51037 56 67 0.2756
51037 53 74 0.4016
51037 18 55 0.2441
51063 18 55 0.2126
51088 18 55 0.2126
51113 56 67 0.2756
51113 56 65 0.2756
51113 53 74 0.3307
51113 18 55 0.2441
51139 18 55 0.2205
51164 18 55 0.2205
51189 56 65 0.2756
51189 56 67 0.2756
51189 53 74 0.3307
51189 18 55 0.2441
51215 18 55 0.2441
51240 18 55 0.2441
51265 56 64 0.3071
51265 56 67 0.3071
51265 56 72 0.3622
51265 18 55 0.2441
51291 18 55 0.2441
51316 18 55 0.252
51322 18 65 0.3071
51322 18 67 0.3071
51322 18 74 0.3701
51341 113 67 0.3543
51341 113 76 0.4173
51341 18 55 0.315
51367 18 55 0.2441
51392 18 55 0.2047
51417 18 55 0.2598
51443 18 55 0.2283
51455 37 65 0.2913
51455 37 67 0.2913
51455 37 74 0.3465
51468 18 55 0.2047
51493 75 64 0.2598
51493 75 67 0.2598
51493 75 72 0.3071
51493 18 55 0.2598
51519 18 55 0.2362
51544 18 55 0.2283
51569 56 65 0.3228
51569 56 67 0.3228
51569 56 74 0.3858
51569 18 55 0.2598
51594 18 55 0.2362
51620 18 55 0.2362
51626 18 64 0.2756
51626 18 67 0.2756
51626 18 72 0.3307
51645 75 62 0.3071
51645 75 67 0.3071
51645 75 71 0.3622
51645 18 55 0.2441
51670 18 55 0.2205
51696 18 55 0.2205
51721 56 60 0.2913
51721 56 67 0.2913
51721 56 69 0.3465
51721 18 55 0.2441
51746 18 55 0.2205
51772 18 53 0.2047
51772 18 55 0.2441
51778 18 62 0.2362
51778 18 67 0.2362
51778 18 71 0.2835
51797 75 64 0.315
51797 75 67 0.315
51797 75 72 0.378
51797 18 52 0.2362
51797 18 55 0.2835
51822 18 55 0.2283
51848 18 55 0.2283
51873 56 67 0.2835
51873 56 71 0.2835
51873 56 74 0.3386
51873 18 48 0.2362
51873 18 55 0.2835
51898 18 55 0.2441
51924 18 55 0.2441
51930 18 67 0.2913
51930 18 72 0.2913
51930 18 76 0.3465
51949 227 71 0.3386
51949 227 67 0.3386
51949 227 74 0.4016
51949 18 43 0.2756
51949 18 55 0.2913
51974 18 55 0.2283
52000 18 55 0.2283
52025 18 55 0.3465
52050 18 55 0.2913
52075 18 55 0.3071
52101 18 55 0.4173
52126 18 55 0.3071
52151 18 55 0.315
52177 56 59 0.4094
52177 56 67 0.4094
52177 56 71 0.4882
52177 18 55 0.4094
52202 18 55 0.3543
52227 18 55 0.4094
52234 18 60 0.3937
52234 18 69 0.3937
52234 18 72 0.4724
52253 75 62 0.4803
52253 75 71 0.4803
52253 75 74 0.5748
52253 18 55 0.4646
52278 18 55 0.3701
52303 18 55 0.3701
52329 75 62 0.3937
52329 75 71 0.3937
52329 75 74 0.4724
52329 18 55 0.4094
52329 18 54 0.4094
52354 18 55 0.3386
52354 18 54 0.3386
52379 18 55 0.3386
52379 18 54 0.3386
52405 75 62 0.3937
52405 75 71 0.3937
52405 75 74 0.4724
52405 18 53 0.4252
52405 18 55 0.4252
52430 18 55 0.3543
52430 18 53 0.3543
52455 18 55 0.3543
52455 18 53 0.3543
52481 56 64 0.3858
52481 56 72 0.4016
52481 56 76 0.4803
52481 18 55 0.4173
52481 18 52 0.4173
52506 18 52 0.3386
52506 18 55 0.3386
52531 18 53 0.3465
52531 18 50 0.3465
52531 18 55 0.3465
52537 18 65 0.3622
52537 18 74 0.3622
52537 18 77 0.5276
52556 75 76 0.4252
52556 75 67 0.4252
52556 75 79 0.5906
52556 18 52 0.4488
52556 18 48 0.4488
52556 18 55 0.4488
52582 18 52 0.3543
52582 18 48 0.3543
52582 18 55 0.3543
52607 18 52 0.3543
52607 18 55 0.3543
52607 18 48 0.3543
52632 75 74 0.4567
52632 75 71 0.4567
52632 75 77 0.5433
52632 18 44 0.4252
52632 18 53 0.4252
52632 18 50 0.4252
52658 18 44 0.3543
52658 18 53 0.3543
52658 18 50 0.3543
52683 18 44 0.3543
52683 18 50 0.3543
52683 18 53 0.3543
52708 75 72 0.4252
52708 75 76 0.5984
52708 18 48 0.4331
52708 18 45 0.4331
52708 18 52 0.4331
52734 18 48 0.3386
52734 18 45 0.3386
52734 18 52 0.3386
52759 18 48 0.3386
52759 18 45 0.3386
52759 18 52 0.3386
52784 56 69 0.4567
52784 56 77 0.5433
52784 25 41 0.4094
52810 18 53 0.3386
52810 18 57 0.3386
52835 18 57 0.3307
52835 18 53 0.3307
52841 18 65 0.4016
52841 18 69 0.4016
52841 18 74 0.4724
52860 75 62 0.4331
52860 75 65 0.4331
52860 75 71 0.5197
52860 25 43 0.4252
52886 18 55 0.3543
52911 18 55 0.3543
52936 75 65 0.4331
52936 75 71 0.5197
52936 75 62 0.4331
52936 25 43 0.4252
52962 18 55 0.3543
52987 18 55 0.3543
53012 75 71 0.5197
53012 75 65 0.4331
53012 75 62 0.4331
53012 25 43 0.4252
53037 18 55 0.3543
53063 18 55 0.3543
53088 56 76 0.5906
53088 56 67 0.5039
53088 18 55 0.4488
53113 18 57 0.3386
53113 18 55 0.3386
53139 18 59 0.3386
53139 18 55 0.3386
53145 18 65 0.4094
53145 18 67 0.4094
53145 18 74 0.4882
53164 151 67 0.4803
53164 151 64 0.4803
53164 151 72 0.5748
53164 28 55 0.315
53164 25 48 0.315
53164 25 60 0.315
53189 18 55 0.2441
53215 18 55 0.2441
53240 18 55 0.2441
53265 18 55 0.2283
53291 18 55 0.2283
53316 18 55 0.2283
53341 18 55 0.2205
53367 18 55 0.2205
53392 56 83 0.4094
53392 18 55 0.2441
53417 18 55 0.2362
53443 18 55 0.2362
53449 18 84 0.3543
53468 75 86 0.4803
53468 18 55 0.2441
53493 18 55 0.2126
53519 18 55 0.2126
53544 75 77 0.2756
53544 75 80 0.2756
53544 75 83 0.2756
53544 75 86 0.3937
53544 18 55 0.2441
53569 18 55 0.2205
53594 18 55 0.2205
53620 75 78 0.2756
53620 75 81 0.2756
53620 75 84 0.2756
53620 75 86 0.3937
53620 18 55 0.2441
53645 18 55 0.2441
53670 18 55 0.2441
53696 75 78 0.2756
53696 75 81 0.2756
53696 56 84 0.4331
53696 18 55 0.2441
53721 18 55 0.2441
53746 18 55 0.252
53753 18 86 0.4409
53772 227 78 0.2756
53772 227 81 0.2756
53772 113 87 0.4961
53772 113 60 0.4173
53772 18 55 0.315
53797 18 55 0.2441
53822 18 55 0.2047
53848 18 55 0.2598
53873 18 55 0.2283
53886 37 86 0.4094
53886 37 62 0.3465
53898 18 55 0.2047
53924 75 84 0.3622
53924 75 63 0.3071
53924 18 55 0.2598
53949 18 55 0.2362
53974 18 55 0.2283
54000 75 74 0.2756
54000 75 81 0.2756
54000 56 86 0.4567
54000 75 66 0.3071
54000 18 55 0.2598
54025 18 55 0.2362
54050 18 55 0.2362
54056 18 84 0.3937
54075 75 74 0.2756
54075 75 79 0.2756
54075 75 83 0.4331
54075 75 67 0.3071
54075 18 55 0.2441
54101 18 55 0.2205
54126 18 55 0.2205
54151 75 74 0.2756
54151 75 79 0.2756
54151 56 81 0.4094
54151 75 65 0.3071
54151 18 55 0.2441
54177 18 55 0.2205
54202 18 55 0.2441
54208 18 83 0.4094
54227 75 72 0.2756
54227 75 79 0.2756
54227 75 84 0.4488
54227 75 63 0.2913
54227 18 55 0.2835
54253 18 55 0.2283
54278 18 55 0.2283
54303 75 79 0.2756
54303 56 83 0.3071
54303 56 86 0.4016
54303 75 60 0.2756
54303 18 55 0.2835
54329 18 55 0.2441
54354 18 55 0.2441
54360 18 84 0.315
54360 18 87 0.4094
54379 227 79 0.3071
54379 227 83 0.3071
54379 227 86 0.4016
54379 151 67 0.2756
54379 18 55 0.2913
54405 18 55 0.2283
54430 18 55 0.2283
54455 18 55 0.3307
54481 18 55 0.2756
54506 18 55 0.2913
54531 25 55 0.3858
54556 25 56 0.2835
54582 25 57 0.2835
54607 56 74 0.4331
54607 18 58 0.4094
54632 18 58 0.3543
54658 18 58 0.4094
54664 18 75 0.3701
54683 53 77 0.5039
54683 18 58 0.4094
54708 18 58 0.3622
54734 18 58 0.3622
54759 56 71 0.3465
54759 56 68 0.3465
54759 56 74 0.3465
54759 53 77 0.4094
54759 18 58 0.3465
54759 18 65 0.4094
54784 18 58 0.3071
54784 18 65 0.3622
54810 18 58 0.3071
54810 18 65 0.3622
54835 56 68 0.3465
54835 56 70 0.3465
54835 53 77 0.4094
54835 18 58 0.3465
54835 18 62 0.4094
54860 18 58 0.2992
54860 18 62 0.3543
54886 18 58 0.3543
54886 18 62 0.3543
54911 75 70 0.3071
54911 75 68 0.3071
54911 9 75 0.3701
54911 18 58 0.4094
54920 9 77 0.3701
54930 37 75 0.5512
54936 18 58 0.3701
54962 18 58 0.3701
54968 18 74 0.4567
54987 75 70 0.4409
54987 75 67 0.4409
54987 132 79 0.5197
54987 18 63 0.4409
55012 18 63 0.3071
55037 18 63 0.3071
55063 75 74 0.3465
55063 75 68 0.2835
55063 18 59 0.2992
55063 18 62 0.2992
55063 18 65 0.3543
55088 18 59 0.252
55088 18 62 0.252
55088 18 65 0.2992
55113 18 59 0.252
55113 18 62 0.252
55113 18 65 0.2992
55120 18 77 0.4331
55139 75 67 0.4409
55139 75 75 0.378
55139 18 63 0.3701
55139 18 60 0.3071
55164 18 63 0.3307
55164 18 60 0.2756
55189 18 63 0.3307
55189 18 60 0.2756
55215 56 65 0.4173
55215 75 68 0.3622
55215 56 74 0.4961
55215 18 53 0.3465
55215 18 56 0.4094
55240 18 53 0.2992
55240 18 56 0.3543
55265 18 53 0.2992
55265 18 56 0.3543
55272 18 63 0.3622
55272 18 72 0.4252
55291 75 62 0.3937
55291 75 67 0.3937
55291 75 71 0.4646
55291 18 55 0.3937
55316 18 55 0.315
55341 18 55 0.315
55367 75 62 0.3858
55367 75 67 0.3701
55367 56 69 0.4803
55367 18 53 0.3307
55367 18 55 0.3937
55392 18 55 0.3071
55417 18 55 0.3071
55424 18 71 0.3937
55443 75 60 0.4961
55443 75 67 0.4961
55443 75 72 0.4961
55443 18 51 0.3071
55443 18 55 0.3701
55468 18 55 0.2992
55493 18 55 0.2992
55519 75 67 0.4173
55519 56 77 0.4961
55519 18 48 0.315
55519 18 55 0.378
55544 18 55 0.2992
55569 18 55 0.2992
55575 18 72 0.3622
55575 18 75 0.4331
55594 227 71 0.3386
55594 227 67 0.3386
55594 227 74 0.4016
55594 18 43 0.3543
55594 18 55 0.3543
55620 18 55 0.2835
55645 18 55 0.2835
55670 18 55 0.3307
55696 18 55 0.2756
55721 18 55 0.2913
55746 18 55 0.3858
55772 18 55 0.2835
55797 18 55 0.2835
55822 56 59 0.4488
55822 56 67 0.4488
55822 56 71 0.5354
55822 18 55 0.4488
55848 18 55 0.3858
55873 18 55 0.4488
55879 18 60 0.4331
55879 18 69 0.4331
55879 18 72 0.5197
55898 75 62 0.5276
55898 75 71 0.5276
55898 75 74 0.6299
55898 18 55 0.5039
55924 18 55 0.4016
55949 18 55 0.4016
55974 75 62 0.4331
55974 75 71 0.4331
55974 75 74 0.5197
55974 18 55 0.4488
55974 18 54 0.4488
56000 18 55 0.3701
56000 18 54 0.3701
56025 18 55 0.3701
56025 18 54 0.3701
56050 75 62 0.4409
56050 75 71 0.4409
56050 75 74 0.5276
56050 18 53 0.4724
56050 18 55 0.4724
56075 18 55 0.3937
56075 18 52 0.3937
56101 18 55 0.4016
56101 18 50 0.4016
56126 56 64 0.4173
56126 56 72 0.4173
56126 56 76 0.4961
56126 18 55 0.4803
56126 18 48 0.4803
56151 18 47 0.3937
56151 18 55 0.3937
56177 18 55 0.4016
56177 18 46 0.4094
56183 18 65 0.4252
56183 18 74 0.4252
56183 18 77 0.622
56202 113 76 0.5276
56202 113 67 0.5276
56202 113 79 0.7323
56202 18 45 0.5591
56202 18 55 0.5591
56227 18 45 0.4252
56227 18 55 0.4252
56253 18 55 0.4173
56253 18 45 0.4173
56278 18 45 0.4803
56278 18 55 0.4803
56303 18 45 0.3858
56303 18 55 0.3858
56316 37 74 0.4882
56316 37 65 0.4882
56316 37 77 0.5827
56329 18 45 0.3701
56329 18 55 0.3701
56354 75 64 0.4331
56354 75 73 0.4331
56354 75 76 0.6063
56354 18 45 0.4409
56354 18 55 0.4409
56379 18 45 0.3386
56405 18 45 0.3386
56430 18 45 0.4252
56455 18 45 0.3622
56481 18 45 0.3622
56506 227 55 0.4016
56506 227 61 0.4016
56506 113 64 0.4724
56506 18 46 0.3937
56531 18 45 0.3228
56556 18 45 0.3228
56582 18 45 0.378
56607 18 45 0.3228
56620 37 65 0.4252
56632 18 45 0.3228
56658 75 64 0.3937
56658 18 45 0.3858
56683 18 45 0.3228
56708 18 45 0.3228
56734 18 45 0.3228
56759 18 45 0.3228
56784 18 45 0.3228
56810 113 74 0.5276
56810 113 65 0.5276
56810 113 77 0.7323
56810 18 44 0.5591
56835 18 44 0.4252
56860 18 44 0.4173
56886 18 44 0.4803
56911 18 44 0.3858
56924 37 72 0.4882
56924 37 63 0.4882
56924 37 75 0.5827
56936 18 44 0.3701
56962 75 62 0.4331
56962 75 71 0.4331
56962 75 74 0.6063
56962 18 44 0.4409
56987 18 44 0.3386
57012 18 44 0.3386
57037 18 44 0.4252
57063 18 44 0.3622
57088 18 44 0.3622
57113 227 53 0.4016
57113 227 59 0.4016
57113 113 62 0.4724
57113 18 43 0.3937
57139 18 44 0.3228
57164 18 44 0.3228
57189 18 44 0.378
57215 18 44 0.3228
57227 37 63 0.4252
57240 18 44 0.3228
57265 75 62 0.3937
57265 18 44 0.3858
57291 18 44 0.3228
57316 18 44 0.3228
57341 18 43 0.3228
57367 18 43 0.3228
57392 18 43 0.3228
57417 303 69 0.3386
57417 151 75 0.4724
57417 18 42 0.2677
57417 151 48 0.4173
57443 18 42 0.2677
57468 18 42 0.2677
57493 18 42 0.3228
57519 18 42 0.2598
57544 18 42 0.2598
57569 75 74 0.4173
57569 18 42 0.2677
57569 75 50 0.3386
57594 18 42 0.252
57620 18 42 0.252
57645 75 72 0.3937
57645 18 42 0.2677
57645 75 51 0.3465
57670 18 42 0.2598
57696 18 42 0.2598
57721 151 67 0.4016
57721 18 43 0.2677
57721 151 52 0.3622
57746 18 43 0.2677
57772 18 43 0.2677
57797 18 43 0.2677
57822 18 43 0.2677
57848 18 43 0.2677
57873 37 72 0.4016
57873 151 65 0.2835
57873 18 43 0.2677
57873 151 50 0.3543
57898 18 43 0.2677
57911 37 71 0.3622
57924 18 43 0.2756
57949 37 69 0.3858
57949 18 43 0.2756
57974 18 43 0.2362
57987 37 71 0.3228
58000 18 43 0.2362
58025 455 64 0.2677
58025 531 72 0.378
58025 18 36 0.252
58025 455 48 0.2992
58050 18 36 0.2992
58075 18 36 0.2913
58101 18 36 0.2913
58126 18 36 0.2835
58151 18 36 0.2756
58177 18 36 0.2756
58202 18 36 0.2677
58227 18 36 0.2677
58253 18 36 0.2598
58278 18 36 0.2598
58303 18 36 0.252
58329 18 36 0.2441
58354 18 36 0.2441
58379 18 36 0.2362
58405 18 36 0.2362
58430 18 36 0.2283
58455 18 36 0.2205
58481 75 36 0.2677
58556 56 71 0.2913
58613 18 72 0.252
58632 53 74 0.3386
58708 53 74 0.2756
58708 151 67 0.2283
58708 151 55 0.189
58784 53 74 0.2756
58860 37 72 0.3071
58898 37 71 0.3071
58936 113 75 0.3543
59012 151 55 0.189
59012 151 67 0.2283
59050 37 74 0.2913
59088 37 72 0.2598
59126 37 67 0.2598
59164 37 72 0.2756
59164 37 60 0.2283
59202 37 74 0.315
59202 37 62 0.2756
59240 75 75 0.3543
59240 75 63 0.315
59316 37 74 0.3543
59316 37 62 0.2598
59354 37 72 0.3307
59354 37 60 0.2362
59392 56 67 0.3622
59392 56 64 0.2598
59392 56 55 0.2205
59468 56 71 0.2992
59468 56 65 0.252
59468 56 62 0.2362
59468 56 55 0.1969
59544 227 64 0.2835
59544 227 72 0.3386
59544 227 48 0.189
59544 227 55 0.2126
59544 227 60 0.2598
59772 56 59 0.2598
59829 18 60 0.2205
59848 53 62 0.2992
59924 151 67 0.2283
59924 151 79 0.2913
59924 53 62 0.2441
60000 53 62 0.2441
60075 56 60 0.2756
60132 18 62 0.2756
60151 113 63 0.315
60227 151 67 0.2283
60227 151 79 0.2835
60265 37 62 0.2598
60303 37 60 0.2283
60341 37 55 0.2283
60379 37 75 0.2756
60379 37 60 0.2283
60417 37 77 0.315
60417 37 62 0.2756
60455 37 79 0.3543
60455 75 63 0.315
60493 37 75 0.315
60531 37 71 0.3543
60531 37 62 0.2598
60569 37 72 0.3307
60569 37 60 0.2362
60607 56 67 0.3622
60607 56 64 0.2598
60607 56 55 0.2205
60683 56 71 0.2992
60683 56 65 0.252
60683 56 62 0.2362
60683 56 55 0.1969
60759 151 64 0.2835
60759 151 72 0.3386
60759 151 48 0.1969
60759 151 55 0.1969
60759 151 60 0.2362
60911 56 67 0.3622
60911 56 64 0.2598
60911 56 55 0.2205
60987 56 71 0.2992
60987 56 65 0.252
60987 56 62 0.2362
60987 56 55 0.1969
61063 151 64 0.2835
61063 151 72 0.3386
61063 151 48 0.1969
61063 151 55 0.1969
61063 151 60 0.2362
61215 75 55 0.378
61215 75 52 0.2677
61215 75 43 0.2283
61291 75 59 0.3228
61291 75 53 0.2677
61291 75 50 0.252
61291 75 43 0.2126
61367 151 52 0.315
61367 151 60 0.378
61367 151 36 0.2283
61367 151 43 0.2283
61367 151 48 0.2835
61519 151 55 0.2992
61519 151 52 0.2992
61519 151 60 0.3622
61519 151 36 0.2205
61519 151 43 0.2205
61519 151 48 0.2677
61670 303 55 0.2992
61670 303 52 0.2992
61670 303 60 0.3622
61670 303 36 0.2205
61670 303 43 0.2205
61670 303 48 0.2677
