39 9 71 0.5197
49 9 69 0.5039
59 9 68 0.5039
69 9 69 0.5039
79 9 72 0.5591
119 9 74 0.5197
129 9 72 0.4961
139 9 71 0.4961
149 9 72 0.4961
158 9 76 0.5669
198 9 77 0.5197
208 9 76 0.4961
218 9 75 0.4961
228 9 76 0.4961
238 9 83 0.5512
248 9 81 0.5039
258 9 80 0.5039
268 9 81 0.5039
278 9 83 0.5433
288 9 81 0.5039
298 9 80 0.5039
307 9 81 0.5039
317 39 84 0.5669
357 9 81 0.5354
377 9 84 0.5118
392 2 79 0.4961
394 2 81 0.4961
397 9 83 0.6299
417 9 78 0.4252
417 9 81 0.5039
437 9 76 0.4567
437 9 79 0.5433
456 9 78 0.4252
456 9 81 0.5039
471 2 79 0.5118
474 2 81 0.5118
476 9 83 0.6457
496 9 78 0.4409
496 9 81 0.5197
516 9 76 0.4567
516 9 79 0.5433
536 9 78 0.4331
536 9 81 0.5118
551 2 79 0.5039
553 4 81 0.5039
556 9 83 0.622
576 9 78 0.4488
576 9 81 0.5354
596 9 76 0.4567
596 9 79 0.5433
615 9 75 0.4409
615 9 78 0.5197
635 37 76 0.5433
675 9 71 0.5197
685 9 69 0.5039
695 9 68 0.5039
705 9 69 0.5039
715 9 72 0.5591
754 9 74 0.5197
764 9 72 0.4961
774 9 71 0.4961
784 9 72 0.4961
794 9 76 0.5669
834 9 77 0.5197
844 9 76 0.4961
854 9 75 0.4961
864 9 76 0.4961
874 9 83 0.5512
884 9 81 0.5039
894 9 80 0.5039
903 9 81 0.5039
913 9 83 0.5433
923 9 81 0.5039
933 9 80 0.5039
943 9 81 0.5039
953 39 84 0.5669
993 9 81 0.5354
1013 9 84 0.5118
1028 2 79 0.4961
1030 2 81 0.4961
1033 9 83 0.6299
1052 9 78 0.4252
1052 9 81 0.5039
1072 9 76 0.4567
1072 9 79 0.5433
1092 9 78 0.4252
1092 9 81 0.5039
1107 2 79 0.5118
1110 2 81 0.5118
1112 9 83 0.6457
1132 9 78 0.4409
1132 9 81 0.5197
1152 9 76 0.4567
1152 9 79 0.5433
1172 9 78 0.4331
1172 9 81 0.5118
1187 2 79 0.5039
1189 4 81 0.5039
1192 9 83 0.622
1211 9 78 0.4488
1211 9 81 0.5354
1231 9 76 0.4567
1231 9 79 0.5433
1251 9 75 0.4409
1251 9 78 0.5197
1271 37 76 0.5433
1311 9 72 0.4409
1311 9 76 0.4409
1331 9 74 0.4409
1331 9 77 0.4409
1350 9 76 0.5197
1350 9 79 0.5197
1370 9 76 0.4488
1370 9 79 0.4488
1390 9 81 0.5039
1400 9 79 0.4488
1410 9 77 0.4488
1420 9 76 0.4488
1430 39 74 0.5118
1430 19 71 0.5118
1450 19 67 0.4646
1470 9 72 0.4409
1470 9 76 0.4409
1490 9 74 0.4409
1490 9 77 0.4409
1509 9 76 0.5197
1509 9 79 0.5197
1529 9 76 0.4488
1529 9 79 0.4488
1549 9 81 0.5039
1559 9 79 0.4488
1569 9 77 0.4488
1579 9 76 0.4488
1589 39 74 0.5118
1589 39 71 0.5118
1629 9 69 0.4409
1629 9 72 0.4409
1649 9 71 0.4409
1649 9 74 0.4409
1668 9 72 0.5197
1668 9 76 0.5197
1688 9 72 0.4488
1688 9 76 0.4488
1708 9 77 0.5039
1718 9 76 0.4488
1728 9 74 0.4488
1738 9 72 0.4488
1748 39 71 0.5118
1748 19 68 0.5118
1768 19 64 0.4646
1788 9 69 0.4409
1788 9 72 0.4409
1807 9 71 0.4409
1807 9 74 0.4409
1827 9 72 0.5197
1827 9 76 0.5197
1847 9 72 0.4488
1847 9 76 0.4488
1867 9 77 0.5039
1877 9 76 0.4488
1887 9 74 0.4488
1897 9 72 0.4488
1907 39 71 0.5118
1907 39 68 0.5118
1947 9 71 0.4409
1956 9 69 0.4409
1966 9 68 0.4409
1976 9 69 0.4409
1986 9 72 0.4646
2026 9 74 0.4882
2036 9 72 0.4488
2046 9 71 0.4488
2056 9 72 0.4488
2066 9 76 0.5197
2105 9 77 0.4961
2115 9 76 0.4567
2125 9 75 0.4567
2135 9 76 0.4567
2145 9 83 0.5512
2155 9 81 0.4961
2165 9 80 0.4961
2175 9 81 0.4961
2185 9 83 0.5591
2195 9 81 0.5039
2205 9 80 0.5039
2215 9 81 0.5039
2225 39 84 0.5984
2264 9 81 0.4882
2284 9 83 0.4882
2304 9 84 0.5512
2324 9 83 0.4882
2344 9 81 0.4882
2364 9 80 0.4882
2384 9 81 0.5591
2403 9 76 0.5039
2424 9 77 0.5039
2443 9 74 0.5039
2463 39 72 0.5827
2503 4 71 0.5039
2508 4 72 0.4488
2513 4 71 0.4488
2518 4 72 0.4488
2523 0 71 0.4488
2526 3 72 0.4488
2529 3 71 0.4488
2533 4 69 0.5039
2538 4 71 0.4488
2543 37 69 0.5118
2582 9 72 0.4409
2582 9 76 0.4409
2602 9 74 0.4409
2602 9 77 0.4409
2622 9 76 0.5197
2622 9 79 0.5197
2642 9 76 0.4488
2642 9 79 0.4488
2662 9 81 0.5039
2672 9 79 0.4488
2682 9 77 0.4488
2692 9 76 0.4488
2701 39 74 0.5118
2701 19 71 0.5118
2721 19 67 0.4646
2741 9 72 0.4409
2741 9 76 0.4409
2761 9 74 0.4409
2761 9 77 0.4409
2781 9 76 0.5197
2781 9 79 0.5197
2801 9 76 0.4488
2801 9 79 0.4488
2821 9 81 0.5039
2831 9 79 0.4488
2841 9 77 0.4488
2850 9 76 0.4488
2860 39 74 0.5118
2860 39 71 0.5118
2900 9 69 0.4409
2900 9 72 0.4409
2920 9 71 0.4409
2920 9 74 0.4409
2940 9 72 0.5197
2940 9 76 0.5197
2960 9 72 0.4488
2960 9 76 0.4488
2980 9 77 0.5039
2990 9 76 0.4488
3000 9 74 0.4488
3009 9 72 0.4488
3019 39 71 0.5118
3019 19 68 0.5118
3039 19 64 0.4646
3059 9 69 0.4409
3059 9 72 0.4409
3079 9 71 0.4409
3079 9 74 0.4409
3099 9 72 0.5197
3099 9 76 0.5197
3119 9 72 0.4488
3119 9 76 0.4488
3139 9 77 0.5039
3149 9 76 0.4488
3158 9 74 0.4488
3168 9 72 0.4488
3178 39 71 0.5118
3178 39 68 0.5118
3218 9 71 0.4409
3228 9 69 0.4409
3238 9 68 0.4409
3248 9 69 0.4409
3258 9 72 0.4646
3298 9 74 0.4882
3307 9 72 0.4488
3317 9 71 0.4488
3327 9 72 0.4488
3337 9 76 0.5197
3377 9 77 0.4961
3387 9 76 0.4567
3397 9 75 0.4567
3407 9 76 0.4567
3417 9 83 0.5512
3427 9 81 0.4961
3437 9 80 0.4961
3447 9 81 0.4961
3456 9 83 0.5591
3466 9 81 0.5039
3476 9 80 0.5039
3486 9 81 0.5039
3496 39 84 0.5984
3536 9 81 0.4882
3556 9 83 0.4882
3576 9 84 0.5512
3596 9 83 0.4882
3615 9 81 0.4882
3635 9 80 0.4882
3655 9 81 0.5591
3675 9 76 0.5039
3695 9 77 0.5039
3715 9 74 0.5039
3735 39 72 0.5827
3774 4 71 0.5039
3779 4 72 0.4488
3784 4 71 0.4488
3789 4 72 0.4488
3794 0 71 0.4488
3798 3 72 0.4488
3801 3 71 0.4488
3804 4 69 0.5039
3809 4 71 0.4488
3814 37 69 0.5118
3854 9 69 0.5748
3854 9 81 0.6614
3874 9 71 0.5748
3874 9 83 0.6614
3894 39 73 0.6142
3894 39 85 0.7087
3933 9 69 0.5748
3933 9 81 0.6614
3953 9 71 0.5748
3953 9 83 0.6614
3973 9 73 0.622
3973 9 85 0.7165
3993 9 71 0.5669
3993 9 83 0.6457
4013 9 69 0.6063
4013 9 81 0.7008
4033 9 68 0.5748
4033 9 80 0.6614
4052 9 66 0.6299
4052 9 78 0.7244
4072 9 68 0.5433
4072 9 80 0.6142
4092 9 69 0.5906
4092 9 81 0.6772
4112 9 71 0.5512
4112 9 83 0.6299
4132 19 68 0.6142
4132 19 80 0.7087
4152 9 64 0.5748
4152 9 76 0.6614
4172 9 69 0.5748
4172 9 81 0.6614
4192 9 71 0.5748
4192 9 83 0.6614
4211 39 73 0.6142
4211 39 85 0.7087
4251 9 69 0.5748
4251 9 81 0.6614
4271 9 71 0.5748
4271 9 83 0.6614
4291 9 73 0.622
4291 9 85 0.7165
4311 9 71 0.5669
4311 9 83 0.6457
4331 9 69 0.6063
4331 9 81 0.7008
4350 9 68 0.5748
4350 9 80 0.6614
4370 9 66 0.6299
4370 9 78 0.7244
4390 9 71 0.5433
4390 9 83 0.6142
4410 9 68 0.5906
4410 9 80 0.6772
4430 9 64 0.5512
4430 9 76 0.6299
4450 37 69 0.6142
4450 37 81 0.7087
4490 9 69 0.5748
4490 9 81 0.6614
4509 9 71 0.5748
4509 9 83 0.6614
4529 39 73 0.6142
4529 39 85 0.7087
4569 9 69 0.5748
4569 9 81 0.6614
4589 9 71 0.5748
4589 9 83 0.6614
4609 9 73 0.622
4609 9 85 0.7165
4629 9 71 0.5669
4629 9 83 0.6457
4649 9 69 0.6063
4649 9 81 0.7008
4668 9 68 0.5748
4668 9 80 0.6614
4688 9 66 0.6299
4688 9 78 0.7244
4708 9 68 0.5433
4708 9 80 0.6142
4728 9 69 0.5906
4728 9 81 0.6772
4748 9 71 0.5512
4748 9 83 0.6299
4768 19 68 0.6142
4768 19 80 0.7087
4788 9 64 0.5748
4788 9 76 0.6614
4807 9 69 0.5748
4807 9 81 0.6614
4827 9 71 0.5748
4827 9 83 0.6614
4847 39 73 0.6142
4847 39 85 0.7087
4887 9 69 0.5748
4887 9 81 0.6614
4907 9 71 0.5748
4907 9 83 0.6614
4927 9 73 0.622
4927 9 85 0.7165
4947 9 71 0.5669
4947 9 83 0.6457
4966 9 69 0.6063
4966 9 81 0.7008
4986 9 68 0.5748
4986 9 80 0.6614
5006 9 66 0.6299
5006 9 78 0.7244
5026 9 71 0.5433
5026 9 83 0.6142
5046 9 68 0.5906
5046 9 80 0.6772
5066 9 64 0.5512
5066 9 76 0.6299
5086 37 69 0.6142
5086 37 81 0.7087
5125 10 85 0.4724
5135 10 86 0.4094
5145 10 85 0.4094
5155 10 83 0.4094
5165 10 81 0.4567
5175 10 83 0.3937
5185 10 81 0.3937
5195 10 80 0.3937
5205 10 78 0.4409
5215 10 81 0.3937
5225 10 80 0.3622
5235 10 78 0.3622
5245 10 77 0.4567
5254 10 78 0.3701
5264 10 80 0.3858
5274 10 77 0.3622
5284 10 73 0.4409
5294 10 75 0.3701
5304 10 77 0.3937
5314 10 73 0.3701
5324 10 78 0.4409
5334 10 77 0.3701
5344 10 78 0.4016
5354 10 80 0.378
5364 10 81 0.4567
5374 10 80 0.4252
5384 10 81 0.4409
5394 10 83 0.4646
5403 10 85 0.5354
5413 10 84 0.4882
5423 10 85 0.5197
5433 9 84 0.4646
5443 10 85 0.4803
5453 10 86 0.4331
5463 10 85 0.4331
5473 10 83 0.4331
5483 10 81 0.4567
5493 10 83 0.3701
5503 10 81 0.4173
5513 10 80 0.3701
5523 10 78 0.4252
5533 10 81 0.3701
5543 10 80 0.3937
5552 10 78 0.3622
5562 10 76 0.4409
5572 10 78 0.3701
5582 10 80 0.3937
5592 10 76 0.3701
5602 10 73 0.4252
5612 10 75 0.3701
5622 10 76 0.4173
5632 10 73 0.3701
5642 10 75 0.4173
5652 10 76 0.3701
5662 10 78 0.4016
5672 10 75 0.3701
5682 10 72 0.3937
5692 10 73 0.3701
5701 10 75 0.3937
5711 10 72 0.3622
5721 37 73 0.4094
5761 10 85 0.4724
5771 10 86 0.4094
5781 10 85 0.4094
5791 10 83 0.4094
5801 10 81 0.4567
5811 10 83 0.3937
5821 10 81 0.3937
5831 10 80 0.3937
5841 10 78 0.4409
5850 10 81 0.3937
5860 10 80 0.3622
5870 10 78 0.3622
5880 10 77 0.4567
5890 10 78 0.3701
5900 10 80 0.3858
5910 10 77 0.3622
5920 10 73 0.4409
5930 10 75 0.3701
5940 10 77 0.3937
5950 10 73 0.3701
5960 10 78 0.4409
5970 10 77 0.3701
5980 10 78 0.4016
5990 10 80 0.378
6000 10 81 0.4567
6009 10 80 0.4252
6019 10 81 0.4409
6029 10 83 0.4646
6039 10 85 0.5354
6049 10 84 0.4882
6059 10 85 0.5197
6069 9 84 0.4646
6079 10 85 0.5039
6089 10 86 0.4488
6099 10 85 0.4488
6109 10 83 0.4488
6119 10 81 0.4724
6129 10 83 0.4016
6139 10 81 0.4331
6149 10 80 0.3701
6158 10 78 0.4252
6168 10 81 0.3701
6178 10 80 0.3937
6188 10 78 0.3622
6198 10 76 0.4173
6208 10 78 0.3701
6218 10 80 0.3937
6228 10 76 0.3701
6238 10 73 0.4252
6248 10 75 0.3701
6258 10 76 0.4173
6268 10 73 0.3701
6278 10 75 0.4173
6288 10 76 0.3701
6298 10 78 0.4016
6307 10 75 0.3701
6317 10 72 0.3937
6327 10 73 0.3701
6337 10 75 0.3937
6347 10 72 0.3622
6357 37 73 0.4094
6397 10 76 0.5433
6407 10 74 0.4646
6417 10 73 0.4646
6427 10 71 0.4646
6437 10 69 0.5197
6447 10 71 0.4488
6456 10 73 0.4488
6466 10 74 0.4488
6476 10 76 0.5039
6486 10 78 0.4488
6496 10 80 0.4409
6506 9 81 0.4409
6516 10 81 0.5197
6526 10 80 0.4724
6536 10 78 0.4724
6546 9 76 0.4488
6556 10 76 0.5039
6566 10 74 0.4646
6576 10 73 0.4646
6586 10 71 0.4646
6596 10 69 0.5039
6605 10 71 0.4252
6615 10 73 0.4488
6625 10 74 0.4252
6635 10 76 0.5039
6645 10 78 0.4567
6655 10 80 0.4724
6665 9 81 0.4961
6675 19 82 0.5906
6695 10 83 0.5433
6715 10 76 0.5433
6725 10 74 0.4646
6735 10 73 0.4646
6745 10 71 0.4646
6754 10 69 0.5197
6764 10 71 0.4488
6774 10 73 0.4488
6784 10 74 0.4488
6794 10 76 0.5039
6804 10 78 0.4488
6814 10 80 0.4409
6824 9 81 0.4409
6834 10 81 0.5197
6844 10 80 0.4488
6854 10 78 0.4724
6864 9 76 0.4488
6874 10 76 0.5039
6884 10 74 0.4646
6894 10 73 0.4646
6903 10 71 0.4646
6913 10 73 0.5039
6923 10 76 0.4252
6933 10 69 0.4488
6943 10 73 0.4252
6953 10 71 0.5039
6963 10 74 0.4567
6973 10 68 0.4724
6983 9 71 0.4331
6993 29 69 0.5197
7033 10 85 0.4724
7043 10 86 0.4094
7052 10 85 0.4094
7062 10 83 0.4094
7072 10 81 0.4567
7082 10 83 0.3937
7092 10 81 0.3937
7102 10 80 0.3937
7112 10 78 0.4409
7122 10 81 0.3937
7132 10 80 0.3622
7142 10 78 0.3622
7152 10 77 0.4567
7162 10 78 0.3701
7172 10 80 0.3858
7182 10 77 0.3622
7192 10 73 0.4409
7201 10 75 0.3701
7211 10 77 0.3937
7221 10 73 0.3701
7231 10 78 0.4409
7241 10 77 0.3701
7251 10 78 0.3937
7261 10 80 0.3701
7271 10 81 0.4409
7281 10 80 0.4016
7291 10 81 0.4173
7301 10 83 0.4331
7311 10 85 0.4882
7321 10 84 0.4488
7331 10 85 0.4724
7341 9 84 0.4252
7350 10 85 0.4882
7360 10 86 0.4409
7370 10 85 0.5118
7380 10 82 0.4724
7390 10 86 0.5433
7400 10 85 0.4961
7410 10 86 0.5433
7420 10 85 0.5039
7430 10 86 0.5354
7440 10 85 0.5197
7450 10 86 0.5669
7460 10 85 0.5354
7470 10 86 0.5512
7480 10 85 0.5433
7490 10 83 0.5276
7500 10 81 0.5197
7509 10 80 0.5039
7519 10 81 0.4803
7529 10 83 0.5039
7539 10 80 0.4803
7549 10 81 0.4488
7559 10 83 0.3858
7569 10 85 0.4331
7579 10 78 0.3937
7589 10 77 0.4173
7599 10 78 0.3701
7609 10 80 0.4252
7619 10 77 0.3701
7629 37 78 0.4252
7668 10 76 0.5433
7678 10 74 0.4646
7688 10 73 0.4646
7698 10 71 0.4646
7708 10 69 0.5197
7718 10 71 0.4488
7728 10 73 0.4488
7738 10 74 0.4488
7748 10 76 0.5039
7758 10 78 0.4488
7768 10 80 0.4409
7778 9 81 0.4409
7788 10 81 0.5197
7798 10 80 0.4724
7807 10 78 0.4724
7817 9 76 0.4488
7827 10 76 0.5039
7837 10 74 0.4646
7847 10 73 0.4646
7857 10 71 0.4646
7867 10 69 0.5039
7877 10 71 0.4252
7887 10 73 0.4488
7897 10 74 0.4252
7907 10 76 0.5039
7917 10 78 0.4567
7927 10 80 0.4724
7937 9 81 0.4961
7947 19 82 0.5906
7966 10 83 0.5433
7986 10 76 0.5433
7996 10 74 0.4646
8006 10 73 0.4646
8016 10 71 0.4646
8026 10 69 0.5197
8036 10 71 0.4488
8046 10 73 0.4488
8056 10 74 0.4488
8066 10 76 0.5039
8076 10 78 0.4488
8086 10 80 0.4409
8096 9 81 0.4409
8105 10 81 0.5197
8115 10 80 0.4488
8125 10 78 0.4724
8135 9 76 0.4488
8145 10 76 0.5039
8155 10 74 0.4646
8165 10 73 0.4646
8175 10 71 0.4646
8185 10 73 0.5039
8195 10 76 0.4252
8205 10 69 0.4488
8215 10 73 0.4252
8225 10 71 0.5039
8235 10 74 0.4567
8245 10 68 0.4724
8254 9 71 0.4331
8264 29 69 0.5197
8304 10 85 0.4724
8314 10 86 0.4094
8324 10 85 0.4094
8334 10 83 0.4094
8344 10 81 0.4567
8354 10 83 0.3937
8364 10 81 0.3937
8374 10 80 0.3937
8384 10 78 0.4409
8394 10 81 0.3937
8403 10 80 0.3622
8413 10 78 0.3622
8423 10 77 0.4567
8433 10 78 0.3701
8443 10 80 0.3858
8453 10 77 0.3622
8463 10 73 0.4409
8473 10 75 0.3701
8483 10 77 0.3937
8493 10 73 0.3701
8503 10 78 0.4409
8513 10 77 0.3701
8523 10 78 0.3937
8533 10 80 0.3701
8543 10 81 0.4409
8552 10 80 0.4016
8562 10 81 0.4173
8572 10 83 0.4331
8582 10 85 0.4882
8592 10 84 0.4488
8602 10 85 0.4724
8612 9 84 0.4252
8622 10 85 0.4882
8632 10 86 0.4409
8642 10 85 0.5118
8652 10 82 0.4724
8662 10 86 0.5433
8672 10 85 0.4961
8682 10 86 0.5433
8692 10 85 0.5039
8701 10 86 0.5354
8711 10 85 0.5197
8721 10 86 0.5669
8731 10 85 0.5354
8741 10 86 0.5512
8751 10 85 0.5433
8761 10 83 0.5276
8771 10 81 0.5197
8781 10 80 0.5039
8791 10 81 0.4803
8801 10 83 0.5039
8811 10 80 0.4803
8821 10 81 0.4488
8831 10 83 0.3858
8841 10 85 0.4331
8850 10 78 0.3937
8860 10 77 0.4173
8870 10 78 0.3701
8880 10 80 0.4252
8890 10 77 0.3701
8900 37 78 0.4252
8940 9 69 0.5748
8940 9 81 0.6614
8960 9 71 0.5748
8960 9 83 0.6614
8980 39 73 0.6142
8980 39 85 0.7087
9019 9 69 0.5748
9019 9 81 0.6614
9039 9 71 0.5748
9039 9 83 0.6614
9059 9 73 0.622
9059 9 85 0.7165
9079 9 71 0.5669
9079 9 83 0.6457
9099 9 69 0.6063
9099 9 81 0.7008
9119 9 68 0.5748
9119 9 80 0.6614
9139 9 66 0.6299
9139 9 78 0.7244
9158 9 68 0.5433
9158 9 80 0.6142
9178 9 69 0.5906
9178 9 81 0.6772
9198 9 71 0.5512
9198 9 83 0.6299
9218 19 68 0.6142
9218 19 80 0.7087
9238 9 64 0.5748
9238 9 76 0.6614
9258 9 69 0.5748
9258 9 81 0.6614
9278 9 71 0.5748
9278 9 83 0.6614
9298 39 73 0.6142
9298 39 85 0.7087
9337 9 69 0.5748
9337 9 81 0.6614
9357 9 71 0.5748
9357 9 83 0.6614
9377 9 73 0.622
9377 9 85 0.7165
9397 9 71 0.5669
9397 9 83 0.6457
9417 9 69 0.6063
9417 9 81 0.7008
9437 9 68 0.5748
9437 9 80 0.6614
9456 9 66 0.6299
9456 9 78 0.7244
9476 9 71 0.5433
9476 9 83 0.6142
9496 9 68 0.5906
9496 9 80 0.6772
9516 9 64 0.5512
9516 9 76 0.6299
9536 37 69 0.6142
9536 37 81 0.7087
9576 9 69 0.5748
9576 9 81 0.6614
9596 9 71 0.5748
9596 9 83 0.6614
9615 39 73 0.6142
9615 39 85 0.7087
9655 9 69 0.5748
9655 9 81 0.6614
9675 9 71 0.5748
9675 9 83 0.6614
9695 9 73 0.622
9695 9 85 0.7165
9715 9 71 0.5669
9715 9 83 0.6457
9735 9 69 0.6063
9735 9 81 0.7008
9754 9 68 0.5748
9754 9 80 0.6614
9774 9 66 0.6299
9774 9 78 0.7244
9794 9 68 0.5433
9794 9 80 0.6142
9814 9 69 0.5906
9814 9 81 0.6772
9834 9 71 0.5512
9834 9 83 0.6299
9854 19 68 0.6142
9854 19 80 0.7087
9874 9 64 0.5748
9874 9 76 0.6614
9894 9 69 0.5748
9894 9 81 0.6614
9913 9 71 0.5748
9913 9 83 0.6614
9933 39 73 0.6142
9933 39 85 0.7087
9973 9 69 0.5748
9973 9 81 0.6614
9993 9 71 0.5748
9993 9 83 0.6614
10013 9 73 0.622
10013 9 85 0.7165
10033 9 71 0.5669
10033 9 83 0.6457
10052 9 69 0.6063
10052 9 81 0.7008
10072 9 68 0.5748
10072 9 80 0.6614
10092 9 66 0.6299
10092 9 78 0.7244
10112 9 71 0.5433
10112 9 83 0.6142
10132 9 68 0.5906
10132 9 80 0.6772
10152 9 64 0.5512
10152 9 76 0.6299
10172 37 69 0.6142
10172 37 81 0.7087
10211 9 71 0.5197
10221 9 69 0.5039
10231 9 68 0.5039
10241 9 69 0.5039
10251 9 72 0.5591
10291 9 74 0.5197
10301 9 72 0.4961
10311 9 71 0.4961
10321 9 72 0.4961
10331 9 76 0.5669
10370 9 77 0.5197
10380 9 76 0.4961
10390 9 75 0.4961
10400 9 76 0.4961
10410 9 83 0.5512
10420 9 81 0.5039
10430 9 80 0.5039
10440 9 81 0.5039
10450 9 83 0.5433
10460 9 81 0.5039
10470 9 80 0.5039
10480 9 81 0.5039
10490 39 84 0.5669
10529 9 81 0.5354
10549 9 84 0.5118
10564 2 79 0.4961
10567 2 81 0.4961
10569 9 83 0.6299
10589 9 78 0.4252
10589 9 81 0.5039
10609 9 76 0.4567
10609 9 79 0.5433
10629 9 78 0.4252
10629 9 81 0.5039
10644 2 79 0.5118
10646 2 81 0.5118
10649 9 83 0.6457
10668 9 78 0.4409
10668 9 81 0.5197
10688 9 76 0.4567
10688 9 79 0.5433
10708 9 78 0.4331
10708 9 81 0.5118
10723 2 79 0.5039
10725 4 81 0.5039
10728 9 83 0.622
10748 9 78 0.4488
10748 9 81 0.5354
10768 9 76 0.4567
10768 9 79 0.5433
10788 9 75 0.4409
10788 9 78 0.5197
10807 37 76 0.5433
10847 9 71 0.5197
10857 9 69 0.5039
10867 9 68 0.5039
10877 9 69 0.5039
10887 9 72 0.5591
10927 9 74 0.5197
10937 9 72 0.4961
10947 9 71 0.4961
10956 9 72 0.4961
10966 9 76 0.5669
11006 9 77 0.5197
11016 9 76 0.4961
11026 9 75 0.4961
11036 9 76 0.4961
11046 9 83 0.5512
11056 9 81 0.5039
11066 9 80 0.5039
11076 9 81 0.5039
11086 9 83 0.5433
11096 9 81 0.5039
11105 9 80 0.5039
11115 9 81 0.5039
11125 39 84 0.5669
11165 9 81 0.5354
11185 9 84 0.5118
11200 2 79 0.4961
11202 2 81 0.4961
11205 9 83 0.6299
11225 9 78 0.4252
11225 9 81 0.5039
11245 9 76 0.4567
11245 9 79 0.5433
11264 9 78 0.4252
11264 9 81 0.5039
11279 2 79 0.5118
11282 2 81 0.5118
11284 9 83 0.6457
11304 9 78 0.4409
11304 9 81 0.5197
11324 9 76 0.4567
11324 9 79 0.5433
11344 9 78 0.4331
11344 9 81 0.5118
11359 2 79 0.5039
11361 4 81 0.5039
11364 9 83 0.622
11384 9 78 0.4488
11384 9 81 0.5354
11403 9 76 0.4567
11403 9 79 0.5433
11423 9 75 0.4409
11423 9 78 0.5197
11443 37 76 0.5433
11483 9 72 0.4409
11483 9 76 0.4409
11503 9 74 0.4409
11503 9 77 0.4409
11523 9 76 0.5197
11523 9 79 0.5197
11543 9 76 0.4488
11543 9 79 0.4488
11562 9 81 0.5039
11572 9 79 0.4488
11582 9 77 0.4488
11592 9 76 0.4488
11602 39 74 0.5118
11602 19 71 0.5118
11622 19 67 0.4646
11642 9 72 0.4409
11642 9 76 0.4409
11662 9 74 0.4409
11662 9 77 0.4409
11682 9 76 0.5197
11682 9 79 0.5197
11701 9 76 0.4488
11701 9 79 0.4488
11721 9 81 0.5039
11731 9 79 0.4488
11741 9 77 0.4488
11751 9 76 0.4488
11761 39 74 0.5118
11761 39 71 0.5118
11801 9 69 0.4409
11801 9 72 0.4409
11821 9 71 0.4409
11821 9 74 0.4409
11841 9 72 0.5197
11841 9 76 0.5197
11860 9 72 0.4488
11860 9 76 0.4488
11880 9 77 0.5039
11890 9 76 0.4488
11900 9 74 0.4488
11910 9 72 0.4488
11920 39 71 0.5118
11920 19 68 0.5118
11940 19 64 0.4646
11960 9 69 0.4409
11960 9 72 0.4409
11980 9 71 0.4409
11980 9 74 0.4409
12000 9 72 0.5197
12000 9 76 0.5197
12019 9 72 0.4488
12019 9 76 0.4488
12039 9 77 0.5039
12049 9 76 0.4488
12059 9 74 0.4488
12069 9 72 0.4488
12079 39 71 0.5118
12079 39 68 0.5118
12119 9 71 0.4409
12129 9 69 0.4409
12139 9 68 0.4409
12149 9 69 0.4409
12158 9 72 0.4646
12198 9 74 0.4882
12208 9 72 0.4488
12218 9 71 0.4488
12228 9 72 0.4488
12238 9 76 0.5197
12278 9 77 0.4961
12288 9 76 0.4567
12298 9 75 0.4567
12307 9 76 0.4567
12317 9 83 0.5512
12327 9 81 0.4961
12337 9 80 0.4961
12347 9 81 0.4961
12357 9 83 0.5591
12367 9 81 0.5039
12377 9 80 0.5039
12387 9 81 0.5039
12397 39 84 0.5984
12437 9 81 0.4882
12456 9 83 0.4882
12476 9 84 0.5512
12496 9 83 0.4882
12516 9 81 0.4882
12536 9 80 0.4882
12556 9 81 0.5591
12576 9 76 0.5039
12596 9 77 0.5039
12615 9 74 0.5039
12635 39 72 0.5827
12675 4 71 0.5039
12680 4 72 0.4488
12685 4 71 0.4488
12690 4 72 0.4488
12695 0 71 0.4488
12698 3 72 0.4488
12701 3 71 0.4488
12705 4 69 0.5039
12710 4 71 0.4488
12715 37 69 0.5118
12754 9 72 0.4409
12754 9 76 0.4409
12774 9 74 0.4409
12774 9 77 0.4409
12794 9 76 0.5197
12794 9 79 0.5197
12814 9 76 0.4488
12814 9 79 0.4488
12834 9 81 0.5039
12844 9 79 0.4488
12854 9 77 0.4488
12864 9 76 0.4488
12874 39 74 0.5118
12874 19 71 0.5118
12894 19 67 0.4646
12913 9 72 0.4409
12913 9 76 0.4409
12933 9 74 0.4409
12933 9 77 0.4409
12953 9 76 0.5197
12953 9 79 0.5197
12973 9 76 0.4488
12973 9 79 0.4488
12993 9 81 0.5039
13003 9 79 0.4488
13013 9 77 0.4488
13023 9 76 0.4488
13033 39 74 0.5118
13033 39 71 0.5118
13072 9 69 0.4409
13072 9 72 0.4409
13092 9 71 0.4409
13092 9 74 0.4409
13112 9 72 0.5197
13112 9 76 0.5197
13132 9 72 0.4488
13132 9 76 0.4488
13152 9 77 0.5039
13162 9 76 0.4488
13172 9 74 0.4488
13182 9 72 0.4488
13192 39 71 0.5118
13192 19 68 0.5118
13211 19 64 0.4646
13231 9 69 0.4409
13231 9 72 0.4409
13251 9 71 0.4409
13251 9 74 0.4409
13271 9 72 0.5197
13271 9 76 0.5197
13291 9 72 0.4488
13291 9 76 0.4488
13311 9 77 0.5039
13321 9 76 0.4488
13331 9 74 0.4488
13341 9 72 0.4488
13350 39 71 0.5118
13350 39 68 0.5118
13390 9 71 0.4409
13400 9 69 0.4409
13410 9 68 0.4409
13420 9 69 0.4409
13430 9 72 0.4646
13470 9 74 0.4882
13480 9 72 0.4488
13490 9 71 0.4488
13500 9 72 0.4488
13509 9 76 0.5197
13549 9 77 0.4961
13559 9 76 0.4567
13569 9 75 0.4567
13579 9 76 0.4567
13589 9 83 0.5512
13599 9 81 0.4961
13609 9 80 0.4961
13619 9 81 0.4961
13629 9 83 0.5591
13639 9 81 0.5039
13649 9 80 0.5039
13658 9 81 0.5039
13668 39 84 0.5984
13708 9 81 0.4882
13728 9 83 0.4882
13748 9 84 0.5512
13768 9 83 0.4882
13788 9 81 0.4882
13807 9 80 0.4882
13827 9 81 0.5591
13847 9 76 0.5039
13867 9 77 0.5039
13887 9 74 0.5039
13907 39 72 0.5827
13947 4 71 0.5039
13951 4 72 0.4488
13956 4 71 0.4488
13961 4 72 0.4488
13966 0 71 0.4488
13970 3 72 0.4488
13973 3 71 0.4488
13976 4 69 0.5039
13981 4 71 0.4488
13986 37 69 0.5118
14026 9 69 0.6457
14036 9 81 0.622
14046 9 71 0.6535
14056 9 83 0.6299
14066 9 73 0.7008
14076 9 85 0.6614
14105 9 69 0.6693
14115 9 81 0.5748
14125 9 71 0.6614
14135 9 83 0.5669
14145 9 73 0.7087
14155 9 85 0.5906
14165 9 71 0.6614
14175 9 83 0.5748
14185 9 69 0.685
14195 9 81 0.5827
14205 9 68 0.6535
14215 9 80 0.5984
14225 9 66 0.6929
14235 9 78 0.5906
14245 9 68 0.6535
14254 9 80 0.5433
14264 9 69 0.622
14274 9 81 0.5591
14284 9 71 0.6378
14294 9 83 0.5748
14304 9 68 0.6772
14314 9 80 0.5748
14324 9 64 0.6378
14334 9 76 0.5669
14344 9 69 0.6535
14354 9 81 0.5748
14364 9 71 0.6457
14374 9 83 0.5748
14384 9 73 0.7008
14394 9 85 0.6063
14423 9 69 0.6693
14433 9 81 0.5984
14443 9 71 0.6614
14453 9 83 0.6063
14463 9 73 0.7244
14473 9 85 0.6063
14483 9 71 0.6614
14493 9 83 0.5906
14503 9 69 0.6929
14513 9 81 0.6063
14523 9 68 0.6614
14533 9 80 0.5906
14543 9 66 0.7165
14552 9 78 0.622
14562 9 71 0.6457
14572 9 83 0.5669
14582 9 68 0.6772
14592 9 80 0.5906
14602 9 64 0.6299
14612 9 76 0.5827
14622 37 69 0.6142
14622 37 81 0.7087
14662 9 69 0.6457
14672 9 81 0.622
14682 9 71 0.6535
14692 9 83 0.6299
14701 9 73 0.7008
14711 9 85 0.6614
14741 9 69 0.6693
14751 9 81 0.5748
14761 9 71 0.6614
14771 9 83 0.5669
14781 9 73 0.7087
14791 9 85 0.5906
14801 9 71 0.6614
14811 9 83 0.5748
14821 9 69 0.685
14831 9 81 0.5827
14841 9 68 0.6535
14850 9 80 0.5984
14860 9 66 0.6929
14870 9 78 0.5906
14880 9 68 0.6535
14890 9 80 0.5433
14900 9 69 0.622
14910 9 81 0.5591
14920 9 71 0.6378
14930 9 83 0.5748
14940 9 68 0.6772
14950 9 80 0.5748
14960 9 64 0.6378
14970 9 76 0.5669
14980 9 69 0.6535
14990 9 81 0.5748
15000 9 71 0.6457
15009 9 83 0.5748
15019 9 73 0.7008
15029 9 85 0.6063
15059 9 69 0.6693
15069 9 81 0.5984
15079 9 71 0.6614
15089 9 83 0.6063
15099 9 73 0.7244
15109 9 85 0.6063
15119 9 71 0.6614
15129 9 83 0.5906
15139 9 69 0.6929
15149 9 81 0.6063
15158 9 68 0.6614
15168 9 80 0.5906
15178 9 66 0.7165
15188 9 78 0.622
15198 9 71 0.6457
15208 9 83 0.5669
15218 9 68 0.6772
15228 9 80 0.5906
15238 9 64 0.6299
15248 9 76 0.5827
15258 39 69 0.6142
15258 39 81 0.7087
15298 29 85 0.7087
15298 39 73 0.6142
15327 7 85 0.7087
15335 42 73 0.5827
15336 41 76 0.6063
15336 40 81 0.6299
15337 79 85 0.7087
15414 42 73 0.5827
15415 41 76 0.6063
15416 40 81 0.6299
15417 79 85 0.7087
15496 9 86 0.7087
15506 9 85 0.685
15516 4 83 0.6772
15526 4 85 0.6772
15536 9 86 0.7087
15546 9 85 0.6614
15556 4 83 0.6614
15566 4 85 0.6693
15576 79 78 0.6299
15576 79 81 0.6299
15576 79 86 0.7087
15653 2 86 0.5984
15655 4 76 0.5984
15655 4 81 0.5984
15655 4 85 0.7087
15673 2 86 0.5984
15675 4 76 0.5669
15675 4 81 0.5669
15675 4 85 0.6693
15692 2 86 0.5984
15695 4 76 0.5669
15695 4 81 0.5669
15695 4 85 0.6693
15712 2 86 0.5984
15715 4 76 0.5669
15715 4 81 0.5669
15715 4 85 0.6693
15735 79 76 0.6299
15735 79 80 0.6299
15735 69 83 0.7087
15804 7 88 0.811
15812 42 73 0.5827
15812 41 76 0.6063
15813 40 81 0.6299
15814 79 85 0.7087
15891 42 73 0.5827
15892 41 76 0.6063
15893 40 81 0.6299
15894 79 85 0.7087
15973 9 86 0.7087
15983 9 85 0.685
15993 4 83 0.6772
16003 4 85 0.6772
16013 9 86 0.7087
16023 9 85 0.6614
16033 4 83 0.6614
16043 4 85 0.6693
16052 79 78 0.6299
16052 79 81 0.6299
16052 79 86 0.7087
16129 2 86 0.5984
16132 79 76 0.5984
16132 79 81 0.5984
16132 79 85 0.7087
16209 2 85 0.5984
16211 4 76 0.5984
16211 4 80 0.5984
16211 4 83 0.7087
16229 2 85 0.5984
16231 4 76 0.5669
16231 4 80 0.5669
16231 4 83 0.6693
16249 2 85 0.5984
16251 4 76 0.5669
16251 4 80 0.5669
16251 4 83 0.6693
16269 2 85 0.5984
16271 4 76 0.5669
16271 4 80 0.5669
16271 4 83 0.6693
16291 34 81 0.7087
16326 2 76 0.4331
16328 2 81 0.4724
16331 29 85 0.5276
16360 4 85 0.4961
16365 2 76 0.4331
16368 2 81 0.4724
16370 74 85 0.5512
16445 2 76 0.4331
16447 2 81 0.4724
16450 79 85 0.5433
16529 9 86 0.5433
16539 9 85 0.4724
16549 4 83 0.4724
16559 4 85 0.4724
16569 9 86 0.5354
16579 9 85 0.4803
16589 4 83 0.4803
16599 4 85 0.4803
16609 79 86 0.5276
16686 2 86 0.4646
16688 4 85 0.5591
16706 2 86 0.4409
16708 4 85 0.5039
16725 2 86 0.4488
16728 4 85 0.5118
16745 2 86 0.4646
16748 4 85 0.5197
16768 69 83 0.5276
16837 7 88 0.7402
16845 42 73 0.5827
16846 41 76 0.6063
16846 40 81 0.6299
16847 79 85 0.7087
16924 42 73 0.5827
16925 41 76 0.6063
16926 40 81 0.6299
16927 79 85 0.7087
17006 9 86 0.7087
17016 9 85 0.685
17026 4 83 0.6772
17036 4 85 0.6772
17046 9 86 0.7087
17056 9 85 0.6614
17066 4 83 0.6614
17076 4 85 0.6693
17086 79 78 0.6299
17086 79 81 0.6299
17086 79 86 0.7087
17163 2 86 0.5984
17165 79 76 0.5984
17165 79 81 0.5984
17165 79 85 0.7087
17242 2 85 0.5984
17245 4 76 0.5984
17245 4 80 0.5984
17245 4 83 0.7087
17262 2 85 0.5984
17264 4 76 0.5669
17264 4 80 0.5669
17264 4 83 0.6693
17282 2 85 0.5984
17284 4 76 0.5669
17284 4 80 0.5669
17284 4 83 0.6693
17302 2 85 0.5984
17304 4 76 0.5669
17304 4 80 0.5669
17304 4 83 0.6693
17324 59 69 0.7087
17324 59 73 0.7087
17324 59 76 0.7087
17324 59 81 0.7087
17384 4 73 0.5748
17384 4 85 0.685
17403 59 69 0.7087
17403 59 81 0.7087
17463 4 73 0.5748
17463 4 85 0.685
17483 59 69 0.7087
17483 59 81 0.7087
17543 4 73 0.5748
17543 4 85 0.685
17562 9 69 0.6457
17562 9 81 0.7638
17582 9 73 0.6142
17582 9 85 0.7244
17602 9 69 0.6535
17602 9 81 0.7795
17622 9 73 0.622
17622 9 85 0.7323
17642 39 69 0.7087
17642 39 81 0.8504
17682 39 69 0.6457
17682 39 73 0.6457
17682 39 76 0.6457
17682 39 81 0.7638
17721 39 69 0.6772
17721 39 73 0.6772
17721 39 76 0.6772
17721 39 81 0.811
79 9 57 0.4488
99 9 64 0.4094
99 9 60 0.3386
119 9 60 0.3386
119 9 64 0.4094
139 9 60 0.3307
139 9 64 0.4016
158 9 57 0.4488
178 9 64 0.4094
178 9 60 0.3386
198 9 64 0.4094
198 9 60 0.3386
218 9 64 0.4094
218 9 60 0.3386
238 9 57 0.4488
258 9 64 0.3937
258 9 60 0.3307
278 9 57 0.4488
298 9 64 0.4094
298 9 60 0.3386
317 9 57 0.4488
337 9 64 0.3937
337 9 60 0.3307
357 9 64 0.3937
357 9 60 0.3307
377 9 64 0.3937
377 9 60 0.3307
397 9 52 0.5118
417 9 64 0.4173
417 9 59 0.3465
437 9 64 0.4173
437 9 59 0.3465
456 9 64 0.4173
456 9 59 0.3465
476 9 52 0.5197
496 9 64 0.4094
496 9 59 0.3386
516 9 64 0.4094
516 9 59 0.3386
536 9 64 0.4094
536 9 59 0.3386
556 9 52 0.5276
576 9 64 0.4094
576 9 59 0.3386
596 9 47 0.4094
615 9 59 0.4094
635 37 52 0.4488
715 9 57 0.4488
735 9 64 0.4094
735 9 60 0.3386
754 9 60 0.3386
754 9 64 0.4094
774 9 60 0.3307
774 9 64 0.4016
794 9 57 0.4488
814 9 64 0.4094
814 9 60 0.3386
834 9 64 0.4094
834 9 60 0.3386
854 9 64 0.4094
854 9 60 0.3386
874 9 57 0.4488
894 9 64 0.3937
894 9 60 0.3307
913 9 57 0.4488
933 9 64 0.4094
933 9 60 0.3386
953 9 57 0.4488
973 9 64 0.3937
973 9 60 0.3307
993 9 64 0.3937
993 9 60 0.3307
1013 9 64 0.3937
1013 9 60 0.3307
1033 9 52 0.5118
1052 9 64 0.4173
1052 9 59 0.3465
1072 9 64 0.4173
1072 9 59 0.3465
1092 9 64 0.4173
1092 9 59 0.3465
1112 9 52 0.5197
1132 9 64 0.4094
1132 9 59 0.3386
1152 9 64 0.4094
1152 9 59 0.3386
1172 9 64 0.4094
1172 9 59 0.3386
1192 9 52 0.5276
1211 9 64 0.4094
1211 9 59 0.3386
1231 9 47 0.4094
1251 9 59 0.4094
1271 37 52 0.4488
1350 9 48 0.4646
1370 9 60 0.4173
1390 9 52 0.4646
1410 9 64 0.4488
1430 39 55 0.4724
1509 9 48 0.4646
1529 9 60 0.4173
1549 9 52 0.4646
1569 9 64 0.4488
1589 39 55 0.4724
1668 9 45 0.4646
1688 9 57 0.4173
1708 9 48 0.4646
1728 9 60 0.4488
1748 39 52 0.4724
1827 9 45 0.4646
1847 9 57 0.4173
1867 9 48 0.4646
1887 9 60 0.4488
1907 39 52 0.4724
1986 9 57 0.4173
2006 9 64 0.3701
2006 9 60 0.3701
2026 9 60 0.3701
2026 9 64 0.3701
2046 9 60 0.3701
2046 9 64 0.3701
2066 9 57 0.4252
2086 9 64 0.378
2086 9 60 0.378
2105 9 64 0.378
2105 9 60 0.378
2125 9 64 0.378
2125 9 60 0.378
2145 9 57 0.4409
2165 9 64 0.3858
2165 9 60 0.3858
2185 9 57 0.4488
2205 9 64 0.4094
2205 9 60 0.3386
2225 9 53 0.4488
2245 9 63 0.4016
2245 9 57 0.4016
2264 9 63 0.3386
2264 9 57 0.3386
2284 9 63 0.3071
2284 9 57 0.3071
2304 9 52 0.3622
2324 9 64 0.3307
2324 9 57 0.3307
2344 9 50 0.3307
2364 9 59 0.3307
2364 9 53 0.3307
2384 9 48 0.3701
2403 9 57 0.3071
2403 9 52 0.3071
2423 9 50 0.3228
2443 9 59 0.3228
2443 9 53 0.3228
2463 9 52 0.378
2463 9 57 0.378
2483 9 57 0.3228
2483 9 52 0.3228
2502 9 52 0.3228
2503 9 56 0.3228
2523 9 52 0.3228
2523 9 56 0.3228
2543 39 45 0.3622
2543 37 57 0.3622
2622 9 48 0.4646
2642 9 60 0.4173
2662 9 52 0.4646
2682 9 64 0.4488
2701 39 55 0.4724
2781 9 48 0.4646
2801 9 60 0.4173
2821 9 52 0.4646
2841 9 64 0.4488
2860 39 55 0.4724
2940 9 45 0.4646
2960 9 57 0.4173
2980 9 48 0.4646
3000 9 60 0.4488
3019 39 52 0.4724
3099 9 45 0.4646
3119 9 57 0.4173
3139 9 48 0.4646
3158 9 60 0.4488
3178 39 52 0.4724
3258 9 57 0.4173
3278 9 64 0.3701
3278 9 60 0.3701
3298 9 60 0.3701
3298 9 64 0.3701
3317 9 60 0.3701
3317 9 64 0.3701
3337 9 57 0.4252
3357 9 64 0.378
3357 9 60 0.378
3377 9 64 0.378
3377 9 60 0.378
3397 9 64 0.378
3397 9 60 0.378
3417 9 57 0.4409
3437 9 64 0.3858
3437 9 60 0.3858
3456 9 57 0.4488
3476 9 64 0.4094
3476 9 60 0.3386
3496 9 53 0.4488
3516 9 63 0.4016
3516 9 57 0.4016
3536 9 63 0.3386
3536 9 57 0.3386
3556 9 63 0.3071
3556 9 57 0.3071
3576 9 52 0.3622
3596 9 64 0.3307
3596 9 57 0.3307
3615 9 50 0.3307
3635 9 59 0.3307
3635 9 53 0.3307
3655 9 48 0.3701
3675 9 57 0.3071
3675 9 52 0.3071
3695 9 50 0.3228
3715 9 59 0.3228
3715 9 53 0.3228
3735 9 52 0.378
3735 9 57 0.378
3754 9 57 0.3228
3754 9 52 0.3228
3774 9 52 0.3228
3774 9 56 0.3228
3794 9 52 0.3228
3794 9 56 0.3228
3814 39 45 0.3622
3814 37 57 0.3622
3884 3 45 0.5039
3887 3 49 0.5039
3890 3 52 0.5039
3894 9 57 0.5748
3913 9 57 0.5433
3933 9 57 0.5433
3953 9 57 0.5433
3963 3 45 0.4724
3966 3 49 0.4724
3970 3 52 0.4724
3973 9 57 0.5669
3993 9 57 0.5039
4013 9 57 0.5118
4033 9 57 0.5276
4043 3 38 0.4961
4046 3 42 0.4961
4049 3 45 0.4961
4052 9 50 0.5748
4072 9 50 0.5433
4082 3 39 0.4961
4086 3 42 0.4961
4089 3 45 0.4961
4092 9 51 0.5748
4112 9 51 0.5591
4122 3 40 0.4961
4125 3 44 0.4961
4129 3 47 0.4961
4132 19 52 0.5748
4152 9 52 0.5748
4201 3 45 0.5039
4205 3 49 0.5039
4208 3 52 0.5039
4211 9 57 0.5748
4231 9 57 0.5433
4251 9 57 0.5433
4271 9 57 0.5433
4281 3 45 0.4724
4284 3 49 0.4724
4288 3 52 0.4724
4291 9 57 0.5669
4311 9 57 0.5039
4331 9 57 0.5118
4350 9 57 0.5276
4360 3 38 0.4961
4364 3 42 0.4961
4367 3 45 0.4961
4370 9 50 0.5748
4390 9 50 0.5433
4400 3 40 0.4961
4403 3 44 0.4961
4407 3 47 0.4961
4410 9 52 0.5748
4430 9 52 0.5591
4450 37 45 0.5748
4519 3 45 0.5039
4523 3 49 0.5039
4526 3 52 0.5039
4529 9 57 0.5748
4549 9 57 0.5433
4569 9 57 0.5433
4589 9 57 0.5433
4599 3 45 0.4724
4602 3 49 0.4724
4605 3 52 0.4724
4609 9 57 0.5669
4629 9 57 0.5039
4649 9 57 0.5118
4668 9 57 0.5276
4678 3 38 0.4961
4682 3 42 0.4961
4685 3 45 0.4961
4688 9 50 0.5748
4708 9 50 0.5433
4718 3 39 0.4961
4721 3 42 0.4961
4725 3 45 0.4961
4728 9 51 0.5748
4748 9 51 0.5591
4758 3 40 0.4961
4761 3 44 0.4961
4764 3 47 0.4961
4768 19 52 0.5748
4788 9 52 0.5748
4837 3 45 0.5039
4841 3 49 0.5039
4844 3 52 0.5039
4847 9 57 0.5748
4867 9 57 0.5433
4887 9 57 0.5433
4907 9 57 0.5433
4917 3 45 0.4724
4920 3 49 0.4724
4923 3 52 0.4724
4927 9 57 0.5669
4947 9 57 0.5039
4966 9 57 0.5118
4986 9 57 0.5276
4996 3 38 0.4961
5000 3 42 0.4961
5003 3 45 0.4961
5006 9 50 0.5748
5026 9 50 0.5433
5036 3 40 0.4961
5039 3 44 0.4961
5043 3 47 0.4961
5046 9 52 0.5748
5066 9 52 0.5591
5086 37 45 0.5748
5165 9 54 0.3937
5185 9 61 0.2913
5185 9 57 0.2441
5205 9 61 0.2913
5205 9 57 0.2441
5225 9 61 0.2913
5225 9 57 0.2441
5245 9 56 0.3937
5264 9 61 0.2835
5264 9 59 0.2362
5284 9 61 0.2835
5284 9 59 0.2362
5304 9 61 0.2835
5304 9 59 0.2362
5324 9 54 0.3937
5344 9 61 0.2835
5344 9 57 0.2362
5364 9 61 0.2913
5364 9 57 0.2441
5384 9 61 0.2992
5384 9 57 0.252
5403 9 53 0.4331
5423 9 61 0.2992
5423 9 56 0.2441
5443 9 61 0.2992
5443 9 56 0.2441
5463 9 61 0.2992
5463 9 56 0.2441
5483 9 54 0.3937
5503 9 61 0.2835
5503 9 57 0.2362
5523 9 61 0.2835
5523 9 57 0.2362
5543 9 61 0.2835
5543 9 57 0.2362
5562 9 56 0.3937
5582 9 64 0.2835
5582 9 61 0.2362
5602 9 64 0.2835
5602 9 61 0.2362
5622 9 64 0.2835
5622 9 61 0.2362
5642 9 56 0.3937
5662 9 66 0.2913
5662 9 63 0.2441
5682 9 63 0.2441
5682 9 66 0.2913
5701 9 63 0.2441
5701 9 66 0.2913
5721 37 64 0.3937
5721 37 61 0.3307
5801 9 54 0.3937
5821 9 61 0.2913
5821 9 57 0.2441
5841 9 61 0.2913
5841 9 57 0.2441
5860 9 61 0.2913
5860 9 57 0.2441
5880 9 56 0.3937
5900 9 61 0.2835
5900 9 59 0.2362
5920 9 61 0.2835
5920 9 59 0.2362
5940 9 61 0.2835
5940 9 59 0.2362
5960 9 54 0.3937
5980 9 61 0.2835
5980 9 57 0.2362
6000 9 61 0.2913
6000 9 57 0.2441
6019 9 61 0.2992
6019 9 57 0.252
6039 9 53 0.4331
6059 9 61 0.2992
6059 9 56 0.2441
6079 9 61 0.2992
6079 9 56 0.2441
6099 9 61 0.2992
6099 9 56 0.2441
6119 9 54 0.3937
6139 9 61 0.2835
6139 9 57 0.2362
6158 9 61 0.2835
6158 9 57 0.2362
6178 9 61 0.2835
6178 9 57 0.2362
6198 9 56 0.3937
6218 9 64 0.2835
6218 9 61 0.2362
6238 9 64 0.2835
6238 9 61 0.2362
6258 9 64 0.2835
6258 9 61 0.2362
6278 9 56 0.3937
6298 9 66 0.2913
6298 9 63 0.2441
6317 9 63 0.2441
6317 9 66 0.2913
6337 9 63 0.2441
6337 9 66 0.2913
6357 37 64 0.3937
6357 37 61 0.3307
6437 9 57 0.4488
6456 9 64 0.3386
6456 9 61 0.2835
6476 9 64 0.3386
6476 9 61 0.2835
6496 9 64 0.3386
6496 9 61 0.2835
6516 9 59 0.4488
6536 9 64 0.3307
6536 9 62 0.2756
6556 9 56 0.4488
6576 9 64 0.3307
6576 9 62 0.2756
6596 9 57 0.4488
6615 9 64 0.3228
6615 9 61 0.2756
6635 9 64 0.3228
6635 9 61 0.2756
6655 9 64 0.3228
6655 9 61 0.2756
6675 19 52 0.4488
6695 9 62 0.3071
6695 9 56 0.2598
6715 9 56 0.2598
6715 9 62 0.3071
6735 9 56 0.2598
6735 9 62 0.3071
6754 9 57 0.4488
6774 9 64 0.3386
6774 9 61 0.2835
6794 9 64 0.3386
6794 9 61 0.2835
6814 9 64 0.3386
6814 9 61 0.2835
6834 9 59 0.4488
6854 9 64 0.3307
6854 9 62 0.2756
6874 9 56 0.4488
6894 9 64 0.3307
6894 9 62 0.2756
6913 9 57 0.4488
6933 9 54 0.3622
6953 9 50 0.3622
6973 9 52 0.3622
6993 19 45 0.4488
7013 9 57 0.3465
7072 9 52 0.3937
7092 9 61 0.3307
7092 9 57 0.2756
7112 9 61 0.3307
7112 9 57 0.2756
7132 9 61 0.3307
7132 9 57 0.2756
7152 9 56 0.3937
7172 9 61 0.3228
7172 9 59 0.2677
7192 9 61 0.3228
7192 9 59 0.2677
7211 9 61 0.3228
7211 9 59 0.2677
7231 9 54 0.3937
7251 9 61 0.315
7251 9 57 0.2677
7271 9 61 0.315
7271 9 57 0.2677
7291 9 61 0.315
7291 9 57 0.2677
7311 9 49 0.3937
7331 9 61 0.3858
7331 9 56 0.3228
7350 9 61 0.378
7350 9 55 0.315
7370 9 61 0.378
7370 9 54 0.315
7390 9 47 0.4646
7410 9 59 0.4173
7410 9 54 0.3543
7430 9 59 0.4409
7430 9 54 0.3701
7450 9 59 0.4252
7450 9 54 0.3543
7470 9 47 0.5118
7490 9 59 0.4252
7490 9 56 0.3543
7509 9 59 0.4724
7509 9 56 0.4016
7529 9 59 0.4252
7529 9 56 0.3543
7549 9 49 0.4567
7569 9 57 0.3701
7569 9 54 0.3071
7589 9 49 0.4331
7609 9 56 0.3228
7609 9 59 0.3858
7629 37 57 0.3622
7629 37 54 0.3071
7708 9 57 0.4488
7728 9 64 0.3386
7728 9 61 0.2835
7748 9 64 0.3386
7748 9 61 0.2835
7768 9 64 0.3386
7768 9 61 0.2835
7788 9 59 0.4488
7807 9 64 0.3307
7807 9 62 0.2756
7827 9 56 0.4488
7847 9 64 0.3307
7847 9 62 0.2756
7867 9 57 0.4488
7887 9 64 0.3228
7887 9 61 0.2756
7907 9 64 0.3228
7907 9 61 0.2756
7927 9 64 0.3228
7927 9 61 0.2756
7947 19 52 0.4488
7966 9 62 0.3071
7966 9 56 0.2598
7986 9 56 0.2598
7986 9 62 0.3071
8006 9 56 0.2598
8006 9 62 0.3071
8026 9 57 0.4488
8046 9 64 0.3386
8046 9 61 0.2835
8066 9 64 0.3386
8066 9 61 0.2835
8086 9 64 0.3386
8086 9 61 0.2835
8105 9 59 0.4488
8125 9 64 0.3307
8125 9 62 0.2756
8145 9 56 0.4488
8165 9 64 0.3307
8165 9 62 0.2756
8185 9 57 0.4488
8205 9 54 0.3622
8225 9 50 0.3622
8245 9 52 0.3622
8264 19 45 0.4488
8284 9 57 0.3465
8344 9 52 0.3937
8364 9 61 0.3307
8364 9 57 0.2756
8384 9 61 0.3307
8384 9 57 0.2756
8403 9 61 0.3307
8403 9 57 0.2756
8423 9 56 0.3937
8443 9 61 0.3228
8443 9 59 0.2677
8463 9 61 0.3228
8463 9 59 0.2677
8483 9 61 0.3228
8483 9 59 0.2677
8503 9 54 0.3937
8523 9 61 0.315
8523 9 57 0.2677
8543 9 61 0.315
8543 9 57 0.2677
8562 9 61 0.315
8562 9 57 0.2677
8582 9 49 0.3937
8602 9 61 0.3858
8602 9 56 0.3228
8622 9 61 0.378
8622 9 55 0.315
8642 9 61 0.378
8642 9 54 0.315
8662 9 47 0.4646
8682 9 59 0.4173
8682 9 54 0.3543
8701 9 59 0.4409
8701 9 54 0.3701
8721 9 59 0.4252
8721 9 54 0.3543
8741 9 47 0.5118
8761 9 59 0.4252
8761 9 56 0.3543
8781 9 59 0.4724
8781 9 56 0.4016
8801 9 59 0.4252
8801 9 56 0.3543
8821 9 49 0.4567
8841 9 57 0.3701
8841 9 54 0.3071
8860 9 49 0.4331
8880 9 56 0.3228
8880 9 59 0.3858
8900 37 57 0.3622
8900 37 54 0.3071
8970 3 45 0.5039
8973 3 49 0.5039
8976 3 52 0.5039
8980 9 57 0.5748
9000 9 57 0.5433
9019 9 57 0.5433
9039 9 57 0.5433
9049 3 45 0.4724
9052 3 49 0.4724
9056 3 52 0.4724
9059 9 57 0.5669
9079 9 57 0.5039
9099 9 57 0.5118
9119 9 57 0.5276
9129 3 38 0.4961
9132 3 42 0.4961
9135 3 45 0.4961
9139 9 50 0.5748
9158 9 50 0.5433
9168 3 39 0.4961
9172 3 42 0.4961
9175 3 45 0.4961
9178 9 51 0.5748
9198 9 51 0.5591
9208 3 40 0.4961
9211 3 44 0.4961
9215 3 47 0.4961
9218 19 52 0.5748
9238 9 52 0.5748
9288 3 45 0.5039
9291 3 49 0.5039
9294 3 52 0.5039
9298 9 57 0.5748
9317 9 57 0.5433
9337 9 57 0.5433
9357 9 57 0.5433
9367 3 45 0.4724
9370 3 49 0.4724
9374 3 52 0.4724
9377 9 57 0.5669
9397 9 57 0.5039
9417 9 57 0.5118
9437 9 57 0.5276
9447 3 38 0.4961
9450 3 42 0.4961
9453 3 45 0.4961
9456 9 50 0.5748
9476 9 50 0.5433
9486 3 40 0.4961
9490 3 44 0.4961
9493 3 47 0.4961
9496 9 52 0.5748
9516 9 52 0.5591
9536 37 45 0.5748
9605 3 45 0.5039
9609 3 49 0.5039
9612 3 52 0.5039
9615 9 57 0.5748
9635 9 57 0.5433
9655 9 57 0.5433
9675 9 57 0.5433
9685 3 45 0.4724
9688 3 49 0.4724
9692 3 52 0.4724
9695 9 57 0.5669
9715 9 57 0.5039
9735 9 57 0.5118
9754 9 57 0.5276
9764 3 38 0.4961
9768 3 42 0.4961
9771 3 45 0.4961
9774 9 50 0.5748
9794 9 50 0.5433
9804 3 39 0.4961
9807 3 42 0.4961
9811 3 45 0.4961
9814 9 51 0.5748
9834 9 51 0.5591
9844 3 40 0.4961
9847 3 44 0.4961
9850 3 47 0.4961
9854 19 52 0.5748
9874 9 52 0.5748
9923 3 45 0.5039
9927 3 49 0.5039
9930 3 52 0.5039
9933 9 57 0.5748
9953 9 57 0.5433
9973 9 57 0.5433
9993 9 57 0.5433
10003 3 45 0.4724
10006 3 49 0.4724
10009 3 52 0.4724
10013 9 57 0.5669
10033 9 57 0.5039
10052 9 57 0.5118
10072 9 57 0.5276
10082 3 38 0.4961
10086 3 42 0.4961
10089 3 45 0.4961
10092 9 50 0.5748
10112 9 50 0.5433
10122 3 40 0.4961
10125 3 44 0.4961
10129 3 47 0.4961
10132 9 52 0.5748
10152 9 52 0.5591
10172 37 45 0.5748
10251 9 57 0.4488
10271 9 64 0.4094
10271 9 60 0.3386
10291 9 60 0.3386
10291 9 64 0.4094
10311 9 60 0.3307
10311 9 64 0.4016
10331 9 57 0.4488
10350 9 64 0.4094
10350 9 60 0.3386
10370 9 64 0.4094
10370 9 60 0.3386
10390 9 64 0.4094
10390 9 60 0.3386
10410 9 57 0.4488
10430 9 64 0.3937
10430 9 60 0.3307
10450 9 57 0.4488
10470 9 64 0.4094
10470 9 60 0.3386
10490 9 57 0.4488
10509 9 64 0.3937
10509 9 60 0.3307
10529 9 64 0.3937
10529 9 60 0.3307
10549 9 64 0.3937
10549 9 60 0.3307
10569 9 52 0.5118
10589 9 64 0.4173
10589 9 59 0.3465
10609 9 64 0.4173
10609 9 59 0.3465
10629 9 64 0.4173
10629 9 59 0.3465
10649 9 52 0.5197
10668 9 64 0.4094
10668 9 59 0.3386
10688 9 64 0.4094
10688 9 59 0.3386
10708 9 64 0.4094
10708 9 59 0.3386
10728 9 52 0.5276
10748 9 64 0.4094
10748 9 59 0.3386
10768 9 47 0.4094
10788 9 59 0.4094
10807 37 52 0.4488
10887 9 57 0.4488
10907 9 64 0.4094
10907 9 60 0.3386
10927 9 60 0.3386
10927 9 64 0.4094
10947 9 60 0.3307
10947 9 64 0.4016
10966 9 57 0.4488
10986 9 64 0.4094
10986 9 60 0.3386
11006 9 64 0.4094
11006 9 60 0.3386
11026 9 64 0.4094
11026 9 60 0.3386
11046 9 57 0.4488
11066 9 64 0.3937
11066 9 60 0.3307
11086 9 57 0.4488
11105 9 64 0.4094
11105 9 60 0.3386
11125 9 57 0.4488
11145 9 64 0.3937
11145 9 60 0.3307
11165 9 64 0.3937
11165 9 60 0.3307
11185 9 64 0.3937
11185 9 60 0.3307
11205 9 52 0.5118
11225 9 64 0.4173
11225 9 59 0.3465
11245 9 64 0.4173
11245 9 59 0.3465
11264 9 64 0.4173
11264 9 59 0.3465
11284 9 52 0.5197
11304 9 64 0.4094
11304 9 59 0.3386
11324 9 64 0.4094
11324 9 59 0.3386
11344 9 64 0.4094
11344 9 59 0.3386
11364 9 52 0.5276
11384 9 64 0.4094
11384 9 59 0.3386
11403 9 47 0.4094
11423 9 59 0.4094
11443 37 52 0.4488
11523 9 48 0.4646
11543 9 60 0.4173
11562 9 52 0.4646
11582 9 64 0.4488
11602 39 55 0.4724
11682 9 48 0.4646
11701 9 60 0.4173
11721 9 52 0.4646
11741 9 64 0.4488
11761 39 55 0.4724
11841 9 45 0.4646
11860 9 57 0.4173
11880 9 48 0.4646
11900 9 60 0.4488
11920 39 52 0.4724
12000 9 45 0.4646
12019 9 57 0.4173
12039 9 48 0.4646
12059 9 60 0.4488
12079 39 52 0.4724
12158 9 57 0.4173
12178 9 64 0.3701
12178 9 60 0.3701
12198 9 60 0.3701
12198 9 64 0.3701
12218 9 60 0.3701
12218 9 64 0.3701
12238 9 57 0.4252
12258 9 64 0.378
12258 9 60 0.378
12278 9 64 0.378
12278 9 60 0.378
12298 9 64 0.378
12298 9 60 0.378
12317 9 57 0.4409
12337 9 64 0.3858
12337 9 60 0.3858
12357 9 57 0.4488
12377 9 64 0.4094
12377 9 60 0.3386
12397 9 53 0.4488
12417 9 63 0.4016
12417 9 57 0.4016
12437 9 63 0.3386
12437 9 57 0.3386
12456 9 63 0.3071
12456 9 57 0.3071
12476 9 52 0.3622
12496 9 64 0.3307
12496 9 57 0.3307
12516 9 50 0.3307
12536 9 59 0.3307
12536 9 53 0.3307
12556 9 48 0.3701
12576 9 57 0.3071
12576 9 52 0.3071
12596 9 50 0.3228
12615 9 59 0.3228
12615 9 53 0.3228
12635 9 52 0.378
12635 9 57 0.378
12655 9 57 0.3228
12655 9 52 0.3228
12675 9 52 0.3228
12675 9 56 0.3228
12695 9 52 0.3228
12695 9 56 0.3228
12715 39 45 0.3622
12715 37 57 0.3622
12794 9 48 0.4646
12814 9 60 0.4173
12834 9 52 0.4646
12854 9 64 0.4488
12874 39 55 0.4724
12953 9 48 0.4646
12973 9 60 0.4173
12993 9 52 0.4646
13013 9 64 0.4488
13033 39 55 0.4724
13112 9 45 0.4646
13132 9 57 0.4173
13152 9 48 0.4646
13172 9 60 0.4488
13192 39 52 0.4724
13271 9 45 0.4646
13291 9 57 0.4173
13311 9 48 0.4646
13331 9 60 0.4488
13350 39 52 0.4724
13430 9 57 0.4173
13450 9 64 0.3701
13450 9 60 0.3701
13470 9 60 0.3701
13470 9 64 0.3701
13490 9 60 0.3701
13490 9 64 0.3701
13509 9 57 0.4252
13529 9 64 0.378
13529 9 60 0.378
13549 9 64 0.378
13549 9 60 0.378
13569 9 64 0.378
13569 9 60 0.378
13589 9 57 0.4409
13609 9 64 0.3858
13609 9 60 0.3858
13629 9 57 0.4488
13649 9 64 0.4094
13649 9 60 0.3386
13668 9 57 0.4488
13688 9 63 0.4016
13688 9 57 0.4016
13708 9 63 0.3386
13708 9 57 0.3386
13728 9 63 0.3071
13728 9 57 0.3071
13748 9 52 0.3622
13768 9 64 0.3307
13768 9 57 0.3307
13788 9 50 0.3307
13807 9 59 0.3307
13807 9 53 0.3307
13827 9 48 0.3701
13847 9 57 0.3071
13847 9 52 0.3071
13867 9 50 0.3228
13887 9 59 0.3228
13887 9 53 0.3228
13907 9 52 0.378
13907 9 57 0.378
13927 9 57 0.3228
13927 9 52 0.3228
13946 9 52 0.3228
13947 9 56 0.3228
13966 9 52 0.3228
13966 9 56 0.3228
13986 39 45 0.3622
13986 37 57 0.3622
14056 3 45 0.5039
14059 3 49 0.5512
14062 3 52 0.5984
14066 9 57 0.685
14086 9 57 0.5433
14105 9 57 0.5433
14125 9 57 0.5433
14135 3 45 0.5118
14139 3 49 0.5433
14142 3 52 0.5748
14145 9 57 0.6693
14165 9 57 0.5039
14185 9 57 0.5118
14205 9 57 0.5276
14215 3 38 0.5197
14218 3 42 0.5591
14221 3 45 0.6063
14225 9 50 0.6693
14245 9 50 0.5433
14254 3 39 0.5354
14258 3 42 0.5669
14261 3 45 0.5906
14264 9 51 0.6693
14284 9 51 0.5591
14294 3 40 0.5039
14298 3 44 0.5433
14301 3 47 0.5827
14304 19 52 0.6693
14324 9 52 0.5748
14374 3 45 0.5276
14377 3 49 0.5591
14380 3 52 0.5984
14384 9 57 0.6614
14403 9 57 0.5433
14423 9 57 0.5433
14443 9 57 0.5433
14453 3 45 0.4803
14456 3 49 0.5197
14460 3 52 0.5669
14463 9 57 0.685
14483 9 57 0.5039
14503 9 57 0.5118
14523 9 57 0.5276
14533 3 38 0.5354
14536 3 42 0.5669
14539 3 45 0.5984
14543 9 50 0.6535
14562 9 50 0.5433
14572 3 40 0.5276
14576 3 44 0.5669
14579 3 47 0.6142
14582 9 52 0.6457
14602 9 52 0.5591
14622 37 45 0.6614
14692 3 45 0.5039
14695 3 49 0.5512
14698 3 52 0.5984
14701 9 57 0.685
14721 9 57 0.5433
14741 9 57 0.5433
14761 9 57 0.5433
14771 3 45 0.5118
14774 3 49 0.5433
14778 3 52 0.5748
14781 9 57 0.6693
14801 9 57 0.5039
14821 9 57 0.5118
14841 9 57 0.5276
14850 3 38 0.5197
14854 3 42 0.5591
14857 3 45 0.6063
14860 9 50 0.6693
14880 9 50 0.5433
14890 3 39 0.5354
14894 3 42 0.5669
14897 3 45 0.5906
14900 9 51 0.6693
14920 9 51 0.5591
14930 3 40 0.5039
14933 3 44 0.5433
14937 3 47 0.5827
14940 19 52 0.6693
14960 9 52 0.5748
15009 3 45 0.5276
15013 3 49 0.5591
15016 3 52 0.5984
15019 9 57 0.6614
15039 9 57 0.5433
15059 9 57 0.5433
15079 9 57 0.5433
15089 3 45 0.4803
15092 3 49 0.5197
15096 3 52 0.5669
15099 9 57 0.685
15119 9 57 0.5039
15139 9 57 0.5118
15158 9 57 0.5276
15168 3 38 0.5354
15172 3 42 0.5669
15175 3 45 0.5984
15178 9 50 0.6535
15198 9 50 0.5433
15208 3 40 0.5276
15211 3 44 0.5669
15215 3 47 0.6142
15218 9 52 0.6457
15238 9 52 0.5591
15248 3 45 0.4803
15251 3 49 0.5197
15254 3 52 0.5669
15258 9 57 0.685
15278 9 57 0.5039
15298 9 57 0.5118
15317 9 57 0.5039
15327 3 45 0.4803
15331 3 49 0.5197
15334 3 52 0.5669
15337 9 57 0.685
15357 9 57 0.5354
15377 9 57 0.5354
15397 9 57 0.5354
15407 3 45 0.4803
15410 3 49 0.5197
15413 3 52 0.5669
15417 9 57 0.685
15437 9 57 0.5354
15456 9 57 0.5354
15476 9 57 0.5354
15486 3 45 0.4803
15490 3 49 0.5197
15493 3 52 0.5669
15496 9 57 0.685
15516 9 57 0.5276
15536 9 57 0.5276
15556 9 57 0.5276
15566 3 38 0.4803
15569 3 42 0.5197
15572 3 45 0.5669
15576 9 50 0.685
15596 9 50 0.5276
15615 9 50 0.5276
15635 9 50 0.5276
15645 3 45 0.4803
15649 3 49 0.5197
15652 3 52 0.5669
15655 4 57 0.685
15675 4 57 0.5276
15695 4 57 0.5276
15715 4 57 0.5276
15725 3 40 0.4803
15728 3 44 0.5197
15731 3 47 0.5669
15735 9 52 0.685
15754 9 52 0.5197
15774 9 52 0.5197
15794 9 52 0.5197
15804 3 45 0.4803
15807 3 49 0.5197
15811 3 52 0.5669
15814 9 57 0.685
15834 9 57 0.5354
15854 9 57 0.5354
15874 9 57 0.5354
15884 3 45 0.4803
15887 3 49 0.5197
15890 3 52 0.5669
15894 9 57 0.685
15913 9 57 0.5197
15933 9 57 0.5197
15953 9 57 0.5197
15963 3 45 0.4803
15966 3 49 0.5197
15970 3 52 0.5669
15973 9 57 0.685
15993 9 57 0.5197
16013 9 57 0.5197
16033 9 57 0.5197
16043 3 38 0.4803
16046 3 42 0.5197
16049 3 45 0.5669
16052 9 50 0.685
16072 9 50 0.5197
16092 9 50 0.5197
16112 9 50 0.5197
16122 3 45 0.4803
16125 3 49 0.5197
16129 3 52 0.5669
16132 9 57 0.685
16152 9 57 0.5197
16172 9 57 0.5197
16192 9 57 0.5197
16201 3 40 0.4803
16205 3 44 0.5197
16208 3 47 0.5669
16211 4 52 0.685
16231 4 52 0.5197
16251 4 52 0.5118
16271 4 52 0.5118
16291 9 57 0.5039
16301 9 64 0.4252
16311 9 61 0.4252
16321 9 64 0.4252
16331 9 57 0.315
16341 9 64 0.2441
16350 9 61 0.2441
16360 9 64 0.2441
16370 9 57 0.315
16380 9 64 0.2441
16390 9 61 0.2441
16400 9 64 0.2441
16410 9 57 0.315
16420 9 64 0.2441
16430 9 61 0.2441
16440 9 64 0.2441
16450 9 57 0.315
16460 9 64 0.2441
16470 9 61 0.2441
16480 9 64 0.2441
16490 9 57 0.315
16500 9 64 0.2441
16509 9 61 0.2441
16519 9 64 0.2441
16529 9 57 0.315
16539 9 64 0.2441
16549 9 61 0.2441
16559 9 64 0.2441
16569 9 57 0.315
16579 9 64 0.2441
16589 9 61 0.2441
16599 9 64 0.2441
16609 9 57 0.315
16619 9 66 0.2441
16629 9 62 0.2441
16639 9 66 0.2441
16649 9 57 0.315
16658 9 66 0.2441
16668 9 62 0.2441
16678 9 66 0.2441
16688 9 57 0.315
16698 9 64 0.2441
16708 9 61 0.2441
16718 9 64 0.2441
16728 9 57 0.315
16738 9 64 0.2441
16748 9 61 0.2441
16758 9 64 0.2441
16768 9 52 0.315
16778 9 64 0.2441
16788 9 59 0.2441
16798 9 64 0.2441
16807 9 52 0.315
16817 9 64 0.2441
16827 9 59 0.2441
16837 4 64 0.2441
16842 1 45 0.4803
16844 1 49 0.4803
16846 1 52 0.4803
16847 9 57 0.685
16867 9 57 0.5276
16887 9 57 0.5276
16907 9 57 0.5039
16917 3 45 0.4803
16920 3 49 0.5197
16923 3 52 0.5669
16927 9 57 0.685
16947 9 57 0.5197
16966 9 57 0.5197
16986 9 57 0.5197
16996 3 45 0.4803
17000 3 49 0.5197
17003 3 52 0.5669
17006 9 57 0.685
17026 9 57 0.5276
17046 9 57 0.5276
17066 9 57 0.5276
17076 3 38 0.4803
17079 3 42 0.5197
17082 3 45 0.5669
17086 9 50 0.685
17105 9 50 0.5354
17125 9 50 0.5354
17145 9 50 0.5354
17155 3 45 0.4803
17158 3 49 0.5197
17162 3 52 0.5669
17165 9 57 0.685
17185 9 57 0.5276
17205 9 57 0.5276
17225 9 57 0.5276
17235 3 40 0.4803
17238 3 44 0.5197
17241 3 47 0.5669
17245 4 52 0.685
17264 4 52 0.5276
17284 4 52 0.5276
17304 4 52 0.5276
17314 3 45 0.4803
17317 3 49 0.5197
17321 3 52 0.5669
17324 9 57 0.685
17344 9 57 0.5276
17364 9 57 0.5276
17384 9 57 0.5276
17394 3 45 0.4803
17397 3 49 0.5197
17400 3 52 0.5669
17403 9 57 0.685
17423 9 57 0.5197
17443 9 57 0.5197
17463 9 57 0.5197
17473 3 45 0.4803
17476 3 49 0.5197
17480 3 52 0.5669
17483 9 57 0.685
17503 9 57 0.5276
17523 9 57 0.5276
17543 9 57 0.5276
17552 3 45 0.4803
17556 3 49 0.5197
17559 3 52 0.5669
17562 9 57 0.748
17582 9 57 0.5512
17592 3 45 0.5276
17596 3 49 0.5669
17599 3 52 0.622
17602 9 57 0.748
17622 9 57 0.5512
17642 39 45 0.6929
17682 39 57 0.6929
17721 39 45 0.5827
17721 39 49 0.5827
17721 39 52 0.5827
17721 39 57 0.6929
