0 48 63 0.6378
9 39 69 0.6378
18 33 78 0.7559
18 30 29 0.5512
18 30 41 0.6614
48 48 69 0.5354
48 51 77 0.6299
48 48 63 0.4882
48 48 48 0.3701
48 48 53 0.4173
48 48 60 0.5591
96 48 63 0.5039
96 48 69 0.5276
96 51 76 0.6299
96 48 48 0.3622
96 48 53 0.4094
96 48 60 0.5512
144 48 69 0.5433
144 48 63 0.4961
144 51 75 0.6378
144 48 48 0.3701
144 48 53 0.4173
144 48 60 0.5669
193 51 73 0.6535
193 48 63 0.4882
193 48 69 0.5433
193 48 48 0.378
193 48 53 0.4331
193 48 60 0.5827
241 45 69 0.5118
241 45 63 0.4567
241 45 72 0.6142
241 45 48 0.3622
241 45 53 0.4094
241 45 60 0.5512
289 21 77 0.3071
289 36 46 0.4173
307 21 75 0.315
326 21 72 0.3228
326 18 61 0.2283
326 18 53 0.1811
344 21 73 0.3307
362 21 65 0.3386
380 21 69 0.3543
398 21 70 0.3543
398 36 41 0.315
416 21 72 0.3622
434 21 73 0.378
434 36 46 0.4488
452 21 75 0.3858
470 21 77 0.4016
470 18 61 0.2677
470 18 53 0.2126
489 21 79 0.4016
507 21 81 0.4094
525 21 82 0.4173
543 21 84 0.4252
543 36 41 0.3701
561 21 85 0.4409
579 21 87 0.4409
579 36 46 0.5118
597 21 89 0.4488
615 21 91 0.4567
615 18 61 0.2756
615 18 53 0.2205
633 21 93 0.4646
652 21 94 0.4803
670 21 96 0.4882
688 21 97 0.5039
688 36 41 0.3937
706 21 99 0.5118
724 21 100 0.5276
724 36 46 0.5354
742 21 101 0.5118
760 21 99 0.5118
760 18 61 0.3228
760 18 53 0.2677
778 21 97 0.4961
796 21 96 0.4882
815 21 94 0.4803
833 21 93 0.4724
833 36 41 0.3622
851 18 94 0.4646
869 21 92 0.4567
869 36 46 0.4724
887 21 90 0.4488
905 21 89 0.4409
905 18 61 0.2992
905 18 53 0.252
923 21 88 0.4409
941 21 89 0.4331
959 21 87 0.4252
978 21 85 0.4173
978 36 41 0.3307
996 21 84 0.4094
1014 21 82 0.4016
1014 36 46 0.4252
1032 21 81 0.3937
1050 21 82 0.3858
1050 18 61 0.2677
1050 18 53 0.2205
1068 21 80 0.3858
1086 21 78 0.378
1104 21 77 0.378
1122 21 75 0.3622
1122 36 41 0.3071
1141 21 73 0.3543
1159 21 72 0.3543
1159 36 46 0.4016
1177 21 73 0.3543
1195 21 75 0.3543
1195 18 63 0.2205
1195 18 54 0.1732
1195 18 51 0.1732
1213 21 77 0.3622
1231 21 78 0.3701
1249 21 80 0.3701
1267 21 82 0.378
1267 36 34 0.3386
1285 21 84 0.3858
1304 21 82 0.378
1304 36 46 0.4646
1322 21 80 0.378
1340 21 78 0.3858
1340 18 63 0.2756
1340 18 54 0.2283
1340 18 51 0.2283
1358 21 77 0.3858
1376 21 75 0.3937
1394 21 73 0.4016
1412 21 72 0.4016
1412 36 34 0.3071
1430 21 75 0.4016
1448 21 78 0.4016
1448 36 46 0.4409
1467 21 74 0.378
1485 21 77 0.4016
1485 18 63 0.2441
1485 18 54 0.2047
1485 18 51 0.2047
1503 21 75 0.3543
1521 21 72 0.3543
1539 21 66 0.3386
1557 21 71 0.3465
1557 36 34 0.2913
1575 21 72 0.3543
1593 21 73 0.3543
1593 36 46 0.4016
1611 21 72 0.3622
1630 21 74 0.378
1630 18 63 0.2283
1630 18 54 0.189
1630 18 51 0.189
1648 21 75 0.378
1666 21 77 0.378
1684 21 75 0.3937
1702 21 76 0.4016
1702 36 34 0.3386
1720 18 77 0.4016
1738 21 80 0.4094
1738 36 46 0.4646
1756 21 78 0.4173
1774 21 81 0.4331
1774 18 63 0.2598
1774 18 54 0.2205
1774 18 51 0.2205
1793 21 82 0.4409
1811 21 85 0.4409
1829 21 84 0.4567
1847 21 85 0.4646
1847 36 34 0.4409
1865 21 86 0.4724
1883 21 89 0.4803
1883 36 46 0.5354
1901 21 87 0.4882
1919 21 88 0.4882
1919 18 63 0.2835
1919 18 54 0.2283
1919 18 51 0.2283
1937 21 89 0.4961
1956 21 93 0.5039
1974 21 94 0.5118
1992 21 92 0.5276
1992 36 46 0.4646
2010 21 91 0.5354
2028 21 90 0.5276
2028 36 45 0.5748
2046 21 101 0.5197
2064 21 99 0.5197
2064 18 63 0.3386
2064 18 54 0.2835
2082 21 87 0.5118
2100 21 97 0.4961
2119 21 96 0.4882
2137 21 84 0.4882
2137 36 33 0.3622
2155 21 94 0.4803
2173 21 93 0.4724
2173 36 45 0.4724
2191 21 81 0.4646
2209 21 92 0.4488
2209 18 63 0.2913
2209 18 54 0.2441
2227 21 90 0.4488
2245 21 78 0.4409
2263 21 89 0.4409
2282 21 87 0.4331
2282 36 44 0.315
2300 21 78 0.4252
2318 21 77 0.4252
2318 36 46 0.4331
2336 21 87 0.4094
2354 21 85 0.4016
2354 18 61 0.2677
2354 18 53 0.2205
2372 21 77 0.4016
2390 21 85 0.3937
2408 21 84 0.3937
2426 21 75 0.3858
2426 36 46 0.3071
2445 21 84 0.3701
2463 21 73 0.3622
2463 36 49 0.3858
2481 21 82 0.3622
2499 21 80 0.3543
2499 18 65 0.2283
2499 18 58 0.1969
2499 18 53 0.1969
2517 21 72 0.3543
2535 21 80 0.3465
2553 21 78 0.3307
2571 21 70 0.3307
2571 36 49 0.2598
2589 18 78 0.3307
2608 21 69 0.315
2608 36 51 0.3228
2626 21 70 0.3307
2644 21 72 0.3307
2644 18 66 0.1969
2644 18 57 0.1575
2662 21 73 0.3465
2680 21 75 0.3543
2698 21 76 0.3622
2716 21 77 0.3701
2716 36 51 0.2756
2734 21 78 0.378
2752 21 76 0.4016
2752 36 49 0.3858
2771 21 77 0.3858
2789 21 74 0.3701
2789 18 65 0.2205
2789 18 58 0.1417
2789 18 53 0.1417
2807 21 75 0.3622
2825 21 72 0.3543
2843 21 73 0.3465
2861 21 72 0.3386
2861 36 49 0.315
2879 18 70 0.3228
2897 21 69 0.3071
2897 36 51 0.3937
2915 21 70 0.3228
2934 21 72 0.3307
2934 18 66 0.2126
2934 18 57 0.1732
2952 21 73 0.3465
2970 21 75 0.3543
2988 21 76 0.3701
3006 21 77 0.3858
3006 36 51 0.2835
3024 21 78 0.3937
3042 21 76 0.4016
3042 36 49 0.4016
3060 21 77 0.3937
3078 21 74 0.378
3078 18 65 0.2283
3078 18 58 0.189
3078 18 53 0.189
3097 21 75 0.378
3115 21 72 0.3622
3133 21 73 0.3543
3151 21 72 0.3543
3151 36 49 0.2835
3169 18 70 0.3386
3187 21 71 0.3228
3187 36 53 0.3307
3205 21 72 0.3307
3223 21 74 0.3465
3223 18 68 0.2205
3223 18 59 0.1811
3241 21 75 0.3543
3260 21 76 0.378
3278 21 77 0.3937
3296 21 79 0.4016
3296 36 53 0.3071
3314 21 80 0.4173
3332 21 78 0.4252
3332 36 51 0.4252
3350 21 79 0.4094
3368 21 76 0.4016
3368 18 67 0.252
3368 18 60 0.2047
3368 18 55 0.2047
3386 21 77 0.378
3404 21 74 0.378
3423 21 75 0.378
3441 21 74 0.3622
3441 36 51 0.2756
3459 18 72 0.3543
3477 21 71 0.3386
3477 36 53 0.3307
3495 21 72 0.3465
3513 21 74 0.3543
3513 18 68 0.2205
3513 18 59 0.1811
3531 21 75 0.3701
3549 21 76 0.3858
3567 21 77 0.4016
3586 21 79 0.4173
3586 36 53 0.2992
3604 21 80 0.4252
3622 21 78 0.4488
3622 36 51 0.4094
3640 21 79 0.4409
3658 21 76 0.4252
3658 18 67 0.252
3658 18 60 0.2047
3658 18 55 0.2047
3676 21 77 0.4016
3694 21 74 0.4016
3712 21 75 0.4016
3730 21 74 0.3858
3730 36 51 0.3543
3749 18 72 0.378
3767 21 73 0.3622
3767 36 53 0.4331
3785 21 75 0.3543
3803 21 77 0.3701
3803 18 68 0.2205
3803 18 61 0.1811
3803 18 56 0.1811
3821 21 78 0.3858
3839 21 80 0.3937
3857 21 82 0.4016
3875 21 83 0.4173
3875 36 53 0.315
3893 21 84 0.4331
3912 21 85 0.4409
3912 36 54 0.4331
3930 21 86 0.4488
3948 21 89 0.4567
3948 18 69 0.2677
3948 18 60 0.2205
3948 18 57 0.2205
3966 21 87 0.4409
3984 21 84 0.4409
4002 21 81 0.4252
4020 21 78 0.4173
4020 36 54 0.3071
4038 18 75 0.4016
4056 21 73 0.378
4056 36 53 0.4016
4075 21 75 0.4016
4093 21 77 0.4016
4093 18 68 0.2362
4093 18 61 0.2126
4093 18 56 0.2126
4111 21 78 0.4173
4129 21 80 0.4331
4147 21 82 0.4409
4165 21 83 0.4567
4165 36 53 0.3543
4183 21 84 0.4567
4201 21 85 0.4724
4201 36 52 0.4646
4219 21 84 0.4882
4238 21 87 0.4961
4238 18 67 0.2677
4238 18 61 0.2283
4238 18 58 0.2283
4256 21 85 0.4724
4274 21 82 0.4567
4292 21 79 0.4409
4310 21 76 0.4331
4310 36 52 0.3858
4328 18 73 0.4094
4346 21 72 0.4409
4346 36 51 0.5039
4364 21 73 0.4409
4383 21 74 0.4488
4383 18 60 0.2362
4383 18 66 0.2913
4383 18 57 0.2362
4401 21 75 0.4646
4419 21 76 0.4724
4437 21 77 0.4803
4455 21 78 0.4803
4455 36 51 0.4331
4473 21 79 0.4882
4491 21 80 0.4882
4491 36 49 0.5197
4509 21 81 0.4882
4527 21 84 0.4803
4527 18 65 0.2913
4527 18 58 0.2362
4527 18 53 0.2362
4546 21 82 0.4803
4564 21 78 0.4646
4582 21 77 0.4567
4600 21 75 0.4488
4618 18 73 0.4409
4636 21 72 0.5197
4636 36 41 0.7165
4654 21 70 0.5118
4672 21 69 0.5118
4690 21 72 0.5118
4695 86 48 0.5354
4699 81 53 0.5354
4704 76 57 0.5354
4709 21 66 0.5039
4709 72 63 0.6378
4727 21 65 0.5118
4745 21 64 0.5276
4763 21 65 0.5433
4781 21 66 0.5512
4799 21 65 0.5354
4817 21 70 0.5669
4835 21 69 0.5591
4853 21 73 0.5827
4872 21 72 0.5591
4890 21 80 0.5827
4908 18 78 0.5906
4926 21 77 0.6063
4926 36 34 0.6063
4926 36 46 0.7559
4944 21 72 0.6063
4962 21 75 0.6142
4962 18 49 0.3386
4962 18 61 0.4882
4962 18 53 0.4016
4980 21 73 0.622
4998 21 65 0.622
5016 21 69 0.6299
5035 21 70 0.6378
5035 36 29 0.4724
5035 36 41 0.622
5053 21 72 0.6378
5071 21 73 0.6457
5071 36 34 0.6142
5071 36 46 0.7717
5089 21 75 0.6535
5107 21 77 0.6614
5107 18 49 0.3307
5107 18 61 0.4882
5107 18 53 0.3937
5125 21 79 0.6614
5143 21 81 0.6693
5161 21 82 0.6772
5179 21 84 0.6772
5179 36 29 0.4803
5179 36 41 0.6063
5198 21 85 0.685
5216 21 87 0.6929
5216 36 34 0.5748
5216 36 46 0.7323
5234 21 89 0.7008
5252 21 91 0.7008
5252 18 49 0.3465
5252 18 61 0.4961
5252 18 53 0.4094
5270 21 93 0.7087
5288 21 94 0.7165
5306 21 96 0.7165
5324 21 97 0.7244
5324 36 29 0.4882
5324 36 41 0.622
5342 21 99 0.7323
5361 21 100 0.7402
5361 36 34 0.622
5361 36 46 0.7559
5379 21 101 0.7244
5397 21 99 0.7244
5397 18 49 0.4016
5397 18 61 0.5669
5397 18 53 0.4724
5415 21 97 0.7165
5433 21 96 0.7087
5451 21 94 0.6929
5469 21 93 0.685
5469 36 29 0.4409
5469 36 41 0.5827
5487 21 94 0.6772
5505 21 92 0.6772
5505 36 34 0.5512
5505 36 46 0.7244
5524 21 90 0.6693
5542 21 89 0.6535
5542 18 49 0.3858
5542 18 61 0.5354
5542 18 53 0.4567
5560 21 88 0.6457
5578 21 89 0.622
5596 21 87 0.6063
5614 21 85 0.5984
5614 36 29 0.3858
5614 36 41 0.5118
5632 21 84 0.5827
5650 21 82 0.5669
5650 36 34 0.4882
5650 36 46 0.6063
5668 21 81 0.5433
5687 21 82 0.5354
5687 18 49 0.315
5687 18 61 0.4488
5687 18 53 0.378
5705 21 80 0.5276
5723 21 78 0.5197
5741 21 77 0.5118
5759 21 75 0.4961
5759 36 29 0.3543
5759 36 41 0.4646
5777 18 73 0.4803
5795 21 72 0.4803
5795 36 34 0.4409
5795 36 46 0.5276
5813 21 73 0.4803
5831 21 75 0.4882
5831 18 63 0.3701
5831 18 54 0.3071
5831 18 51 0.2598
5850 21 77 0.5039
5868 21 78 0.5197
5886 21 80 0.5197
5904 21 82 0.5354
5904 36 29 0.3701
5904 36 41 0.4882
5922 21 84 0.5512
5940 21 82 0.5512
5940 36 34 0.5039
5940 36 46 0.5984
5958 21 80 0.5591
5976 21 78 0.5748
5976 18 63 0.4488
5976 18 54 0.3701
5976 18 51 0.3071
5994 21 77 0.5906
6013 21 75 0.5906
6031 21 73 0.5748
6049 21 72 0.5669
6049 36 29 0.4016
6049 36 41 0.5276
6067 21 75 0.5748
6085 21 78 0.6063
6085 36 33 0.5433
6085 36 45 0.7008
6103 21 74 0.5354
6121 21 76 0.5827
6121 18 63 0.4803
6121 18 54 0.3937
6121 18 51 0.3307
6139 21 75 0.5197
6157 21 72 0.5669
6176 21 66 0.5354
6194 21 71 0.5433
6194 36 27 0.378
6194 36 39 0.4961
6212 21 72 0.5512
6230 21 73 0.5669
6230 36 33 0.4803
6230 36 45 0.6378
6248 21 72 0.5748
6266 21 74 0.5827
6266 18 63 0.4488
6266 18 54 0.3701
6266 18 51 0.3071
6284 21 75 0.5827
6302 21 76 0.5906
6320 21 75 0.5984
6339 21 76 0.6142
6339 36 27 0.5039
6339 36 39 0.6457
6357 18 77 0.622
6375 21 80 0.6299
6375 36 33 0.6142
6375 36 45 0.7717
6393 21 78 0.6378
6411 21 83 0.6457
6411 18 63 0.4803
6411 18 54 0.3937
6411 18 51 0.3307
6429 21 84 0.6614
6447 21 85 0.6693
6465 21 84 0.6772
6483 21 86 0.685
6483 36 27 0.4488
6483 36 39 0.6063
6502 21 87 0.6929
6520 21 88 0.7087
6520 36 33 0.5827
6520 36 45 0.7323
6538 21 87 0.7165
6556 21 88 0.7244
6556 18 63 0.5197
6556 18 54 0.4331
6556 18 51 0.3622
6574 21 89 0.7244
6592 21 92 0.7323
6610 21 94 0.7402
6628 21 92 0.7559
6628 36 27 0.4882
6628 36 39 0.6457
6646 21 91 0.7638
6665 21 90 0.748
6665 36 32 0.5984
6665 36 44 0.7795
6683 21 101 0.748
6701 21 99 0.7323
6701 18 51 0.4016
6701 18 66 0.5748
6701 18 60 0.4803
6719 21 90 0.7165
6737 21 99 0.7008
6755 21 97 0.685
6773 21 89 0.6693
6773 36 27 0.4173
6773 36 39 0.5433
6791 21 97 0.6535
6809 21 96 0.6378
6809 36 32 0.4961
6809 36 44 0.6457
6828 21 87 0.6299
6846 21 96 0.6142
6846 18 51 0.3386
6846 18 66 0.4803
6846 18 60 0.4016
6864 21 94 0.5984
6882 21 85 0.5827
6900 21 94 0.5748
6918 21 92 0.5591
6918 36 32 0.4567
6936 18 84 0.5433
6954 21 92 0.5354
6954 36 44 0.5748
6972 21 90 0.5276
6991 21 82 0.5118
6991 18 53 0.3386
6991 18 65 0.4094
6991 18 61 0.3386
7009 21 90 0.5039
7027 21 89 0.4882
7045 21 80 0.4803
7063 21 89 0.4724
7063 36 32 0.4016
7081 21 87 0.4646
7099 21 78 0.4488
7099 36 44 0.4567
7117 21 87 0.4409
7135 21 85 0.4331
7135 18 61 0.3543
7135 18 53 0.2992
7154 21 77 0.4252
7172 21 82 0.4173
7190 21 80 0.4016
7208 21 77 0.4016
7208 36 32 0.3307
7226 18 73 0.3937
7244 21 72 0.378
7244 36 44 0.3858
7262 21 73 0.3858
7280 21 75 0.3937
7280 18 51 0.2362
7280 18 60 0.2913
7280 18 54 0.2362
7298 21 76 0.4016
7317 21 77 0.4094
7335 21 78 0.4173
7353 21 80 0.4173
7353 36 32 0.3307
7371 21 81 0.4331
7389 21 79 0.4252
7389 36 44 0.4016
7407 21 80 0.4173
7425 21 75 0.4173
7425 18 61 0.2992
7425 18 52 0.189
7443 21 76 0.4016
7461 21 68 0.4016
7480 21 76 0.3937
7498 21 75 0.378
7498 36 32 0.3543
7516 18 73 0.3701
7534 21 72 0.3543
7534 36 44 0.3858
7552 21 73 0.3701
7570 21 75 0.378
7570 18 51 0.2362
7570 18 60 0.2913
7570 18 54 0.2362
7588 21 76 0.3937
7606 21 77 0.4016
7624 21 78 0.4094
7643 21 80 0.4173
7643 36 44 0.3307
7661 21 81 0.4173
7679 21 79 0.4331
7679 36 49 0.4016
7697 21 80 0.4173
7715 21 75 0.4173
7715 18 61 0.2992
7715 18 52 0.189
7733 21 76 0.4094
7751 21 68 0.4016
7769 21 76 0.4016
7787 21 73 0.3937
7787 36 43 0.3543
7806 18 71 0.378
7824 21 70 0.3701
7824 36 42 0.3858
7842 21 71 0.378
7860 21 73 0.3937
7860 18 54 0.2362
7860 18 64 0.2913
7860 18 58 0.2362
7878 21 74 0.4016
7896 21 75 0.4016
7914 21 76 0.4173
7932 21 78 0.4173
7932 36 30 0.3307
7950 21 79 0.4252
7969 21 77 0.4331
7969 36 42 0.4016
7987 21 78 0.4252
8005 21 75 0.4173
8005 18 59 0.189
8005 18 62 0.2992
8005 18 54 0.189
8023 21 76 0.4173
8041 21 73 0.4094
8059 21 74 0.4016
8077 21 71 0.3937
8077 36 41 0.3543
8095 18 69 0.3858
8113 21 68 0.378
8113 36 40 0.3858
8132 21 69 0.3858
8150 21 71 0.3937
8150 18 52 0.2362
8150 18 62 0.2913
8150 18 56 0.2362
8168 21 72 0.4016
8186 21 73 0.4094
8204 21 74 0.4173
8222 21 76 0.4173
8222 36 28 0.3307
8240 21 77 0.4331
8258 21 75 0.4409
8258 36 40 0.4016
8276 21 76 0.4173
8295 21 73 0.4252
8295 18 57 0.189
8295 18 60 0.2992
8295 18 52 0.189
8313 21 74 0.4094
8331 21 71 0.4173
8349 21 72 0.4016
8367 21 71 0.4016
8367 36 28 0.2992
8367 36 40 0.3543
8385 18 69 0.3937
8403 21 68 0.4646
8403 36 29 0.378
8403 36 41 0.4488
8421 21 69 0.4488
8439 21 73 0.4961
8458 21 72 0.4567
8458 72 48 0.3228
8467 63 53 0.3228
8476 21 70 0.4803
8476 54 63 0.3858
8494 21 69 0.4646
8512 21 78 0.4961
8530 21 77 0.4803
8530 72 46 0.3465
8539 63 53 0.3465
8548 21 75 0.4803
8548 54 61 0.4094
8566 18 73 0.4961
8584 21 84 0.5354
8602 21 82 0.5197
8602 72 51 0.315
8612 63 58 0.315
8621 21 80 0.5118
8621 54 66 0.3701
8639 21 78 0.5039
8657 21 77 0.4961
8675 21 75 0.4961
8675 72 44 0.378
8684 63 54 0.378
8693 21 73 0.4961
8693 54 60 0.4488
8711 18 72 0.4488
8729 21 82 0.4803
8747 21 80 0.4724
8747 72 49 0.3228
8756 63 56 0.3228
8766 21 78 0.4646
8766 54 65 0.3858
8784 21 77 0.4567
8802 21 75 0.4488
8820 21 73 0.4803
8820 72 42 0.3465
8829 63 49 0.3465
8838 21 72 0.4803
8838 54 58 0.4094
8856 18 70 0.4567
8874 21 80 0.4882
8892 21 78 0.4803
8892 72 48 0.315
8901 63 54 0.315
8910 21 77 0.4724
8910 54 63 0.3701
8929 21 75 0.4646
8947 21 73 0.4567
8965 21 72 0.4488
8983 21 70 0.5039
8983 72 58 0.315
8983 72 53 0.315
8983 72 49 0.315
8983 72 61 0.3701
9001 21 69 0.4882
9019 21 68 0.4646
9037 18 67 0.4488
9055 21 68 0.5039
9055 72 51 0.315
9055 72 54 0.315
9055 72 58 0.315
9055 72 60 0.3701
9073 21 67 0.4803
9092 21 66 0.4567
9110 18 65 0.4409
9128 21 67 0.4961
9146 21 66 0.4724
9164 21 65 0.4567
9182 18 64 0.4331
9200 21 66 0.4961
9200 18 54 0.4173
9218 21 65 0.4724
9218 18 53 0.4016
9236 21 64 0.4488
9236 18 52 0.378
9255 18 63 0.4331
9255 18 51 0.3622
9273 21 65 0.5039
9273 18 53 0.4252
9291 21 64 0.4882
9291 18 52 0.4094
9309 21 63 0.4567
9309 18 51 0.3858
9327 18 62 0.4409
9327 18 50 0.3701
9345 21 64 0.4882
9345 18 52 0.4094
9363 21 63 0.4646
9363 18 51 0.3858
9381 21 62 0.4409
9381 18 50 0.3701
9399 18 61 0.4173
9399 18 49 0.3543
9418 21 63 0.4646
9418 18 51 0.3937
9436 21 62 0.4488
9436 18 50 0.378
9454 21 61 0.4252
9454 18 49 0.3622
9472 18 60 0.4016
9472 18 48 0.3386
9490 21 63 0.4567
9490 18 51 0.3858
9508 21 61 0.4331
9508 18 49 0.3622
9526 21 60 0.4094
9526 18 48 0.3465
9544 18 58 0.3937
9544 18 46 0.3228
9562 21 57 0.315
9562 36 39 0.3071
9581 21 58 0.3307
9599 21 60 0.3307
9599 18 54 0.2205
9599 18 45 0.1811
9617 21 61 0.3465
9635 21 63 0.3543
9653 21 64 0.3622
9671 21 65 0.3701
9671 36 39 0.3307
9689 21 66 0.378
9707 21 64 0.4016
9707 36 37 0.4252
9725 21 65 0.3858
9744 21 62 0.3701
9744 18 53 0.252
9744 18 46 0.1654
9762 21 63 0.3622
9780 21 60 0.3543
9798 21 61 0.3465
9816 21 60 0.3386
9816 36 37 0.2677
9834 18 58 0.3228
9852 21 57 0.3071
9852 36 39 0.3228
9870 21 58 0.3228
9888 21 60 0.3307
9888 18 54 0.2283
9888 18 45 0.1969
9907 21 61 0.3465
9925 21 63 0.3543
9943 21 64 0.3701
9961 21 65 0.3858
9961 36 39 0.3307
9979 21 66 0.4016
9997 21 64 0.4016
9997 36 37 0.4409
10015 21 65 0.3937
10033 21 62 0.378
10033 18 53 0.2598
10033 18 46 0.2205
10051 21 63 0.378
10070 21 60 0.3622
10088 21 61 0.3543
10106 21 60 0.3543
10106 36 37 0.2835
10124 18 58 0.3386
10142 21 60 0.3071
10142 36 39 0.3071
10160 21 61 0.3228
10178 21 63 0.3307
10178 18 54 0.2283
10178 18 46 0.1969
10196 21 65 0.3465
10214 21 66 0.3543
10233 21 72 0.3701
10251 21 70 0.3543
10251 36 39 0.3228
10269 21 60 0.3701
10287 21 58 0.3071
10287 36 41 0.3858
10305 21 60 0.3228
10323 21 61 0.3386
10323 18 58 0.2362
10323 18 49 0.2047
10341 21 63 0.3543
10359 21 65 0.3701
10377 21 72 0.3858
10396 21 70 0.3701
10396 36 29 0.2992
10414 18 66 0.378
10432 21 64 0.3071
10432 36 41 0.3071
10450 21 65 0.3228
10468 21 66 0.3307
10468 18 57 0.2283
10468 18 51 0.1969
10486 21 65 0.3465
10504 21 70 0.3701
10522 21 69 0.3543
10540 21 78 0.4252
10540 36 41 0.315
10559 21 77 0.4094
10577 21 75 0.4409
10577 36 46 0.4488
10595 21 73 0.4173
10613 21 70 0.4016
10613 18 61 0.2598
10613 18 53 0.2205
10631 21 65 0.3701
10649 21 63 0.3701
10667 21 61 0.3543
10685 21 58 0.3465
10685 36 37 0.2835
10703 18 53 0.3307
10722 21 57 0.315
10722 36 39 0.3386
10740 21 58 0.3307
10758 21 60 0.3307
10758 18 54 0.2205
10758 18 45 0.1811
10776 21 61 0.3465
10794 21 63 0.3543
10812 21 64 0.3622
10830 21 65 0.3701
10830 36 39 0.3307
10848 21 66 0.378
10866 21 64 0.4016
10866 36 37 0.4409
10885 21 65 0.3858
10903 21 62 0.3701
10903 18 53 0.252
10903 18 46 0.1654
10921 21 63 0.3622
10939 21 60 0.3543
10957 21 61 0.3465
10975 21 60 0.3386
10975 36 37 0.2677
10993 18 58 0.3228
11011 21 57 0.3701
11011 36 39 0.378
11029 21 58 0.3858
11048 21 60 0.3937
11048 18 54 0.2756
11048 18 45 0.2362
11066 21 61 0.4094
11084 21 63 0.4252
11102 21 64 0.4409
11120 21 65 0.4567
11120 36 39 0.3386
11138 21 66 0.4724
11156 21 64 0.4724
11156 36 37 0.4961
11174 21 65 0.4646
11192 21 62 0.4488
11192 18 53 0.3071
11192 18 46 0.2598
11211 21 63 0.4488
11229 21 60 0.4331
11247 21 61 0.4173
11265 21 60 0.4173
11265 36 37 0.3386
11283 18 58 0.4016
11301 21 59 0.4094
11301 72 39 0.378
11301 72 47 0.378
11301 72 54 0.4488
11319 21 61 0.4173
11337 21 63 0.4331
11355 21 64 0.4409
11374 21 66 0.4567
11392 21 68 0.4724
11410 21 70 0.4882
11428 21 71 0.4961
11446 21 73 0.5197
11446 72 51 0.4094
11446 72 54 0.4094
11446 72 59 0.4094
11446 72 66 0.4803
11464 21 75 0.5354
11482 21 76 0.5512
11500 21 78 0.5669
11518 21 80 0.5748
11518 72 49 0.3622
11518 72 54 0.3622
11518 72 58 0.3622
11518 72 64 0.4331
11537 21 82 0.5984
11555 21 83 0.6063
11573 21 85 0.6299
11591 21 88 0.6378
11591 144 63 0.5118
11591 72 47 0.4331
11591 72 54 0.4331
11609 21 87 0.6142
11627 21 83 0.6142
11645 21 80 0.6063
11663 21 78 0.5827
11681 21 75 0.5669
11700 21 71 0.5669
11718 21 68 0.5512
11736 21 66 0.5354
11754 21 63 0.5039
11772 21 59 0.4803
11790 21 56 0.4803
11808 21 54 0.4646
11826 21 51 0.4646
11844 21 47 0.4488
11863 18 44 0.4409
11881 21 40 0.4882
11881 21 28 0.4094
11899 21 41 0.4961
11899 21 29 0.4094
11917 21 46 0.5039
11917 21 34 0.4094
11935 21 45 0.5039
11935 21 33 0.4173
11953 21 42 0.5118
11953 21 30 0.4173
11971 21 41 0.5118
11971 21 29 0.4173
11989 21 49 0.5118
11989 21 37 0.4252
12007 21 48 0.5118
12007 21 36 0.4252
12026 21 46 0.5276
12026 21 34 0.4252
12044 21 45 0.5276
12044 21 33 0.4331
12062 21 54 0.5433
12062 21 42 0.4331
12080 21 53 0.5512
12080 21 41 0.4409
12098 21 49 0.5512
12098 21 37 0.4409
12116 21 48 0.5512
12116 21 36 0.4409
12134 21 58 0.5591
12134 21 46 0.4409
12152 21 57 0.5591
12152 21 45 0.4409
12170 21 54 0.5591
12170 21 42 0.4409
12189 21 53 0.5669
12189 21 41 0.4488
12207 21 61 0.5669
12207 21 49 0.4488
12225 21 60 0.5669
12225 21 48 0.4488
12243 21 58 0.5748
12243 21 46 0.4567
12261 21 57 0.5748
12261 21 45 0.4567
12279 21 66 0.5748
12279 21 54 0.4567
12297 21 65 0.5827
12297 21 53 0.4646
12315 21 61 0.5827
12315 21 49 0.4646
12333 21 60 0.5906
12333 21 48 0.4724
12352 21 70 0.5906
12352 21 58 0.4724
12370 21 69 0.5906
12370 21 57 0.4724
12388 21 66 0.5984
12388 21 54 0.4724
12406 21 65 0.5984
12406 21 53 0.4724
12424 21 73 0.5984
12424 21 61 0.4724
12442 18 72 0.6063
12442 18 60 0.4803
12460 21 70 0.6063
12460 21 58 0.4803
12478 21 69 0.6063
12478 21 57 0.4803
12496 21 78 0.6142
12496 21 66 0.4882
12515 21 77 0.6142
12515 21 65 0.4882
12533 21 73 0.622
12533 21 61 0.4961
12551 21 72 0.622
12551 21 60 0.4961
12569 21 82 0.622
12569 21 70 0.4961
12587 21 81 0.6299
12587 21 69 0.5039
12605 21 78 0.6299
12605 21 66 0.5039
12623 21 77 0.6299
12623 21 65 0.5039
12641 21 85 0.6378
12641 21 73 0.5039
12659 21 84 0.6378
12659 21 72 0.5039
12678 21 82 0.6378
12678 21 70 0.5039
12696 21 81 0.6457
12696 21 69 0.5118
12714 21 90 0.6457
12714 21 78 0.5118
12732 21 89 0.6457
12732 21 77 0.5118
12750 21 85 0.6535
12750 21 73 0.5197
12768 21 84 0.6535
12768 21 72 0.5197
12786 21 94 0.6614
12786 21 82 0.5276
12804 21 93 0.6614
12804 21 81 0.5276
12822 21 90 0.6614
12822 21 78 0.5276
12841 21 89 0.6693
12841 21 77 0.5354
12859 21 97 0.6693
12859 21 85 0.5354
12877 21 96 0.6693
12877 21 84 0.5354
12895 21 101 0.7323
12895 21 89 0.5827
12967 18 63 0.6693
12967 18 69 0.6693
12967 18 77 0.7874
12967 18 41 0.5039
12967 18 53 0.5906
13022 18 34 0.7165
13040 72 82 0.8898
13040 72 70 0.7874
13040 72 46 0.5669
13040 72 53 0.5669
13040 72 61 0.6772
