58 29 70 0.3858
88 9 70 0.378
88 9 39 0.2835
97 9 58 0.2913
97 9 55 0.2205
107 9 67 0.2913
107 9 46 0.2205
117 9 75 0.4094
117 9 39 0.2598
127 9 63 0.3071
127 9 55 0.2283
137 9 70 0.315
137 9 46 0.2362
146 9 79 0.4409
146 9 39 0.2835
156 9 67 0.3228
156 9 58 0.252
166 9 75 0.3465
166 9 46 0.252
176 9 82 0.4961
176 9 39 0.3228
186 9 70 0.3858
186 9 63 0.2598
195 9 79 0.3937
195 9 55 0.2677
205 9 87 0.5354
205 9 46 0.3307
215 9 75 0.4094
215 9 67 0.2756
225 9 82 0.4331
225 9 58 0.2913
235 9 91 0.5591
235 9 51 0.3701
244 9 79 0.4252
244 9 70 0.3071
254 9 82 0.4488
254 9 58 0.3543
264 9 89 0.5906
264 9 51 0.4331
274 9 74 0.4567
274 9 71 0.3071
284 9 80 0.4409
284 9 59 0.2992
293 9 87 0.5669
293 9 51 0.3858
303 9 75 0.4409
303 9 72 0.2992
313 9 80 0.4331
313 9 60 0.2835
323 9 84 0.5354
323 9 51 0.3228
333 9 72 0.4016
333 9 68 0.2598
342 9 80 0.3858
342 9 62 0.252
352 9 84 0.5512
352 9 51 0.3622
362 9 72 0.4016
362 9 67 0.2835
372 9 79 0.3622
372 9 63 0.252
382 9 82 0.4882
382 9 58 0.3071
391 9 70 0.3386
391 9 67 0.2362
401 9 75 0.3386
401 9 63 0.2362
411 9 79 0.4724
411 9 51 0.2756
421 9 67 0.3386
421 9 63 0.2283
431 9 70 0.3228
431 9 55 0.2283
440 9 75 0.4173
440 9 41 0.2835
450 9 63 0.2992
450 9 60 0.2205
460 9 69 0.2992
460 9 53 0.2283
470 9 74 0.4252
470 9 48 0.2677
480 9 62 0.3465
480 9 60 0.2362
489 9 69 0.378
489 9 53 0.252
499 9 75 0.5039
499 9 41 0.3228
509 9 63 0.4016
509 9 60 0.2913
519 9 69 0.4331
519 9 53 0.3307
529 9 79 0.5512
529 9 46 0.3937
538 9 67 0.4331
538 9 63 0.2756
548 9 70 0.4173
548 9 53 0.2756
558 9 77 0.5118
558 9 50 0.3386
568 9 65 0.3858
568 9 62 0.2835
578 9 70 0.3701
578 9 53 0.2677
587 9 74 0.4961
587 9 46 0.3071
597 9 62 0.3307
597 9 58 0.2677
607 9 65 0.3228
607 9 53 0.2598
617 9 75 0.4173
617 9 41 0.2835
627 9 63 0.2992
627 9 60 0.2205
636 9 69 0.2992
636 9 53 0.2283
646 9 74 0.4252
646 9 48 0.2677
656 9 62 0.3465
656 9 59 0.2362
666 9 69 0.3701
666 9 53 0.252
676 9 75 0.4646
676 9 41 0.2992
685 9 63 0.3937
685 9 60 0.2677
695 9 69 0.4252
695 9 53 0.2756
705 9 79 0.5276
705 9 46 0.3858
715 9 67 0.3858
715 9 63 0.2756
725 9 72 0.378
725 9 56 0.2756
734 9 77 0.4724
734 9 53 0.3386
744 9 65 0.3386
744 9 62 0.2756
754 9 68 0.3307
754 9 53 0.2677
764 9 72 0.4567
764 9 46 0.3071
774 9 60 0.3307
774 9 56 0.2598
783 9 65 0.3228
783 9 50 0.252
793 9 70 0.4173
793 9 39 0.2835
803 9 58 0.2992
803 9 55 0.2205
813 9 67 0.2913
813 9 46 0.2205
823 9 75 0.4094
823 9 39 0.2598
832 9 63 0.3071
832 9 55 0.2283
842 9 70 0.315
842 9 46 0.2362
852 9 79 0.4409
852 9 39 0.2835
862 9 67 0.3228
862 9 58 0.252
872 9 75 0.3465
872 9 46 0.252
881 9 82 0.5433
881 9 39 0.315
891 9 70 0.3858
891 9 63 0.2598
901 9 79 0.3937
901 9 55 0.2677
911 9 87 0.5827
911 9 46 0.3307
921 9 75 0.4094
921 9 67 0.2756
930 9 82 0.4331
930 9 58 0.2913
940 9 91 0.6063
940 9 51 0.3937
950 9 79 0.4961
950 9 70 0.3071
960 9 82 0.5354
960 9 58 0.3465
970 9 89 0.6378
970 9 51 0.4252
979 9 74 0.5039
979 9 71 0.3071
989 9 80 0.4803
989 9 59 0.2992
999 9 87 0.5906
999 9 51 0.3858
1009 9 75 0.4409
1009 9 72 0.2992
1019 9 80 0.4331
1019 9 60 0.2835
1028 9 84 0.5276
1028 9 51 0.3228
1038 9 72 0.4016
1038 9 68 0.2598
1048 9 80 0.3858
1048 9 62 0.252
1058 9 84 0.5512
1058 9 51 0.3622
1068 9 72 0.3307
1068 9 67 0.2362
1077 9 79 0.3386
1077 9 63 0.2441
1087 9 82 0.4882
1087 9 58 0.3071
1097 9 70 0.3386
1097 9 67 0.2362
1107 9 75 0.3386
1107 9 63 0.2362
1117 9 79 0.4724
1117 9 51 0.2756
1126 9 67 0.3386
1126 9 63 0.2283
1136 9 75 0.3228
1136 9 55 0.2283
1146 9 78 0.4488
1146 9 47 0.2835
1156 9 66 0.2992
1156 9 63 0.2205
1166 9 75 0.2913
1166 9 57 0.2205
1175 9 77 0.4173
1175 9 51 0.2598
1185 9 65 0.3071
1185 9 63 0.2283
1195 9 75 0.315
1195 9 57 0.2362
1205 9 78 0.4646
1205 9 47 0.2835
1215 9 66 0.3228
1215 9 63 0.252
1224 9 75 0.3465
1224 9 57 0.252
1234 9 79 0.4961
1234 9 46 0.315
1244 9 67 0.3307
1244 9 62 0.2441
1254 9 74 0.3307
1254 9 55 0.252
1264 9 81 0.5276
1264 9 45 0.2992
1273 9 69 0.3701
1273 9 62 0.252
1283 9 74 0.4094
1283 9 54 0.2677
1293 9 82 0.5512
1293 9 43 0.3543
1303 9 70 0.4016
1303 9 62 0.2835
1313 9 74 0.4331
1313 9 55 0.315
1322 9 84 0.5906
1322 9 41 0.4252
1332 9 72 0.4331
1332 9 70 0.3307
1342 9 77 0.4331
1342 9 63 0.3543
1352 9 86 0.5669
1352 9 53 0.4094
1362 9 74 0.4252
1362 9 70 0.3307
1371 9 77 0.378
1371 9 63 0.2756
1381 9 81 0.5276
1381 9 60 0.3307
1391 9 69 0.378
1391 9 65 0.2913
1401 9 77 0.3937
1401 9 63 0.2913
1411 9 84 0.5354
1411 9 46 0.3937
1420 9 72 0.4094
1420 9 63 0.2835
1430 9 77 0.378
1430 9 53 0.2913
1440 9 82 0.5276
1440 9 46 0.3386
1450 9 70 0.3386
1450 9 62 0.2835
1460 9 77 0.3307
1460 9 53 0.2677
1469 9 77 0.5118
1469 9 46 0.3071
1479 9 65 0.3307
1479 9 61 0.2677
1489 9 70 0.3228
1489 9 53 0.2598
1499 9 77 0.4646
1499 9 44 0.2835
1509 9 65 0.3701
1509 9 59 0.2205
1518 9 71 0.3228
1518 9 53 0.2283
1528 9 75 0.4252
1528 9 49 0.2677
1538 9 63 0.3228
1538 9 59 0.2362
1548 9 70 0.3386
1548 9 53 0.252
1558 9 77 0.5039
1558 9 37 0.2992
1567 9 61 0.3465
1567 9 59 0.2677
1577 9 68 0.3701
1577 9 53 0.2756
1587 9 80 0.5512
1587 9 42 0.3858
1597 9 61 0.4173
1597 9 58 0.2756
1607 9 70 0.4094
1607 9 54 0.2756
1616 9 78 0.5276
1616 9 49 0.3386
1626 9 61 0.3386
1626 9 58 0.2835
1636 9 70 0.3307
1636 9 54 0.2677
1646 9 73 0.4882
1646 9 42 0.3071
1656 9 61 0.3307
1656 9 58 0.2677
1665 9 70 0.3228
1665 9 49 0.2598
1675 9 77 0.4173
1675 9 37 0.2835
1685 9 61 0.2992
1685 9 59 0.2205
1695 9 71 0.2992
1695 9 53 0.2283
1705 9 75 0.4252
1705 9 44 0.2677
1714 9 61 0.3228
1714 9 59 0.2362
1724 9 70 0.3386
1724 9 53 0.252
1734 9 77 0.4646
1734 9 37 0.2992
1744 9 61 0.3858
1744 9 59 0.2677
1754 9 68 0.3701
1754 9 53 0.2756
1763 9 80 0.5433
1763 9 42 0.3937
1773 9 61 0.4016
1773 9 58 0.2756
1783 9 70 0.3937
1783 9 54 0.2756
1793 9 78 0.5276
1793 9 49 0.3386
1803 9 61 0.3386
1803 9 58 0.2835
1812 9 70 0.3307
1812 9 54 0.2677
1822 9 73 0.4882
1822 9 42 0.3071
1832 9 61 0.3307
1832 9 58 0.2677
1842 9 70 0.3228
1842 9 49 0.2598
1852 9 76 0.4567
1852 9 42 0.2835
1861 9 64 0.2992
1861 9 58 0.2205
1871 9 70 0.2992
1871 9 49 0.2283
1881 9 82 0.4961
1881 9 42 0.2992
1891 9 64 0.3465
1891 9 61 0.2362
1901 9 73 0.3543
1901 9 54 0.252
1910 9 85 0.5354
1910 9 42 0.3307
1920 9 70 0.378
1920 9 64 0.2677
1930 9 76 0.4016
1930 9 58 0.2835
1940 9 86 0.5984
1940 9 41 0.3858
1950 9 70 0.4173
1950 9 65 0.2835
1959 9 77 0.4094
1959 9 58 0.2756
1969 9 87 0.5669
1969 9 53 0.2992
1979 9 70 0.3386
1979 9 67 0.252
1989 9 79 0.3386
1989 9 58 0.252
1999 9 83 0.5197
1999 9 53 0.3071
2008 9 68 0.4173
2008 9 65 0.2598
2018 9 74 0.4252
2018 9 59 0.2598
2028 9 84 0.5591
2028 9 53 0.378
2038 9 69 0.4331
2038 9 65 0.2756
2048 9 75 0.4094
2048 9 60 0.2913
2057 9 86 0.5512
2057 9 53 0.3543
2067 9 69 0.4016
2067 9 65 0.2992
2077 9 77 0.3701
2077 9 63 0.2362
2087 9 81 0.4882
2087 9 53 0.2913
2097 9 69 0.3307
2097 9 63 0.252
2106 9 72 0.3386
2106 9 57 0.2441
2116 9 84 0.5512
2116 9 46 0.3937
2126 9 65 0.378
2126 9 63 0.2835
2136 9 75 0.3701
2136 9 53 0.2913
2146 9 82 0.5118
2146 9 46 0.3386
2155 9 65 0.3386
2155 9 62 0.2835
2165 9 74 0.3307
2165 9 53 0.2677
2175 9 77 0.4646
2175 9 46 0.3071
2185 9 65 0.3307
2185 9 61 0.2677
2195 9 70 0.3228
2195 9 53 0.2598
2204 9 77 0.4488
2204 9 44 0.3386
2214 9 65 0.2992
2214 9 59 0.2205
2224 9 71 0.2992
2224 9 53 0.2283
2234 9 75 0.4646
2234 9 49 0.315
2244 9 63 0.3543
2244 9 59 0.2362
2253 9 70 0.3701
2253 9 53 0.252
2263 9 77 0.5197
2263 9 37 0.3307
2273 9 61 0.4173
2273 9 59 0.2677
2283 9 68 0.4409
2283 9 53 0.2756
2293 9 80 0.5591
2293 9 42 0.3701
2302 9 61 0.4173
2302 9 58 0.2756
2312 9 70 0.4094
2312 9 54 0.2756
2322 9 78 0.5197
2322 9 49 0.3386
2332 9 61 0.3858
2332 9 58 0.2835
2342 9 70 0.3622
2342 9 54 0.2441
2351 9 73 0.4646
2351 9 42 0.3071
2361 9 61 0.3307
2361 9 58 0.2677
2371 9 70 0.3228
2371 9 49 0.2598
2381 9 77 0.4409
2381 9 37 0.2835
2391 9 61 0.2992
2391 9 59 0.2205
2400 9 71 0.2992
2400 9 53 0.2283
2410 9 75 0.4409
2410 9 44 0.2677
2420 9 61 0.3386
2420 9 59 0.2362
2430 9 70 0.3701
2430 9 53 0.252
2440 9 77 0.5197
2440 9 37 0.2992
2449 9 61 0.3858
2449 9 59 0.2756
2459 9 68 0.4252
2459 9 53 0.2992
2469 9 80 0.5669
2469 9 42 0.3701
2479 9 61 0.4173
2479 9 58 0.2756
2489 9 70 0.4094
2489 9 54 0.2756
2498 9 78 0.5354
2498 9 49 0.3386
2508 9 61 0.3386
2508 9 58 0.2835
2518 9 70 0.3307
2518 9 54 0.2677
2528 9 77 0.4961
2528 9 42 0.3071
2538 9 61 0.3307
2538 9 58 0.2677
2547 9 70 0.3228
2547 9 49 0.2598
2557 9 76 0.4724
2557 9 43 0.315
2567 9 61 0.3386
2567 9 58 0.2441
2577 9 70 0.3386
2577 9 52 0.252
2587 9 79 0.5276
2587 9 46 0.3386
2596 9 64 0.3465
2596 9 61 0.2756
2606 9 73 0.3622
2606 9 52 0.2677
2616 9 78 0.4961
2616 9 45 0.3071
2626 9 63 0.3622
2626 9 60 0.2756
2636 9 72 0.3858
2636 9 51 0.2835
2645 9 81 0.5669
2645 9 48 0.378
2655 9 66 0.3701
2655 9 63 0.3071
2665 9 75 0.3622
2665 9 54 0.315
2675 9 80 0.5591
2675 9 47 0.3465
2685 9 65 0.378
2685 9 62 0.2835
2694 9 74 0.3858
2694 9 53 0.315
2704 9 83 0.6063
2704 9 50 0.4331
2714 9 68 0.4016
2714 9 65 0.3386
2724 9 77 0.4173
2724 9 56 0.3386
2734 9 82 0.5827
2734 9 49 0.4252
2743 9 67 0.4567
2743 9 64 0.3228
2753 9 76 0.4961
2753 9 55 0.3622
2763 9 85 0.6929
2763 9 52 0.4724
2773 9 70 0.5197
2773 9 67 0.378
2783 9 79 0.5354
2783 9 58 0.378
2792 9 84 0.6614
2792 9 51 0.4567
2802 9 69 0.5354
2802 9 66 0.3465
2812 9 78 0.5197
2812 9 57 0.3858
2822 9 87 0.7402
2822 9 54 0.5433
2832 9 72 0.5433
2832 9 69 0.3858
2841 9 81 0.5512
2841 9 60 0.3937
2851 9 86 0.6929
2851 9 53 0.4882
2861 9 71 0.4961
2861 9 68 0.4016
2871 9 80 0.5039
2871 9 59 0.4016
2881 14 89 0.6693
2881 14 58 0.5276
2910 9 70 0.378
2910 9 39 0.2835
2920 9 58 0.2913
2920 9 55 0.2205
2930 9 67 0.2913
2930 9 46 0.2441
2939 9 75 0.4094
2939 9 39 0.3071
2949 9 63 0.3307
2949 9 55 0.2598
2959 9 70 0.3465
2959 9 46 0.2835
2969 9 79 0.4803
2969 9 39 0.2835
2979 9 67 0.4016
2979 9 58 0.252
2988 9 75 0.4252
2988 9 46 0.252
2998 9 82 0.5197
2998 9 39 0.3307
3008 9 70 0.4488
3008 9 63 0.2598
3018 9 79 0.4488
3018 9 55 0.2677
3028 9 87 0.5827
3028 9 46 0.3307
3037 9 75 0.4646
3037 9 67 0.2756
3047 9 82 0.4882
3047 9 58 0.2913
3057 9 91 0.5748
3057 9 51 0.3701
3067 9 79 0.4724
3067 9 70 0.3071
3077 9 82 0.5118
3077 9 58 0.3228
3086 9 89 0.622
3086 9 51 0.4252
3096 9 74 0.4567
3096 9 71 0.3071
3106 9 80 0.4094
3106 9 59 0.2835
3116 9 87 0.5984
3116 9 51 0.3858
3126 9 75 0.4409
3126 9 72 0.2992
3135 9 80 0.4016
3135 9 60 0.2598
3145 9 84 0.5512
3145 9 51 0.3228
3155 9 72 0.4016
3155 9 68 0.2598
3165 9 80 0.3858
3165 9 62 0.252
3175 9 84 0.5512
3175 9 51 0.3622
3184 9 72 0.3307
3184 9 67 0.2362
3194 9 79 0.3386
3194 9 63 0.2441
3204 9 82 0.4882
3204 9 58 0.3071
3214 9 70 0.3386
3214 9 67 0.2362
3224 9 75 0.3386
3224 9 63 0.2362
3233 9 79 0.4724
3233 9 51 0.2756
3243 9 67 0.3386
3243 9 63 0.2283
3253 9 70 0.3228
3253 9 55 0.2283
3263 9 75 0.4173
3263 9 41 0.2835
3273 9 63 0.2992
3273 9 60 0.2205
3282 9 69 0.2992
3282 9 53 0.2283
3292 9 74 0.4252
3292 9 48 0.2677
3302 9 62 0.3228
3302 9 60 0.2362
3312 9 69 0.3386
3312 9 53 0.252
3322 9 75 0.5039
3322 9 41 0.3543
3331 9 63 0.4016
3331 9 60 0.2677
3341 9 69 0.4488
3341 9 53 0.315
3351 9 79 0.5591
3351 9 46 0.3937
3361 9 67 0.4016
3361 9 63 0.2756
3371 9 70 0.4016
3371 9 53 0.2756
3380 9 77 0.5276
3380 9 50 0.3386
3390 9 65 0.3386
3390 9 62 0.2835
3400 9 70 0.3307
3400 9 53 0.2677
3410 9 74 0.4961
3410 9 46 0.3071
3420 9 62 0.3307
3420 9 58 0.2677
3429 9 65 0.3228
3429 9 53 0.2598
3439 9 75 0.4173
3439 9 41 0.2835
3449 9 63 0.2992
3449 9 60 0.2205
3459 9 69 0.2992
3459 9 53 0.2283
3469 9 74 0.4252
3469 9 48 0.2677
3478 9 62 0.3228
3478 9 59 0.2362
3488 9 69 0.3386
3488 9 53 0.252
3498 9 75 0.5118
3498 9 41 0.2992
3508 9 63 0.4016
3508 9 60 0.2835
3518 9 69 0.4567
3518 9 53 0.2756
3527 9 79 0.5591
3527 9 46 0.4016
3537 9 67 0.4252
3537 9 63 0.2756
3547 9 72 0.4016
3547 9 56 0.2756
3557 9 77 0.4724
3557 9 53 0.3386
3567 9 65 0.3386
3567 9 62 0.2756
3576 9 68 0.3307
3576 9 53 0.2677
3586 9 72 0.4567
3586 9 46 0.3071
3596 9 60 0.3307
3596 9 56 0.2598
3606 9 65 0.3228
3606 9 50 0.252
3616 9 70 0.4173
3616 9 39 0.2835
3625 9 58 0.2992
3625 9 55 0.2205
3635 9 67 0.2913
3635 9 46 0.2205
3645 9 75 0.4016
3645 9 39 0.2598
3655 9 63 0.2992
3655 9 55 0.2205
3665 9 70 0.315
3665 9 46 0.2283
3674 9 79 0.4252
3674 9 39 0.2756
3684 9 67 0.315
3684 9 58 0.2441
3694 9 75 0.3386
3694 9 46 0.2441
3704 9 82 0.5118
3704 9 39 0.3071
3714 9 70 0.3701
3714 9 63 0.2441
3723 9 79 0.3701
3723 9 55 0.252
3733 9 87 0.5512
3733 9 46 0.315
3743 9 75 0.3858
3743 9 67 0.2598
3753 9 82 0.4016
3753 9 58 0.2756
3763 9 91 0.5748
3763 9 51 0.3465
3772 9 79 0.4016
3772 9 70 0.2913
3782 9 82 0.4173
3782 9 58 0.2992
3792 9 90 0.6378
3792 9 45 0.4331
3802 9 75 0.4488
3802 9 60 0.2835
3812 9 81 0.4646
3812 9 54 0.2835
3821 9 89 0.6063
3821 9 47 0.3858
3831 9 74 0.4488
3831 9 62 0.2913
3841 9 80 0.4567
3841 9 56 0.2835
3851 9 88 0.5984
3851 9 49 0.3701
3861 9 73 0.4094
3861 9 64 0.2677
3870 9 79 0.4016
3870 9 58 0.2598
3880 9 87 0.6614
3880 9 51 0.4252
3890 9 72 0.4173
3890 9 66 0.2992
3900 9 78 0.4173
3900 9 60 0.2756
3910 9 86 0.5906
3910 9 53 0.3622
3919 9 71 0.4094
3919 9 68 0.2677
3929 9 77 0.378
3929 9 62 0.2677
3939 9 85 0.5512
3939 9 55 0.3307
3949 9 73 0.4094
3949 9 70 0.2756
3959 9 79 0.4016
3959 9 64 0.2756
3968 9 84 0.5827
3968 9 56 0.3701
3978 9 72 0.3937
3978 9 68 0.2835
3988 9 77 0.3858
3988 9 65 0.3386
3998 9 86 0.622
3998 9 60 0.4252
4008 9 72 0.4409
4008 9 68 0.3307
4017 9 77 0.4567
4017 9 65 0.3307
4027 9 87 0.6772
4027 9 56 0.4724
4037 9 72 0.4803
4037 9 68 0.3622
4047 9 77 0.5118
4047 9 65 0.3858
4057 9 89 0.7008
4057 9 53 0.4882
4066 9 77 0.4882
4066 9 75 0.3622
4076 9 84 0.4961
4076 9 68 0.3622
4086 9 91 0.6299
4086 9 63 0.3937
4096 9 79 0.3937
4096 9 75 0.2913
4106 9 84 0.4016
4106 9 68 0.2992
4115 9 89 0.5906
4115 9 56 0.3622
4125 9 77 0.3701
4125 9 75 0.2913
4135 9 80 0.378
4135 9 68 0.2756
4145 9 84 0.5512
4145 9 44 0.3622
4155 9 72 0.4016
4155 9 68 0.2756
4164 9 77 0.3937
4164 9 65 0.2992
4174 9 86 0.5354
4174 9 60 0.3701
4184 9 74 0.4173
4184 9 68 0.2992
4194 9 77 0.3858
4194 9 65 0.252
4204 9 84 0.4803
4204 9 53 0.2992
4213 9 72 0.3465
4213 9 68 0.2677
4223 9 77 0.3622
4223 9 63 0.2677
4233 9 77 0.4488
4233 9 46 0.2913
4243 9 65 0.3307
4243 9 63 0.2205
4253 9 72 0.3228
4253 9 56 0.2441
4262 9 79 0.4331
4262 9 53 0.2992
4272 9 65 0.3465
4272 9 62 0.2441
4282 9 72 0.3465
4282 9 56 0.252
4292 9 74 0.3937
4292 9 46 0.2441
4302 9 62 0.2835
4302 9 58 0.2126
4311 9 70 0.2913
4311 9 56 0.2126
4321 9 75 0.4094
4321 9 39 0.252
4331 9 63 0.315
4331 9 55 0.2126
4341 9 70 0.3228
4341 9 46 0.2205
4351 9 82 0.4803
4351 9 39 0.2835
4360 9 67 0.3465
4360 9 58 0.2283
4370 9 75 0.3701
4370 9 46 0.252
4380 9 83 0.5354
4380 9 39 0.315
4390 9 67 0.378
4390 9 58 0.2677
4400 9 75 0.4016
4400 9 46 0.2835
4409 9 82 0.5354
4409 9 39 0.3622
4419 9 68 0.4016
4419 9 56 0.4252
4429 9 74 0.3858
4429 9 46 0.2598
4439 9 81 0.5433
4439 9 39 0.3307
4449 9 68 0.3858
4449 9 58 0.252
4458 9 74 0.3622
4458 9 46 0.2362
4468 9 80 0.4961
4468 9 39 0.2677
4478 9 68 0.3543
4478 9 58 0.2205
4488 9 74 0.315
4488 9 46 0.2047
4498 9 79 0.4094
4498 9 39 0.252
4507 9 67 0.315
4507 9 58 0.2126
4517 9 75 0.3228
4517 9 46 0.2205
4527 9 82 0.4803
4527 9 39 0.2835
4537 9 67 0.3465
4537 9 58 0.2283
4547 9 75 0.3701
4547 9 46 0.252
4556 9 84 0.5276
4556 9 39 0.315
4566 9 67 0.378
4566 9 58 0.2677
4576 9 75 0.4016
4576 9 46 0.2835
4586 9 82 0.5433
4586 9 39 0.315
4596 9 68 0.4016
4596 9 56 0.3307
4605 9 74 0.3858
4605 9 46 0.2598
4615 9 81 0.4882
4615 9 39 0.3307
4625 9 68 0.3858
4625 9 58 0.252
4635 9 74 0.3622
4635 9 46 0.2362
4645 9 80 0.4331
4645 9 39 0.2677
4654 9 68 0.3543
4654 9 58 0.2205
4664 9 74 0.315
4664 9 46 0.2047
4674 9 79 0.4094
4674 9 39 0.252
4684 9 67 0.315
4684 9 58 0.2126
4694 9 75 0.3307
4694 9 46 0.2205
4703 9 82 0.5118
4703 9 39 0.3071
4713 9 67 0.378
4713 9 58 0.2283
4723 9 79 0.3937
4723 9 46 0.252
4733 9 87 0.5906
4733 9 43 0.3543
4743 9 75 0.4252
4743 9 58 0.2756
4752 9 82 0.4567
4752 9 51 0.2913
4762 9 91 0.6457
4762 9 43 0.4173
4772 9 74 0.4646
4772 9 65 0.2756
4782 9 83 0.4409
4782 9 59 0.2756
4792 9 89 0.5827
4792 9 50 0.3701
4801 9 74 0.4331
4801 9 65 0.2677
4811 9 79 0.4173
4811 9 59 0.2598
4821 9 87 0.5591
4821 9 48 0.3543
4831 9 72 0.4094
4831 9 63 0.2441
4841 9 79 0.4016
4841 9 55 0.2283
4850 9 87 0.5906
4850 9 45 0.3465
4860 9 72 0.4488
4860 9 63 0.2598
4870 9 78 0.4016
4870 9 54 0.2598
4880 9 86 0.5512
4880 9 51 0.315
4890 9 71 0.4016
4890 9 63 0.2441
4899 9 78 0.3937
4899 9 54 0.2283
4909 9 84 0.5118
4909 9 44 0.2598
4919 9 72 0.3543
4919 9 63 0.2126
4929 9 78 0.3465
4929 9 54 0.2047
4938 9 84 0.4803
4938 9 46 0.2756
4948 9 68 0.3622
4948 9 62 0.2283
4958 9 77 0.3543
4958 9 56 0.2283
4968 9 82 0.4567
4968 9 53 0.2598
4978 9 67 0.3465
4978 9 62 0.2205
4987 9 72 0.3386
4987 9 56 0.2205
4997 9 80 0.4331
4997 9 46 0.252
5007 9 65 0.3386
5007 9 58 0.2126
5017 9 74 0.3071
5017 9 56 0.2047
5027 9 79 0.4094
5027 9 39 0.252
5036 9 63 0.315
5036 9 55 0.2126
5046 9 75 0.3228
5046 9 46 0.2205
5056 9 82 0.4803
5056 9 39 0.2835
5066 9 67 0.3858
5066 9 58 0.2283
5076 9 75 0.4016
5076 9 46 0.252
5085 9 83 0.5433
5085 9 39 0.315
5095 9 67 0.4331
5095 9 58 0.2677
5105 9 75 0.4094
5105 9 46 0.2598
5115 9 82 0.5354
5115 9 39 0.3622
5125 9 68 0.4016
5125 9 56 0.2677
5134 9 74 0.3858
5134 9 46 0.2598
5144 9 81 0.5118
5144 9 39 0.3307
5154 9 68 0.3858
5154 9 58 0.252
5164 9 74 0.3622
5164 9 46 0.2362
5174 9 80 0.4961
5174 9 39 0.2677
5183 9 68 0.3543
5183 9 58 0.2205
5193 9 74 0.315
5193 9 46 0.2047
5203 9 79 0.4094
5203 9 39 0.252
5213 9 67 0.315
5213 9 58 0.2126
5223 9 75 0.3228
5223 9 46 0.2205
5232 9 82 0.4803
5232 9 39 0.2835
5242 9 67 0.3465
5242 9 58 0.2283
5252 9 75 0.3701
5252 9 46 0.252
5262 9 84 0.5276
5262 9 39 0.315
5272 9 67 0.378
5272 9 58 0.2677
5281 9 75 0.4016
5281 9 46 0.2835
5291 9 82 0.5197
5291 9 39 0.315
5301 9 68 0.4016
5301 9 56 0.315
5311 9 74 0.3858
5311 9 46 0.2598
5321 9 81 0.4882
5321 9 39 0.3307
5330 9 68 0.3858
5330 9 58 0.252
5340 9 74 0.3622
5340 9 46 0.2362
5350 9 80 0.4331
5350 9 39 0.2677
5360 9 68 0.3543
5360 9 58 0.2205
5370 9 74 0.315
5370 9 46 0.2047
5379 9 79 0.4094
5379 9 39 0.252
5389 9 67 0.315
5389 9 58 0.2126
5399 9 75 0.3307
5399 9 46 0.2205
5409 9 82 0.5118
5409 9 39 0.3071
5419 9 70 0.378
5419 9 58 0.2283
5428 9 79 0.3937
5428 9 46 0.252
5438 9 87 0.5906
5438 9 39 0.3543
5448 9 75 0.4252
5448 9 58 0.2756
5458 9 82 0.4567
5458 9 51 0.2913
5468 9 91 0.5433
5468 9 31 0.3386
5477 9 74 0.4252
5477 9 59 0.2362
5487 9 83 0.4173
5487 9 53 0.2362
5497 9 89 0.5354
5497 9 43 0.3543
5507 9 74 0.4331
5507 9 59 0.2756
5517 9 83 0.4409
5517 9 53 0.2598
5526 9 88 0.5748
5526 9 44 0.3543
5536 9 74 0.4646
5536 9 59 0.2441
5546 9 83 0.4567
5546 28 52 0.2362
5556 9 88 0.5984
5556 9 45 0.3543
5566 9 73 0.4252
5566 9 61 0.2677
5575 9 81 0.4016
5575 29 52 0.2677
5585 9 87 0.5512
5585 9 45 0.3228
5595 9 72 0.4173
5595 9 60 0.252
5605 9 81 0.4173
5605 29 53 0.2441
5615 9 84 0.5197
5615 9 45 0.2756
5624 9 69 0.3701
5624 9 63 0.2283
5634 9 75 0.3701
5634 29 54 0.2205
5644 9 84 0.5118
5644 9 46 0.2913
5654 9 69 0.378
5654 9 63 0.2362
5664 9 75 0.3701
5664 9 54 0.2362
5673 9 82 0.4724
5673 9 46 0.2677
5683 9 70 0.3543
5683 9 63 0.2205
5693 9 75 0.3386
5693 9 55 0.2205
5703 9 74 0.4331
5703 9 34 0.252
5713 9 62 0.3386
5713 9 56 0.2126
5722 9 70 0.3071
5722 9 46 0.2047
5732 9 75 0.4094
5732 9 39 0.252
5742 9 63 0.315
5742 9 55 0.2126
5752 9 70 0.315
5752 9 46 0.2126
5762 9 82 0.5197
5762 9 39 0.3543
5771 9 63 0.3543
5771 9 58 0.2126
5781 9 70 0.3543
5781 9 46 0.2283
5791 9 75 0.4882
5791 9 39 0.3071
5801 9 63 0.3465
5801 9 55 0.2205
5811 9 70 0.3622
5811 9 46 0.2205
5820 9 81 0.5591
5820 9 39 0.378
5830 9 63 0.4094
5830 9 58 0.2441
5840 9 70 0.4094
5840 9 46 0.2441
5850 9 75 0.5276
5850 9 39 0.3386
5860 9 63 0.3858
5860 9 55 0.2441
5869 9 70 0.378
5869 9 46 0.2362
5879 9 80 0.5906
5879 9 39 0.4094
5889 9 63 0.4331
5889 9 58 0.2441
5899 9 70 0.4094
5899 9 46 0.2362
5909 9 75 0.5433
5909 9 39 0.3465
5918 9 63 0.3858
5918 9 55 0.252
5928 9 70 0.3858
5928 9 46 0.252
5938 9 79 0.5984
5938 9 39 0.378
5948 9 63 0.4094
5948 9 58 0.2441
5958 9 70 0.4094
5958 9 46 0.2598
5967 9 75 0.5118
5967 9 39 0.3465
5977 9 63 0.3858
5977 9 55 0.2441
5987 9 70 0.4094
5987 9 46 0.2835
5997 9 78 0.5591
5997 9 39 0.4094
6007 9 63 0.4173
6007 9 58 0.2677
6016 9 70 0.4094
6016 9 46 0.2598
6026 9 75 0.5039
6026 9 39 0.3307
6036 9 63 0.3543
6036 9 55 0.2283
6046 9 70 0.3386
6046 9 46 0.2283
6056 9 79 0.4961
6056 9 39 0.2992
6065 9 63 0.3622
6065 9 58 0.2283
6075 9 70 0.3228
6075 9 46 0.2126
6085 29 75 0.4252
6085 29 39 0.2598
6173 29 94 0.685
6173 29 99 0.8031
6173 29 87 0.685
6173 29 67 0.5433
6173 29 70 0.5748
6173 29 75 0.5748
6173 29 79 0.6929
6261 88 67 0.7717
6261 88 55 0.6378
6261 88 58 0.6378
6261 88 63 0.7717
6261 88 39 0.5276
6261 88 46 0.5276
6261 88 51 0.622
