0 6 71 0.2677
0 6 76 0.315
0 6 67 0.315
0 6 64 0.2677
25 6 71 0.2441
25 6 76 0.2913
25 6 64 0.2283
25 6 67 0.2756
50 6 76 0.2913
50 6 72 0.2441
50 6 67 0.2362
50 6 60 0.1969
75 6 71 0.2677
75 6 76 0.315
75 6 64 0.2283
75 6 67 0.2756
101 6 76 0.2835
101 6 71 0.2362
101 6 67 0.2441
101 6 64 0.2047
126 12 67 0.315
138 12 69 0.2756
151 12 71 0.315
151 6 64 0.2283
151 6 67 0.2756
164 12 72 0.2835
176 12 71 0.315
176 6 67 0.252
176 6 64 0.2126
189 12 78 0.3543
202 12 76 0.3386
202 6 69 0.2598
202 6 64 0.2205
214 12 74 0.315
227 12 71 0.3071
227 25 64 0.2283
227 25 67 0.2756
239 12 76 0.3228
252 12 79 0.3386
265 12 82 0.3543
277 12 83 0.378
303 6 74 0.2677
303 6 78 0.2677
303 6 83 0.315
303 6 71 0.315
328 6 83 0.2913
328 6 74 0.2441
328 6 78 0.2441
328 6 71 0.2756
353 6 83 0.2913
353 6 74 0.2441
353 6 79 0.2441
353 6 67 0.2362
378 6 74 0.2677
378 6 78 0.2677
378 6 83 0.315
378 6 71 0.2756
404 6 74 0.2362
404 6 83 0.2835
404 6 78 0.2362
404 6 71 0.2441
429 12 71 0.315
441 12 73 0.2756
454 12 74 0.315
454 6 66 0.2756
467 12 78 0.2835
479 12 71 0.315
479 12 74 0.315
479 6 62 0.252
492 12 78 0.3543
492 6 64 0.3071
505 12 73 0.4961
505 25 70 0.4173
505 6 66 0.4409
517 12 78 0.4724
530 12 71 0.4094
530 12 75 0.4882
530 50 66 0.5197
543 12 78 0.4488
555 12 71 0.4173
555 12 75 0.4961
568 12 78 0.4646
580 12 75 0.5039
580 12 71 0.4252
580 25 59 0.4724
593 12 78 0.4488
606 6 71 0.2677
606 6 76 0.315
606 6 64 0.2677
606 6 67 0.315
631 6 76 0.2913
631 6 71 0.2441
631 6 67 0.2756
631 6 64 0.2283
656 6 72 0.2441
656 6 76 0.2913
656 6 67 0.2362
656 6 60 0.1969
681 6 71 0.2677
681 6 76 0.315
681 6 64 0.2283
681 6 67 0.2756
707 6 76 0.2835
707 6 71 0.2362
707 6 67 0.2441
707 6 64 0.2047
732 12 67 0.315
745 12 69 0.2756
757 12 71 0.315
757 6 64 0.2283
757 6 67 0.2756
770 12 72 0.2835
782 12 71 0.315
782 6 67 0.252
782 6 64 0.2126
795 12 78 0.3543
808 12 76 0.3386
808 6 69 0.2598
808 6 64 0.2205
820 12 74 0.315
833 12 71 0.3071
833 25 67 0.2756
833 25 64 0.2283
846 12 76 0.3228
858 12 79 0.3386
871 12 82 0.3543
883 12 83 0.378
909 6 83 0.315
909 6 74 0.2677
909 6 78 0.2677
909 6 71 0.315
934 6 74 0.2441
934 6 78 0.2441
934 6 83 0.2913
934 6 71 0.2756
959 6 74 0.2441
959 6 79 0.2441
959 6 83 0.2913
959 6 67 0.2362
985 6 83 0.315
985 6 74 0.2677
985 6 78 0.2677
985 6 71 0.2756
1010 6 74 0.2362
1010 6 78 0.2362
1010 6 83 0.2835
1010 6 71 0.2441
1035 12 71 0.315
1048 12 73 0.2756
1060 12 74 0.315
1060 6 66 0.2756
1073 12 78 0.2835
1086 12 74 0.315
1086 12 71 0.315
1086 6 62 0.252
1098 12 78 0.3543
1098 6 64 0.3071
1111 25 70 0.4173
1111 12 73 0.4961
1111 6 66 0.4409
1123 12 78 0.4724
1136 12 71 0.4094
1136 12 75 0.4882
1136 50 66 0.5197
1149 12 78 0.4488
1161 12 71 0.4173
1161 12 75 0.4961
1174 12 78 0.4646
1187 12 75 0.5039
1187 12 71 0.4252
1187 25 59 0.4724
1199 12 78 0.4488
1212 6 59 0.5354
1212 6 47 0.5354
1237 6 59 0.4882
1237 6 47 0.4646
1262 6 54 0.4882
1262 6 42 0.4016
1288 6 59 0.5354
1288 6 47 0.4646
1313 6 59 0.4803
1313 6 47 0.4094
1338 12 64 0.315
1351 12 66 0.2756
1363 12 67 0.315
1363 6 52 0.2205
1363 6 61 0.2677
1376 12 70 0.2835
1389 12 67 0.315
1389 6 52 0.2205
1389 6 61 0.2677
1401 12 70 0.2677
1414 12 66 0.3228
1414 6 61 0.2677
1414 6 54 0.2205
1427 12 70 0.2835
1439 12 64 0.3228
1439 6 61 0.2677
1439 6 55 0.2205
1452 12 70 0.2835
1464 12 64 0.3228
1464 6 61 0.2756
1464 6 55 0.2283
1477 12 70 0.2756
1515 6 59 0.5354
1515 6 47 0.5354
1540 6 59 0.4882
1540 6 47 0.4646
1565 6 54 0.4882
1565 6 42 0.4016
1591 6 59 0.5354
1591 6 47 0.4646
1616 6 59 0.4803
1616 6 47 0.4094
1641 12 64 0.315
1654 12 66 0.2756
1666 12 67 0.315
1666 6 52 0.2205
1666 6 61 0.2677
1679 12 70 0.2835
1692 12 67 0.315
1692 6 52 0.2205
1692 6 61 0.2677
1704 12 70 0.2677
1717 12 66 0.3228
1717 6 54 0.2205
1717 6 61 0.2677
1730 12 70 0.2835
1742 12 64 0.3228
1742 6 55 0.2205
1742 6 61 0.2677
1755 12 70 0.2835
1767 12 64 0.3228
1767 6 61 0.2756
1767 6 55 0.2283
1780 12 70 0.2756
1793 12 67 0.3228
1805 12 69 0.2756
1818 12 70 0.3465
1818 6 55 0.2362
1818 6 64 0.2913
1831 12 73 0.315
1843 12 70 0.3622
1843 6 64 0.3071
1843 6 55 0.252
1856 12 73 0.3071
1869 12 69 0.4016
1869 6 64 0.315
1869 6 55 0.2598
1881 12 73 0.3543
1894 12 67 0.4252
1894 6 58 0.2756
1894 6 64 0.3307
1906 12 73 0.378
1919 12 67 0.4488
1919 6 64 0.3543
1919 6 58 0.2913
1932 12 73 0.4173
1944 12 70 0.4646
1957 12 71 0.4094
1970 12 72 0.4882
1970 6 58 0.3307
1970 6 67 0.4016
1982 12 76 0.4331
1995 12 72 0.4882
1995 6 67 0.4016
1995 6 64 0.3307
2007 12 76 0.4331
2020 12 71 0.4803
2020 6 62 0.3307
2020 6 67 0.4016
2033 12 76 0.3937
2045 12 70 0.4882
2045 6 60 0.3307
2045 6 66 0.4016
2058 12 76 0.4331
2071 12 70 0.4567
2071 6 66 0.3465
2071 6 60 0.2835
2083 12 76 0.3937
2096 12 70 0.4331
2096 6 60 0.2598
2096 6 66 0.315
2108 12 76 0.3622
2121 12 71 0.315
2121 6 59 0.2205
2121 6 66 0.2677
2134 12 76 0.2835
2146 12 71 0.315
2146 6 59 0.2205
2146 6 66 0.2677
2159 12 76 0.2677
2172 12 71 0.3228
2172 6 59 0.2205
2172 6 66 0.2677
2184 12 76 0.2835
2197 12 71 0.315
2197 6 59 0.2205
2197 6 66 0.2677
2209 12 75 0.2835
2222 12 71 0.315
2222 6 66 0.2677
2222 6 59 0.2205
2235 12 75 0.2677
2247 12 71 0.3228
2247 6 59 0.2205
2247 6 66 0.2677
2260 12 75 0.2835
2273 6 76 0.315
2273 6 71 0.2677
2273 6 67 0.315
2273 6 64 0.2677
2298 6 71 0.2441
2298 6 76 0.2913
2298 6 67 0.2756
2298 6 64 0.2283
2323 6 72 0.2441
2323 6 76 0.2913
2323 6 60 0.1969
2323 6 67 0.2362
2348 6 71 0.2677
2348 6 76 0.315
2348 6 64 0.2283
2348 6 67 0.2756
2374 6 71 0.2362
2374 6 76 0.2835
2374 6 67 0.2441
2374 6 64 0.2047
2399 12 67 0.315
2412 12 69 0.2756
2424 12 71 0.315
2424 6 64 0.2283
2424 6 67 0.2756
2437 12 72 0.2835
2449 12 71 0.315
2449 6 64 0.2126
2449 6 67 0.252
2462 12 78 0.3543
2475 12 76 0.3386
2475 6 64 0.2205
2475 6 69 0.2598
2487 12 74 0.315
2500 12 71 0.3071
2500 25 67 0.2756
2500 25 64 0.2283
2513 12 76 0.3228
2525 12 79 0.3386
2538 12 82 0.3543
2550 12 83 0.378
2576 6 83 0.315
2576 6 74 0.2677
2576 6 78 0.2677
2576 6 71 0.315
2601 6 74 0.2441
2601 6 83 0.2913
2601 6 78 0.2441
2601 6 71 0.2756
2626 6 83 0.2913
2626 6 74 0.2441
2626 6 79 0.2441
2626 6 67 0.2362
2651 6 74 0.2677
2651 6 78 0.2677
2651 6 83 0.315
2651 6 71 0.2756
2677 6 78 0.2362
2677 6 83 0.2835
2677 6 74 0.2362
2677 6 71 0.2441
2702 12 71 0.315
2715 12 73 0.2756
2727 12 74 0.315
2727 6 66 0.2756
2740 12 78 0.2835
2752 12 74 0.315
2752 12 71 0.315
2752 6 62 0.252
2765 12 78 0.3543
2765 6 64 0.3071
2778 25 70 0.4173
2778 12 73 0.4961
2778 6 66 0.4409
2790 12 78 0.4724
2803 12 71 0.4094
2803 12 75 0.4882
2803 50 66 0.5197
2816 12 78 0.4488
2828 12 71 0.4173
2828 12 75 0.4961
2841 12 78 0.4646
2854 12 71 0.4252
2854 12 75 0.5039
2854 25 59 0.4724
2866 12 78 0.4488
2879 6 59 0.5354
2879 6 47 0.5354
2904 6 59 0.4882
2904 6 47 0.4646
2929 6 54 0.4882
2929 6 42 0.4016
2955 6 59 0.5354
2955 6 47 0.4646
2980 6 59 0.4803
2980 6 47 0.4094
3005 12 64 0.315
3018 12 66 0.2756
3030 12 67 0.315
3030 6 52 0.2205
3030 6 61 0.2677
3043 12 70 0.2835
3056 12 67 0.315
3056 6 61 0.2677
3056 6 52 0.2205
3068 12 70 0.2677
3081 12 66 0.3228
3081 6 54 0.2205
3081 6 61 0.2677
3093 12 70 0.2835
3106 12 64 0.3228
3106 6 61 0.2677
3106 6 55 0.2205
3119 12 70 0.2835
3131 12 64 0.3228
3131 6 61 0.2756
3131 6 55 0.2283
3144 12 70 0.2756
3182 6 59 0.5354
3182 6 47 0.5354
3207 6 59 0.4882
3207 6 47 0.4646
3232 6 54 0.4882
3232 6 42 0.4016
3258 6 59 0.5354
3258 6 47 0.4646
3283 6 59 0.4803
3283 6 47 0.4094
3308 12 64 0.315
3321 12 66 0.2756
3333 12 67 0.315
3333 6 52 0.2205
3333 6 61 0.2677
3346 12 70 0.2835
3359 12 67 0.315
3359 6 52 0.2205
3359 6 61 0.2677
3371 12 70 0.2677
3384 12 66 0.3228
3384 6 54 0.2205
3384 6 61 0.2677
3397 12 70 0.2835
3409 12 64 0.3228
3409 6 55 0.2205
3409 6 61 0.2677
3422 12 70 0.2835
3434 12 64 0.3228
3434 6 55 0.2283
3434 6 61 0.2756
3447 12 70 0.2756
3460 12 67 0.3228
3472 12 69 0.2756
3485 12 70 0.3465
3485 6 64 0.2913
3485 6 55 0.2362
3498 12 73 0.315
3510 12 70 0.3622
3510 6 55 0.252
3510 6 64 0.3071
3523 12 73 0.3071
3535 12 69 0.4016
3535 6 55 0.2598
3535 6 64 0.315
3548 12 73 0.3543
3561 12 67 0.4252
3561 6 64 0.3307
3561 6 58 0.2756
3573 12 73 0.378
3586 12 67 0.4488
3586 6 64 0.3543
3586 6 58 0.2913
3599 12 73 0.4173
3611 12 70 0.4646
3624 12 71 0.4094
3636 12 72 0.4882
3636 6 67 0.4016
3636 6 58 0.3307
3649 12 76 0.4331
3662 12 72 0.4882
3662 6 64 0.3307
3662 6 67 0.4016
3674 12 76 0.4331
3687 12 71 0.4803
3687 6 67 0.4016
3687 6 62 0.3307
3700 12 76 0.3937
3712 12 70 0.4882
3712 6 60 0.3307
3712 6 66 0.4016
3725 12 76 0.4331
3738 12 70 0.4567
3738 6 66 0.3465
3738 6 60 0.2835
3750 12 76 0.3937
3763 12 70 0.4331
3763 6 66 0.315
3763 6 60 0.2598
3775 12 76 0.3622
3788 12 71 0.315
3788 6 66 0.2677
3788 6 59 0.2205
3801 12 76 0.2835
3813 12 71 0.315
3813 6 66 0.2677
3813 6 59 0.2205
3826 12 76 0.2677
3839 12 71 0.3228
3839 6 66 0.2677
3839 6 59 0.2205
3851 12 76 0.2835
3864 12 71 0.315
3864 6 59 0.2205
3864 6 66 0.2677
3876 12 75 0.2835
3889 12 71 0.315
3889 6 66 0.2677
3889 6 59 0.2205
3902 12 75 0.2677
3914 12 71 0.3228
3914 6 59 0.2205
3914 6 66 0.2677
3927 12 75 0.2835
3940 6 76 0.315
3940 6 71 0.2677
3940 6 67 0.315
3940 6 64 0.2677
3965 6 71 0.2441
3965 6 76 0.2913
3965 6 64 0.2283
3965 6 67 0.2756
3990 6 76 0.2913
3990 6 72 0.2441
3990 6 67 0.2362
3990 6 60 0.1969
4015 6 76 0.315
4015 6 71 0.2677
4015 6 67 0.2756
4015 6 64 0.2283
4041 6 76 0.2835
4041 6 71 0.2362
4041 6 67 0.2441
4041 6 64 0.2047
4066 12 67 0.315
4078 12 69 0.2756
4091 12 71 0.315
4091 6 64 0.2283
4091 6 67 0.2756
4104 12 72 0.2835
4116 12 71 0.315
4116 6 64 0.2126
4116 6 67 0.252
4129 12 78 0.3543
4142 12 76 0.3386
4142 6 64 0.2205
4142 6 69 0.2598
4154 12 74 0.315
4167 12 71 0.3071
4167 25 67 0.2756
4167 25 64 0.2283
4180 12 76 0.3228
4192 12 79 0.3386
4205 12 82 0.3543
4217 12 83 0.378
4243 6 74 0.2677
4243 6 78 0.2677
4243 6 83 0.315
4243 6 71 0.315
4268 6 78 0.2441
4268 6 74 0.2441
4268 6 83 0.2913
4268 6 71 0.2756
4293 6 79 0.2441
4293 6 74 0.2441
4293 6 83 0.2913
4293 6 67 0.2362
4318 6 74 0.2677
4318 6 78 0.2677
4318 6 83 0.315
4318 6 71 0.2756
4344 6 74 0.2362
4344 6 83 0.2835
4344 6 78 0.2362
4344 6 71 0.2441
4369 12 71 0.315
4382 12 73 0.2756
4394 12 74 0.315
4394 6 66 0.2756
4407 12 78 0.2835
4419 12 71 0.315
4419 12 74 0.315
4419 6 62 0.252
4432 12 78 0.3543
4432 6 64 0.3071
4445 12 73 0.4961
4445 25 70 0.4173
4445 6 66 0.4409
4457 12 78 0.4724
4470 12 75 0.4882
4470 12 71 0.4094
4470 50 66 0.5197
4483 12 78 0.4488
4495 12 75 0.4961
4495 12 71 0.4173
4508 12 78 0.4646
4520 12 75 0.5039
4520 12 71 0.4252
4520 25 59 0.4724
4533 12 78 0.4488
4546 6 71 0.2677
4546 6 76 0.315
4546 6 64 0.2677
4546 6 67 0.315
4571 6 71 0.2441
4571 6 76 0.2913
4571 6 64 0.2283
4571 6 67 0.2756
4596 6 76 0.2913
4596 6 72 0.2441
4596 6 60 0.1969
4596 6 67 0.2362
4621 6 71 0.2677
4621 6 76 0.315
4621 6 64 0.2283
4621 6 67 0.2756
4647 6 76 0.2835
4647 6 71 0.2362
4647 6 67 0.2441
4647 6 64 0.2047
4672 12 67 0.315
4685 12 69 0.2756
4697 12 71 0.315
4697 6 64 0.2283
4697 6 67 0.2756
4710 12 72 0.2835
4723 12 71 0.315
4723 6 64 0.2126
4723 6 67 0.252
4735 12 78 0.3543
4748 12 76 0.3386
4748 6 64 0.2205
4748 6 69 0.2598
4760 12 74 0.315
4773 12 71 0.3071
4773 25 64 0.2283
4773 25 67 0.2756
4786 12 76 0.3228
4798 12 79 0.3386
4811 12 82 0.3543
4824 12 83 0.378
4849 25 64 0.2441
4849 25 60 0.2047
4861 12 68 0.2835
4874 12 69 0.2992
4887 12 72 0.315
4899 12 76 0.3386
4925 25 57 0.2047
4925 25 60 0.2441
4937 12 64 0.2835
4950 12 65 0.2992
4962 12 69 0.315
4975 12 72 0.3386
5000 25 54 0.189
5000 25 47 0.1654
5000 25 57 0.2283
5013 12 62 0.2677
5026 12 63 0.2835
5038 12 66 0.2992
5051 12 71 0.315
5076 6 59 0.2362
5076 6 64 0.2835
5076 6 55 0.2362
5076 6 40 0.1969
5076 6 47 0.1969
5076 6 52 0.2362
5101 6 59 0.2126
5101 6 64 0.2598
5101 6 55 0.2126
5101 6 47 0.1732
5101 6 40 0.1732
5101 6 52 0.2047
5127 6 60 0.2126
5127 6 64 0.2598
5127 6 55 0.2126
5127 6 52 0.1732
5127 6 45 0.1417
5127 6 40 0.1417
5152 6 59 0.2362
5152 6 55 0.2362
5152 6 64 0.2835
5152 6 40 0.1969
5152 6 52 0.2362
5152 6 47 0.1969
5177 6 64 0.2598
5177 6 59 0.2126
5177 6 55 0.2126
5177 6 40 0.1732
5177 6 47 0.1732
5177 6 52 0.2047
5202 6 55 0.2126
5202 6 57 0.2126
5202 6 64 0.2598
5202 6 52 0.1732
5202 6 40 0.1417
5202 6 48 0.1417
5228 6 59 0.2362
5228 6 55 0.2362
5228 6 64 0.2835
5228 6 52 0.2362
5228 6 40 0.1969
5228 6 47 0.1969
5291 6 71 0.1969
5297 6 75 0.1969
5303 6 76 0.2835
5303 6 67 0.2362
5303 6 52 0.1969
5303 6 59 0.2362
5367 6 83 0.1969
5373 6 87 0.1969
5379 6 88 0.2835
5379 6 79 0.2362
5379 6 71 0.2362
5379 6 64 0.1969
