0 25 58 0.2992
0 75 67 0.3858
0 75 63 0.3228
25 25 57 0.2913
50 25 58 0.2992
75 25 55 0.3543
100 50 67 0.3937
100 50 63 0.3937
100 25 55 0.3701
126 25 58 0.3307
151 25 57 0.2992
151 75 62 0.3228
151 75 68 0.3858
176 25 58 0.2992
201 25 60 0.3307
226 25 61 0.3071
252 25 62 0.2992
252 50 68 0.378
277 25 58 0.315
302 75 67 0.3622
302 25 58 0.2835
302 75 63 0.2992
327 25 57 0.2992
353 25 58 0.3307
378 25 55 0.3543
403 50 67 0.3937
403 50 63 0.3937
403 25 55 0.3701
428 25 58 0.3228
453 75 62 0.2992
453 25 57 0.2835
453 75 68 0.3622
479 25 58 0.2913
504 25 60 0.3307
529 25 61 0.3307
554 25 62 0.2992
554 50 68 0.378
579 25 58 0.315
605 25 63 0.3701
605 25 75 0.3701
630 25 65 0.3228
630 25 77 0.3228
655 25 79 0.3858
680 37 70 0.4094
680 37 82 0.4094
718 37 70 0.3386
718 37 82 0.3386
781 25 70 0.4094
781 25 82 0.4094
806 25 72 0.3937
806 25 84 0.3937
832 25 74 0.4331
832 25 86 0.4331
857 25 89 0.4252
857 25 77 0.4252
882 25 86 0.4173
882 25 74 0.4173
907 25 84 0.4331
907 25 72 0.4331
933 25 74 0.4173
933 25 86 0.4173
958 25 72 0.3622
958 25 84 0.3622
983 37 67 0.4016
983 37 79 0.4016
1021 37 67 0.3386
1021 37 79 0.3386
1084 25 65 0.4094
1084 25 77 0.4094
1109 25 67 0.3937
1109 25 79 0.3937
1134 25 68 0.4331
1134 25 80 0.4331
1159 25 82 0.4173
1159 25 70 0.4173
1185 25 80 0.4173
1185 25 68 0.4173
1210 25 79 0.4331
1210 25 67 0.4331
1235 25 65 0.3937
1235 25 77 0.3937
1260 25 63 0.3622
1260 25 75 0.3622
1286 37 58 0.3622
1286 37 70 0.3622
1323 37 58 0.3386
1323 37 70 0.3386
1386 126 62 0.3622
1386 25 65 0.4094
1412 25 67 0.3858
1437 25 68 0.4331
1462 25 70 0.4173
1487 12 68 0.4173
1500 6 67 0.3858
1506 6 68 0.3937
1512 50 63 0.378
1512 25 67 0.4331
1538 25 65 0.3937
1563 25 63 0.3622
1588 25 58 0.4016
1613 25 60 0.3937
1639 25 63 0.3937
1664 25 56 0.378
1664 25 62 0.4331
1689 25 65 0.3937
1714 12 62 0.3622
1727 6 60 0.3228
1733 6 62 0.3228
1739 37 60 0.3937
1777 37 58 0.3543
1777 37 56 0.3543
1815 25 58 0.2992
1815 75 67 0.3858
1815 75 63 0.3228
1840 25 57 0.3228
1866 25 58 0.3228
1891 25 55 0.3701
1916 50 67 0.3937
1916 50 63 0.3937
1916 25 55 0.3701
1941 25 58 0.3307
1966 25 57 0.2992
1966 75 62 0.3228
1966 75 68 0.3858
1992 25 58 0.2992
2017 25 60 0.3307
2042 25 61 0.3071
2067 25 62 0.2992
2067 50 68 0.378
2092 25 58 0.315
2118 25 58 0.2835
2118 75 67 0.3622
2118 75 63 0.2992
2143 25 57 0.3465
2168 25 58 0.3465
2193 25 55 0.3701
2219 50 67 0.3937
2219 50 63 0.3937
2219 25 55 0.3701
2244 25 58 0.3228
2269 25 57 0.2835
2269 75 62 0.2992
2269 75 68 0.3622
2294 25 58 0.3071
2319 25 60 0.3307
2345 25 61 0.3071
2370 25 62 0.2992
2370 50 68 0.378
2395 25 58 0.315
2420 25 63 0.3701
2420 25 75 0.3701
2445 25 65 0.3228
2445 25 77 0.3228
2471 25 79 0.3307
2496 37 70 0.4252
2496 37 82 0.4252
2534 37 70 0.3386
2534 37 82 0.3386
2597 25 70 0.4094
2597 25 82 0.4094
2622 25 72 0.378
2622 25 84 0.378
2647 25 74 0.4331
2647 25 86 0.4331
2672 25 89 0.3937
2672 25 77 0.3937
2698 25 86 0.4173
2698 25 74 0.4173
2723 25 84 0.4331
2723 25 72 0.4331
2748 25 74 0.4173
2748 25 86 0.4173
2773 25 72 0.3622
2773 25 84 0.3622
2799 37 67 0.4016
2799 37 79 0.4016
2836 37 67 0.3386
2836 37 79 0.3386
2899 25 65 0.4094
2899 25 77 0.4094
2925 25 67 0.4173
2925 25 79 0.4173
2950 25 68 0.4173
2950 25 80 0.4173
2975 25 82 0.4173
2975 25 70 0.4173
3000 25 80 0.4173
3000 25 68 0.4173
3025 25 79 0.4331
3025 25 67 0.4331
3051 25 65 0.378
3051 25 77 0.378
3076 25 63 0.3622
3076 25 75 0.3622
3101 37 58 0.3858
3101 37 70 0.3858
3139 37 58 0.3386
3139 37 70 0.3386
3202 126 62 0.3622
3202 25 65 0.4094
3227 25 67 0.4173
3252 25 68 0.4331
3278 25 70 0.4173
3303 12 68 0.4173
3315 6 67 0.3858
3322 6 68 0.3937
3328 50 63 0.378
3328 25 67 0.4331
3353 25 65 0.3937
3379 25 63 0.3622
3404 25 58 0.4016
3429 25 60 0.3937
3454 25 63 0.3937
3479 25 56 0.378
3479 25 62 0.4331
3505 25 65 0.3937
3530 12 62 0.3622
3542 6 60 0.3228
3549 6 62 0.3228
3555 37 60 0.3937
3593 37 58 0.3543
3593 37 56 0.3543
3631 25 58 0.2992
3631 75 67 0.3858
3631 75 63 0.3228
3656 25 57 0.3465
3681 25 58 0.3465
3706 25 55 0.3701
3732 50 67 0.3937
3732 50 63 0.3937
3732 25 55 0.3701
3757 25 58 0.3307
3782 25 57 0.2992
3782 75 62 0.3228
3782 75 68 0.3858
3807 25 58 0.3307
3832 25 60 0.3307
3858 25 61 0.3307
3883 25 62 0.2992
3883 50 68 0.378
3908 25 58 0.315
3933 25 58 0.2835
3933 75 67 0.3622
3933 75 63 0.2992
3958 25 57 0.3465
3984 25 58 0.3465
4009 25 55 0.3701
4034 50 67 0.3937
4034 50 63 0.3937
4034 25 55 0.3701
4059 25 58 0.3228
4085 25 57 0.2835
4085 75 62 0.2992
4085 75 68 0.3622
4110 25 58 0.3307
4135 25 60 0.3307
4160 25 61 0.2992
4185 25 62 0.2992
4185 50 68 0.378
4211 25 58 0.315
4236 25 63 0.3701
4236 25 75 0.3701
4261 25 65 0.3622
4261 25 77 0.3622
4286 25 79 0.3307
4312 75 70 0.4173
4312 75 82 0.4173
4412 25 70 0.4094
4412 25 82 0.4094
4438 25 72 0.3937
4438 25 84 0.3937
4463 25 73 0.4331
4463 25 85 0.4331
4488 25 89 0.3701
4488 25 77 0.2992
4513 25 85 0.4173
4513 25 73 0.4173
4538 25 84 0.4331
4538 25 72 0.4331
4564 25 70 0.4094
4564 25 82 0.4094
4589 25 63 0.3622
4589 25 75 0.3622
4614 25 63 0.4016
4614 25 75 0.4016
4639 50 65 0.3858
4639 50 77 0.4016
4715 25 67 0.4094
4715 25 79 0.4094
4740 25 68 0.3858
4740 25 80 0.3858
4765 25 70 0.4331
4765 25 82 0.4331
4791 25 87 0.4331
4791 25 75 0.4331
4816 25 84 0.3858
4816 25 72 0.3858
4841 25 82 0.4331
4841 25 70 0.4331
4866 25 68 0.3937
4866 25 80 0.3937
4891 25 63 0.3622
4891 25 75 0.3622
4917 25 63 0.4016
4917 25 75 0.4016
4942 75 68 0.4331
4942 75 80 0.4331
5018 75 72 0.4094
5018 75 75 0.4094
5018 75 84 0.4803
5018 75 80 0.4803
5093 50 87 0.5276
5093 50 84 0.5276
5093 50 80 0.4331
5093 50 75 0.4331
5169 75 63 0.4488
5169 75 75 0.4488
5245 75 68 0.4961
5245 75 80 0.5039
5320 75 71 0.4409
5320 75 75 0.4409
5320 75 83 0.5276
5320 75 80 0.5276
5396 50 87 0.5591
5396 50 83 0.5591
5396 50 80 0.4646
5396 50 75 0.4646
5446 25 63 0.3622
5446 25 75 0.4724
5471 25 65 0.4409
5471 25 77 0.4409
5497 25 79 0.4331
5522 37 70 0.4252
5522 37 82 0.5197
5560 37 70 0.3386
5560 37 82 0.4173
5623 25 70 0.4094
5623 25 82 0.5118
5648 25 72 0.4724
5648 25 84 0.4724
5673 25 74 0.5197
5673 25 86 0.5197
5698 25 89 0.4803
5698 25 77 0.4252
5724 25 86 0.5197
5724 25 74 0.4173
5749 25 84 0.5354
5749 25 72 0.5354
5774 25 74 0.4173
5774 25 86 0.5197
5799 25 72 0.3543
5799 25 84 0.4488
5824 37 67 0.4016
5824 37 79 0.4961
5862 37 67 0.3386
5862 37 79 0.4173
5925 25 70 0.4094
5925 25 82 0.4882
5951 25 72 0.4016
5951 25 84 0.4016
5976 25 70 0.4331
5976 25 82 0.5118
6001 25 80 0.4724
6001 25 68 0.4016
6026 25 79 0.4567
6026 25 67 0.3858
6051 25 77 0.4882
6051 25 65 0.4094
6077 25 67 0.3858
6077 25 79 0.4567
6102 25 68 0.3701
6102 25 80 0.4409
6127 37 75 0.4882
6127 37 87 0.5197
6165 37 72 0.4016
6165 37 84 0.4331
6228 25 72 0.4094
6228 25 84 0.4882
6253 25 75 0.3858
6253 25 87 0.4567
6278 25 72 0.4252
6278 25 84 0.4724
6304 25 80 0.4488
6304 25 68 0.4094
6329 25 79 0.4567
6329 25 67 0.3858
6354 25 77 0.4567
6354 25 65 0.3858
6379 25 67 0.3858
6379 25 79 0.4567
6404 25 68 0.3701
6404 25 80 0.4409
6430 37 74 0.4488
6430 37 86 0.5354
6468 63 72 0.378
6468 63 84 0.4488
6531 25 64 0.3465
6531 25 76 0.4094
6556 25 65 0.315
6556 25 77 0.378
6581 37 68 0.3701
6581 37 80 0.4488
6619 37 67 0.3386
6619 37 79 0.4016
6657 25 58 0.2992
6657 75 67 0.3858
6657 75 63 0.3228
6682 25 57 0.3465
6707 25 58 0.3465
6732 25 55 0.3701
6758 50 67 0.3937
6758 50 63 0.3937
6758 25 55 0.3701
6783 25 58 0.3307
6808 25 57 0.2992
6808 75 62 0.3228
6808 75 68 0.3858
6833 25 58 0.2913
6858 25 60 0.3307
6884 25 61 0.2992
6909 25 62 0.2992
6909 50 68 0.378
6934 25 58 0.315
6959 25 58 0.2835
6959 75 67 0.3622
6959 75 63 0.2992
6984 25 57 0.315
7010 25 58 0.3465
7035 25 55 0.3701
7060 50 67 0.3937
7060 50 63 0.3937
7060 25 55 0.3701
7085 25 58 0.3228
7111 25 57 0.2835
7111 75 62 0.2992
7111 75 68 0.3622
7136 25 58 0.2992
7161 25 60 0.3307
7186 25 61 0.2992
7211 25 62 0.2992
7211 50 68 0.378
7237 25 58 0.315
7262 25 63 0.2441
7262 25 75 0.2441
7287 25 65 0.252
7287 25 77 0.252
7312 25 79 0.252
7337 37 70 0.2835
7337 37 82 0.2835
7375 37 70 0.2205
7375 37 82 0.2205
7438 25 70 0.2756
7438 25 82 0.2756
7464 25 72 0.2283
7464 25 84 0.2283
7489 25 74 0.2835
7489 25 86 0.2835
7514 25 89 0.2913
7514 25 77 0.2756
7539 25 86 0.2835
7539 25 74 0.2835
7564 25 84 0.2835
7564 25 72 0.2835
7590 25 74 0.2835
7590 25 86 0.2835
7615 25 72 0.2441
7615 25 84 0.2441
7640 37 67 0.2677
7640 37 79 0.2677
7678 37 67 0.2205
7678 37 79 0.2205
7741 25 65 0.2756
7741 25 77 0.2756
7766 25 67 0.2835
7766 25 79 0.2835
7791 25 68 0.2835
7791 25 80 0.2835
7817 25 82 0.2835
7817 25 70 0.2835
7842 25 80 0.252
7842 25 68 0.252
7867 25 79 0.2835
7867 25 67 0.2835
7892 25 65 0.2598
7892 25 77 0.2598
7917 25 63 0.2441
7917 25 75 0.2441
7943 37 58 0.2677
7943 37 70 0.2677
7981 37 58 0.2205
7981 37 70 0.2205
8044 126 62 0.2441
8044 25 65 0.2756
8069 25 67 0.2835
8094 25 68 0.2835
8119 25 70 0.2835
8144 12 68 0.2835
8157 6 67 0.252
8163 6 68 0.2598
8170 50 63 0.252
8170 25 67 0.2835
8195 25 65 0.2598
8220 25 63 0.2441
8245 25 58 0.2677
8270 25 60 0.2598
8296 25 63 0.2598
8321 25 56 0.252
8321 25 62 0.2835
8346 25 65 0.2598
8371 12 62 0.2441
8384 6 60 0.2126
8390 6 62 0.2126
8397 37 60 0.2598
8434 37 58 0.2362
8434 37 56 0.2362
8472 25 63 0.2441
8472 25 75 0.2441
8497 25 65 0.2205
8497 25 77 0.2205
8523 25 79 0.252
8548 37 70 0.2835
8548 37 82 0.2835
8586 37 70 0.2205
8586 37 82 0.2205
8649 25 70 0.2756
8649 25 82 0.2756
8674 25 72 0.2441
8674 25 84 0.2441
8699 25 74 0.2835
8699 25 86 0.2835
8724 25 89 0.2913
8724 25 77 0.2598
8750 25 86 0.2835
8750 25 74 0.2835
8775 25 84 0.2835
8775 25 72 0.2835
8800 25 74 0.2835
8800 25 86 0.2835
8825 25 72 0.2205
8825 25 84 0.2205
8850 37 67 0.2677
8850 37 79 0.2677
8888 37 67 0.2205
8888 37 79 0.2205
8951 25 65 0.2756
8951 25 77 0.2756
8977 25 67 0.2835
8977 25 79 0.2835
9002 25 68 0.2835
9002 25 80 0.2835
9027 25 82 0.2835
9027 25 70 0.2835
9052 25 80 0.2835
9052 25 68 0.2835
9077 25 79 0.2835
9077 25 67 0.2835
9103 25 65 0.2598
9103 25 77 0.2598
9128 25 63 0.2441
9128 25 75 0.2441
9153 37 58 0.2677
9153 37 70 0.2677
9191 37 58 0.2205
9191 37 70 0.2205
9254 126 62 0.2441
9254 25 65 0.2756
9279 25 67 0.2835
9304 25 68 0.2835
9330 25 70 0.2835
9355 12 68 0.2835
9367 6 67 0.252
9374 6 68 0.2598
9380 50 63 0.252
9380 25 67 0.2835
9405 25 65 0.2598
9430 25 63 0.2441
9456 25 58 0.2677
9481 25 60 0.2598
9506 25 63 0.2598
9531 25 56 0.252
9531 25 62 0.2835
9557 25 65 0.2598
9582 12 62 0.2441
9594 6 60 0.2126
9601 6 62 0.2126
9607 37 60 0.2598
9645 37 58 0.2362
9645 37 56 0.2362
9683 25 58 0.2205
9683 75 67 0.2835
9683 75 63 0.2362
9708 25 57 0.2598
9733 25 58 0.2598
9758 25 55 0.2756
9783 50 67 0.2913
9783 50 63 0.2913
9783 25 55 0.2756
9809 25 58 0.2441
9834 25 57 0.2205
9834 75 62 0.2362
9834 75 68 0.2835
9859 25 58 0.2441
9884 25 60 0.2441
9910 25 61 0.2441
9935 25 62 0.2205
9935 50 68 0.2835
9960 25 58 0.2362
9985 25 58 0.2126
9985 75 67 0.2756
9985 75 63 0.2205
10010 25 57 0.2598
10036 25 58 0.2598
10061 25 55 0.2756
10086 50 67 0.2913
10086 50 63 0.2913
10086 25 55 0.2756
10111 25 58 0.2362
10137 25 57 0.2126
10137 75 62 0.2205
10137 75 68 0.2756
10162 25 58 0.2441
10187 25 60 0.2441
10212 25 61 0.2441
10237 25 62 0.2205
10237 50 68 0.2835
10263 25 58 0.2362
10288 25 58 0.2126
10288 75 67 0.2756
10288 75 63 0.2205
10313 25 57 0.252
10338 25 58 0.252
10363 25 55 0.2598
10389 50 67 0.2835
10389 50 63 0.2835
10389 25 55 0.2598
10414 25 58 0.2205
10439 25 58 0.1969
10439 75 67 0.252
10439 75 63 0.2126
10464 25 57 0.2126
10490 25 58 0.2362
10515 25 55 0.2441
10540 50 67 0.2283
10540 50 63 0.2283
10540 25 55 0.2126
10565 25 58 0.1811
10590 226 55 0.1732
10590 226 63 0.1732
10590 226 67 0.2126
10893 151 71 0.4016
10893 151 75 0.4016
11044 25 73 0.4488
11070 25 75 0.4094
11095 25 76 0.3937
11120 25 78 0.4173
11145 25 82 0.4173
11170 25 80 0.4016
11196 151 71 0.4016
11196 151 75 0.4016
11347 25 73 0.4488
11372 25 75 0.3937
11397 25 76 0.3937
11423 25 78 0.4173
11448 25 80 0.4173
11473 25 76 0.4331
11498 25 75 0.4567
11523 25 73 0.4173
11549 25 71 0.4331
11574 25 68 0.4094
11599 25 70 0.4094
11624 25 71 0.4094
11649 25 68 0.4016
11649 25 73 0.4488
11675 25 75 0.3937
11700 25 73 0.378
11725 25 76 0.3465
11750 25 78 0.3307
11776 25 76 0.3228
11801 151 68 0.2992
11801 151 71 0.2992
11801 151 75 0.2992
11801 151 80 0.2992
11952 151 75 0.2992
12103 151 71 0.4016
12103 151 75 0.4016
12255 25 73 0.4488
12280 25 75 0.4016
12305 25 76 0.4016
12330 25 78 0.4173
12356 25 82 0.4331
12381 25 80 0.4173
12406 151 71 0.4016
12406 151 75 0.4016
12557 25 73 0.4488
12583 25 75 0.4016
12608 25 76 0.4094
12633 25 78 0.4094
12658 25 80 0.4173
12683 25 76 0.4331
12709 25 75 0.4567
12734 25 73 0.4173
12759 25 71 0.4331
12784 25 68 0.4094
12809 25 70 0.4094
12835 25 71 0.4094
12860 25 68 0.3858
12860 25 73 0.4488
12885 25 75 0.3858
12910 25 73 0.3701
12936 25 76 0.3543
12961 25 78 0.3307
12986 25 76 0.3228
13011 151 68 0.2992
13011 151 71 0.2992
13011 151 75 0.2992
13011 151 80 0.2992
13307 6 70 0.3465
13314 151 75 0.4331
13490 25 73 0.4094
13516 25 75 0.3937
13541 25 76 0.3937
13566 25 78 0.4173
13591 18 80 0.3937
13610 6 70 0.3307
13616 151 75 0.4016
13793 25 70 0.4252
13818 12 73 0.4488
13831 8 71 0.2992
13837 8 73 0.2913
13843 25 71 0.3858
13869 25 70 0.4567
13894 18 68 0.4409
13919 25 67 0.4961
13944 25 68 0.4567
13969 25 70 0.4724
13995 25 75 0.4488
14020 25 77 0.4803
14045 25 79 0.4488
14070 25 71 0.4882
14070 25 80 0.4882
14095 25 75 0.4646
14121 12 73 0.4646
14133 8 71 0.3307
14140 8 73 0.3307
14146 25 71 0.4173
14171 25 70 0.3858
14196 18 68 0.3858
14215 157 67 0.378
14222 151 75 0.4646
14373 144 62 0.3622
14373 144 68 0.4252
14518 6 70 0.3858
14524 151 75 0.4646
14701 25 73 0.4094
14726 25 75 0.4094
14751 25 76 0.3937
14776 25 78 0.4173
14802 18 80 0.3937
14820 6 70 0.3307
14827 151 75 0.4016
15003 25 70 0.4094
15029 12 73 0.4488
15041 8 71 0.2835
15047 8 73 0.2835
15054 25 71 0.3858
15079 25 70 0.4567
15104 18 68 0.4094
15129 25 67 0.4961
15155 25 68 0.4567
15180 25 70 0.4724
15205 25 75 0.4488
15230 25 77 0.4803
15255 25 79 0.4488
15281 25 71 0.4882
15281 25 80 0.4882
15306 25 75 0.4331
15331 12 73 0.4646
15344 8 71 0.2992
15350 8 73 0.3071
15356 25 71 0.4016
15382 25 70 0.3858
15407 18 68 0.3858
15426 308 67 0.378
15432 302 75 0.4646
15735 151 71 0.4016
15735 151 75 0.4016
15886 25 73 0.4488
15911 25 75 0.4016
15936 25 76 0.4094
15962 25 78 0.4016
15987 25 82 0.4173
16012 25 80 0.4094
16037 151 71 0.4016
16037 151 75 0.4016
16188 25 73 0.4488
16214 25 75 0.4094
16239 25 76 0.4094
16264 25 78 0.4016
16289 25 80 0.4173
16315 25 76 0.4331
16340 25 75 0.4567
16365 25 73 0.4173
16390 25 71 0.4331
16415 25 68 0.4094
16441 25 70 0.4094
16466 25 71 0.3858
16491 25 68 0.3386
16491 25 73 0.4488
16516 25 75 0.3937
16541 25 73 0.3858
16567 25 76 0.3307
16592 25 78 0.3307
16617 25 76 0.3228
16642 125 68 0.2992
16642 151 71 0.2992
16642 151 75 0.2992
16642 151 80 0.2992
16794 25 71 0.2992
16819 25 70 0.2992
16844 25 68 0.2835
16869 25 63 0.2598
16895 25 59 0.2835
16920 25 56 0.2756
16945 25 59 0.2205
16945 75 68 0.2913
16945 75 63 0.2362
16970 25 58 0.2362
16995 25 59 0.252
17021 25 56 0.2441
17046 25 59 0.2598
17071 25 63 0.2441
17096 25 59 0.2205
17096 75 68 0.2913
17096 75 63 0.2362
17121 25 58 0.2362
17147 25 59 0.2598
17172 25 56 0.2362
17197 25 59 0.2756
17222 25 63 0.2441
17248 25 59 0.2283
17248 75 68 0.3071
17248 75 63 0.2441
17273 25 58 0.2441
17298 25 59 0.2677
17323 25 56 0.2441
17348 25 59 0.2913
17374 25 63 0.252
17399 25 59 0.2283
17399 75 68 0.3071
17399 75 63 0.2441
17424 25 58 0.252
17449 25 59 0.2677
17474 25 56 0.2362
17500 25 59 0.2913
17525 25 63 0.252
17550 25 58 0.1969
17550 75 67 0.2598
17550 75 63 0.2126
17575 25 57 0.2205
17601 25 58 0.2283
17626 25 55 0.2126
17651 25 58 0.2441
17676 25 63 0.2205
17701 25 58 0.1969
17701 75 67 0.2598
17701 75 63 0.2126
17727 25 57 0.2205
17752 25 58 0.2283
17777 25 55 0.2205
17802 25 58 0.2441
17828 25 63 0.2205
17853 25 62 0.2756
17853 25 68 0.2756
17853 25 72 0.2756
17878 25 62 0.252
17878 25 68 0.252
17878 25 70 0.252
17903 25 62 0.3071
17903 25 68 0.3071
17903 25 72 0.3071
17928 25 62 0.2677
17928 25 68 0.2677
17928 25 70 0.2677
17954 25 62 0.3543
17954 25 68 0.3543
17954 25 72 0.3543
17979 25 62 0.3071
17979 25 68 0.3071
17979 25 70 0.3071
18004 25 74 0.4094
18004 25 80 0.4094
18004 25 84 0.4094
18029 25 74 0.3701
18029 25 82 0.3701
18029 25 80 0.3701
18054 25 74 0.4331
18054 25 80 0.4331
18054 25 84 0.4331
18080 25 74 0.3701
18080 25 80 0.3701
18080 25 82 0.3701
18105 25 74 0.4724
18105 25 80 0.4724
18105 25 84 0.4724
18130 25 74 0.4094
18130 25 80 0.4094
18130 25 82 0.4094
18155 25 58 0.2992
18155 75 67 0.3858
18155 75 63 0.3228
18181 25 57 0.3465
18206 25 58 0.3465
18231 25 55 0.3701
18256 50 67 0.3937
18256 50 63 0.3937
18256 25 55 0.3701
18281 25 58 0.3307
18307 25 57 0.2992
18307 75 62 0.3228
18307 75 68 0.3858
18332 25 58 0.3071
18357 25 60 0.3307
18382 25 61 0.2992
18408 25 62 0.2992
18408 50 68 0.378
18433 25 58 0.315
18458 25 58 0.2835
18458 75 67 0.3622
18458 75 63 0.2992
18483 25 57 0.315
18508 25 58 0.3465
18534 25 55 0.3701
18559 50 67 0.3937
18559 50 63 0.3937
18559 25 55 0.3701
18584 25 58 0.3228
18609 25 57 0.2835
18609 75 62 0.2992
18609 75 68 0.3622
18634 25 58 0.3307
18660 25 60 0.3307
18685 25 61 0.3307
18710 25 62 0.2992
18710 50 68 0.378
18735 25 58 0.315
18761 25 63 0.3701
18761 25 75 0.3701
18786 25 65 0.3622
18786 25 77 0.3622
18811 25 79 0.3228
18836 37 70 0.4252
18836 37 82 0.4252
18874 37 70 0.3386
18874 37 82 0.3386
18937 25 70 0.4094
18937 25 82 0.4094
18962 25 72 0.4094
18962 25 84 0.4094
18987 25 74 0.4331
18987 25 86 0.4331
19013 25 89 0.4094
19013 25 77 0.3858
19038 25 86 0.4173
19038 25 74 0.4173
19063 25 84 0.4331
19063 25 72 0.4331
19088 25 74 0.4173
19088 25 86 0.4173
19114 25 72 0.3307
19114 25 84 0.3307
19139 37 67 0.3937
19139 37 79 0.3937
19177 37 67 0.3386
19177 37 79 0.3386
19240 25 65 0.4094
19240 25 77 0.4094
19265 25 67 0.4016
19265 25 79 0.4016
19290 25 68 0.4331
19290 25 80 0.4331
19315 25 82 0.4173
19315 25 70 0.4173
19341 25 80 0.3858
19341 25 68 0.3858
19366 25 79 0.4331
19366 25 67 0.4331
19391 25 65 0.3701
19391 25 77 0.3701
19416 25 63 0.3622
19416 25 75 0.3622
19441 37 58 0.4016
19441 37 70 0.4016
19479 37 58 0.3386
19479 37 70 0.3386
19542 126 62 0.3622
19542 25 65 0.4094
19567 25 67 0.4173
19593 25 68 0.4331
19618 25 70 0.4173
19643 12 68 0.3937
19656 6 67 0.3858
19662 6 68 0.3937
19668 50 63 0.378
19668 25 67 0.4331
19694 25 65 0.3937
19719 25 63 0.3622
19744 25 58 0.4016
19769 25 60 0.3937
19794 25 63 0.3937
19820 25 56 0.378
19820 25 62 0.4331
19845 25 65 0.3937
19870 12 62 0.3622
19883 6 60 0.3228
19889 6 62 0.3228
19895 37 60 0.3937
19933 37 58 0.3543
19933 37 56 0.3543
19971 25 58 0.2992
19971 75 67 0.3858
19971 75 63 0.3228
19996 25 57 0.3465
20021 25 58 0.3465
20047 25 55 0.3701
20072 50 67 0.3937
20072 50 63 0.3937
20072 25 55 0.3701
20097 25 58 0.3307
20122 25 57 0.2992
20122 75 62 0.3228
20122 75 68 0.3858
20147 25 58 0.3307
20173 25 60 0.3307
20198 25 61 0.3307
20223 25 62 0.2992
20223 50 68 0.378
20248 25 58 0.315
20274 25 58 0.2835
20274 75 67 0.3622
20274 75 63 0.2992
20299 25 57 0.3465
20324 25 58 0.3465
20349 25 55 0.3701
20374 50 67 0.3937
20374 50 63 0.3937
20374 25 55 0.3701
20400 25 58 0.3228
20425 25 57 0.2835
20425 75 62 0.2992
20425 75 68 0.3622
20450 25 58 0.3307
20475 25 60 0.3307
20500 25 61 0.3307
20526 25 62 0.2992
20526 50 68 0.378
20551 25 58 0.315
20576 25 63 0.3701
20576 25 75 0.3701
20601 25 65 0.3701
20601 25 77 0.3701
20627 25 79 0.3701
20652 75 70 0.4173
20652 75 82 0.4173
20753 25 70 0.4094
20753 25 82 0.4094
20778 25 72 0.3386
20778 25 84 0.3386
20803 25 73 0.4331
20803 25 85 0.4331
20828 25 89 0.3465
20828 25 77 0.2992
20854 25 85 0.4173
20854 25 73 0.4173
20879 25 84 0.4331
20879 25 72 0.4331
20904 25 70 0.4173
20904 25 82 0.4173
20929 25 63 0.3622
20929 25 75 0.3622
20954 25 63 0.4016
20954 25 75 0.4016
20980 50 65 0.4016
20980 50 77 0.4016
21055 25 67 0.4094
21055 25 79 0.4094
21080 25 68 0.3701
21080 25 80 0.3701
21106 25 70 0.4331
21106 25 82 0.4331
21131 25 87 0.4173
21131 25 75 0.4016
21156 25 84 0.3701
21156 25 72 0.3701
21181 25 82 0.4331
21181 25 70 0.4331
21207 25 68 0.3937
21207 25 80 0.3937
21232 25 63 0.3622
21232 25 75 0.3622
21257 25 63 0.4016
21257 25 75 0.4016
21282 75 68 0.3858
21282 75 80 0.4331
21358 75 72 0.4094
21358 75 75 0.4094
21358 75 84 0.4803
21358 75 80 0.4803
21433 50 87 0.5276
21433 50 84 0.5276
21433 50 80 0.4331
21433 50 75 0.4331
21509 75 63 0.4488
21509 75 75 0.4488
21585 75 68 0.4567
21585 75 80 0.5039
21660 75 71 0.4409
21660 75 75 0.4409
21660 75 83 0.5276
21660 75 80 0.5276
21736 50 87 0.5591
21736 50 83 0.5591
21736 50 80 0.4646
21736 50 75 0.4646
21787 25 63 0.3622
21787 25 75 0.4724
21812 25 65 0.378
21812 25 77 0.4331
21837 25 67 0.3937
21837 25 79 0.4488
21862 37 70 0.4252
21862 37 82 0.5197
21900 37 70 0.3386
21900 37 82 0.4173
21963 25 70 0.4094
21963 25 82 0.5118
21988 25 72 0.3701
21988 25 84 0.4646
22013 25 74 0.4252
22013 25 86 0.5512
22039 25 89 0.4567
22039 25 77 0.4094
22064 25 86 0.5197
22064 25 74 0.4173
22089 25 84 0.5276
22089 25 72 0.4173
22114 25 74 0.4173
22114 25 86 0.5197
22140 25 72 0.3543
22140 25 84 0.4488
22165 37 67 0.4016
22165 37 79 0.4961
22203 37 67 0.3386
22203 37 79 0.4173
22266 25 70 0.4094
22266 25 82 0.4882
22291 25 72 0.3465
22291 25 84 0.4094
22316 25 70 0.4331
22316 25 82 0.5118
22341 25 80 0.4724
22341 25 68 0.378
22366 25 79 0.4567
22366 25 67 0.3858
22392 25 77 0.4882
22392 25 65 0.4094
22417 25 67 0.3858
22417 25 79 0.4567
22442 25 68 0.3701
22442 25 80 0.4409
22467 37 75 0.4488
22467 37 87 0.5591
22505 37 72 0.378
22505 37 84 0.4488
22568 25 72 0.4094
22568 25 84 0.4882
22593 25 75 0.3858
22593 25 87 0.4567
22619 25 72 0.3858
22619 25 84 0.4803
22644 25 80 0.4724
22644 25 68 0.4016
22669 25 79 0.4567
22669 25 67 0.3858
22694 25 77 0.4567
22694 25 65 0.3858
22720 25 67 0.3858
22720 25 79 0.4567
22745 25 68 0.3701
22745 25 80 0.4409
22770 37 74 0.4488
22770 37 86 0.5591
22808 63 72 0.378
22808 63 84 0.4488
22871 25 64 0.3465
22871 25 76 0.4094
22896 25 65 0.315
22896 25 77 0.378
22921 37 68 0.3701
22921 37 80 0.4488
22959 37 67 0.3386
22959 37 79 0.4016
22997 25 58 0.2992
22997 75 67 0.3858
22997 75 63 0.3228
23022 25 57 0.3228
23047 25 58 0.3465
23073 25 55 0.3701
23098 50 67 0.3937
23098 50 63 0.3937
23098 25 55 0.3701
23123 25 58 0.3307
23148 25 57 0.2992
23148 75 62 0.3228
23148 75 68 0.3858
23173 25 58 0.3071
23199 25 60 0.3307
23224 25 61 0.2992
23249 25 62 0.2992
23249 50 68 0.378
23274 25 58 0.315
23299 25 58 0.2835
23299 75 67 0.3622
23299 75 63 0.2992
23325 25 57 0.3465
23350 25 58 0.3307
23375 25 55 0.3701
23400 50 67 0.3937
23400 50 63 0.3937
23400 25 55 0.3701
23426 25 58 0.3228
23451 25 57 0.2835
23451 75 62 0.2992
23451 75 68 0.3622
23476 25 58 0.3071
23501 25 60 0.3307
23526 25 61 0.2913
23552 25 62 0.2992
23552 50 68 0.378
23577 25 58 0.315
23602 25 63 0.2441
23602 25 75 0.2441
23627 25 65 0.2362
23627 25 77 0.2362
23653 25 79 0.2362
23678 37 70 0.2835
23678 37 82 0.2835
23716 37 70 0.2205
23716 37 82 0.2205
23779 25 70 0.2756
23779 25 82 0.2756
23804 25 72 0.2441
23804 25 84 0.2441
23829 25 74 0.2835
23829 25 86 0.2835
23854 25 89 0.2598
23854 25 77 0.2598
23879 25 86 0.2835
23879 25 74 0.2835
23905 25 84 0.2835
23905 25 72 0.2835
23930 25 74 0.2598
23930 25 86 0.2598
23955 25 72 0.2441
23955 25 84 0.2441
23980 37 67 0.2677
23980 37 79 0.2677
24018 37 67 0.2205
24018 37 79 0.2205
24081 25 65 0.2756
24081 25 77 0.2756
24106 25 67 0.252
24106 25 79 0.252
24132 25 68 0.2835
24132 25 80 0.2835
24157 25 82 0.2835
24157 25 70 0.2835
24182 25 80 0.2835
24182 25 68 0.2835
24207 25 79 0.2835
24207 25 67 0.2835
24233 25 65 0.2598
24233 25 77 0.2598
24258 25 63 0.2441
24258 25 75 0.2441
24283 37 58 0.2677
24283 37 70 0.2677
24321 37 58 0.2205
24321 37 70 0.2205
24384 126 62 0.2441
24384 25 65 0.2756
24409 25 67 0.252
24434 25 68 0.2835
24459 25 70 0.2835
24485 12 68 0.2835
24497 6 67 0.252
24504 6 68 0.2598
24510 50 63 0.252
24510 25 67 0.2835
24535 25 65 0.2598
24560 25 63 0.2441
24586 25 58 0.2677
24611 25 60 0.2598
24636 25 63 0.2598
24661 25 56 0.252
24661 25 62 0.2835
24686 25 65 0.2598
24712 12 62 0.2441
24724 6 60 0.2126
24731 6 62 0.2126
24737 37 60 0.2598
24775 37 58 0.2362
24775 37 56 0.2362
24812 25 63 0.2441
24812 25 75 0.2441
24838 25 65 0.2205
24838 25 77 0.2205
24863 25 79 0.2126
24888 37 70 0.2835
24888 37 82 0.2835
24926 37 70 0.2205
24926 37 82 0.2205
24989 25 70 0.2756
24989 25 82 0.2756
25014 25 72 0.2205
25014 25 84 0.2205
25039 25 74 0.2835
25039 25 86 0.2835
25065 25 89 0.2362
25065 25 77 0.2205
25090 25 86 0.2835
25090 25 74 0.2835
25115 25 84 0.2835
25115 25 72 0.2835
25140 25 74 0.252
25140 25 86 0.252
25166 25 72 0.2441
25166 25 84 0.2441
25191 37 67 0.2677
25191 37 79 0.2677
25229 37 67 0.2205
25229 37 79 0.2205
25292 25 65 0.2756
25292 25 77 0.2756
25317 25 67 0.252
25317 25 79 0.252
25342 25 68 0.2835
25342 25 80 0.2835
25367 25 82 0.252
25367 25 70 0.252
25392 25 80 0.2835
25392 25 68 0.2835
25418 25 79 0.2835
25418 25 67 0.2835
25443 25 65 0.2598
25443 25 77 0.2598
25468 25 63 0.2441
25468 25 75 0.2441
25493 37 58 0.2677
25493 37 70 0.2677
25531 37 58 0.2205
25531 37 70 0.2205
25594 126 62 0.2441
25594 25 65 0.2756
25619 25 67 0.252
25645 25 68 0.2835
25670 25 70 0.2677
25695 12 68 0.2835
25708 6 67 0.252
25714 6 68 0.2598
25720 50 63 0.252
25720 25 67 0.2835
25745 25 65 0.2598
25771 25 63 0.2441
25796 25 58 0.2677
25821 25 60 0.2598
25846 25 63 0.2598
25872 25 56 0.252
25872 25 62 0.2835
25897 25 65 0.2598
25922 12 62 0.2441
25935 6 60 0.2126
25941 6 62 0.2126
25947 37 60 0.2598
25985 37 58 0.2362
25985 37 56 0.2362
26023 25 58 0.2205
26023 75 67 0.2835
26023 75 63 0.2362
26048 25 57 0.2598
26073 25 58 0.2598
26099 25 55 0.2756
26124 50 67 0.2913
26124 50 63 0.2913
26124 25 55 0.2756
26149 25 58 0.2441
26174 25 57 0.2205
26174 75 62 0.2362
26174 75 68 0.2835
26199 25 58 0.2441
26225 25 60 0.2441
26250 25 61 0.2441
26275 25 62 0.2205
26275 50 68 0.2835
26300 25 58 0.2362
26325 25 58 0.2126
26325 75 67 0.2756
26325 75 63 0.2205
26351 25 57 0.2598
26376 25 58 0.2598
26401 25 55 0.2756
26426 50 67 0.2913
26426 50 63 0.2913
26426 25 55 0.2756
26452 25 58 0.2362
26477 25 57 0.2126
26477 75 62 0.2205
26477 75 68 0.2756
26502 25 58 0.2441
26527 25 60 0.2441
26552 25 61 0.2441
26578 25 62 0.2205
26578 50 68 0.2835
26603 25 58 0.2362
26628 25 58 0.2126
26628 75 67 0.2756
26628 75 63 0.2205
26653 25 57 0.2441
26679 25 58 0.2441
26704 25 55 0.2598
26729 50 67 0.2835
26729 50 63 0.2835
26729 25 55 0.2598
26754 25 58 0.2205
26779 25 58 0.1969
26779 75 67 0.252
26779 75 63 0.2126
26805 25 57 0.2283
26830 25 58 0.2205
26855 25 55 0.2441
26880 50 67 0.2283
26880 50 63 0.2283
26880 25 55 0.2126
26905 25 58 0.1811
26931 226 55 0.1732
26931 226 63 0.1732
26931 226 67 0.2126
27158 75 75 0.2126
27158 75 79 0.2126
27158 75 87 0.2598
27233 151 94 0.2126
27233 151 87 0.2126
27233 151 91 0.2126
27233 151 99 0.2598
0 75 39 0.2835
0 75 51 0.3386
100 50 34 0.2677
100 50 46 0.3228
151 75 53 0.3465
151 75 41 0.2835
252 50 34 0.2677
252 50 46 0.3228
302 75 51 0.315
302 75 39 0.2677
403 50 34 0.2677
403 50 46 0.3228
453 75 53 0.3228
453 75 41 0.2677
554 50 34 0.2677
554 50 46 0.3228
605 25 51 0.3465
630 25 67 0.3071
655 50 67 0.3071
706 25 63 0.2835
731 25 58 0.252
756 25 51 0.3465
781 75 68 0.3071
857 25 62 0.2913
882 25 58 0.2913
907 25 51 0.3465
933 50 67 0.3071
1008 25 63 0.2913
1033 25 58 0.2913
1059 25 51 0.3465
1084 50 68 0.3071
1159 25 62 0.2913
1185 25 58 0.2913
1210 25 51 0.3465
1235 75 67 0.3071
1311 25 63 0.2913
1336 25 55 0.2835
1361 25 46 0.3465
1386 75 56 0.3071
1462 25 52 0.2913
1487 25 53 0.2913
1512 25 46 0.3465
1538 75 55 0.3071
1613 25 58 0.2913
1639 25 55 0.2913
1664 25 46 0.3465
1689 75 56 0.3071
1765 25 52 0.2913
1790 25 53 0.2913
1815 75 39 0.2835
1815 75 51 0.3386
1916 50 34 0.2677
1916 50 46 0.3228
1966 75 41 0.2835
1966 75 53 0.3465
2067 50 34 0.2677
2067 50 46 0.3228
2118 75 39 0.2677
2118 75 51 0.315
2219 50 34 0.2677
2219 50 46 0.3228
2269 75 41 0.2677
2269 75 53 0.3228
2370 50 34 0.2677
2370 50 46 0.3228
2420 25 51 0.3465
2445 25 67 0.3071
2471 50 67 0.3071
2521 25 63 0.2913
2546 25 58 0.2913
2572 25 51 0.3465
2597 75 68 0.3071
2672 25 62 0.2913
2698 25 58 0.2913
2723 25 51 0.3465
2748 50 67 0.3071
2824 25 63 0.2913
2849 25 58 0.2598
2874 25 51 0.3465
2899 50 68 0.3071
2975 25 62 0.2913
3000 25 58 0.2913
3025 25 51 0.3465
3051 75 67 0.3071
3126 25 63 0.2913
3152 25 55 0.2756
3177 25 46 0.3465
3202 75 56 0.3071
3278 25 52 0.2913
3303 25 53 0.2913
3328 25 46 0.3465
3353 75 55 0.3071
3429 25 58 0.2913
3454 25 55 0.2913
3479 25 46 0.3465
3505 75 56 0.3071
3580 25 52 0.2913
3605 25 53 0.2913
3631 75 39 0.2835
3631 75 51 0.3386
3732 50 34 0.2677
3732 50 46 0.3228
3782 75 41 0.2835
3782 75 53 0.3465
3883 50 34 0.2677
3883 50 46 0.3228
3933 75 39 0.2677
3933 75 51 0.315
4034 50 34 0.2677
4034 50 46 0.3228
4085 75 41 0.2677
4085 75 53 0.3228
4185 50 34 0.2677
4185 50 46 0.3228
4236 25 51 0.3465
4261 25 67 0.3071
4286 50 67 0.3228
4337 25 63 0.2913
4362 25 58 0.2913
4387 25 51 0.3465
4412 75 68 0.3071
4488 25 61 0.2913
4513 25 58 0.2913
4538 25 51 0.3465
4564 75 67 0.3071
4639 25 61 0.2913
4665 25 58 0.2913
4690 25 51 0.3465
4715 75 61 0.3071
4791 25 55 0.2913
4816 25 51 0.2913
4841 25 44 0.3465
4866 75 60 0.3071
4942 25 56 0.3071
4967 25 51 0.3071
4992 25 44 0.378
5018 75 63 0.3307
5093 25 60 0.378
5118 25 56 0.3622
5144 25 44 0.3937
5169 75 59 0.3543
5245 25 56 0.3465
5270 25 51 0.3543
5295 25 44 0.4252
5320 75 63 0.3858
5396 25 59 0.378
5421 25 56 0.3858
5446 25 46 0.5118
5471 25 67 0.3543
5497 50 67 0.3543
5547 25 63 0.3386
5572 25 58 0.3386
5598 25 46 0.4016
5623 75 68 0.3543
5698 25 62 0.3386
5724 25 58 0.3386
5749 25 51 0.4016
5774 50 67 0.3543
5850 25 63 0.3386
5875 25 58 0.3386
5900 25 48 0.4016
5925 75 61 0.3543
6001 25 60 0.3386
6026 25 64 0.3386
6051 25 41 0.4016
6077 75 63 0.3543
6152 25 53 0.3386
6178 25 63 0.3386
6203 25 46 0.4016
6228 75 56 0.3543
6304 25 53 0.3386
6329 25 63 0.3386
6354 25 46 0.378
6379 75 63 0.3543
6455 25 58 0.3386
6480 25 68 0.3386
6505 25 46 0.3543
6531 25 55 0.315
6556 25 56 0.2992
6581 37 60 0.2756
6619 37 58 0.2677
6657 75 39 0.2835
6657 75 51 0.3386
6758 50 34 0.2677
6758 50 46 0.3228
6808 75 41 0.2835
6808 75 53 0.3465
6909 50 34 0.2677
6909 50 46 0.3228
6959 75 39 0.2677
6959 75 51 0.315
7060 50 34 0.2677
7060 50 46 0.3228
7111 75 41 0.2677
7111 75 53 0.3228
7211 50 34 0.2677
7211 50 46 0.3228
7262 25 51 0.2283
7287 25 67 0.2047
7312 50 67 0.2047
7363 25 63 0.189
7388 25 58 0.1811
7413 25 53 0.2283
7438 75 68 0.2047
7514 25 62 0.189
7539 25 58 0.189
7564 25 51 0.2283
7590 50 67 0.2047
7665 25 63 0.189
7691 25 58 0.189
7716 25 53 0.2283
7741 50 68 0.2047
7817 25 62 0.189
7842 25 58 0.189
7867 25 51 0.2283
7892 75 67 0.2047
7968 25 63 0.189
7993 25 55 0.189
8018 25 46 0.2283
8044 75 56 0.2047
8119 25 52 0.189
8144 25 53 0.189
8170 25 46 0.2283
8195 75 55 0.2047
8270 25 58 0.189
8296 25 55 0.189
8321 25 46 0.2283
8346 75 56 0.2047
8422 25 52 0.189
8447 25 53 0.189
8472 25 51 0.2283
8497 25 67 0.2047
8523 50 67 0.2047
8573 25 63 0.189
8598 25 58 0.189
8624 25 53 0.2283
8649 75 68 0.2047
8724 25 62 0.189
8750 25 58 0.189
8775 25 51 0.2283
8800 50 67 0.2047
8876 25 63 0.189
8901 25 58 0.189
8926 25 53 0.2283
8951 50 68 0.2047
9027 25 62 0.189
9052 25 58 0.189
9077 25 51 0.2283
9103 75 67 0.2047
9178 25 63 0.189
9204 25 55 0.189
9229 25 46 0.2283
9254 75 56 0.2047
9330 25 52 0.189
9355 25 53 0.189
9380 25 46 0.2283
9405 75 55 0.2047
9481 25 58 0.189
9506 25 55 0.189
9531 25 46 0.2283
9557 75 56 0.2047
9632 25 52 0.189
9657 25 53 0.189
9683 75 39 0.2126
9683 75 51 0.252
9783 50 34 0.1969
9783 50 46 0.2362
9834 75 41 0.2126
9834 75 53 0.2598
9935 50 34 0.1969
9935 50 46 0.2362
9985 75 39 0.1969
9985 75 51 0.2362
10086 50 34 0.1969
10086 50 46 0.2362
10137 75 41 0.1969
10137 75 53 0.2362
10237 50 34 0.1969
10237 50 46 0.2362
10288 75 39 0.1969
10288 75 51 0.2362
10389 50 34 0.1811
10389 50 46 0.2205
10439 75 39 0.1811
10439 75 51 0.2126
10540 50 34 0.1496
10540 50 46 0.189
10590 226 39 0.1575
10590 226 51 0.1969
10893 25 44 0.2835
10918 25 51 0.2598
10943 25 56 0.2362
10969 25 59 0.2441
10994 25 61 0.2677
11019 25 63 0.2598
11044 151 68 0.2835
11044 151 64 0.2835
11196 25 44 0.2835
11221 25 51 0.2598
11246 25 56 0.2362
11271 25 59 0.2441
11296 25 61 0.2677
11322 25 63 0.2835
11347 151 68 0.2835
11347 151 64 0.2835
11498 25 44 0.2835
11523 25 51 0.2598
11549 25 56 0.2362
11574 25 59 0.2441
11599 25 61 0.2677
11624 25 63 0.2835
11649 151 64 0.2835
11649 151 56 0.2835
11801 25 44 0.189
11826 25 51 0.1654
11851 25 56 0.1575
11876 25 59 0.1575
11902 25 61 0.1732
11927 25 63 0.189
11952 151 67 0.189
11952 151 61 0.1811
12103 25 44 0.2835
12129 25 51 0.2598
12154 25 56 0.2362
12179 25 59 0.2441
12204 25 61 0.2677
12229 25 63 0.2835
12255 151 68 0.2835
12255 151 64 0.2835
12406 25 44 0.2835
12431 25 51 0.2598
12456 25 56 0.2362
12482 25 59 0.2441
12507 25 61 0.2677
12532 25 63 0.2835
12557 151 68 0.2835
12557 151 64 0.2835
12709 25 44 0.2835
12734 25 51 0.2598
12759 25 56 0.2362
12784 25 59 0.2441
12809 25 61 0.2677
12835 25 63 0.2835
12860 151 64 0.2835
12860 151 56 0.2835
13011 25 44 0.189
13036 25 51 0.1654
13062 25 56 0.1575
13087 25 59 0.1575
13112 25 61 0.1732
13137 25 63 0.189
13162 25 68 0.2362
13188 25 63 0.2362
13213 25 61 0.2205
13238 25 59 0.2205
13263 25 58 0.2126
13289 25 56 0.1969
13314 25 39 0.2362
13339 25 46 0.2283
13364 25 51 0.2205
13389 25 55 0.2362
13415 25 58 0.2677
13440 25 63 0.2992
13465 151 58 0.3228
13465 151 68 0.3228
13465 151 64 0.3228
13616 25 39 0.2835
13642 25 46 0.2598
13667 25 51 0.2362
13692 25 55 0.2441
13717 25 58 0.2677
13742 25 63 0.2835
13763 149 51 0.2756
13765 148 58 0.2992
13766 146 61 0.315
13768 144 64 0.3307
13913 6 39 0.3071
13919 25 63 0.3071
13944 25 59 0.2835
13969 25 58 0.2598
13995 25 55 0.2756
14020 25 50 0.3071
14045 25 51 0.3543
14070 25 44 0.3858
14095 25 50 0.3622
14121 25 51 0.3543
14146 25 55 0.2835
14171 25 56 0.3307
14196 25 59 0.3228
14222 25 39 0.2835
14247 25 45 0.2992
14272 25 46 0.315
14297 25 51 0.3228
14322 25 55 0.3465
14348 25 58 0.3622
14373 25 59 0.3543
14398 25 56 0.3071
14423 25 52 0.3071
14449 25 47 0.2992
14474 25 44 0.2835
14499 18 40 0.2677
14524 25 39 0.2835
14549 25 46 0.2756
14575 25 51 0.2677
14600 25 55 0.2835
14625 25 58 0.315
14650 25 63 0.3543
14675 151 58 0.3858
14675 151 68 0.3858
14675 151 64 0.3858
14827 25 39 0.2835
14852 25 46 0.2598
14877 25 51 0.2362
14902 25 55 0.2441
14928 25 58 0.2677
14953 25 63 0.2835
14973 149 51 0.2756
14975 148 58 0.2992
14976 146 61 0.315
14978 144 64 0.3307
15123 6 39 0.3071
15129 25 63 0.3071
15155 25 59 0.2835
15180 25 58 0.2598
15205 25 55 0.2756
15230 25 50 0.3071
15255 25 51 0.3543
15281 25 44 0.3858
15306 25 50 0.3622
15331 25 51 0.3543
15356 25 55 0.2992
15382 25 56 0.3307
15407 25 59 0.3228
15432 25 39 0.2835
15457 25 45 0.2992
15482 25 46 0.315
15508 25 51 0.3228
15533 25 55 0.3465
15558 25 58 0.3622
15583 25 61 0.3543
15608 25 59 0.2756
15634 25 58 0.3071
15659 25 55 0.2992
15684 25 52 0.2835
15709 25 51 0.2677
15735 25 44 0.2835
15760 25 51 0.2598
15785 25 56 0.2362
15810 25 59 0.2441
15835 25 61 0.2677
15861 25 63 0.252
15886 151 68 0.2835
15886 151 64 0.2835
16037 25 44 0.2835
16062 25 51 0.2598
16088 25 56 0.2362
16113 25 59 0.2441
16138 25 61 0.2677
16163 25 63 0.2835
16188 151 68 0.2835
16188 151 64 0.2835
16340 25 44 0.2835
16365 25 51 0.2598
16390 25 56 0.2362
16415 25 59 0.2441
16441 25 61 0.2677
16466 25 63 0.2835
16491 151 64 0.2835
16491 151 56 0.2835
16642 25 44 0.189
16668 25 51 0.1654
16693 25 56 0.1575
16718 25 59 0.1575
16743 25 63 0.1732
16768 25 68 0.189
16945 151 41 0.2126
16945 151 51 0.252
17096 151 71 0.252
17248 151 41 0.2205
17248 151 47 0.2598
17399 151 71 0.2598
17550 151 34 0.1811
17550 151 46 0.2205
17701 151 70 0.2205
17853 75 34 0.2205
17853 75 46 0.2205
17922 6 77 0.2598
17928 75 82 0.3858
18004 75 46 0.3307
18004 75 58 0.3307
18073 6 89 0.3543
18080 75 94 0.5354
18155 75 39 0.2835
18155 75 51 0.3386
18256 50 34 0.2677
18256 50 46 0.3228
18307 75 41 0.2835
18307 75 53 0.3465
18408 50 34 0.2677
18408 50 46 0.3228
18458 75 39 0.2677
18458 75 51 0.315
18559 50 34 0.2677
18559 50 46 0.3228
18609 75 41 0.2677
18609 75 53 0.3228
18710 50 34 0.2677
18710 50 46 0.3228
18761 25 51 0.3465
18786 25 67 0.3071
18811 50 67 0.3071
18861 25 63 0.2913
18887 25 58 0.2913
18912 25 51 0.3465
18937 75 68 0.3071
19013 25 62 0.2913
19038 25 58 0.2913
19063 25 51 0.3465
19088 50 67 0.3071
19164 25 63 0.2756
19189 25 58 0.2441
19214 25 51 0.3465
19240 50 68 0.3071
19315 25 62 0.2913
19341 25 58 0.2913
19366 25 51 0.3465
19391 75 67 0.3071
19467 25 63 0.2835
19492 25 55 0.2677
19517 25 46 0.3465
19542 75 56 0.3071
19618 25 52 0.2913
19643 25 53 0.2913
19668 25 46 0.3465
19694 75 55 0.3071
19769 25 58 0.2913
19794 25 55 0.2913
19820 25 46 0.3465
19845 75 56 0.3071
19920 25 52 0.2913
19946 25 53 0.2913
19971 75 39 0.2835
19971 75 51 0.3386
20072 50 34 0.2677
20072 50 46 0.3228
20122 75 41 0.2835
20122 75 53 0.3465
20223 50 34 0.2677
20223 50 46 0.3228
20274 75 39 0.2677
20274 75 51 0.315
20374 50 34 0.2677
20374 50 46 0.3228
20425 75 41 0.2677
20425 75 53 0.3228
20526 50 34 0.2677
20526 50 46 0.3228
20576 25 51 0.3465
20601 25 67 0.3071
20627 50 67 0.3071
20677 25 63 0.2913
20702 25 58 0.2913
20727 25 51 0.3465
20753 75 68 0.3071
20828 25 61 0.2913
20854 25 58 0.2913
20879 25 51 0.3465
20904 75 67 0.3071
20980 25 61 0.2913
21005 25 58 0.2913
21030 25 51 0.3465
21055 75 61 0.3071
21131 25 55 0.2913
21156 25 51 0.2913
21181 25 44 0.3465
21207 75 60 0.3071
21282 25 56 0.3071
21307 25 51 0.3071
21333 25 44 0.378
21358 75 63 0.3307
21433 25 60 0.3071
21459 25 56 0.3071
21484 25 44 0.3937
21509 75 59 0.3543
21585 25 56 0.3465
21610 25 51 0.3543
21635 25 44 0.4252
21660 75 63 0.3858
21736 25 59 0.378
21761 25 56 0.3858
21787 25 46 0.5118
21812 25 67 0.3543
21837 50 67 0.3543
21887 25 63 0.3386
21913 25 58 0.3386
21938 25 46 0.4016
21963 75 68 0.3543
22039 25 62 0.3386
22064 25 58 0.3386
22089 25 51 0.4016
22114 50 67 0.3543
22190 25 63 0.3386
22215 25 58 0.3386
22240 25 48 0.4016
22266 75 61 0.3543
22341 25 60 0.3386
22366 25 64 0.3386
22392 25 41 0.4016
22417 75 63 0.3543
22493 25 53 0.3386
22518 25 63 0.3386
22543 25 46 0.4016
22568 75 56 0.3543
22644 25 55 0.3386
22669 25 63 0.3386
22694 25 46 0.378
22720 75 63 0.3543
22795 25 58 0.3386
22820 25 68 0.3386
22846 25 46 0.3543
22871 25 55 0.315
22896 25 56 0.2992
22921 37 60 0.2756
22959 37 58 0.2677
22997 75 39 0.2835
22997 75 51 0.3386
23098 50 34 0.2677
23098 50 46 0.3228
23148 75 41 0.2835
23148 75 53 0.3465
23249 50 34 0.2677
23249 50 46 0.3228
23299 75 39 0.2677
23299 75 51 0.315
23400 50 34 0.2677
23400 50 46 0.3228
23451 75 41 0.2677
23451 75 53 0.3228
23552 50 34 0.2677
23552 50 46 0.3228
23602 25 51 0.2283
23627 25 67 0.2047
23653 50 67 0.2047
23703 25 63 0.189
23728 25 58 0.189
23753 25 51 0.2283
23779 75 68 0.2047
23854 25 62 0.189
23879 25 58 0.189
23905 25 51 0.2283
23930 50 67 0.2047
24006 25 63 0.189
24031 25 58 0.189
24056 25 51 0.2283
24081 50 68 0.2047
24157 25 62 0.189
24182 25 58 0.189
24207 25 51 0.2283
24233 75 67 0.2047
24308 25 63 0.189
24333 25 55 0.189
24359 25 46 0.2283
24384 75 56 0.2047
24459 25 52 0.189
24485 25 53 0.189
24510 25 46 0.2283
24535 75 55 0.2047
24611 25 58 0.189
24636 25 55 0.189
24661 25 46 0.2283
24686 75 56 0.2047
24762 25 52 0.189
24787 25 53 0.189
24812 25 51 0.2283
24838 25 67 0.2047
24863 50 67 0.2047
24913 25 63 0.189
24939 25 58 0.189
24964 25 51 0.2283
24989 75 68 0.2047
25065 25 62 0.189
25090 25 58 0.189
25115 25 51 0.2283
25140 50 67 0.2047
25216 25 63 0.189
25241 25 58 0.189
25266 25 51 0.2283
25292 50 68 0.2047
25367 25 62 0.189
25392 25 58 0.189
25418 25 51 0.2283
25443 75 67 0.2047
25519 25 63 0.189
25544 25 55 0.189
25569 25 46 0.2283
25594 75 56 0.2047
25670 25 52 0.189
25695 25 53 0.189
25720 25 46 0.2283
25745 75 55 0.2047
25821 25 58 0.189
25846 25 55 0.189
25872 25 46 0.2283
25897 75 56 0.2047
25972 25 52 0.189
25998 25 53 0.189
26023 75 39 0.2126
26023 75 51 0.252
26124 50 34 0.1969
26124 50 46 0.2362
26174 75 41 0.2126
26174 75 53 0.2598
26275 50 34 0.1969
26275 50 46 0.2362
26325 75 39 0.1969
26325 75 51 0.2362
26426 50 34 0.1969
26426 50 46 0.2362
26477 75 41 0.1969
26477 75 53 0.2362
26578 50 34 0.1969
26578 50 46 0.2362
26628 75 39 0.1969
26628 75 51 0.2362
26729 50 34 0.1811
26729 50 46 0.2205
26779 75 39 0.1811
26779 75 51 0.2126
26880 50 34 0.1496
26880 50 46 0.189
26931 226 39 0.1575
26931 226 51 0.1969
27158 75 51 0.1969
27158 75 63 0.2362
27233 151 39 0.1969
27233 151 51 0.2362
