0 87 60 0.5433
0 76 55 0.5433
0 98 64 0.622
0 10 36 0.6063
0 131 24 0.5748
10 10 100 0.5197
10 120 36 0.4646
21 10 96 0.4961
21 10 43 0.4882
32 10 91 0.4724
32 10 48 0.4646
43 10 84 0.5197
43 10 52 0.5512
54 10 88 0.4409
54 10 48 0.4646
65 10 84 0.4724
65 65 55 0.4882
76 10 79 0.4488
76 32 60 0.4724
87 10 72 0.4409
87 43 64 0.5984
98 10 79 0.3937
98 32 60 0.4803
109 10 84 0.4331
109 10 67 0.4961
120 10 88 0.4094
120 10 72 0.4882
131 10 84 0.4724
131 10 76 0.5984
142 10 79 0.378
142 10 72 0.4882
153 10 72 0.3937
153 10 67 0.5433
164 10 76 0.378
164 10 60 0.4724
175 10 72 0.4252
175 10 64 0.5512
186 10 67 0.3465
186 10 60 0.4488
197 10 60 0.3701
197 10 55 0.4803
208 54 64 0.5906
208 10 48 0.4409
218 10 60 0.4016
218 10 52 0.4961
229 10 55 0.3228
229 10 48 0.4252
240 10 52 0.3622
240 10 43 0.4488
251 10 48 0.315
251 10 36 0.4252
262 87 60 0.4803
262 76 57 0.4803
262 98 65 0.6063
262 131 29 0.5748
262 131 41 0.6063
273 10 101 0.4882
273 10 36 0.4646
284 10 96 0.4646
284 10 45 0.4882
295 10 93 0.4488
295 10 48 0.4646
306 10 84 0.4803
306 10 53 0.5512
317 10 89 0.4252
317 10 48 0.4646
328 10 84 0.4409
328 65 57 0.4882
339 10 81 0.3701
339 32 60 0.4724
350 10 72 0.4094
350 43 65 0.5748
361 10 81 0.3701
361 32 60 0.4803
372 10 84 0.3858
372 10 69 0.4961
383 10 88 0.378
383 10 72 0.4882
394 10 84 0.4488
394 10 76 0.5748
405 10 81 0.378
405 10 72 0.5039
416 10 72 0.3937
416 10 69 0.5669
427 10 76 0.378
427 10 60 0.4567
437 10 72 0.4252
437 10 64 0.5197
448 10 69 0.3465
448 10 60 0.4488
459 10 60 0.3701
459 10 57 0.4803
470 10 64 0.5512
470 10 48 0.4409
481 43 62 0.5984
481 43 30 0.4646
481 43 42 0.5669
492 10 60 0.3228
503 10 57 0.3701
514 10 50 0.3465
525 98 62 0.6063
525 87 59 0.5433
525 76 55 0.5433
525 32 43 0.6063
525 131 31 0.5748
536 10 98 0.5118
536 10 35 0.4646
547 10 95 0.4882
547 109 43 0.4882
558 10 91 0.4646
558 10 47 0.4646
569 10 83 0.5039
569 10 50 0.5512
580 10 86 0.4331
580 10 47 0.4646
591 10 83 0.4646
591 65 55 0.4882
602 10 78 0.4252
602 32 59 0.4724
613 10 71 0.4094
613 43 62 0.5748
624 10 76 0.5039
624 32 59 0.4803
635 10 79 0.3543
635 10 67 0.5354
645 10 86 0.3543
645 10 71 0.4882
656 10 81 0.4331
656 10 74 0.5591
667 10 78 0.3543
667 10 69 0.4882
678 10 72 0.3858
678 10 66 0.5276
689 10 74 0.3622
689 10 60 0.4724
700 10 69 0.4094
700 10 62 0.5197
711 10 66 0.3465
711 10 57 0.4488
722 10 60 0.3701
722 10 54 0.4803
733 54 62 0.5669
733 10 48 0.4409
744 10 57 0.4094
744 43 26 0.4646
744 43 38 0.5669
755 10 54 0.3307
766 10 48 0.3622
777 10 50 0.3307
788 76 53 0.5118
788 109 60 0.5433
788 98 62 0.6063
788 87 56 0.5433
788 131 43 0.6063
788 131 31 0.5748
799 10 98 0.5118
799 10 36 0.4646
810 10 92 0.4961
810 10 41 0.4882
821 10 89 0.4803
821 10 44 0.4646
832 10 84 0.5118
832 10 50 0.5512
843 10 86 0.4331
843 10 48 0.4646
854 10 80 0.4646
854 65 53 0.4882
864 10 77 0.4331
864 54 56 0.4724
875 10 72 0.4409
875 43 62 0.5748
886 10 77 0.3701
886 32 60 0.4803
897 10 80 0.3858
897 10 65 0.4961
908 10 86 0.378
908 10 68 0.4882
919 10 79 0.4724
919 10 74 0.5669
930 10 77 0.378
930 10 67 0.5039
941 10 71 0.3937
941 10 65 0.5354
952 10 74 0.378
952 10 59 0.4882
963 10 67 0.4252
963 10 62 0.5197
974 10 65 0.3465
974 10 55 0.4488
985 10 59 0.3701
985 10 53 0.4882
996 54 63 0.5984
996 10 47 0.4409
1007 10 59 0.4094
1007 43 43 0.5669
1007 43 31 0.4646
1018 10 55 0.315
1029 10 53 0.3386
1040 10 47 0.2913
1051 98 64 0.6063
1051 87 60 0.5433
1051 76 55 0.5433
1051 10 36 0.6063
1051 131 24 0.5748
1062 10 100 0.5354
1062 120 36 0.4646
1072 10 96 0.5118
1072 10 43 0.4882
1083 10 91 0.4882
1083 10 48 0.4646
1094 10 84 0.5118
1094 10 52 0.5512
1105 10 88 0.4331
1105 10 48 0.4646
1116 10 84 0.4646
1116 65 55 0.4882
1127 10 79 0.3701
1127 32 60 0.4724
1138 10 72 0.4409
1138 43 64 0.5984
1149 10 79 0.3701
1149 32 60 0.4803
1160 10 84 0.3858
1160 10 67 0.4961
1171 10 88 0.378
1171 10 72 0.4882
1182 10 84 0.4724
1182 10 76 0.5669
1193 10 79 0.378
1193 10 72 0.4882
1204 10 72 0.3937
1204 10 67 0.5433
1215 10 76 0.378
1215 10 60 0.4724
1226 10 72 0.4252
1226 10 64 0.5512
1237 10 67 0.3465
1237 10 60 0.4488
1248 10 60 0.3701
1248 10 55 0.4882
1259 54 64 0.5827
1259 10 48 0.4409
1270 10 60 0.4016
1270 10 52 0.4961
1281 10 55 0.315
1281 10 48 0.4252
1291 10 52 0.3465
1291 10 43 0.4488
1302 10 48 0.315
1302 10 36 0.4252
1313 98 65 0.6063
1313 131 57 0.4803
1313 87 60 0.4803
1313 131 45 0.6063
1313 131 33 0.5748
1324 10 101 0.5197
1324 10 36 0.4646
1335 10 96 0.5039
1335 10 41 0.4882
1346 10 93 0.4882
1346 10 48 0.4646
1357 10 84 0.5276
1357 10 53 0.5512
1368 10 89 0.4331
1368 10 48 0.4646
1379 10 84 0.4646
1379 10 53 0.4882
1390 10 81 0.3701
1390 32 60 0.4724
1401 10 72 0.4409
1401 32 65 0.5748
1412 10 81 0.3701
1412 32 60 0.4803
1423 10 84 0.3858
1423 21 65 0.4961
1434 10 88 0.378
1434 10 72 0.4882
1445 10 81 0.4488
1445 10 76 0.5906
1456 10 78 0.378
1456 10 72 0.5039
1467 10 72 0.3937
1467 10 66 0.5591
1478 10 76 0.378
1478 10 60 0.4567
1489 10 69 0.4252
1489 10 64 0.5197
1499 10 66 0.3465
1499 10 60 0.4488
1510 10 60 0.3701
1510 10 54 0.4882
1521 54 64 0.5669
1521 10 48 0.4409
1532 10 57 0.4252
1532 10 52 0.4961
1543 10 54 0.3071
1543 10 48 0.4252
1554 10 52 0.3622
1554 10 42 0.4488
1565 10 48 0.3228
1565 10 36 0.4252
1576 76 55 0.4803
1576 87 60 0.4803
1576 98 62 0.5906
1576 131 31 0.5118
1576 32 43 0.5906
1587 10 98 0.4961
1587 10 36 0.4173
1598 10 96 0.4724
1598 109 43 0.4409
1609 10 91 0.4803
1609 10 48 0.4173
1620 10 84 0.5197
1620 10 50 0.4882
1631 10 86 0.4016
1631 10 48 0.4173
1642 10 84 0.4331
1642 65 55 0.4409
1653 10 79 0.4016
1653 32 60 0.4252
1664 10 72 0.3622
1664 43 62 0.5118
1675 10 79 0.4488
1675 32 60 0.4331
1686 10 84 0.315
1686 10 67 0.4724
1697 10 86 0.315
1697 10 72 0.4409
1708 10 83 0.3858
1708 10 74 0.5197
1718 10 79 0.315
1718 10 71 0.4409
1729 10 71 0.3386
1729 10 67 0.4646
1740 10 74 0.3228
1740 10 59 0.4252
1751 10 71 0.3622
1751 10 62 0.4646
1762 10 67 0.3071
1762 10 59 0.4016
1773 10 59 0.3307
1773 10 55 0.4409
1784 54 62 0.5591
1784 10 47 0.3937
1795 10 59 0.3622
1795 10 50 0.4488
1806 10 55 0.315
1806 10 47 0.378
1817 21 50 0.3307
1817 10 43 0.4094
1828 10 35 0.3701
1828 10 47 0.3701
1839 87 62 0.4567
1839 76 55 0.4567
1839 98 64 0.5827
1839 131 24 0.4803
1839 131 36 0.5827
1850 10 100 0.4488
1850 10 38 0.3937
1861 10 98 0.4252
1861 10 43 0.4016
1872 10 91 0.4016
1872 10 50 0.378
1883 10 86 0.4567
1883 10 52 0.4488
1894 10 88 0.3386
1894 10 50 0.3701
1905 10 86 0.3858
1905 65 55 0.3858
1916 10 79 0.3386
1916 32 62 0.3701
1927 10 74 0.3307
1927 43 64 0.4488
1937 10 79 0.2835
1937 32 62 0.3701
1948 10 86 0.2835
1948 10 67 0.3701
1959 10 88 0.2756
1959 10 74 0.3622
1970 10 84 0.3465
1970 10 76 0.4646
1981 10 79 0.2677
1981 10 72 0.3937
1992 10 76 0.2835
1992 10 67 0.4016
2003 10 79 0.2677
2003 10 60 0.3622
2014 10 72 0.2992
2014 10 64 0.3622
2025 10 67 0.2362
2025 10 60 0.315
2036 10 60 0.252
2036 10 55 0.3307
2047 54 64 0.4173
2047 10 48 0.3228
2058 10 60 0.2677
2058 10 52 0.3307
2069 10 55 0.2283
2069 10 48 0.2835
2080 65 52 0.2441
2080 10 43 0.2992
2091 10 48 0.2756
2091 10 36 0.2756
2096 82 60 0.3465
2102 87 64 0.4252
2102 131 33 0.3543
2102 131 45 0.4252
2113 10 101 0.3386
2113 10 40 0.2913
2124 10 100 0.315
2124 10 48 0.3071
2135 10 96 0.2992
2135 32 52 0.2913
2145 10 88 0.3307
2145 10 53 0.3543
2156 10 89 0.2756
2156 76 52 0.2913
2167 10 88 0.2913
2167 65 60 0.3071
2178 10 84 0.2677
2178 32 64 0.2913
2189 10 76 0.2598
2189 10 65 0.3543
2200 10 84 0.315
2200 32 64 0.2992
2211 10 88 0.2205
2211 10 72 0.3386
2222 10 89 0.2205
2222 10 76 0.3071
2233 10 86 0.2677
2233 43 77 0.3858
2244 10 83 0.2205
2244 10 74 0.3071
2255 10 74 0.2362
2255 10 71 0.3307
2266 10 77 0.2283
2266 10 62 0.2992
2277 10 74 0.2598
2277 10 65 0.3307
2288 10 71 0.2126
2288 10 62 0.2835
2299 10 62 0.2283
2299 10 59 0.2913
2310 54 65 0.4016
2310 10 50 0.2756
2321 10 62 0.2598
2321 43 33 0.2913
2321 43 45 0.3543
2332 10 59 0.2205
2343 10 53 0.2283
2354 10 50 0.2126
2364 98 64 0.4252
2364 76 59 0.3465
2364 54 52 0.3465
2364 131 32 0.3543
2364 131 44 0.4252
2375 10 100 0.3465
2375 10 38 0.2913
2386 10 98 0.315
2386 10 47 0.3071
2397 10 95 0.2913
2397 10 50 0.2913
2408 10 86 0.3307
2408 87 52 0.3543
2419 10 88 0.2677
2419 10 50 0.2913
2430 10 86 0.2835
2430 65 59 0.3071
2441 10 83 0.2283
2441 10 62 0.2913
2452 10 74 0.2598
2452 43 64 0.3543
2463 10 83 0.315
2463 10 62 0.2992
2474 10 86 0.2205
2474 10 71 0.3386
2485 10 88 0.2205
2485 10 74 0.3071
2496 10 84 0.2677
2496 10 76 0.3858
2507 10 81 0.2205
2507 10 72 0.3071
2518 10 72 0.2362
2518 10 69 0.3307
2529 10 76 0.2283
2529 10 60 0.2992
2540 10 72 0.2598
2540 10 64 0.3307
2551 10 69 0.2126
2551 10 60 0.2835
2562 10 60 0.2283
2562 10 57 0.3543
2572 54 64 0.4016
2572 10 48 0.3307
2583 10 60 0.2992
2583 43 43 0.3543
2583 43 31 0.2913
2594 10 57 0.3307
2605 10 52 0.3622
2616 10 48 0.315
2622 82 57 0.378
2624 90 60 0.3465
2627 120 69 0.4724
2627 131 29 0.3937
2627 131 41 0.4724
2638 10 100 0.378
2638 10 36 0.3228
2649 10 96 0.3465
2649 10 45 0.3386
2660 10 93 0.3228
2660 10 48 0.3228
2671 10 88 0.3622
2671 10 52 0.3858
2682 10 91 0.2992
2682 10 48 0.3228
2693 10 88 0.315
2693 65 57 0.3386
2704 10 84 0.252
2704 32 60 0.3228
2715 10 72 0.2756
2715 10 64 0.3937
2726 10 81 0.3465
2726 32 60 0.3307
2737 10 84 0.252
2737 21 69 0.378
2748 10 87 0.252
2748 10 72 0.3465
2759 10 83 0.2992
2759 10 75 0.4252
2770 10 81 0.252
2770 10 71 0.3465
2781 10 71 0.2677
2781 10 69 0.3701
2791 10 75 0.2598
2791 10 59 0.3307
2802 10 71 0.2835
2802 10 63 0.378
2813 10 69 0.2441
2813 10 59 0.315
2824 10 59 0.2598
2824 10 57 0.3307
2835 54 63 0.4567
2835 10 47 0.315
2846 10 59 0.2835
2846 43 29 0.3307
2846 43 41 0.4016
2857 10 57 0.252
2868 10 51 0.2598
2879 10 47 0.2441
2890 87 59 0.4016
2890 54 52 0.4016
2890 98 64 0.4961
2890 76 57 0.4016
2890 131 28 0.4173
2890 131 40 0.4961
2901 10 100 0.4016
2901 10 35 0.3386
2912 10 95 0.3622
2912 10 45 0.3543
2923 10 93 0.3386
2923 10 47 0.3386
2934 10 83 0.3858
2934 87 52 0.4094
2945 10 88 0.315
2945 10 47 0.3465
2956 10 83 0.3386
2956 65 57 0.3622
2967 10 81 0.2677
2967 32 59 0.3465
2978 10 71 0.2913
2978 43 64 0.4173
2989 10 81 0.3701
2989 32 59 0.3543
2999 10 83 0.2598
2999 10 69 0.4016
3010 10 88 0.2598
3010 10 71 0.3622
3021 10 83 0.3622
3021 10 76 0.4488
3032 10 80 0.2835
3032 10 71 0.3622
3043 10 71 0.3071
3043 10 68 0.4094
3054 10 76 0.2835
3054 10 59 0.3858
3065 10 71 0.3465
3065 10 64 0.4803
3078 10 68 0.315
3078 10 59 0.378
3089 10 59 0.3386
3089 10 56 0.4646
3098 54 64 0.5276
3098 10 47 0.4252
3109 10 59 0.4094
3109 43 40 0.5118
3109 43 28 0.4252
3122 10 56 0.3701
3133 10 52 0.4173
3142 10 47 0.4488
3153 98 67 0.6063
3153 87 61 0.5433
3153 76 57 0.5433
3153 32 45 0.6063
3153 131 33 0.5748
3164 10 103 0.5118
3164 10 40 0.4646
3175 10 97 0.4882
3175 109 45 0.4882
3186 10 93 0.4646
3186 10 49 0.4646
3197 10 88 0.5039
3197 10 55 0.5512
3208 10 91 0.4331
3208 10 52 0.4646
3218 10 85 0.4646
3218 65 57 0.4882
3229 10 81 0.4252
3229 54 61 0.4724
3240 10 76 0.4094
3240 43 67 0.5748
3251 10 81 0.5039
3251 10 64 0.4803
3262 10 85 0.3543
3262 10 69 0.5354
3273 10 91 0.3543
3273 10 73 0.4882
3284 10 85 0.4331
3284 10 79 0.5748
3295 10 81 0.3543
3295 10 73 0.4882
3306 10 76 0.3858
3306 10 69 0.5276
3317 10 79 0.3622
3317 10 64 0.4724
3328 10 73 0.4094
3328 10 67 0.5197
3339 10 69 0.3465
3339 10 61 0.4488
3350 10 64 0.3701
3350 10 57 0.4803
3361 10 67 0.3465
3361 10 52 0.4409
3372 43 66 0.5906
3372 43 38 0.5669
3372 43 26 0.4646
3383 10 60 0.3071
3394 10 57 0.3386
3405 10 50 0.2992
3416 76 55 0.5433
3416 87 60 0.5433
3416 98 65 0.6063
3416 131 31 0.5748
3416 32 43 0.6063
3427 10 101 0.5118
3427 10 38 0.4646
3437 10 96 0.4882
3437 109 43 0.4882
3448 10 91 0.4646
3448 10 48 0.4646
3459 10 86 0.5039
3459 10 53 0.5512
3470 10 89 0.4331
3470 10 50 0.4646
3481 10 84 0.4646
3481 65 55 0.4882
3492 10 79 0.4252
3492 54 60 0.4724
3503 10 74 0.4094
3503 43 65 0.5748
3514 10 79 0.5039
3514 10 62 0.4803
3525 10 84 0.3543
3525 10 67 0.5354
3536 10 89 0.3543
3536 10 72 0.4882
3547 10 83 0.4331
3547 10 77 0.5827
3558 10 79 0.3543
3558 10 71 0.4882
3569 10 74 0.3858
3569 10 67 0.5039
3580 10 77 0.3622
3580 10 62 0.4724
3591 10 71 0.4094
3591 10 65 0.5197
3602 10 67 0.3465
3602 10 59 0.4488
3613 10 62 0.3701
3613 10 55 0.4803
3624 10 65 0.3465
3624 10 50 0.4409
3635 43 64 0.5984
3635 43 24 0.4646
3635 43 36 0.5669
3645 10 59 0.3228
3656 10 55 0.3543
3667 10 48 0.3071
3678 87 58 0.5433
3678 76 55 0.5433
3678 98 64 0.6063
3678 65 48 0.6063
3678 10 36 0.5748
3689 10 100 0.5118
3689 120 36 0.4646
3700 10 94 0.4882
3700 10 43 0.4882
3711 10 91 0.4646
3711 10 46 0.4646
3722 10 84 0.5039
3722 10 52 0.5512
3733 10 88 0.4331
3733 76 48 0.4646
3744 10 82 0.4646
3744 65 55 0.4882
3755 10 79 0.4252
3755 54 58 0.4724
3766 10 72 0.4094
3766 43 64 0.5512
3777 10 79 0.5039
3777 10 60 0.4646
3788 10 82 0.3543
3788 10 67 0.5354
3799 10 87 0.3543
3799 10 70 0.4882
3810 10 82 0.4331
3810 10 75 0.5433
3821 10 78 0.3543
3821 10 70 0.4646
3832 10 72 0.3937
3832 10 63 0.5039
3843 10 75 0.3622
3843 10 60 0.4803
3854 10 70 0.4173
3854 10 63 0.5276
3864 10 66 0.3465
3864 10 58 0.4567
3875 10 60 0.378
3875 10 51 0.4882
3886 54 63 0.5984
3886 10 48 0.4488
3897 10 58 0.4173
3897 43 30 0.4724
3897 43 42 0.5827
3908 10 51 0.3386
3919 10 48 0.378
3930 10 46 0.3228
3941 54 51 0.5591
3941 98 63 0.622
3941 87 57 0.5591
3941 131 29 0.5906
3941 131 41 0.622
3952 10 99 0.5276
3952 10 36 0.4724
3963 10 93 0.5039
3963 10 39 0.5039
3974 10 87 0.4803
3974 10 45 0.4803
3985 10 84 0.5197
3985 32 51 0.5669
3996 10 87 0.4488
3996 10 48 0.4803
4007 10 81 0.4803
4007 65 51 0.5039
4018 10 75 0.4409
4018 54 57 0.4882
4029 10 72 0.4252
4029 32 63 0.5984
4040 10 75 0.5276
4040 10 60 0.5039
4051 10 81 0.3701
4051 21 63 0.5591
4062 10 87 0.3701
4062 10 69 0.5118
4072 10 80 0.4488
4072 10 75 0.5748
4083 10 75 0.3701
4083 10 68 0.5118
4094 10 71 0.4016
4094 10 63 0.5118
4105 10 75 0.378
4105 10 59 0.4961
4116 10 68 0.4331
4116 10 63 0.5512
4127 10 63 0.3622
4127 10 56 0.4724
4138 10 59 0.3937
4138 10 51 0.5039
4149 54 63 0.5984
4149 10 47 0.4567
4160 10 59 0.4331
4160 43 41 0.5984
4160 43 29 0.4882
4171 10 56 0.3465
4182 10 51 0.378
4193 10 47 0.3465
4204 87 56 0.5827
4204 54 50 0.5827
4204 98 62 0.6457
4204 10 34 0.6063
4204 65 46 0.6457
4215 10 98 0.5433
4215 120 34 0.4961
4226 10 92 0.5197
4226 10 41 0.5197
4237 10 89 0.4961
4237 10 44 0.4961
4248 10 82 0.5433
4248 87 50 0.5906
4259 10 86 0.4567
4259 76 46 0.5039
4270 10 80 0.5039
4270 10 53 0.5276
4281 10 77 0.4488
4281 54 56 0.5118
4291 10 70 0.4409
4291 43 62 0.6142
4302 10 77 0.5433
4302 10 58 0.5197
4313 10 80 0.3858
4313 10 65 0.5827
4324 10 86 0.3858
4324 10 68 0.5276
4335 10 80 0.4646
4335 10 74 0.6063
4346 10 76 0.3858
4346 10 68 0.5276
4357 10 70 0.4173
4357 10 64 0.5512
4368 10 74 0.3937
4368 10 58 0.5118
4379 10 68 0.4488
4379 10 62 0.5748
4390 10 64 0.378
4390 10 56 0.4961
4401 10 58 0.4094
4401 10 52 0.5276
4412 54 62 0.622
4412 10 46 0.4724
4423 10 56 0.4488
4423 10 50 0.5276
4434 10 52 0.3543
4434 10 44 0.4567
4445 10 50 0.3937
4445 10 40 0.5118
4456 10 46 0.3386
4456 10 34 0.4567
4467 87 57 0.5984
4467 98 62 0.6772
4467 54 50 0.5984
4467 76 52 0.5984
4467 43 45 0.6772
4467 10 33 0.6299
4478 10 98 0.5669
4478 120 33 0.5118
4489 10 93 0.5433
4489 10 40 0.5433
4499 10 88 0.5118
4499 32 45 0.5118
4510 10 81 0.5591
4510 87 50 0.6063
4521 10 86 0.4724
4521 76 45 0.5197
4532 10 81 0.5197
4532 65 52 0.5433
4543 10 76 0.4646
4543 32 57 0.5276
4554 10 69 0.4488
4554 43 62 0.6378
4565 10 76 0.5669
4565 32 57 0.5354
4576 10 81 0.3937
4576 10 64 0.5984
4587 10 85 0.3937
4587 10 69 0.5433
4598 10 81 0.4803
4598 10 73 0.6457
4609 10 76 0.4016
4609 10 69 0.5512
4620 10 69 0.4331
4620 10 64 0.5669
4631 10 73 0.4094
4631 10 57 0.5354
4642 10 69 0.4567
4642 10 61 0.5906
4653 10 64 0.3937
4653 10 57 0.5039
4664 10 57 0.4252
4664 10 52 0.5512
4675 54 61 0.6693
4675 10 45 0.4961
4686 10 57 0.4567
4686 10 49 0.5512
4697 10 52 0.3701
4697 10 45 0.4724
4708 10 49 0.4252
4708 10 40 0.5276
4718 10 45 0.3622
4718 10 33 0.4646
4729 98 60 0.5984
4729 131 66 0.5984
4729 131 72 0.6929
4729 131 26 0.5512
4729 32 38 0.6063
4740 10 84 0.5748
4740 10 96 0.6142
4740 10 33 0.5591
4751 10 90 0.5827
4751 109 38 0.5827
4762 10 86 0.5512
4762 10 42 0.5512
4773 10 81 0.5984
4773 10 48 0.6535
4784 10 84 0.4961
4784 10 45 0.5512
4795 10 78 0.5512
4795 10 50 0.5748
4806 10 74 0.4882
4806 10 54 0.5591
4817 10 69 0.4724
4817 43 60 0.6614
4828 10 74 0.5906
4828 10 57 0.5591
4839 10 78 0.4567
4839 10 62 0.6063
4850 10 84 0.4567
4850 10 66 0.5591
4861 10 77 0.4882
4861 43 72 0.6457
4872 10 74 0.4094
4872 10 65 0.5591
4883 10 69 0.4409
4883 10 62 0.622
4894 10 72 0.4094
4894 10 57 0.5512
4905 10 71 0.4882
4905 10 83 0.5906
4905 43 60 0.622
4916 10 81 0.4961
4916 10 69 0.4173
4916 10 53 0.5039
4927 10 79 0.5197
4927 10 67 0.4409
4927 10 50 0.5984
4937 10 65 0.4567
4937 10 77 0.5433
4937 10 45 0.4803
4948 10 76 0.5512
4948 10 64 0.4724
4948 43 47 0.6063
4959 10 74 0.5748
4959 10 62 0.4803
4959 10 41 0.4646
4970 10 60 0.4882
4970 10 72 0.5906
4970 10 38 0.5669
4981 10 71 0.6142
4981 10 59 0.5039
4981 10 31 0.5197
4992 131 71 0.6929
4992 131 64 0.5984
4992 98 59 0.5984
4992 32 36 0.6063
4992 131 24 0.5591
5003 10 83 0.5748
5003 10 95 0.6142
5003 10 31 0.5591
5014 10 88 0.5827
5014 109 36 0.5827
5025 10 84 0.5512
5025 10 40 0.5512
5036 10 79 0.5984
5036 10 47 0.6535
5047 10 83 0.4961
5047 10 43 0.5512
5058 10 76 0.5512
5058 10 48 0.5748
5069 10 72 0.4882
5069 10 52 0.5591
5080 10 67 0.4724
5080 43 59 0.6614
5091 10 72 0.5906
5091 10 55 0.5591
5102 10 76 0.4567
5102 10 60 0.6063
5113 10 83 0.4567
5113 10 64 0.5591
5124 10 76 0.4882
5124 43 71 0.6614
5135 10 72 0.4094
5135 10 64 0.5669
5145 10 65 0.4409
5145 10 60 0.6142
5156 10 71 0.4094
5156 10 53 0.5591
5167 10 81 0.5906
5167 10 69 0.4882
5167 43 59 0.6614
5178 10 79 0.4961
5178 10 67 0.4173
5178 10 52 0.5039
5189 10 65 0.4409
5189 10 77 0.5197
5189 10 48 0.5984
5200 10 76 0.5433
5200 10 64 0.4567
5200 10 41 0.4803
5211 10 62 0.4724
5211 10 74 0.5512
5211 43 45 0.6535
5222 10 72 0.5748
5222 10 60 0.4803
5222 10 40 0.4646
5233 10 59 0.4882
5233 10 71 0.5906
5233 10 36 0.5669
5244 10 69 0.6142
5244 10 57 0.5039
5244 10 29 0.5197
5255 76 69 0.6929
5255 131 62 0.5984
5255 54 57 0.5984
5255 131 35 0.6063
5255 131 23 0.5433
5266 10 93 0.6142
5266 10 81 0.5748
5266 10 41 0.5591
5277 10 86 0.5748
5277 10 47 0.5748
5288 10 83 0.5512
5288 10 50 0.4961
5299 10 77 0.622
5299 10 65 0.5197
5299 87 57 0.5906
5310 10 67 0.4409
5310 10 79 0.5197
5310 10 55 0.4724
5321 10 81 0.5512
5321 65 69 0.4646
5321 10 53 0.4803
5332 10 71 0.4724
5332 10 83 0.5669
5332 10 52 0.5039
5343 10 72 0.4724
5343 10 84 0.5748
5343 10 50 0.5118
5354 10 86 0.5984
5354 10 74 0.5039
5354 10 48 0.5276
5364 10 88 0.6142
5364 10 76 0.5197
5364 10 47 0.5433
5375 10 77 0.5276
5375 10 89 0.622
5375 10 45 0.5591
5386 43 91 0.6772
5386 10 79 0.622
5386 43 40 0.6378
5397 10 86 0.5827
5397 10 47 0.4488
5408 10 83 0.622
5408 10 50 0.4882
5419 10 76 0.5197
5419 10 55 0.4252
5430 10 79 0.5748
5430 10 52 0.5039
5441 10 74 0.4803
5441 10 59 0.4331
5452 10 71 0.5354
5452 10 62 0.4724
5463 10 64 0.4724
5463 10 67 0.4331
5474 10 69 0.5591
5474 10 60 0.5197
5485 10 72 0.5276
5485 10 57 0.4567
5496 10 79 0.5906
5496 10 52 0.4724
5507 10 76 0.5512
5507 10 55 0.4803
5518 10 77 0.6614
5518 43 89 0.7008
5518 43 38 0.6772
5529 10 84 0.6142
5529 10 45 0.4724
5540 10 81 0.6614
5540 10 48 0.5197
5551 10 74 0.5512
5551 10 53 0.4488
5562 10 77 0.6063
5562 10 50 0.5354
5572 10 72 0.4961
5572 10 57 0.4488
5583 10 69 0.5591
5583 10 60 0.4961
5594 10 62 0.4961
5594 10 65 0.4567
5605 10 67 0.5276
5605 10 59 0.4882
5616 10 71 0.4882
5616 10 55 0.4252
5627 10 77 0.5433
5627 10 50 0.4409
5638 10 74 0.5039
5638 10 53 0.4409
5649 43 88 0.6929
5649 10 76 0.6614
5649 43 36 0.6772
5660 10 83 0.6142
5660 10 43 0.4724
5671 10 79 0.6614
5671 10 47 0.5197
5682 10 72 0.5512
5682 10 52 0.4488
5693 10 76 0.6063
5693 10 48 0.5354
5704 10 71 0.4961
5704 10 55 0.4488
5715 10 67 0.5591
5715 10 59 0.4961
5726 10 60 0.4961
5726 10 64 0.4567
5737 10 65 0.5276
5737 10 57 0.4882
5748 10 69 0.4882
5748 10 53 0.4252
5759 10 76 0.5433
5759 10 48 0.4409
5770 10 72 0.5039
5770 10 52 0.4409
5781 10 74 0.6614
5781 43 86 0.7008
5781 43 35 0.6772
5791 10 81 0.6142
5791 10 41 0.4724
5802 10 77 0.6614
5802 10 45 0.5197
5813 10 71 0.5512
5813 10 50 0.4488
5824 10 74 0.6063
5824 10 47 0.5354
5835 10 69 0.4961
5835 10 53 0.4488
5846 10 65 0.5591
5846 10 57 0.4961
5857 10 59 0.4961
5857 10 62 0.4567
5868 10 65 0.5354
5868 10 57 0.4961
5879 10 69 0.4961
5879 10 53 0.4331
5890 10 74 0.5512
5890 10 47 0.4488
5901 10 71 0.5197
5901 10 50 0.4488
5912 10 75 0.6772
5912 43 87 0.7323
5912 43 35 0.6929
5923 10 81 0.622
5923 10 42 0.4803
5934 10 78 0.6772
5934 10 45 0.5354
5945 10 71 0.5669
5945 10 51 0.4567
5956 10 75 0.6299
5956 10 47 0.5512
5967 10 69 0.5118
5967 10 54 0.4646
5978 10 66 0.5827
5978 10 57 0.5197
5989 10 59 0.5197
5989 10 63 0.4803
5999 10 66 0.5512
5999 10 57 0.5118
6010 10 69 0.5118
6010 10 54 0.4331
6021 10 75 0.5748
6021 10 47 0.4646
6032 10 71 0.5354
6032 10 51 0.4646
6043 43 88 0.7244
6043 10 76 0.6693
6043 10 28 0.685
6054 10 80 0.6142
6054 10 35 0.4803
6065 10 76 0.685
6065 10 40 0.5354
6076 10 71 0.5748
6076 10 44 0.4646
6087 10 76 0.6378
6087 10 40 0.5591
6098 10 68 0.5354
6098 10 47 0.4803
6109 10 64 0.5984
6109 10 52 0.5354
6120 10 59 0.5354
6120 10 56 0.4882
6131 10 64 0.5984
6131 10 52 0.5591
6142 10 68 0.5748
6142 10 59 0.4961
6153 10 71 0.6299
6153 10 64 0.5197
6164 10 76 0.5984
6164 10 68 0.5276
6175 10 83 0.6299
6175 10 80 0.5591
6175 10 64 0.6142
6186 10 88 0.6614
6186 10 71 0.5512
6197 10 92 0.685
6197 10 76 0.5748
6208 10 95 0.7087
6208 10 80 0.6063
6218 43 92 0.6142
6218 43 100 0.7244
6218 43 88 0.6142
6218 43 83 0.622
6218 43 76 0.5276
6262 43 55 0.5669
6262 43 67 0.7165
6262 43 65 0.5984
6262 43 59 0.5984
6262 43 38 0.5984
6262 43 50 0.8425
6262 21 43 0.5984
6284 21 31 0.6378
6284 21 43 0.8425
6306 98 72 0.6614
6306 131 76 0.7795
6306 120 67 0.5906
6306 98 64 0.5906
6306 131 28 0.5354
6306 10 36 0.6772
6306 131 24 0.5118
6306 131 31 0.6063
6317 10 100 0.7008
6317 120 36 0.6299
6328 10 96 0.6693
6328 10 43 0.6693
6339 10 91 0.6299
6339 10 48 0.6299
6350 10 84 0.685
6350 10 52 0.7008
6361 10 88 0.6063
6361 10 48 0.622
6372 10 84 0.6457
6372 10 55 0.6535
6383 10 79 0.5906
6383 10 60 0.6299
6394 43 72 0.5433
6394 43 64 0.6929
6405 10 79 0.622
6405 10 60 0.6063
6416 10 84 0.5669
6416 21 67 0.6535
6427 10 88 0.5669
6427 10 72 0.5984
6437 10 84 0.7008
6437 10 76 0.7008
6448 10 79 0.5197
6448 10 72 0.5984
6459 10 72 0.5669
6459 10 67 0.6457
6470 10 74 0.5276
6470 10 60 0.5748
6481 10 76 0.4803
6481 10 88 0.622
6481 10 64 0.685
6492 10 86 0.5276
6492 10 74 0.4016
6492 10 60 0.5669
6503 10 72 0.4252
6503 10 84 0.5433
6503 10 55 0.6142
6514 10 83 0.5748
6514 10 71 0.4409
6514 10 48 0.5591
6525 10 69 0.4567
6525 10 81 0.5748
6525 10 52 0.6457
6536 10 67 0.4724
6536 10 79 0.6063
6536 10 48 0.4961
6547 10 65 0.4724
6547 10 77 0.6142
6547 10 43 0.5827
6558 10 76 0.6299
6558 10 64 0.4803
6558 10 36 0.4803
6569 120 69 0.5906
6569 98 72 0.6614
6569 98 65 0.5906
6569 131 77 0.7795
6569 131 24 0.5118
6569 131 33 0.6063
6569 10 36 0.6772
6569 131 29 0.5354
6580 10 101 0.7008
6580 120 36 0.6299
6591 10 96 0.6693
6591 10 45 0.6693
6602 10 93 0.6299
6602 10 48 0.6299
6613 10 84 0.685
6613 10 53 0.7008
6624 10 89 0.6063
6624 10 48 0.622
6635 10 84 0.6457
6635 10 57 0.6535
6645 10 81 0.5906
6645 10 60 0.6299
6656 43 72 0.5433
6656 43 65 0.6929
6667 10 81 0.622
6667 10 60 0.6063
6678 10 84 0.5669
6678 21 69 0.6535
6689 10 88 0.5669
6689 10 72 0.5984
6700 10 81 0.7008
6700 10 76 0.7008
6711 10 78 0.5197
6711 10 72 0.5748
6722 10 72 0.5669
6722 10 69 0.6142
6733 10 74 0.5276
6733 10 60 0.5512
6744 10 76 0.4803
6744 10 88 0.622
6744 10 64 0.685
6755 10 74 0.4016
6755 10 86 0.5276
6755 10 60 0.5669
6766 10 72 0.4252
6766 10 84 0.5433
6766 10 57 0.5906
6777 10 83 0.5748
6777 10 71 0.4409
6777 10 48 0.5433
6788 10 69 0.4567
6788 10 81 0.5748
6788 10 52 0.5984
6799 10 79 0.6063
6799 10 67 0.4724
6799 10 48 0.4961
6810 10 66 0.4724
6810 10 78 0.6142
6810 10 45 0.5827
6821 10 76 0.6299
6821 10 64 0.4803
6821 10 36 0.4803
6832 98 62 0.5591
6832 98 71 0.622
6832 131 74 0.7402
6832 120 67 0.5591
6832 10 35 0.5039
6832 131 31 0.4724
6832 32 43 0.6299
6832 131 38 0.5748
6843 10 98 0.6614
6843 120 35 0.5984
6854 10 95 0.622
6854 109 43 0.622
6864 10 91 0.5906
6864 10 47 0.5906
6875 10 83 0.6457
6875 10 50 0.6614
6886 10 86 0.5748
6886 10 47 0.5906
6897 10 83 0.6142
6897 10 55 0.6142
6908 10 78 0.5591
6908 10 59 0.5984
6919 43 71 0.5118
6919 43 62 0.6535
6930 10 76 0.5906
6930 10 59 0.5748
6941 10 79 0.5354
6941 21 67 0.6142
6952 10 86 0.5354
6952 10 71 0.5669
6963 10 81 0.6614
6963 10 74 0.6614
6974 10 78 0.4882
6974 10 69 0.5433
6985 10 71 0.5354
6985 10 66 0.5827
6996 10 72 0.4961
6996 10 60 0.5197
7007 10 74 0.4488
7007 10 86 0.5906
7007 10 62 0.6457
7018 10 72 0.3858
7018 10 84 0.4961
7018 10 57 0.5354
7029 10 71 0.4016
7029 10 83 0.5118
7029 10 54 0.5591
7040 10 69 0.4173
7040 10 81 0.5433
7040 10 48 0.5118
7051 10 79 0.5433
7051 10 67 0.4331
7051 10 50 0.5669
7062 10 78 0.5748
7062 10 66 0.4409
7062 10 45 0.4646
7072 10 64 0.4409
7072 10 76 0.5748
7072 10 42 0.5591
7083 10 74 0.5906
7083 10 62 0.4488
7083 10 36 0.4488
7094 98 62 0.4488
7094 131 68 0.5906
7094 131 74 0.7008
7094 120 65 0.5118
7094 109 60 0.4567
7094 10 36 0.4724
7094 131 43 0.5984
7094 131 31 0.4488
7094 131 38 0.5433
7105 10 98 0.622
7105 120 36 0.5669
7116 10 92 0.5906
7116 10 41 0.5906
7127 10 89 0.5591
7127 10 44 0.5591
7138 10 84 0.6142
7138 10 50 0.6299
7149 10 86 0.5433
7149 10 48 0.5591
7160 10 80 0.5827
7160 10 53 0.5827
7171 10 77 0.5197
7171 10 56 0.5669
7182 10 72 0.4882
7182 43 62 0.622
7193 10 77 0.5591
7193 32 60 0.5433
7204 10 80 0.5039
7204 21 65 0.5827
7215 10 86 0.5039
7215 10 68 0.5354
7226 10 79 0.6299
7226 10 74 0.6299
7237 10 77 0.4646
7237 10 67 0.5118
7248 10 71 0.5039
7248 10 65 0.5512
7259 10 72 0.4724
7259 10 59 0.4882
7270 10 86 0.5591
7270 10 74 0.4252
7270 10 62 0.5512
7281 10 84 0.4882
7281 10 72 0.4882
7281 10 55 0.4488
7291 10 83 0.4646
7291 10 71 0.4646
7291 10 53 0.4724
7302 10 69 0.4488
7302 10 81 0.4488
7302 10 47 0.4252
7313 10 67 0.4252
7313 10 79 0.4252
7313 10 50 0.4803
7324 10 77 0.4094
7324 10 65 0.4094
7324 10 43 0.3937
7335 10 76 0.3858
7335 10 64 0.3858
7335 10 40 0.4724
7346 10 74 0.3622
7346 10 62 0.3622
7346 10 35 0.378
7357 98 64 0.2992
7357 98 72 0.3386
7357 131 76 0.4016
7357 120 67 0.2992
7357 10 36 0.3465
7357 131 28 0.2756
7357 131 24 0.2598
7357 131 31 0.3071
7368 10 100 0.3543
7368 120 36 0.3228
7379 10 96 0.3386
7379 10 43 0.3386
7390 10 91 0.3228
7390 10 48 0.3228
7401 10 84 0.3543
7401 10 52 0.3543
7412 10 88 0.315
7412 10 48 0.3228
7423 10 84 0.3386
7423 10 55 0.3386
7434 10 79 0.2992
7434 10 60 0.3228
7445 43 72 0.2835
7445 43 64 0.3622
7456 10 79 0.3228
7456 10 60 0.315
7467 10 84 0.2992
7467 21 67 0.3465
7478 10 88 0.2992
7478 10 72 0.315
7489 10 84 0.3701
7489 10 76 0.3701
7499 10 79 0.2756
7499 10 72 0.315
7510 10 72 0.2992
7510 10 67 0.3465
7521 10 74 0.2835
7521 10 60 0.3071
7532 10 76 0.3228
7532 10 88 0.4252
7532 10 64 0.3622
7543 10 74 0.2677
7543 10 86 0.3543
7543 10 60 0.3071
7554 10 72 0.2835
7554 10 84 0.3622
7554 10 55 0.3386
7565 10 83 0.3937
7565 10 71 0.2913
7565 10 48 0.2992
7576 10 69 0.315
7576 10 81 0.3937
7576 10 52 0.4016
7587 10 79 0.4252
7587 10 67 0.3228
7587 10 48 0.3465
7598 10 65 0.3228
7598 10 77 0.4252
7598 10 43 0.4016
7609 10 64 0.3307
7609 10 76 0.4331
7609 10 36 0.3622
7620 120 69 0.3543
7620 98 72 0.4016
7620 98 65 0.3543
7620 131 77 0.4803
7620 131 33 0.3071
7620 10 36 0.3228
7620 131 45 0.4094
7620 21 41 0.3622
7631 10 101 0.4252
7631 120 36 0.3858
7642 10 96 0.4016
7642 109 41 0.4016
7653 10 93 0.3858
7653 10 48 0.3858
7664 10 84 0.4252
7664 10 53 0.4252
7675 10 89 0.3701
7675 10 48 0.3858
7686 10 84 0.4016
7686 10 57 0.4016
7697 10 81 0.3543
7697 10 60 0.3858
7708 43 72 0.3386
7708 43 65 0.4331
7718 10 81 0.3858
7718 10 60 0.3701
7729 10 84 0.3543
7729 21 69 0.4094
7740 10 88 0.3543
7740 10 72 0.3701
7751 10 81 0.4409
7751 10 76 0.4409
7762 10 78 0.3228
7762 10 72 0.3543
7773 10 72 0.3543
7773 10 66 0.3858
7784 10 76 0.3386
7784 10 60 0.3543
7795 10 69 0.4016
7795 10 64 0.4331
7806 10 66 0.3465
7806 10 60 0.3622
7817 10 60 0.3543
7817 10 54 0.3858
7828 10 62 0.3701
7828 10 48 0.3543
7839 10 63 0.4173
7839 43 32 0.3858
7839 43 36 0.3858
7839 43 44 0.4016
7850 10 60 0.4252
7861 10 54 0.4409
7872 10 48 0.4646
7883 131 31 0.4016
7883 10 36 0.4252
7883 131 38 0.4803
7883 32 43 0.5276
7894 10 98 0.5118
7894 120 36 0.4646
7905 10 96 0.4803
7905 109 43 0.4803
7916 10 91 0.4646
7916 10 48 0.4646
7927 10 84 0.5039
7927 10 50 0.5118
7937 10 86 0.4567
7937 10 48 0.4724
7948 10 84 0.4803
7948 10 55 0.4803
7959 10 79 0.4331
7959 10 60 0.4724
7970 10 72 0.4016
7970 10 62 0.5276
7981 10 79 0.4724
7981 10 60 0.4567
7992 10 84 0.4409
7992 10 67 0.4961
8003 10 86 0.4409
8003 10 72 0.4567
8014 10 83 0.5433
8014 10 74 0.5433
8025 10 79 0.3937
8025 10 71 0.4567
8036 10 71 0.4409
8036 10 67 0.4961
8047 10 72 0.4173
8047 10 59 0.4488
8058 10 74 0.5748
8058 10 62 0.5197
8069 10 76 0.4882
8069 10 64 0.3622
8069 10 59 0.4488
8080 10 65 0.378
8080 10 77 0.4961
8080 10 55 0.4961
8091 10 79 0.5276
8091 10 67 0.4016
8091 10 47 0.4409
8102 10 69 0.4252
8102 10 81 0.5354
8102 10 50 0.5354
8113 10 83 0.5827
8113 10 71 0.4409
8113 10 47 0.4016
8124 10 84 0.5906
8124 10 72 0.4409
8124 10 43 0.4882
8135 10 86 0.5984
8135 10 74 0.4488
8135 10 35 0.3858
8145 131 30 0.4409
8145 131 38 0.5276
8145 10 36 0.4567
8145 131 42 0.5906
8156 10 98 0.5669
8156 120 36 0.5118
8167 10 96 0.5276
8167 10 45 0.5276
8178 10 93 0.5118
8178 10 48 0.5118
8189 10 84 0.5591
8189 10 50 0.5669
8200 10 86 0.5039
8200 10 48 0.5197
8211 10 84 0.5354
8211 10 57 0.5354
8222 10 81 0.4803
8222 10 60 0.5197
8233 10 72 0.4409
8233 10 62 0.5748
8244 10 81 0.5197
8244 10 60 0.5039
8255 10 84 0.4882
8255 10 69 0.5433
8266 10 87 0.4882
8266 10 72 0.5039
8277 10 84 0.5906
8277 10 75 0.5906
8288 10 81 0.4331
8288 10 72 0.5039
8299 10 72 0.4882
8299 10 69 0.5433
8310 10 74 0.4488
8310 10 60 0.4961
8321 10 75 0.6299
8321 10 63 0.5906
8332 10 77 0.5354
8332 10 65 0.3937
8332 10 59 0.4961
8343 10 67 0.4094
8343 10 79 0.5433
8343 10 57 0.5433
8354 10 69 0.4331
8354 10 81 0.5827
8354 10 47 0.4882
8364 10 83 0.5906
8364 10 71 0.4646
8364 10 51 0.5906
8375 10 72 0.4882
8375 10 84 0.6378
8375 10 47 0.4409
8386 10 86 0.6535
8386 10 74 0.4882
8386 10 45 0.5354
8397 10 75 0.4961
8397 10 87 0.6614
8397 10 35 0.4252
8408 87 80 0.6614
8408 54 83 0.6614
8408 131 76 0.6614
8408 131 40 0.622
8408 131 32 0.4882
8408 10 35 0.5591
8408 131 28 0.4646
8409 65 88 0.6614
8419 10 100 0.6535
8419 120 35 0.5906
8430 10 95 0.6142
8430 10 44 0.6142
8441 10 92 0.5906
8441 10 47 0.5906
8452 32 83 0.6457
8452 10 52 0.6535
8463 76 88 0.5748
8463 10 47 0.5906
8474 54 83 0.6142
8474 10 56 0.6142
8485 32 80 0.5512
8485 10 59 0.5906
8496 10 71 0.5039
8496 10 64 0.6614
8507 32 80 0.5906
8507 10 59 0.5748
8518 21 83 0.5512
8518 10 68 0.622
8529 11 88 0.5512
8529 10 71 0.5748
8540 10 83 0.6693
8540 10 76 0.6693
8551 10 80 0.4882
8551 10 71 0.5748
8562 10 76 0.5512
8562 10 68 0.622
8572 10 78 0.5039
8572 10 59 0.5591
8583 10 68 0.7087
8583 10 80 0.7087
8583 10 64 0.6614
8594 10 69 0.4488
8594 10 81 0.6063
8594 10 59 0.5591
8605 10 83 0.6142
8605 10 71 0.4646
8605 10 56 0.6142
8616 10 72 0.4882
8616 10 84 0.6535
8616 10 47 0.5512
8627 10 74 0.5197
8627 10 86 0.6535
8627 10 52 0.6535
8638 10 88 0.7087
8638 10 76 0.5433
8638 10 47 0.4882
8649 10 90 0.7244
8649 10 78 0.5433
8649 10 44 0.5906
8660 10 80 0.5512
8660 10 92 0.7323
8660 10 35 0.4724
8671 54 86 0.5669
8671 43 93 0.748
8671 65 89 0.6299
8671 87 81 0.5669
8671 10 38 0.6457
8671 131 36 0.5827
8671 131 26 0.4882
8671 131 33 0.5118
8682 10 101 0.6693
8682 120 38 0.6063
8693 10 96 0.6378
8693 10 45 0.6378
8704 98 93 0.6063
8704 10 48 0.6063
8715 87 86 0.6614
8715 10 53 0.6772
8726 76 89 0.5906
8726 10 50 0.6063
8737 10 84 0.6299
8737 10 57 0.6378
8748 32 81 0.5748
8748 10 60 0.6142
8759 10 74 0.5354
8759 10 65 0.685
8770 32 81 0.6142
8770 10 62 0.5984
8781 10 84 0.5669
8781 10 69 0.6535
8791 10 89 0.5669
8791 10 72 0.5433
8802 10 83 0.5276
8802 10 77 0.6299
8813 10 84 0.4882
8813 10 71 0.5354
8824 10 83 0.5433
8824 10 71 0.2992
8824 10 77 0.3858
8824 10 67 0.5906
8835 10 84 0.5354
8835 10 62 0.5354
8846 10 77 0.4016
8846 10 83 0.5669
8846 10 71 0.315
8846 43 65 0.622
8857 10 84 0.5354
8857 10 59 0.5433
8868 10 77 0.4173
8868 10 71 0.3307
8868 10 83 0.5827
8868 10 55 0.5984
8879 10 84 0.5512
8879 10 50 0.5669
8890 7 77 0.4252
8890 7 71 0.3386
8890 7 83 0.6063
8890 10 53 0.5433
8890 43 59 0.685
8897 7 84 0.5827
8901 10 50 0.5748
8905 7 71 0.315
8905 7 83 0.5748
8905 7 77 0.4016
8912 10 69 0.5039
8912 10 81 0.6299
8912 10 43 0.622
8923 10 83 0.5984
8923 10 71 0.4803
8923 10 31 0.5591
8934 131 76 0.622
8934 54 84 0.7402
8934 98 72 0.622
8934 131 24 0.4803
8934 10 36 0.6378
8934 131 28 0.5039
8934 131 31 0.5748
8945 10 100 0.6614
8945 120 36 0.5669
8956 10 96 0.6299
8956 10 43 0.6063
8967 10 91 0.5984
8967 10 48 0.5669
8978 32 84 0.6457
8978 10 52 0.6299
8989 10 88 0.5748
8989 10 48 0.5433
8999 65 84 0.6142
8999 10 55 0.6063
9010 10 79 0.5669
9010 10 60 0.5433
9021 43 72 0.5197
9021 10 64 0.6299
9032 10 82 0.5906
9032 10 60 0.5748
9043 10 91 0.5433
9043 10 70 0.5906
9054 10 90 0.5433
9054 10 72 0.5276
9065 10 84 0.6063
9065 10 78 0.622
9076 10 79 0.5039
9076 10 72 0.5197
9087 10 76 0.5433
9087 10 69 0.5748
9098 43 78 0.6063
9098 10 63 0.5197
9109 10 72 0.5669
9109 43 66 0.5906
9120 10 69 0.5118
9120 10 60 0.5276
9131 10 63 0.5276
9131 10 57 0.5197
9142 43 77 0.5827
9142 10 51 0.5039
9153 10 71 0.5354
9153 43 65 0.5827
9164 10 68 0.4646
9164 10 59 0.4724
9175 10 62 0.5276
9175 10 56 0.5118
9186 10 77 0.4488
9186 10 50 0.4646
9197 10 36 0.6929
9197 131 24 0.5512
9208 10 100 0.622
9208 120 36 0.5118
9218 10 96 0.5906
9218 10 43 0.5591
9229 10 91 0.5591
9229 10 48 0.5118
9240 10 84 0.6063
9240 10 52 0.5669
9251 10 88 0.5512
9251 10 48 0.5354
9262 10 84 0.5827
9262 10 55 0.5827
9273 10 79 0.5354
9273 10 60 0.5276
9284 10 72 0.4882
9284 10 64 0.5827
9295 10 79 0.5669
9295 10 60 0.5197
9306 10 84 0.5118
9306 10 67 0.5433
9317 10 87 0.5118
9317 10 72 0.5039
9328 10 84 0.5748
9328 10 75 0.5827
9339 10 78 0.4724
9339 10 69 0.4961
9350 10 72 0.5118
9350 10 66 0.5433
9361 43 75 0.5748
9361 10 60 0.4882
9372 10 69 0.5354
9372 43 63 0.5748
9383 10 66 0.4803
9383 10 57 0.4724
9394 10 60 0.4961
9394 10 54 0.5197
9405 43 74 0.5512
9405 10 48 0.4724
9416 10 68 0.4961
9416 43 62 0.5433
9427 10 65 0.4646
9427 10 56 0.5433
9437 10 59 0.4961
9437 10 53 0.4803
9448 10 74 0.4567
9448 10 47 0.4331
9459 131 31 0.5984
9459 32 43 0.7165
9470 10 97 0.5906
9470 10 34 0.5354
9481 10 91 0.5591
9481 10 40 0.5591
9492 10 88 0.5276
9492 98 43 0.5276
9503 10 82 0.5827
9503 10 49 0.5984
9514 10 85 0.5197
9514 10 46 0.5354
9525 10 79 0.5591
9525 10 52 0.5591
9536 10 76 0.4961
9536 10 55 0.5433
9547 10 70 0.4646
9547 10 61 0.5906
9558 10 76 0.5354
9558 10 58 0.5197
9569 10 79 0.4882
9569 10 64 0.5276
9580 10 85 0.4882
9580 10 67 0.4803
9591 10 78 0.5433
9591 10 73 0.5669
9602 10 75 0.4488
9602 10 66 0.4724
9613 10 69 0.4882
9613 10 63 0.5118
9624 43 73 0.5512
9624 10 57 0.4646
9635 10 66 0.4803
9635 43 61 0.5433
9645 10 63 0.4252
9645 10 54 0.4646
9656 10 57 0.4252
9656 10 51 0.5118
9667 43 72 0.5118
9667 10 45 0.4724
9678 10 66 0.4724
9678 43 60 0.5354
9689 10 63 0.4173
9689 10 54 0.4646
9700 10 57 0.4488
9700 10 51 0.4961
9711 10 72 0.4094
9711 10 45 0.4488
9722 131 31 0.5669
9722 131 43 0.6693
9733 10 96 0.5591
9733 10 32 0.5039
9744 10 89 0.5354
9744 10 38 0.5354
9755 10 86 0.5197
9755 10 41 0.5197
9766 10 80 0.5748
9766 10 48 0.5827
9777 10 84 0.5197
9777 10 44 0.5354
9788 10 77 0.5669
9788 10 50 0.5669
9799 10 74 0.5118
9799 10 53 0.5433
9810 10 68 0.4882
9810 10 60 0.622
9821 10 74 0.5669
9821 10 56 0.5433
9832 10 77 0.5276
9832 10 62 0.5748
9843 10 84 0.5354
9843 10 65 0.5197
9854 10 77 0.6063
9854 10 72 0.6378
9864 10 74 0.4961
9864 10 65 0.5276
9875 10 68 0.5512
9875 10 62 0.5827
9886 43 72 0.6142
9886 10 56 0.5354
9897 10 65 0.5827
9897 43 60 0.6457
9908 10 62 0.5433
9908 10 53 0.5354
9919 10 56 0.5669
9919 10 50 0.5906
9930 43 71 0.6614
9930 10 44 0.5433
9941 10 65 0.6063
9941 43 59 0.6457
9952 10 62 0.6299
9952 10 53 0.5118
9963 10 55 0.6614
9963 10 50 0.622
9974 10 71 0.685
9974 10 43 0.6614
9985 131 36 0.7717
9985 131 24 0.6535
9996 10 96 0.6693
9996 10 31 0.6063
10007 10 91 0.6457
10007 10 40 0.6457
10018 10 88 0.6063
10018 10 43 0.6063
10029 10 79 0.6535
10029 10 48 0.6535
10040 10 84 0.5984
10040 10 43 0.6063
10051 10 79 0.6378
10051 10 52 0.6457
10062 10 76 0.5827
10062 10 55 0.6142
10072 10 67 0.5354
10072 10 60 0.6929
10083 10 76 0.6142
10083 10 55 0.5984
10094 10 79 0.5748
10094 10 64 0.6142
10105 10 84 0.5748
10105 10 67 0.5591
10116 10 79 0.6378
10116 10 72 0.6693
10127 10 76 0.5197
10127 10 67 0.5433
10138 10 67 0.5748
10138 10 64 0.5984
10149 10 72 0.6378
10149 10 55 0.5433
10160 10 67 0.5984
10160 10 60 0.6614
10171 10 64 0.5433
10171 10 55 0.5354
10182 10 55 0.5669
10182 10 52 0.5906
10193 10 60 0.6535
10193 10 43 0.5354
10204 10 55 0.5748
10204 10 48 0.6378
10215 10 52 0.5197
10215 10 43 0.4961
10226 10 43 0.5669
10226 10 40 0.5433
10237 10 48 0.5197
10237 10 31 0.4961
10248 131 36 0.7559
10248 131 24 0.6457
