0 62 43 0.315
62 62 50 0.2992
125 125 58 0.2205
125 125 55 0.2205
125 125 62 0.2677
250 62 43 0.315
313 62 50 0.2992
375 62 62 0.2756
375 125 55 0.2756
375 125 58 0.2756
407 93 62 0.4173
438 31 64 0.4252
469 31 66 0.4409
501 31 67 0.4488
501 62 43 0.315
532 31 69 0.4646
563 31 70 0.4803
563 62 50 0.2913
595 31 72 0.4961
626 31 74 0.5118
626 62 58 0.2677
626 62 62 0.315
626 62 55 0.2677
657 31 79 0.5354
689 31 78 0.5197
689 62 45 0.3543
720 31 79 0.4567
751 125 74 0.4173
751 62 46 0.3465
814 62 55 0.2992
877 62 62 0.2283
877 62 67 0.2756
908 31 74 0.4409
939 62 63 0.2441
939 31 69 0.4646
939 62 67 0.2441
939 62 48 0.2756
971 31 72 0.4016
1002 31 62 0.3543
1002 31 67 0.3543
1002 31 70 0.4173
1002 31 50 0.3307
1033 31 63 0.3937
1065 31 55 0.2283
1065 31 58 0.2283
1065 31 61 0.3701
1096 31 63 0.3071
1127 31 55 0.2677
1127 31 58 0.2677
1127 31 62 0.315
1159 31 70 0.4173
1190 62 60 0.3622
1190 31 66 0.4488
1190 62 50 0.3307
1221 31 69 0.3858
1253 125 58 0.3701
1253 125 67 0.4173
1253 250 43 0.3622
1284 31 51 0.3307
1315 31 49 0.2913
1347 31 51 0.252
1378 125 50 0.2756
1409 31 62 0.4094
1441 31 64 0.4252
1441 62 60 0.378
1472 31 66 0.4331
1503 31 67 0.4488
1503 31 58 0.4016
1503 62 43 0.315
1535 31 69 0.4646
1566 31 70 0.4803
1566 62 50 0.2913
1597 31 72 0.4961
1629 31 74 0.5354
1629 62 58 0.2677
1629 62 62 0.315
1629 62 55 0.2677
1660 31 79 0.4961
1691 62 75 0.315
1691 31 77 0.4803
1691 62 72 0.2835
1691 62 65 0.2598
1691 62 45 0.3307
1723 31 79 0.4646
1754 125 70 0.3622
1754 125 74 0.4331
1754 125 65 0.3622
1754 62 46 0.3465
1817 62 53 0.2992
1879 62 58 0.2205
1879 62 62 0.2205
1879 62 65 0.3071
1911 31 77 0.4724
1942 62 70 0.3937
1942 62 63 0.3937
1942 62 74 0.3937
1942 31 75 0.4961
1942 62 43 0.3228
1973 31 77 0.4567
2005 125 72 0.4724
2005 125 63 0.3937
2005 125 69 0.3937
2005 62 45 0.3465
2067 62 57 0.2835
2130 62 60 0.2362
2130 62 63 0.2362
2130 62 67 0.2835
2161 31 75 0.4331
2192 62 72 0.2992
2192 31 74 0.4409
2192 62 69 0.2913
2192 62 62 0.2913
2192 62 42 0.2835
2224 31 75 0.3937
2255 62 67 0.3465
2255 62 62 0.3465
2255 62 70 0.4173
2255 62 43 0.3071
2318 62 50 0.2835
2380 62 58 0.1811
2380 62 55 0.1811
2380 62 62 0.2677
2412 31 74 0.4252
2443 62 63 0.2756
2443 62 69 0.2756
2443 31 72 0.4409
2443 62 48 0.2677
2474 31 74 0.4094
2506 31 72 0.4331
2506 62 62 0.2756
2506 62 67 0.2756
2506 250 50 0.3071
2537 31 70 0.3701
2568 62 58 0.252
2568 31 69 0.3937
2568 62 62 0.252
2600 31 67 0.3858
2631 62 64 0.2756
2631 93 70 0.4094
2631 62 61 0.2441
2694 62 63 0.2283
2694 62 66 0.252
2694 93 60 0.2362
2725 31 69 0.3071
2756 62 62 0.315
2756 62 67 0.378
2756 62 55 0.2205
2788 31 58 0.252
2819 31 55 0.2362
2850 31 50 0.2362
2882 62 43 0.2362
2913 31 67 0.5276
2944 31 69 0.5433
2976 31 70 0.5197
3007 31 72 0.5433
3007 62 51 0.4094
3038 31 74 0.5512
3070 31 75 0.5669
3070 62 65 0.3858
3101 31 77 0.5827
3132 31 79 0.5906
3132 125 57 0.3465
3132 125 53 0.3465
3132 125 60 0.4094
3164 31 81 0.5669
3195 31 82 0.622
3226 31 84 0.6063
3258 125 77 0.5906
3258 62 50 0.5276
3320 62 65 0.4567
3383 125 53 0.3858
3383 125 62 0.4567
3383 125 58 0.3858
3414 31 77 0.5748
3446 31 79 0.5906
3477 31 82 0.5748
3508 125 75 0.5512
3508 62 48 0.4488
3571 62 65 0.4173
3634 125 57 0.3465
3634 125 53 0.3465
3634 125 63 0.4094
3665 31 75 0.5276
3696 31 77 0.5591
3728 31 81 0.5276
3759 125 74 0.4724
3759 62 46 0.4173
3822 62 65 0.3858
3884 125 62 0.3465
3884 125 58 0.2913
3884 125 53 0.2913
3916 31 67 0.5354
3947 31 69 0.5433
3978 31 70 0.5433
4010 31 72 0.5433
4010 62 51 0.4094
4041 31 74 0.5512
4072 31 75 0.5669
4072 62 65 0.3858
4104 31 77 0.5827
4135 31 79 0.5906
4135 125 60 0.4094
4135 125 57 0.3465
4135 125 53 0.3465
4166 31 81 0.5669
4197 31 82 0.622
4229 31 84 0.6063
4260 125 74 0.5906
4260 62 50 0.5276
4323 62 66 0.4567
4385 125 57 0.3465
4385 125 62 0.4094
4385 125 54 0.3465
4417 31 74 0.5748
4448 31 76 0.5906
4479 31 78 0.5669
4511 125 79 0.6063
4511 62 50 0.4331
4573 62 62 0.4173
4636 125 58 0.4094
4636 125 55 0.3465
4667 31 74 0.5276
4699 31 72 0.5512
4730 31 70 0.5276
4761 125 78 0.4961
4761 62 50 0.4173
4824 62 62 0.3228
4887 125 60 0.3228
4887 125 57 0.2756
4918 31 72 0.4803
4949 31 70 0.4961
4981 31 69 0.4803
5012 31 79 0.5354
5012 62 50 0.4173
5043 15 74 0.4803
5059 7 75 0.3543
5067 7 74 0.3701
5075 31 73 0.4961
5075 62 62 0.3465
5106 31 74 0.4724
5137 31 75 0.4961
5137 125 55 0.2913
5137 125 58 0.3465
5169 31 74 0.4724
5200 31 70 0.4961
5231 62 67 0.4724
5263 31 74 0.4961
5263 15 57 0.3622
5263 15 50 0.3622
5294 31 67 0.4173
5325 93 74 0.5354
5325 31 66 0.4094
5357 31 63 0.4016
5388 31 62 0.3937
5419 31 62 0.4173
5419 31 60 0.378
5451 31 64 0.4252
5451 31 58 0.3701
5482 31 66 0.4409
5482 31 57 0.3622
5513 31 67 0.4488
5513 62 43 0.315
5513 62 55 0.315
5545 31 69 0.4646
5576 31 70 0.4803
5576 62 50 0.2913
5607 31 72 0.4961
5639 31 74 0.5118
5639 62 58 0.2677
5639 62 62 0.315
5639 62 55 0.2677
5670 31 79 0.5354
5701 31 78 0.5197
5701 62 45 0.3543
5733 31 79 0.5039
5764 125 74 0.4173
5764 62 46 0.3465
5827 62 55 0.2992
5889 62 62 0.2283
5889 62 67 0.2756
5921 31 74 0.4409
5952 31 69 0.4646
5952 62 63 0.2441
5952 62 67 0.2441
5952 62 48 0.2756
5983 31 72 0.4409
6015 31 70 0.4173
6015 31 62 0.3543
6015 31 67 0.3543
6015 31 50 0.3307
6046 31 63 0.3937
6077 31 58 0.2441
6077 31 61 0.3937
6077 31 55 0.2441
6109 31 63 0.3858
6140 31 55 0.2598
6140 31 58 0.2992
6140 31 62 0.3543
6171 31 70 0.4173
6203 31 66 0.4488
6203 62 60 0.3622
6203 62 50 0.3307
6234 31 69 0.4173
6265 125 67 0.4173
6265 125 58 0.3701
6265 250 43 0.3622
6296 31 51 0.3307
6328 31 49 0.3465
6359 31 51 0.3307
6390 125 50 0.3071
6422 31 62 0.4094
6453 62 60 0.378
6453 31 64 0.4252
6484 31 66 0.4331
6516 31 58 0.4016
6516 31 67 0.4488
6516 62 43 0.315
6547 31 69 0.4646
6578 31 70 0.4803
6578 62 50 0.2913
6610 31 72 0.4961
6641 31 74 0.5354
6641 62 58 0.2677
6641 62 62 0.315
6641 62 55 0.2677
6672 31 79 0.4961
6704 62 65 0.2598
6704 62 75 0.315
6704 62 72 0.2835
6704 31 77 0.4803
6704 62 45 0.3307
6735 31 79 0.4646
6766 125 70 0.3622
6766 125 65 0.3622
6766 125 74 0.4331
6766 62 46 0.3465
6829 62 53 0.3228
6892 62 65 0.3307
6892 62 58 0.2362
6892 62 62 0.2362
6923 31 77 0.4724
6954 62 63 0.3937
6954 31 75 0.4961
6954 62 70 0.3937
6954 62 74 0.3937
6954 62 43 0.3228
6986 31 77 0.4567
7017 125 69 0.3937
7017 125 63 0.3937
7017 125 72 0.4724
7017 62 45 0.3465
7080 62 57 0.3071
7142 62 60 0.2598
7142 62 63 0.2598
7142 62 67 0.3071
7174 31 75 0.4331
7205 62 69 0.2913
7205 62 72 0.2992
7205 62 62 0.2913
7205 31 74 0.4409
7205 62 42 0.2835
7236 31 75 0.3937
7268 62 62 0.3465
7268 62 67 0.3465
7268 62 70 0.4173
7268 62 43 0.3071
7330 62 50 0.2835
7393 62 58 0.1811
7393 62 55 0.1811
7393 62 62 0.2677
7424 31 74 0.4252
7456 31 72 0.4409
7456 62 63 0.2756
7456 62 69 0.2756
7456 62 48 0.2677
7487 31 74 0.4094
7518 62 67 0.2756
7518 31 72 0.4331
7518 62 62 0.2756
7518 281 50 0.3071
7550 31 70 0.4016
7581 31 69 0.3937
7581 62 58 0.2126
7581 62 62 0.252
7612 31 67 0.3858
7644 93 70 0.4094
7644 62 64 0.2756
7644 62 61 0.2441
7706 62 63 0.2283
7706 62 66 0.252
7706 62 60 0.2362
7738 31 69 0.3071
7769 31 62 0.2677
7769 31 67 0.378
7769 31 59 0.2677
7800 62 43 0.1969
7800 62 50 0.2362
7832 62 71 0.3307
7832 62 74 0.3937
7863 62 50 0.189
7863 62 62 0.2283
7863 62 55 0.189
7894 62 71 0.3465
7894 62 67 0.2913
7926 62 43 0.189
7926 62 50 0.2283
7957 62 71 0.3228
7957 62 74 0.3858
7988 62 50 0.189
7988 62 54 0.189
7988 62 62 0.2283
8020 62 72 0.3465
8020 62 76 0.4094
8051 62 43 0.2283
8051 62 50 0.2283
8082 31 69 0.3701
8082 31 66 0.3071
8114 31 67 0.3071
8114 31 71 0.3701
8114 62 50 0.189
8114 62 54 0.189
8114 62 62 0.2283
8145 62 69 0.3228
8145 62 72 0.3858
8176 62 43 0.1969
8176 62 50 0.2362
8208 62 72 0.3071
8208 62 76 0.3701
8239 62 50 0.1969
8239 62 55 0.1969
8239 62 62 0.2362
8270 62 71 0.3386
8270 62 74 0.4016
8301 62 43 0.1969
8301 62 50 0.2362
8333 62 79 0.4094
8333 62 76 0.3465
8364 62 50 0.1969
8364 62 62 0.2362
8364 62 55 0.1969
8395 62 74 0.3228
8395 62 78 0.3858
8427 62 43 0.1969
8427 62 50 0.2362
8458 62 72 0.3228
8458 62 76 0.3858
8489 62 50 0.1969
8489 62 54 0.1969
8489 62 62 0.2362
8521 62 71 0.3228
8521 62 74 0.3858
8552 62 43 0.1969
8552 62 50 0.2362
8583 31 66 0.2992
8583 31 69 0.3622
8615 31 71 0.3622
8615 31 67 0.2992
8615 62 50 0.1969
8615 62 54 0.1969
8615 62 62 0.2362
8646 62 69 0.3071
8646 62 72 0.3701
8677 62 43 0.1969
8677 62 50 0.2362
8709 62 70 0.3228
8709 62 73 0.3858
8740 62 50 0.189
8740 62 55 0.189
8740 62 62 0.2283
8771 31 71 0.3307
8771 31 74 0.3937
8803 31 43 0.1811
8803 31 50 0.2205
8834 62 62 0.4646
8834 62 71 0.4724
8834 62 74 0.5591
8865 62 52 0.5039
8897 62 59 0.4094
8897 62 71 0.4882
8897 62 67 0.4094
8928 31 43 0.3228
8928 31 50 0.3937
8959 62 62 0.4567
8959 62 71 0.4646
8959 62 74 0.5512
8991 62 55 0.5276
9022 62 64 0.4646
9022 62 72 0.4724
9022 62 76 0.5591
9053 31 50 0.3858
9053 31 43 0.315
9053 31 54 0.3858
9085 33 69 0.5197
9085 33 66 0.4409
9116 33 67 0.4409
9116 33 71 0.5197
9116 62 63 0.4803
9147 62 69 0.4646
9147 62 72 0.5354
9179 31 55 0.3465
9179 31 57 0.3465
9179 31 62 0.4094
9210 65 64 0.4488
9210 65 72 0.4409
9210 65 76 0.5276
9241 62 66 0.5197
9273 62 62 0.4961
9273 62 71 0.4961
9273 62 74 0.5906
9304 31 67 0.4409
9335 65 67 0.5039
9335 65 79 0.6142
9335 65 76 0.5197
9367 62 58 0.5276
9398 65 66 0.4803
9398 65 74 0.4882
9398 65 78 0.5748
9429 31 59 0.4331
9461 65 64 0.4803
9461 65 72 0.4882
9461 65 76 0.5827
9492 62 56 0.5433
9523 62 62 0.4803
9523 62 71 0.4882
9523 62 74 0.5827
9555 31 57 0.4724
9586 33 57 0.4724
9586 33 66 0.4567
9586 33 69 0.5433
9617 33 59 0.4724
9617 33 71 0.5433
9617 33 67 0.4567
9617 62 51 0.5591
9649 62 60 0.4803
9649 62 69 0.4882
9649 62 72 0.5827
9680 31 50 0.5039
9711 62 64 0.5354
9711 62 72 0.5433
9711 62 76 0.6457
9743 46 42 0.6142
9774 15 62 0.6142
9774 15 71 0.6142
9774 15 74 0.7244
9805 15 67 0.5591
9805 15 71 0.5591
9805 15 74 0.6614
9805 15 43 0.5827
9837 125 67 0.6063
9837 125 71 0.6063
9837 93 79 0.7087
9837 125 64 0.6142
9837 125 59 0.6142
9837 62 52 0.4961
9899 62 55 0.5906
9931 31 76 0.6535
9962 15 66 0.5748
9962 15 71 0.5748
9962 15 78 0.6772
9962 15 62 0.5669
9962 15 59 0.4646
9993 15 66 0.5276
9993 15 71 0.6378
9993 15 50 0.4331
9993 15 54 0.4331
9993 15 59 0.4961
10025 125 64 0.6063
10025 125 67 0.6063
10025 93 76 0.7087
10025 125 60 0.6142
10025 125 55 0.6142
10025 62 48 0.4961
10087 62 52 0.5906
10119 31 72 0.6063
10150 15 62 0.5748
10150 15 67 0.5748
10150 15 74 0.6772
10150 15 59 0.5669
10150 15 55 0.4646
10181 15 67 0.6378
10213 125 67 0.4409
10213 93 62 0.6063
10213 93 74 0.7087
10213 125 50 0.4409
10213 62 47 0.4409
10213 62 59 0.5039
10275 62 46 0.4488
10275 62 58 0.5276
10307 31 61 0.5591
10307 31 73 0.6535
10338 62 60 0.5591
10338 62 66 0.5591
10338 62 72 0.6457
10338 62 45 0.4488
10338 62 51 0.4488
10338 62 57 0.5433
10400 15 59 0.4724
10400 15 65 0.5591
10400 15 71 0.6535
10400 15 44 0.3622
10400 15 50 0.4331
10400 15 56 0.5039
10432 15 68 0.5039
10432 15 65 0.4331
10432 15 71 0.5039
10432 15 77 0.622
10432 15 50 0.3465
10432 15 59 0.4803
10432 15 56 0.4803
10463 31 64 0.5669
10463 31 69 0.5669
10463 31 76 0.6614
10463 62 48 0.4331
10463 62 60 0.5039
10463 62 57 0.5039
10494 31 69 0.622
10526 15 62 0.5512
10526 15 67 0.5748
10526 15 74 0.6693
10526 15 50 0.4331
10526 15 55 0.4646
10526 15 59 0.5591
10557 31 55 0.4803
10588 140 62 0.6063
10620 31 71 0.5906
10651 62 60 0.4488
10651 62 66 0.4803
10651 31 69 0.5984
10651 62 50 0.4803
10682 31 71 0.5906
10714 15 59 0.5984
10714 15 67 0.5984
10714 15 55 0.5197
10745 15 67 0.5591
10745 15 71 0.5591
10745 15 74 0.6614
10745 15 55 0.4882
10745 15 59 0.4882
10745 15 62 0.5827
10776 125 67 0.6063
10776 125 71 0.6063
10776 93 79 0.7087
10776 125 64 0.6142
10776 125 59 0.6142
10776 62 52 0.4961
10839 62 55 0.5906
10870 31 76 0.6535
10902 15 66 0.5748
10902 15 71 0.5748
10902 15 78 0.6772
10902 15 62 0.5669
10902 15 59 0.4646
10933 15 66 0.5276
10933 15 71 0.6378
10933 15 50 0.4331
10933 15 54 0.4331
10933 15 59 0.4961
10964 125 64 0.6063
10964 125 67 0.6063
10964 93 76 0.7087
10964 125 60 0.6142
10964 125 55 0.6142
10964 62 48 0.4961
11027 62 52 0.5906
11058 31 72 0.6142
11090 15 62 0.5748
11090 15 67 0.5748
11090 15 74 0.6772
11090 15 59 0.5669
11090 15 55 0.4646
11121 15 67 0.6378
11152 125 67 0.4409
11152 93 62 0.6063
11152 93 74 0.7087
11152 125 50 0.4409
11152 62 47 0.4409
11152 62 59 0.5039
11215 62 46 0.3937
11215 62 58 0.4724
11246 31 61 0.5591
11246 31 73 0.6535
11278 62 70 0.4882
11278 93 64 0.6299
11278 93 76 0.748
11278 62 55 0.4567
11278 62 49 0.4567
11278 62 61 0.5433
11340 62 69 0.5748
11340 62 54 0.378
11340 62 48 0.3858
11340 62 60 0.4646
11372 31 63 0.5512
11372 31 75 0.6457
11403 62 72 0.5591
11403 93 66 0.6614
11403 93 78 0.7874
11403 62 57 0.4803
11403 62 51 0.4803
11403 62 63 0.5669
11466 62 69 0.5827
11466 62 56 0.3937
11466 62 50 0.4016
11466 62 62 0.4803
11497 31 65 0.5748
11497 31 77 0.6614
11528 62 74 0.5669
11528 93 68 0.6772
11528 93 80 0.8189
11528 62 59 0.4961
11528 62 53 0.4961
11528 62 65 0.5906
11591 62 73 0.6299
11591 52 58 0.4409
11591 52 52 0.4567
11591 52 64 0.5433
11622 20 67 0.6378
11622 20 79 0.748
11643 31 55 0.3937
11644 30 58 0.4173
11646 28 61 0.4331
11647 27 64 0.4488
11648 26 67 0.4646
11650 24 70 0.5827
11651 23 73 0.6063
11652 22 76 0.622
11654 20 82 0.7795
11675 31 58 0.378
11676 30 61 0.4016
11677 28 64 0.4094
11678 27 67 0.4409
11680 26 70 0.4567
11681 24 73 0.5827
11682 23 76 0.6142
11684 22 79 0.6299
11685 20 85 0.7402
11706 31 61 0.4094
11707 30 64 0.4409
11708 28 67 0.4409
11710 27 70 0.4646
11711 26 73 0.4724
11712 24 76 0.5906
11714 23 79 0.6299
11715 22 82 0.6457
11716 20 88 0.7795
11737 31 64 0.3937
11738 30 67 0.4094
11740 28 70 0.4173
11741 27 73 0.4409
11742 26 76 0.4567
11744 24 79 0.5827
11745 23 82 0.6142
11746 22 85 0.6299
11748 20 91 0.748
11768 31 67 0.4173
11770 30 70 0.4331
11771 28 73 0.4409
11772 27 76 0.4567
11774 26 79 0.4646
11775 24 82 0.622
11776 23 85 0.6457
11778 22 88 0.6614
11779 20 94 0.7795
11800 31 70 0.4016
11801 30 73 0.4173
11802 28 76 0.4173
11804 27 79 0.4409
11805 26 82 0.4488
11806 24 85 0.5906
11808 23 88 0.622
11809 22 91 0.6378
11810 20 97 0.7402
11831 62 73 0.4016
11832 61 76 0.4173
11834 60 79 0.4331
11835 58 82 0.4567
11836 57 85 0.4646
11838 56 88 0.6142
11839 54 91 0.6535
11840 53 94 0.6772
11842 52 100 0.7953
11894 62 76 0.3937
11895 61 79 0.4173
11896 60 82 0.4331
11898 58 85 0.4488
11899 57 88 0.4646
11900 56 91 0.6142
11902 54 94 0.6457
11903 53 97 0.6693
11904 52 103 0.7795
12061 15 52 0.5669
12092 15 49 0.5591
12124 15 46 0.5512
12155 62 45 0.5827
12218 62 43 0.5669
12280 156 42 0.5591
12343 93 74 0.4882
12343 93 72 0.4882
12343 93 69 0.4882
12343 93 62 0.4882
12343 93 57 0.4016
12343 93 50 0.4016
12437 31 62 0.4173
12468 31 64 0.4252
12499 31 66 0.4409
12531 31 67 0.4488
12531 62 43 0.315
12562 31 69 0.4646
12593 31 70 0.4803
12593 62 50 0.2913
12625 31 72 0.4961
12656 31 74 0.5118
12656 31 62 0.315
12656 31 58 0.2677
12656 31 55 0.2677
12687 31 79 0.5354
12687 31 58 0.3858
12719 31 78 0.5197
12719 31 57 0.3937
12750 31 79 0.5039
12750 31 55 0.378
12781 125 74 0.4173
12781 31 54 0.3386
12781 62 50 0.2835
12781 62 46 0.2835
12813 31 55 0.378
12844 31 58 0.4094
12875 31 60 0.378
12907 31 62 0.4094
12938 31 74 0.4409
12969 62 63 0.2441
12969 62 67 0.2441
12969 31 69 0.4646
12969 62 48 0.2756
13001 31 72 0.4016
13032 31 62 0.3543
13032 31 67 0.3543
13032 31 70 0.4173
13032 31 50 0.3307
13063 31 63 0.3937
13095 31 58 0.2441
13095 31 55 0.2441
13095 31 61 0.3937
13126 31 63 0.3071
13157 31 55 0.2677
13157 31 58 0.2677
13157 31 62 0.315
13189 31 70 0.4173
13220 62 60 0.3622
13220 31 66 0.4488
13220 62 50 0.3307
13251 31 69 0.3858
13283 125 58 0.3701
13283 125 67 0.4173
13283 250 43 0.3622
13314 31 51 0.3307
13345 31 49 0.3465
13377 31 51 0.252
13408 125 50 0.2756
13439 31 62 0.4094
13471 62 60 0.378
13471 31 64 0.4252
13502 31 66 0.4331
13533 31 58 0.4016
13533 31 67 0.4488
13533 62 43 0.315
13565 31 69 0.4646
13596 31 70 0.4803
13596 62 50 0.2913
13627 31 72 0.4961
13659 31 74 0.5354
13659 31 62 0.315
13659 31 58 0.2677
13659 31 55 0.2677
13690 31 79 0.4961
13690 31 58 0.3937
13721 62 75 0.315
13721 62 72 0.2835
13721 62 65 0.2598
13721 31 77 0.4803
13721 31 57 0.4173
13753 31 79 0.4646
13753 31 55 0.3858
13784 125 65 0.3622
13784 125 70 0.3622
13784 125 74 0.4331
13784 31 53 0.2992
13784 62 46 0.3465
13815 31 55 0.3858
13847 31 58 0.4094
13878 31 62 0.3858
13909 31 65 0.4094
13941 31 77 0.4724
13972 62 63 0.3937
13972 62 70 0.3937
13972 62 74 0.3937
13972 31 75 0.4961
13972 62 43 0.3228
14003 31 77 0.4567
14035 125 63 0.3937
14035 125 69 0.3937
14035 125 72 0.4724
14035 62 45 0.3465
14066 31 55 0.3465
14097 31 57 0.378
14129 31 60 0.3543
14160 31 63 0.3228
14191 31 75 0.4331
14223 62 62 0.2913
14223 62 69 0.2913
14223 62 72 0.2992
14223 31 74 0.4409
14223 62 42 0.2835
14254 31 75 0.3937
14285 62 62 0.3701
14285 62 67 0.3701
14285 62 70 0.4409
14285 62 43 0.3307
14317 31 50 0.2913
14348 31 55 0.3386
14379 31 58 0.3071
14411 31 62 0.2992
14442 31 74 0.4488
14473 62 63 0.2913
14473 62 69 0.2913
14473 31 72 0.4646
14473 62 48 0.2835
14505 31 74 0.4331
14536 62 62 0.2913
14536 62 67 0.2913
14536 31 72 0.4567
14536 250 50 0.3307
14567 31 70 0.4252
14598 62 58 0.2677
14598 31 69 0.4173
14598 62 62 0.2677
14630 31 67 0.4094
14661 62 64 0.2913
14661 93 70 0.4331
14661 62 61 0.2598
14724 62 63 0.2441
14724 62 66 0.2677
14724 93 60 0.252
14755 31 69 0.3307
14786 62 62 0.3386
14786 62 67 0.4016
14786 62 55 0.2362
14818 31 58 0.2835
14849 31 55 0.2913
14880 31 50 0.2835
14912 62 43 0.2835
14943 31 67 0.5354
14974 31 69 0.5433
15006 31 70 0.5433
15037 31 72 0.5433
15037 62 51 0.4094
15068 31 74 0.5512
15100 31 75 0.5669
15100 62 65 0.3858
15131 31 77 0.5827
15162 31 79 0.5906
15162 125 60 0.4094
15162 125 57 0.3465
15162 125 53 0.3465
15194 31 81 0.5669
15225 31 82 0.622
15256 31 84 0.6063
15288 125 77 0.5906
15288 62 50 0.5276
15319 31 53 0.4724
15350 31 58 0.4961
15382 31 62 0.4646
15413 125 65 0.5197
15444 31 77 0.5748
15476 31 79 0.5906
15476 62 53 0.3465
15476 62 62 0.4094
15476 62 58 0.3465
15507 31 82 0.5748
15538 125 75 0.5512
15538 62 48 0.4488
15570 31 53 0.4173
15601 31 57 0.4567
15632 31 63 0.4252
15664 125 65 0.4488
15695 31 75 0.5276
15726 31 77 0.5591
15726 62 63 0.3701
15726 62 53 0.3071
15726 62 57 0.3071
15758 31 81 0.5276
15789 125 74 0.4724
15789 62 46 0.4173
15820 31 53 0.3937
15852 31 58 0.4173
15883 31 62 0.378
15914 125 65 0.3701
15946 31 67 0.5354
15977 31 69 0.5433
15977 62 53 0.2677
15977 62 62 0.3228
15977 62 58 0.2677
16008 31 70 0.5433
16040 31 72 0.5433
16040 62 51 0.4094
16071 31 74 0.5512
16102 31 75 0.5669
16102 62 65 0.3858
16134 31 77 0.5827
16165 31 79 0.5906
16165 125 60 0.4094
16165 125 57 0.3465
16165 125 53 0.3465
16196 31 81 0.5669
16228 31 82 0.622
16259 31 84 0.6063
16290 125 74 0.5906
16290 62 50 0.5276
16322 31 54 0.4724
16353 31 57 0.5039
16384 31 62 0.4882
16416 62 66 0.4567
16447 31 74 0.5748
16478 31 76 0.5906
16478 62 57 0.3071
16478 62 62 0.3701
16510 31 78 0.5669
16541 125 79 0.6063
16541 62 50 0.4331
16572 31 55 0.4094
16603 31 58 0.4567
16635 31 62 0.4173
16666 62 67 0.4488
16697 31 74 0.5276
16729 31 72 0.5433
16729 62 62 0.2835
16729 62 55 0.252
16760 31 70 0.5276
16791 125 78 0.4961
16791 62 50 0.4173
16823 31 54 0.2835
16854 31 57 0.3386
16885 31 62 0.2992
16917 62 66 0.3386
16948 31 72 0.4803
16979 31 70 0.4961
16979 62 57 0.2756
16979 62 60 0.2756
16979 62 62 0.2756
17011 31 69 0.4803
17042 31 79 0.5354
17042 62 50 0.4173
17073 15 74 0.4803
17073 31 55 0.3465
17089 7 75 0.3543
17097 7 74 0.3701
17105 31 73 0.4961
17105 31 58 0.3622
17136 31 74 0.4724
17136 31 62 0.3465
17167 31 75 0.4961
17167 62 67 0.3465
17199 31 74 0.4724
17230 31 70 0.4961
17230 62 62 0.3465
17230 62 58 0.3465
17230 62 55 0.3465
17261 62 67 0.4724
17293 31 74 0.4961
17293 31 50 0.3622
17293 31 57 0.3622
17324 31 67 0.4173
17355 93 74 0.5354
17355 31 66 0.4094
17387 31 63 0.4016
17418 31 62 0.3937
17449 31 62 0.4173
17449 31 60 0.378
17481 31 64 0.4252
17481 31 58 0.3701
17512 31 66 0.4409
17512 31 57 0.3622
17543 31 67 0.4488
17543 62 43 0.315
17575 31 69 0.4646
17606 31 70 0.4803
17606 62 50 0.2913
17637 31 72 0.4961
17669 31 74 0.5118
17669 31 62 0.315
17669 31 58 0.2677
17669 31 55 0.2677
17700 31 79 0.5354
17700 31 58 0.3858
17731 31 78 0.5197
17731 31 57 0.4094
17763 31 79 0.5039
17763 31 55 0.378
17794 125 74 0.4173
17794 31 54 0.3386
17794 62 50 0.2835
17794 62 46 0.2835
17825 31 55 0.378
17857 31 58 0.4094
17888 31 60 0.3937
17919 31 62 0.4094
17951 31 74 0.4409
17982 62 63 0.2441
17982 62 67 0.2441
17982 31 69 0.4646
17982 62 48 0.2756
18013 31 72 0.4016
18045 31 62 0.3543
18045 31 67 0.3543
18045 31 70 0.4173
18045 31 50 0.3307
18076 31 63 0.3937
18107 31 58 0.2441
18107 31 55 0.2441
18107 31 61 0.3937
18139 31 63 0.3071
18170 31 55 0.2677
18170 31 58 0.2677
18170 31 62 0.315
18201 31 70 0.4173
18233 62 60 0.3622
18233 31 66 0.4488
18233 62 50 0.3307
18264 31 69 0.3858
18295 125 58 0.3701
18295 125 67 0.4173
18295 250 43 0.3622
18327 31 51 0.3307
18358 31 49 0.3465
18389 31 51 0.252
18421 125 50 0.2756
18452 31 62 0.4094
18483 62 60 0.378
18483 31 64 0.4252
18515 31 66 0.4331
18546 31 58 0.4016
18546 31 67 0.4488
18546 62 43 0.315
18577 31 69 0.4646
18609 31 70 0.4803
18609 62 50 0.2913
18640 31 72 0.4961
18671 31 74 0.5354
18671 31 62 0.315
18671 31 58 0.2677
18671 31 55 0.2677
18702 31 79 0.4961
18702 31 58 0.3937
18734 62 75 0.315
18734 62 72 0.2835
18734 62 65 0.2598
18734 31 77 0.4803
18734 62 45 0.315
18734 31 57 0.4173
18765 31 79 0.4646
18765 31 55 0.3858
18796 125 65 0.3622
18796 125 70 0.3622
18796 125 74 0.4331
18796 31 53 0.2992
18796 62 46 0.3465
18828 31 55 0.3858
18859 31 58 0.4016
18890 31 62 0.3858
18922 31 65 0.4094
18953 31 77 0.4724
18984 62 63 0.3937
18984 62 70 0.3937
18984 62 74 0.3937
18984 31 75 0.4961
18984 62 43 0.3228
19016 31 77 0.4567
19047 125 63 0.3937
19047 125 69 0.3937
19047 125 72 0.4724
19047 62 45 0.3465
19078 31 55 0.3465
19110 31 57 0.378
19141 31 60 0.3543
19172 31 63 0.3228
19204 31 75 0.4331
19235 62 62 0.2913
19235 62 69 0.2913
19235 62 72 0.2992
19235 31 74 0.4409
19235 62 42 0.2835
19266 31 75 0.3937
19298 62 62 0.3465
19298 62 67 0.3465
19298 62 70 0.4173
19298 62 43 0.3071
19329 31 50 0.2756
19360 31 55 0.315
19392 31 58 0.2913
19423 31 62 0.2835
19454 31 74 0.4252
19486 62 63 0.2756
19486 62 69 0.2756
19486 31 72 0.4409
19486 62 48 0.2677
19517 31 74 0.4094
19548 62 62 0.2756
19548 62 67 0.2756
19548 31 72 0.4331
19548 250 50 0.3071
19580 31 70 0.4016
19611 62 58 0.252
19611 31 69 0.3937
19611 62 62 0.252
19642 31 67 0.3858
19674 62 64 0.2756
19674 93 70 0.4094
19674 62 61 0.2441
19736 62 63 0.2283
19736 62 66 0.252
19736 93 60 0.2362
19768 31 69 0.3071
19799 62 62 0.315
19799 62 67 0.378
19799 62 55 0.2205
19830 31 58 0.2677
19862 31 55 0.2756
19893 31 50 0.2677
19924 125 43 0.2677
19956 62 82 0.3701
19987 31 91 0.4016
19987 31 86 0.2756
19987 125 50 0.2835
20018 62 81 0.3622
20050 31 90 0.378
20050 31 86 0.2756
20050 31 84 0.2756
20050 250 43 0.2992
20081 62 79 0.3543
20112 31 87 0.3937
20112 31 84 0.2756
20112 31 81 0.2756
20112 250 50 0.2835
20144 62 78 0.3543
20175 31 86 0.3937
20175 31 84 0.2756
20175 31 81 0.2756
20206 62 75 0.3465
20238 31 84 0.3937
20238 31 81 0.2756
20238 31 78 0.2756
20269 62 74 0.3622
20300 31 82 0.3937
20300 31 79 0.2756
20300 31 76 0.2756
20300 187 43 0.315
20332 62 72 0.3701
20363 31 81 0.3937
20363 31 78 0.2756
20363 31 75 0.2756
20363 125 50 0.2835
20394 62 70 0.3465
20426 31 79 0.4016
20426 31 74 0.2756
20457 31 70 0.4252
20488 93 74 0.2992
20488 93 72 0.2835
20488 31 69 0.4252
20488 93 55 0.2913
20488 93 62 0.3071
20520 31 67 0.4252
20551 31 66 0.4409
20582 31 67 0.4173
20614 31 68 0.4252
20614 62 62 0.252
20614 62 60 0.2362
20614 62 43 0.2598
20614 62 50 0.2598
20645 31 69 0.4173
20676 125 54 0.2992
20708 31 58 0.4016
20739 125 62 0.2992
20739 125 60 0.2835
20739 31 57 0.4252
20770 31 55 0.3937
20801 31 54 0.4252
20833 31 52 0.4016
20864 62 58 0.2362
20864 62 62 0.2756
20864 31 54 0.4252
20895 31 55 0.4016
20927 125 50 0.2835
20927 125 43 0.2835
20958 62 70 0.3701
20989 31 79 0.4016
20989 31 74 0.2756
21021 62 69 0.3543
21052 31 78 0.3701
21052 31 74 0.2677
21052 31 72 0.2677
21052 250 31 0.2913
21083 62 67 0.3386
21115 31 75 0.378
21115 31 72 0.2598
21115 31 69 0.2598
21115 250 38 0.2677
21146 62 66 0.3307
21177 31 74 0.378
21177 31 72 0.2598
21177 31 69 0.2598
21209 62 63 0.3307
21240 31 72 0.3701
21240 31 69 0.2598
21240 31 66 0.2598
21271 62 62 0.3307
21303 31 70 0.3622
21303 31 67 0.252
21303 31 64 0.252
21303 187 31 0.2913
21334 62 60 0.315
21365 31 69 0.3622
21365 31 66 0.252
21365 31 63 0.252
21365 125 38 0.2598
21397 62 58 0.3228
21428 31 67 0.3622
21428 31 62 0.2441
21459 31 58 0.378
21491 93 62 0.2677
21491 93 60 0.252
21491 31 57 0.378
21491 93 43 0.2598
21491 93 50 0.2756
21522 31 55 0.378
21553 31 54 0.3937
21585 31 55 0.3701
21616 31 56 0.378
21616 62 50 0.2205
21616 62 48 0.2126
21616 62 31 0.2283
21616 62 38 0.2283
21647 31 57 0.3701
21679 125 42 0.2677
21710 31 46 0.3543
21741 125 50 0.2598
21741 125 48 0.2441
21741 31 45 0.3701
21773 31 43 0.3386
21804 31 42 0.3622
21835 31 40 0.3386
21867 62 46 0.2126
21867 62 50 0.2598
21867 31 42 0.3543
21898 31 43 0.3228
21929 31 31 0.2441
21961 62 38 0.2835
21992 31 42 0.2205
21992 31 50 0.2677
21992 31 48 0.2205
22023 62 31 0.2283
22055 31 43 0.2283
22055 31 46 0.2283
22055 31 50 0.2756
22086 62 38 0.252
22117 31 45 0.2441
22117 31 50 0.2441
22117 31 54 0.2913
22149 62 31 0.2126
22180 31 46 0.2598
22180 31 50 0.2598
22180 31 55 0.3071
22211 62 38 0.2598
22243 31 50 0.2677
22243 31 54 0.315
22243 31 57 0.315
22274 62 31 0.2283
22305 31 50 0.2756
22305 31 55 0.2756
22305 31 58 0.3307
22337 62 38 0.2677
22368 31 54 0.2835
22368 31 62 0.3386
22368 31 60 0.2835
22399 62 31 0.2362
22431 31 67 0.3543
22431 31 62 0.2992
22431 31 58 0.2992
22462 62 50 0.2835
22493 31 54 0.2835
22493 31 62 0.3386
22493 31 60 0.2835
22525 62 43 0.252
22556 31 62 0.3701
22556 31 58 0.3071
22556 31 55 0.3071
22587 62 50 0.2835
22619 31 57 0.315
22619 31 62 0.315
22619 31 66 0.378
22650 62 43 0.2441
22681 31 58 0.3228
22681 31 62 0.3228
22681 31 67 0.3858
22713 62 50 0.2913
22744 31 62 0.3307
22744 31 66 0.3307
22744 31 69 0.3937
22775 62 43 0.2598
22807 31 62 0.3465
22807 31 67 0.3465
22807 31 70 0.4173
22838 62 50 0.2992
22869 31 66 0.3543
22869 31 72 0.3543
22869 31 74 0.4252
22900 62 43 0.2598
22932 31 70 0.3622
22932 31 74 0.3622
22932 31 79 0.4331
22963 62 50 0.315
22994 31 74 0.4331
22994 31 72 0.3622
22994 31 66 0.3622
23026 62 43 0.2756
23045 43 67 0.3465
23049 39 70 0.3701
23053 35 74 0.4094
23057 31 79 0.4409
23088 62 50 0.3307
23120 31 74 0.4331
23120 31 72 0.3701
23120 31 66 0.3701
23151 62 43 0.2992
23171 43 67 0.3465
23175 39 70 0.3701
23179 35 74 0.4016
23182 31 79 0.4409
23214 62 62 0.3386
23245 31 86 0.4646
23245 31 84 0.3937
23245 31 78 0.3937
23276 62 55 0.3071
23296 43 79 0.4016
23300 39 82 0.4409
23304 35 86 0.4724
23308 31 91 0.5118
23339 62 62 0.3543
23370 31 86 0.4646
23370 31 84 0.4016
23370 31 78 0.4016
23402 62 55 0.3228
23421 43 79 0.3937
23425 39 82 0.4331
23429 35 86 0.4567
23433 31 91 0.5118
23464 62 67 0.315
23464 62 74 0.315
23484 43 79 0.3701
23488 39 82 0.4094
23492 35 86 0.4488
23496 31 91 0.4882
23527 62 67 0.2677
23527 62 74 0.2677
23547 43 79 0.3622
23551 39 82 0.3937
23554 35 86 0.4252
23558 31 91 0.4646
23590 62 67 0.2835
23590 62 74 0.2835
23609 43 79 0.3543
23613 39 82 0.3701
23617 35 86 0.4016
23621 31 91 0.4331
23652 62 67 0.2283
23652 62 74 0.2283
23672 43 79 0.3307
23676 39 82 0.3465
23680 35 86 0.3622
23684 31 91 0.3937
23715 62 67 0.2441
23715 62 74 0.2441
23735 43 79 0.2835
23739 39 82 0.2992
23742 35 86 0.315
23746 31 91 0.3701
23778 62 67 0.2126
23778 62 74 0.2126
23797 43 79 0.252
23801 39 82 0.2835
23805 35 86 0.315
23809 31 91 0.3465
23840 62 67 0.2283
23840 62 74 0.2283
23860 43 79 0.2283
23864 39 82 0.2598
23868 35 86 0.2677
23872 31 91 0.3228
23903 156 67 0.1969
23903 156 74 0.1969
23923 43 79 0.2047
23926 39 82 0.2362
23930 35 86 0.2677
23934 31 91 0.2913
