0 17 76 0.3307
17 10 77 0.3071
26 10 79 0.3071
35 10 81 0.315
44 10 83 0.315
53 10 84 0.3228
62 10 86 0.3307
71 4 88 0.3858
80 10 88 0.3307
89 10 89 0.3307
98 10 91 0.3465
107 10 93 0.3543
116 10 95 0.3622
125 10 96 0.378
133 10 98 0.3858
142 10 100 0.4016
178 35 76 0.3307
214 17 79 0.3307
232 10 81 0.3071
241 10 83 0.3071
250 10 84 0.315
258 10 86 0.315
267 10 88 0.3228
276 10 89 0.3307
285 4 91 0.3858
294 10 91 0.3228
303 10 93 0.3307
312 10 95 0.3307
321 10 96 0.3465
330 10 98 0.3543
339 10 100 0.378
348 10 101 0.3858
357 10 103 0.4016
392 35 72 0.3307
428 17 74 0.3307
446 10 76 0.3071
455 10 77 0.3071
464 10 79 0.315
473 10 81 0.315
482 10 83 0.3228
491 10 84 0.3307
500 4 86 0.3858
508 10 86 0.3307
517 10 88 0.3465
526 10 89 0.3543
535 10 91 0.3622
544 10 93 0.378
553 10 95 0.3858
562 10 96 0.3937
571 10 98 0.4016
607 35 76 0.3307
642 17 72 0.3307
660 10 74 0.3071
669 10 76 0.3071
678 10 77 0.315
687 10 79 0.315
696 10 81 0.3228
705 10 83 0.3307
714 4 84 0.3543
723 10 84 0.3071
732 10 86 0.315
741 10 88 0.315
750 10 89 0.3228
758 10 91 0.3307
767 10 93 0.3307
776 10 95 0.3465
785 10 96 0.3622
821 35 72 0.4646
857 17 69 0.4724
875 10 71 0.4409
883 10 72 0.4409
892 10 74 0.4567
901 10 76 0.4567
910 10 77 0.4646
919 10 79 0.4803
928 4 81 0.5039
937 10 81 0.4409
946 10 83 0.4567
955 10 84 0.4567
964 10 86 0.4646
973 10 88 0.4724
982 10 89 0.4803
991 10 91 0.4882
1000 10 93 0.5276
1035 35 72 0.4409
1071 17 67 0.4331
1089 10 69 0.3858
1098 10 71 0.3858
1107 10 72 0.3937
1116 10 74 0.3937
1125 10 76 0.4016
1133 10 77 0.4331
1142 4 79 0.4567
1151 10 79 0.3858
1160 10 81 0.3937
1169 10 83 0.3937
1178 10 84 0.4016
1187 10 86 0.4331
1196 10 88 0.4331
1205 10 89 0.4409
1214 10 91 0.4646
1250 35 72 0.3937
1285 17 74 0.3937
1303 10 76 0.3622
1312 10 77 0.3622
1321 10 79 0.3701
1330 10 81 0.3701
1339 10 83 0.3858
1348 10 84 0.4016
1357 4 86 0.4646
1366 10 86 0.4016
1375 10 88 0.4173
1383 10 89 0.4331
1392 10 91 0.4409
1401 10 93 0.4567
1410 10 95 0.4646
1419 10 96 0.4646
1428 10 98 0.4724
1464 35 76 0.3858
1500 17 72 0.3858
1517 10 74 0.3543
1526 10 76 0.3543
1535 10 77 0.3622
1544 10 79 0.3622
1553 10 81 0.3701
1562 10 83 0.3858
1571 4 84 0.4016
1580 10 84 0.3543
1589 10 86 0.3622
1598 10 88 0.3622
1607 10 89 0.3701
1616 10 91 0.3858
1625 10 93 0.3858
1633 10 95 0.3937
1642 10 96 0.4173
1714 17 76 0.3307
1732 10 77 0.3071
1741 10 79 0.3071
1750 10 81 0.315
1758 10 83 0.315
1767 10 84 0.3228
1776 10 86 0.3307
1785 4 88 0.3858
1794 10 88 0.3307
1803 10 89 0.3307
1812 10 91 0.3465
1821 10 93 0.3543
1830 10 95 0.3622
1839 10 96 0.378
1848 10 98 0.3858
1857 10 100 0.4016
1892 35 76 0.3307
1928 17 79 0.3307
1946 10 81 0.3071
1955 10 83 0.3071
1964 10 84 0.315
1973 10 86 0.315
1982 10 88 0.3228
1991 10 89 0.3307
2000 4 91 0.3858
2008 10 91 0.3228
2017 10 93 0.3307
2026 10 95 0.3307
2035 10 96 0.3465
2044 10 98 0.3543
2053 10 100 0.378
2062 10 101 0.3858
2071 10 103 0.4016
2107 35 72 0.3307
2142 17 74 0.3307
2160 10 76 0.3071
2169 10 77 0.3071
2178 10 79 0.315
2187 10 81 0.315
2196 10 83 0.3228
2205 10 84 0.3307
2214 4 86 0.3858
2223 10 86 0.3307
2232 10 88 0.3465
2241 10 89 0.3543
2250 10 91 0.3622
2258 10 93 0.378
2267 10 95 0.3858
2276 10 96 0.3937
2285 10 98 0.4016
2321 35 76 0.3307
2357 17 72 0.3307
2375 10 74 0.3071
2383 10 76 0.3071
2392 10 77 0.315
2401 10 79 0.315
2410 10 81 0.3228
2419 10 83 0.3307
2428 4 84 0.3543
2437 10 84 0.3071
2446 10 86 0.315
2455 10 88 0.315
2464 10 89 0.3228
2473 10 91 0.3307
2482 10 93 0.3307
2491 10 95 0.3465
2500 10 96 0.3622
2535 35 72 0.4803
2571 17 69 0.4724
2589 10 71 0.4409
2598 10 72 0.4409
2607 10 74 0.4567
2616 10 76 0.4567
2625 10 77 0.4646
2633 10 79 0.4803
2642 4 81 0.5039
2651 10 81 0.4409
2660 10 83 0.4567
2669 10 84 0.4567
2678 10 86 0.4646
2687 10 88 0.4724
2696 10 89 0.4803
2705 10 91 0.4882
2714 10 93 0.5276
2750 35 72 0.4567
2785 17 67 0.4331
2803 10 69 0.3858
2812 10 71 0.3858
2821 10 72 0.3937
2830 10 74 0.3937
2839 10 76 0.4016
2848 10 77 0.4331
2857 4 79 0.4567
2866 10 79 0.3858
2875 10 81 0.3937
2883 10 83 0.3937
2892 10 84 0.4016
2901 10 86 0.4331
2910 10 88 0.4331
2919 10 89 0.4409
2928 10 91 0.4646
2964 35 72 0.3937
3000 17 74 0.3937
3017 10 76 0.3622
3026 10 77 0.3622
3035 10 79 0.3701
3044 10 81 0.3701
3053 10 83 0.3858
3062 10 84 0.4016
3071 4 86 0.4646
3080 10 86 0.4016
3089 10 88 0.4173
3098 10 89 0.4331
3107 10 91 0.4409
3116 10 93 0.4567
3125 10 95 0.4646
3133 10 96 0.4646
3142 10 98 0.4724
3178 35 76 0.3858
3214 17 72 0.3858
3232 10 74 0.3543
3241 10 76 0.3543
3250 10 77 0.3622
3258 10 79 0.3622
3267 10 81 0.3701
3276 10 83 0.3858
3285 4 84 0.4016
3294 10 84 0.3543
3303 10 86 0.3622
3312 10 88 0.3622
3321 10 89 0.3701
3330 10 91 0.3858
3339 10 93 0.3858
3348 10 95 0.3937
3357 10 96 0.4173
3419 8 74 0.4567
3428 17 86 0.5433
3446 10 84 0.5039
3455 10 83 0.5039
3464 10 81 0.5039
3473 10 79 0.5039
3482 10 78 0.5039
3491 10 76 0.5039
3500 4 74 0.5433
3508 10 74 0.4803
3517 10 72 0.4803
3526 10 71 0.4724
3535 10 69 0.4724
3544 10 67 0.4646
3553 10 66 0.4646
3562 10 64 0.4646
3571 10 62 0.4646
3607 35 83 0.4803
3642 17 91 0.5433
3660 10 90 0.5039
3669 10 88 0.5039
3678 10 86 0.5039
3687 10 84 0.5039
3696 10 83 0.5039
3705 10 81 0.5039
3714 4 79 0.5433
3723 10 79 0.4803
3732 10 78 0.4803
3741 10 76 0.4724
3750 10 74 0.4724
3758 10 72 0.4646
3767 10 71 0.4646
3776 10 69 0.4646
3785 10 67 0.4646
3821 26 83 0.5433
3848 8 74 0.5276
3857 17 86 0.622
3875 10 84 0.5433
3883 10 83 0.5433
3892 10 81 0.5354
3901 10 79 0.5354
3910 10 78 0.5354
3919 10 76 0.5039
3928 4 74 0.5433
3937 10 74 0.4803
3946 10 72 0.4803
3955 10 71 0.4724
3964 10 69 0.4724
3973 10 67 0.4646
3982 10 66 0.4646
3991 10 64 0.4646
4000 10 62 0.4646
4035 35 81 0.5276
4071 17 83 0.5827
4089 10 84 0.5039
4098 10 86 0.5039
4107 10 88 0.4882
4116 10 90 0.4882
4125 10 91 0.4803
4133 10 93 0.4567
4142 4 95 0.5433
4151 10 79 0.4803
4160 10 81 0.4803
4169 10 83 0.4724
4178 10 84 0.4567
4187 10 86 0.4409
4196 10 88 0.4409
4205 10 90 0.4331
4214 10 91 0.5197
4223 10 74 0.4724
4232 10 76 0.4567
4241 10 78 0.4409
4250 10 79 0.4331
4258 10 81 0.4331
4267 10 83 0.4173
4276 10 84 0.4094
4285 17 86 0.4488
4303 10 84 0.3465
4312 10 83 0.3465
4321 10 81 0.3465
4330 10 79 0.3465
4339 10 78 0.3465
4348 10 76 0.3465
4357 4 74 0.3622
4366 10 74 0.3228
4375 10 72 0.3228
4383 10 71 0.3228
4392 10 69 0.3228
4401 10 67 0.315
4410 10 66 0.315
4419 10 64 0.3071
4428 10 62 0.3071
4464 35 83 0.3228
4500 17 95 0.4173
4517 10 93 0.3858
4526 10 91 0.3701
4535 10 90 0.3622
4544 10 88 0.3465
4553 10 86 0.3465
4562 10 84 0.3465
4571 4 83 0.3622
4580 10 83 0.3228
4589 10 81 0.3228
4598 10 79 0.3228
4607 10 78 0.3228
4616 10 76 0.315
4625 10 74 0.315
4633 10 72 0.3071
4642 10 71 0.3071
4678 26 83 0.5039
4705 8 74 0.4724
4714 17 86 0.5669
4732 10 84 0.4803
4741 10 83 0.4803
4750 10 81 0.4724
4758 10 79 0.4724
4767 10 78 0.4724
4776 10 76 0.4567
4785 4 74 0.4882
4794 10 74 0.4331
4803 10 72 0.4331
4812 10 71 0.4331
4821 10 69 0.4331
4830 10 67 0.4173
4839 10 66 0.4173
4848 10 64 0.4016
4857 10 62 0.4016
4892 26 81 0.5197
4919 8 83 0.4646
4928 8 79 0.5433
4946 10 55 0.4882
4955 10 57 0.5039
4964 10 59 0.5197
4973 10 60 0.5197
4982 10 62 0.5354
4991 10 64 0.5354
5000 4 65 0.6142
5017 10 67 0.4882
5026 10 69 0.4961
5035 10 71 0.5039
5044 10 72 0.5039
5053 10 74 0.5197
5062 10 76 0.5276
5071 4 77 0.622
5089 10 67 0.5039
5098 10 69 0.5039
5107 10 71 0.5197
5116 10 72 0.5354
5125 10 74 0.5669
5133 10 75 0.6142
5142 17 76 0.6929
5160 10 77 0.5354
5169 10 79 0.5354
5178 10 81 0.5512
5187 10 83 0.5512
5196 10 84 0.5591
5205 10 86 0.5748
5214 4 88 0.6535
5223 10 88 0.5748
5232 10 89 0.5748
5241 10 91 0.5827
5250 10 93 0.6063
5258 10 95 0.6142
5267 10 96 0.6299
5276 10 98 0.6378
5285 10 100 0.6772
5321 35 76 0.5748
5357 17 79 0.5748
5375 10 81 0.5354
5383 10 83 0.5354
5392 10 84 0.5512
5401 10 86 0.5512
5410 10 88 0.5591
5419 10 89 0.5748
5428 4 91 0.6535
5437 10 91 0.5591
5446 10 93 0.5748
5455 10 95 0.5748
5464 10 96 0.5827
5473 10 98 0.6063
5482 10 100 0.622
5491 10 101 0.6299
5500 10 103 0.6614
5535 35 72 0.5748
5571 17 74 0.5748
5589 10 76 0.5354
5598 10 77 0.5354
5607 10 79 0.5512
5616 10 81 0.5512
5625 10 83 0.5591
5633 10 84 0.5748
5642 4 86 0.6535
5651 10 86 0.5748
5660 10 88 0.5827
5669 10 89 0.5906
5678 10 91 0.6142
5687 10 93 0.622
5696 10 95 0.6378
5705 10 96 0.6457
5714 10 98 0.6693
5750 35 76 0.5748
5785 17 72 0.5748
5803 10 74 0.5354
5812 10 76 0.5354
5821 10 77 0.5512
5830 10 79 0.5512
5839 10 81 0.5591
5848 10 83 0.5748
5857 4 84 0.622
5866 10 84 0.5354
5875 10 86 0.5512
5883 10 88 0.5512
5892 10 89 0.5591
5901 10 91 0.5748
5910 10 93 0.5748
5919 10 95 0.6063
5928 10 96 0.6378
5964 35 72 0.5512
6000 17 69 0.5354
6017 10 71 0.4882
6026 10 72 0.4882
6035 10 74 0.5039
6044 10 76 0.5039
6053 10 77 0.5197
6062 10 79 0.5433
6071 4 81 0.5669
6080 10 81 0.4882
6089 10 83 0.5039
6098 10 84 0.5039
6107 10 86 0.5197
6116 10 88 0.5354
6125 10 89 0.5433
6133 10 91 0.5512
6142 10 93 0.5827
6178 35 72 0.5039
6214 17 67 0.4803
6232 10 69 0.4409
6241 10 71 0.4409
6250 10 72 0.4488
6258 10 74 0.4488
6267 10 76 0.4567
6276 10 77 0.4803
6285 4 79 0.5039
6294 10 79 0.4409
6303 10 81 0.4488
6312 10 83 0.4488
6321 10 84 0.4567
6330 10 86 0.4803
6339 10 88 0.4803
6348 10 89 0.4882
6357 10 91 0.5197
6392 35 72 0.4488
6428 17 74 0.4488
6446 10 76 0.4016
6455 10 77 0.4016
6464 10 79 0.4094
6473 10 81 0.4094
6482 10 83 0.4331
6491 10 84 0.4567
6500 4 86 0.5197
6508 10 86 0.4567
6517 10 88 0.4724
6526 10 89 0.4803
6535 10 91 0.4882
6544 10 93 0.5039
6553 10 95 0.5197
6562 10 96 0.5276
6571 10 98 0.5354
6607 35 76 0.378
6642 17 72 0.378
6660 10 74 0.3465
6669 10 76 0.3465
6678 10 77 0.3543
6687 10 79 0.3543
6696 10 81 0.3622
6705 10 83 0.3858
6714 4 84 0.4016
6723 10 84 0.3465
6732 10 86 0.3543
6741 10 88 0.3543
6750 10 89 0.3622
6758 10 91 0.378
6767 10 93 0.3858
6776 10 95 0.3937
6785 10 96 0.4094
6821 35 76 0.3307
6857 17 79 0.3307
6875 10 81 0.3071
6883 10 83 0.3071
6892 10 84 0.315
6901 10 86 0.315
6910 10 88 0.3228
6919 10 89 0.3307
6928 4 91 0.3858
6937 10 91 0.3228
6946 10 93 0.3307
6955 10 95 0.3307
6964 10 96 0.3465
6973 10 98 0.3543
6982 10 100 0.378
6991 10 101 0.3858
7000 10 103 0.4016
7035 35 76 0.3307
7071 17 72 0.3307
7089 10 74 0.3071
7098 10 76 0.3071
7107 10 77 0.315
7116 10 79 0.315
7125 10 81 0.3228
7133 10 83 0.3307
7142 4 84 0.3543
7151 10 84 0.3071
7160 10 86 0.315
7169 10 88 0.315
7178 10 89 0.3228
7187 10 91 0.3307
7196 10 93 0.3307
7205 10 95 0.3465
7214 10 96 0.3622
7250 17 76 0.3228
7267 17 81 0.2913
7285 17 79 0.2992
7303 10 81 0.2677
7312 10 83 0.2677
7321 10 84 0.2835
7330 10 86 0.2835
7339 10 88 0.2913
7348 10 89 0.2992
7357 4 91 0.3307
7366 10 91 0.2913
7375 10 93 0.2992
7383 10 95 0.2992
7392 10 96 0.3071
7401 10 98 0.315
7410 10 100 0.3307
7419 10 101 0.3307
7428 10 103 0.3543
7464 35 76 0.3307
7500 17 72 0.3307
7517 10 74 0.3071
7526 10 76 0.3071
7535 10 77 0.315
7544 10 79 0.315
7553 10 81 0.3307
7562 10 83 0.3465
7571 4 84 0.3622
7580 10 76 0.3228
7589 10 77 0.3307
7598 10 79 0.3543
7607 10 81 0.3622
7616 10 83 0.3858
7625 10 84 0.4016
7633 10 86 0.4094
7642 10 88 0.4173
7651 10 79 0.378
7660 10 81 0.3858
7669 10 83 0.4016
7678 10 84 0.4094
7687 10 86 0.4173
7696 10 88 0.4409
7705 10 89 0.4488
7714 10 91 0.4724
7723 10 88 0.4016
7732 10 89 0.4094
7741 10 91 0.4409
7750 10 93 0.4409
7758 10 95 0.4803
7767 10 96 0.4961
7776 10 98 0.5512
7785 10 100 0.6772
7857 17 64 0.5669
7857 17 67 0.5669
7857 17 76 0.6378
7857 17 72 0.6378
7928 142 55 0.6063
7928 142 52 0.6063
7928 142 60 0.6772
0 71 36 0.2362
0 71 48 0.2913
71 71 64 0.2598
71 71 60 0.2205
71 71 55 0.2205
142 71 64 0.2441
142 71 60 0.2047
142 71 55 0.2047
214 71 36 0.2362
214 71 48 0.2913
285 71 64 0.2598
285 71 60 0.2205
285 71 55 0.2205
357 71 64 0.2441
357 71 60 0.2047
357 71 55 0.2047
428 71 31 0.2362
428 71 43 0.2913
500 71 65 0.2598
500 71 59 0.2205
500 71 55 0.2205
571 71 65 0.2441
571 71 59 0.2047
571 71 55 0.2047
642 71 36 0.2362
642 71 48 0.2913
714 71 64 0.2598
714 71 60 0.2205
714 71 55 0.2205
785 71 64 0.2441
785 71 60 0.2047
785 71 55 0.2047
857 71 36 0.3307
857 71 48 0.4173
928 71 65 0.3701
928 71 60 0.3071
928 71 57 0.3071
1000 71 65 0.3543
1000 71 60 0.2913
1000 71 57 0.2913
1071 71 36 0.2913
1071 71 48 0.3701
1142 71 64 0.3307
1142 71 60 0.2756
1142 71 55 0.2756
1214 71 64 0.3071
1214 71 60 0.2598
1214 71 55 0.2598
1285 71 31 0.2835
1285 71 43 0.3465
1357 71 65 0.3071
1357 71 59 0.2677
1357 71 55 0.2677
1428 71 65 0.2913
1428 71 59 0.2283
1428 71 55 0.2283
1500 71 36 0.2756
1500 71 48 0.3307
1571 71 64 0.2992
1571 71 60 0.2598
1571 71 55 0.2598
1642 71 64 0.2835
1642 71 60 0.2283
1642 71 55 0.2283
1714 71 36 0.2362
1714 71 48 0.2913
1785 71 64 0.2598
1785 71 60 0.2205
1785 71 55 0.2205
1857 71 64 0.2441
1857 71 60 0.2047
1857 71 55 0.2047
1928 71 36 0.2362
1928 71 48 0.2913
2000 71 64 0.2598
2000 71 60 0.2205
2000 71 55 0.2205
2071 71 64 0.2441
2071 71 60 0.2047
2071 71 55 0.2047
2142 71 31 0.2362
2142 71 43 0.2913
2214 71 65 0.2598
2214 71 59 0.2205
2214 71 55 0.2205
2285 71 65 0.2441
2285 71 59 0.2047
2285 71 55 0.2047
2357 71 36 0.2362
2357 71 48 0.2913
2428 71 64 0.2598
2428 71 60 0.2205
2428 71 55 0.2205
2500 71 64 0.2441
2500 71 60 0.2047
2500 71 55 0.2047
2571 71 36 0.3307
2571 71 48 0.4173
2642 71 65 0.3701
2642 71 60 0.3071
2642 71 57 0.3071
2714 71 65 0.3543
2714 71 60 0.2913
2714 71 57 0.2913
2785 71 36 0.2913
2785 71 48 0.3701
2857 71 64 0.3307
2857 71 60 0.2756
2857 71 55 0.2756
2928 71 64 0.3071
2928 71 60 0.2598
2928 71 55 0.2598
3000 71 31 0.2835
3000 71 43 0.3465
3071 71 65 0.3071
3071 71 59 0.2677
3071 71 55 0.2677
3142 71 65 0.2913
3142 71 59 0.2283
3142 71 55 0.2283
3214 71 36 0.2756
3214 71 48 0.3307
3285 71 64 0.2992
3285 71 60 0.2598
3285 71 55 0.2598
3357 71 64 0.2835
3357 71 60 0.2283
3357 71 55 0.2283
3428 71 43 0.3937
3500 71 59 0.3622
3500 71 55 0.2913
3500 71 50 0.2913
3571 71 59 0.3465
3571 71 55 0.2756
3571 71 50 0.2756
3642 71 43 0.3937
3714 71 59 0.3622
3714 71 55 0.2913
3714 71 50 0.2913
3785 71 59 0.3465
3785 71 55 0.2756
3785 71 50 0.2756
3857 71 38 0.3701
3857 71 50 0.3937
3928 71 60 0.3622
3928 71 54 0.2913
3928 71 50 0.2913
4000 71 60 0.3465
4000 71 54 0.2756
4000 71 50 0.2756
4071 71 43 0.4173
4142 71 59 0.3465
4142 71 55 0.2835
4142 71 50 0.2835
4214 71 59 0.2835
4214 71 55 0.2283
4214 71 50 0.2283
4285 71 43 0.2677
4357 71 59 0.2362
4357 71 55 0.1969
4357 71 50 0.1969
4428 71 59 0.2283
4428 71 55 0.189
4428 71 50 0.189
4500 71 43 0.2677
4571 71 59 0.2362
4571 71 55 0.1969
4571 71 50 0.1969
4642 71 59 0.2283
4642 71 55 0.189
4642 71 50 0.189
4714 71 38 0.3465
4714 71 50 0.3701
4785 71 60 0.3071
4785 71 54 0.2598
4785 71 50 0.2598
4857 71 60 0.2992
4857 71 54 0.2283
4857 71 50 0.2283
4928 8 59 0.4567
4928 8 55 0.4567
4946 10 43 0.4173
4955 10 45 0.4331
4964 10 47 0.4173
4973 10 48 0.4409
4982 10 50 0.4409
4991 10 52 0.4409
5000 4 53 0.5197
5017 10 55 0.4173
5026 10 57 0.4173
5035 10 59 0.4331
5044 10 60 0.4331
5053 10 62 0.4409
5062 10 64 0.4646
5071 4 65 0.5276
5142 71 36 0.4961
5142 71 48 0.6142
5214 71 64 0.5197
5214 71 60 0.4331
5214 71 55 0.4331
5285 71 64 0.4961
5285 71 60 0.4016
5285 71 55 0.4016
5357 71 36 0.4567
5357 71 48 0.5591
5428 71 64 0.5197
5428 71 60 0.4331
5428 71 55 0.4331
5500 71 64 0.4961
5500 71 60 0.4016
5500 71 55 0.4016
5571 71 31 0.4961
5571 71 43 0.6142
5642 71 65 0.5197
5642 71 59 0.4331
5642 71 55 0.4331
5714 71 65 0.4961
5714 71 59 0.4016
5714 71 55 0.4016
5785 71 36 0.4567
5785 71 48 0.5591
5857 71 64 0.5197
5857 71 60 0.4331
5857 71 55 0.4331
5928 71 64 0.4961
5928 71 60 0.4016
5928 71 55 0.4016
6000 71 36 0.378
6000 71 48 0.4724
6071 71 65 0.4094
6071 71 60 0.3465
6071 71 57 0.3465
6142 71 65 0.3937
6142 71 60 0.3228
6142 71 57 0.3228
6214 71 36 0.3228
6214 71 48 0.4094
6285 71 64 0.378
6285 71 60 0.3071
6285 71 55 0.3071
6357 71 64 0.3465
6357 71 60 0.2913
6357 71 55 0.2913
6428 71 31 0.315
6428 71 43 0.3858
6500 71 65 0.3465
6500 71 59 0.2992
6500 71 55 0.2992
6571 71 65 0.3228
6571 71 59 0.2677
6571 71 55 0.2677
6642 71 36 0.2677
6642 71 48 0.3228
6714 71 64 0.2992
6714 71 60 0.2441
6714 71 55 0.2441
6785 71 64 0.2835
6785 71 60 0.2283
6785 71 55 0.2283
6857 71 36 0.2362
6857 71 48 0.2913
6928 71 64 0.2598
6928 71 60 0.2205
6928 71 55 0.2205
7000 71 64 0.2441
7000 71 60 0.2047
7000 71 55 0.2047
7071 71 36 0.2362
7071 71 48 0.2913
7142 71 64 0.2598
7142 71 60 0.2205
7142 71 55 0.2205
7214 71 64 0.2441
7214 71 60 0.2047
7214 71 55 0.2047
7285 71 36 0.2126
7285 71 48 0.2441
7357 71 64 0.2283
7357 71 60 0.1969
7357 71 55 0.1969
7428 71 64 0.2205
7428 71 60 0.1732
7428 71 55 0.1732
7500 71 36 0.2362
7500 71 48 0.2913
7580 10 60 0.2677
7589 10 62 0.2835
7598 10 64 0.2913
7607 10 65 0.3071
7616 10 67 0.3228
7625 10 69 0.3307
7633 10 71 0.3307
7642 10 72 0.3543
7651 10 64 0.315
7660 10 65 0.3228
7669 10 67 0.3307
7678 10 69 0.3465
7687 10 71 0.3543
7696 10 72 0.3622
7705 10 74 0.378
7714 10 76 0.3937
7723 10 72 0.3307
7732 10 74 0.3465
7741 10 76 0.3622
7750 10 77 0.378
7758 10 79 0.3937
7767 10 81 0.4173
7776 10 83 0.4488
7785 10 84 0.5433
7857 17 48 0.4646
7857 17 55 0.4646
7857 17 60 0.5197
7928 142 36 0.4882
7928 142 43 0.4882
7928 142 48 0.5512
