79 26 57 0.3858
105 105 54 0.3858
105 105 69 0.4331
105 105 62 0.3858
290 26 57 0.3622
316 105 54 0.378
316 105 62 0.378
316 105 69 0.4252
421 79 57 0.3543
421 79 62 0.3543
421 31 66 0.5118
457 31 66 0.4724
492 19 66 0.4488
514 13 62 0.3543
514 6 66 0.4331
520 6 69 0.3858
527 105 62 0.378
527 52 67 0.4567
580 39 66 0.4724
619 171 54 0.2992
626 164 62 0.2992
632 158 69 0.4961
791 26 66 0.4409
791 26 74 0.5433
817 26 69 0.4409
817 26 76 0.6063
843 158 74 0.4094
843 79 78 0.6457
922 13 69 0.4803
922 13 73 0.5276
936 13 76 0.4331
949 52 66 0.4882
949 52 74 0.5906
1001 52 60 0.3386
1001 52 66 0.3386
1001 52 71 0.5039
1054 158 57 0.3701
1054 158 61 0.3701
1054 158 67 0.4409
1212 26 64 0.3937
1212 26 67 0.4724
1239 26 66 0.3937
1239 26 69 0.4724
1265 79 67 0.4409
1265 79 71 0.5276
1344 26 73 0.4961
1344 26 69 0.4173
1371 52 73 0.4488
1371 52 76 0.5354
1423 52 71 0.4173
1423 52 74 0.4961
1476 52 71 0.4409
1476 13 74 0.5276
1489 13 76 0.4567
1502 26 74 0.4803
1529 105 73 0.4409
1529 105 69 0.3701
1634 26 73 0.4409
1634 26 76 0.5276
1661 26 67 0.3858
1661 26 71 0.4567
1687 79 71 0.4252
1687 79 74 0.5039
1766 19 66 0.378
1766 19 69 0.4488
1792 52 69 0.4016
1792 52 73 0.4803
1845 52 64 0.3543
1845 52 67 0.4252
1898 52 65 0.3858
1898 52 71 0.4567
1951 105 69 0.4252
1951 105 66 0.3543
2056 52 69 0.4803
2056 52 81 0.5512
2109 35 66 0.5118
2109 105 62 0.3543
2109 105 54 0.3228
2144 35 66 0.4724
2179 21 66 0.4488
2201 13 62 0.3543
2201 6 66 0.4331
2208 6 69 0.3858
2214 52 67 0.4567
2214 105 62 0.378
2267 39 66 0.4724
2307 171 54 0.2992
2313 164 62 0.2992
2320 158 69 0.4961
2419 59 81 0.3543
2422 56 86 0.3543
2425 52 93 0.3937
2478 52 67 0.4409
2478 26 71 0.4409
2478 26 74 0.5433
2504 26 73 0.4409
2504 26 76 0.6063
2531 158 66 0.4094
2531 158 74 0.4094
2531 79 78 0.6457
2610 13 67 0.4803
2610 13 73 0.5276
2623 13 76 0.4331
2636 52 66 0.4882
2636 52 74 0.5906
2689 52 71 0.5039
2689 52 63 0.3386
2689 52 66 0.3386
2742 158 57 0.3701
2742 158 64 0.3701
2742 158 67 0.4409
2841 59 81 0.3543
2844 56 85 0.3543
2847 52 93 0.3937
2900 26 64 0.3937
2900 26 67 0.4724
2926 26 69 0.4724
2926 26 66 0.3937
2953 79 67 0.4409
2953 79 71 0.5276
3032 26 73 0.4961
3032 26 69 0.4173
3058 52 76 0.5354
3058 52 73 0.4488
3111 52 74 0.4961
3111 52 71 0.4173
3164 13 74 0.5276
3164 52 71 0.4409
3177 13 76 0.4567
3190 26 74 0.4803
3216 105 73 0.4409
3216 105 69 0.3701
3262 59 81 0.3543
3266 56 85 0.3543
3269 52 93 0.3937
3322 26 73 0.4409
3322 26 76 0.5276
3348 26 67 0.3858
3348 26 71 0.4567
3374 79 74 0.5039
3374 79 71 0.4252
3454 19 69 0.4488
3454 19 66 0.378
3480 52 73 0.4803
3480 52 69 0.4016
3533 52 67 0.4252
3533 52 64 0.3543
3585 52 65 0.3858
3585 52 71 0.4567
3638 105 66 0.3543
3638 105 69 0.4252
3684 59 81 0.3543
3688 56 86 0.3543
3691 52 93 0.3937
3744 52 66 0.4803
3744 52 62 0.4803
3744 52 74 0.5512
3796 105 66 0.4252
3796 105 62 0.4252
3796 35 74 0.5984
3831 35 73 0.5669
3867 35 71 0.5197
3902 105 67 0.2835
3902 105 62 0.2835
3902 52 73 0.622
3948 59 83 0.4646
3955 52 95 0.4961
4001 112 62 0.4252
4004 56 66 0.4252
4007 52 74 0.5906
4060 52 66 0.5197
4100 13 67 0.4488
4113 105 62 0.4252
4113 35 66 0.5118
4148 35 65 0.4803
4183 21 66 0.5276
4205 118 55 0.4252
4212 105 62 0.4252
4218 35 67 0.5984
4253 35 71 0.5669
4288 35 74 0.5197
4324 52 73 0.622
4324 52 67 0.2835
4324 52 62 0.2835
4370 59 83 0.4646
4376 52 95 0.4961
4423 112 62 0.4252
4426 56 66 0.4252
4429 158 74 0.5906
4482 52 71 0.5197
4535 35 70 0.5591
4570 35 69 0.5276
4587 52 78 0.4252
4605 35 68 0.5748
4640 35 69 0.4016
4640 35 78 0.5669
4675 35 68 0.4016
4675 35 76 0.5276
4710 35 67 0.4331
4710 35 73 0.5276
4746 52 74 0.5748
4746 52 66 0.3937
4798 52 65 0.3937
4798 52 71 0.5118
4851 98 64 0.3701
4851 52 76 0.5669
4904 52 73 0.5197
4950 59 64 0.3622
4956 35 69 0.5039
4992 35 71 0.5039
5009 46 63 0.3465
5027 35 73 0.5591
5055 112 62 0.2992
5059 108 69 0.2835
5062 35 76 0.5669
5097 35 74 0.5354
5132 35 73 0.5118
5167 105 62 0.3701
5167 105 68 0.3701
5167 52 73 0.5197
5220 52 71 0.4646
5273 210 69 0.4882
5273 90 61 0.3622
5365 13 61 0.3071
5378 46 59 0.3307
5424 59 57 0.3307
5428 56 61 0.2362
5431 52 67 0.3307
5431 52 81 0.5354
5484 31 66 0.3543
5484 31 78 0.5118
5484 31 74 0.3543
5519 31 66 0.4724
5519 31 74 0.4724
5519 31 78 0.4724
5554 19 66 0.4488
5554 19 74 0.4488
5554 19 78 0.4488
5576 6 74 0.3543
5576 6 66 0.3543
5576 6 78 0.4331
5583 6 81 0.3858
5589 52 67 0.4567
5589 52 79 0.4567
5589 263 74 0.378
5642 52 66 0.4724
5642 52 78 0.4724
5695 158 66 0.2992
5695 158 81 0.4961
5794 59 81 0.3543
5797 56 86 0.3543
5800 52 93 0.3937
5853 26 74 0.4409
5853 26 86 0.5433
5853 26 78 0.4409
5879 26 76 0.4409
5879 26 81 0.4409
5879 26 88 0.6063
5906 158 78 0.4094
5906 158 86 0.4094
5906 79 90 0.6457
5985 13 73 0.4803
5985 13 85 0.5276
5985 13 81 0.4803
5998 13 88 0.4331
6011 52 74 0.4882
6011 52 86 0.5906
6011 52 78 0.4882
6064 52 71 0.3622
6064 52 78 0.3622
6064 52 83 0.5354
6064 52 72 0.3622
6117 158 67 0.3937
6117 158 73 0.3937
6117 158 79 0.4724
6215 59 81 0.3543
6219 56 85 0.3543
6222 52 93 0.3937
6275 26 67 0.3937
6275 26 79 0.5197
6275 26 76 0.4331
6301 26 70 0.3937
6301 26 82 0.5197
6301 26 78 0.4331
6328 79 71 0.4488
6328 79 79 0.4488
6328 79 83 0.5827
6407 26 73 0.4567
6407 26 85 0.6063
6407 26 82 0.4961
6433 52 76 0.4409
6433 52 88 0.6299
6433 52 85 0.4803
6486 52 74 0.3858
6486 52 83 0.4173
6486 52 86 0.6299
6538 158 82 0.4016
6538 52 74 0.4016
6538 52 86 0.6535
6538 158 78 0.4016
6591 105 73 0.4803
6591 105 85 0.5748
6697 26 70 0.4409
6697 26 76 0.4803
6697 26 82 0.5433
6723 26 71 0.4252
6723 26 74 0.4646
6723 26 83 0.5827
6749 79 73 0.4803
6749 79 79 0.5276
6749 79 85 0.6457
6828 26 74 0.5118
6828 26 86 0.6378
6855 52 78 0.4646
6855 52 86 0.5039
6855 52 90 0.6772
6908 52 76 0.5276
6908 52 85 0.5748
6908 52 88 0.6378
6960 52 73 0.4488
6960 52 77 0.4646
6960 52 85 0.5827
7013 105 74 0.4252
7013 105 86 0.6299
7013 105 78 0.4252
7119 52 62 0.4646
7119 52 71 0.4646
7119 52 74 0.5827
7171 52 64 0.2598
7171 52 71 0.2835
7171 35 73 0.5984
7206 35 76 0.5354
7224 52 70 0.3622
7242 35 78 0.5118
7277 35 69 0.3622
7277 52 76 0.5591
7312 35 68 0.3465
7329 52 71 0.5197
7347 35 67 0.3307
7382 158 74 0.5591
7382 79 66 0.4724
7461 131 62 0.3937
7488 105 71 0.3937
7540 52 74 0.5827
7593 52 71 0.4488
7593 52 64 0.4488
7593 17 73 0.5354
7611 17 76 0.4567
7628 17 78 0.4567
7646 17 76 0.5197
7663 17 83 0.4882
7681 17 90 0.4882
7699 17 88 0.5591
7716 17 85 0.5276
7734 17 83 0.4961
7751 8 78 0.4882
7769 8 76 0.4882
7786 8 71 0.4646
7797 164 66 0.4488
7801 161 73 0.4488
7804 158 74 0.4488
7883 131 62 0.3937
7910 105 71 0.3937
7962 52 74 0.5354
8015 35 71 0.5591
8015 105 66 0.2992
8015 105 62 0.2992
8050 35 73 0.5354
8085 28 74 0.5039
8114 59 64 0.4646
8120 52 71 0.5512
8173 52 62 0.4646
8173 210 66 0.5039
8226 158 70 0.5354
8226 52 63 0.3701
8279 52 61 0.3386
8331 52 60 0.3701
8384 52 66 0.3307
8384 52 61 0.3307
8384 52 70 0.4488
8437 52 64 0.2835
8437 35 68 0.4882
8472 35 70 0.5433
8490 26 62 0.2835
8494 13 73 0.3858
8507 35 71 0.4409
8542 105 65 0.315
8542 52 61 0.315
8542 52 70 0.5197
8595 52 59 0.2756
8595 52 68 0.4488
8648 158 58 0.3465
8648 158 73 0.4961
8648 158 66 0.3465
8806 52 61 0.315
8806 52 66 0.315
8806 52 70 0.378
8859 105 61 0.2677
8859 35 71 0.378
8859 105 65 0.2677
8894 35 73 0.4173
8929 35 77 0.4016
8964 52 65 0.3071
8964 52 71 0.3071
8964 13 75 0.4173
8977 13 77 0.3622
8991 26 75 0.3622
9017 52 61 0.315
9017 52 65 0.315
9017 52 71 0.315
9017 52 73 0.4016
9070 158 58 0.2205
9070 35 61 0.378
9070 158 70 0.2677
9105 35 63 0.4173
9140 35 65 0.4016
9175 8 63 0.4331
9184 8 65 0.3858
9193 17 63 0.4252
9210 35 61 0.3701
9228 52 70 0.4173
9245 35 66 0.315
9281 105 71 0.2677
9281 35 66 0.378
9316 35 65 0.4094
9351 35 63 0.378
9386 105 71 0.3622
9386 52 65 0.3622
9439 52 61 0.3622
9492 105 61 0.2677
9492 105 66 0.2677
9492 35 70 0.378
9527 35 71 0.4173
9562 35 72 0.4252
9597 105 66 0.2677
9597 35 73 0.4488
9619 13 77 0.3622
9632 35 75 0.4094
9667 28 73 0.378
9696 112 63 0.3071
9699 108 65 0.2677
9702 35 71 0.378
9738 35 73 0.4173
9773 35 77 0.4016
9808 26 66 0.3701
9808 13 75 0.4331
9821 13 77 0.378
9834 19 75 0.3701
9854 59 59 0.3386
9857 56 65 0.3386
9861 52 73 0.4016
9913 105 66 0.3465
9913 105 70 0.4094
9913 105 58 0.3465
10019 105 66 0.378
10019 105 60 0.378
10019 35 69 0.4882
10054 35 74 0.4488
10089 35 71 0.4331
10124 35 69 0.4488
10124 105 62 0.3465
10159 35 67 0.378
10195 35 74 0.378
10230 52 65 0.4016
10230 105 59 0.2992
10283 52 73 0.4173
10335 105 66 0.4094
10335 105 58 0.378
10441 52 64 0.4409
10441 105 57 0.4409
10441 35 66 0.5197
10476 35 69 0.4567
10493 52 63 0.4409
10511 35 67 0.4567
10546 52 57 0.4016
10546 35 66 0.4803
10581 35 64 0.4409
10599 52 56 0.4016
10616 35 71 0.4331
10652 105 55 0.3307
10652 52 64 0.3937
10652 105 61 0.3307
10704 52 65 0.3622
10757 28 62 0.2362
10757 28 54 0.2362
10757 28 66 0.4331
10792 28 55 0.315
10792 28 62 0.315
10792 28 66 0.4016
10827 21 56 0.2992
10827 21 62 0.2992
10827 21 66 0.378
10849 13 62 0.3543
10849 6 66 0.4331
10856 6 69 0.3858
10863 52 67 0.4567
10863 105 62 0.378
10915 39 66 0.4724
10955 171 54 0.2992
10961 164 62 0.2992
10968 158 69 0.4961
11021 52 74 0.2677
11021 52 78 0.315
11067 59 69 0.3543
11070 56 74 0.3543
11074 52 81 0.3937
11126 26 66 0.4409
11126 26 74 0.4961
11153 19 76 0.5512
11153 19 69 0.4409
11172 164 74 0.4094
11179 79 78 0.5906
11258 13 69 0.4803
11258 13 73 0.5276
11271 13 76 0.4331
11284 52 74 0.5512
11284 52 69 0.4882
11337 52 60 0.3386
11337 26 65 0.3386
11337 52 71 0.5039
11364 26 66 0.3386
11390 104 64 0.3701
11390 76 67 0.4409
11390 158 57 0.3701
11443 52 73 0.252
11443 52 76 0.252
11443 52 83 0.315
11495 56 73 0.2913
11495 59 71 0.2913
11495 52 79 0.3543
11548 52 62 0.3937
11548 26 67 0.4724
11548 26 64 0.3937
11574 26 66 0.3937
11574 26 69 0.4724
11601 79 67 0.4409
11601 79 71 0.5276
11680 26 69 0.4173
11680 26 73 0.4961
11706 52 76 0.5354
11706 52 73 0.4488
11759 52 74 0.4961
11759 52 71 0.4173
11812 52 71 0.4409
11812 13 74 0.5276
11825 13 76 0.4567
11838 26 74 0.4803
11865 105 69 0.3701
11865 105 73 0.4409
11970 26 73 0.4409
11970 26 76 0.5276
11996 26 67 0.3858
11996 26 71 0.4567
12023 79 71 0.4252
12023 79 74 0.5039
12102 19 66 0.378
12102 19 69 0.4488
12128 52 69 0.4016
12128 52 73 0.4803
12181 52 67 0.4252
12181 52 64 0.3543
12234 52 61 0.3543
12234 52 65 0.3858
12234 52 71 0.4567
12286 105 62 0.3543
12286 105 69 0.4252
12286 105 66 0.3543
12392 52 74 0.5512
12392 52 62 0.4803
12445 105 74 0.4882
12445 35 64 0.4882
12480 35 65 0.4409
12515 35 69 0.4409
12550 35 74 0.4567
12550 105 67 0.5197
12550 52 72 0.4567
12585 35 74 0.4882
12603 52 70 0.4567
12620 35 76 0.5039
12656 35 79 0.5197
12656 105 69 0.5197
12691 35 77 0.5039
12726 35 72 0.4803
12761 8 69 0.3701
12770 8 70 0.3071
12779 17 69 0.4646
12796 35 67 0.4803
12831 35 65 0.4567
12866 140 70 0.4882
12866 35 61 0.5354
12902 35 62 0.4488
12937 35 66 0.4646
12972 52 69 0.4567
12972 105 64 0.5197
13007 35 70 0.4882
13025 52 67 0.4567
13042 35 73 0.5197
13077 35 76 0.5197
13077 105 66 0.5197
13113 35 74 0.5039
13148 35 65 0.4803
13183 52 62 0.4724
13183 28 66 0.4646
13211 6 69 0.3071
13218 35 67 0.4803
13236 52 64 0.3937
13253 35 66 0.4567
13288 210 63 0.3622
13288 210 57 0.3622
13288 35 66 0.4252
13323 35 67 0.3858
13359 35 69 0.3858
13394 52 67 0.4094
13447 52 66 0.3937
13499 105 62 0.3622
13499 105 57 0.3622
13499 35 66 0.4252
13534 35 71 0.4094
13570 35 66 0.4016
13605 105 62 0.3307
13605 105 56 0.3307
13605 140 64 0.3937
13710 35 55 0.3937
13710 35 59 0.3937
13745 35 58 0.3937
13745 35 61 0.3937
13745 35 67 0.3937
13780 21 57 0.3937
13780 21 61 0.3937
13780 21 66 0.3622
13802 54 57 0.3307
13802 54 61 0.3307
13802 6 66 0.315
13809 6 67 0.2835
13816 41 66 0.3937
13858 62 55 0.3071
13862 59 61 0.3071
13865 56 64 0.3543
13868 52 69 0.4331
13921 105 54 0.252
13921 105 62 0.252
13921 79 69 0.2992
14000 131 69 0.2598
14027 105 74 0.3071
14027 105 81 0.3071
14132 105 54 0.252
14132 105 62 0.252
14132 79 66 0.2992
14211 131 69 0.2598
14238 105 74 0.3071
14238 105 81 0.3071
14343 105 54 0.2126
14343 105 62 0.2598
14343 105 66 0.2598
14448 105 66 0.2598
14448 105 74 0.2598
14448 105 78 0.3071
14554 210 86 0.2913
14554 210 78 0.2913
14554 210 74 0.2598
0 158 38 0.4173
0 158 50 0.4173
158 52 33 0.4016
158 52 45 0.4016
210 158 38 0.4252
210 158 50 0.4252
369 52 33 0.3858
369 52 45 0.3858
421 105 38 0.3465
421 105 50 0.3465
514 13 56 0.3228
527 52 57 0.3543
580 52 45 0.3543
632 105 38 0.3071
632 105 45 0.3071
725 13 56 0.3622
738 52 57 0.3937
791 52 45 0.3622
843 105 38 0.3307
843 105 45 0.3858
936 13 56 0.3228
949 52 57 0.3622
1001 52 45 0.2992
1001 52 51 0.3307
1054 105 38 0.2756
1054 105 45 0.2756
1054 105 52 0.3307
1146 13 56 0.3386
1160 52 57 0.3701
1212 52 45 0.3543
1265 105 38 0.2992
1265 105 45 0.2992
1265 105 49 0.3543
1357 13 56 0.3622
1371 52 57 0.4094
1423 52 45 0.3543
1476 105 38 0.2992
1476 105 45 0.2992
1476 105 52 0.3543
1568 13 56 0.3622
1582 52 57 0.4094
1634 52 45 0.3543
1687 105 38 0.2992
1687 105 45 0.2992
1687 105 49 0.3543
1779 13 56 0.3622
1792 52 57 0.4094
1845 52 45 0.3543
1898 105 38 0.3228
1898 105 45 0.3228
1898 105 50 0.3858
1990 13 56 0.3543
2003 105 57 0.378
2039 35 68 0.378
2039 35 65 0.378
2074 35 67 0.378
2074 35 64 0.378
2109 105 38 0.3465
2109 105 45 0.3465
2188 8 54 0.3228
2197 8 55 0.3228
2206 8 56 0.3228
2214 52 57 0.3543
2267 52 45 0.3543
2320 105 38 0.3071
2320 105 45 0.3071
2399 13 69 0.2913
2412 64 74 0.2756
2415 62 78 0.3071
2478 105 45 0.3622
2531 158 38 0.3307
2583 52 46 0.3858
2636 52 47 0.3622
2689 52 48 0.3307
2689 52 38 0.2992
2742 158 38 0.2756
2742 158 49 0.3307
2821 13 69 0.2913
2834 65 76 0.2756
2837 62 79 0.3071
2900 52 45 0.3543
2953 105 49 0.3543
2953 105 45 0.2992
2953 105 38 0.2992
3032 8 54 0.3228
3040 8 55 0.3228
3049 8 56 0.3228
3058 52 57 0.4094
3111 52 45 0.3543
3164 158 38 0.2992
3164 158 52 0.3543
3164 158 45 0.2992
3243 13 69 0.2913
3256 65 76 0.2756
3259 62 79 0.3071
3322 52 45 0.3543
3374 105 49 0.3543
3374 105 38 0.2992
3374 105 45 0.2992
3454 8 54 0.3228
3462 8 55 0.3228
3471 8 56 0.3228
3480 52 57 0.4094
3533 52 45 0.3543
3585 158 38 0.3228
3585 158 45 0.3228
3585 158 50 0.3858
3664 13 69 0.2913
3678 65 74 0.2756
3681 62 78 0.3071
3744 52 46 0.3543
3744 52 38 0.2913
3796 79 47 0.4094
3796 79 35 0.4094
3875 79 47 0.2441
3902 52 52 0.2441
3902 52 58 0.2441
3955 52 64 0.4094
3955 52 67 0.4094
3955 52 71 0.4803
3955 52 59 0.2441
4007 35 35 0.378
4007 35 47 0.378
4042 35 59 0.4094
4078 35 58 0.4094
4113 52 57 0.3543
4165 39 56 0.3543
4218 79 47 0.4094
4218 79 35 0.4094
4297 79 47 0.2441
4324 52 53 0.2441
4324 52 59 0.2441
4376 52 61 0.4094
4376 52 71 0.4724
4376 52 67 0.4094
4429 35 47 0.378
4464 35 53 0.378
4499 28 54 0.378
4528 59 47 0.3228
4535 98 62 0.3858
4587 46 40 0.3228
4633 50 45 0.3701
4640 52 61 0.4409
4693 52 46 0.3307
4693 52 52 0.3937
4746 52 47 0.3465
4746 52 57 0.4094
4798 52 50 0.3071
4798 105 56 0.3701
4851 105 49 0.3937
4904 52 57 0.4094
4956 105 54 0.378
5009 52 81 0.4173
5062 105 47 0.2835
5062 105 53 0.2835
5115 52 81 0.4173
5167 105 76 0.5197
5203 35 52 0.3307
5238 35 40 0.3858
5273 158 45 0.3701
5308 35 56 0.3858
5343 35 57 0.3701
5378 52 55 0.3307
5484 105 38 0.3465
5484 87 45 0.3465
5563 26 45 0.3228
5572 8 50 0.3228
5580 8 57 0.3228
5589 52 62 0.3228
5589 52 69 0.3543
5642 46 57 0.3543
5660 17 50 0.3543
5677 10 45 0.3543
5688 112 38 0.3071
5691 108 45 0.3071
5695 105 54 0.3071
5774 13 69 0.2913
5787 64 74 0.2756
5790 62 78 0.3071
5853 17 57 0.3937
5870 17 50 0.3937
5888 105 45 0.3937
5906 105 38 0.3307
5985 26 45 0.3228
5994 8 50 0.3228
6002 8 57 0.3228
6011 52 62 0.2992
6011 52 69 0.3622
6064 46 57 0.4173
6081 17 51 0.4173
6099 10 45 0.4173
6110 112 38 0.3228
6113 108 45 0.3228
6117 105 52 0.3858
6196 13 69 0.2913
6209 65 76 0.2756
6212 62 79 0.3071
6275 52 62 0.3701
6292 17 52 0.3701
6310 17 47 0.3701
6328 52 38 0.4016
6345 17 47 0.4252
6363 17 52 0.4409
6380 52 61 0.4646
6433 52 59 0.4567
6451 17 55 0.4094
6468 17 47 0.4094
6486 26 38 0.3858
6486 26 26 0.315
6512 26 40 0.4016
6512 26 28 0.3386
6538 52 42 0.4488
6538 52 30 0.378
6591 83 58 0.3622
6609 17 52 0.4016
6626 17 54 0.4646
6644 52 66 0.4724
6697 17 67 0.4724
6714 17 66 0.3858
6732 17 65 0.3937
6749 52 64 0.4409
6767 17 59 0.4016
6785 17 52 0.4016
6802 52 42 0.4567
6855 52 30 0.4567
6881 26 42 0.3701
6908 26 44 0.3701
6908 26 32 0.3071
6934 26 46 0.3937
6934 26 34 0.3307
6960 158 47 0.4252
6960 158 35 0.3543
7039 26 54 0.3622
7066 52 59 0.2677
7066 52 66 0.3937
7119 52 54 0.3622
7171 79 47 0.3386
7171 79 55 0.4016
7250 26 55 0.3543
7277 52 59 0.3386
7277 52 61 0.3937
7329 52 52 0.3701
7382 158 47 0.3858
7417 35 53 0.3937
7452 35 54 0.4173
7474 13 57 0.4016
7488 52 55 0.4331
7540 52 47 0.3071
7540 52 54 0.3937
7593 79 47 0.3386
7593 79 55 0.4016
7672 26 55 0.3543
7699 52 61 0.3386
7699 52 59 0.3386
7699 52 67 0.3937
7751 52 55 0.3701
7804 158 47 0.3858
7839 35 53 0.3937
7874 35 54 0.4173
7896 13 57 0.4016
7910 52 55 0.4331
7962 52 54 0.3937
7962 52 45 0.3071
8015 79 44 0.4016
8094 26 54 0.3543
8120 52 56 0.3386
8120 52 66 0.3937
8173 52 48 0.2913
8173 52 57 0.3701
8226 35 37 0.3858
8261 35 48 0.378
8296 35 49 0.4016
8318 13 53 0.3858
8331 52 51 0.4094
8384 52 49 0.378
8437 52 59 0.3543
8437 52 54 0.3543
8490 52 44 0.3543
8542 35 37 0.3937
8577 35 49 0.315
8613 35 61 0.315
8648 210 42 0.3858
8683 35 48 0.3937
8718 35 49 0.4173
8740 13 53 0.4016
8753 52 51 0.4331
8806 52 49 0.3937
8859 158 49 0.2992
8859 158 56 0.3543
8859 158 42 0.2992
8938 19 73 0.2835
8958 59 80 0.2677
8961 56 83 0.3071
8964 52 85 0.3307
9017 52 42 0.2205
9017 52 49 0.2205
9017 52 56 0.2598
9070 158 54 0.3543
9070 158 49 0.2992
9070 158 42 0.2992
9149 19 73 0.2362
9169 59 78 0.315
9172 56 82 0.3622
9175 52 85 0.378
9228 52 42 0.2205
9228 52 54 0.2598
9228 52 49 0.2205
9281 158 42 0.2992
9281 158 49 0.2992
9281 158 56 0.3543
9360 19 73 0.2835
9379 59 80 0.2677
9383 56 83 0.3071
9386 52 85 0.3307
9439 52 42 0.2205
9439 52 49 0.2205
9439 52 56 0.2598
9492 52 42 0.2992
9492 52 49 0.2992
9492 158 54 0.3543
9571 26 49 0.315
9597 52 57 0.378
9650 46 49 0.2205
9650 46 58 0.2913
9702 105 42 0.2992
9702 105 49 0.2992
9702 105 56 0.3543
9755 52 61 0.2835
9808 52 60 0.2992
9808 52 49 0.252
9861 52 56 0.2598
9861 52 42 0.2205
9861 52 49 0.2205
9913 105 42 0.2992
9913 105 49 0.2992
9913 105 54 0.3543
10019 105 38 0.2756
10019 105 50 0.2756
10124 105 43 0.252
10124 105 50 0.2992
10124 52 60 0.2992
10177 52 59 0.2677
10230 52 44 0.2756
10230 105 49 0.2756
10283 52 37 0.2598
10335 105 49 0.2913
10335 105 42 0.2913
10441 52 36 0.2756
10441 52 48 0.2756
10493 52 35 0.2756
10493 105 47 0.2756
10547 105 40 0.3543
10599 52 50 0.2677
10652 105 45 0.2756
10652 105 33 0.2756
10757 105 26 0.2598
10757 105 38 0.3228
10836 8 54 0.3228
10845 8 55 0.3228
10854 8 56 0.3228
10863 52 57 0.3543
10915 52 45 0.3543
10968 158 45 0.3071
10968 158 38 0.3071
11047 13 57 0.2913
11060 65 62 0.2756
11064 62 66 0.3071
11126 105 45 0.3622
11179 158 38 0.3307
11232 26 54 0.3465
11232 26 62 0.3937
11258 19 64 0.4409
11258 19 57 0.3465
11278 59 62 0.3228
11284 52 66 0.4094
11337 52 51 0.2992
11337 52 57 0.3307
11390 158 45 0.2756
11390 158 52 0.3307
11390 158 38 0.2756
11469 26 67 0.2756
11495 52 64 0.2756
11495 52 57 0.2362
11548 158 45 0.3543
11601 105 38 0.2992
11601 52 61 0.3543
11654 52 59 0.3307
11706 52 57 0.4094
11759 52 56 0.378
11759 52 45 0.3543
11812 105 55 0.3543
11838 79 45 0.2992
11865 158 38 0.3228
11891 26 43 0.3543
11917 105 45 0.4016
11970 26 52 0.3543
11996 26 54 0.3543
12023 79 55 0.3543
12049 26 45 0.2992
12075 52 38 0.2992
12102 26 57 0.3543
12128 52 59 0.4094
12181 52 61 0.3543
12234 79 38 0.3228
12313 26 45 0.3228
12339 52 57 0.3858
12392 26 54 0.3543
12392 52 45 0.2913
12418 26 50 0.3543
12445 79 34 0.3701
12445 79 46 0.4409
12524 166 53 0.378
12550 52 62 0.5197
12603 52 61 0.4488
12656 105 60 0.5276
12691 35 41 0.4882
12726 35 57 0.378
12761 52 60 0.5197
12814 52 61 0.4331
12866 79 43 0.3701
12866 79 50 0.4409
12946 210 50 0.378
12972 52 60 0.5039
13025 52 58 0.4094
13077 105 57 0.4803
13156 131 38 0.378
13183 52 45 0.4724
13236 52 36 0.3071
13236 52 46 0.3937
13288 158 47 0.3307
13288 158 35 0.2913
13367 26 72 0.3701
13394 52 81 0.3543
13394 52 84 0.4173
13394 52 75 0.3543
13447 52 72 0.3622
13499 158 40 0.2913
13499 158 47 0.3307
13578 26 71 0.3701
13605 52 76 0.3543
13605 52 83 0.4173
13605 52 74 0.3543
13657 52 40 0.3622
13710 158 33 0.2992
13710 158 45 0.3386
13789 26 69 0.3701
13816 52 81 0.4173
13868 52 33 0.2756
13868 52 45 0.315
13921 105 26 0.252
13921 105 38 0.2992
14027 52 66 0.2598
14027 52 62 0.2205
14079 158 45 0.2756
14132 105 38 0.2992
14238 52 66 0.2598
14238 52 62 0.2205
14290 158 45 0.2756
14343 105 38 0.1969
14448 105 50 0.1654
14448 105 57 0.1969
14554 210 62 0.2126
14554 210 69 0.2441
