0 110 75 0.5354
0 110 79 0.6299
0 110 63 0.4016
0 110 67 0.4724
110 82 75 0.5354
110 82 79 0.6299
110 82 63 0.4016
110 82 67 0.4724
192 27 72 0.5669
192 27 60 0.4252
220 82 75 0.5354
220 82 79 0.6299
220 82 63 0.4016
220 82 67 0.4724
302 27 70 0.5669
302 27 58 0.4252
330 55 75 0.5827
330 55 79 0.6929
330 55 63 0.4409
330 55 67 0.5197
385 13 67 0.5984
385 13 55 0.4488
398 13 70 0.5354
398 13 58 0.4016
412 13 74 0.6378
412 13 62 0.4803
440 27 79 0.6929
440 27 75 0.5827
440 27 67 0.5197
440 27 63 0.4331
467 13 63 0.5827
467 13 51 0.4331
481 13 67 0.5984
481 13 55 0.4409
495 13 70 0.6929
495 13 58 0.5197
522 13 72 0.6378
522 13 60 0.4803
550 27 75 0.6142
550 27 79 0.7244
550 27 63 0.4567
550 27 67 0.5433
577 13 60 0.685
577 13 48 0.5039
591 13 63 0.6929
591 13 51 0.5118
605 13 67 0.7559
605 13 55 0.5669
632 13 70 0.811
632 13 58 0.685
632 13 39 0.6063
632 13 27 0.5118
660 82 79 0.8819
660 82 75 0.7402
660 82 70 0.7402
660 82 67 0.7402
660 55 58 0.6535
660 41 55 0.5512
660 41 51 0.5512
660 82 46 0.5512
687 41 55 0.3071
687 41 51 0.2598
701 41 58 0.2362
715 27 55 0.3228
715 27 51 0.2677
728 13 58 0.2362
742 13 56 0.378
742 13 53 0.315
742 13 34 0.2362
756 13 58 0.2362
770 13 55 0.3228
770 13 51 0.2677
770 82 39 0.3228
770 110 46 0.3228
783 13 58 0.2362
797 13 51 0.2598
797 13 55 0.3071
811 13 58 0.2362
825 13 55 0.315
825 13 51 0.2677
838 13 58 0.2362
852 13 53 0.3071
852 13 56 0.3701
852 13 34 0.2362
866 13 58 0.2362
880 13 55 0.3228
880 13 51 0.2677
880 55 39 0.3228
880 110 46 0.3228
893 13 58 0.2362
907 13 51 0.2598
907 13 55 0.3071
921 13 58 0.2362
935 13 55 0.315
935 13 51 0.2677
935 13 34 0.2362
948 13 58 0.2362
962 13 53 0.3071
962 13 56 0.3701
962 13 38 0.2362
976 13 58 0.2362
990 13 55 0.3228
990 13 51 0.2677
990 82 39 0.3228
990 110 46 0.3228
1003 13 58 0.2362
1017 13 51 0.2598
1017 13 55 0.3071
1031 13 58 0.2362
1045 13 55 0.315
1045 13 51 0.2677
1058 13 58 0.2362
1072 13 53 0.3071
1072 13 56 0.3701
1072 13 34 0.2362
1086 13 58 0.2362
1100 13 51 0.2677
1100 13 55 0.3228
1100 220 27 0.3228
1100 54 39 0.3228
1113 13 58 0.2598
1127 13 55 0.3465
1127 13 51 0.2913
1127 13 46 0.4016
1141 13 63 0.3071
1155 13 56 0.3543
1155 13 53 0.2992
1155 82 51 0.5354
1155 82 39 0.4409
1168 13 63 0.3228
1182 13 55 0.2992
1182 13 58 0.3543
1196 13 63 0.315
1210 13 56 0.3071
1210 13 60 0.3622
1223 13 63 0.3307
1237 13 58 0.315
1237 13 62 0.3858
1237 13 51 0.4173
1251 13 70 0.3386
1251 13 55 0.4094
1265 13 63 0.4094
1265 13 60 0.3465
1265 55 58 0.622
1265 55 46 0.5354
1278 13 70 0.3465
1292 13 65 0.4252
1292 13 62 0.3543
1306 13 70 0.3937
1320 13 67 0.4488
1320 13 63 0.3701
1320 110 27 0.3701
1320 110 39 0.3701
1334 13 70 0.3937
1347 13 67 0.4803
1347 13 63 0.4016
1347 13 58 0.4646
1361 13 75 0.4173
1375 13 68 0.4882
1375 13 65 0.4094
1375 82 63 0.6142
1375 82 51 0.4961
1389 13 75 0.4488
1402 13 67 0.4173
1402 13 70 0.4961
1416 13 75 0.4488
1430 13 72 0.5039
1430 13 68 0.4173
1444 13 75 0.4646
1457 13 70 0.4488
1457 13 74 0.5276
1457 13 63 0.4724
1471 13 82 0.5039
1471 13 67 0.4724
1485 13 75 0.5748
1485 13 72 0.4803
1485 96 70 0.7087
1485 275 58 0.6142
1499 13 82 0.5276
1512 13 77 0.5827
1512 13 74 0.4882
1526 13 82 0.5354
1540 13 79 0.6457
1540 13 75 0.5433
1554 13 82 0.4646
1567 13 77 0.4173
1567 13 74 0.2677
1567 68 70 0.2677
1581 13 78 0.3386
1581 13 84 0.4016
1595 13 75 0.4409
1595 13 79 0.5197
1609 13 80 0.3858
1609 13 82 0.4567
1622 13 77 0.4016
1622 13 74 0.2441
1622 68 70 0.2441
1636 13 78 0.315
1636 13 84 0.378
1650 13 79 0.5512
1650 13 75 0.3937
1664 13 82 0.5039
1664 13 80 0.4252
1677 13 77 0.4488
1677 13 74 0.378
1677 68 70 0.378
1691 13 78 0.3543
1691 13 84 0.4331
1705 13 75 0.4173
1705 13 79 0.5748
1719 13 80 0.4094
1719 13 82 0.4803
1732 13 77 0.4724
1732 13 74 0.4016
1732 27 70 0.4016
1746 13 78 0.4016
1746 13 84 0.4803
1760 27 75 0.4567
1760 27 79 0.7165
1787 13 82 0.6299
1787 13 79 0.5354
1787 13 75 0.5354
1787 13 70 0.5354
1787 13 67 0.5039
1787 13 58 0.4252
1815 13 82 0.6299
1815 13 79 0.5354
1815 13 75 0.5354
1815 13 70 0.5354
1815 13 67 0.5039
1815 13 63 0.4252
1842 13 82 0.6299
1842 13 79 0.5354
1842 13 75 0.5354
1842 13 70 0.5354
1842 13 67 0.5039
1870 27 75 0.6063
1870 27 79 0.6063
1870 27 82 0.7165
1870 27 70 0.5512
1925 27 79 0.6063
1925 27 82 0.7165
1925 27 75 0.5512
1980 220 82 0.7165
1980 220 79 0.5984
2200 110 79 0.5354
2200 110 82 0.6299
2200 110 67 0.4016
2200 110 70 0.4724
2310 82 79 0.5354
2310 82 82 0.6299
2310 82 67 0.4016
2310 82 70 0.4724
2392 27 75 0.5669
2392 27 63 0.4252
2420 82 79 0.5354
2420 82 82 0.6299
2420 82 67 0.4016
2420 82 70 0.4724
2502 27 74 0.5669
2502 27 62 0.4252
2530 55 79 0.5827
2530 55 82 0.6929
2530 55 67 0.4409
2530 55 70 0.5197
2585 13 70 0.5984
2585 13 58 0.4488
2599 13 74 0.5354
2599 13 62 0.4016
2612 13 77 0.6378
2612 13 65 0.4803
2640 27 82 0.6929
2640 27 79 0.5827
2640 27 70 0.5197
2640 27 67 0.4331
2668 13 67 0.5827
2668 13 55 0.4331
2681 13 70 0.5984
2681 13 58 0.4409
2695 13 74 0.6929
2695 13 62 0.5197
2723 13 75 0.6378
2723 13 63 0.4803
2750 27 79 0.6142
2750 27 82 0.7244
2750 27 67 0.4567
2750 27 70 0.5433
2778 13 63 0.685
2778 13 51 0.5039
2791 13 67 0.6929
2791 13 55 0.5118
2805 13 70 0.7559
2805 13 58 0.5669
2833 13 74 0.811
2833 13 62 0.685
2833 13 43 0.6063
2833 13 31 0.5118
2860 55 83 0.8819
2860 55 79 0.7402
2860 55 74 0.7402
2860 55 71 0.7402
2860 55 62 0.6535
2860 55 59 0.5512
2860 55 55 0.5512
2860 55 50 0.5512
2915 55 50 0.4961
2915 55 38 0.4173
2970 55 52 0.5512
2970 55 40 0.4646
2998 13 67 0.4094
2998 13 59 0.3465
3025 13 59 0.3622
3025 13 67 0.4331
3025 13 50 0.4961
3025 13 38 0.4173
3053 13 69 0.3622
3053 13 67 0.3071
3053 13 64 0.3071
3053 13 48 0.4646
3053 13 36 0.3937
3080 13 71 0.4016
3080 13 67 0.3386
3080 13 62 0.3386
3080 27 47 0.4961
3080 27 35 0.4173
3108 13 64 0.2835
3108 13 62 0.2362
3108 13 55 0.2362
3135 13 64 0.2835
3135 13 62 0.2362
3135 13 55 0.2362
3135 27 45 0.4331
3135 27 33 0.3622
3163 13 66 0.2756
3163 13 62 0.2283
3163 13 60 0.2283
3190 27 59 0.2441
3190 27 62 0.2441
3190 27 67 0.2913
3190 82 43 0.4646
3190 82 31 0.3937
3218 13 59 0.3071
3218 13 55 0.2598
3231 13 62 0.2362
3245 13 59 0.3228
3245 13 55 0.2677
3259 13 62 0.2362
3273 13 60 0.378
3273 13 57 0.315
3273 13 38 0.2362
3286 13 62 0.2362
3300 13 59 0.3228
3300 13 55 0.2677
3300 55 43 0.3228
3300 110 50 0.3228
3314 13 62 0.2362
3328 13 55 0.2598
3328 13 59 0.3071
3341 13 62 0.2362
3355 13 59 0.315
3355 13 55 0.2677
3355 13 38 0.2362
3369 13 62 0.2362
3383 13 57 0.3071
3383 13 60 0.3701
3383 13 42 0.2362
3396 13 62 0.2362
3410 13 59 0.3228
3410 13 55 0.2677
3410 82 43 0.3228
3410 110 50 0.3228
3424 13 62 0.2362
3438 13 55 0.2598
3438 13 59 0.3071
3451 13 62 0.2362
3465 13 59 0.315
3465 13 55 0.2677
3479 13 62 0.2362
3493 13 57 0.3071
3493 13 60 0.3701
3493 13 38 0.2362
3506 13 62 0.2362
3520 13 59 0.3228
3520 13 55 0.2677
3520 55 43 0.3228
3520 110 50 0.3228
3534 13 62 0.2362
3548 13 55 0.2598
3548 13 59 0.3071
3561 13 62 0.2362
3575 13 59 0.315
3575 13 55 0.2677
3575 13 35 0.3701
3589 13 62 0.2362
3589 13 38 0.2992
3603 13 57 0.3071
3603 13 60 0.3701
3603 13 42 0.378
3616 13 62 0.2362
3630 13 55 0.2677
3630 13 59 0.3228
3630 220 31 0.3228
3630 54 43 0.3228
3644 13 62 0.2598
3658 13 59 0.3465
3658 13 55 0.2913
3658 13 50 0.4016
3671 13 67 0.3071
3685 13 60 0.3543
3685 13 57 0.2992
3685 82 55 0.5354
3685 82 43 0.4409
3699 13 67 0.3228
3713 13 59 0.2992
3713 13 62 0.3543
3726 13 67 0.315
3740 13 60 0.3071
3740 13 64 0.3622
3754 13 67 0.3307
3768 13 62 0.315
3768 13 66 0.3858
3768 13 55 0.4173
3781 13 74 0.3386
3781 13 59 0.4094
3795 13 67 0.4094
3795 13 64 0.3465
3795 55 62 0.622
3795 55 50 0.5354
3809 13 74 0.3465
3823 13 69 0.4252
3823 13 66 0.3543
3836 13 74 0.3937
3850 13 71 0.4488
3850 13 67 0.3701
3850 110 31 0.3701
3850 110 43 0.3701
3864 13 74 0.3937
3878 13 71 0.4803
3878 13 67 0.4016
3878 13 50 0.4016
3878 13 62 0.4646
3891 13 79 0.4173
3905 13 72 0.4882
3905 13 69 0.4094
3905 82 67 0.6142
3905 82 55 0.4961
3919 13 79 0.4488
3933 13 71 0.4173
3933 13 74 0.4961
3947 13 79 0.4488
3960 13 76 0.5039
3960 13 72 0.4173
3974 13 79 0.4646
3988 13 74 0.4488
3988 13 78 0.5276
3988 13 67 0.4724
4002 13 86 0.5039
4002 13 71 0.4724
4015 13 79 0.5748
4015 13 76 0.4803
4015 96 74 0.7087
4015 275 62 0.6142
4029 13 86 0.5276
4043 13 81 0.5827
4043 13 78 0.4882
4057 13 86 0.5354
4070 13 83 0.6457
4070 13 79 0.5433
4084 13 86 0.4646
4098 13 81 0.4173
4098 13 78 0.2677
4098 68 74 0.2677
4112 13 82 0.3386
4112 13 88 0.4016
4125 13 79 0.4409
4125 13 83 0.5197
4139 13 84 0.3858
4139 13 86 0.4567
4153 13 81 0.4016
4153 13 78 0.2441
4153 68 74 0.2441
4167 13 82 0.315
4167 13 88 0.378
4180 13 83 0.5512
4180 13 79 0.3937
4194 13 86 0.5039
4194 13 84 0.4252
4208 13 81 0.4488
4208 13 78 0.378
4208 68 74 0.378
4222 13 82 0.3543
4222 13 88 0.4331
4235 13 79 0.4173
4235 13 83 0.5748
4249 13 84 0.4094
4249 13 86 0.4803
4263 13 81 0.4724
4263 13 78 0.4016
4263 27 74 0.4016
4277 13 82 0.4016
4277 13 88 0.4803
4290 27 79 0.4567
4290 27 83 0.7165
4318 13 86 0.6299
4318 13 83 0.5354
4318 13 79 0.5354
4318 13 74 0.5354
4318 13 71 0.5039
4318 13 62 0.4252
4345 13 86 0.6299
4345 13 83 0.5354
4345 13 79 0.5354
4345 13 74 0.5354
4345 13 71 0.5039
4345 13 67 0.4252
4373 13 86 0.6299
4373 13 83 0.5354
4373 13 79 0.5354
4373 13 74 0.5354
4373 13 71 0.5039
4400 27 79 0.6063
4400 27 83 0.6063
4400 27 86 0.7165
4400 27 74 0.5512
4455 27 83 0.6063
4455 27 86 0.7165
4455 27 79 0.5512
4510 165 86 0.7165
4510 165 83 0.5984
4675 13 79 0.3543
4675 13 83 0.4252
4689 13 81 0.3701
4689 13 84 0.4409
4703 13 82 0.4016
4703 13 85 0.4724
4717 13 83 0.4094
4717 13 86 0.4882
4730 13 84 0.4252
4730 13 87 0.4252
4730 13 91 0.5039
4785 13 74 0.2835
4785 13 79 0.2835
4785 13 83 0.3386
4785 13 71 0.3071
4785 13 67 0.2598
4840 55 75 0.3228
4840 110 80 0.3228
4840 110 84 0.3858
4840 110 72 0.3701
4840 110 68 0.3071
4840 55 65 0.3071
4895 13 74 0.3465
4895 13 62 0.3071
4909 13 75 0.378
4909 13 63 0.315
4923 13 77 0.4094
4923 13 65 0.3228
4937 13 78 0.4252
4937 13 66 0.3307
4950 13 79 0.3701
4950 13 74 0.3701
4950 13 82 0.4409
4950 13 67 0.2913
4950 13 70 0.3465
5005 13 70 0.3307
5005 13 75 0.3307
5005 13 79 0.3937
5005 13 67 0.3228
5005 13 63 0.2677
5005 13 58 0.2677
5060 27 67 0.3307
5060 27 72 0.3307
5060 27 75 0.3937
5060 27 60 0.2677
5060 27 63 0.3228
5115 13 65 0.3307
5115 13 68 0.3937
5115 13 60 0.3307
5115 13 56 0.3307
5143 13 70 0.4409
5143 13 67 0.3701
5143 13 62 0.3701
5143 13 55 0.315
5143 13 58 0.378
5170 110 72 0.4961
5170 110 68 0.4173
5170 82 63 0.4173
5170 110 53 0.3543
5170 110 56 0.3543
5170 110 60 0.4252
5225 13 62 0.3622
5225 13 50 0.2598
5239 41 63 0.3701
5239 13 51 0.2913
5253 13 64 0.378
5253 13 52 0.3071
5267 13 65 0.4094
5267 13 53 0.3465
5281 55 66 0.4331
5281 55 54 0.3622
5336 110 62 0.3307
5336 110 67 0.3307
5336 110 70 0.3937
5336 110 58 0.3228
5336 13 55 0.2677
5391 13 50 0.2598
5446 13 67 0.2598
5446 13 61 0.2205
5446 13 58 0.2205
5446 13 55 0.2441
5446 13 51 0.2047
5501 110 72 0.3386
5501 110 68 0.2835
5501 110 63 0.2835
5501 110 60 0.2835
5501 110 56 0.3228
5501 110 51 0.2677
5501 110 44 0.2677
5611 110 67 0.2598
5611 110 60 0.2205
5611 110 55 0.2205
5611 110 52 0.252
5611 110 48 0.2126
5611 110 40 0.2126
5721 82 72 0.315
5721 82 68 0.2677
5721 82 63 0.2677
5721 82 60 0.2677
5721 82 56 0.2913
5721 82 51 0.2441
5721 82 44 0.2441
5803 13 39 0.2677
5803 13 51 0.315
5817 13 36 0.3228
5817 13 48 0.3858
5831 13 32 0.2677
5831 13 44 0.315
5858 13 44 0.3307
5858 13 32 0.2756
5886 13 32 0.2677
5886 13 44 0.3228
5913 27 51 0.2677
5913 27 63 0.3228
5913 13 56 0.3228
5913 13 41 0.3228
5927 13 58 0.378
5927 13 43 0.2598
5941 13 63 0.3858
5941 13 60 0.3228
5941 13 51 0.3228
5941 13 36 0.2677
5941 13 44 0.3228
5968 13 56 0.2677
5968 13 68 0.3228
5968 13 65 0.2677
5968 13 46 0.2677
5968 13 38 0.2205
5996 13 68 0.3543
5996 13 63 0.2992
5996 13 56 0.2992
5996 13 39 0.2677
5996 13 48 0.3228
6023 13 60 0.2677
6023 13 68 0.2677
6023 13 72 0.3228
6023 13 50 0.2677
6023 13 41 0.2205
6051 27 60 0.3307
6051 82 68 0.3307
6051 82 72 0.3937
6051 27 44 0.2677
6051 27 51 0.3228
6078 13 60 0.189
6078 13 62 0.2283
6078 13 53 0.2677
6078 13 48 0.2205
6092 13 55 0.2283
6106 13 60 0.189
6106 13 62 0.2283
6106 13 56 0.2992
6106 13 53 0.252
6133 27 51 0.2913
6133 27 63 0.3543
6133 13 56 0.3543
6133 13 41 0.3543
6147 13 58 0.4094
6147 13 43 0.2835
6161 13 63 0.4173
6161 13 60 0.3543
6161 13 51 0.3543
6161 13 36 0.2913
6161 13 44 0.3543
6188 13 56 0.2913
6188 13 68 0.3543
6188 13 65 0.2913
6188 13 46 0.2913
6188 13 38 0.2362
6216 13 68 0.3858
6216 13 63 0.3228
6216 13 56 0.3228
6216 13 39 0.2913
6216 13 48 0.3543
6243 13 60 0.2913
6243 13 68 0.2913
6243 13 72 0.3543
6243 13 50 0.2913
6243 13 41 0.2362
6271 27 60 0.3622
6271 82 68 0.3622
6271 82 72 0.4331
6271 27 44 0.2913
6271 27 51 0.3543
6298 13 60 0.2047
6298 13 62 0.2441
6298 13 53 0.2913
6298 13 48 0.2362
6312 13 55 0.2441
6326 13 60 0.2047
6326 13 62 0.2441
6326 13 56 0.3228
6326 13 53 0.2756
6353 13 68 0.4409
6353 13 74 0.4409
6353 13 62 0.4252
6353 13 53 0.4252
6367 13 70 0.4646
6367 13 56 0.378
6381 82 75 0.4882
6381 41 72 0.4882
6381 82 63 0.4488
6381 82 60 0.4488
6408 13 84 0.5276
6408 55 72 0.4488
6422 13 79 0.4961
6422 13 67 0.4016
6436 27 77 0.5512
6436 13 65 0.4488
6463 13 68 0.4409
6463 27 74 0.4409
6463 27 62 0.4094
6463 13 53 0.4252
6477 13 70 0.4646
6477 13 56 0.378
6491 82 75 0.4882
6491 41 72 0.4882
6491 82 63 0.4488
6491 82 60 0.4488
6518 13 84 0.5276
6518 55 72 0.4488
6532 13 79 0.4961
6532 13 67 0.4016
6546 27 77 0.5512
6546 13 65 0.4488
6573 13 68 0.4409
6573 27 74 0.4409
6573 27 62 0.4252
6573 13 53 0.4252
6587 13 70 0.4646
6587 13 56 0.378
6601 82 75 0.4882
6601 27 72 0.4882
6601 27 63 0.4488
6601 27 60 0.4488
6628 27 80 0.4882
6628 27 84 0.4882
6628 27 72 0.4882
6628 13 51 0.315
6642 13 56 0.3307
6656 27 72 0.5118
6656 27 80 0.5118
6656 27 84 0.5118
6656 13 60 0.3307
6670 13 63 0.3307
6683 27 85 0.5197
6683 27 84 0.5197
6683 27 80 0.5197
6683 27 73 0.5197
6683 13 65 0.3622
6697 13 67 0.3701
6711 27 85 0.5512
6711 27 84 0.5512
6711 27 80 0.5512
6711 27 73 0.5512
6711 13 68 0.4016
6725 13 70 0.4016
6738 27 86 0.5669
6738 27 84 0.5669
6738 27 80 0.5669
6738 27 74 0.5669
6738 13 72 0.4252
6752 13 75 0.4331
6766 27 86 0.6063
6766 27 84 0.6063
6766 27 80 0.6063
6766 13 77 0.4331
6780 13 79 0.4331
6793 27 87 0.622
6793 27 84 0.622
6793 13 80 0.4488
6807 13 82 0.4882
6821 27 87 0.7638
6821 27 84 0.5197
6876 41 63 0.6063
6876 41 72 0.6063
6876 41 67 0.6063
6876 41 75 0.7087
6876 41 60 0.4961
6876 41 55 0.4094
6876 41 51 0.4094
6876 41 48 0.4094
6931 55 63 0.7638
6931 55 51 0.5827
6986 55 59 0.5591
6986 55 63 0.5591
6986 55 67 0.5591
6986 55 71 0.6693
6986 55 43 0.4252
6986 55 47 0.4252
6986 55 51 0.4252
6986 55 55 0.5039
7041 55 51 0.6535
7041 82 39 0.5591
7096 55 75 0.5984
7096 55 72 0.5039
7096 55 67 0.5039
7096 55 63 0.5039
7096 55 60 0.5984
7096 41 55 0.5039
7096 55 51 0.5039
7096 55 48 0.5039
7123 13 43 0.3465
7123 27 55 0.4094
7137 13 39 0.4173
7137 13 51 0.4961
7151 13 36 0.3465
7151 13 48 0.4094
7178 13 48 0.4252
7178 13 36 0.3543
7206 13 36 0.3465
7206 13 48 0.4173
7233 27 55 0.2677
7233 27 67 0.3228
7233 13 60 0.3228
7233 13 45 0.3228
7247 13 62 0.378
7247 13 47 0.2598
7261 13 67 0.3858
7261 13 63 0.3228
7261 13 55 0.3228
7261 13 39 0.2677
7261 13 48 0.3228
7288 13 60 0.2677
7288 13 72 0.3228
7288 13 66 0.2677
7288 13 50 0.2677
7288 13 41 0.2205
7316 13 72 0.3543
7316 13 67 0.2992
7316 13 60 0.2992
7316 13 43 0.2677
7316 13 51 0.3228
7343 13 63 0.2677
7343 13 72 0.2677
7343 13 75 0.3228
7343 13 54 0.2677
7343 13 48 0.2205
7371 27 63 0.3307
7371 82 72 0.3307
7371 82 75 0.3937
7371 27 48 0.2677
7371 27 55 0.3228
7398 13 63 0.189
7398 13 65 0.2283
7398 13 59 0.2677
7398 13 51 0.2205
7412 13 55 0.2283
7426 13 63 0.189
7426 13 65 0.2283
7426 13 59 0.2992
7426 13 56 0.252
7453 27 54 0.315
7453 27 66 0.3858
7453 13 59 0.3858
7453 27 39 0.3543
7453 13 44 0.3858
7467 13 61 0.4488
7467 13 46 0.3071
7481 13 66 0.4646
7481 13 63 0.3937
7481 13 54 0.3937
7481 13 39 0.3228
7481 13 47 0.3937
7508 13 59 0.3307
7508 13 71 0.4016
7508 13 64 0.3307
7508 13 49 0.3307
7508 13 42 0.2677
7536 13 71 0.4488
7536 13 66 0.378
7536 13 59 0.378
7536 13 42 0.3386
7536 13 51 0.4173
7563 13 63 0.3465
7563 13 71 0.3465
7563 13 75 0.4252
7563 13 53 0.3465
7563 13 47 0.2835
7591 27 63 0.4409
7591 82 72 0.4409
7591 82 75 0.5276
7591 27 47 0.3543
7591 27 54 0.4331
7618 13 63 0.252
7618 13 65 0.3071
7618 13 51 0.3622
7618 13 59 0.2913
7632 13 55 0.3071
7646 13 63 0.2598
7646 13 65 0.3071
7646 13 59 0.4094
7646 13 56 0.3465
7673 13 71 0.4409
7673 13 77 0.5197
7673 13 65 0.4961
7673 13 59 0.4173
7687 13 73 0.5433
7687 13 61 0.4488
7701 82 71 0.4882
7701 82 78 0.5748
7701 41 75 0.4882
7701 82 59 0.4409
7701 82 66 0.5276
7701 82 63 0.4409
7728 13 87 0.6142
7728 41 75 0.5276
7742 13 82 0.5827
7742 13 70 0.4646
7756 13 87 0.6142
7756 27 80 0.5591
7756 27 75 0.5276
7756 13 68 0.5276
7783 13 71 0.4646
7783 27 77 0.5512
7783 13 59 0.4409
7783 27 65 0.5276
7797 13 73 0.5748
7797 13 61 0.4724
7811 82 71 0.5118
7811 82 78 0.6063
7811 41 75 0.5118
7811 82 59 0.4724
7811 82 66 0.5591
7811 82 63 0.4724
7838 13 87 0.6535
7838 41 75 0.5591
7852 13 82 0.6142
7852 13 70 0.4961
7866 13 87 0.6535
7866 27 80 0.5669
7866 27 75 0.5591
7866 13 68 0.5591
7894 13 71 0.5512
7894 27 77 0.5512
7894 13 59 0.5276
7894 27 65 0.5276
7907 13 73 0.5748
7907 13 61 0.4724
7921 55 71 0.5118
7921 55 78 0.6063
7921 55 75 0.5118
7921 55 59 0.4724
7921 55 66 0.5591
7921 55 63 0.4724
7949 13 62 0.4331
7949 13 74 0.5197
7962 13 63 0.4567
7962 13 75 0.5433
7976 13 66 0.4803
7976 13 78 0.5669
7990 13 68 0.4803
7990 13 80 0.5748
8004 13 71 0.4961
8004 13 83 0.5906
8017 13 75 0.5197
8017 13 87 0.6142
8031 13 78 0.6299
8031 13 90 0.7402
8059 13 56 0.5748
8059 13 44 0.4803
8072 13 59 0.5039
8072 13 47 0.4016
8086 13 63 0.6063
8086 13 51 0.5039
8114 13 66 0.5748
8114 13 54 0.4567
8141 27 71 0.5669
8141 27 59 0.4803
8169 13 75 0.6693
8169 13 63 0.5591
8169 13 55 0.5591
8169 13 43 0.4724
8196 82 79 0.6299
8196 82 75 0.5276
8196 82 67 0.5276
8196 55 71 0.5276
8196 55 63 0.5276
8196 55 59 0.4409
8196 55 53 0.4409
8196 55 55 0.4409
8251 55 72 0.6299
8251 27 48 0.4173
8251 27 51 0.4173
8251 27 55 0.4173
8251 27 60 0.4646
8279 13 67 0.4961
8279 13 79 0.5984
8279 13 39 0.4488
8279 13 51 0.4961
8306 82 71 0.5354
8306 82 75 0.5354
8306 82 79 0.5354
8306 82 83 0.6378
8306 55 55 0.4488
8306 55 61 0.4488
8306 55 67 0.4488
8306 55 63 0.5354
8361 27 44 0.4409
8361 27 51 0.4409
8361 27 56 0.4409
8361 27 59 0.4803
8389 13 83 0.6063
8389 13 71 0.5118
8389 13 47 0.5118
8389 13 35 0.4331
8416 82 87 0.7165
8416 55 83 0.6063
8416 82 75 0.6063
8416 82 79 0.6063
8416 55 67 0.6063
8416 55 63 0.5118
8416 55 57 0.5118
8416 55 59 0.5118
8471 27 84 0.685
8471 27 39 0.4803
8471 27 48 0.4803
8471 27 55 0.5276
8499 13 87 0.6063
8499 13 75 0.5118
8499 13 43 0.5118
8499 13 31 0.4331
8526 41 91 0.7717
8526 41 87 0.7717
8526 41 83 0.6535
8526 41 79 0.6535
8526 41 67 0.6535
8526 41 63 0.6535
8526 41 59 0.5512
8526 41 53 0.5512
8567 13 34 0.5591
8567 13 46 0.6614
8581 27 75 0.5748
8581 27 70 0.5748
8581 27 79 0.5748
8581 27 82 0.6772
8581 82 55 0.5354
8581 82 63 0.5354
8581 82 58 0.5354
8581 82 67 0.6299
8609 13 80 0.5118
8609 13 75 0.5118
8609 13 72 0.5118
8622 13 82 0.4803
8636 13 79 0.5433
8636 13 75 0.5433
8636 13 70 0.5433
8650 13 82 0.4724
8664 13 75 0.5039
8664 13 77 0.5039
8664 13 68 0.5039
8664 13 65 0.4961
8664 13 63 0.4173
8664 13 60 0.4173
8677 13 82 0.4488
8691 13 70 0.5512
8691 13 75 0.5512
8691 13 79 0.5512
8691 82 58 0.4409
8691 82 63 0.4409
8691 82 67 0.6693
8705 13 82 0.4488
8719 13 80 0.5039
8719 13 75 0.5039
8719 13 72 0.5039
8719 82 46 0.5669
8719 82 34 0.5669
8732 13 82 0.4488
8746 13 79 0.4882
8746 13 75 0.4882
8746 13 70 0.4882
8760 13 82 0.4252
8774 13 75 0.4961
8774 13 77 0.4961
8774 13 68 0.4961
8774 13 63 0.4409
8774 13 60 0.3701
8774 13 56 0.3701
8787 13 82 0.4331
8801 13 70 0.5512
8801 13 75 0.5512
8801 13 79 0.5512
8801 82 58 0.4409
8801 82 63 0.4409
8801 82 67 0.6693
8815 13 82 0.4488
8829 13 80 0.5039
8829 13 75 0.5039
8829 13 72 0.5039
8829 82 46 0.5669
8829 82 34 0.5669
8842 13 82 0.4488
8856 13 79 0.4882
8856 13 75 0.4882
8856 13 70 0.4882
8870 13 82 0.4252
8884 13 75 0.4961
8884 13 77 0.4961
8884 13 68 0.4961
8884 13 60 0.4409
8884 13 56 0.3701
8884 13 53 0.3701
8897 13 82 0.4331
8911 13 70 0.5512
8911 13 75 0.5512
8911 13 79 0.5512
8911 27 58 0.4409
8911 27 63 0.4409
8911 27 67 0.6693
8925 13 82 0.4488
8939 13 80 0.5039
8939 13 75 0.5039
8939 13 72 0.5039
8939 13 51 0.5118
8952 13 82 0.4488
8952 13 55 0.5591
8966 13 79 0.4882
8966 13 75 0.4882
8966 13 70 0.4882
8966 13 58 0.6299
8980 13 82 0.4252
8994 13 75 0.4961
8994 13 77 0.4961
8994 13 68 0.4961
8994 13 60 0.4409
8994 13 56 0.3701
8994 13 53 0.3701
9007 13 82 0.4331
9021 27 70 0.5512
9021 27 75 0.5512
9021 27 79 0.5512
9021 27 58 0.5197
9021 27 63 0.5197
9021 27 67 0.5827
9049 13 62 0.5512
9049 13 67 0.5512
9049 27 46 0.4409
9049 27 34 0.3701
9062 13 63 0.5512
9076 13 66 0.5512
9076 13 70 0.5512
9076 82 55 0.5512
9076 82 51 0.4646
9076 82 46 0.4646
9090 13 67 0.5512
9104 13 72 0.5512
9104 13 75 0.5512
9117 13 70 0.5512
9131 13 79 0.5512
9131 13 75 0.5512
9145 13 69 0.5512
9159 13 66 0.5512
9159 13 70 0.5512
9159 27 58 0.378
9159 27 55 0.378
9159 27 51 0.378
9173 13 67 0.5512
9186 13 72 0.5512
9186 13 75 0.5512
9186 82 55 0.4961
9186 82 58 0.4961
9186 82 63 0.5906
9200 13 70 0.5512
9214 13 75 0.5512
9214 13 79 0.5512
9228 13 74 0.5512
9241 27 82 0.5512
9241 27 79 0.5512
9241 27 75 0.5512
9269 13 74 0.5354
9269 13 79 0.5354
9269 27 67 0.4488
9269 27 63 0.378
9269 27 58 0.378
9283 13 75 0.4803
9296 13 78 0.5354
9296 13 82 0.5354
9296 27 67 0.4567
9296 27 63 0.3858
9296 27 58 0.3858
9310 13 79 0.4724
9324 13 87 0.5354
9324 13 84 0.5354
9324 27 70 0.4567
9324 27 67 0.3858
9324 27 63 0.3858
9338 13 82 0.4882
9351 13 91 0.5354
9351 13 87 0.5354
9351 27 63 0.4094
9351 27 67 0.4094
9351 27 70 0.4882
9365 13 81 0.4803
9379 13 78 0.5354
9379 13 82 0.5354
9379 27 75 0.4567
9379 27 70 0.3858
9379 27 67 0.3858
9393 13 79 0.4882
9406 13 87 0.5354
9406 13 84 0.5354
9406 27 75 0.4567
9406 27 70 0.3858
9406 27 67 0.3858
9420 13 82 0.4567
9434 13 87 0.5906
9434 13 91 0.5906
9434 27 70 0.4331
9434 27 75 0.4331
9434 27 79 0.5118
9448 13 86 0.5118
9461 27 94 0.685
9461 27 91 0.5748
9461 27 87 0.5748
9461 27 82 0.6614
9461 27 79 0.5591
9461 27 75 0.5591
9461 27 70 0.5591
9571 55 68 0.6535
9571 55 70 0.6535
9571 55 74 0.6535
9571 55 77 0.7874
9571 55 82 0.7874
9571 13 62 0.6142
9571 13 58 0.5118
9571 13 56 0.5118
9571 13 53 0.5118
9585 41 46 0.9213
9585 41 34 0.7717
9681 165 27 0.6693
9681 165 39 0.748
9681 55 51 0.748
9681 55 63 0.8189
9709 13 87 0.5512
9709 13 82 0.4646
9709 13 79 0.4646
9723 13 91 0.4961
9736 13 87 0.5512
9736 13 82 0.4646
9736 13 79 0.4646
9736 55 58 0.6929
9736 55 46 0.6929
9750 13 91 0.5118
9764 13 89 0.5512
9764 13 87 0.4646
9764 13 80 0.4646
9778 13 92 0.4961
9791 13 91 0.5512
9791 13 87 0.4646
9791 13 82 0.4646
9791 82 63 0.6929
9791 82 58 0.6929
9791 82 51 0.6929
9805 13 94 0.5039
9819 13 87 0.5512
9819 13 82 0.4646
9819 13 79 0.4646
9833 13 91 0.4961
9846 13 87 0.5512
9846 13 82 0.4646
9846 13 79 0.4646
9846 55 27 0.5984
9846 55 34 0.5984
9846 55 39 0.5984
9860 13 91 0.5118
9874 13 89 0.5512
9874 13 87 0.4646
9874 13 80 0.4646
9874 13 48 0.6063
9888 13 92 0.4961
9888 13 51 0.6614
9901 13 91 0.5512
9901 13 87 0.4646
9901 13 82 0.4646
9901 27 43 0.6929
9901 27 55 0.6929
9915 13 94 0.5039
9929 13 87 0.5512
9929 13 82 0.4646
9929 13 79 0.4646
9929 13 58 0.6063
9929 13 46 0.6063
9943 13 91 0.4961
9956 13 87 0.5512
9956 13 82 0.4646
9956 13 79 0.4646
9956 13 46 0.6378
9956 13 58 0.6378
9970 13 91 0.5118
9984 13 89 0.5512
9984 13 87 0.4646
9984 13 80 0.4646
9984 13 51 0.6063
9984 13 58 0.6063
9984 13 63 0.6063
9998 13 92 0.4961
10011 13 91 0.5512
10011 13 87 0.4646
10011 13 82 0.4646
10011 82 51 0.6929
10011 82 58 0.6929
10011 82 63 0.6929
10025 13 94 0.5039
10039 13 87 0.5512
10039 13 82 0.4646
10039 13 79 0.4646
10053 13 91 0.4961
10066 13 87 0.5512
10066 13 82 0.4646
10066 13 79 0.4646
10066 55 27 0.5984
10066 55 34 0.5984
10066 55 39 0.5984
10080 13 91 0.5118
10094 13 89 0.5512
10094 13 87 0.4646
10094 13 80 0.4646
10094 13 48 0.5433
10108 13 92 0.4961
10108 13 51 0.5591
10121 13 91 0.5512
10121 13 87 0.4646
10121 13 82 0.4646
10121 13 43 0.6063
10121 13 55 0.6063
10135 13 94 0.5039
10149 13 87 0.5512
10149 13 82 0.4646
10149 13 79 0.4646
10149 13 46 0.5433
10149 13 58 0.5433
10163 13 91 0.4961
10176 13 87 0.5512
10176 13 82 0.4646
10176 13 79 0.4646
10176 13 58 0.5512
10176 13 46 0.5512
10190 13 91 0.5118
10204 13 89 0.5512
10204 13 87 0.4646
10204 13 80 0.4646
10204 13 51 0.5197
10204 13 63 0.5197
10204 13 58 0.5197
10218 13 92 0.4961
10231 13 91 0.5512
10231 13 87 0.4646
10231 13 82 0.4646
10231 55 51 0.6063
10231 55 63 0.6063
10231 55 58 0.6063
10245 13 94 0.5039
10259 13 75 0.5512
10259 13 82 0.5512
10273 13 87 0.4803
10286 13 82 0.5512
10286 13 75 0.5512
10286 55 67 0.6063
10286 55 55 0.6063
10300 13 87 0.4961
10314 13 74 0.5512
10314 13 75 0.5512
10314 13 82 0.5512
10314 27 39 0.5433
10314 27 27 0.5433
10328 13 86 0.4724
10341 13 82 0.5118
10341 13 75 0.5118
10341 13 74 0.5118
10341 55 48 0.6063
10341 55 60 0.6063
10355 13 86 0.4646
10369 13 80 0.4961
10369 13 75 0.4961
10369 13 72 0.4961
10383 13 84 0.4488
10396 13 80 0.5118
10396 13 75 0.5118
10396 13 72 0.5118
10396 55 63 0.6063
10396 55 51 0.6063
10410 13 84 0.4488
10424 13 79 0.5039
10424 13 75 0.5039
10424 13 70 0.5039
10424 27 39 0.5512
10424 27 27 0.5512
10438 13 82 0.4409
10451 13 79 0.5118
10451 13 75 0.5118
10451 13 70 0.5118
10451 55 46 0.6929
10451 55 58 0.6929
10465 13 82 0.4488
10479 13 68 0.4882
10479 13 75 0.4882
10493 13 80 0.4488
10507 13 68 0.5197
10507 13 75 0.5197
10507 13 48 0.6378
10507 13 60 0.6378
10520 13 80 0.4488
10534 13 75 0.4961
10534 13 67 0.4961
10534 13 58 0.5433
10534 13 46 0.5433
10548 13 79 0.4252
10562 13 70 0.4961
10562 13 44 0.6299
10562 13 56 0.6299
10575 13 65 0.4331
10589 13 72 0.4961
10589 13 70 0.4961
10589 13 55 0.5433
10589 13 43 0.5433
10603 13 60 0.4331
10617 13 72 0.4646
10617 13 70 0.4646
10617 55 41 0.622
10617 55 53 0.622
10630 13 60 0.3937
10644 13 74 0.4567
10644 13 68 0.4567
10658 13 62 0.4173
10672 13 75 0.4488
10672 13 67 0.4488
10672 27 51 0.6142
10672 27 39 0.6142
10685 13 63 0.3937
10699 13 75 0.4488
10699 13 70 0.4488
10713 13 63 0.3937
10727 13 75 0.4331
10727 13 70 0.4331
10727 55 43 0.5433
10727 55 55 0.5433
10740 13 63 0.378
10754 13 77 0.4409
10754 13 70 0.4409
10768 13 65 0.4016
10782 12 79 0.4488
10782 12 67 0.4488
10782 55 50 0.6063
10782 55 38 0.6063
10795 12 67 0.3858
10809 13 67 0.4409
10809 13 63 0.4409
10823 13 58 0.378
10837 13 67 0.4331
10837 13 63 0.4331
10837 55 36 0.5433
10837 55 48 0.5433
10850 13 58 0.3858
10864 13 65 0.4488
10864 13 68 0.4488
10878 13 60 0.3858
10892 13 70 0.4646
10892 13 67 0.4646
10892 82 46 0.6063
10892 82 34 0.6063
10905 13 62 0.3937
10919 13 63 0.4567
10919 13 60 0.4567
10933 13 55 0.4016
10947 13 63 0.4488
10947 13 60 0.4488
10960 13 53 0.378
10974 13 63 0.4409
10974 13 65 0.4409
10974 13 32 0.4724
10974 13 44 0.4724
10988 13 60 0.378
11002 13 67 0.4173
11002 13 63 0.4173
11002 13 43 0.4724
11002 13 31 0.4724
11015 13 58 0.3622
11029 13 60 0.4094
11029 13 46 0.4488
11029 13 34 0.4488
11043 13 57 0.3543
11057 13 60 0.3858
11057 27 29 0.3465
11057 27 41 0.3465
11070 13 56 0.3307
11084 13 62 0.3622
11098 13 58 0.315
11112 27 55 0.3543
11112 27 63 0.4252
11112 82 27 0.3622
11112 82 39 0.4331
11139 13 51 0.2441
11139 13 55 0.2913
11153 13 58 0.2441
11167 13 51 0.2441
11167 13 55 0.2913
11180 13 58 0.2441
11194 13 56 0.3228
11194 13 53 0.2677
11194 27 34 0.3071
11208 13 58 0.252
11222 13 51 0.2441
11222 13 55 0.2913
11222 82 39 0.2992
11222 82 46 0.3543
11235 13 58 0.252
11249 13 51 0.2441
11249 13 55 0.2913
11263 13 58 0.252
11277 13 51 0.2441
11277 13 55 0.2913
11290 13 58 0.2362
11304 13 56 0.315
11304 13 53 0.2677
11304 13 70 0.3937
11318 13 58 0.2598
11332 13 51 0.2441
11332 13 55 0.2913
11332 55 63 0.3543
11345 13 58 0.2362
11359 13 51 0.2441
11359 13 55 0.2913
11373 13 58 0.252
11387 13 51 0.2441
11387 13 55 0.2913
11387 27 34 0.3543
11400 13 58 0.2598
11414 13 56 0.3228
11414 13 50 0.2677
11414 27 46 0.3071
11414 27 41 0.2598
11428 13 58 0.252
11442 13 51 0.2441
11442 13 55 0.2913
11442 55 46 0.3937
11442 55 39 0.3307
11455 13 58 0.2362
11469 13 51 0.2441
11469 13 55 0.2913
11483 13 58 0.252
11497 13 51 0.2441
11497 13 55 0.2913
11497 13 70 0.3937
11510 13 58 0.252
11524 13 56 0.3307
11524 13 53 0.2756
11524 13 72 0.3622
11538 13 58 0.2756
11552 27 51 0.2913
11552 27 55 0.2913
11552 27 63 0.3937
11579 13 80 0.252
11579 13 89 0.2992
11579 27 27 0.2756
11579 27 39 0.3307
11593 13 91 0.2677
11607 13 79 0.2677
11607 13 87 0.3228
11607 27 46 0.4173
11607 27 34 0.3465
11620 13 91 0.3307
11634 13 80 0.315
11634 13 89 0.378
11634 27 51 0.4252
11634 27 39 0.3543
11648 13 91 0.3543
11662 13 79 0.3386
11662 13 87 0.4016
11662 27 58 0.4409
11662 27 46 0.3701
11675 13 91 0.3622
11689 13 80 0.378
11689 13 89 0.4488
11689 13 60 0.4724
11703 13 91 0.4252
11703 13 63 0.4961
11717 13 79 0.4252
11717 13 87 0.5039
11717 13 55 0.4803
11717 13 67 0.5748
11730 13 91 0.4567
11744 13 89 0.5354
11744 13 80 0.4567
11744 13 58 0.4882
11744 13 70 0.5748
11758 13 91 0.4803
11772 13 87 0.5984
11772 13 79 0.5039
11772 13 63 0.4409
11772 13 75 0.6142
11785 13 91 0.5433
11799 13 80 0.5276
11799 13 89 0.622
11799 13 58 0.4331
11799 13 70 0.6063
11813 13 91 0.5512
11827 27 79 0.5197
11827 27 87 0.6142
11827 13 67 0.6378
11827 13 55 0.4488
11854 13 77 0.6142
11854 13 68 0.5197
11854 13 63 0.5748
11854 13 51 0.4882
11868 13 79 0.5433
11882 13 75 0.6142
11882 13 67 0.5197
11882 13 48 0.5354
11882 13 60 0.6378
11896 13 79 0.5433
11909 13 77 0.5433
11909 13 68 0.4567
11909 13 58 0.5591
11909 13 46 0.4724
11923 13 79 0.4803
11923 13 55 0.4961
11937 27 67 0.5354
11937 27 75 0.6378
11937 13 51 0.6063
11964 13 65 0.5748
11964 13 56 0.4882
11964 27 48 0.5984
11964 27 36 0.5039
11978 13 67 0.5039
11992 55 55 0.5827
11992 55 63 0.7008
11992 55 34 0.5827
11992 55 46 0.7008
12047 55 63 0.6142
12047 55 67 0.6142
12047 55 72 0.6142
12047 55 75 0.7244
12047 55 48 0.5984
12047 55 51 0.5984
12047 55 55 0.5984
12047 55 60 0.7165
12102 41 70 0.7244
12102 41 67 0.6142
12102 41 62 0.6142
12102 41 58 0.6142
12102 41 43 0.6142
12102 41 46 0.6142
12102 41 50 0.6142
12102 41 55 0.7244
12143 13 34 0.5906
12143 13 46 0.6614
12157 55 82 0.7323
12157 55 77 0.622
12157 55 74 0.622
12157 55 70 0.622
12157 55 68 0.622
12157 55 53 0.6378
12157 55 56 0.6378
12157 55 58 0.6378
12157 55 62 0.6378
12157 55 65 0.7559
12212 24 63 0.6299
12212 24 67 0.6299
12212 24 70 0.6299
12212 24 75 0.748
12212 24 27 0.6299
12212 24 39 0.748
12239 6 75 0.6299
12239 6 70 0.5197
12239 6 67 0.5197
12239 6 63 0.5197
12239 6 58 0.6457
12239 6 55 0.5433
12239 6 51 0.5433
12239 6 46 0.5433
12253 6 75 0.6299
12253 6 70 0.5197
12253 6 67 0.5197
12253 6 63 0.5197
12253 6 58 0.6457
12253 6 55 0.5433
12253 6 51 0.5433
12253 6 46 0.5433
12267 55 75 0.6772
12267 55 70 0.5669
12267 55 67 0.5669
12267 55 63 0.5669
12267 55 58 0.7402
12267 55 55 0.6299
12267 55 51 0.6299
12267 55 46 0.6299
