0 11 69 0.3937
11 11 71 0.3622
23 11 72 0.3622
35 11 71 0.3937
47 11 72 0.3622
59 11 74 0.3622
71 35 76 0.5118
71 11 64 0.3937
83 11 66 0.3465
95 11 68 0.3465
107 11 69 0.3937
107 11 66 0.4094
119 11 71 0.3543
119 11 68 0.3543
131 11 72 0.3543
131 11 69 0.3543
143 35 71 0.5512
155 11 72 0.3465
167 11 74 0.3465
179 35 76 0.5118
179 11 64 0.3937
190 11 66 0.3622
202 11 68 0.3622
214 11 69 0.3937
214 11 66 0.3937
226 11 71 0.3543
226 11 68 0.3543
238 11 72 0.3543
238 11 69 0.3543
250 35 71 0.5197
262 11 72 0.3543
274 11 74 0.3543
286 11 72 0.3937
286 11 69 0.3937
298 11 74 0.378
298 11 71 0.3937
310 11 76 0.3937
310 11 72 0.4016
322 11 77 0.3937
322 11 74 0.4094
334 11 79 0.4252
334 11 76 0.4173
346 11 81 0.4567
346 11 77 0.4409
358 11 79 0.4803
358 11 76 0.4724
370 11 77 0.4409
370 11 74 0.4331
381 11 76 0.4173
381 11 72 0.4016
393 11 74 0.4331
393 11 71 0.4331
405 11 72 0.4094
405 11 69 0.4094
417 11 71 0.378
417 11 67 0.3937
429 11 69 0.4409
429 13 65 0.4646
441 11 71 0.3937
453 11 72 0.3937
465 11 71 0.4173
465 13 60 0.4409
477 11 69 0.378
489 11 67 0.378
501 11 65 0.4173
501 35 57 0.3937
513 11 64 0.3701
525 11 63 0.3701
537 35 64 0.4488
537 11 56 0.4173
549 11 54 0.378
560 11 52 0.378
572 11 51 0.4094
584 11 49 0.3701
596 11 47 0.378
608 11 59 0.3937
608 35 57 0.5039
620 11 61 0.3543
632 11 63 0.3543
644 11 64 0.4252
644 11 56 0.4252
656 11 66 0.3858
656 11 54 0.3858
668 11 68 0.3858
668 11 52 0.3858
680 35 69 0.4646
680 11 51 0.4173
692 11 49 0.3701
704 11 47 0.3701
716 11 59 0.3937
716 35 57 0.5039
728 11 61 0.3543
740 11 63 0.3543
751 11 64 0.4252
751 11 56 0.4252
763 11 66 0.378
763 11 54 0.3701
775 11 68 0.378
775 11 52 0.3701
787 35 69 0.4567
787 11 51 0.4094
799 11 49 0.3465
811 11 47 0.3465
823 11 59 0.3937
823 35 57 0.5039
835 11 61 0.3622
847 11 63 0.3622
859 11 64 0.4252
859 11 56 0.3937
871 11 66 0.3701
871 11 54 0.3386
883 11 68 0.3701
883 11 52 0.3386
895 11 66 0.4724
895 11 54 0.4094
907 11 68 0.4173
907 11 52 0.3465
919 11 69 0.4173
919 11 51 0.3465
931 11 68 0.5039
931 11 52 0.4094
942 11 69 0.4567
942 11 51 0.3701
954 11 71 0.4724
954 11 50 0.3701
966 11 69 0.5354
966 11 52 0.4409
978 11 71 0.4724
978 11 50 0.4094
990 11 72 0.4961
990 11 48 0.4173
1002 11 71 0.5748
1002 11 50 0.4567
1014 11 72 0.4961
1014 11 48 0.4331
1026 11 74 0.5354
1026 11 47 0.4331
1038 11 72 0.622
1038 11 48 0.5118
1050 11 74 0.5354
1050 11 47 0.4646
1062 11 76 0.5827
1062 11 45 0.4646
1074 11 77 0.7087
1074 11 44 0.6063
1086 11 76 0.6063
1086 11 45 0.5276
1098 11 74 0.622
1098 11 47 0.5276
1110 11 77 0.6929
1110 17 83 0.6929
1110 17 38 0.5906
1110 11 44 0.5906
1121 11 76 0.622
1121 11 45 0.5197
1133 11 74 0.622
1133 11 47 0.5197
1145 17 83 0.7244
1145 11 77 0.7244
1145 17 38 0.5984
1145 11 44 0.5984
1157 11 76 0.6299
1157 11 45 0.5433
1169 11 74 0.6299
1169 11 47 0.5433
1181 11 77 0.7323
1181 17 83 0.7323
1181 17 38 0.6142
1181 11 44 0.6142
1193 11 76 0.6614
1193 11 45 0.5669
1205 11 74 0.6772
1205 11 47 0.5827
1217 17 83 0.7638
1217 11 77 0.7638
1217 17 38 0.6378
1217 11 44 0.6378
1229 11 76 0.6772
1229 11 45 0.5827
1241 11 74 0.685
1241 11 47 0.5984
1253 17 83 0.7874
1253 11 77 0.7874
1253 17 38 0.6614
1253 11 44 0.6614
1265 11 76 0.6929
1265 11 45 0.5984
1277 11 74 0.7165
1277 11 47 0.6142
1289 11 77 0.8346
1289 17 83 0.8346
1289 17 32 0.6614
1289 17 44 0.7795
1301 11 76 0.4803
1312 11 74 0.4094
1324 11 77 0.4724
1336 11 76 0.4016
1348 11 74 0.3622
1360 11 77 0.4488
1372 11 76 0.3858
1384 11 74 0.3386
1396 11 77 0.4409
1408 11 76 0.3701
1420 11 74 0.3465
1432 11 76 0.4409
1444 11 74 0.3622
1456 11 72 0.3622
1468 11 74 0.4331
1480 11 72 0.3543
1492 11 71 0.3543
1503 11 69 0.3937
1515 11 71 0.3622
1527 11 72 0.3622
1539 11 71 0.3937
1551 11 72 0.3622
1563 11 74 0.3622
1575 35 76 0.5118
1575 11 64 0.3937
1587 11 66 0.3465
1599 11 68 0.3465
1611 11 69 0.3937
1611 11 66 0.4094
1623 11 71 0.3543
1623 11 68 0.3543
1635 11 72 0.3543
1635 11 69 0.3543
1647 35 71 0.5512
1659 11 72 0.3465
1671 11 74 0.3465
1682 35 76 0.5118
1682 11 64 0.3937
1694 11 66 0.3622
1706 11 68 0.3622
1718 11 69 0.3937
1718 11 66 0.3937
1730 11 71 0.3543
1730 11 68 0.3543
1742 11 72 0.3543
1742 11 69 0.3543
1754 35 71 0.5197
1766 11 72 0.3543
1778 11 74 0.3543
1790 11 72 0.3937
1790 11 69 0.3937
1802 11 74 0.378
1802 11 71 0.3937
1814 11 76 0.3937
1814 11 72 0.4016
1826 11 77 0.3937
1826 11 74 0.4094
1838 11 79 0.4252
1838 11 76 0.4173
1850 11 81 0.4567
1850 11 77 0.4409
1862 11 79 0.4803
1862 11 76 0.4724
1873 11 77 0.4409
1873 11 74 0.4331
1885 11 76 0.4173
1885 11 72 0.4016
1897 11 74 0.4331
1897 11 71 0.4331
1909 11 72 0.4094
1909 11 69 0.4094
1921 11 71 0.378
1921 11 67 0.3937
1933 11 69 0.4409
1933 13 65 0.4646
1945 11 71 0.3937
1957 11 72 0.3937
1969 11 71 0.4173
1969 13 60 0.4409
1981 11 69 0.378
1993 11 67 0.378
2005 11 65 0.4173
2005 35 57 0.3937
2017 11 64 0.3701
2029 11 63 0.3701
2041 11 64 0.4252
2041 11 55 0.4252
2052 11 66 0.3858
2052 11 54 0.3858
2064 11 67 0.3858
2064 11 52 0.3858
2076 35 69 0.4646
2076 11 51 0.4173
2088 11 49 0.3701
2100 11 47 0.3701
2112 11 59 0.3937
2112 35 57 0.5039
2124 11 61 0.3543
2136 11 63 0.3543
2148 11 64 0.4252
2148 11 55 0.4252
2160 11 66 0.378
2160 11 54 0.3701
2172 11 67 0.378
2172 11 52 0.3701
2184 35 69 0.4567
2184 11 51 0.4094
2196 11 49 0.3465
2208 11 47 0.3465
2220 11 59 0.3937
2220 35 57 0.5039
2232 11 61 0.3622
2243 11 63 0.3622
2255 11 64 0.4252
2255 11 55 0.3937
2267 11 66 0.3701
2267 11 54 0.3386
2279 11 67 0.3701
2279 11 52 0.3386
2291 11 66 0.4724
2291 11 51 0.4094
2303 11 67 0.4173
2303 11 52 0.3465
2315 11 69 0.4173
2315 11 54 0.3465
2327 11 67 0.5039
2327 11 52 0.4094
2339 11 69 0.4567
2339 11 54 0.3701
2351 11 71 0.4724
2351 11 55 0.3701
2363 11 69 0.5354
2363 11 54 0.4409
2375 11 71 0.4724
2375 11 55 0.4094
2387 11 72 0.4961
2387 11 57 0.4173
2399 11 71 0.5748
2399 11 56 0.4567
2411 11 72 0.4961
2411 11 57 0.4331
2423 11 74 0.5354
2423 11 59 0.4331
2434 11 72 0.622
2434 11 57 0.5118
2446 11 74 0.5354
2446 11 59 0.4646
2458 11 76 0.5827
2458 11 60 0.4646
2470 11 65 0.7559
2470 11 62 0.7165
2482 11 70 0.6142
2482 11 58 0.6063
2494 11 74 0.5827
2494 11 53 0.6063
2506 11 77 0.685
2506 11 50 0.6772
2518 11 82 0.5984
2518 11 46 0.5984
2530 11 86 0.5984
2530 11 41 0.5984
2542 11 89 0.6929
2542 11 38 0.6535
2554 11 94 0.5984
2554 11 34 0.5906
2566 11 98 0.5984
2566 11 29 0.5906
2578 8 101 0.7638
2578 8 26 0.7165
2613 17 69 0.622
2613 17 76 0.7323
2613 17 72 0.622
2613 17 64 0.622
2613 17 52 0.6063
2613 17 40 0.5118
2613 17 48 0.5118
2613 17 45 0.5118
2649 17 64 0.5827
2649 17 76 0.6929
2649 17 68 0.5827
2649 17 71 0.5827
2649 17 44 0.4803
2649 17 47 0.4803
2649 17 52 0.5669
2649 17 40 0.4803
2685 11 69 0.5276
2685 11 60 0.4882
2697 11 71 0.4409
2697 11 59 0.4409
2709 11 72 0.4409
2709 11 57 0.4409
2721 35 74 0.5118
2721 11 56 0.4803
2733 11 54 0.4331
2745 11 52 0.4252
2757 11 64 0.5197
2757 35 62 0.5276
2769 11 66 0.4252
2781 11 68 0.4173
2793 11 69 0.5039
2793 11 60 0.4803
2804 11 71 0.4331
2804 11 59 0.4331
2816 11 72 0.4331
2816 11 57 0.4331
2828 35 74 0.5118
2828 11 56 0.4724
2840 11 54 0.4252
2852 11 52 0.4252
2864 11 64 0.5039
2864 35 62 0.5354
2876 11 66 0.4567
2888 11 68 0.4567
2900 11 69 0.5354
2900 11 60 0.5039
2912 11 71 0.4724
2912 11 59 0.4488
2924 11 72 0.4961
2924 11 57 0.4488
2936 11 71 0.5748
2936 11 56 0.5276
2948 11 72 0.4961
2948 11 57 0.4409
2960 11 74 0.5354
2960 11 59 0.4409
2972 11 72 0.622
2972 11 57 0.5669
2984 11 74 0.5354
2984 11 59 0.5039
2995 11 76 0.5827
2995 11 60 0.5039
3007 11 65 0.7559
3007 11 62 0.7165
3019 11 70 0.6142
3019 11 58 0.5984
3031 11 74 0.5906
3031 11 53 0.5984
3043 11 77 0.7323
3043 11 50 0.6693
3055 11 82 0.6063
3055 11 46 0.5827
3067 11 86 0.6063
3067 11 41 0.5906
3079 11 89 0.7244
3079 11 38 0.6693
3091 11 94 0.6142
3091 11 34 0.5906
3103 11 98 0.6142
3103 11 29 0.5984
3115 8 101 0.7638
3115 8 26 0.7323
3151 17 69 0.622
3151 17 72 0.622
3151 17 64 0.622
3151 17 76 0.7323
3151 17 40 0.5354
3151 17 45 0.5354
3151 17 48 0.5354
3151 17 52 0.6299
3186 17 68 0.5827
3186 17 64 0.5827
3186 17 71 0.5827
3186 17 76 0.6929
3186 17 40 0.4961
3186 17 47 0.4961
3186 17 44 0.4961
3186 17 52 0.5906
3222 89 69 0.6929
3222 89 81 0.8189
3222 89 72 0.6929
3222 89 76 0.6929
3222 89 36 0.5748
3222 89 40 0.5748
3222 89 45 0.6772
3222 89 33 0.5748
3312 4 45 0.5984
3316 4 47 0.6063
3321 4 48 0.6063
3325 4 50 0.6142
3330 8 76 0.6929
3330 8 68 0.5827
3330 8 52 0.6693
3330 8 40 0.5669
3348 8 75 0.5433
3348 8 69 0.4567
3348 8 53 0.5433
3348 8 41 0.4567
3365 8 68 0.5354
3365 8 76 0.6378
3365 8 52 0.6063
3365 8 40 0.5118
3383 8 69 0.4567
3383 8 75 0.5433
3383 8 53 0.5433
3383 8 41 0.4567
3401 8 76 0.6929
3401 8 68 0.5827
3401 8 52 0.6063
3401 8 40 0.5118
3437 89 72 0.6929
3437 89 65 0.6929
3437 89 69 0.6929
3437 89 77 0.8189
3437 89 29 0.5748
3437 89 36 0.5748
3437 89 33 0.5748
3437 89 41 0.685
3527 4 41 0.5433
3531 4 43 0.5433
3536 4 45 0.5433
3540 4 47 0.5512
3545 8 64 0.5827
3545 8 72 0.6929
3545 8 36 0.4646
3545 8 48 0.5512
3562 8 71 0.5669
3562 8 65 0.4803
3562 8 38 0.4094
3562 8 50 0.4882
3580 8 64 0.5276
3580 8 72 0.622
3580 8 36 0.4724
3580 8 48 0.5591
3598 8 65 0.4803
3598 8 71 0.5669
3598 8 50 0.5039
3598 8 38 0.4252
3616 8 72 0.6929
3616 8 64 0.5827
3616 8 36 0.5118
3616 8 48 0.6063
3652 71 71 0.6535
3652 71 62 0.6535
3652 71 65 0.6535
3652 71 74 0.7717
3652 71 32 0.5748
3652 71 44 0.6772
3724 17 64 0.5984
3724 17 69 0.5984
3724 17 60 0.5984
3724 17 72 0.7087
3724 17 33 0.5354
3724 17 45 0.6299
3759 17 62 0.5984
3759 17 58 0.5984
3759 17 65 0.5984
3759 17 70 0.7087
3759 17 34 0.5118
3759 17 46 0.6063
3795 17 65 0.6299
3795 17 77 0.748
3795 17 68 0.6299
3795 17 74 0.6299
3795 17 35 0.5512
3795 17 47 0.6535
3831 17 72 0.6063
3831 17 76 0.7165
3831 17 64 0.6063
3831 17 69 0.6063
3831 17 48 0.622
3831 17 36 0.5276
3867 17 74 0.7402
3867 17 65 0.622
3867 17 71 0.622
3867 17 50 0.6614
3867 17 38 0.5591
3903 17 72 0.7087
3903 17 64 0.5984
3903 17 69 0.5984
3903 17 52 0.6142
3903 17 40 0.5197
3938 17 71 0.6929
3938 17 64 0.5827
3938 17 68 0.5827
3938 17 52 0.5906
3938 17 40 0.4961
3974 17 69 0.685
3974 107 45 0.5433
3974 107 48 0.5433
3974 107 52 0.5433
3974 107 57 0.6457
3992 8 71 0.6535
4001 8 72 0.5906
4010 8 74 0.5984
4019 8 76 0.6142
4028 8 78 0.6299
4037 8 80 0.6457
4046 8 81 0.6535
4055 8 83 0.6693
4064 8 84 0.685
4073 8 86 0.6929
4082 8 88 0.7795
4082 8 76 0.6614
4082 8 56 0.6063
4082 8 52 0.5118
4100 8 75 0.5748
4100 8 87 0.6772
4100 8 57 0.5276
4100 8 53 0.4409
4117 8 88 0.7323
4117 8 76 0.622
4117 8 56 0.5669
4117 8 52 0.4803
4135 8 75 0.5748
4135 8 87 0.6772
4135 8 57 0.5118
4135 8 53 0.4331
4153 8 88 0.7953
4153 8 76 0.6693
4153 8 56 0.6063
4153 8 52 0.5118
4189 17 65 0.7008
4189 107 48 0.5669
4189 107 45 0.5669
4189 107 41 0.5669
4189 107 53 0.6693
4207 8 67 0.6535
4216 8 69 0.5906
4225 8 70 0.5984
4234 8 72 0.6142
4243 8 74 0.6299
4252 8 76 0.6457
4261 8 77 0.6535
4270 8 79 0.6693
4279 8 81 0.685
4288 8 82 0.6929
4296 8 72 0.622
4296 8 84 0.7402
4296 8 52 0.5591
4296 8 48 0.4724
4314 8 83 0.6457
4314 8 71 0.5433
4314 8 53 0.5039
4314 8 50 0.4252
4332 8 72 0.5984
4332 8 84 0.7087
4332 8 52 0.5512
4332 8 48 0.4646
4350 8 83 0.6378
4350 8 71 0.5354
4350 8 53 0.4882
4350 8 50 0.4094
4368 8 84 0.748
4368 8 72 0.6299
4368 8 52 0.5827
4368 8 48 0.4882
4404 8 71 0.6693
4404 71 50 0.4488
4404 71 47 0.4488
4404 71 56 0.5354
4404 71 53 0.4488
4404 71 44 0.4488
4413 8 72 0.6299
4422 8 74 0.6299
4431 8 76 0.6142
4440 8 77 0.7087
4449 8 83 0.6535
4458 8 86 0.6457
4467 8 89 0.6142
4476 8 88 0.7244
4476 17 48 0.4331
4476 17 57 0.5118
4476 17 52 0.4331
4476 17 45 0.4331
4511 8 70 0.6772
4511 17 50 0.4016
4511 17 58 0.4724
4511 17 53 0.4016
4511 17 46 0.4016
4520 8 74 0.6142
4529 8 77 0.6142
4538 8 82 0.6142
4547 8 74 0.6772
4547 17 50 0.3858
4547 17 56 0.3858
4547 17 59 0.4567
4547 17 47 0.3858
4547 17 53 0.3858
4556 8 77 0.6142
4565 8 80 0.6142
4574 8 86 0.6142
4583 8 72 0.6772
4583 17 52 0.378
4583 17 60 0.4488
4583 17 57 0.378
4583 17 48 0.378
4592 8 76 0.5984
4601 8 81 0.5984
4610 8 84 0.5984
4619 8 71 0.6299
4619 17 53 0.3858
4619 17 62 0.4567
4619 17 50 0.3858
4619 17 59 0.3858
4628 8 74 0.5748
4637 8 77 0.5748
4646 8 83 0.5669
4655 8 69 0.6142
4655 17 57 0.3701
4655 17 64 0.4409
4655 17 60 0.3701
4655 17 52 0.3701
4664 8 72 0.5512
4672 8 76 0.5512
4681 8 81 0.5512
4690 8 68 0.6063
4690 17 59 0.3543
4690 17 64 0.4252
4690 17 52 0.3543
4690 17 56 0.3543
4699 8 71 0.5433
4708 8 76 0.5433
4717 8 80 0.5433
4726 17 57 0.685
4726 17 45 0.6063
4744 8 59 0.6457
4744 8 47 0.5748
4753 8 60 0.6142
4753 8 48 0.5276
4762 8 62 0.6063
4762 8 50 0.5276
4771 8 64 0.6063
4771 8 52 0.5197
4780 8 66 0.6063
4780 8 54 0.5118
4789 8 68 0.5984
4789 8 56 0.5039
4798 8 69 0.5984
4798 8 57 0.4961
4807 8 71 0.5984
4807 8 59 0.4961
4816 8 72 0.5906
4816 8 60 0.4882
4825 8 74 0.5906
4825 8 62 0.4882
4834 8 76 0.5827
4834 8 64 0.4803
4843 8 77 0.5827
4843 8 65 0.4803
4851 8 79 0.5748
4851 8 67 0.4724
4860 8 81 0.5748
4860 8 69 0.4724
4869 17 82 0.5591
4869 17 70 0.4724
4977 17 79 0.5591
4977 17 67 0.4724
5084 17 76 0.5276
5084 17 64 0.4331
5192 17 73 0.4331
5192 17 61 0.378
5299 17 72 0.3937
5299 17 60 0.3622
5371 89 69 0.2992
5371 214 60 0.2598
5371 17 41 0.2835
5389 17 48 0.1732
5407 17 53 0.2126
5424 17 48 0.1732
5442 17 53 0.2835
5460 8 70 0.2835
5469 8 69 0.2441
5478 35 67 0.2835
5478 17 40 0.2835
5496 17 48 0.2047
5514 35 70 0.2992
5514 17 55 0.2441
5532 17 48 0.2047
5550 35 73 0.3307
5550 17 58 0.2756
5586 71 72 0.315
5586 107 60 0.2598
5586 17 41 0.2598
5603 17 48 0.1811
5621 17 57 0.2047
5639 17 48 0.1732
5657 35 69 0.2677
5657 17 53 0.2835
5693 71 72 0.315
5693 107 60 0.2598
5693 17 40 0.2835
5711 17 48 0.2126
5729 17 52 0.2441
5747 17 48 0.2047
5765 35 70 0.2677
5765 17 55 0.2756
5800 89 69 0.2992
5800 214 60 0.2992
5800 17 41 0.2677
5818 17 48 0.2126
5836 17 53 0.2283
5854 17 48 0.2047
5872 17 53 0.2835
5890 8 70 0.2756
5899 8 69 0.2441
5908 35 67 0.2835
5908 17 40 0.2835
5926 17 48 0.2126
5944 35 70 0.2992
5944 17 55 0.2441
5962 17 48 0.2126
5979 35 73 0.3307
5979 17 58 0.2756
6015 71 72 0.315
6015 107 60 0.2598
6015 17 41 0.2598
6033 17 48 0.1811
6051 17 57 0.2126
6069 17 48 0.1732
6087 35 69 0.2677
6087 17 53 0.2835
6123 71 72 0.3701
6123 107 60 0.3701
6123 17 40 0.2992
6141 17 48 0.2205
6158 17 52 0.2756
6176 17 48 0.2205
6194 35 70 0.3543
6194 17 55 0.2756
6230 107 61 0.4173
6230 71 73 0.4173
6230 17 40 0.2992
6248 17 49 0.2362
6266 17 52 0.2835
6284 17 49 0.2441
6302 35 70 0.3858
6302 17 55 0.3071
6338 107 62 0.4488
6338 71 74 0.4488
6338 17 41 0.3701
6355 17 50 0.2598
6373 17 53 0.2835
6391 17 50 0.2598
6409 35 70 0.3858
6409 17 58 0.3228
6445 107 63 0.4173
6445 35 69 0.4173
6445 17 41 0.378
6463 17 53 0.2756
6481 35 78 0.4803
6481 17 60 0.315
6499 17 53 0.2756
6517 35 77 0.4331
6517 17 60 0.3465
6552 107 65 0.2598
6552 71 75 0.3937
6552 17 46 0.3071
6570 17 53 0.189
6588 17 58 0.2047
6606 17 53 0.1732
6624 35 74 0.3543
6624 17 62 0.2441
6660 107 60 0.3858
6660 35 69 0.3858
6660 17 38 0.2992
6678 17 50 0.2362
6696 35 75 0.4173
6696 17 54 0.2598
6714 17 50 0.2283
6731 35 74 0.3543
6731 17 57 0.2992
6767 71 72 0.378
6767 107 62 0.2598
6767 17 43 0.2835
6785 17 50 0.1969
6803 17 55 0.2205
6821 17 50 0.2047
6839 35 70 0.3543
6839 17 58 0.2441
6875 107 60 0.2598
6875 71 72 0.315
6875 17 40 0.2835
6893 17 48 0.2126
6910 17 52 0.2283
6928 17 48 0.2126
6946 35 70 0.2677
6946 17 55 0.2756
6982 107 60 0.2598
6982 71 72 0.315
6982 17 41 0.2598
7000 17 48 0.2205
7018 17 57 0.2283
7036 17 48 0.2205
7054 35 69 0.2677
7054 17 53 0.2835
7090 107 58 0.2598
7090 35 73 0.4016
7090 17 36 0.2598
7107 17 48 0.2283
7125 17 72 0.2835
7125 17 55 0.2283
7143 17 70 0.2441
7143 17 48 0.2283
7161 17 69 0.2756
7161 17 52 0.2835
7179 17 67 0.2283
7197 35 57 0.2205
7197 53 65 0.2756
7197 17 41 0.2598
7215 17 48 0.2047
7233 17 57 0.2047
7251 17 67 0.2992
7251 17 48 0.2047
7269 17 69 0.3386
7269 17 53 0.2362
7286 17 70 0.3622
7304 35 69 0.4252
7304 107 63 0.4252
7304 17 41 0.3465
7322 17 53 0.2835
7340 35 78 0.4646
7340 17 60 0.2992
7358 17 53 0.2835
7376 35 77 0.4252
7376 17 60 0.3465
7412 107 65 0.4094
7412 71 75 0.4094
7412 17 46 0.3071
7430 17 53 0.2047
7448 17 58 0.2047
7465 17 53 0.2047
7483 35 74 0.3858
7483 17 62 0.2441
7519 35 69 0.3937
7519 107 60 0.3937
7519 17 38 0.315
7537 17 50 0.2362
7555 35 75 0.4409
7555 17 54 0.2835
7573 17 50 0.2283
7591 35 74 0.4016
7591 17 57 0.2992
7627 107 62 0.2598
7627 71 72 0.378
7627 17 43 0.2835
7645 17 50 0.2047
7662 17 55 0.2047
7680 17 50 0.2047
7698 35 70 0.3543
7698 17 58 0.2441
7734 107 60 0.3386
7734 71 72 0.3386
7734 17 40 0.2835
7752 17 48 0.2126
7770 17 52 0.2205
7788 17 48 0.2205
7806 35 70 0.2835
7806 17 55 0.2756
7841 107 60 0.3386
7841 71 72 0.3386
7841 17 41 0.2598
7859 17 48 0.2126
7877 17 57 0.2283
7895 17 48 0.2047
7913 35 69 0.2677
7913 17 53 0.2835
7949 107 58 0.2598
7949 35 73 0.4016
7949 17 36 0.2598
7967 17 48 0.2047
7985 17 72 0.2835
7985 17 55 0.2283
8003 17 70 0.2441
8003 17 48 0.2126
8021 17 69 0.2756
8021 17 52 0.2835
8038 17 67 0.2283
8056 35 65 0.2756
8056 35 57 0.2441
8056 17 41 0.2598
8074 17 48 0.1811
8092 17 53 0.2047
8110 17 48 0.1811
8128 17 57 0.1811
8164 107 60 0.2756
8164 107 69 0.2756
8164 17 41 0.2598
8182 17 48 0.1575
8200 17 53 0.2047
8217 17 48 0.1575
8235 17 57 0.1969
8271 107 64 0.252
8271 107 60 0.252
8271 107 69 0.252
8271 17 40 0.2441
8289 17 48 0.1417
8307 17 52 0.1811
8325 17 48 0.1417
8343 17 57 0.1969
8379 107 64 0.2362
8379 107 68 0.2362
8379 107 59 0.2362
8379 17 40 0.2283
8396 17 47 0.1575
8414 17 52 0.1969
8432 17 47 0.1417
8450 17 56 0.1575
8486 11 69 0.3307
8486 35 45 0.2992
8498 11 71 0.3071
8510 11 72 0.3071
8522 11 71 0.3307
8534 11 72 0.3071
8546 11 74 0.3071
8558 35 76 0.4331
8558 11 64 0.3307
8570 11 66 0.2913
8582 11 68 0.2913
8593 11 69 0.3307
8593 11 66 0.3465
8605 11 71 0.2992
8605 11 68 0.2992
8617 11 72 0.2992
8617 11 69 0.2992
8629 35 71 0.4646
8641 11 72 0.2913
8653 11 74 0.2913
8665 35 76 0.4331
8665 11 64 0.3307
8677 11 66 0.3071
8689 11 68 0.3071
8701 11 69 0.3307
8701 11 66 0.3307
8713 11 71 0.2992
8713 11 68 0.2992
8725 11 72 0.2992
8725 11 69 0.2992
8737 35 71 0.4409
8749 11 72 0.2992
8761 11 74 0.2992
8772 11 72 0.3307
8772 11 69 0.3307
8784 11 74 0.315
8784 11 71 0.3307
8796 11 76 0.3307
8796 11 72 0.3386
8808 11 77 0.3307
8808 11 74 0.3465
8820 11 79 0.3543
8820 11 76 0.3543
8832 11 81 0.3858
8832 11 77 0.3701
8844 11 79 0.4016
8844 11 76 0.4016
8856 11 77 0.3701
8856 11 74 0.3622
8868 11 76 0.3543
8868 11 72 0.3386
8880 11 74 0.3622
8880 11 71 0.3622
8892 11 72 0.3465
8892 11 69 0.3465
8904 11 71 0.315
8904 11 67 0.3307
8916 11 69 0.3701
8916 13 65 0.3937
8928 11 71 0.3307
8940 11 72 0.3307
8952 11 71 0.3543
8952 13 60 0.3701
8963 11 69 0.315
8975 11 67 0.315
8987 11 65 0.3543
8987 35 57 0.3307
8999 11 64 0.3071
9011 11 63 0.3071
9023 35 64 0.378
9023 11 56 0.3543
9035 11 54 0.315
9047 11 52 0.315
9059 11 51 0.3465
9071 11 49 0.3071
9083 11 47 0.315
9095 11 59 0.3307
9095 35 57 0.4252
9107 11 61 0.2992
9119 11 63 0.2992
9131 11 64 0.3543
9131 11 56 0.3543
9143 11 66 0.3228
9143 11 54 0.3228
9154 11 68 0.3228
9154 11 52 0.3228
9166 35 69 0.3937
9166 11 51 0.3543
9178 11 49 0.3071
9190 11 47 0.3071
9202 11 59 0.3307
9202 35 57 0.4252
9214 11 61 0.2992
9226 11 63 0.2992
9238 11 64 0.3543
9238 11 56 0.3543
9250 11 66 0.315
9250 11 54 0.3071
9262 11 68 0.315
9262 11 52 0.3071
9274 35 69 0.3858
9274 11 51 0.3465
9286 11 49 0.2913
9298 11 47 0.2913
9310 11 59 0.3307
9310 35 57 0.4252
9322 11 61 0.3071
9333 11 63 0.3071
9345 11 64 0.3543
9345 11 56 0.3307
9357 11 66 0.3071
9357 11 54 0.2835
9369 11 68 0.315
9369 11 52 0.2835
9381 11 66 0.4094
9381 11 54 0.3543
9393 11 68 0.3622
9393 11 52 0.2992
9405 11 69 0.3701
9405 11 51 0.3071
9417 11 68 0.4488
9417 11 52 0.3622
9429 11 69 0.4094
9429 11 51 0.3307
9441 11 71 0.4252
9441 11 50 0.3307
9453 11 69 0.4882
9453 11 52 0.4016
9465 11 71 0.4331
9465 11 50 0.378
9477 11 72 0.4646
9477 11 48 0.3858
9489 11 71 0.5433
9489 11 50 0.4331
9501 11 72 0.4646
9501 11 48 0.4094
9513 11 74 0.5118
9513 11 47 0.4094
9524 11 72 0.5984
9524 11 48 0.4961
9536 11 74 0.5197
9536 11 47 0.4488
9548 11 76 0.5748
9548 11 45 0.4567
9560 11 77 0.7087
9560 11 44 0.6063
9572 11 76 0.6063
9572 11 45 0.5276
9584 11 74 0.622
9584 11 47 0.5276
9596 17 83 0.6929
9596 11 77 0.6929
9596 11 44 0.5906
9596 17 38 0.5906
9608 11 76 0.622
9608 11 45 0.5197
9620 11 74 0.622
9620 11 47 0.5197
9632 11 77 0.7244
9632 17 83 0.7244
9632 11 44 0.5984
9632 17 38 0.5984
9644 11 76 0.6299
9644 11 45 0.5433
9656 11 74 0.6299
9656 11 47 0.5433
9668 17 83 0.7323
9668 11 77 0.7323
9668 17 38 0.6142
9668 11 44 0.6142
9680 11 76 0.6614
9680 11 45 0.5669
9692 11 74 0.6772
9692 11 47 0.5827
9703 11 77 0.7638
9703 17 83 0.7638
9703 17 38 0.6378
9703 11 44 0.6378
9715 11 76 0.6772
9715 11 45 0.5827
9727 11 74 0.685
9727 11 47 0.5984
9739 17 83 0.7874
9739 11 77 0.7874
9739 11 44 0.6614
9739 17 38 0.6614
9751 11 76 0.6929
9751 11 45 0.5984
9763 11 74 0.7165
9763 11 47 0.6142
9775 11 77 0.8346
9775 17 83 0.8346
9775 17 43 0.7795
9775 17 31 0.7795
9787 11 75 0.622
9799 11 74 0.5276
9811 11 77 0.5906
9811 17 83 0.5906
9823 11 75 0.5039
9835 11 74 0.4488
9847 11 77 0.4961
9847 17 83 0.4961
9859 11 75 0.4409
9871 11 74 0.3858
9883 11 80 0.4803
9894 11 79 0.4252
9906 11 77 0.3937
9918 11 79 0.4409
9930 11 77 0.3622
9942 11 75 0.3622
9954 11 77 0.4331
9966 11 75 0.3543
9978 11 74 0.3543
9990 11 72 0.3937
10002 11 74 0.3622
10014 11 75 0.3622
10026 11 74 0.3937
10038 11 75 0.3622
10050 11 77 0.3622
10062 35 79 0.5118
10062 11 67 0.3937
10074 11 69 0.3465
10085 11 71 0.3465
10097 11 72 0.3937
10097 11 69 0.4094
10109 11 74 0.3543
10109 11 71 0.3543
10121 11 75 0.3543
10121 11 72 0.3543
10133 35 74 0.5512
10145 11 75 0.3465
10157 11 77 0.3465
10169 35 79 0.5118
10169 11 67 0.3937
10181 11 69 0.3622
10193 11 71 0.3622
10205 11 72 0.3937
10205 11 69 0.3937
10217 11 74 0.3543
10217 11 71 0.3543
10229 11 75 0.3543
10229 11 72 0.3543
10241 35 74 0.5197
10253 11 75 0.3543
10264 11 77 0.3543
10276 11 75 0.3937
10276 11 72 0.3937
10288 11 77 0.378
10288 11 74 0.3937
10300 11 79 0.3937
10300 11 75 0.4016
10312 11 80 0.3937
10312 11 77 0.4094
10324 11 82 0.4252
10324 11 79 0.4173
10336 11 84 0.4567
10336 11 80 0.4409
10348 11 82 0.4803
10348 11 79 0.4724
10360 11 80 0.4409
10360 11 77 0.4331
10372 11 79 0.4173
10372 11 75 0.4016
10384 11 77 0.4331
10384 11 74 0.4331
10396 11 75 0.4094
10396 11 72 0.4094
10408 11 74 0.378
10408 11 70 0.3937
10420 11 72 0.4409
10420 13 68 0.4331
10432 11 74 0.3937
10444 11 75 0.3937
10455 11 74 0.4173
10455 13 63 0.4094
10467 11 72 0.378
10479 11 70 0.378
10491 11 68 0.4173
10491 35 60 0.3937
10503 11 67 0.3701
10515 11 66 0.3701
10527 17 67 0.4252
10527 11 59 0.4252
10539 11 57 0.3858
10551 11 55 0.3858
10563 11 54 0.4173
10575 11 52 0.3701
10587 11 50 0.3701
10599 11 62 0.3937
10599 35 60 0.5039
10611 11 64 0.3543
10623 11 66 0.3543
10635 11 67 0.4252
10635 11 59 0.4252
10646 11 69 0.378
10646 11 57 0.3701
10658 11 71 0.378
10658 11 55 0.3701
10670 35 72 0.4567
10670 11 54 0.4094
10682 11 52 0.3465
10694 11 50 0.3465
10706 11 62 0.3937
10706 35 60 0.5039
10718 11 64 0.3622
10730 11 66 0.3622
10742 11 67 0.4252
10742 11 59 0.4252
10754 11 69 0.378
10754 11 57 0.3701
10766 11 71 0.378
10766 11 55 0.3701
10778 35 72 0.4567
10778 11 54 0.4094
10790 11 52 0.3465
10802 11 50 0.3465
10814 11 62 0.3937
10814 35 60 0.5039
10825 11 64 0.3622
10837 11 66 0.3622
10849 11 67 0.4252
10849 11 59 0.3937
10861 11 69 0.3701
10861 11 57 0.3386
10873 11 71 0.3701
10873 11 55 0.3386
10885 11 69 0.4724
10885 11 57 0.4094
10897 11 71 0.4173
10897 11 55 0.3465
10909 11 72 0.4173
10909 11 54 0.3465
10921 11 71 0.5039
10921 11 55 0.4094
10933 11 72 0.4567
10933 11 54 0.3701
10945 11 74 0.4724
10945 11 53 0.3701
10957 11 72 0.5354
10957 11 52 0.4409
10969 11 74 0.4724
10969 11 50 0.4094
10981 11 76 0.4961
10981 11 48 0.4173
10993 11 74 0.5748
10993 11 50 0.4567
11005 11 76 0.4961
11005 11 48 0.4331
11016 11 77 0.5354
11016 11 47 0.4331
11028 11 76 0.622
11028 11 48 0.5118
11040 11 77 0.5354
11040 11 47 0.4646
11052 11 79 0.5827
11052 11 46 0.4646
11064 11 60 0.7638
11064 8 45 0.6535
11076 11 65 0.6063
11088 11 69 0.6142
11100 11 72 0.6693
11100 11 57 0.6142
11112 11 77 0.5827
11112 11 53 0.5354
11124 11 81 0.6063
11124 11 48 0.5354
11136 11 84 0.7165
11136 11 45 0.6457
11148 11 89 0.622
11148 11 41 0.5669
11160 11 93 0.622
11160 11 36 0.622
11172 8 96 0.8504
11172 8 33 0.7323
11207 17 71 0.622
11207 17 79 0.622
11207 17 83 0.7323
11207 17 76 0.622
11207 17 52 0.5512
11207 17 47 0.5512
11207 17 55 0.5512
11207 17 59 0.6535
11243 17 75 0.5827
11243 17 83 0.6929
11243 17 71 0.5827
11243 17 78 0.5827
11243 17 59 0.5906
11243 17 54 0.4961
11243 17 51 0.4961
11243 17 47 0.4961
11279 11 76 0.5276
11279 11 67 0.4646
11291 11 78 0.4409
11291 11 66 0.4173
11303 11 79 0.4409
11303 11 64 0.4173
11315 35 81 0.5118
11315 11 63 0.4567
11327 11 61 0.4094
11339 11 59 0.4094
11351 11 71 0.5197
11351 35 69 0.5276
11363 11 73 0.4252
11375 11 75 0.4173
11386 11 76 0.5039
11386 11 67 0.4803
11398 11 78 0.4331
11398 11 66 0.4016
11410 11 79 0.4331
11410 11 64 0.4016
11422 35 81 0.5118
11422 11 63 0.4016
11434 11 61 0.4252
11446 11 59 0.4252
11458 11 71 0.5039
11458 35 69 0.5354
11470 11 73 0.4567
11482 11 75 0.4567
11494 11 76 0.5354
11494 11 67 0.4724
11506 11 78 0.4724
11506 11 66 0.4252
11518 11 79 0.4961
11518 11 64 0.4488
11530 11 78 0.5748
11530 11 63 0.5039
11542 11 79 0.4961
11542 11 64 0.4409
11554 11 81 0.5354
11554 11 66 0.4409
11566 11 79 0.622
11566 11 64 0.5669
11577 11 81 0.5354
11577 11 66 0.5039
11589 11 83 0.5827
11589 11 67 0.5039
11601 11 60 0.7638
11613 11 65 0.6063
11625 11 69 0.6063
11637 11 72 0.7165
11637 11 57 0.6457
11649 11 77 0.6142
11649 11 53 0.5748
11661 11 81 0.6142
11661 11 48 0.5748
11673 11 84 0.7559
11673 11 45 0.7008
11685 11 89 0.622
11685 11 41 0.622
11697 11 93 0.622
11697 11 36 0.622
11709 8 96 0.7874
11709 8 33 0.7323
11745 17 79 0.622
11745 17 83 0.7323
11745 17 76 0.622
11745 17 71 0.622
11745 17 52 0.5512
11745 17 47 0.5512
11745 17 59 0.6535
11745 17 55 0.5512
11780 17 71 0.5827
11780 17 78 0.5827
11780 17 75 0.5827
11780 17 83 0.6929
11780 17 59 0.5906
11780 17 54 0.4961
11780 17 51 0.4961
11780 17 47 0.4961
11816 89 83 0.6929
11816 89 88 0.8189
11816 89 79 0.6929
11816 89 76 0.6929
11816 89 43 0.5906
11816 89 40 0.5906
11816 89 52 0.7008
11816 89 47 0.5906
11924 8 75 0.5827
11924 8 83 0.6929
11924 8 47 0.5118
11924 8 59 0.6063
11942 8 82 0.5906
11942 8 76 0.4961
11942 8 48 0.4409
11942 8 60 0.5276
11959 8 83 0.6614
11959 8 75 0.5591
11959 8 47 0.4961
11959 8 59 0.5906
11977 8 82 0.5906
11977 8 76 0.4961
11977 8 48 0.4488
11977 8 60 0.5354
11995 8 75 0.5669
11995 8 83 0.6693
11995 8 47 0.4961
11995 8 59 0.5906
12031 89 74 0.6929
12031 89 86 0.8189
12031 89 78 0.6929
12031 89 81 0.6929
12031 89 38 0.5827
12031 89 45 0.5827
12031 89 50 0.6929
12031 89 42 0.5827
12138 8 73 0.5827
12138 8 81 0.6929
12138 8 57 0.6063
12138 8 45 0.5118
12156 8 74 0.5039
12156 8 80 0.5984
12156 8 58 0.5197
12156 8 46 0.4409
12174 8 81 0.6535
12174 8 73 0.5512
12174 8 57 0.5748
12174 8 45 0.4882
12192 8 74 0.4961
12192 8 80 0.5906
12192 8 58 0.5197
12192 8 46 0.4409
12210 8 81 0.685
12210 8 73 0.5748
12210 8 57 0.5748
12210 8 45 0.4882
12246 71 78 0.6535
12246 71 81 0.6535
12246 71 72 0.6535
12246 71 84 0.7717
12246 71 51 0.7008
12246 71 39 0.5906
12317 17 71 0.5984
12317 17 83 0.7087
12317 17 79 0.5984
12317 17 76 0.5984
12317 17 52 0.6299
12317 17 40 0.5354
12353 17 69 0.5984
12353 17 77 0.5984
12353 17 72 0.5984
12353 17 81 0.7087
12353 17 53 0.6063
12353 17 41 0.5118
12389 17 72 0.6299
12389 17 84 0.748
12389 17 75 0.6299
12389 17 81 0.6299
12389 17 54 0.6535
12389 17 42 0.5512
12425 17 79 0.6063
12425 17 71 0.6063
12425 17 76 0.6063
12425 17 83 0.7165
12425 17 55 0.622
12425 17 43 0.5276
12461 17 81 0.7402
12461 17 78 0.622
12461 17 72 0.622
12461 17 57 0.6614
12461 17 45 0.5591
12497 17 71 0.5984
12497 17 76 0.5984
12497 17 79 0.7087
12497 17 59 0.6142
12497 17 47 0.5197
12532 17 71 0.5984
12532 17 75 0.7087
12532 17 78 0.7087
12532 17 59 0.5906
12532 17 47 0.4961
12568 17 64 0.7008
12568 107 55 0.5197
12568 107 59 0.5197
12568 107 64 0.6142
12568 107 52 0.5197
12586 8 66 0.6535
12595 8 67 0.5906
12604 8 69 0.5984
12613 8 71 0.6142
12622 8 73 0.6299
12631 8 75 0.6457
12640 8 76 0.6535
12649 8 78 0.6693
12658 8 79 0.685
12667 8 81 0.6929
12676 8 71 0.622
12676 8 83 0.7323
12676 8 51 0.6063
12676 8 47 0.5118
12693 8 82 0.5984
12693 8 70 0.5039
12693 8 52 0.5197
12693 8 48 0.4409
12711 8 71 0.5748
12711 8 83 0.6772
12711 8 51 0.5591
12711 8 47 0.4724
12729 8 70 0.5276
12729 8 82 0.622
12729 8 52 0.5118
12729 8 48 0.4331
12747 8 71 0.6142
12747 8 83 0.7244
12747 8 47 0.5118
12747 8 51 0.6063
12783 17 62 0.7008
12783 107 57 0.5669
12783 107 54 0.5669
12783 107 50 0.5669
12783 107 62 0.6693
12801 8 64 0.6535
12810 8 66 0.5906
12819 8 67 0.5984
12828 8 69 0.6142
12837 8 71 0.6299
12846 8 73 0.6457
12855 8 74 0.6535
12864 8 76 0.6693
12873 8 78 0.685
12881 8 80 0.6929
12890 8 81 0.7323
12890 8 69 0.622
12890 8 45 0.4882
12890 8 49 0.5827
12908 8 80 0.6142
12908 8 68 0.5197
12908 8 46 0.4409
12908 8 50 0.5197
12926 8 81 0.6693
12926 8 69 0.5669
12926 8 45 0.4803
12926 8 49 0.5669
12944 8 68 0.5118
12944 8 80 0.6063
12944 8 46 0.4252
12944 8 50 0.5039
12962 8 81 0.6929
12962 8 69 0.5827
12962 8 45 0.4882
12962 8 49 0.5748
12998 71 43 0.4488
12998 71 40 0.4488
12998 71 36 0.4488
12998 71 48 0.5354
13007 8 72 0.6063
13016 8 76 0.6063
13025 8 79 0.5906
13034 8 84 0.685
13043 8 88 0.5906
13052 8 91 0.622
13061 8 96 0.5906
13069 8 95 0.7008
13069 17 47 0.4331
13069 17 43 0.4331
13069 17 40 0.4331
13069 17 52 0.5118
13105 8 69 0.6772
13105 17 48 0.4409
13105 17 45 0.4409
13105 17 41 0.4409
13105 17 53 0.5197
13114 8 72 0.6142
13123 8 77 0.6142
13132 8 81 0.6142
13141 8 72 0.6772
13141 17 51 0.4252
13141 17 54 0.5039
13141 17 42 0.4252
13141 17 45 0.4252
13150 8 75 0.6142
13159 8 81 0.6142
13168 8 84 0.6142
13177 8 71 0.6772
13177 17 47 0.4016
13177 17 55 0.4803
13177 17 43 0.4016
13177 17 52 0.4016
13186 8 76 0.5984
13195 8 79 0.5984
13204 8 83 0.5984
13213 8 69 0.6299
13213 17 48 0.4252
13213 17 57 0.5039
13213 17 54 0.4252
13213 17 45 0.4252
13222 8 72 0.5748
13231 8 78 0.5748
13240 8 81 0.5669
13248 8 67 0.6142
13248 17 52 0.3858
13248 17 59 0.4567
13248 17 47 0.3858
13248 17 55 0.3858
13257 8 71 0.5512
13266 8 76 0.5512
13275 8 79 0.5512
13284 8 66 0.6063
13284 17 54 0.378
13284 17 59 0.4488
13284 17 47 0.378
13284 17 51 0.378
13293 8 71 0.5433
13302 8 75 0.5433
13311 8 78 0.5433
13320 17 64 0.685
13320 17 52 0.6063
13338 8 66 0.6457
13338 8 54 0.5748
13347 8 67 0.6142
13347 8 55 0.5276
13356 8 69 0.6063
13356 8 57 0.5276
13365 8 71 0.6063
13365 8 59 0.5197
13374 8 73 0.6063
13374 8 61 0.5118
13383 8 75 0.5984
13383 8 63 0.5039
13392 8 76 0.5984
13392 8 64 0.4961
13401 8 78 0.5984
13401 8 66 0.4961
13410 8 79 0.5906
13410 8 67 0.4882
13419 8 81 0.5906
13419 8 69 0.4882
13428 8 83 0.5827
13428 8 71 0.4803
13436 8 84 0.5827
13436 8 72 0.4803
13445 8 86 0.5748
13445 8 74 0.4724
13454 8 88 0.5748
13454 8 76 0.4724
13463 17 89 0.5591
13463 17 77 0.4724
13571 17 86 0.5591
13571 17 74 0.4724
13678 17 83 0.5276
13678 17 71 0.4331
13786 17 80 0.4331
13786 17 68 0.378
13893 17 79 0.3937
13893 17 67 0.3622
13965 89 76 0.3228
13965 214 67 0.2835
13965 17 48 0.3071
13983 17 55 0.189
14000 17 60 0.2283
14018 17 55 0.189
14036 17 64 0.3071
14054 8 77 0.3071
14063 8 76 0.2677
14072 35 74 0.3071
14072 17 47 0.3071
14090 17 55 0.2205
14108 35 77 0.3228
14108 17 62 0.2677
14126 17 55 0.2205
14144 35 80 0.3622
14144 17 65 0.2992
14180 71 79 0.3465
14180 107 67 0.2835
14180 17 48 0.2835
14197 17 55 0.1969
14215 17 64 0.2205
14233 17 55 0.189
14251 35 76 0.2913
14251 17 60 0.3071
14287 107 67 0.2835
14287 71 79 0.3465
14287 17 47 0.3071
14305 17 55 0.2283
14323 17 65 0.2677
14341 17 55 0.2205
14359 35 77 0.2913
14359 17 62 0.2992
14394 214 67 0.3228
14394 89 76 0.3228
14394 17 48 0.2913
14412 17 55 0.2283
14430 17 60 0.2441
14448 17 55 0.2205
14466 17 64 0.3071
14484 8 77 0.2992
14493 8 76 0.2677
14502 35 74 0.3071
14502 17 47 0.3071
14520 17 55 0.2283
14538 35 77 0.3228
14538 17 62 0.2677
14555 17 55 0.2283
14573 35 80 0.3622
14573 17 65 0.2992
14609 71 79 0.3465
14609 107 67 0.2835
14609 17 48 0.2835
14627 17 55 0.1969
14645 17 64 0.2283
14663 17 55 0.189
14681 35 76 0.2913
14681 17 60 0.3071
14717 107 67 0.4016
14717 71 79 0.4016
14717 17 47 0.3228
14735 17 55 0.2362
14752 17 65 0.2992
14770 17 55 0.2362
14788 35 77 0.3858
14788 17 62 0.2992
14824 107 68 0.4567
14824 71 80 0.4567
14824 17 47 0.3228
14842 17 56 0.2598
14860 17 65 0.3071
14878 17 56 0.2677
14896 35 77 0.4173
14896 17 62 0.3307
14931 107 69 0.4882
14931 71 81 0.4882
14931 17 48 0.4016
14949 17 57 0.2835
14967 17 65 0.3071
14985 17 57 0.2835
15003 35 77 0.4173
15003 17 60 0.3543
15039 35 76 0.4567
15039 107 70 0.4567
15039 17 48 0.4094
15057 17 60 0.2992
15075 35 85 0.4961
15075 17 67 0.3465
15093 17 60 0.2992
15111 35 84 0.4724
15111 17 64 0.378
15146 107 72 0.2835
15146 71 82 0.4331
15146 17 53 0.3307
15164 17 60 0.2047
15182 17 65 0.2205
15200 17 60 0.189
15218 35 81 0.3858
15218 17 69 0.2677
15254 107 67 0.4173
15254 35 76 0.4173
15254 17 45 0.3228
15272 17 57 0.2598
15290 35 82 0.4567
15290 17 61 0.2835
15307 17 57 0.2441
15325 35 81 0.3858
15325 17 64 0.3228
15361 71 79 0.4094
15361 107 69 0.2835
15361 17 50 0.3071
15379 17 57 0.2126
15397 17 62 0.2362
15415 17 57 0.2205
15433 35 77 0.3858
15433 17 65 0.2677
15469 71 79 0.3465
15469 107 67 0.2835
15469 17 47 0.3071
15487 17 55 0.2283
15504 17 65 0.2441
15522 17 55 0.2283
15540 35 77 0.2913
15540 17 62 0.2992
15576 107 67 0.2835
15576 71 79 0.3465
15576 17 48 0.2835
15594 17 55 0.2362
15612 17 64 0.2441
15630 17 55 0.2362
15648 35 76 0.2913
15648 17 60 0.3071
15683 107 65 0.2835
15683 35 80 0.4409
15683 17 43 0.2835
15701 17 55 0.2441
15719 17 79 0.3071
15719 17 62 0.2441
15737 17 77 0.2677
15737 17 55 0.2441
15755 17 76 0.2992
15755 17 59 0.3071
15773 17 74 0.2441
15791 53 72 0.2992
15791 35 64 0.2362
15791 17 48 0.2835
15809 17 55 0.2205
15827 17 64 0.2205
15845 17 74 0.3228
15845 17 55 0.2205
15862 17 76 0.3937
15862 17 60 0.2598
15880 17 77 0.4252
15898 107 70 0.4646
15898 35 76 0.4646
15898 17 48 0.378
15916 17 60 0.3071
15934 35 85 0.5039
15934 17 67 0.3228
15952 17 60 0.3071
15970 35 84 0.4646
15970 17 64 0.378
16006 107 72 0.4488
16006 71 82 0.4488
16006 17 53 0.3307
16024 17 60 0.2205
16042 17 65 0.2205
16059 17 60 0.2205
16077 35 81 0.4173
16077 17 69 0.2677
16113 107 67 0.4331
16113 35 76 0.4331
16113 17 45 0.3465
16131 17 57 0.2598
16149 35 82 0.4803
16149 17 61 0.3071
16167 17 57 0.2441
16185 35 81 0.4409
16185 17 64 0.3228
16221 71 79 0.4094
16221 107 69 0.2835
16221 17 50 0.3071
16238 17 57 0.2205
16256 17 62 0.2205
16274 17 57 0.2205
16292 35 77 0.3858
16292 17 65 0.2677
16328 107 67 0.3701
16328 71 79 0.3701
16328 17 47 0.3071
16346 17 55 0.2283
16364 17 65 0.2362
16382 17 55 0.2362
16400 35 77 0.3071
16400 17 62 0.2992
16435 107 67 0.3701
16435 71 79 0.3701
16435 17 48 0.2835
16453 17 55 0.2283
16471 17 64 0.2441
16489 17 55 0.2205
16507 35 76 0.2913
16507 17 60 0.3071
16543 35 80 0.4409
16543 107 65 0.2835
16543 17 43 0.2835
16561 17 55 0.2205
16579 17 79 0.3071
16579 17 62 0.2441
16597 17 77 0.2677
16597 17 55 0.2283
16614 17 76 0.2992
16614 17 59 0.3071
16632 17 74 0.2441
16650 35 72 0.2992
16650 35 64 0.2677
16650 17 48 0.2835
16668 17 55 0.1969
16686 17 60 0.2205
16704 17 55 0.1969
16722 17 64 0.1969
16758 107 76 0.2756
16758 107 67 0.2756
16758 17 48 0.2598
16776 17 55 0.1575
16793 17 60 0.2047
16811 17 55 0.1575
16829 17 64 0.1969
16865 107 76 0.252
16865 107 67 0.252
16865 107 71 0.252
16865 17 47 0.2441
16883 17 55 0.1417
16901 17 59 0.1811
16919 17 55 0.1417
16937 17 64 0.1969
16973 107 75 0.2362
16973 107 66 0.2362
16973 107 71 0.2362
16973 17 47 0.2283
16990 17 54 0.1575
17008 17 59 0.1969
17026 17 54 0.1417
17044 17 63 0.1575
17080 11 65 0.7165
17080 11 56 0.6535
17092 11 71 0.6063
17092 11 65 0.5669
17104 11 74 0.5827
17104 11 62 0.5354
17116 11 77 0.6457
17116 11 59 0.5906
17128 11 83 0.5748
17128 11 56 0.5354
17140 11 86 0.5591
17140 11 53 0.5354
17152 11 89 0.6142
17152 11 50 0.5118
17164 11 95 0.5591
17164 11 47 0.4252
17175 11 98 0.5512
17175 11 45 0.4173
17187 8 101 0.5984
17187 8 44 0.4961
17295 17 46 0.2598
17313 17 53 0.1811
17331 17 58 0.2047
17349 17 53 0.1811
17366 17 62 0.1811
17402 107 74 0.2756
17402 107 68 0.2756
17402 107 65 0.2756
17402 17 46 0.2598
17420 17 53 0.1575
17438 17 58 0.2047
17456 17 53 0.1575
17474 17 62 0.1969
17510 107 74 0.252
17510 107 69 0.252
17510 107 65 0.252
17510 17 45 0.2441
17528 17 53 0.1417
17545 17 57 0.1811
17563 17 53 0.1417
17581 17 62 0.1969
17617 107 69 0.2362
17617 107 64 0.2362
17617 107 73 0.2362
17617 17 45 0.2283
17635 17 52 0.1575
17653 17 57 0.1969
17671 17 52 0.1417
17689 17 61 0.1575
17725 11 63 0.7165
17725 11 54 0.6535
17736 11 69 0.6063
17736 11 63 0.5748
17748 11 72 0.5669
17748 11 60 0.5512
17760 11 75 0.6457
17760 11 57 0.5906
17772 11 81 0.5748
17772 11 53 0.5354
17784 11 84 0.5591
17784 11 51 0.5354
17796 11 87 0.6142
17796 11 48 0.5118
17808 11 93 0.5591
17808 11 45 0.4252
17820 11 96 0.5512
17820 11 43 0.4173
17832 8 99 0.5984
17832 8 42 0.4961
17939 17 44 0.2598
17957 17 51 0.1811
17975 17 56 0.2047
17993 17 51 0.1811
18011 17 60 0.1811
18047 107 66 0.2756
18047 107 68 0.2756
18047 107 75 0.2756
18047 17 44 0.2598
18065 17 51 0.1575
18083 17 56 0.2047
18100 17 51 0.1575
18118 17 60 0.1969
18154 205 68 0.252
18154 205 65 0.252
18154 107 75 0.252
18154 17 44 0.2441
18172 17 53 0.1417
18190 17 56 0.1811
18208 17 53 0.1417
18226 17 61 0.1969
18262 35 73 0.3071
18262 17 44 0.2441
18280 17 53 0.1417
18297 35 77 0.3228
18297 17 56 0.1811
18315 17 53 0.1417
18333 26 78 0.3701
18333 17 61 0.1969
18360 107 63 0.2677
18365 102 73 0.2756
18369 98 80 0.3701
18369 17 32 0.2441
18387 17 44 0.1417
18405 17 51 0.1417
18423 17 44 0.1417
18441 17 54 0.1811
18468 107 66 0.2283
18472 102 72 0.2283
18476 98 80 0.3465
18476 17 32 0.2441
18494 17 44 0.1417
18512 17 51 0.1417
18530 17 44 0.1417
18548 17 56 0.2126
18584 11 73 0.2835
18584 214 56 0.2126
18584 214 61 0.2126
18584 214 49 0.2126
18584 214 53 0.2126
18596 11 75 0.2362
18608 11 77 0.2362
18620 11 75 0.2835
18632 11 77 0.2441
18644 11 78 0.2441
18656 11 77 0.2756
18667 11 78 0.2362
18679 11 80 0.2441
18691 11 78 0.3071
18703 11 80 0.252
18715 11 82 0.252
18727 11 80 0.3386
18739 11 82 0.2835
18751 11 84 0.2756
18763 11 85 0.3701
18775 11 87 0.3071
18787 11 89 0.315
18799 11 90 0.4094
18799 214 56 0.2283
18799 214 60 0.2283
18799 107 51 0.2283
18799 214 49 0.2283
18811 11 89 0.3228
18823 11 87 0.3228
18835 11 89 0.3937
18846 11 87 0.3071
18858 11 85 0.3228
18870 11 87 0.378
18882 11 85 0.2992
18894 11 84 0.2992
18906 11 85 0.3307
18906 107 54 0.2205
18918 11 84 0.2756
18930 11 82 0.2756
18942 11 84 0.315
18954 11 82 0.2598
18966 11 80 0.2598
18978 11 78 0.2913
18990 11 77 0.252
19002 11 75 0.252
19014 11 73 0.3071
19014 214 56 0.2283
19014 214 61 0.2283
19014 214 49 0.2283
19014 214 52 0.2283
19026 11 75 0.2598
19037 11 76 0.2598
19049 11 75 0.3071
19061 11 76 0.2598
19073 11 78 0.2598
19085 11 76 0.2913
19097 11 78 0.252
19109 11 80 0.252
19121 11 78 0.3228
19133 11 80 0.2598
19145 11 81 0.2598
19157 11 80 0.3386
19169 11 82 0.2835
19181 11 84 0.2756
19193 11 85 0.3622
19205 11 87 0.3071
19217 11 88 0.3071
19228 11 90 0.3937
19228 250 56 0.2205
19228 214 60 0.2205
19228 107 51 0.2205
19228 250 49 0.2205
19240 11 88 0.3071
19252 11 87 0.3071
19264 11 88 0.378
19276 11 87 0.3071
19288 11 85 0.315
19300 11 87 0.3701
19312 11 85 0.2992
19324 11 84 0.2992
19336 11 85 0.3307
19336 107 54 0.2205
19348 11 83 0.2835
19360 11 81 0.2835
19372 11 83 0.3307
19384 11 81 0.2756
19396 11 80 0.2756
19407 11 78 0.315
19419 11 76 0.2677
19431 11 75 0.2677
19443 11 73 0.315
19443 35 52 0.2283
19443 35 61 0.2283
19455 11 75 0.2756
19467 11 76 0.2756
19479 11 75 0.3543
19491 11 76 0.2913
19503 11 78 0.2913
19515 11 76 0.3701
19527 11 78 0.3071
19539 11 80 0.2992
19551 71 81 0.4173
19551 11 60 0.315
19563 11 61 0.2756
19575 11 63 0.2756
19587 11 61 0.3228
19598 11 63 0.2913
19610 11 64 0.2913
19622 35 80 0.378
19622 11 66 0.3307
19634 11 64 0.2913
19646 11 63 0.2913
19658 11 73 0.315
19658 71 64 0.3543
19670 11 75 0.2756
19682 11 76 0.2756
19694 11 75 0.3622
19706 11 76 0.2913
19718 11 78 0.2913
19730 11 76 0.378
19730 35 61 0.2913
19742 11 78 0.3071
19754 11 80 0.2992
19766 71 81 0.4173
19766 11 60 0.315
19778 11 61 0.2756
19789 11 63 0.2756
19801 11 61 0.3228
19813 11 63 0.2913
19825 11 64 0.2913
19837 35 80 0.378
19837 11 66 0.3307
19849 11 64 0.2913
19861 11 63 0.2913
19873 11 76 0.3622
19873 107 64 0.3543
19885 11 78 0.2992
19897 11 79 0.2992
19909 11 78 0.4016
19921 11 79 0.315
19933 11 81 0.315
19945 11 79 0.4094
19957 11 81 0.3307
19968 11 83 0.3228
19980 71 84 0.4567
19980 11 63 0.315
19992 11 64 0.2756
20004 11 66 0.2756
20016 11 64 0.3228
20028 11 66 0.2913
20040 11 67 0.2913
20052 36 83 0.4094
20052 11 69 0.3307
20064 11 67 0.2913
20076 11 66 0.2913
20088 71 86 0.5827
20088 11 65 0.315
20100 11 66 0.2756
20112 11 68 0.2756
20124 11 66 0.3228
20136 11 68 0.2913
20148 11 69 0.2913
20159 35 85 0.4961
20159 11 71 0.3307
20171 11 69 0.2913
20183 11 68 0.2913
20195 11 78 0.4567
20195 35 66 0.3307
20207 11 80 0.3937
20219 11 81 0.3937
20231 11 80 0.4724
20243 11 81 0.378
20255 11 83 0.378
20267 35 79 0.4882
20267 35 85 0.4882
20267 11 64 0.3071
20279 11 70 0.2835
20291 11 64 0.2835
20303 17 90 0.4488
20303 17 78 0.4488
20303 11 63 0.315
20303 11 71 0.315
20315 11 64 0.2756
20327 11 66 0.2756
20339 11 64 0.3228
20350 11 66 0.2913
20362 11 67 0.2913
20374 11 78 0.5039
20374 35 75 0.3228
20374 35 69 0.3228
20386 11 83 0.4331
20398 11 78 0.4331
20410 17 88 0.4961
20410 11 76 0.4961
20410 17 68 0.3228
20422 11 78 0.3937
20434 11 80 0.3937
20446 11 78 0.4488
20458 11 80 0.378
20470 11 81 0.378
20482 35 77 0.5118
20482 35 83 0.5118
20482 11 62 0.315
20494 11 68 0.2913
20506 11 62 0.2913
20518 17 76 0.5039
20518 17 88 0.5039
20518 11 61 0.315
20518 11 69 0.315
20529 11 62 0.2756
20541 11 64 0.2756
20553 11 62 0.3228
20565 11 64 0.2913
20577 11 66 0.2913
20589 11 76 0.5118
20589 35 67 0.3228
20589 35 73 0.3228
20601 11 81 0.4331
20613 11 76 0.4331
20625 11 74 0.5197
20625 17 86 0.5197
20625 17 66 0.3228
20637 11 76 0.3937
20649 11 78 0.3937
20661 11 76 0.4488
20673 11 78 0.378
20685 11 79 0.378
20697 35 81 0.5433
20697 71 74 0.5433
20697 71 86 0.5433
20697 11 65 0.3228
20709 11 69 0.2913
20720 11 65 0.2913
20732 35 80 0.5276
20732 11 64 0.315
20744 11 66 0.2756
20756 11 68 0.2756
20768 11 66 0.3228
20780 11 68 0.2913
20792 11 69 0.2913
20804 11 81 0.5118
20804 35 65 0.3228
20804 71 71 0.3228
20804 71 74 0.3228
20816 11 86 0.4331
20828 11 81 0.4409
20840 11 80 0.5118
20840 35 64 0.3228
20852 11 81 0.4173
20864 11 83 0.4173
20876 11 81 0.4882
20888 11 83 0.4094
20899 11 84 0.4094
20911 35 81 0.5433
20911 71 74 0.5433
20911 71 86 0.5433
20911 11 65 0.3071
20923 11 69 0.2913
20935 11 65 0.2992
20947 35 80 0.5354
20947 11 64 0.315
20959 11 66 0.2756
20971 11 68 0.2756
20983 11 66 0.3228
20995 11 68 0.2913
21007 11 69 0.2913
21019 11 81 0.5118
21019 71 71 0.3228
21019 71 74 0.3228
21019 35 65 0.3228
21031 11 86 0.4488
21043 11 81 0.4488
21055 11 80 0.5039
21055 35 64 0.3228
21067 11 81 0.3937
21079 11 83 0.3937
21090 11 81 0.4488
21102 11 83 0.378
21114 11 84 0.378
21126 35 81 0.5354
21126 71 74 0.5354
21126 71 86 0.5354
21126 11 65 0.3543
21138 11 69 0.2992
21150 11 65 0.2992
21162 35 80 0.5276
21162 11 64 0.3543
21174 11 66 0.2835
21186 11 68 0.2835
21198 11 66 0.3622
21210 11 68 0.2913
21222 11 69 0.2913
21234 11 68 0.3701
21246 11 69 0.3228
21258 11 71 0.3307
21270 11 69 0.3937
21281 11 71 0.3622
21293 11 72 0.3622
21305 11 71 0.3937
21317 11 72 0.3622
21329 11 74 0.3622
21341 35 76 0.5118
21341 11 64 0.3937
21353 11 66 0.3465
21365 11 68 0.3465
21377 11 69 0.3937
21377 11 66 0.4094
21389 11 71 0.3543
21389 11 68 0.3543
21401 11 72 0.3543
21401 11 69 0.3543
21413 35 71 0.5512
21425 11 72 0.3465
21437 11 74 0.3465
21449 35 76 0.5118
21449 11 64 0.3937
21460 11 66 0.3622
21472 11 68 0.3622
21484 11 69 0.3937
21484 11 66 0.3937
21496 11 71 0.3543
21496 11 68 0.3543
21508 11 72 0.3543
21508 11 69 0.3543
21520 35 71 0.5197
21532 11 72 0.3543
21544 11 74 0.3543
21556 11 72 0.3937
21556 11 69 0.3937
21568 11 74 0.378
21568 11 71 0.3937
21580 11 76 0.3937
21580 11 72 0.4016
21592 11 77 0.3937
21592 11 74 0.4094
21604 11 79 0.4252
21604 11 76 0.4173
21616 11 81 0.4567
21616 11 77 0.4409
21628 11 79 0.4803
21628 11 76 0.4724
21640 11 77 0.4409
21640 11 74 0.4331
21651 11 76 0.4173
21651 11 72 0.4016
21663 11 74 0.4331
21663 11 71 0.4331
21675 11 72 0.4094
21675 11 69 0.4094
21687 11 71 0.378
21687 11 67 0.3937
21699 11 69 0.4409
21699 13 65 0.4646
21711 11 71 0.3937
21723 11 72 0.3937
21735 11 71 0.4173
21735 13 60 0.4409
21747 11 69 0.378
21759 11 67 0.378
21771 11 65 0.4173
21771 35 57 0.3937
21783 11 64 0.3701
21795 11 63 0.3701
21807 35 64 0.4488
21807 11 56 0.4173
21819 11 54 0.378
21831 11 52 0.378
21842 11 51 0.4094
21854 11 49 0.3701
21866 11 47 0.378
21878 11 59 0.3937
21878 35 57 0.5039
21890 11 61 0.3543
21902 11 63 0.3543
21914 11 64 0.4252
21914 11 56 0.4252
21926 11 66 0.3858
21926 11 54 0.3858
21938 11 68 0.3858
21938 11 52 0.3858
21950 35 69 0.4646
21950 11 51 0.4173
21962 11 49 0.3701
21974 11 47 0.3701
21986 11 59 0.3937
21986 35 57 0.5039
21998 11 61 0.3543
22010 11 63 0.3543
22021 11 64 0.4252
22021 11 56 0.4252
22033 11 66 0.378
22033 11 54 0.3701
22045 11 68 0.378
22045 11 52 0.3701
22057 35 69 0.4567
22057 11 51 0.4094
22069 11 49 0.3465
22081 11 47 0.3465
22093 11 59 0.3937
22093 35 57 0.5039
22105 11 61 0.3622
22117 11 63 0.3622
22129 11 64 0.4252
22129 11 56 0.3937
22141 11 66 0.3701
22141 11 54 0.3386
22153 11 68 0.3701
22153 11 52 0.3386
22165 11 66 0.4724
22165 11 54 0.4094
22177 11 68 0.4173
22177 11 52 0.3465
22189 11 69 0.4173
22189 11 51 0.3465
22201 11 68 0.5039
22201 11 52 0.4094
22212 11 69 0.4567
22212 11 51 0.3701
22224 11 71 0.4724
22224 11 50 0.3701
22236 11 69 0.5354
22236 11 52 0.4409
22248 11 71 0.4724
22248 11 50 0.4094
22260 11 72 0.4961
22260 11 48 0.4173
22272 11 71 0.5748
22272 11 50 0.4567
22284 11 72 0.4961
22284 11 48 0.4331
22296 11 74 0.5354
22296 11 47 0.4331
22308 11 72 0.622
22308 11 48 0.5118
22320 11 74 0.5354
22320 11 47 0.4646
22332 11 76 0.5827
22332 11 45 0.4646
22344 11 65 0.7323
22344 11 62 0.7165
22356 11 70 0.622
22356 11 58 0.622
22368 11 74 0.6063
22368 11 53 0.6063
22380 11 77 0.7087
22380 11 50 0.6693
22391 11 82 0.622
22391 11 46 0.5906
22403 11 86 0.622
22403 11 41 0.5906
22415 11 89 0.7008
22415 11 38 0.6614
22427 11 94 0.6142
22427 11 34 0.5984
22439 11 98 0.6142
22439 11 29 0.5984
22451 8 101 0.7559
22451 8 26 0.6929
22487 17 72 0.622
22487 17 64 0.622
22487 17 69 0.622
22487 17 76 0.7323
22487 17 60 0.6535
22487 17 52 0.5512
22487 17 57 0.5512
22523 17 68 0.5827
22523 17 76 0.6929
22523 17 71 0.5827
22523 17 64 0.5827
22523 17 52 0.4961
22523 17 59 0.5906
22523 17 56 0.4961
22559 35 69 0.5276
22559 11 60 0.4882
22571 11 59 0.4409
22582 11 57 0.4409
22594 11 56 0.4803
22606 11 54 0.4331
22618 11 52 0.4252
22630 11 64 0.5197
22630 35 62 0.5276
22642 11 66 0.4252
22654 11 68 0.4173
22666 11 69 0.5039
22666 11 60 0.4803
22678 11 71 0.4331
22678 11 59 0.4331
22690 11 72 0.4331
22690 11 57 0.4331
22702 35 74 0.5118
22702 11 56 0.4724
22714 11 54 0.4252
22726 11 52 0.4252
22738 11 64 0.5039
22738 35 62 0.5354
22750 11 66 0.4567
22762 11 68 0.4567
22773 11 69 0.5039
22773 11 60 0.4803
22785 11 71 0.4331
22785 11 59 0.4331
22797 11 72 0.4331
22797 11 57 0.4331
22809 35 74 0.5118
22809 11 56 0.4724
22821 11 54 0.4252
22833 11 52 0.4252
22845 11 64 0.5039
22845 35 62 0.5354
22857 11 66 0.4567
22869 11 68 0.4567
22881 11 69 0.5354
22881 11 60 0.5039
22893 11 71 0.4724
22893 11 59 0.4488
22905 11 72 0.4961
22905 11 57 0.4488
22917 11 71 0.5748
22917 11 56 0.5276
22929 11 72 0.4961
22929 11 57 0.4409
22941 11 74 0.5354
22941 11 59 0.4409
22952 11 72 0.622
22952 11 57 0.5669
22964 11 74 0.5354
22964 11 59 0.5039
22976 11 76 0.5827
22976 11 60 0.5039
22988 11 65 0.7323
22988 11 62 0.7165
23000 11 70 0.622
23000 11 58 0.622
23012 11 74 0.622
23012 11 53 0.622
23024 11 77 0.7087
23024 11 50 0.6772
23036 11 82 0.6063
23036 11 46 0.6063
23048 11 86 0.6063
23048 11 41 0.6063
23060 11 89 0.7087
23060 11 38 0.6772
23072 11 94 0.5984
23072 11 34 0.6142
23084 11 98 0.5984
23084 11 29 0.6063
23096 8 101 0.7638
23096 8 26 0.7323
23132 17 72 0.622
23132 17 76 0.7323
23132 17 69 0.622
23132 17 64 0.622
23132 17 57 0.5512
23132 17 52 0.5512
23132 17 60 0.6535
23167 17 68 0.5827
23167 17 71 0.5827
23167 17 64 0.5827
23167 17 76 0.6929
23167 17 56 0.4961
23167 17 52 0.4961
23167 17 59 0.5906
23203 11 65 0.7323
23203 11 62 0.7165
23215 11 70 0.6378
23215 11 58 0.622
23227 11 74 0.6299
23227 11 53 0.622
23239 11 77 0.7087
23239 11 50 0.6772
23251 11 82 0.622
23251 11 46 0.5984
23263 11 86 0.622
23263 11 41 0.5984
23275 11 89 0.7323
23275 11 38 0.6772
23287 11 94 0.622
23287 11 34 0.5984
23299 11 98 0.622
23299 11 29 0.5984
23311 8 101 0.7638
23311 8 26 0.7087
23346 17 65 0.622
23346 17 77 0.7323
23346 17 70 0.622
23346 17 74 0.622
23346 17 58 0.5512
23346 17 53 0.5512
23346 17 62 0.6535
23382 17 72 0.5827
23382 17 65 0.5827
23382 17 69 0.5827
23382 17 77 0.6929
23382 17 60 0.5906
23382 17 57 0.4961
23382 17 53 0.4961
23418 17 79 0.5827
23418 17 91 0.6929
23418 17 31 0.622
23418 17 43 0.7323
23454 17 72 0.622
23454 17 67 0.622
23454 17 79 0.7323
23454 17 75 0.622
23454 17 60 0.5512
23454 17 55 0.5512
23454 17 63 0.6535
23490 17 74 0.5827
23490 17 79 0.6929
23490 17 71 0.5827
23490 17 67 0.5827
23490 17 55 0.4961
23490 17 59 0.4961
23490 17 62 0.5906
23525 17 81 0.5827
23525 17 93 0.6929
23525 17 45 0.7323
23525 17 33 0.622
23561 17 74 0.622
23561 17 81 0.7323
23561 17 77 0.622
23561 17 69 0.622
23561 17 62 0.5512
23561 17 57 0.5512
23561 17 65 0.6535
23597 17 69 0.5827
23597 17 81 0.6929
23597 17 73 0.5827
23597 17 76 0.5827
23597 17 57 0.4961
23597 17 61 0.4961
23597 17 64 0.5906
23633 8 70 0.4646
23633 8 67 0.3937
23633 8 55 0.3307
23633 8 58 0.3937
23651 8 67 0.4094
23651 8 70 0.4882
23651 8 58 0.3858
23651 8 55 0.3228
23669 8 70 0.4252
23669 8 67 0.4252
23669 8 73 0.5039
23669 8 55 0.3465
23669 8 58 0.4094
23669 8 52 0.3465
23687 8 70 0.5276
23687 8 67 0.4409
23687 8 73 0.5276
23687 8 52 0.3543
23687 8 58 0.4252
23687 8 55 0.3543
23704 8 70 0.4646
23704 8 67 0.4646
23704 8 76 0.5512
23704 8 73 0.4646
23704 8 49 0.3701
23704 8 55 0.3701
23704 8 52 0.3701
23704 8 58 0.4409
23722 8 70 0.4882
23722 8 76 0.5748
23722 8 73 0.4882
23722 8 67 0.4882
23722 8 49 0.3858
23722 8 55 0.3858
23722 8 52 0.3858
23722 8 58 0.4567
23740 8 70 0.5039
23740 8 79 0.5984
23740 8 73 0.5039
23740 8 76 0.5039
23740 8 46 0.4016
23740 8 52 0.4016
23740 8 49 0.4016
23740 8 55 0.4724
23758 8 76 0.5276
23758 8 70 0.5276
23758 8 73 0.5276
23758 8 79 0.622
23758 8 46 0.4094
23758 8 52 0.4094
23758 8 49 0.4094
23758 8 55 0.4882
23776 8 76 0.5433
23776 8 79 0.5433
23776 8 73 0.5433
23776 8 82 0.6457
23776 8 46 0.4252
23776 8 49 0.4252
23776 8 52 0.5039
23776 8 43 0.4252
23794 8 76 0.5669
23794 8 73 0.5669
23794 8 79 0.5669
23794 8 82 0.6693
23794 8 43 0.4409
23794 8 49 0.4409
23794 8 46 0.4409
23794 8 52 0.5197
23812 8 76 0.5748
23812 8 85 0.685
23812 8 79 0.5748
23812 8 82 0.5748
23812 8 40 0.4567
23812 8 46 0.4567
23812 8 43 0.4567
23812 8 49 0.5433
23830 8 82 0.5984
23830 8 85 0.7087
23830 8 76 0.5984
23830 8 79 0.5984
23830 8 40 0.4882
23830 8 46 0.4882
23830 8 43 0.4882
23830 8 49 0.5827
23848 17 81 0.7087
23848 17 74 0.6693
23848 17 77 0.6693
23848 17 86 0.7874
23848 17 45 0.5748
23848 17 41 0.5748
23848 17 50 0.685
23955 17 77 0.6693
23955 17 86 0.7717
23955 17 81 0.6693
23955 17 89 0.7874
23955 17 41 0.5748
23955 17 38 0.5748
23955 17 50 0.685
23955 17 45 0.5748
24063 17 69 0.3307
24063 17 76 0.3937
24063 17 52 0.3307
24063 17 60 0.3937
24170 17 68 0.3307
24170 17 76 0.3937
24170 17 59 0.3937
24170 17 52 0.3307
24277 89 73 0.2992
24277 214 64 0.2598
24277 17 45 0.2835
24295 17 52 0.1732
24313 17 57 0.2126
24331 17 52 0.1732
24349 17 61 0.2835
24367 8 74 0.2835
24376 8 73 0.2441
24385 35 71 0.2835
24385 17 44 0.2835
24403 17 52 0.2047
24421 35 74 0.2992
24421 17 59 0.2441
24439 17 52 0.2047
24456 35 77 0.3307
24456 17 62 0.2756
24492 107 64 0.2598
24492 71 76 0.315
24492 17 45 0.2598
24510 17 52 0.1811
24528 17 61 0.2047
24546 17 52 0.1732
24564 35 73 0.2677
24564 17 57 0.2835
24600 107 64 0.2598
24600 71 76 0.315
24600 17 44 0.2835
24618 17 52 0.2126
24635 17 56 0.2441
24653 17 52 0.2047
24671 35 74 0.2677
24671 17 59 0.2756
24707 89 73 0.2992
24707 214 64 0.2992
24707 17 45 0.2677
24725 17 52 0.2126
24743 17 57 0.2283
24761 17 52 0.2047
24779 17 61 0.2835
24797 8 74 0.2756
24806 8 73 0.2441
24815 35 71 0.2835
24815 17 44 0.2835
24832 17 52 0.2126
24850 35 74 0.2992
24850 17 59 0.2441
24868 17 52 0.2126
24886 35 77 0.3307
24886 17 62 0.2756
24922 107 64 0.2598
24922 71 76 0.315
24922 17 45 0.2598
24940 17 52 0.1811
24958 17 61 0.2126
24976 17 52 0.1732
24994 35 73 0.2677
24994 17 57 0.2835
25029 107 64 0.3701
25029 71 76 0.3701
25029 17 44 0.2992
25047 17 52 0.2205
25065 17 56 0.2756
25083 17 52 0.2205
25101 35 74 0.3543
25101 17 59 0.2756
25137 71 77 0.4173
25137 107 65 0.4173
25137 17 44 0.2992
25155 17 53 0.2362
25173 17 56 0.2835
25190 17 53 0.2441
25208 35 74 0.3858
25208 17 59 0.3071
25244 71 78 0.4488
25244 107 66 0.4488
25244 17 45 0.3701
25262 17 54 0.2598
25280 17 57 0.2835
25298 17 54 0.2598
25316 35 74 0.3858
25316 17 62 0.3228
25352 35 73 0.4173
25352 107 67 0.4173
25352 17 45 0.378
25370 17 57 0.2756
25387 35 82 0.4803
25387 17 64 0.315
25405 17 57 0.2756
25423 35 81 0.4331
25423 17 64 0.3465
25459 107 69 0.2598
25459 71 79 0.3937
25459 17 50 0.3071
25477 17 57 0.189
25495 17 62 0.2047
25513 17 57 0.1732
25531 35 78 0.3543
25531 17 66 0.2441
25566 35 73 0.3858
25566 107 64 0.3858
25566 17 42 0.2992
25584 17 54 0.2362
25602 35 79 0.4173
25602 17 61 0.2598
25620 17 54 0.2283
25638 35 78 0.3543
25638 17 58 0.2992
25674 107 66 0.2598
25674 71 76 0.378
25674 17 47 0.2835
25692 17 54 0.1969
25710 17 59 0.2205
25728 17 54 0.2047
25746 35 74 0.3543
25746 17 62 0.2441
25781 107 64 0.2598
25781 71 76 0.315
25781 17 44 0.2835
25799 17 52 0.2126
25817 17 62 0.2283
25835 17 52 0.2126
25853 35 74 0.2677
25853 17 59 0.2756
25889 107 64 0.2598
25889 71 76 0.315
25889 17 45 0.2598
25907 17 52 0.2205
25925 17 61 0.2283
25942 17 52 0.2205
25960 35 73 0.2677
25960 17 57 0.2835
25996 107 62 0.2598
25996 35 77 0.4016
25996 17 40 0.2598
26014 17 52 0.2283
26032 17 76 0.2835
26032 17 59 0.2283
26050 17 74 0.2441
26050 17 52 0.2283
26068 17 73 0.2756
26068 17 56 0.2835
26086 17 71 0.2283
26104 53 69 0.2756
26104 35 61 0.2205
26104 17 45 0.2598
26122 17 52 0.2047
26139 17 61 0.2047
26157 17 71 0.2992
26157 17 52 0.2047
26175 17 73 0.3386
26175 17 57 0.2362
26193 17 74 0.3622
26211 107 67 0.4252
26211 35 73 0.4252
26211 17 45 0.3465
26229 17 57 0.2835
26247 35 82 0.4646
26247 17 64 0.2992
26265 17 57 0.2835
26283 35 81 0.4252
26283 17 64 0.3465
26318 71 79 0.4094
26318 107 69 0.4094
26318 17 50 0.3071
26336 17 57 0.2047
26354 17 62 0.2047
26372 17 57 0.2047
26390 35 78 0.3858
26390 17 66 0.2441
26426 107 64 0.3937
26426 35 73 0.3937
26426 17 42 0.315
26444 17 54 0.2362
26462 35 79 0.4409
26462 17 61 0.2835
26480 17 54 0.2283
26497 35 78 0.4016
26497 17 58 0.2992
26533 71 76 0.378
26533 107 66 0.2598
26533 17 47 0.2835
26551 17 54 0.2047
26569 17 59 0.2047
26587 17 54 0.2047
26605 35 74 0.3543
26605 17 62 0.2441
26641 71 76 0.3386
26641 107 64 0.3386
26641 17 44 0.2835
26659 17 52 0.2126
26677 17 62 0.2205
26694 17 52 0.2205
26712 35 74 0.2835
26712 17 59 0.2756
26748 71 76 0.3386
26748 107 64 0.3386
26748 17 45 0.2598
26766 17 52 0.2126
26784 17 61 0.2283
26802 17 52 0.2047
26820 35 73 0.2677
26820 17 57 0.2835
26856 35 77 0.4016
26856 107 62 0.2598
26856 17 40 0.2598
26873 17 52 0.2047
26891 17 76 0.2835
26891 17 59 0.2283
26909 17 74 0.2441
26909 17 52 0.2126
26927 17 73 0.2756
26927 17 56 0.2835
26945 17 71 0.2283
26963 107 69 0.2756
26963 89 61 0.2441
26963 17 45 0.2598
26981 17 52 0.1811
26999 17 57 0.2047
27017 17 52 0.1811
27035 35 61 0.1811
27070 17 69 0.7008
27070 107 45 0.5669
27070 107 48 0.5669
27070 107 52 0.5669
27070 107 57 0.6693
27088 8 71 0.6535
27097 8 72 0.5906
27106 8 74 0.5984
27115 8 76 0.6142
27124 8 78 0.6299
27133 8 80 0.6457
27142 8 81 0.6535
27151 8 83 0.6693
27160 8 84 0.685
27169 8 86 0.6929
27178 8 76 0.6378
27178 8 88 0.7559
27178 8 52 0.4882
27178 8 56 0.5827
27196 8 87 0.6693
27196 8 75 0.5669
27196 8 53 0.4331
27196 8 57 0.5118
27214 8 88 0.7244
27214 8 76 0.6142
27214 8 52 0.4724
27214 8 56 0.5591
27232 8 75 0.5669
27232 8 87 0.6693
27232 8 53 0.4331
27232 8 57 0.5118
27249 8 88 0.7402
27249 8 76 0.622
27249 8 52 0.4882
27249 8 56 0.5827
27285 17 67 0.7008
27285 107 47 0.5669
27285 107 50 0.5669
27285 107 55 0.6693
27285 107 43 0.5669
27303 8 69 0.6535
27312 8 71 0.5906
27321 8 72 0.5984
27330 8 74 0.6142
27339 8 76 0.6299
27348 8 78 0.6457
27357 8 79 0.6535
27366 8 81 0.6693
27375 8 83 0.685
27384 8 85 0.6929
27393 8 74 0.6299
27393 8 86 0.748
27393 8 50 0.4961
27393 8 54 0.5906
27411 8 85 0.6772
27411 8 73 0.5748
27411 8 52 0.4331
27411 8 55 0.5118
27429 8 74 0.6142
27429 8 86 0.7244
27429 8 50 0.4803
27429 8 54 0.5669
27446 8 85 0.6693
27446 8 73 0.5669
27446 8 52 0.4252
27446 8 55 0.5039
27464 8 86 0.748
27464 8 74 0.6299
27464 8 50 0.4882
27464 8 54 0.5827
27500 71 53 0.5354
27500 71 45 0.4488
27500 71 41 0.4488
27500 71 48 0.4488
27509 8 77 0.6063
27518 8 81 0.6063
27527 8 84 0.6378
27536 8 89 0.685
27545 8 93 0.6299
27554 8 96 0.622
27563 8 101 0.5906
27572 8 100 0.7008
27572 17 48 0.4331
27572 17 57 0.5118
27572 17 45 0.4331
27572 17 52 0.4331
27608 8 74 0.7087
27608 17 50 0.4567
27608 17 58 0.5433
27608 17 46 0.4567
27608 17 53 0.4567
27616 8 77 0.6378
27625 8 82 0.6378
27634 8 86 0.6378
27643 8 77 0.7087
27643 17 50 0.4409
27643 17 59 0.5276
27643 17 56 0.4409
27643 17 47 0.4409
27652 8 80 0.6378
27661 8 86 0.6378
27670 8 89 0.6378
27679 8 76 0.7087
27679 17 57 0.4252
27679 17 52 0.4252
27679 17 48 0.4252
27679 17 60 0.5039
27688 8 81 0.622
27697 8 84 0.622
27706 8 88 0.622
27715 8 74 0.6929
27715 17 59 0.4409
27715 17 62 0.5276
27715 17 50 0.4409
27715 17 53 0.4409
27724 8 77 0.6142
27733 8 83 0.6142
27742 8 86 0.6142
27751 8 72 0.6693
27751 17 60 0.4094
27751 17 57 0.4094
27751 17 52 0.4094
27751 17 64 0.4882
27760 8 76 0.5984
27769 8 81 0.5984
27778 8 84 0.5984
27787 8 71 0.6772
27787 17 59 0.4094
27787 17 64 0.4882
27787 17 52 0.4094
27787 17 56 0.4094
27796 8 76 0.5906
27804 8 80 0.5984
27813 8 83 0.5984
27822 11 69 0.6142
27822 11 57 0.5197
27822 17 45 0.4646
27834 11 59 0.4646
27834 11 71 0.5512
27846 11 60 0.4567
27846 11 72 0.5433
27858 11 71 0.6063
27858 11 59 0.5118
27870 11 72 0.5591
27870 11 60 0.4724
27882 11 74 0.5669
27882 11 62 0.4803
27894 35 64 0.5827
27894 35 76 0.6929
27894 11 40 0.4016
27894 11 52 0.4803
27906 11 54 0.4409
27906 11 42 0.3701
27918 11 56 0.4409
27918 11 44 0.3701
27930 11 57 0.5197
27930 11 69 0.6142
27930 11 42 0.3937
27930 11 54 0.4646
27942 11 71 0.5512
27942 11 59 0.4646
27942 11 56 0.4803
27942 11 44 0.4016
27954 11 60 0.4567
27954 11 72 0.5433
27954 11 57 0.4173
27954 11 45 0.3543
27966 11 59 0.5118
27966 11 71 0.6063
27966 35 59 0.5197
27966 35 47 0.4409
27978 11 72 0.5591
27978 11 60 0.4724
27989 11 62 0.4803
27989 11 74 0.5669
28001 35 76 0.6929
28001 35 64 0.5827
28001 11 52 0.4803
28001 11 40 0.4016
28013 11 42 0.3701
28013 11 54 0.4409
28025 11 44 0.3701
28025 11 56 0.4409
28037 11 69 0.5591
28037 11 81 0.6614
28037 11 54 0.4646
28037 11 42 0.3937
28049 11 71 0.5039
28049 11 83 0.5984
28049 11 56 0.4803
28049 11 44 0.4016
28061 11 84 0.5984
28061 11 72 0.5039
28061 11 57 0.4173
28061 11 45 0.3543
28073 11 83 0.6693
28073 11 71 0.5669
28073 35 59 0.5512
28073 35 47 0.4646
28085 11 84 0.6063
28085 11 72 0.5118
28097 11 74 0.5118
28097 11 86 0.6063
28109 35 76 0.6299
28109 35 88 0.748
28109 11 52 0.4803
28109 11 40 0.4016
28121 11 42 0.3701
28121 11 54 0.4409
28133 11 44 0.3701
28133 11 56 0.4409
28145 11 81 0.6614
28145 11 69 0.5591
28145 11 54 0.4646
28145 11 42 0.3937
28157 11 71 0.5039
28157 11 83 0.5984
28157 11 56 0.4803
28157 11 44 0.4016
28169 11 72 0.5039
28169 11 84 0.5984
28169 11 57 0.4173
28169 11 45 0.3543
28180 11 71 0.5669
28180 11 83 0.6693
28180 35 47 0.4646
28180 35 59 0.5512
28192 11 84 0.6063
28192 11 72 0.5118
28204 11 74 0.5118
28204 11 86 0.6063
28216 35 76 0.6299
28216 35 88 0.748
28216 11 40 0.4488
28216 11 52 0.5354
28228 11 54 0.4646
28228 11 42 0.3937
28240 11 56 0.4488
28240 11 44 0.378
28252 17 81 0.6299
28252 17 76 0.6299
28252 17 72 0.6299
28252 17 84 0.748
28252 11 45 0.4409
28252 11 57 0.5276
28264 11 59 0.4567
28264 11 47 0.3858
28276 11 60 0.4567
28276 11 48 0.3858
28288 11 59 0.5197
28288 11 47 0.4409
28300 11 60 0.4646
28300 11 48 0.3937
28312 11 62 0.4646
28312 11 50 0.3937
28324 17 83 0.7165
28324 17 76 0.6063
28324 17 80 0.6063
28324 17 71 0.6063
28324 17 64 0.5512
28324 17 52 0.4646
28360 17 84 0.748
28360 17 76 0.6299
28360 17 81 0.6299
28360 17 72 0.6299
28360 11 57 0.5276
28360 11 45 0.4409
28371 11 47 0.3858
28371 11 59 0.4567
28383 11 60 0.4567
28383 11 48 0.3858
28395 11 47 0.4409
28395 11 59 0.5197
28407 11 48 0.3937
28407 11 60 0.4646
28419 11 50 0.3937
28419 11 62 0.4646
28431 17 71 0.6063
28431 17 76 0.6063
28431 17 80 0.6063
28431 17 83 0.7165
28431 17 52 0.4646
28431 17 64 0.5512
28467 17 81 0.6299
28467 17 84 0.748
28467 17 76 0.6299
28467 17 72 0.6299
28467 11 33 0.4409
28467 11 45 0.5276
28479 11 47 0.4567
28479 11 35 0.3858
28491 11 48 0.4567
28491 11 36 0.3858
28503 11 35 0.4409
28503 11 47 0.5197
28515 11 36 0.3937
28515 11 48 0.4646
28527 11 38 0.3937
28527 11 50 0.4646
28539 17 80 0.7165
28539 17 76 0.6063
28539 17 71 0.6063
28539 17 83 0.7165
28539 17 40 0.4646
28539 17 52 0.5512
28574 17 69 0.6299
28574 17 81 0.748
28574 17 72 0.6299
28574 17 76 0.6299
28574 17 33 0.4803
28574 17 45 0.5669
28682 17 64 0.5669
28682 17 57 0.5669
28682 17 60 0.5669
28682 17 69 0.6693
28682 17 36 0.3858
28682 17 40 0.3858
28682 17 45 0.4567
28682 17 33 0.3858
28718 17 60 0.5827
28718 17 64 0.5827
28718 17 57 0.5827
28718 17 69 0.6929
28718 17 33 0.4094
28718 17 40 0.4094
28718 17 45 0.4882
28718 17 36 0.4094
28753 17 60 0.5984
28753 17 57 0.5984
28753 17 64 0.5984
28753 17 69 0.7087
28753 17 33 0.4409
28753 17 40 0.4409
28753 17 45 0.5276
28753 17 36 0.4409
28789 17 57 0.6063
28789 17 69 0.7165
28789 17 60 0.6063
28789 17 64 0.6063
28789 17 33 0.4488
28789 17 40 0.4488
28789 17 45 0.5354
28789 17 36 0.4488
