0 12 51 0.2283
12 12 58 0.2047
25 12 54 0.2126
38 12 59 0.2598
51 12 51 0.2362
63 12 59 0.252
76 12 50 0.2835
89 12 59 0.2283
102 12 53 0.2283
115 12 58 0.252
127 12 50 0.2205
140 12 58 0.2126
153 12 51 0.2598
166 12 58 0.2362
178 12 54 0.2362
191 12 59 0.2913
204 12 51 0.2677
217 12 59 0.2835
230 12 50 0.3228
242 12 59 0.2835
255 12 53 0.2598
268 12 58 0.2992
281 12 50 0.2677
293 12 58 0.252
306 12 51 0.2913
319 12 58 0.2677
332 12 54 0.2756
345 12 59 0.3465
357 12 51 0.3228
370 12 60 0.3465
383 12 53 0.378
396 12 60 0.3543
408 12 56 0.3543
422 12 63 0.3858
435 12 57 0.3465
447 12 61 0.3071
460 12 54 0.3307
472 12 61 0.2913
485 12 58 0.2992
498 12 63 0.3858
511 12 54 0.3543
523 12 64 0.3858
536 12 57 0.4252
549 12 64 0.3937
562 12 60 0.4016
575 12 66 0.4252
587 12 61 0.3386
600 12 65 0.315
613 12 58 0.3701
626 12 65 0.3307
638 12 61 0.3465
651 12 66 0.3543
664 12 58 0.4094
677 12 66 0.4252
690 12 57 0.4409
702 12 66 0.3937
715 12 60 0.3701
728 12 65 0.378
741 12 57 0.3543
753 12 65 0.3543
766 12 58 0.378
779 12 65 0.3543
792 12 61 0.3622
805 12 66 0.4488
817 12 57 0.4173
830 12 66 0.4331
843 12 56 0.5118
856 12 66 0.4724
869 12 62 0.4094
881 12 65 0.4252
894 12 59 0.3937
907 12 65 0.3701
920 12 56 0.5433
932 12 64 0.4567
945 12 59 0.4488
958 12 62 0.4882
971 12 56 0.4016
984 12 62 0.4094
996 12 55 0.4331
1009 12 62 0.3858
1022 12 58 0.3858
1035 12 65 0.3937
1047 12 55 0.4409
1060 12 63 0.4331
1073 12 53 0.5276
1086 12 61 0.4646
1099 12 55 0.4567
1111 12 59 0.4961
1124 12 53 0.4094
1137 12 59 0.4173
1150 12 52 0.4409
1162 12 59 0.3937
1175 12 55 0.3858
1188 12 61 0.4016
1201 12 52 0.4409
1214 12 60 0.4567
1226 12 54 0.5512
1239 12 62 0.4646
1252 12 57 0.4646
1265 12 60 0.4961
1277 12 54 0.4173
1290 12 60 0.4252
1303 12 53 0.4488
1316 12 60 0.4016
1329 12 56 0.4016
1341 12 63 0.4173
1354 12 53 0.4567
1367 12 61 0.4646
1380 12 51 0.5591
1392 12 59 0.4803
1405 12 53 0.4724
1418 12 57 0.4803
1431 12 51 0.4173
1444 12 57 0.4252
1456 12 50 0.4409
1469 12 57 0.4016
1482 12 53 0.4016
1495 12 58 0.5197
1507 12 54 0.4567
1520 12 58 0.4724
1533 12 51 0.5906
1546 12 58 0.5354
1559 12 54 0.5433
1571 12 59 0.6142
1584 12 54 0.5906
1597 12 59 0.6063
1610 12 50 0.6299
1623 12 59 0.5276
1635 12 53 0.5118
1648 12 58 0.5276
1661 12 50 0.4646
1674 12 58 0.4567
1686 12 51 0.5276
1699 12 58 0.4646
1712 12 54 0.4803
1725 12 59 0.6299
1738 12 55 0.5827
1750 12 59 0.5906
1763 12 50 0.6535
1776 12 59 0.5748
1789 12 54 0.5827
1801 12 58 0.6299
1814 12 53 0.5669
1827 12 58 0.5433
1840 12 51 0.5591
1853 12 58 0.4961
1865 12 54 0.4961
1878 12 59 0.6142
1891 12 51 0.5748
1904 12 59 0.5748
1916 12 53 0.6693
1929 12 61 0.5984
1942 12 57 0.5984
1955 12 61 0.6772
1968 12 53 0.6457
1980 12 61 0.6142
1993 12 54 0.6142
2006 12 61 0.5591
2019 12 57 0.5669
2031 12 62 0.6535
2044 12 54 0.6063
2057 12 62 0.622
2070 12 58 0.7087
2083 12 63 0.6535
2095 12 54 0.6457
2108 12 64 0.7638
2121 12 55 0.7087
2134 12 65 0.6693
2146 12 56 0.6614
2159 12 59 0.5827
2172 12 54 0.5748
2185 12 59 0.6299
2198 12 53 0.5591
2210 12 59 0.5512
2223 12 51 0.622
2236 12 56 0.5512
2249 12 50 0.5512
2261 12 54 0.5748
2274 12 51 0.5276
2287 12 54 0.5197
2300 12 44 0.5906
2313 12 54 0.5039
2325 12 51 0.4882
2338 12 54 0.5118
2351 12 44 0.4567
2364 12 54 0.4488
2376 12 46 0.5039
2389 12 54 0.4409
2402 12 51 0.4331
2415 12 54 0.4567
2428 12 46 0.3937
2440 12 54 0.3858
2453 12 51 0.4409
2466 12 58 0.3858
2479 12 51 0.378
2492 12 59 0.4016
2504 12 51 0.3543
2517 12 61 0.3386
2530 12 51 0.378
2543 12 58 0.3386
2555 12 51 0.3307
2568 12 59 0.3543
2581 12 51 0.3071
2594 12 61 0.2992
2607 12 51 0.3386
2619 12 61 0.2913
2632 12 51 0.2835
2645 12 59 0.3071
2658 12 51 0.2756
2670 12 58 0.2756
2683 12 51 0.2913
2696 12 56 0.2677
2709 12 51 0.252
2722 12 58 0.2677
2734 12 51 0.2362
2747 12 58 0.2283
2760 38 51 0.2835
0 12 39 0.189
12 12 46 0.1654
25 12 42 0.1732
38 12 47 0.2126
51 12 39 0.1969
63 12 47 0.2047
76 12 38 0.2362
89 12 47 0.189
102 12 41 0.189
115 12 46 0.2047
127 12 38 0.1811
140 12 46 0.1811
153 12 39 0.2126
166 12 46 0.189
178 12 42 0.189
191 12 47 0.252
204 12 39 0.2205
217 12 47 0.2362
230 12 38 0.2756
242 12 47 0.2205
255 12 41 0.2047
268 12 46 0.252
281 12 38 0.2205
293 12 46 0.189
306 12 39 0.252
319 12 46 0.2205
332 12 42 0.2283
345 12 47 0.2835
357 12 39 0.2677
370 12 48 0.2913
383 12 41 0.315
396 12 48 0.2835
408 12 44 0.2598
422 12 51 0.315
435 12 45 0.2598
447 12 49 0.2283
460 12 42 0.2756
472 12 49 0.2441
485 12 46 0.252
498 12 51 0.3228
511 12 42 0.2992
523 12 52 0.3228
536 12 45 0.3543
549 12 52 0.2992
562 12 48 0.3071
575 12 54 0.3386
587 12 49 0.2835
600 12 53 0.252
613 12 46 0.3071
626 12 53 0.2835
638 12 49 0.2913
651 12 54 0.3622
664 12 46 0.3386
677 12 54 0.3543
690 12 45 0.3465
702 12 54 0.315
715 12 48 0.315
728 12 53 0.3307
741 12 45 0.2913
753 12 53 0.2835
766 12 46 0.315
779 12 53 0.2913
792 12 49 0.3071
805 12 54 0.3701
817 12 45 0.3465
830 12 54 0.3622
843 12 44 0.4331
856 12 54 0.3937
869 12 50 0.3386
881 12 53 0.3622
894 12 47 0.3307
907 12 53 0.315
920 12 44 0.4488
932 12 52 0.378
945 12 47 0.378
958 12 50 0.4016
971 12 44 0.3307
984 12 50 0.3465
996 12 43 0.3622
1009 12 50 0.3228
1022 12 46 0.315
1035 12 53 0.3307
1047 12 43 0.3701
1060 12 51 0.3701
1073 12 41 0.4331
1086 12 49 0.3858
1099 12 43 0.3858
1111 12 47 0.4094
1124 12 41 0.3386
1137 12 47 0.3543
1150 12 40 0.3701
1162 12 47 0.3307
1175 12 43 0.3228
1188 12 49 0.3465
1201 12 40 0.378
1214 12 48 0.378
1226 12 42 0.4252
1239 12 50 0.3858
1252 12 45 0.3937
1265 12 48 0.4173
1277 12 42 0.3465
1290 12 48 0.3622
1303 12 41 0.378
1316 12 48 0.3386
1329 12 44 0.3307
1341 12 51 0.3543
1354 12 41 0.378
1367 12 49 0.378
1380 12 39 0.4803
1392 12 47 0.4016
1405 12 41 0.3937
1418 12 45 0.3937
1431 12 39 0.3543
1444 12 45 0.3543
1456 12 38 0.3701
1469 12 45 0.3465
1482 12 41 0.3465
1495 12 46 0.4409
1507 12 42 0.3937
1520 12 46 0.3937
1533 12 39 0.5039
1546 12 46 0.4488
1559 12 42 0.4567
1571 12 47 0.5197
1584 12 42 0.4961
1597 12 47 0.5118
1610 12 38 0.5276
1623 12 47 0.4252
1635 12 41 0.4173
1648 12 46 0.4488
1661 12 38 0.3937
1674 12 46 0.3858
1686 12 39 0.4409
1699 12 46 0.3858
1712 12 42 0.4016
1725 12 47 0.5118
1738 12 43 0.4488
1750 12 47 0.4567
1763 12 38 0.5591
1776 12 47 0.4882
1789 12 42 0.4961
1801 12 46 0.5276
1814 12 41 0.4803
1827 12 46 0.4567
1840 12 39 0.4646
1853 12 46 0.4252
1865 12 42 0.4252
1878 12 47 0.5118
1891 12 39 0.4724
1904 12 47 0.4803
1916 12 41 0.5512
1929 12 49 0.5197
1942 12 45 0.4882
1955 12 49 0.5591
1968 12 41 0.5433
1980 12 49 0.5276
1993 12 42 0.5118
2006 12 49 0.4646
2019 12 45 0.4724
2031 12 50 0.5512
2044 12 42 0.5197
2057 12 50 0.5197
2070 12 46 0.6063
2083 12 51 0.5512
2095 12 42 0.5354
2108 12 52 0.6378
2121 12 43 0.6063
2134 12 53 0.5906
2146 12 44 0.5748
2159 12 47 0.4961
2172 12 42 0.4882
2185 12 47 0.5354
2198 12 41 0.4724
2210 12 47 0.4646
2223 12 39 0.5276
2236 12 44 0.4646
2249 12 38 0.4646
2261 12 42 0.4882
2274 12 39 0.4409
2287 12 42 0.4331
2300 12 32 0.4882
2313 12 42 0.4173
2325 12 39 0.4016
2338 12 42 0.4409
2351 12 32 0.3858
2364 12 42 0.378
2376 12 34 0.4252
2389 12 42 0.3701
2402 12 39 0.3622
2415 12 42 0.3858
2428 12 34 0.3307
2440 12 42 0.3228
2453 12 39 0.378
2466 12 46 0.3228
2479 12 39 0.315
2492 12 47 0.3386
2504 12 39 0.2992
2517 12 49 0.2835
2530 12 39 0.3228
2543 12 46 0.2835
2555 12 39 0.2835
2568 12 47 0.2913
2581 12 39 0.252
2594 12 49 0.252
2607 12 39 0.2835
2619 12 49 0.252
2632 12 39 0.2441
2645 12 47 0.252
2658 12 39 0.2205
2670 12 46 0.2205
2683 12 39 0.2441
2696 12 44 0.2205
2709 12 39 0.2126
2722 12 46 0.2205
2734 12 39 0.1969
2747 12 46 0.189
2760 38 27 0.2441
