0 83 62 0.5276
0 83 74 0.5906
83 11 74 0.5748
83 11 62 0.5118
95 83 62 0.5276
95 83 74 0.5906
178 11 74 0.5591
178 11 62 0.4961
190 83 62 0.5512
190 83 74 0.6142
274 11 62 0.5197
274 11 74 0.5827
286 83 74 0.6142
286 83 62 0.5512
369 11 62 0.5276
369 11 74 0.5906
381 47 62 0.5512
381 47 74 0.6142
429 95 74 0.6142
429 95 62 0.5512
525 95 62 0.5512
525 95 74 0.6142
620 71 62 0.5512
620 71 74 0.6142
692 47 74 0.5906
692 47 62 0.5276
739 11 74 0.5984
739 11 62 0.5354
811 95 79 0.6535
811 95 67 0.6535
906 71 67 0.5512
906 71 79 0.6142
978 47 67 0.5512
978 47 79 0.6142
1026 11 79 0.5984
1026 11 67 0.5354
1050 11 86 0.7638
1050 11 74 0.685
1050 11 78 0.685
1073 11 86 0.6929
1073 11 74 0.622
1073 11 79 0.622
1097 23 86 0.7402
1097 23 74 0.6614
1097 23 78 0.6614
1145 63 59 0.5669
1145 63 67 0.6299
1209 11 59 0.5276
1209 11 67 0.5906
1225 11 67 0.5906
1225 11 59 0.5276
1240 63 67 0.6378
1240 63 59 0.5669
1304 11 67 0.5906
1304 11 59 0.5276
1320 11 59 0.5197
1320 11 67 0.5827
1336 71 59 0.5669
1336 71 67 0.6299
1408 11 67 0.5197
1408 11 71 0.5827
1431 11 69 0.5669
1431 11 72 0.6299
1455 11 67 0.5197
1455 11 71 0.5827
1479 11 69 0.5669
1479 11 72 0.6299
1503 11 62 0.5591
1503 11 69 0.622
1527 63 74 0.6299
1527 63 71 0.5669
1590 11 74 0.5906
1590 11 71 0.5276
1606 11 71 0.5276
1606 11 74 0.5906
1622 63 71 0.5669
1622 63 74 0.6378
1686 11 74 0.5906
1686 11 71 0.5276
1702 11 71 0.5197
1702 11 74 0.5827
1718 11 72 0.5669
1718 11 76 0.6299
1742 11 71 0.5433
1742 11 74 0.6063
1765 11 69 0.5433
1765 11 72 0.6063
1789 11 68 0.5906
1789 11 64 0.5276
1789 11 71 0.5906
1813 11 69 0.6457
1813 11 64 0.5748
1837 11 64 0.5433
1837 11 68 0.5433
1837 11 71 0.6063
1861 11 64 0.5276
1861 11 69 0.5748
1861 11 72 0.6457
1909 11 74 0.5039
1909 11 78 0.5669
1933 11 76 0.5197
1933 11 73 0.4646
1956 11 74 0.5591
1956 11 71 0.4961
1980 11 70 0.5276
1980 11 73 0.5276
1980 11 66 0.4724
2004 11 66 0.4882
2004 11 71 0.5433
2028 11 66 0.4488
2028 11 70 0.5039
2028 11 73 0.5039
2052 11 66 0.4724
2052 11 71 0.5276
2052 11 74 0.5276
2100 11 76 0.5039
2100 11 80 0.5669
2123 11 78 0.5197
2123 11 75 0.4646
2147 11 73 0.4961
2147 11 76 0.5591
2171 11 68 0.4724
2171 11 72 0.5276
2171 11 75 0.5276
2195 11 68 0.4882
2195 11 73 0.5433
2219 11 72 0.5039
2219 11 68 0.4488
2219 11 75 0.5039
2243 11 73 0.5276
2243 11 76 0.5276
2243 11 68 0.4724
2290 23 78 0.4252
2290 23 81 0.4803
2314 23 76 0.3858
2314 23 79 0.4331
2338 23 78 0.4724
2338 23 74 0.4252
2362 23 69 0.3937
2362 23 76 0.4409
2386 23 78 0.4252
2386 23 81 0.4803
2410 23 79 0.4331
2410 23 76 0.3858
2434 23 74 0.4252
2434 23 78 0.4724
2458 23 69 0.4094
2458 23 76 0.4567
2481 23 81 0.4882
2481 23 78 0.4331
2505 23 76 0.4016
2505 23 79 0.4488
2529 23 74 0.4409
2529 23 78 0.4961
2553 23 76 0.4646
2553 23 69 0.4173
2577 23 78 0.4409
2577 23 81 0.4961
2601 23 79 0.4646
2601 23 76 0.4173
2625 23 74 0.4409
2625 23 78 0.4961
2648 23 69 0.4252
2648 23 76 0.4803
2672 23 86 0.5433
2672 23 83 0.4882
2696 23 81 0.4409
2696 23 84 0.4961
2720 23 79 0.4803
2720 23 83 0.5354
2744 23 81 0.4961
2744 23 74 0.4409
2768 23 83 0.4961
2768 23 86 0.5591
2792 23 81 0.4488
2792 23 84 0.5039
2816 23 83 0.5433
2816 23 79 0.4882
2839 23 81 0.5197
2839 23 74 0.4646
2863 23 86 0.5669
2863 23 83 0.5039
2887 23 81 0.4567
2887 23 84 0.5118
2911 23 79 0.4961
2911 23 83 0.5591
2935 23 81 0.5354
2935 23 74 0.4803
2959 23 83 0.5118
2959 23 86 0.5748
2983 23 81 0.4803
2983 23 84 0.5354
3006 23 83 0.5669
3006 23 79 0.5039
3030 23 74 0.5512
3030 23 81 0.5512
3054 63 67 0.6457
3054 63 71 0.6457
3054 63 79 0.7244
3118 11 67 0.6063
3118 11 71 0.6063
3118 11 79 0.6772
3134 11 67 0.6063
3134 11 79 0.6772
3134 11 71 0.6063
3150 63 79 0.7323
3150 63 71 0.6535
3150 63 67 0.6535
3213 11 67 0.6063
3213 11 71 0.6063
3213 11 79 0.6772
3229 11 67 0.5984
3229 11 71 0.5984
3229 11 79 0.6693
3245 71 67 0.6457
3245 71 71 0.6457
3245 71 79 0.7244
3317 11 71 0.5748
3317 11 83 0.6457
3317 11 79 0.6457
3341 11 72 0.6142
3341 11 81 0.685
3341 11 84 0.685
3364 11 71 0.5984
3364 11 79 0.6693
3364 11 83 0.6693
3388 11 72 0.6142
3388 11 84 0.685
3388 11 81 0.685
3412 11 69 0.5669
3412 11 81 0.6378
3412 11 74 0.6378
3436 63 86 0.7953
3436 63 74 0.7087
3436 63 83 0.7953
3500 11 83 0.7402
3500 11 74 0.6614
3500 11 86 0.7402
3516 11 83 0.7402
3516 11 74 0.6614
3516 11 86 0.7402
3531 63 83 0.8031
3531 63 74 0.7165
3531 63 86 0.8031
3595 11 83 0.7402
3595 11 74 0.6614
3595 11 86 0.7402
3611 11 83 0.7323
3611 11 74 0.6535
3611 11 86 0.7323
3627 11 88 0.7323
3627 11 76 0.6535
3627 11 84 0.7323
3651 11 83 0.6772
3651 11 74 0.6063
3651 11 86 0.6772
3675 11 81 0.7165
3675 11 84 0.7165
3675 11 72 0.6378
3698 11 79 0.6693
3698 11 71 0.5984
3698 11 74 0.6693
3698 11 83 0.6693
3722 11 74 0.6614
3722 11 81 0.7402
3722 11 78 0.7402
3722 11 69 0.6614
3746 11 71 0.6299
3746 11 83 0.7008
3746 11 74 0.6299
3746 11 79 0.7008
3770 11 78 0.7402
3770 11 69 0.6063
3770 11 74 0.6063
3770 11 81 0.7402
3818 63 71 0.6457
3818 63 67 0.6457
3818 63 79 0.7244
3881 15 71 0.6063
3881 15 67 0.6063
3881 15 79 0.6772
3897 15 71 0.6063
3897 15 79 0.6772
3897 15 67 0.6063
3913 63 79 0.7323
3913 63 67 0.6535
3913 63 71 0.6535
3977 15 79 0.6772
3977 15 67 0.6063
3977 15 71 0.6063
3993 15 79 0.6693
3993 15 67 0.5984
3993 15 71 0.5984
4009 71 79 0.7244
4009 71 67 0.6457
4009 71 71 0.6457
4080 23 79 0.6457
4080 23 71 0.5748
4080 23 83 0.6457
4104 23 84 0.685
4104 23 72 0.6142
4104 23 81 0.685
4128 23 83 0.6693
4128 23 71 0.5984
4128 23 80 0.6693
4152 11 81 0.685
4152 11 84 0.685
4152 11 72 0.6142
4176 11 74 0.6378
4176 11 69 0.5669
4176 11 81 0.6378
4200 95 79 0.685
4200 71 74 0.6457
4200 71 86 0.7559
4271 23 84 0.6457
4271 23 72 0.5748
4295 23 83 0.685
4295 23 71 0.6142
4295 23 79 0.685
4319 23 84 0.6693
4319 23 72 0.5984
4319 23 81 0.6693
4343 11 83 0.685
4343 11 74 0.6142
4343 11 86 0.685
4367 11 83 0.6378
4367 11 71 0.5669
4367 11 79 0.6378
4391 71 91 0.7559
4391 71 79 0.6457
4391 71 84 0.685
4462 11 90 0.6063
4462 11 84 0.5433
4462 11 78 0.5433
4486 11 76 0.5827
4486 11 84 0.6457
4486 11 88 0.6457
4510 11 78 0.5669
4510 11 86 0.6299
4510 11 90 0.6299
4534 11 76 0.5827
4534 11 88 0.6457
4534 11 84 0.6457
4558 11 74 0.5354
4558 11 83 0.5984
4558 11 86 0.5984
4581 11 72 0.5748
4581 11 81 0.6378
4581 11 84 0.6378
4605 11 83 0.5827
4605 11 86 0.5827
4605 11 74 0.5197
4629 11 72 0.5591
4629 11 81 0.622
4629 11 84 0.622
4653 11 79 0.5669
4653 11 83 0.5669
4653 11 71 0.5039
4677 11 78 0.6063
4677 11 69 0.5433
4677 11 81 0.6063
4701 11 79 0.5827
4701 11 71 0.5197
4701 11 83 0.5827
4725 11 81 0.6063
4725 11 69 0.5433
4725 11 78 0.6063
4749 11 76 0.5748
4749 11 67 0.5118
4749 11 79 0.5748
4772 11 74 0.6378
4772 11 66 0.5748
4772 11 78 0.6378
4796 11 79 0.5827
4796 11 76 0.5827
4796 11 67 0.5197
4820 11 74 0.622
4820 11 66 0.5591
4820 11 78 0.622
4844 11 64 0.5039
4844 11 72 0.5669
4844 11 76 0.5669
4868 11 71 0.5748
4868 11 74 0.5748
4868 11 62 0.5118
4892 11 72 0.5512
4892 11 64 0.4882
4892 11 76 0.5512
4916 11 71 0.5748
4916 11 62 0.5118
4916 11 74 0.5748
4939 11 72 0.5433
4939 11 64 0.4803
4939 11 69 0.5433
4963 63 67 0.5118
4963 63 71 0.5748
5027 15 59 0.4803
5027 15 67 0.4803
5027 15 71 0.5354
5043 15 59 0.4803
5043 15 67 0.4803
5043 15 71 0.5354
5059 63 59 0.4882
5059 63 67 0.4882
5059 63 71 0.5512
5122 15 59 0.4803
5122 15 71 0.5354
5122 15 67 0.4803
5138 15 71 0.5354
5138 15 67 0.4724
5138 15 59 0.4724
5154 47 59 0.4803
5154 47 67 0.4803
5154 47 71 0.5433
5226 11 62 0.4567
5226 11 74 0.5118
5226 11 67 0.5118
5250 11 67 0.4882
5250 11 76 0.5433
5250 11 64 0.4882
5250 11 73 0.5433
5274 11 62 0.4724
5274 11 74 0.5354
5297 11 64 0.4882
5297 11 76 0.5433
5297 11 72 0.5433
5321 11 66 0.4488
5321 11 78 0.5039
5345 23 71 0.4882
5345 23 67 0.4882
5345 23 79 0.5433
5409 15 79 0.5276
5409 15 71 0.5276
5409 15 83 0.5827
5425 15 79 0.5276
5425 15 83 0.5827
5425 15 71 0.5276
5441 63 83 0.6063
5441 63 71 0.5354
5441 63 79 0.5354
5504 15 83 0.5827
5504 15 71 0.5276
5504 15 79 0.5276
5520 15 83 0.5827
5520 15 71 0.5197
5520 15 79 0.5197
5536 47 83 0.5906
5536 47 71 0.5276
5536 47 79 0.5276
5608 11 79 0.5827
5608 11 74 0.5197
5608 11 86 0.5827
5632 11 85 0.6142
5632 11 88 0.6142
5632 11 76 0.5591
5632 11 79 0.5591
5655 11 86 0.6063
5655 11 74 0.5433
5679 23 84 0.6142
5679 23 76 0.5591
5679 23 88 0.6142
5703 23 84 0.5118
5703 23 90 0.5748
5703 23 86 0.5748
5703 23 78 0.5118
5727 23 83 0.5591
5727 23 91 0.6142
5727 23 79 0.5591
5727 23 86 0.5591
5775 11 86 0.5984
5775 11 74 0.5354
5791 11 76 0.5354
5791 11 88 0.5984
5807 11 78 0.5433
5807 11 90 0.6063
5822 11 91 0.6142
5822 11 79 0.5512
5870 11 74 0.5354
5870 11 86 0.5984
5886 11 76 0.5354
5886 11 88 0.5984
5902 11 90 0.6063
5902 11 78 0.5433
5918 11 91 0.6142
5918 11 79 0.5512
5966 11 86 0.5984
5966 11 74 0.5354
5982 11 76 0.5354
5982 11 88 0.5984
5997 11 78 0.5433
5997 11 90 0.6063
6013 23 91 0.6142
6013 23 79 0.5512
6061 7 67 0.4331
6077 7 69 0.4331
6093 7 70 0.4016
6109 95 71 0.4331
6204 47 72 0.4331
6252 7 67 0.4331
6268 7 69 0.4331
6284 7 71 0.4016
6300 83 72 0.4331
6383 11 76 0.4331
6395 47 71 0.4331
6443 7 54 0.4331
6459 7 55 0.4331
6475 7 57 0.4016
6491 95 59 0.4331
6538 23 66 0.3071
6538 23 63 0.2756
6586 47 60 0.4331
6634 23 67 0.3071
6634 23 64 0.3071
6634 7 55 0.4331
6650 7 57 0.4331
6666 7 59 0.4016
6682 83 60 0.4331
6729 23 72 0.3071
6729 23 69 0.3071
6765 11 64 0.4331
6777 47 59 0.4331
6825 23 63 0.3071
6825 7 66 0.4331
6841 7 68 0.4331
6857 7 70 0.4016
6872 95 71 0.4331
6968 47 72 0.4331
7016 7 67 0.4331
7032 7 69 0.4331
7047 7 71 0.4016
7063 83 72 0.4331
7147 11 76 0.4331
7159 47 71 0.4331
7207 7 54 0.4331
7222 7 55 0.4331
7238 7 57 0.4016
7254 95 59 0.4331
7302 23 63 0.3071
7302 23 66 0.3071
7350 47 60 0.4331
7397 23 64 0.3071
7397 23 67 0.3071
7397 7 55 0.4331
7413 7 57 0.4331
7429 7 59 0.4016
7445 83 60 0.4331
7493 23 69 0.3071
7493 23 72 0.3071
7529 11 64 0.4331
7541 47 59 0.4331
7588 23 71 0.3307
7588 7 63 0.4646
7604 7 64 0.4646
7620 7 65 0.4488
7636 95 66 0.4882
7684 47 61 0.3622
7732 23 60 0.5039
7732 23 68 0.5276
7779 47 80 0.5354
7779 47 68 0.4803
7827 47 67 0.4724
7827 47 79 0.5276
7875 47 66 0.4724
7875 47 68 0.4724
7875 47 78 0.5276
7922 23 64 0.4252
7922 23 68 0.4252
7922 23 76 0.5276
7970 15 64 0.4803
7986 15 66 0.4803
8002 15 67 0.4646
8018 95 68 0.5118
8066 47 63 0.378
8113 23 70 0.5433
8113 23 62 0.5276
8161 47 82 0.5512
8161 47 70 0.4961
8209 47 81 0.5512
8209 47 69 0.4961
8257 47 70 0.4646
8257 47 68 0.4646
8257 47 80 0.5197
8304 23 70 0.4409
8304 23 66 0.4409
8304 23 78 0.5512
8352 7 70 0.4646
8368 7 72 0.4488
8384 7 74 0.4488
8400 7 75 0.4724
8416 7 74 0.4488
8432 7 75 0.4488
8448 7 82 0.4724
8463 7 81 0.4409
8479 7 82 0.4409
8495 7 78 0.4724
8511 7 77 0.4488
8527 7 78 0.4488
8543 7 74 0.4803
8559 7 73 0.4646
8575 7 74 0.4646
8591 7 75 0.4724
8607 7 74 0.4567
8623 7 75 0.4567
8638 7 70 0.4646
8654 7 69 0.4488
8670 7 70 0.4488
8686 7 75 0.4724
8702 7 74 0.4488
8718 7 75 0.4567
8798 15 82 0.5591
8813 15 81 0.5197
8829 15 82 0.5591
8845 15 70 0.5118
8861 15 82 0.5276
8877 15 82 0.5591
8893 15 70 0.5276
8909 15 82 0.5276
8988 15 82 0.5591
9004 15 81 0.5197
9020 15 82 0.5591
9036 15 70 0.5118
9052 15 82 0.5276
9068 15 82 0.5591
9084 15 70 0.5276
9100 15 82 0.5276
9116 7 71 0.4646
9132 7 73 0.4488
9148 7 75 0.4488
9163 7 76 0.4724
9179 7 75 0.4488
9195 7 76 0.4488
9211 7 83 0.4724
9227 7 82 0.4409
9243 7 83 0.4409
9259 7 79 0.4724
9275 7 78 0.4488
9291 7 79 0.4488
9307 7 75 0.4803
9323 7 74 0.4646
9338 7 75 0.4646
9354 7 76 0.4724
9370 7 75 0.4567
9386 7 76 0.4567
9402 7 71 0.4646
9418 7 70 0.4488
9434 7 71 0.4488
9450 7 76 0.4724
9466 7 75 0.4488
9482 7 76 0.4567
9561 15 83 0.5591
9577 15 82 0.5197
9593 15 83 0.5591
9609 15 71 0.5118
9625 15 83 0.5276
9641 15 83 0.5591
9657 15 71 0.5276
9673 15 83 0.5276
9752 15 83 0.5591
9768 15 82 0.5197
9784 15 83 0.5591
9800 15 71 0.5118
9816 15 83 0.5276
9832 15 83 0.5591
9848 15 71 0.5276
9863 15 83 0.5276
9879 15 84 0.4724
9895 15 72 0.4409
9911 15 84 0.4409
9927 15 84 0.4882
9943 15 72 0.4646
9959 15 84 0.4567
9975 15 86 0.5039
9991 15 74 0.4646
10007 15 86 0.4882
10023 15 86 0.5276
10038 15 74 0.4882
10054 15 86 0.4961
10070 15 88 0.5433
10086 15 76 0.5118
10102 15 88 0.5276
10118 15 88 0.5591
10134 15 76 0.5276
10150 15 88 0.5197
10166 15 90 0.5669
10182 15 78 0.5354
10198 15 90 0.5354
10213 15 90 0.5984
10229 15 78 0.5433
10245 15 90 0.5669
10261 15 90 0.6142
10277 15 78 0.5591
10293 15 90 0.5748
10309 15 90 0.6299
10325 15 78 0.5748
10341 15 90 0.5984
10357 15 90 0.6299
10373 15 78 0.5748
10388 15 90 0.5984
10404 15 90 0.6299
10420 15 78 0.5748
10436 15 90 0.5984
10452 15 78 0.6142
10468 15 66 0.5591
10484 15 78 0.5748
10500 15 78 0.6299
10516 15 66 0.5748
10532 15 78 0.6142
10548 15 78 0.6614
10563 15 66 0.6063
10579 15 78 0.6457
10595 15 78 0.6929
10611 15 66 0.6378
10627 15 78 0.6693
10643 15 78 0.7244
10659 15 66 0.6614
10675 15 78 0.7008
10691 11 78 0.622
10691 11 71 0.622
10691 11 75 0.622
10691 11 83 0.7402
10707 11 75 0.5591
10707 11 83 0.6614
10707 11 78 0.5591
10707 11 71 0.5591
10723 11 71 0.5591
10723 11 83 0.6614
10723 11 75 0.5591
10723 11 78 0.5591
10739 23 78 0.622
10739 23 71 0.622
10739 23 75 0.622
10739 23 83 0.7402
10786 11 75 0.622
10786 11 83 0.7402
10786 11 78 0.622
10786 11 71 0.622
10802 11 71 0.5591
10802 11 83 0.6614
10802 11 75 0.5591
10802 11 78 0.5591
10818 11 71 0.5591
10818 11 83 0.6614
10818 11 75 0.5591
10818 11 78 0.5591
10834 23 78 0.622
10834 23 83 0.7402
10834 23 75 0.622
10834 23 71 0.622
10882 11 75 0.622
10882 11 71 0.622
10882 11 78 0.622
10882 11 83 0.7402
10898 11 71 0.5591
10898 11 83 0.6614
10898 11 75 0.5591
10898 11 78 0.5591
10914 11 78 0.5591
10914 11 83 0.6614
10914 11 75 0.5591
10914 11 71 0.5591
10929 23 75 0.622
10929 23 71 0.622
10929 23 83 0.7402
10929 23 78 0.622
10977 11 75 0.622
10977 11 83 0.7402
10977 11 78 0.622
10977 11 71 0.622
10993 11 71 0.5591
10993 11 83 0.6614
10993 11 75 0.5591
10993 11 78 0.5591
11009 11 78 0.5591
11009 11 71 0.5591
11009 11 75 0.5591
11009 11 83 0.6614
11025 23 75 0.622
11025 23 83 0.7402
11025 23 78 0.622
11025 23 71 0.622
11073 15 74 0.622
11073 15 86 0.7402
11089 15 86 0.6614
11089 15 74 0.5591
11104 15 74 0.5591
11104 15 86 0.6614
11120 23 74 0.622
11120 23 86 0.7402
11168 15 86 0.7402
11168 15 74 0.622
11184 15 74 0.5591
11184 15 86 0.6614
11200 15 86 0.6614
11200 15 74 0.5591
11216 23 74 0.622
11216 23 86 0.7402
11264 15 62 0.5591
11264 15 74 0.6614
11279 15 74 0.5906
11279 15 62 0.4961
11295 15 62 0.4961
11295 15 74 0.5906
11311 23 62 0.5591
11311 23 74 0.6614
11359 15 74 0.6614
11359 15 62 0.5591
11375 15 62 0.4961
11375 15 74 0.5906
11391 15 62 0.4961
11391 15 74 0.5906
11407 23 74 0.6614
11407 23 62 0.5591
11454 15 62 0.5512
11454 15 74 0.6142
11470 15 62 0.5118
11470 15 74 0.5748
11486 15 62 0.5118
11486 15 74 0.5748
11502 63 62 0.5512
11502 63 74 0.6142
11566 11 62 0.5039
11566 11 74 0.5669
11582 11 62 0.5039
11582 11 74 0.5669
11598 63 62 0.5512
11598 63 74 0.6142
11661 11 62 0.5039
11661 11 74 0.5669
11677 11 62 0.5039
11677 11 74 0.5669
11693 71 62 0.5512
11693 71 74 0.6142
11765 47 62 0.5276
11765 47 74 0.5906
11812 11 62 0.5354
11812 11 74 0.5984
11852 11 67 0.5276
11852 11 79 0.5906
11868 11 67 0.5276
11868 11 79 0.5906
11884 63 67 0.5827
11884 63 79 0.6535
11948 11 67 0.5276
11948 11 79 0.5906
11964 11 67 0.5276
11964 11 79 0.5906
11979 71 67 0.5512
11979 71 79 0.6142
12051 47 67 0.5512
12051 47 79 0.6142
12099 11 67 0.5354
12099 11 79 0.5984
12123 11 74 0.685
12123 11 78 0.685
12123 11 86 0.7638
12147 11 74 0.622
12147 11 79 0.622
12147 11 86 0.6929
12170 23 74 0.6614
12170 23 78 0.6614
12170 23 86 0.7402
12218 63 59 0.5669
12218 63 67 0.6299
12282 11 59 0.5276
12282 11 67 0.5906
12298 11 59 0.5276
12298 11 67 0.5906
12314 63 59 0.5669
12314 63 67 0.6378
12377 11 59 0.5276
12377 11 67 0.5906
12393 11 59 0.5197
12393 11 67 0.5827
12409 71 59 0.5669
12409 71 67 0.6299
12481 11 71 0.5827
12481 11 67 0.5197
12504 11 69 0.5669
12504 11 72 0.6299
12528 11 67 0.5197
12528 11 71 0.5827
12552 11 72 0.6299
12552 11 69 0.5669
12576 11 62 0.5591
12576 11 69 0.622
12600 63 74 0.6299
12600 63 71 0.5669
12664 11 71 0.5276
12664 11 74 0.5906
12679 11 71 0.5276
12679 11 74 0.5906
12695 63 71 0.5669
12695 63 74 0.6378
12759 11 71 0.5276
12759 11 74 0.5906
12775 11 71 0.5197
12775 11 74 0.5827
12791 11 76 0.6299
12791 11 72 0.5669
12815 11 71 0.5433
12815 11 74 0.6063
12839 11 69 0.5433
12839 11 72 0.6063
12862 11 64 0.5276
12862 11 68 0.5906
12862 11 71 0.5906
12886 11 64 0.5748
12886 11 69 0.6457
12910 11 64 0.5433
12910 11 68 0.5433
12910 11 71 0.6063
12934 11 64 0.5276
12934 11 69 0.5748
12934 11 72 0.6457
12982 11 74 0.5039
12982 11 78 0.5669
13006 11 73 0.4646
13006 11 76 0.5197
13029 11 71 0.4961
13029 11 74 0.5591
13053 11 66 0.4724
13053 11 70 0.5276
13053 11 73 0.5276
13077 11 66 0.4882
13077 11 71 0.5433
13101 11 66 0.4488
13101 11 70 0.5039
13101 11 73 0.5039
13125 11 66 0.4724
13125 11 71 0.5276
13125 11 74 0.5276
13173 11 76 0.5039
13173 11 80 0.5669
13197 11 75 0.4646
13197 11 78 0.5197
13220 11 73 0.4961
13220 11 76 0.5591
13244 11 68 0.4724
13244 11 72 0.5276
13244 11 75 0.5276
13268 11 68 0.4882
13268 11 73 0.5433
13292 11 68 0.4488
13292 11 72 0.5039
13292 11 75 0.5039
13316 11 68 0.4724
13316 11 73 0.5276
13316 11 76 0.5276
13364 23 78 0.4252
13364 23 81 0.4803
13387 23 76 0.3858
13387 23 79 0.4331
13411 23 74 0.4252
13411 23 78 0.4724
13435 23 69 0.3937
13435 23 76 0.4409
13459 23 78 0.4252
13459 23 81 0.4803
13483 23 76 0.3858
13483 23 79 0.4331
13507 23 74 0.4252
13507 23 78 0.4724
13531 23 69 0.4094
13531 23 76 0.4567
13555 23 78 0.4331
13555 23 81 0.4882
13578 23 76 0.4016
13578 23 79 0.4488
13602 23 74 0.4409
13602 23 78 0.4961
13626 23 69 0.4173
13626 23 76 0.4646
13650 23 78 0.4409
13650 23 81 0.4961
13674 23 76 0.4173
13674 23 79 0.4646
13698 23 74 0.4409
13698 23 78 0.4961
13722 23 69 0.4252
13722 23 76 0.4803
13745 23 83 0.4882
13745 23 86 0.5433
13769 23 81 0.4409
13769 23 84 0.4961
13793 23 79 0.4803
13793 23 83 0.5354
13817 23 74 0.4409
13817 23 81 0.4961
13841 23 83 0.4961
13841 23 86 0.5591
13865 23 81 0.4488
13865 23 84 0.5039
13889 23 79 0.4882
13889 23 83 0.5433
13912 23 74 0.4646
13912 23 81 0.5197
13936 23 83 0.5039
13936 23 86 0.5669
13960 23 81 0.4567
13960 23 84 0.5118
13984 23 79 0.4961
13984 23 83 0.5591
14008 23 74 0.4803
14008 23 81 0.5354
14032 23 83 0.5118
14032 23 86 0.5748
14056 23 81 0.4803
14056 23 84 0.5354
14080 23 79 0.5039
14080 23 83 0.5669
14103 23 74 0.5512
14103 23 81 0.5512
14127 63 67 0.6457
14127 63 71 0.6457
14127 63 79 0.7244
14191 11 67 0.6063
14191 11 71 0.6063
14191 11 79 0.6772
14207 11 67 0.6063
14207 11 71 0.6063
14207 11 79 0.6772
14223 63 67 0.6535
14223 63 71 0.6535
14223 63 79 0.7323
14286 11 67 0.6063
14286 11 71 0.6063
14286 11 79 0.6772
14302 11 67 0.5984
14302 11 71 0.5984
14302 11 79 0.6693
14318 71 67 0.6457
14318 71 71 0.6457
14318 71 79 0.7244
14390 23 71 0.5748
14390 23 83 0.6457
14390 23 79 0.6457
14414 23 72 0.6142
14414 23 81 0.685
14414 23 84 0.685
14437 23 71 0.5984
14437 23 79 0.6693
14437 23 83 0.6693
14461 23 72 0.6142
14461 23 84 0.685
14461 23 81 0.685
14485 23 69 0.5669
14485 23 74 0.6378
14485 23 81 0.6378
14509 63 74 0.7087
14509 63 86 0.7953
14509 63 83 0.7953
14573 11 74 0.6614
14573 11 83 0.7402
14573 11 86 0.7402
14589 11 74 0.6614
14589 11 83 0.7402
14589 11 86 0.7402
14605 63 74 0.7165
14605 63 83 0.8031
14605 63 86 0.8031
14668 11 74 0.6614
14668 11 83 0.7402
14668 11 86 0.7402
14684 11 74 0.6535
14684 11 83 0.7323
14684 11 86 0.7323
14700 11 76 0.6535
14700 11 88 0.7323
14700 11 84 0.7323
14724 11 74 0.6063
14724 11 83 0.6772
14724 11 86 0.6772
14748 11 72 0.6378
14748 11 81 0.7165
14748 11 84 0.7165
14772 11 71 0.5984
14772 11 74 0.6693
14772 11 79 0.6693
14772 11 83 0.6693
14795 11 69 0.6614
14795 11 74 0.6614
14795 11 78 0.7402
14795 11 81 0.7402
14819 11 71 0.6299
14819 11 74 0.6299
14819 11 79 0.7008
14819 11 83 0.7008
14843 11 69 0.6063
14843 11 74 0.6063
14843 11 78 0.7402
14843 11 81 0.7402
14891 63 67 0.6457
14891 63 71 0.6457
14891 63 79 0.7244
14955 11 67 0.6063
14955 11 71 0.6063
14955 11 79 0.6772
14970 11 67 0.6063
14970 11 71 0.6063
14970 11 79 0.6772
14986 63 67 0.6535
14986 63 71 0.6535
14986 63 79 0.7323
15050 11 67 0.6063
15050 11 71 0.6063
15050 11 79 0.6772
15066 11 67 0.5984
15066 11 71 0.5984
15066 11 79 0.6693
15082 71 67 0.6457
15082 71 71 0.6457
15082 71 79 0.7244
15153 23 71 0.5748
15153 23 83 0.6457
15153 23 79 0.6457
15177 23 72 0.6142
15177 23 81 0.685
15177 23 84 0.685
15201 23 71 0.5984
15201 23 80 0.6693
15201 23 83 0.6693
15225 11 72 0.6142
15225 11 84 0.685
15225 11 81 0.685
15249 11 69 0.5669
15249 11 74 0.6378
15249 11 81 0.6378
15273 71 74 0.6457
15273 95 79 0.685
15273 71 86 0.7559
15344 23 72 0.5748
15344 23 84 0.6457
15368 23 71 0.6142
15368 23 79 0.685
15368 23 83 0.685
15392 23 72 0.5984
15392 23 81 0.6693
15392 23 84 0.6693
15416 11 74 0.6142
15416 11 86 0.685
15416 11 83 0.685
15440 11 71 0.5669
15440 11 79 0.6378
15440 11 83 0.6378
15464 71 79 0.6457
15464 71 84 0.685
15464 71 91 0.7559
15535 11 84 0.5433
15535 11 78 0.5433
15535 11 90 0.6063
15559 11 76 0.5827
15559 11 84 0.6457
15559 11 88 0.6457
15583 11 78 0.5669
15583 11 86 0.6299
15583 11 90 0.6299
15607 11 76 0.5827
15607 11 88 0.6457
15607 11 84 0.6457
15631 11 74 0.5354
15631 11 83 0.5984
15631 11 86 0.5984
15655 11 72 0.5748
15655 11 81 0.6378
15655 11 84 0.6378
15678 11 83 0.5827
15678 11 86 0.5827
15678 11 74 0.5197
15702 11 72 0.5591
15702 11 81 0.622
15702 11 84 0.622
15726 11 79 0.5669
15726 11 71 0.5039
15726 11 83 0.5669
15750 11 69 0.5433
15750 11 78 0.6063
15750 11 81 0.6063
15774 11 71 0.5197
15774 11 79 0.5827
15774 11 83 0.5827
15798 11 69 0.5433
15798 11 81 0.6063
15798 11 78 0.6063
15822 11 67 0.5118
15822 11 76 0.5748
15822 11 79 0.5748
15845 11 66 0.5748
15845 11 74 0.6378
15845 11 78 0.6378
15869 11 76 0.5827
15869 11 79 0.5827
15869 11 67 0.5197
15893 11 66 0.5591
15893 11 74 0.622
15893 11 78 0.622
15917 11 72 0.5669
15917 11 64 0.5039
15917 11 76 0.5669
15941 11 62 0.5118
15941 11 71 0.5748
15941 11 74 0.5748
15965 11 64 0.4882
15965 11 76 0.5512
15965 11 72 0.5512
15989 11 62 0.5118
15989 11 74 0.5748
15989 11 71 0.5748
16013 11 64 0.4803
16013 11 69 0.5433
16013 11 72 0.5433
16036 63 67 0.5118
16036 63 71 0.5748
16100 11 59 0.4803
16100 11 67 0.4803
16100 11 71 0.5354
16116 11 59 0.4803
16116 11 67 0.4803
16116 11 71 0.5354
16132 63 59 0.4882
16132 63 67 0.4882
16132 63 71 0.5512
16196 11 59 0.4803
16196 11 67 0.4803
16196 11 71 0.5354
16211 11 59 0.4724
16211 11 67 0.4724
16211 11 71 0.5354
16227 47 59 0.4803
16227 47 67 0.4803
16227 47 71 0.5433
16299 23 62 0.4567
16299 23 74 0.5118
16299 23 67 0.5118
16323 23 67 0.4882
16323 23 64 0.4882
16323 23 73 0.5433
16323 23 76 0.5433
16347 23 62 0.4724
16347 23 74 0.5354
16371 23 64 0.4882
16371 23 76 0.5433
16371 23 72 0.5433
16394 23 66 0.4488
16394 23 78 0.5039
16418 23 67 0.4882
16418 23 71 0.4882
16418 23 79 0.5433
16482 11 71 0.5276
16482 11 79 0.5276
16482 11 83 0.5827
16498 11 71 0.5276
16498 11 79 0.5276
16498 11 83 0.5827
16514 63 71 0.5354
16514 63 79 0.5354
16514 63 83 0.6063
16577 11 71 0.5276
16577 11 79 0.5276
16577 11 83 0.5827
16593 11 71 0.5197
16593 11 79 0.5197
16593 11 83 0.5827
16609 47 71 0.5276
16609 47 79 0.5276
16609 47 83 0.5906
16681 23 74 0.5669
16681 23 86 0.6378
16681 23 79 0.6378
16705 23 79 0.6142
16705 23 76 0.6142
16705 23 85 0.6693
16705 23 88 0.6693
16728 23 74 0.5906
16728 23 86 0.6614
16752 23 76 0.6142
16752 23 88 0.6693
16752 23 84 0.6693
16776 23 84 0.5591
16776 23 86 0.6299
16776 23 78 0.5591
16776 23 90 0.6299
16800 23 86 0.6142
16800 23 79 0.6142
16800 23 83 0.6142
16800 23 91 0.6693
16848 11 74 0.5827
16848 11 86 0.6535
16864 11 76 0.5827
16864 11 88 0.6535
16880 11 78 0.5906
16880 11 90 0.6614
16896 23 79 0.6063
16896 23 91 0.6693
16943 11 74 0.5827
16943 11 86 0.6535
16959 11 76 0.5827
16959 11 88 0.6535
16975 11 78 0.5906
16975 11 90 0.6614
16991 23 79 0.6063
16991 23 91 0.6693
17039 23 67 0.5591
17039 23 71 0.5591
17039 23 74 0.5591
17039 23 79 0.622
17086 95 59 0.622
17086 95 62 0.622
17086 95 67 0.6929
381 63 55 0.5354
381 63 47 0.4803
445 11 47 0.4409
445 11 55 0.4961
461 11 55 0.4961
461 11 47 0.4409
477 63 47 0.4882
477 63 55 0.5433
540 11 47 0.4409
540 11 55 0.4961
556 11 55 0.4882
556 11 47 0.4331
572 71 47 0.4803
572 71 55 0.5354
644 11 59 0.4882
644 11 55 0.4331
668 11 57 0.4803
668 11 60 0.5354
692 11 59 0.4882
692 11 55 0.4331
715 11 60 0.5354
715 11 57 0.4803
739 11 50 0.4724
739 11 57 0.5276
763 63 59 0.4803
763 63 62 0.5354
827 11 62 0.4961
827 11 59 0.4409
843 11 59 0.4409
843 11 62 0.4961
859 63 59 0.4882
859 63 62 0.5433
922 11 62 0.4961
922 11 59 0.4409
938 11 59 0.4331
938 11 62 0.4882
954 11 64 0.5354
954 11 60 0.4803
978 11 59 0.4252
978 11 62 0.4803
1002 11 57 0.4567
1002 11 60 0.5118
1026 11 55 0.4173
1026 11 59 0.4646
1050 11 57 0.622
1050 11 50 0.5591
1073 11 59 0.5827
1073 11 55 0.5197
1097 23 50 0.5591
1097 23 57 0.622
1193 95 51 0.5039
1193 95 63 0.5669
1288 47 50 0.4961
1288 47 62 0.5512
1384 95 63 0.5669
1384 95 51 0.5039
1479 47 50 0.4882
1479 47 62 0.5433
1575 47 67 0.5354
1575 47 55 0.4803
1622 47 66 0.5669
1622 47 54 0.5039
1670 47 65 0.5433
1670 47 53 0.4882
1718 71 52 0.5039
1718 71 64 0.5669
1789 11 50 0.4252
1789 11 52 0.4252
1789 11 62 0.4724
1813 11 52 0.4646
1813 11 60 0.5197
1813 11 48 0.4646
1837 11 52 0.4016
1837 11 59 0.4488
1837 11 47 0.4016
1861 11 52 0.4252
1861 11 57 0.4724
1861 11 45 0.4252
1885 11 55 0.4331
1885 11 43 0.3858
1909 11 54 0.4724
1909 11 42 0.4252
1980 11 52 0.4016
1980 11 64 0.4488
2004 11 50 0.4252
2004 11 62 0.4724
2028 11 49 0.3937
2028 11 61 0.4409
2052 11 47 0.4173
2052 11 59 0.4646
2076 11 45 0.3937
2076 11 57 0.4409
2100 11 56 0.4724
2100 11 44 0.4252
2171 11 54 0.4016
2171 11 66 0.4488
2195 11 56 0.4252
2195 11 64 0.4724
2195 11 52 0.4252
2219 11 51 0.3937
2219 11 63 0.4409
2219 11 56 0.4016
2243 11 49 0.4173
2243 11 61 0.4646
2243 11 56 0.4173
2267 11 47 0.3937
2267 11 59 0.4409
2290 47 45 0.4252
2290 47 57 0.4724
2338 47 59 0.4409
2338 47 57 0.4409
2338 47 47 0.3937
2386 71 57 0.4724
2386 71 60 0.4724
2386 71 48 0.4252
2458 23 49 0.4016
2458 23 61 0.4488
2458 23 57 0.4488
2481 47 45 0.4331
2481 47 57 0.4882
2529 47 59 0.4567
2529 47 57 0.4567
2529 47 47 0.4094
2577 71 57 0.4882
2577 71 60 0.4882
2577 71 48 0.4331
2648 23 49 0.4252
2648 23 57 0.4724
2648 23 61 0.4724
2672 47 50 0.4882
2672 47 62 0.5433
2720 47 64 0.4961
2720 47 62 0.4961
2720 47 52 0.4409
2768 71 62 0.5433
2768 71 53 0.4882
2768 71 65 0.5433
2839 23 54 0.4567
2839 23 62 0.5118
2839 23 66 0.5118
2863 47 62 0.5591
2863 47 50 0.4961
2911 47 64 0.5197
2911 47 62 0.5197
2911 47 52 0.4646
2959 71 62 0.5748
2959 71 65 0.5748
2959 71 53 0.5118
3030 23 54 0.4803
3030 23 62 0.5354
3030 23 66 0.5354
3054 47 55 0.622
3102 95 55 0.5591
3102 95 65 0.622
3102 95 53 0.5591
3197 95 55 0.5433
3197 95 52 0.5433
3197 95 64 0.6063
3293 95 51 0.5591
3293 95 63 0.622
3293 95 55 0.5591
3388 47 54 0.5276
3388 47 62 0.5906
3388 47 50 0.5276
3436 47 50 0.5827
3436 47 38 0.5197
3484 47 52 0.5827
3484 47 40 0.5197
3484 47 50 0.5827
3531 47 54 0.622
3531 47 42 0.5591
3531 47 50 0.622
3579 47 50 0.5906
3579 47 43 0.5276
3579 47 55 0.5906
3651 11 50 0.5039
3651 11 55 0.5669
3651 11 43 0.5039
3675 11 50 0.5197
3675 11 57 0.5827
3675 11 45 0.5197
3698 11 47 0.4646
3698 11 59 0.5197
3698 11 50 0.4646
3722 11 57 0.6142
3722 11 50 0.5512
3722 11 62 0.6142
3722 11 54 0.5512
3746 11 55 0.5118
3746 11 62 0.5748
3746 11 59 0.5748
3770 11 50 0.5354
3770 11 57 0.5984
3770 11 54 0.5354
3770 11 62 0.5984
3818 47 55 0.622
3866 95 65 0.622
3866 95 53 0.5591
3866 95 55 0.5591
3961 95 52 0.5433
3961 95 64 0.6063
3961 95 55 0.5433
4056 47 51 0.5591
4056 47 63 0.622
4056 47 55 0.5591
4104 71 54 0.5276
4104 71 62 0.5906
4104 71 50 0.5276
4176 11 48 0.4803
4176 11 54 0.4803
4176 11 60 0.5354
4200 23 47 0.5039
4200 23 55 0.5669
4200 23 59 0.5669
4200 23 50 0.5039
4224 23 48 0.4724
4224 23 60 0.5276
4247 23 59 0.5669
4247 23 47 0.5039
4271 23 45 0.4724
4271 23 57 0.5276
4295 71 43 0.4961
4295 71 55 0.5591
4295 95 50 0.5591
4367 11 53 0.5276
4367 11 41 0.4724
4391 11 40 0.5039
4391 11 52 0.5669
4414 11 54 0.5276
4414 11 42 0.4724
4438 11 40 0.5039
4438 11 52 0.5669
4462 11 38 0.4961
4462 11 50 0.5512
4486 71 48 0.5827
4486 71 36 0.5197
4558 11 38 0.5118
4558 11 50 0.5118
4581 71 39 0.5512
4581 71 51 0.5512
4653 11 40 0.5039
4653 11 52 0.5039
4677 71 42 0.5591
4677 71 54 0.5591
4749 11 55 0.5118
4749 11 43 0.5118
4772 71 45 0.5512
4772 71 57 0.5512
4844 11 46 0.5039
4844 11 58 0.5039
4868 71 47 0.5276
4868 71 59 0.5276
4939 11 48 0.4724
4939 11 60 0.4724
4963 47 62 0.4961
4963 47 50 0.4961
5011 47 63 0.4961
5011 47 51 0.4409
5059 47 50 0.4961
5059 47 62 0.4961
5106 47 51 0.4331
5106 47 63 0.4803
5154 47 62 0.4961
5154 47 50 0.4961
5202 47 47 0.4409
5202 47 59 0.4961
5250 47 46 0.4173
5250 47 58 0.4724
5297 47 45 0.378
5297 47 57 0.4252
5345 23 43 0.4252
5345 23 55 0.4724
5393 47 51 0.4567
5393 47 63 0.5197
5441 47 62 0.5197
5441 47 50 0.5197
5488 47 51 0.4488
5488 47 63 0.5039
5536 47 62 0.5197
5536 47 50 0.5197
5584 47 47 0.4567
5584 47 59 0.5197
5632 47 46 0.4331
5632 47 58 0.4961
5679 47 45 0.3937
5679 47 57 0.4409
5727 23 43 0.4409
5727 23 55 0.4961
5775 47 47 0.4173
5775 47 54 0.4173
5775 47 62 0.4646
5775 47 50 0.4173
5822 11 55 0.4409
5822 11 62 0.4961
5822 11 59 0.4409
5870 47 50 0.4173
5870 47 54 0.4173
5870 47 62 0.4646
5870 47 47 0.4173
5918 11 59 0.4409
5918 11 62 0.4961
5918 11 55 0.4409
5966 47 47 0.4173
5966 47 54 0.4173
5966 47 62 0.4646
5966 47 50 0.4173
6013 23 55 0.4409
6013 23 59 0.4409
6013 23 62 0.4961
6061 23 59 0.2756
6061 23 62 0.3071
6157 23 59 0.2441
6157 23 63 0.2756
6157 23 57 0.2441
6252 23 60 0.2441
6252 23 64 0.2756
6252 23 55 0.2441
6347 23 64 0.2677
6347 23 60 0.2362
6347 23 54 0.2362
6347 23 57 0.2362
6443 23 59 0.2756
6443 23 63 0.3071
6538 23 45 0.2205
6538 23 57 0.252
6538 23 47 0.2205
6634 23 48 0.2126
6634 23 55 0.2441
6634 23 43 0.2126
6729 23 54 0.2598
6729 23 48 0.2283
6729 23 42 0.2283
6825 23 54 0.2441
6825 23 59 0.2756
6825 23 47 0.2441
6920 23 57 0.2441
6920 23 59 0.2441
6920 23 63 0.2756
7016 23 55 0.2441
7016 23 64 0.2756
7016 23 60 0.2441
7111 23 60 0.2362
7111 23 57 0.2362
7111 23 54 0.2362
7111 23 64 0.2677
7207 23 63 0.3071
7207 23 59 0.2756
7302 23 45 0.2205
7302 23 47 0.2205
7302 23 57 0.252
7397 23 43 0.2126
7397 23 55 0.2441
7397 23 48 0.2126
7493 23 54 0.2598
7493 23 42 0.2283
7493 23 48 0.2283
7588 23 54 0.2598
7588 23 59 0.2913
7588 23 47 0.2598
7684 47 45 0.2835
7684 47 54 0.3228
7684 47 57 0.3228
7732 23 44 0.3465
7732 23 56 0.3858
7779 7 44 0.4488
7795 7 43 0.4094
7811 7 44 0.4094
7827 7 46 0.4646
7843 7 44 0.4173
7859 7 46 0.4173
7875 7 48 0.4646
7891 7 46 0.4331
7907 7 48 0.4331
7922 23 49 0.4724
7970 23 56 0.3071
7970 23 61 0.3465
7970 23 49 0.3071
8066 47 56 0.378
8066 47 59 0.378
8066 47 47 0.3386
8113 23 46 0.3543
8113 23 58 0.4016
8161 7 46 0.4803
8177 7 45 0.4409
8193 7 46 0.4409
8209 7 48 0.5039
8225 7 46 0.4488
8241 7 48 0.4488
8257 7 50 0.5039
8273 7 49 0.4646
8288 7 50 0.4646
8304 23 51 0.5197
8352 23 58 0.2913
8352 23 56 0.2913
8352 23 68 0.3228
8400 23 58 0.3071
8400 23 54 0.3071
8400 23 66 0.3465
8448 23 62 0.315
8448 23 58 0.315
8448 23 50 0.2835
8495 23 51 0.3071
8495 23 63 0.3465
8495 23 58 0.3071
8543 23 53 0.2835
8543 23 65 0.315
8543 23 58 0.2835
8591 23 66 0.3465
8591 23 54 0.3071
8591 23 58 0.3071
8638 23 68 0.3071
8638 23 56 0.2756
8638 23 58 0.2756
8686 23 66 0.3465
8686 23 58 0.3071
8686 23 54 0.3071
8734 15 58 0.5512
8750 15 58 0.5276
8766 15 58 0.5197
8782 47 63 0.5669
8782 47 54 0.5669
8829 47 65 0.5354
8829 47 58 0.5354
8877 47 66 0.5591
8877 47 63 0.5591
8925 15 58 0.5748
8941 15 58 0.5512
8957 15 58 0.5512
8973 47 54 0.5669
8973 47 63 0.5669
9020 47 58 0.5354
9020 47 65 0.5354
9068 47 63 0.5591
9068 47 66 0.5591
9116 23 69 0.3228
9116 23 59 0.2913
9116 23 57 0.2913
9163 23 67 0.3465
9163 23 59 0.3071
9163 23 55 0.3071
9211 23 63 0.315
9211 23 59 0.315
9211 23 51 0.2835
9259 23 59 0.3071
9259 23 64 0.3465
9259 23 52 0.3071
9307 23 59 0.2835
9307 23 66 0.315
9307 23 54 0.2835
9354 23 59 0.3071
9354 23 55 0.3071
9354 23 67 0.3465
9402 23 59 0.2756
9402 23 57 0.2756
9402 23 69 0.3071
9450 23 67 0.3465
9450 23 55 0.3071
9450 23 59 0.3071
9498 15 59 0.5512
9513 15 59 0.5276
9529 15 59 0.5197
9545 47 55 0.5669
9545 47 64 0.5669
9593 47 59 0.5354
9593 47 66 0.5354
9641 47 67 0.5591
9641 47 64 0.5591
9688 15 59 0.5748
9704 15 59 0.5512
9720 15 59 0.5512
9736 47 55 0.5669
9736 47 64 0.5669
9784 47 59 0.5354
9784 47 66 0.5354
9832 47 64 0.5591
9832 47 67 0.5591
9879 23 58 0.3465
9879 23 60 0.3465
9879 23 64 0.3858
9927 23 60 0.3543
9927 23 65 0.4016
9927 23 57 0.3543
9975 23 60 0.3622
9975 23 62 0.3622
9975 23 66 0.4094
10023 23 62 0.378
10023 23 67 0.4252
10023 23 59 0.378
10070 23 62 0.3937
10070 23 64 0.3937
10070 23 68 0.4409
10118 23 64 0.4094
10118 23 69 0.4567
10118 23 61 0.4094
10166 23 64 0.4173
10166 23 70 0.4646
10166 23 66 0.4173
10213 23 63 0.4252
10213 23 71 0.4803
10213 23 66 0.4803
10261 23 61 0.4409
10261 23 64 0.4409
10261 23 70 0.4961
10261 23 66 0.4961
10309 23 59 0.4567
10309 23 63 0.4567
10309 23 66 0.5118
10309 23 71 0.5118
10357 23 61 0.4567
10357 23 64 0.4567
10357 23 66 0.5118
10357 23 70 0.5118
10404 23 63 0.4567
10404 23 66 0.5118
10404 23 71 0.5118
10404 23 59 0.4567
10452 23 49 0.3937
10452 23 54 0.3937
10452 23 58 0.4409
10452 23 52 0.3937
10500 23 51 0.4094
10500 23 54 0.4094
10500 23 59 0.4567
10500 23 47 0.4094
10548 23 58 0.4724
10548 23 49 0.4252
10548 23 54 0.4252
10548 23 52 0.4252
10595 23 47 0.4488
10595 23 51 0.4488
10595 23 59 0.4961
10595 23 54 0.4488
10643 23 58 0.5197
10643 23 52 0.4646
10643 23 54 0.4646
10643 23 49 0.4646
10691 11 47 0.4331
10691 11 54 0.4331
10691 11 59 0.5118
10691 11 51 0.4331
10707 11 51 0.3858
10707 11 54 0.3858
10707 11 59 0.4567
10707 11 47 0.3858
10723 11 47 0.3858
10723 11 51 0.3858
10723 11 59 0.4567
10723 11 54 0.3858
10739 23 47 0.4331
10739 23 54 0.4331
10739 23 59 0.5118
10739 23 51 0.4331
10786 11 51 0.4331
10786 11 54 0.4331
10786 11 59 0.5118
10786 11 47 0.4331
10802 11 47 0.3858
10802 11 54 0.3858
10802 11 59 0.4567
10802 11 51 0.3858
10818 11 51 0.3858
10818 11 54 0.3858
10818 11 47 0.3858
10818 11 59 0.4567
10834 23 51 0.4331
10834 23 54 0.4331
10834 23 59 0.5118
10834 23 47 0.4331
10882 11 47 0.4331
10882 11 54 0.4331
10882 11 59 0.5118
10882 11 51 0.4331
10898 11 47 0.3858
10898 11 51 0.3858
10898 11 59 0.4567
10898 11 54 0.3858
10914 11 51 0.3858
10914 11 54 0.3858
10914 11 59 0.4567
10914 11 47 0.3858
10929 23 47 0.4331
10929 23 51 0.4331
10929 23 59 0.5118
10929 23 54 0.4331
10977 11 51 0.4331
10977 11 54 0.4331
10977 11 47 0.4331
10977 11 59 0.5118
10993 11 47 0.3858
10993 11 51 0.3858
10993 11 59 0.4567
10993 11 54 0.3858
11009 11 47 0.3858
11009 11 54 0.3858
11009 11 59 0.4567
11009 11 51 0.3858
11025 23 51 0.4331
11025 23 54 0.4331
11025 23 47 0.4331
11025 23 59 0.5118
11073 15 50 0.4331
11073 15 62 0.5118
11089 15 50 0.3858
11089 15 62 0.4567
11104 15 62 0.4567
11104 15 50 0.3858
11120 23 50 0.4331
11120 23 62 0.5118
11168 15 50 0.4331
11168 15 62 0.5118
11184 15 50 0.3858
11184 15 62 0.4567
11200 15 62 0.4567
11200 15 50 0.3858
11216 23 50 0.4331
11216 23 62 0.5118
11454 63 47 0.4803
11454 63 55 0.5354
11518 11 47 0.4409
11518 11 55 0.4961
11534 11 47 0.4409
11534 11 55 0.4961
11550 63 47 0.4882
11550 63 55 0.5433
11614 11 47 0.4409
11614 11 55 0.4961
11629 11 47 0.4331
11629 11 55 0.4882
11645 71 47 0.4803
11645 71 55 0.5354
11717 11 59 0.4882
11717 11 55 0.4331
11741 11 57 0.4803
11741 11 60 0.5354
11765 11 55 0.4331
11765 11 59 0.4882
11789 11 60 0.5354
11789 11 57 0.4803
11812 11 50 0.4724
11812 11 57 0.5276
11836 63 62 0.5354
11836 63 59 0.4803
11900 11 59 0.4409
11900 11 62 0.4961
11916 11 59 0.4409
11916 11 62 0.4961
11932 63 59 0.4882
11932 63 62 0.5433
11995 11 59 0.4409
11995 11 62 0.4961
12011 11 59 0.4331
12011 11 62 0.4882
12027 11 64 0.5354
12027 11 60 0.4803
12051 11 59 0.4252
12051 11 62 0.4803
12075 11 57 0.4567
12075 11 60 0.5118
12099 11 55 0.4173
12099 11 59 0.4646
12123 11 50 0.5591
12123 11 57 0.622
12147 11 55 0.5197
12147 11 59 0.5827
12170 23 50 0.5591
12170 23 57 0.622
12266 95 63 0.5669
12266 95 51 0.5039
12361 47 50 0.4961
12361 47 62 0.5512
12457 95 51 0.5039
12457 95 63 0.5669
12552 47 50 0.4882
12552 47 62 0.5433
12648 47 67 0.5354
12648 47 55 0.4803
12695 47 66 0.5669
12695 47 54 0.5039
12743 47 65 0.5433
12743 47 53 0.4882
12791 71 52 0.5039
12791 71 64 0.5669
12862 11 50 0.4252
12862 11 52 0.4252
12862 11 62 0.4724
12886 11 52 0.4646
12886 11 48 0.4646
12886 11 60 0.5197
12910 11 47 0.4016
12910 11 52 0.4016
12910 11 59 0.4488
12934 11 45 0.4252
12934 11 52 0.4252
12934 11 57 0.4724
12958 11 43 0.3858
12958 11 55 0.4331
12982 11 42 0.4252
12982 11 54 0.4724
13053 11 52 0.4016
13053 11 64 0.4488
13077 11 50 0.4252
13077 11 62 0.4724
13101 11 49 0.3937
13101 11 61 0.4409
13125 11 47 0.4173
13125 11 59 0.4646
13149 11 45 0.3937
13149 11 57 0.4409
13173 11 44 0.4252
13173 11 56 0.4724
13244 11 54 0.4016
13244 11 66 0.4488
13268 11 56 0.4252
13268 11 52 0.4252
13268 11 64 0.4724
13292 11 56 0.4016
13292 11 51 0.3937
13292 11 63 0.4409
13316 11 56 0.4173
13316 11 49 0.4173
13316 11 61 0.4646
13340 11 47 0.3937
13340 11 59 0.4409
13364 47 45 0.4252
13364 47 57 0.4724
13411 47 47 0.3937
13411 47 59 0.4409
13411 47 57 0.4409
13459 71 57 0.4724
13459 71 48 0.4252
13459 71 60 0.4724
13531 23 49 0.4016
13531 23 57 0.4488
13531 23 61 0.4488
13555 47 45 0.4331
13555 47 57 0.4882
13602 47 47 0.4094
13602 47 59 0.4567
13602 47 57 0.4567
13650 71 57 0.4882
13650 71 48 0.4331
13650 71 60 0.4882
13722 23 49 0.4252
13722 23 57 0.4724
13722 23 61 0.4724
13745 47 50 0.4882
13745 47 62 0.5433
13793 47 52 0.4409
13793 47 64 0.4961
13793 47 62 0.4961
13841 71 62 0.5433
13841 71 53 0.4882
13841 71 65 0.5433
13912 23 54 0.4567
13912 23 62 0.5118
13912 23 66 0.5118
13936 47 50 0.4961
13936 47 62 0.5591
13984 47 52 0.4646
13984 47 64 0.5197
13984 47 62 0.5197
14032 71 62 0.5748
14032 71 53 0.5118
14032 71 65 0.5748
14103 23 54 0.4803
14103 23 62 0.5354
14103 23 66 0.5354
14127 47 55 0.622
14175 95 55 0.5591
14175 95 65 0.622
14175 95 53 0.5591
14270 95 55 0.5433
14270 95 52 0.5433
14270 95 64 0.6063
14366 95 55 0.5591
14366 95 51 0.5591
14366 95 63 0.622
14461 47 54 0.5276
14461 47 50 0.5276
14461 47 62 0.5906
14509 47 38 0.5197
14509 47 50 0.5827
14557 47 50 0.5827
14557 47 52 0.5827
14557 47 40 0.5197
14605 47 50 0.622
14605 47 54 0.622
14605 47 42 0.5591
14652 47 50 0.5906
14652 47 55 0.5906
14652 47 43 0.5276
14724 11 43 0.5039
14724 11 50 0.5039
14724 11 55 0.5669
14748 11 45 0.5197
14748 11 50 0.5197
14748 11 57 0.5827
14772 11 47 0.4646
14772 11 50 0.4646
14772 11 59 0.5197
14795 11 54 0.5512
14795 11 57 0.6142
14795 11 50 0.5512
14795 11 62 0.6142
14819 11 55 0.5118
14819 11 59 0.5748
14819 11 62 0.5748
14843 11 54 0.5354
14843 11 50 0.5354
14843 11 57 0.5984
14843 11 62 0.5984
14891 47 55 0.622
14939 95 55 0.5591
14939 95 65 0.622
14939 95 53 0.5591
15034 95 55 0.5433
15034 95 52 0.5433
15034 95 64 0.6063
15130 47 55 0.5591
15130 47 51 0.5591
15130 47 63 0.622
15177 71 50 0.5276
15177 71 54 0.5276
15177 71 62 0.5906
15249 11 48 0.4803
15249 11 54 0.4803
15249 11 60 0.5354
15273 23 47 0.5039
15273 23 50 0.5039
15273 23 55 0.5669
15273 23 59 0.5669
15297 23 48 0.4724
15297 23 60 0.5276
15320 23 47 0.5039
15320 23 59 0.5669
15344 23 45 0.4724
15344 23 57 0.5276
15368 71 43 0.4961
15368 71 55 0.5591
15368 95 50 0.5591
15440 11 41 0.4724
15440 11 53 0.5276
15464 11 40 0.5039
15464 11 52 0.5669
15488 11 42 0.4724
15488 11 54 0.5276
15511 11 40 0.5039
15511 11 52 0.5669
15535 11 38 0.4961
15535 11 50 0.5512
15559 71 36 0.5197
15559 71 48 0.5827
15631 11 38 0.5118
15631 11 50 0.5118
15655 71 39 0.5512
15655 71 51 0.5512
15726 11 40 0.5039
15726 11 52 0.5039
15750 71 42 0.5591
15750 71 54 0.5591
15822 11 43 0.5118
15822 11 55 0.5118
15845 71 45 0.5512
15845 71 57 0.5512
15917 11 46 0.5039
15917 11 58 0.5039
15941 71 47 0.5276
15941 71 59 0.5276
16013 11 48 0.4724
16013 11 60 0.4724
16036 47 50 0.4961
16036 47 62 0.4961
16084 47 51 0.4409
16084 47 63 0.4961
16132 47 50 0.4961
16132 47 62 0.4961
16180 47 51 0.4331
16180 47 63 0.4803
16227 47 50 0.4961
16227 47 62 0.4961
16275 47 47 0.4409
16275 47 59 0.4961
16323 47 46 0.4173
16323 47 58 0.4724
16371 47 45 0.378
16371 47 57 0.4252
16418 23 43 0.4252
16418 23 55 0.4724
16466 47 51 0.4567
16466 47 63 0.5197
16514 47 50 0.5197
16514 47 62 0.5197
16561 47 51 0.4488
16561 47 63 0.5039
16609 47 50 0.5197
16609 47 62 0.5197
16657 47 47 0.4567
16657 47 59 0.5197
16705 47 46 0.4724
16705 47 58 0.5433
16752 47 45 0.4331
16752 47 57 0.4803
16800 23 43 0.4803
16800 23 55 0.5433
16848 47 47 0.4567
16848 47 50 0.4567
16848 47 54 0.4567
16848 47 62 0.5039
16896 23 55 0.4803
16896 23 59 0.4803
16896 23 62 0.5433
16943 47 47 0.4567
16943 47 50 0.4567
16943 47 54 0.4567
16943 47 62 0.5039
16991 23 55 0.4803
16991 23 59 0.4803
16991 23 62 0.5433
17039 23 55 0.4803
17039 23 59 0.4803
17039 23 62 0.5354
17086 95 43 0.5118
17086 95 50 0.5118
17086 95 55 0.5748
