0 10 51 0.6535
0 10 36 0.4803
10 10 55 0.4094
10 10 43 0.3228
21 10 63 0.4094
21 10 48 0.3228
32 10 63 0.4173
32 10 48 0.3307
42 10 67 0.4882
42 10 55 0.4173
53 10 75 0.4331
53 10 60 0.3465
64 10 75 0.4173
64 10 60 0.3307
74 10 79 0.4173
74 10 67 0.3307
85 10 87 0.5591
85 10 72 0.4016
96 10 79 0.4488
96 10 67 0.3307
107 10 75 0.4488
107 10 60 0.3307
117 10 75 0.4488
117 10 60 0.3307
128 10 67 0.5039
128 10 55 0.3937
139 10 63 0.4331
139 10 48 0.3307
149 10 63 0.4409
149 10 48 0.3307
160 10 55 0.4409
160 10 43 0.3307
171 10 50 0.6614
171 10 36 0.4646
182 10 56 0.4094
182 10 41 0.3622
192 10 62 0.4094
192 10 48 0.315
203 10 62 0.4094
203 10 48 0.315
214 10 68 0.5276
214 10 53 0.4488
224 10 74 0.4331
224 10 60 0.315
235 10 74 0.4173
235 10 60 0.315
246 10 80 0.4173
246 10 65 0.3228
257 10 86 0.6063
257 10 72 0.4409
267 10 80 0.4567
267 10 65 0.3622
278 10 74 0.4567
278 10 60 0.3622
289 10 74 0.4567
289 10 60 0.3622
299 10 68 0.5197
299 10 53 0.4173
310 10 62 0.4567
310 10 48 0.3307
321 10 62 0.4567
321 10 48 0.3307
332 10 56 0.4488
332 10 41 0.3307
342 10 53 0.7087
342 10 36 0.5039
353 10 60 0.4646
353 10 44 0.378
364 10 65 0.4724
364 10 48 0.378
374 10 65 0.4724
374 10 48 0.378
385 10 72 0.5512
385 10 56 0.4724
396 10 77 0.4803
396 10 60 0.378
407 10 77 0.4803
407 10 60 0.378
417 10 84 0.4803
417 10 68 0.378
428 10 89 0.6142
428 10 72 0.4646
439 10 84 0.4961
439 10 68 0.378
449 10 77 0.4961
449 10 60 0.3858
460 10 77 0.4961
460 10 60 0.3858
471 10 72 0.5669
471 10 56 0.4409
482 10 65 0.4961
482 10 48 0.3465
492 10 65 0.4961
492 10 48 0.3465
503 10 60 0.4961
503 10 44 0.3465
514 10 51 0.7559
514 10 36 0.5748
524 10 55 0.4882
524 10 43 0.3937
535 10 63 0.4882
535 10 48 0.3937
546 10 63 0.4961
546 10 48 0.3937
557 10 67 0.5827
557 10 55 0.4961
567 10 75 0.5039
567 10 60 0.4016
578 10 75 0.4961
578 10 60 0.3937
589 10 79 0.4961
589 10 67 0.3937
599 10 87 0.6772
599 10 72 0.4882
610 10 79 0.5276
610 10 67 0.4016
621 10 75 0.5276
621 10 60 0.4016
632 10 75 0.5276
632 10 60 0.3937
642 10 67 0.5827
642 10 55 0.4567
653 10 63 0.4961
653 10 48 0.3858
664 10 63 0.4961
664 10 48 0.3858
674 10 55 0.4961
674 10 43 0.3858
685 10 50 0.7638
685 10 36 0.5197
696 10 56 0.4646
696 10 41 0.4016
707 10 62 0.4646
707 10 48 0.3543
717 10 62 0.4646
717 10 48 0.3543
728 10 68 0.5669
728 10 53 0.4803
739 10 74 0.4646
739 10 60 0.3465
749 10 74 0.4567
749 10 60 0.3465
760 10 80 0.4567
760 10 65 0.3465
771 10 86 0.6772
771 10 72 0.4724
782 10 80 0.4803
782 10 65 0.378
792 10 74 0.4724
792 10 60 0.378
803 10 74 0.4724
803 10 60 0.378
814 10 68 0.5276
814 10 53 0.4173
824 10 62 0.4646
824 10 48 0.3307
835 10 62 0.4567
835 10 48 0.3307
846 10 56 0.4488
846 10 41 0.3307
857 10 51 0.7323
857 10 36 0.5039
867 10 56 0.4646
867 10 41 0.378
878 10 63 0.4646
878 10 47 0.378
889 10 63 0.4567
889 10 48 0.3701
899 10 68 0.5354
899 10 56 0.4567
910 10 75 0.4567
910 10 59 0.3622
921 10 75 0.4567
921 10 60 0.3622
932 10 80 0.4567
932 10 65 0.3622
942 10 87 0.5906
942 10 71 0.4331
953 10 80 0.4646
953 10 65 0.3543
964 10 75 0.4567
964 10 60 0.3543
974 10 75 0.4567
974 10 59 0.3543
985 10 68 0.5039
985 10 53 0.3937
996 10 63 0.4488
996 10 48 0.3071
1007 10 63 0.4488
1007 10 47 0.3071
1017 10 56 0.4409
1017 10 41 0.2992
1028 10 48 0.6929
1028 10 36 0.4724
1039 10 51 0.4331
1039 10 43 0.3465
1049 10 60 0.4331
1049 10 48 0.3465
1060 10 60 0.4331
1060 10 48 0.3465
1071 10 63 0.4646
1071 10 55 0.3937
1082 42 72 0.5197
1082 10 60 0.2992
1092 10 63 0.3937
1092 10 55 0.2992
1103 10 60 0.3858
1103 10 48 0.2992
1114 10 63 0.4409
1114 10 55 0.3701
1124 42 70 0.4803
1124 10 60 0.2913
1135 10 63 0.3858
1135 10 55 0.2913
1146 10 60 0.378
1146 10 48 0.2756
1157 10 63 0.4173
1157 10 55 0.3228
1167 42 68 0.4488
1167 10 60 0.2441
1178 10 63 0.3622
1178 10 55 0.2441
1189 10 60 0.3622
1189 10 48 0.2441
1199 10 62 0.3937
1199 10 55 0.3465
1210 42 67 0.4409
1210 10 59 0.2677
1221 10 62 0.3307
1221 10 55 0.2598
1232 10 59 0.3307
1232 10 48 0.2598
1242 10 61 0.378
1242 10 55 0.3071
1253 42 67 0.4094
1253 10 58 0.2441
1264 10 61 0.3307
1264 10 55 0.2441
1274 10 58 0.315
1274 10 48 0.2362
1285 10 60 0.3622
1285 10 53 0.2756
1296 42 65 0.3858
1296 10 57 0.2047
1307 10 60 0.3071
1307 10 53 0.2047
1317 10 57 0.2992
1317 10 48 0.2047
1328 10 59 0.3307
1328 10 53 0.2677
1339 32 65 0.3701
1339 10 56 0.1969
1349 10 59 0.2913
1349 10 53 0.1969
1360 10 56 0.2756
1360 10 48 0.189
1371 10 51 0.6693
1371 10 36 0.5039
1382 10 55 0.4409
1382 10 43 0.3465
1392 10 63 0.4409
1392 10 48 0.3465
1403 10 63 0.4409
1403 10 48 0.3465
1414 10 67 0.5039
1414 10 55 0.4409
1424 10 75 0.4488
1424 10 60 0.3543
1435 10 75 0.4409
1435 10 60 0.3465
1446 10 79 0.4409
1446 10 67 0.3543
1457 10 87 0.622
1457 10 72 0.4173
1467 10 79 0.4567
1467 10 67 0.3543
1478 10 75 0.4567
1478 10 60 0.3543
1489 10 75 0.4567
1489 10 60 0.3543
1499 10 67 0.5197
1499 10 55 0.4016
1510 10 63 0.4409
1510 10 48 0.3465
1521 10 63 0.4488
1521 10 48 0.3465
1532 10 55 0.4488
1532 10 43 0.3465
1542 10 50 0.7165
1542 10 36 0.4724
1553 10 56 0.4173
1553 10 41 0.3622
1564 10 62 0.4173
1564 10 48 0.315
1574 10 62 0.4173
1574 10 48 0.315
1585 10 68 0.5276
1585 10 53 0.4488
1596 10 74 0.4331
1596 10 60 0.3228
1607 10 74 0.4173
1607 10 60 0.3228
1617 10 80 0.4173
1617 10 65 0.3228
1628 10 86 0.5906
1628 10 72 0.4409
1639 10 80 0.4567
1639 10 65 0.3622
1649 10 74 0.4488
1649 10 60 0.3622
1660 10 74 0.4488
1660 10 60 0.3622
1671 10 68 0.5039
1671 10 53 0.4094
1682 10 62 0.4488
1682 10 48 0.3228
1692 10 62 0.4488
1692 10 48 0.3228
1703 10 56 0.4409
1703 10 41 0.3228
1714 10 53 0.7244
1714 10 36 0.4961
1724 10 60 0.4567
1724 10 44 0.3701
1735 10 65 0.4567
1735 10 48 0.3701
1746 10 65 0.4646
1746 10 48 0.378
1757 10 72 0.5433
1757 10 56 0.4646
1767 10 77 0.4724
1767 10 60 0.3701
1778 10 77 0.4724
1778 10 60 0.3701
1789 10 84 0.4724
1789 10 68 0.3701
1799 10 89 0.6299
1799 10 72 0.4488
1810 10 84 0.4803
1810 10 68 0.3701
1821 10 77 0.4803
1821 10 60 0.3701
1832 10 77 0.4803
1832 10 60 0.3701
1842 10 72 0.5433
1842 10 56 0.4173
1853 10 65 0.4724
1853 10 48 0.3228
1864 10 65 0.4724
1864 10 48 0.3228
1874 10 60 0.4724
1874 10 44 0.3228
1885 10 52 0.7323
1885 10 36 0.5433
1896 10 60 0.4724
1896 10 43 0.3701
1907 10 64 0.4724
1907 10 48 0.3701
1917 10 64 0.4724
1917 10 48 0.3701
1928 10 72 0.5512
1928 10 55 0.4724
1939 10 76 0.4803
1939 10 60 0.378
1949 10 76 0.4724
1949 10 60 0.3701
1960 10 84 0.4724
1960 10 67 0.3701
1971 10 88 0.6378
1971 10 72 0.4567
1982 10 84 0.4882
1982 10 67 0.378
1992 10 76 0.4882
1992 10 60 0.378
2003 10 76 0.4882
2003 10 60 0.378
2014 10 72 0.5512
2014 10 55 0.4331
2024 10 64 0.4724
2024 10 48 0.3701
2035 10 64 0.4724
2035 10 48 0.3701
2046 10 60 0.4803
2046 10 43 0.3701
2057 10 56 0.7559
2057 10 41 0.5591
2067 10 61 0.4961
2067 10 49 0.4173
2078 10 68 0.4961
2078 10 53 0.3701
2089 10 68 0.4961
2089 10 53 0.3701
2099 10 73 0.622
2099 10 61 0.5276
2110 10 80 0.5039
2110 10 65 0.3701
2121 10 80 0.4961
2121 10 65 0.378
2132 10 85 0.4961
2132 10 73 0.378
2142 10 92 0.6535
2142 10 77 0.5197
2153 10 85 0.5433
2153 10 73 0.4173
2164 10 80 0.5276
2164 10 65 0.4173
2174 10 80 0.5276
2174 10 65 0.4173
2185 10 73 0.6063
2185 10 61 0.4724
2196 10 68 0.5276
2196 10 53 0.378
2207 10 68 0.5276
2207 10 53 0.378
2217 10 61 0.5197
2217 10 49 0.378
2228 10 55 0.8031
2228 10 43 0.5984
2239 10 59 0.5512
2239 10 50 0.4488
2249 10 67 0.5512
2249 10 53 0.4488
2260 10 67 0.5512
2260 10 55 0.4488
2271 10 71 0.6614
2271 10 62 0.5591
2282 10 79 0.5748
2282 10 65 0.4331
2292 10 79 0.5748
2292 10 67 0.4331
2303 10 83 0.5748
2303 10 71 0.4331
2314 10 91 0.6614
2314 10 77 0.5433
2324 10 83 0.5827
2324 10 71 0.4252
2335 10 79 0.5827
2335 10 67 0.4252
2346 10 79 0.5906
2346 10 65 0.4252
2357 10 71 0.6614
2357 10 62 0.5039
2367 10 67 0.5827
2367 10 55 0.4016
2378 10 67 0.5827
2378 10 50 0.4016
2389 10 59 0.5827
2389 10 43 0.4016
2399 10 52 0.8425
2399 10 36 0.6299
2410 10 55 0.5591
2410 10 43 0.4646
2421 10 64 0.5669
2421 10 48 0.4646
2432 10 64 0.5669
2432 10 48 0.4646
2442 10 67 0.6693
2442 10 55 0.5669
2453 10 76 0.5827
2453 10 60 0.4567
2464 10 76 0.5827
2464 10 60 0.4567
2474 10 79 0.5827
2474 10 67 0.4567
2485 10 88 0.6929
2485 10 72 0.5512
2496 10 88 0.6063
2496 10 72 0.4567
2507 10 91 0.6063
2507 10 79 0.4567
2517 10 100 0.6063
2517 10 84 0.4567
2528 10 91 0.6772
2528 10 79 0.5197
2539 10 88 0.5906
2539 10 72 0.4094
2549 10 88 0.5906
2549 10 72 0.4094
2560 10 79 0.5906
2560 10 67 0.4094
2571 10 76 0.5906
2571 10 60 0.5512
2582 10 76 0.4961
2582 10 60 0.4016
2592 10 67 0.4961
2592 10 55 0.4016
2603 10 64 0.4961
2603 10 48 0.4016
2614 42 64 0.748
2614 10 48 0.4961
2624 10 55 0.5039
2624 10 43 0.3937
2635 10 52 0.5039
2635 10 36 0.3937
2646 10 55 0.5039
2646 10 43 0.3937
2657 10 50 0.748
2657 10 47 0.6142
2667 10 55 0.5276
2667 10 43 0.3937
2678 10 62 0.6614
2678 10 36 0.3937
2689 10 55 0.5354
2689 10 43 0.3937
2699 10 53 0.7402
2699 10 50 0.622
2710 10 55 0.5512
2710 10 43 0.3543
2721 10 67 0.6535
2721 10 36 0.3543
2732 10 55 0.5039
2732 10 43 0.3543
2742 10 52 0.8346
2742 10 36 0.6063
2753 10 55 0.5433
2753 10 43 0.4409
2764 10 64 0.5433
2764 10 48 0.4409
2774 21 64 0.5433
2774 10 48 0.4409
2785 10 67 0.6299
2785 10 55 0.5433
2796 10 76 0.5512
2796 10 60 0.4331
2807 10 76 0.5512
2807 10 60 0.4331
2817 10 79 0.5512
2817 10 67 0.4331
2828 10 88 0.685
2828 10 72 0.5197
2839 10 88 0.5591
2839 10 72 0.4331
2849 10 91 0.5591
2849 10 79 0.4331
2860 10 100 0.5591
2860 10 84 0.4331
2871 10 91 0.6299
2871 10 79 0.4803
2882 10 88 0.5433
2882 10 72 0.378
2892 10 88 0.5433
2892 10 72 0.378
2903 10 79 0.5433
2903 10 67 0.378
2914 10 76 0.5669
2914 10 60 0.5354
2924 10 76 0.4882
2924 10 60 0.3937
2935 10 67 0.4882
2935 10 55 0.3937
2946 10 64 0.4882
2946 10 48 0.3937
2957 42 64 0.7244
2957 10 48 0.4803
2967 10 55 0.4882
2967 10 43 0.3858
2978 10 52 0.4882
2978 10 36 0.3858
2989 10 55 0.4882
2989 10 43 0.3858
2999 10 50 0.7008
2999 10 47 0.5039
3010 10 55 0.4961
3010 10 43 0.3858
3021 42 62 0.5433
3021 10 36 0.3858
3032 10 55 0.5197
3032 10 43 0.3858
3042 10 48 0.6772
3042 10 45 0.4882
3053 10 55 0.5276
3053 10 43 0.3307
3064 21 60 0.5354
3064 10 36 0.3307
3074 10 55 0.4882
3074 10 43 0.3307
3085 10 50 0.748
3085 10 36 0.5748
3096 10 55 0.5276
3096 10 43 0.4173
3107 10 62 0.5276
3107 10 47 0.4173
3117 21 62 0.5276
3117 10 47 0.4173
3128 10 67 0.6142
3128 10 55 0.5276
3139 10 74 0.5354
3139 10 59 0.4094
3149 10 74 0.5276
3149 10 60 0.4094
3160 10 79 0.5276
3160 10 67 0.4094
3171 10 86 0.6299
3171 10 71 0.4961
3182 10 86 0.5354
3182 10 72 0.4094
3192 10 91 0.5354
3192 10 79 0.4094
3203 10 98 0.5354
3203 10 83 0.4094
3214 10 91 0.6142
3214 10 79 0.4646
3224 10 86 0.5276
3224 10 72 0.3701
3235 10 86 0.5276
3235 10 71 0.3701
3246 10 79 0.5276
3246 10 67 0.3622
3257 10 74 0.5512
3257 10 60 0.5197
3267 10 74 0.4724
3267 10 59 0.378
3278 10 67 0.4724
3278 10 55 0.378
3289 10 62 0.4724
3289 10 48 0.378
3299 42 62 0.6535
3299 10 47 0.4094
3310 10 55 0.4173
3310 10 43 0.315
3321 10 50 0.4173
3321 10 36 0.315
3332 10 55 0.4173
3332 10 43 0.315
3342 10 48 0.6299
3342 10 45 0.4409
3353 10 53 0.4331
3353 10 41 0.315
3364 42 60 0.4646
3364 10 36 0.315
3374 10 53 0.4488
3374 10 41 0.315
3385 10 48 0.5906
3385 10 45 0.4173
3396 10 53 0.4567
3396 10 41 0.2913
3407 21 57 0.4646
3407 10 36 0.2913
3417 10 53 0.4173
3417 10 41 0.2913
3428 10 48 0.6063
3428 10 36 0.4567
3439 10 53 0.4094
3439 10 44 0.3228
3449 10 60 0.4094
3449 10 48 0.3228
3460 10 60 0.4094
3460 10 48 0.3228
3471 10 65 0.4803
3471 10 56 0.4094
3482 10 72 0.4173
3482 10 60 0.315
3492 10 72 0.4173
3492 10 60 0.315
3503 10 77 0.4173
3503 10 68 0.315
3514 10 84 0.5433
3514 10 72 0.4016
3524 10 77 0.4331
3524 10 68 0.315
3535 10 72 0.4331
3535 10 60 0.315
3546 10 72 0.4331
3546 10 60 0.315
3557 10 65 0.4803
3557 10 56 0.378
3567 10 60 0.4173
3567 10 48 0.2913
3578 10 60 0.4173
3578 10 48 0.2913
3589 10 53 0.4173
3589 10 44 0.2913
3599 10 48 0.6063
3599 10 36 0.4567
3610 10 52 0.4094
3610 10 43 0.3228
3621 10 60 0.4094
3621 10 48 0.3228
3632 10 60 0.4094
3632 10 48 0.3228
3642 10 64 0.4803
3642 10 55 0.4094
3653 10 72 0.4173
3653 10 60 0.315
3664 10 72 0.4173
3664 10 60 0.315
3674 10 76 0.4173
3674 10 67 0.315
3685 10 84 0.5433
3685 10 72 0.4016
3696 10 76 0.4331
3696 10 67 0.315
3707 10 72 0.4331
3707 10 60 0.315
3717 10 72 0.4331
3717 10 60 0.315
3728 10 64 0.4803
3728 10 55 0.378
3739 10 60 0.4173
3739 10 48 0.2913
3749 10 60 0.4173
3749 10 48 0.2913
3760 10 52 0.4173
3760 10 43 0.2913
3771 10 48 0.5906
3771 10 32 0.4173
3782 10 51 0.378
3782 10 39 0.2992
3792 10 60 0.378
3792 10 44 0.2992
3803 10 60 0.378
3803 10 44 0.2992
3814 10 63 0.4409
3814 10 51 0.378
3824 10 72 0.3858
3824 10 56 0.2913
3835 10 72 0.3858
3835 10 56 0.2913
3846 10 75 0.3858
3846 10 63 0.2913
3857 10 84 0.4961
3857 10 68 0.3701
3867 10 84 0.3858
3867 10 68 0.2913
3878 10 87 0.3858
3878 10 75 0.2913
3889 10 96 0.3858
3889 10 80 0.2913
3899 10 87 0.4409
3899 10 75 0.3465
3910 10 84 0.3858
3910 10 68 0.2677
3921 10 84 0.3858
3921 10 68 0.2677
3932 10 75 0.3858
3932 10 63 0.2677
3942 10 72 0.4724
3942 10 56 0.3937
3953 10 72 0.378
3953 10 56 0.2992
3964 10 63 0.378
3964 10 51 0.2992
3974 10 60 0.378
3974 10 44 0.2992
3985 42 60 0.5433
3985 10 44 0.378
3996 10 51 0.3858
3996 10 39 0.2913
4007 10 48 0.3858
4007 10 32 0.2913
4017 10 51 0.3858
4017 10 39 0.2913
4028 10 46 0.5433
4028 10 43 0.3701
4039 10 51 0.3858
4039 10 39 0.2913
4049 10 58 0.5039
4049 10 32 0.2913
4060 10 51 0.4016
4060 10 39 0.2913
4071 10 49 0.5354
4071 10 46 0.3465
4082 10 51 0.3858
4082 10 39 0.2677
4092 10 63 0.4724
4092 10 32 0.2677
4103 10 51 0.3858
4103 10 39 0.2677
4114 10 48 0.5906
4114 10 32 0.4173
4124 10 51 0.378
4124 10 39 0.2992
4135 10 60 0.378
4135 10 44 0.2992
4146 21 60 0.378
4146 10 44 0.2992
4157 10 63 0.4409
4157 10 51 0.378
4167 10 72 0.3858
4167 10 56 0.2913
4178 10 72 0.3858
4178 10 56 0.2913
4189 10 75 0.3858
4189 10 63 0.2913
4199 10 84 0.4961
4199 10 68 0.3701
4210 10 84 0.3858
4210 10 68 0.2913
4221 10 87 0.3858
4221 10 75 0.2913
4232 10 96 0.3858
4232 10 80 0.2913
4242 10 87 0.4409
4242 10 75 0.3465
4253 10 84 0.3858
4253 10 68 0.2677
4264 10 84 0.3858
4264 10 68 0.2677
4274 10 75 0.3858
4274 10 63 0.2677
4285 10 72 0.4724
4285 10 56 0.3937
4296 10 72 0.378
4296 10 56 0.2992
4307 10 63 0.378
4307 10 51 0.2992
4317 10 60 0.378
4317 10 44 0.2992
4328 42 60 0.5433
4328 10 44 0.378
4339 10 51 0.3858
4339 10 39 0.2913
4349 10 48 0.3858
4349 10 32 0.2913
4360 10 51 0.3858
4360 10 39 0.2913
4371 10 46 0.5433
4371 10 43 0.3701
4382 10 51 0.3858
4382 10 39 0.2913
4392 10 58 0.5039
4392 10 32 0.2913
4403 10 51 0.4016
4403 10 39 0.2913
4414 10 44 0.5354
4414 10 41 0.3465
4424 10 51 0.3858
4424 10 39 0.2677
4435 10 56 0.4724
4435 10 32 0.2677
4446 10 51 0.3858
4446 10 39 0.2677
4457 10 46 0.5906
4457 10 32 0.4173
4467 10 51 0.378
4467 10 39 0.2992
4478 10 58 0.378
4478 10 43 0.2992
4489 21 58 0.378
4489 10 44 0.2992
4499 10 63 0.4409
4499 10 51 0.378
4510 10 70 0.3858
4510 10 55 0.2913
4521 10 70 0.3858
4521 10 56 0.2913
4532 10 75 0.3858
4532 10 63 0.2913
4542 10 82 0.4961
4542 10 67 0.3701
4553 10 82 0.3858
4553 10 68 0.2913
4564 10 87 0.3858
4564 10 75 0.2913
4574 10 94 0.3858
4574 10 79 0.2913
4585 10 87 0.4409
4585 10 75 0.3465
4596 10 82 0.3858
4596 10 68 0.2677
4607 10 82 0.3858
4607 10 67 0.2677
4617 10 75 0.3858
4617 10 63 0.2677
4628 10 70 0.4724
4628 10 56 0.3937
4639 10 70 0.378
4639 10 55 0.2992
4649 10 63 0.378
4649 10 51 0.2992
4660 10 58 0.378
4660 10 44 0.2992
4671 42 58 0.5197
4671 10 43 0.3543
4682 10 51 0.3622
4682 10 39 0.2756
4692 10 46 0.3622
4692 10 32 0.2756
4703 10 51 0.3622
4703 10 39 0.2756
4714 10 44 0.5197
4714 10 41 0.3465
4724 10 49 0.3701
4724 10 37 0.2756
4735 42 56 0.4803
4735 10 32 0.2756
4746 10 49 0.3858
4746 10 37 0.2756
4757 10 44 0.4961
4757 10 41 0.3228
4767 10 49 0.3622
4767 10 37 0.2441
4778 21 53 0.4409
4778 10 32 0.2441
4789 10 49 0.3622
4789 10 37 0.2441
4799 10 44 0.5669
4799 10 32 0.3937
4810 10 49 0.3543
4810 10 40 0.2835
4821 10 56 0.3543
4821 10 44 0.2835
4832 10 56 0.3543
4832 10 44 0.2756
4842 10 61 0.4094
4842 10 52 0.3543
4853 10 68 0.3543
4853 10 56 0.2677
4864 10 68 0.3543
4864 10 56 0.2677
4874 10 73 0.3465
4874 10 64 0.2598
4885 10 80 0.4882
4885 10 68 0.3307
4896 10 73 0.3543
4896 10 64 0.2598
4907 10 68 0.3543
4907 10 56 0.2598
4917 10 68 0.3465
4917 10 56 0.2598
4928 10 61 0.3937
4928 10 52 0.3071
4939 10 56 0.3307
4939 10 44 0.2362
4949 10 56 0.3307
4949 10 44 0.2362
4960 10 49 0.3307
4960 10 40 0.2283
4971 10 44 0.5039
4971 10 32 0.3465
4982 10 48 0.3307
4982 10 39 0.2598
4992 10 56 0.3228
4992 10 44 0.2441
5003 10 56 0.3228
5003 10 44 0.2441
5014 10 60 0.3937
5014 10 51 0.2992
5024 10 68 0.3071
5024 10 56 0.2283
5035 10 60 0.2992
5035 10 51 0.2283
5046 10 56 0.2992
5046 10 44 0.2283
5057 10 42 0.4803
5057 10 32 0.3307
5067 10 48 0.3071
5067 10 38 0.2283
5078 10 54 0.3622
5078 10 44 0.2205
5089 10 54 0.315
5089 10 44 0.2205
5099 10 60 0.378
5099 10 50 0.2598
5110 10 66 0.2913
5110 10 56 0.1969
5121 10 60 0.3465
5121 10 50 0.1969
5132 10 54 0.2835
5132 10 44 0.1969
5142 10 43 0.4803
5142 10 31 0.3307
5153 10 47 0.2992
5153 10 38 0.2362
5164 10 55 0.2992
5164 10 43 0.2362
5174 10 55 0.2992
5174 10 43 0.2362
5185 10 59 0.3622
5185 10 50 0.2835
5196 10 67 0.3071
5196 10 55 0.2283
5207 10 67 0.3071
5207 10 55 0.2283
5217 10 71 0.315
5217 10 62 0.2283
5228 10 79 0.4409
5228 10 67 0.3228
5239 10 71 0.3228
5239 10 62 0.2283
5249 10 67 0.3228
5249 10 55 0.2362
5260 10 67 0.3228
5260 10 55 0.2362
5271 10 59 0.3701
5271 10 50 0.2835
5282 10 55 0.3228
5282 10 43 0.2205
5292 10 55 0.3228
5292 10 43 0.2205
5303 10 47 0.3228
5303 10 38 0.2205
5314 10 44 0.5197
5314 10 31 0.3622
5324 10 48 0.3228
5324 10 39 0.2441
5335 10 56 0.3228
5335 10 43 0.2441
5346 10 56 0.3228
5346 10 43 0.2441
5357 10 60 0.3858
5357 10 51 0.3071
5367 10 68 0.3465
5367 10 55 0.2598
5378 10 68 0.3465
5378 10 55 0.2598
5389 10 72 0.3465
5389 10 63 0.2598
5399 10 80 0.4724
5399 10 67 0.3543
5410 10 72 0.3543
5410 10 63 0.2598
5421 10 68 0.3543
5421 10 55 0.2598
5432 10 68 0.3543
5432 10 55 0.2598
5442 10 60 0.4016
5442 10 51 0.3071
5453 10 56 0.3543
5453 10 43 0.2441
5464 10 56 0.3543
5464 10 43 0.2441
5474 10 48 0.3543
5474 10 39 0.2441
5485 10 48 0.5669
5485 10 31 0.3937
5496 10 53 0.3543
5496 10 38 0.2835
5507 10 60 0.3543
5507 10 44 0.2835
5517 10 60 0.3543
5517 10 44 0.2835
5528 10 65 0.4094
5528 10 50 0.3307
5539 10 72 0.3622
5539 10 56 0.2677
5549 10 72 0.3622
5549 10 56 0.2677
5560 10 77 0.3543
5560 10 62 0.2677
5571 10 84 0.5039
5571 10 68 0.3622
5582 10 77 0.3622
5582 10 62 0.2677
5592 10 72 0.3622
5592 10 56 0.2677
5603 10 72 0.3622
5603 10 56 0.2677
5614 10 65 0.4016
5614 10 50 0.3071
5624 10 60 0.3543
5624 10 44 0.2441
5635 10 60 0.3543
5635 10 44 0.2441
5646 10 53 0.3543
5646 10 38 0.2441
5657 10 47 0.5433
5657 10 31 0.3858
5667 10 53 0.3465
5667 10 38 0.2677
5678 10 59 0.3465
5678 10 43 0.2677
5689 10 59 0.3465
5689 10 43 0.2677
5699 10 65 0.4016
5699 10 50 0.3307
5710 10 71 0.3465
5710 10 55 0.2677
5721 10 71 0.3465
5721 10 55 0.2677
5732 10 77 0.3465
5732 10 62 0.2598
5742 10 83 0.4882
5742 10 67 0.3543
5753 10 77 0.3543
5753 10 62 0.2598
5764 10 71 0.3543
5764 10 55 0.2598
5774 10 71 0.3543
5774 10 55 0.2598
5785 10 65 0.3937
5785 10 50 0.3071
5796 10 59 0.3465
5796 10 43 0.2362
5807 10 59 0.3465
5807 10 43 0.2362
5817 10 53 0.3465
5817 10 38 0.2362
5828 10 47 0.5354
5828 10 31 0.378
5839 10 53 0.3307
5839 10 38 0.2677
5849 10 59 0.3307
5849 10 43 0.2677
5860 10 59 0.3307
5860 10 43 0.2677
5871 10 65 0.3937
5871 10 50 0.3228
5882 10 71 0.3307
5882 10 55 0.2598
5892 10 71 0.3307
5892 10 55 0.2598
5903 10 77 0.3543
5903 10 62 0.2598
5914 10 83 0.4882
5914 10 67 0.3622
5924 10 77 0.3622
5924 10 62 0.2598
5935 10 71 0.3622
5935 10 55 0.2598
5946 10 71 0.3622
5946 10 55 0.2598
5957 10 65 0.4016
5957 10 50 0.3071
5967 10 59 0.3543
5967 10 43 0.2441
5978 10 59 0.3543
5978 10 43 0.2441
5989 10 53 0.3543
5989 10 38 0.2441
5999 10 48 0.5748
5999 10 32 0.4016
6010 10 53 0.3701
6010 10 41 0.2835
6021 10 60 0.3701
6021 10 44 0.2835
6032 10 60 0.3701
6032 10 44 0.2835
6042 10 65 0.4409
6042 10 53 0.3622
6053 10 72 0.378
6053 10 56 0.2835
6064 10 72 0.378
6064 10 56 0.2835
6074 10 77 0.378
6074 10 65 0.2835
6085 10 84 0.5433
6085 10 68 0.3858
6096 10 77 0.3858
6096 10 65 0.2835
6107 10 72 0.3937
6107 10 56 0.2835
6117 10 72 0.3937
6117 10 56 0.2835
6128 10 65 0.4488
6128 10 53 0.3543
6139 10 60 0.3858
6139 10 44 0.2677
6149 10 60 0.3858
6149 10 44 0.2677
6160 10 53 0.3858
6160 10 41 0.2677
6171 10 51 0.622
6171 10 33 0.4409
6182 10 54 0.3858
6182 10 42 0.3071
6192 10 63 0.3858
6192 10 45 0.3071
6203 10 63 0.3858
6203 10 45 0.3071
6214 10 66 0.4646
6214 10 54 0.378
6224 10 75 0.3937
6224 10 57 0.2992
6235 10 75 0.3937
6235 10 57 0.2992
6246 10 78 0.4016
6246 10 66 0.3071
6257 10 87 0.5433
6257 10 69 0.4094
6267 10 78 0.4094
6267 10 66 0.3071
6278 10 75 0.4094
6278 10 57 0.3071
6289 10 75 0.4094
6289 10 57 0.3071
6299 10 66 0.4724
6299 10 54 0.3701
6310 10 63 0.4094
6310 10 45 0.2913
6321 10 63 0.4094
6321 10 45 0.2913
6332 10 54 0.4094
6332 10 42 0.2913
6342 10 50 0.6614
6342 10 34 0.4646
6353 10 55 0.4016
6353 10 43 0.3228
6364 10 62 0.4016
6364 10 46 0.3228
6374 10 62 0.4016
6374 10 46 0.3228
6385 10 67 0.4961
6385 10 55 0.4016
6396 10 74 0.4173
6396 10 58 0.3307
6407 10 74 0.4173
6407 10 58 0.3307
6417 10 79 0.4173
6417 10 67 0.3307
6428 10 86 0.6063
6428 10 70 0.4409
6439 10 79 0.4409
6439 10 67 0.3307
6449 10 74 0.4488
6449 10 58 0.3307
6460 10 74 0.4488
6460 10 58 0.3307
6471 10 67 0.5197
6471 10 55 0.3937
6482 10 62 0.4409
6482 10 46 0.2992
6492 10 62 0.4409
6492 10 46 0.2992
6503 10 55 0.4409
6503 10 43 0.2992
6514 10 50 0.7165
6514 10 35 0.4882
6524 10 56 0.4488
6524 10 41 0.3543
6535 10 62 0.4488
6535 10 47 0.3543
6546 10 62 0.4488
6546 10 47 0.3543
6557 10 68 0.5354
6557 10 53 0.4331
6567 10 74 0.4567
6567 10 59 0.3465
6578 10 74 0.4567
6578 10 59 0.3465
6589 10 80 0.4567
6589 10 65 0.3543
6599 10 86 0.6063
6599 10 71 0.4646
6610 10 80 0.4646
6610 10 65 0.3543
6621 10 74 0.4646
6621 10 59 0.3543
6632 10 74 0.4646
6632 10 59 0.3543
6642 10 68 0.5433
6642 10 53 0.4094
6653 10 62 0.4724
6653 10 47 0.315
6664 10 62 0.4724
6664 10 47 0.315
6674 10 56 0.4724
6674 10 41 0.315
6685 10 51 0.7402
6685 10 36 0.5276
6696 10 56 0.4646
6696 10 41 0.3622
6707 10 63 0.4646
6707 10 48 0.3622
6717 10 63 0.4646
6717 10 48 0.3622
6728 10 68 0.5591
6728 10 53 0.4488
6739 10 75 0.4803
6739 10 60 0.378
6749 10 75 0.4803
6749 10 60 0.378
6760 10 80 0.4803
6760 10 65 0.378
6771 10 87 0.6614
6771 10 72 0.4882
6782 10 80 0.4882
6782 10 65 0.378
6792 10 75 0.5039
6792 10 60 0.378
6803 10 75 0.5039
6803 10 60 0.378
6814 10 68 0.5748
6814 10 53 0.4409
6824 10 63 0.4961
6824 10 48 0.3307
6835 10 63 0.4961
6835 10 48 0.3307
6846 10 56 0.4961
6846 10 41 0.3307
6857 10 55 0.7638
6857 10 39 0.5591
6867 10 60 0.4961
6867 10 44 0.4016
6878 10 67 0.4961
6878 10 51 0.4016
6889 10 67 0.4961
6889 10 51 0.4016
6899 10 72 0.5827
6899 10 56 0.4803
6910 10 79 0.5039
6910 10 63 0.3858
6921 10 79 0.5039
6921 10 63 0.3858
6932 10 84 0.5197
6932 10 68 0.3937
6942 10 91 0.6929
6942 10 75 0.5276
6953 10 84 0.5276
6953 10 68 0.3937
6964 10 79 0.5276
6964 10 63 0.3937
6974 10 79 0.5276
6974 10 63 0.3937
6985 10 72 0.6063
6985 10 56 0.4646
6996 10 67 0.5276
6996 10 51 0.3701
7007 10 67 0.5276
7007 10 51 0.3701
7017 10 60 0.5276
7017 10 44 0.3701
7028 10 53 0.7953
7028 10 38 0.5591
7039 10 60 0.5197
7039 10 44 0.4016
7049 10 65 0.5197
7049 10 50 0.4016
7060 10 65 0.5197
7060 10 50 0.4016
7071 10 72 0.6299
7071 10 56 0.4961
7082 10 77 0.5354
7082 10 62 0.4094
7092 10 77 0.5354
7092 10 62 0.4094
7103 10 84 0.5354
7103 10 68 0.4094
7114 10 89 0.6929
7114 10 74 0.5591
7124 10 83 0.5591
7124 10 68 0.4094
7135 10 77 0.5669
7135 10 62 0.4094
7146 10 77 0.5669
7146 10 62 0.4094
7157 10 71 0.6378
7157 10 56 0.4961
7167 10 65 0.5433
7167 10 50 0.3858
7178 10 65 0.5433
7178 10 50 0.3858
7189 10 59 0.5433
7189 10 44 0.3858
7199 10 56 0.8504
7199 10 43 0.6063
7210 10 59 0.5276
7210 10 50 0.4173
7221 10 68 0.5276
7221 10 53 0.4173
7232 10 68 0.5276
7232 10 55 0.4173
7242 10 71 0.6378
7242 10 62 0.5039
7253 10 80 0.5512
7253 10 65 0.3937
7264 10 80 0.5512
7264 10 67 0.4016
7274 10 83 0.5512
7274 10 74 0.4016
7285 10 92 0.7244
7285 10 77 0.5748
7296 10 83 0.5276
7296 10 74 0.4173
7307 10 80 0.5433
7307 10 67 0.4173
7317 10 80 0.5433
7317 10 65 0.4173
7328 10 71 0.6457
7328 10 62 0.4961
7339 10 68 0.5276
7339 10 55 0.3937
7349 10 68 0.5276
7349 10 53 0.3937
7360 10 59 0.5276
7360 10 50 0.3937
7371 10 55 0.8346
7371 10 43 0.6063
7382 10 59 0.5276
7382 10 50 0.4173
7392 10 67 0.5276
7392 10 53 0.4173
7403 10 67 0.5276
7403 10 55 0.4173
7414 10 71 0.6378
7414 10 62 0.5039
7424 10 79 0.5512
7424 10 65 0.3937
7435 10 79 0.5512
7435 10 67 0.4016
7446 10 83 0.5512
7446 10 74 0.4016
7457 10 91 0.7087
7457 10 77 0.5748
7467 10 83 0.5276
7467 10 74 0.4173
7478 10 79 0.5433
7478 10 67 0.4173
7489 10 79 0.5433
7489 10 65 0.4173
7499 10 71 0.6457
7499 10 62 0.4961
7510 10 67 0.5276
7510 10 55 0.3937
7521 10 67 0.5276
7521 10 53 0.3937
7532 10 59 0.5276
7532 10 50 0.3937
7542 10 43 0.7874
7542 10 31 0.5827
7553 10 47 0.4803
7553 10 38 0.3465
7564 10 55 0.4882
7564 10 43 0.3465
7574 10 55 0.5039
7574 10 43 0.3465
7585 10 59 0.5906
7585 10 50 0.4567
7596 10 67 0.5197
7596 10 55 0.315
7607 10 59 0.5276
7607 10 50 0.315
7617 10 55 0.5354
7617 10 43 0.3228
7628 10 43 0.8268
7628 10 32 0.4961
7639 10 48 0.5354
7639 10 36 0.3465
7649 10 55 0.5354
7649 10 44 0.3465
7660 10 55 0.5433
7660 10 44 0.3465
7671 10 60 0.6299
7671 10 48 0.4567
7682 10 67 0.5512
7682 10 56 0.3228
7692 10 60 0.5591
7692 10 48 0.3228
7703 10 55 0.5669
7703 10 44 0.3228
7714 10 43 0.8346
7714 10 33 0.5591
7724 10 49 0.5433
7724 10 37 0.3386
7735 10 55 0.5512
7735 10 45 0.3465
7746 10 55 0.5591
7746 10 45 0.3543
7757 10 61 0.6378
7757 10 49 0.4803
7767 10 67 0.5669
7767 10 57 0.3622
7778 10 61 0.5827
7778 10 49 0.3701
7789 10 55 0.5984
7789 10 45 0.378
7799 10 43 0.8583
7799 10 34 0.5512
7810 10 49 0.5748
7810 10 37 0.3937
7821 10 55 0.5906
7821 10 46 0.4016
7832 10 49 0.5906
7832 10 37 0.3937
7842 10 43 0.7559
7842 10 35 0.5433
7853 10 50 0.5748
7853 10 38 0.3937
7864 10 55 0.5669
7864 10 47 0.3937
7874 10 50 0.5669
7874 10 38 0.4016
7885 10 51 0.8504
7885 10 36 0.6457
7896 10 55 0.5512
7896 10 43 0.4409
7907 10 63 0.5512
7907 10 48 0.4409
7917 10 63 0.5512
7917 10 48 0.4409
7928 10 67 0.6457
7928 10 55 0.5512
7939 10 75 0.5669
7939 10 60 0.4488
7949 10 75 0.5512
7949 10 60 0.4409
7960 10 79 0.5512
7960 10 67 0.4409
7971 10 87 0.7087
7971 10 72 0.5276
7982 10 79 0.5827
7982 10 67 0.4409
7992 10 75 0.5827
7992 10 60 0.4409
8003 10 75 0.5827
8003 10 60 0.4409
8014 10 67 0.6457
8014 10 55 0.4961
8024 10 63 0.5512
8024 10 48 0.4331
8035 10 63 0.5512
8035 10 48 0.4331
8046 10 55 0.5512
8046 10 43 0.4331
8057 10 50 0.8425
8057 10 36 0.5906
8067 10 56 0.5197
8067 10 41 0.4488
8078 10 62 0.5197
8078 10 48 0.4016
8089 10 62 0.5197
8089 10 48 0.4016
8099 10 68 0.6457
8099 10 53 0.5512
8110 10 74 0.5276
8110 10 60 0.4016
8121 10 74 0.5197
8121 10 60 0.4016
8132 10 80 0.5197
8132 10 65 0.4016
8142 10 86 0.7244
8142 10 72 0.5433
8153 10 80 0.5669
8153 10 65 0.4409
8164 10 74 0.5512
8164 10 60 0.4409
8174 10 74 0.5512
8174 10 60 0.4409
8185 10 68 0.622
8185 10 53 0.4961
8196 10 62 0.5433
8196 10 48 0.4016
8207 10 62 0.5433
8207 10 48 0.4016
8217 10 56 0.5276
8217 10 41 0.4016
8228 10 53 0.8425
8228 10 36 0.6142
8239 10 60 0.5512
8239 10 44 0.4488
8249 10 65 0.5512
8249 10 48 0.4488
8260 10 65 0.5512
8260 10 48 0.4488
8271 10 72 0.6457
8271 10 56 0.5512
8282 10 77 0.5669
8282 10 60 0.4409
8292 10 77 0.5669
8292 10 60 0.4409
8303 10 84 0.5669
8303 10 68 0.4409
8314 10 89 0.6929
8314 10 72 0.5276
8324 10 84 0.5827
8324 10 68 0.4409
8335 10 77 0.5827
8335 10 60 0.4409
8346 10 77 0.5827
8346 10 60 0.4409
8357 10 72 0.6457
8357 10 56 0.4961
8367 10 65 0.5669
8367 10 48 0.3937
8378 10 65 0.5669
8378 10 48 0.3937
8389 10 60 0.5669
8389 10 44 0.3937
8399 10 51 0.8583
8399 10 36 0.6457
8410 10 55 0.5512
8410 10 43 0.4409
8421 10 63 0.5512
8421 10 48 0.4409
8432 10 63 0.5512
8432 10 48 0.4409
8442 10 67 0.6457
8442 10 55 0.5512
8453 10 75 0.5669
8453 10 60 0.4488
8464 10 75 0.5512
8464 10 60 0.4409
8474 10 79 0.5512
8474 10 67 0.4409
8485 10 87 0.7165
8485 10 72 0.5276
8496 10 79 0.5827
8496 10 67 0.4409
8507 10 75 0.5827
8507 10 60 0.4409
8517 10 75 0.5827
8517 10 60 0.4409
8528 10 67 0.6457
8528 10 55 0.4961
8539 10 63 0.5512
8539 10 48 0.4331
8549 10 63 0.5512
8549 10 48 0.4331
8560 10 55 0.5512
8560 10 43 0.4331
8571 10 50 0.8661
8571 10 36 0.5906
8582 10 56 0.5197
8582 10 41 0.4488
8592 10 62 0.5197
8592 10 48 0.4016
8603 10 62 0.5197
8603 10 48 0.4016
8614 10 68 0.6457
8614 10 53 0.5512
8624 10 74 0.5276
8624 10 60 0.4016
8635 10 74 0.5197
8635 10 60 0.4016
8646 10 80 0.5197
8646 10 65 0.4016
8657 10 86 0.748
8657 10 72 0.5433
8667 10 80 0.5669
8667 10 65 0.4409
8678 10 74 0.5512
8678 10 60 0.4409
8689 10 74 0.5512
8689 10 60 0.4409
8699 10 68 0.622
8699 10 53 0.4961
8710 10 62 0.5433
8710 10 48 0.4016
8721 10 62 0.5433
8721 10 48 0.4016
8732 10 56 0.5276
8732 10 41 0.4016
8742 10 51 0.8583
8742 10 36 0.6142
8753 10 56 0.5512
8753 10 41 0.4488
8764 10 63 0.5512
8764 10 47 0.4488
8774 10 63 0.5512
8774 10 48 0.4488
8785 10 68 0.6457
8785 10 56 0.5512
8796 10 75 0.5669
8796 10 59 0.4409
8807 10 75 0.5669
8807 10 60 0.4409
8817 10 80 0.5669
8817 10 65 0.4409
8828 10 87 0.7402
8828 10 71 0.5276
8839 10 80 0.5827
8839 10 65 0.4409
8849 10 75 0.5827
8849 10 60 0.4409
8860 10 75 0.5827
8860 10 59 0.4409
8871 10 68 0.6457
8871 10 53 0.4961
8882 10 63 0.5669
8882 10 48 0.3937
8892 10 63 0.5669
8892 10 47 0.3937
8903 10 56 0.5669
8903 10 41 0.3937
8914 10 48 0.8346
8914 10 36 0.6142
8924 10 51 0.5512
8924 10 43 0.4488
8935 10 60 0.5512
8935 10 48 0.4488
8946 10 60 0.5512
8946 10 48 0.4488
8957 10 63 0.6142
8957 10 55 0.5197
8967 42 72 0.6693
8967 10 60 0.4016
8978 10 63 0.5197
8978 10 55 0.4016
8989 10 60 0.5039
8989 10 48 0.3937
8999 10 63 0.5827
8999 10 55 0.4803
9010 42 70 0.6378
9010 10 60 0.3858
9021 10 63 0.5039
9021 10 55 0.3858
9032 10 60 0.5039
9032 10 48 0.378
9042 10 63 0.5748
9042 10 55 0.4331
9053 42 68 0.6063
9053 10 60 0.3228
9064 10 63 0.4724
9064 10 55 0.3228
9074 10 60 0.4724
9074 10 48 0.3228
9085 10 62 0.5433
9085 10 55 0.4567
9096 42 67 0.5906
9096 10 59 0.3701
9107 10 62 0.4567
9107 10 55 0.3622
9117 10 59 0.4567
9117 10 48 0.3622
9128 10 61 0.5197
9128 10 55 0.4173
9139 42 67 0.5748
9139 10 58 0.3465
9149 10 61 0.4567
9149 10 55 0.3465
9160 10 58 0.4409
9160 10 48 0.3228
9171 10 60 0.4961
9171 10 53 0.3858
9182 42 65 0.5512
9182 10 57 0.2913
9192 10 60 0.4331
9192 10 53 0.2913
9203 10 57 0.4173
9203 10 48 0.2913
9214 10 59 0.4646
9214 10 53 0.378
9224 32 65 0.5197
9224 10 56 0.2835
9235 10 59 0.4094
9235 10 53 0.2835
9246 10 56 0.3937
9246 10 48 0.2756
9257 10 51 0.6614
9257 10 36 0.4882
9267 10 55 0.4094
9267 10 43 0.3307
9278 10 63 0.4094
9278 10 48 0.3307
9289 10 63 0.4173
9289 10 48 0.3307
9299 10 67 0.4961
9299 10 55 0.4173
9310 10 75 0.4409
9310 10 60 0.3543
9321 10 75 0.4331
9321 10 60 0.3465
9332 10 79 0.4331
9332 10 67 0.3465
9342 10 87 0.622
9342 10 72 0.4094
9353 10 79 0.4567
9353 10 67 0.3465
9364 10 75 0.4646
9364 10 60 0.3543
9374 10 75 0.4646
9374 10 60 0.3543
9385 10 67 0.5276
9385 10 55 0.4016
9396 10 63 0.4409
9396 10 48 0.3465
9407 10 63 0.4409
9407 10 48 0.3465
9417 10 55 0.4488
9417 10 43 0.3543
9428 10 50 0.7244
9428 10 36 0.4803
9439 10 56 0.4331
9439 10 41 0.3701
9449 10 62 0.4331
9449 10 48 0.3307
9460 10 62 0.4331
9460 10 48 0.3307
9471 10 68 0.5433
9471 10 53 0.4567
9482 10 74 0.4409
9482 10 60 0.3307
9492 10 74 0.4409
9492 10 60 0.3465
9503 10 80 0.4409
9503 10 65 0.3465
9514 10 86 0.622
9514 10 72 0.4646
9524 10 80 0.4803
9524 10 65 0.378
9535 10 74 0.4646
9535 10 60 0.378
9546 10 74 0.4724
9546 10 60 0.378
9557 10 68 0.5354
9557 10 53 0.4331
9567 10 62 0.4724
9567 10 48 0.3543
9578 10 62 0.4724
9578 10 48 0.3543
9589 10 56 0.4646
9589 10 41 0.3543
9599 10 52 0.7874
9599 10 36 0.5276
9610 10 58 0.4567
9610 10 43 0.3937
9621 10 64 0.4646
9621 10 48 0.3622
9632 10 64 0.4646
9632 10 48 0.3622
9642 10 70 0.5827
9642 10 55 0.4882
9653 10 76 0.4803
9653 10 60 0.3622
9664 10 76 0.4724
9664 10 60 0.3622
9674 10 82 0.4724
9674 10 67 0.3701
9685 10 88 0.6614
9685 10 72 0.4882
9696 10 82 0.5276
9696 10 67 0.3858
9707 10 76 0.5039
9707 10 60 0.3858
9717 10 76 0.5039
9717 10 60 0.3858
9728 10 70 0.5748
9728 10 55 0.4646
9739 10 64 0.4961
9739 10 48 0.378
9749 10 64 0.5039
9749 10 48 0.378
9760 21 59 0.4961
9760 21 43 0.378
9771 10 53 0.8031
9771 10 37 0.5354
9782 10 56 0.4724
9782 10 44 0.4016
9792 10 65 0.4724
9792 10 49 0.3622
9803 10 65 0.4724
9803 10 49 0.3622
9814 10 68 0.5827
9814 10 56 0.4882
9824 10 77 0.4803
9824 10 61 0.3622
9835 10 77 0.4724
9835 10 61 0.3622
9846 10 80 0.4724
9846 10 68 0.3622
9857 10 89 0.6535
9857 10 73 0.4882
9867 10 80 0.5039
9867 10 68 0.378
9878 10 77 0.4882
9878 10 61 0.378
9889 10 77 0.4882
9889 10 61 0.378
9899 10 68 0.5591
9899 10 56 0.4567
9910 10 65 0.4882
9910 10 49 0.3622
9921 10 65 0.4882
9921 10 49 0.3622
9932 10 56 0.4803
9932 10 44 0.3622
9942 10 53 0.7638
9942 10 37 0.5197
9953 10 56 0.4567
9953 10 44 0.3858
9964 10 65 0.4567
9964 10 49 0.3465
9974 10 65 0.4567
9974 10 49 0.3465
9985 10 68 0.5591
9985 10 56 0.4803
9996 10 77 0.4646
9996 10 61 0.3465
10007 10 77 0.4567
10007 10 61 0.3465
10017 10 80 0.4567
10017 10 68 0.3465
10028 10 89 0.6378
10028 10 73 0.4724
10039 10 80 0.4961
10039 10 68 0.3465
10049 10 77 0.4882
10049 10 61 0.3465
10060 10 77 0.4882
10060 10 61 0.3465
10071 10 68 0.5433
10071 10 56 0.4409
10082 10 65 0.4724
10082 10 49 0.3465
10092 10 65 0.4724
10092 10 49 0.3465
10103 10 56 0.4646
10103 10 44 0.3465
10114 10 52 0.7953
10114 10 37 0.5276
10124 10 58 0.4646
10124 10 43 0.3937
10135 10 64 0.4646
10135 10 49 0.3622
10146 10 64 0.4646
10146 10 49 0.3622
10157 10 70 0.5827
10157 10 55 0.4882
10167 10 76 0.4724
10167 10 61 0.3622
10178 10 76 0.4646
10178 10 61 0.3622
10189 10 82 0.4646
10189 10 67 0.3622
10199 10 88 0.6693
10199 10 73 0.4803
10210 10 82 0.5039
10210 10 67 0.378
10221 10 76 0.4961
10221 10 61 0.378
10232 10 76 0.4961
10232 10 61 0.3701
10242 10 70 0.5591
10242 10 55 0.4567
10253 10 64 0.4803
10253 10 49 0.3622
10264 10 64 0.4803
10264 10 49 0.3622
10274 10 58 0.4724
10274 10 43 0.3622
10285 10 53 0.811
10285 10 37 0.5433
10296 10 59 0.4803
10296 10 44 0.4016
10307 10 65 0.4803
10307 10 49 0.3701
10317 10 65 0.4803
10317 10 49 0.3701
10328 10 71 0.5906
10328 10 56 0.5197
10339 10 77 0.4882
10339 10 61 0.3701
10349 10 77 0.4803
10349 10 61 0.3701
10360 10 83 0.4803
10360 10 68 0.3701
10371 10 89 0.6772
10371 10 73 0.5039
10382 10 83 0.5276
10382 10 68 0.3701
10392 10 77 0.5197
10392 10 61 0.3701
10403 10 77 0.5197
10403 10 61 0.3701
10414 10 71 0.5748
10414 10 56 0.4724
10424 10 65 0.5039
10424 10 49 0.3701
10435 10 65 0.5039
10435 10 49 0.3701
10446 10 59 0.4882
10446 21 44 0.3701
10457 10 55 0.8268
10457 10 38 0.5669
10467 10 59 0.4803
10467 10 43 0.4016
10478 10 67 0.4882
10478 10 50 0.3858
10489 10 67 0.4961
10489 10 50 0.3858
10499 10 71 0.622
10499 10 55 0.5276
10510 10 79 0.4882
10510 10 62 0.3858
10521 10 71 0.5039
10521 10 55 0.3858
10532 10 67 0.5197
10532 10 50 0.3858
10542 10 56 0.8346
10542 10 38 0.5276
10553 10 59 0.5512
10553 10 41 0.3937
10564 10 68 0.5354
10564 10 50 0.3937
10574 10 68 0.5354
10574 10 50 0.3937
10585 10 71 0.5906
10585 10 53 0.4803
10596 10 80 0.5276
10596 10 62 0.3858
10607 10 71 0.5276
10607 10 53 0.3858
10617 10 68 0.5039
10617 10 50 0.3858
10628 10 55 0.8504
10628 10 39 0.5748
10639 10 60 0.5039
10639 10 48 0.4331
10649 10 67 0.5039
10649 10 51 0.3937
10660 10 67 0.5039
10660 10 51 0.3937
10671 10 72 0.6378
10671 10 60 0.5433
10682 10 79 0.5276
10682 10 63 0.3937
10692 10 79 0.5039
10692 10 63 0.3937
10703 10 84 0.5039
10703 10 72 0.3937
10714 10 91 0.7323
10714 10 75 0.5433
10724 10 84 0.5591
10724 10 72 0.3937
10735 10 79 0.5512
10735 10 63 0.3937
10746 10 79 0.5512
10746 10 63 0.3937
10757 10 72 0.6142
10757 10 60 0.4961
10767 10 67 0.5433
10767 10 51 0.3937
10778 10 67 0.5433
10778 10 51 0.3937
10789 10 60 0.5354
10789 10 48 0.3937
10799 10 60 0.8425
10799 10 40 0.6063
10810 10 67 0.5276
10810 10 48 0.4567
10821 10 72 0.5276
10821 10 52 0.4094
10832 10 72 0.5276
10832 10 52 0.4094
10842 10 79 0.6535
10842 10 60 0.5669
10853 10 84 0.5433
10853 10 64 0.4094
10864 10 84 0.5276
10864 10 64 0.4094
10874 10 91 0.5276
10874 10 72 0.4094
10885 10 96 0.748
10885 10 76 0.5591
10896 10 91 0.5748
10896 10 72 0.4094
10907 10 84 0.5669
10907 10 64 0.4094
10917 10 84 0.5669
10917 10 64 0.4094
10928 10 79 0.6299
10928 10 60 0.5039
10939 10 72 0.5591
10939 10 52 0.4094
10949 10 72 0.5591
10949 10 52 0.4094
10960 10 67 0.5433
10960 10 48 0.4094
10971 10 58 0.8268
10971 10 41 0.5669
10982 10 60 0.5039
10982 10 48 0.4016
10992 10 70 0.5039
10992 10 53 0.3858
11003 10 70 0.5039
11003 10 53 0.3858
11014 10 72 0.6299
11014 10 60 0.5276
11024 10 82 0.5039
11024 10 65 0.3858
11035 10 72 0.5039
11035 10 60 0.3858
11046 10 70 0.5039
11046 10 53 0.3858
11057 10 56 0.811
11057 10 41 0.5197
11067 10 60 0.5433
11067 10 48 0.3937
11078 10 68 0.5276
11078 10 53 0.3937
11089 10 68 0.5276
11089 10 53 0.3937
11099 10 72 0.6063
11099 10 60 0.4882
11110 10 80 0.5197
11110 10 65 0.3858
11121 10 72 0.5197
11121 10 60 0.3858
11132 10 68 0.5039
11132 10 53 0.3858
11142 10 53 0.811
11142 10 41 0.5748
11153 10 56 0.5039
11153 10 48 0.4094
11164 10 65 0.5039
11164 10 53 0.3858
11174 10 65 0.5039
11174 10 53 0.3858
11185 10 68 0.6378
11185 10 60 0.5433
11196 10 77 0.5197
11196 10 65 0.3858
11207 10 68 0.5039
11207 10 60 0.3858
11217 10 65 0.5039
11217 10 53 0.3858
11228 10 50 0.811
11228 10 41 0.5276
11239 10 56 0.5512
11239 10 48 0.3937
11249 10 62 0.5433
11249 10 53 0.3937
11260 10 62 0.5433
11260 10 53 0.3937
11271 10 68 0.6063
11271 10 60 0.4882
11282 10 74 0.5276
11282 10 65 0.3858
11292 10 68 0.5276
11292 10 60 0.3858
11303 10 62 0.5197
11303 10 53 0.3858
11314 10 55 0.8661
11314 10 43 0.5827
11324 10 60 0.5512
11324 10 51 0.4409
11335 10 67 0.5512
11335 10 55 0.4409
11346 10 67 0.5512
11346 10 55 0.4173
11357 10 72 0.6693
11357 10 63 0.5197
11367 10 79 0.5591
11367 10 67 0.4173
11378 10 79 0.5512
11378 10 67 0.4173
11389 10 84 0.5512
11389 10 75 0.4173
11399 10 91 0.7638
11399 10 79 0.5669
11410 10 84 0.5906
11410 10 75 0.4173
11421 10 79 0.5748
11421 10 67 0.4173
11432 10 79 0.5748
11432 10 67 0.4173
11442 10 72 0.6457
11442 10 63 0.5276
11453 10 67 0.5669
11453 10 55 0.4173
11464 10 67 0.5669
11464 10 55 0.4173
11474 10 60 0.5591
11474 10 51 0.4173
11485 10 56 0.8504
11485 10 43 0.5827
11496 10 60 0.5512
11496 10 51 0.4409
11507 10 68 0.5512
11507 10 55 0.4409
11517 10 68 0.5512
11517 10 55 0.4173
11528 10 72 0.6693
11528 10 63 0.5197
11539 10 80 0.5591
11539 10 67 0.4173
11549 10 80 0.5512
11549 10 67 0.4173
11560 10 84 0.5512
11560 10 75 0.4173
11571 10 92 0.7638
11571 10 79 0.5669
11582 10 84 0.5906
11582 10 75 0.4173
11592 10 80 0.5748
11592 10 67 0.4173
11603 10 80 0.5748
11603 10 67 0.4173
11614 10 72 0.6457
11614 10 63 0.5276
11624 10 68 0.5669
11624 10 55 0.4173
11635 10 68 0.5669
11635 10 55 0.4173
11646 10 60 0.5591
11646 10 51 0.4173
11657 10 56 0.8661
11657 10 43 0.5827
11667 10 59 0.5512
11667 10 50 0.4409
11678 10 68 0.5512
11678 10 53 0.4409
11689 10 68 0.5512
11689 10 55 0.4173
11699 10 71 0.6693
11699 10 62 0.5197
11710 10 80 0.5591
11710 10 65 0.4173
11721 10 80 0.5512
11721 10 67 0.4173
11732 10 83 0.5512
11732 10 74 0.4173
11742 10 92 0.7638
11742 10 77 0.5669
11753 10 83 0.5906
11753 10 74 0.4173
11764 10 80 0.5748
11764 10 67 0.4173
11774 10 80 0.5748
11774 10 65 0.4173
11785 10 71 0.6457
11785 10 62 0.5276
11796 10 68 0.5669
11796 10 55 0.4173
11807 10 68 0.5669
11807 10 53 0.4173
11817 10 59 0.5591
11817 10 50 0.4173
11828 10 55 0.8504
11828 10 43 0.5827
11839 10 59 0.5512
11839 10 50 0.4409
11849 10 67 0.5512
11849 10 53 0.4409
11860 10 67 0.5512
11860 10 55 0.4173
11871 10 71 0.6693
11871 10 62 0.5197
11882 10 79 0.5591
11882 10 65 0.4173
11892 10 79 0.5512
11892 10 67 0.4173
11903 10 83 0.5512
11903 10 74 0.4173
11914 10 91 0.7638
11914 10 77 0.5669
11924 10 83 0.5906
11924 10 74 0.4173
11935 10 79 0.5748
11935 10 67 0.4173
11946 10 79 0.5748
11946 10 65 0.4173
11957 10 71 0.6457
11957 10 62 0.5276
11967 10 67 0.5669
11967 10 55 0.4173
11978 10 67 0.5669
11978 10 50 0.4173
11989 10 59 0.5591
11989 10 43 0.4173
11999 10 52 0.8504
11999 10 36 0.5827
12010 10 55 0.5512
12010 10 43 0.4409
12021 10 64 0.5512
12021 10 48 0.4409
12032 10 64 0.5512
12032 10 48 0.4173
12042 10 67 0.6693
12042 10 55 0.5197
12053 10 76 0.5591
12053 10 60 0.4173
12064 10 76 0.5512
12064 10 60 0.4173
12074 10 79 0.5512
12074 10 67 0.4173
12085 10 88 0.7323
12085 10 72 0.5669
12096 10 88 0.5906
12096 10 72 0.4173
12107 10 91 0.5748
12107 10 79 0.4173
12117 10 100 0.5748
12117 10 84 0.4173
12128 10 91 0.6457
12128 10 79 0.5276
12139 10 88 0.5669
12139 10 72 0.4173
12149 10 88 0.5669
12149 10 72 0.4173
12160 10 79 0.5591
12160 10 67 0.4173
12171 10 76 0.6378
12171 10 60 0.5433
12182 10 76 0.5433
12182 10 60 0.4094
12192 10 67 0.5433
12192 10 55 0.4094
12203 10 64 0.5433
12203 10 48 0.4094
12214 42 64 0.7953
12214 10 48 0.4803
12224 10 55 0.5512
12224 10 43 0.3937
12235 10 52 0.5512
12235 10 36 0.3937
12246 10 55 0.5512
12246 10 43 0.3937
12257 10 50 0.8346
12257 10 47 0.4646
12267 10 55 0.4961
12267 10 43 0.3937
12278 10 62 0.6457
12278 10 36 0.3937
12289 10 55 0.5197
12289 10 43 0.3937
12299 10 53 0.8031
12299 10 50 0.4409
12310 10 55 0.4882
12310 10 43 0.3858
12321 21 67 0.5906
12321 10 36 0.3858
12332 10 55 0.4882
12332 10 43 0.3858
12342 10 52 0.8504
12342 10 36 0.5827
12353 10 55 0.5512
12353 10 43 0.4409
12364 10 64 0.5512
12364 10 48 0.4409
12374 10 64 0.5512
12374 10 48 0.4173
12385 10 67 0.6693
12385 10 55 0.5197
12396 10 76 0.5591
12396 10 60 0.4173
12407 10 76 0.5512
12407 10 60 0.4173
12417 10 79 0.5512
12417 10 67 0.4173
12428 10 88 0.6535
12428 10 72 0.5669
12439 10 88 0.5906
12439 10 72 0.4173
12449 10 91 0.5748
12449 10 79 0.4173
12460 10 100 0.5748
12460 10 84 0.4173
12471 10 91 0.6457
12471 10 79 0.5276
12482 10 88 0.5669
12482 10 72 0.4173
12492 10 88 0.5669
12492 10 72 0.4173
12503 10 79 0.5591
12503 10 67 0.4173
12514 10 76 0.6378
12514 10 60 0.5433
12524 10 76 0.5433
12524 10 60 0.4094
12535 10 67 0.5433
12535 10 55 0.4094
12546 10 64 0.5433
12546 10 48 0.4094
12557 42 64 0.8268
12557 10 48 0.4803
12567 10 55 0.5512
12567 10 43 0.3937
12578 10 52 0.5512
12578 10 36 0.3937
12589 10 55 0.5512
12589 10 43 0.3937
12599 10 50 0.8189
12599 10 47 0.4646
12610 10 55 0.4961
12610 10 43 0.3937
12621 42 62 0.6457
12621 10 36 0.3937
12632 10 55 0.5197
12632 10 43 0.3937
12642 10 48 0.811
12642 10 45 0.4409
12653 10 55 0.4882
12653 10 43 0.3858
12664 21 60 0.5906
12664 10 36 0.3858
12674 10 55 0.4882
12674 10 43 0.3858
12685 10 50 0.8583
12685 10 36 0.5827
12696 10 55 0.5512
12696 10 43 0.4409
12707 10 62 0.5512
12707 10 47 0.4409
12717 21 62 0.5512
12717 10 48 0.4173
12728 10 67 0.6693
12728 10 55 0.5197
12739 10 74 0.5591
12739 10 59 0.4173
12749 10 74 0.5512
12749 10 60 0.4173
12760 10 79 0.5512
12760 10 67 0.4173
12771 10 86 0.685
12771 10 71 0.5669
12782 10 86 0.5906
12782 10 72 0.4173
12792 10 91 0.5748
12792 10 79 0.4173
12803 10 98 0.5748
12803 10 83 0.4173
12814 10 91 0.6457
12814 10 79 0.5276
12824 10 86 0.5669
12824 10 72 0.4173
12835 10 86 0.5669
12835 10 71 0.4173
12846 10 79 0.5591
12846 10 67 0.4173
12857 10 74 0.6378
12857 10 60 0.5433
12867 10 74 0.5433
12867 10 59 0.4094
12878 10 67 0.5433
12878 10 55 0.4094
12889 10 62 0.5433
12889 10 48 0.4094
12899 42 62 0.7953
12899 10 47 0.4803
12910 10 55 0.5512
12910 10 43 0.3937
12921 10 50 0.5512
12921 10 36 0.3937
12932 10 55 0.5512
12932 10 43 0.3937
12942 10 48 0.7874
12942 10 45 0.4646
12953 10 53 0.4961
12953 10 41 0.3937
12964 42 60 0.6457
12964 10 36 0.3937
12974 10 53 0.5197
12974 10 41 0.3937
12985 10 48 0.7795
12985 10 45 0.4409
12996 10 53 0.4882
12996 10 41 0.3858
13007 21 57 0.5906
13007 10 36 0.3858
13017 10 53 0.4882
13017 10 41 0.3858
13028 10 48 0.7874
13028 10 36 0.5433
13039 10 53 0.5512
13039 10 44 0.4331
13049 10 60 0.5512
13049 10 48 0.4331
13060 10 60 0.5512
13060 10 48 0.4331
13071 10 65 0.6693
13071 10 56 0.4961
13082 10 72 0.5591
13082 10 60 0.4173
13092 10 72 0.5512
13092 10 60 0.4173
13103 10 77 0.5512
13103 10 68 0.4173
13114 10 84 0.7165
13114 10 72 0.5276
13124 10 84 0.5748
13124 10 72 0.4173
13135 10 89 0.5748
13135 10 80 0.4173
13146 10 96 0.5748
13146 10 84 0.4173
13157 10 89 0.6457
13157 10 80 0.5276
13167 10 84 0.5669
13167 10 72 0.4173
13178 10 84 0.5669
13178 10 72 0.4173
13189 10 77 0.5591
13189 10 68 0.4173
13199 10 72 0.6378
13199 10 60 0.5433
13210 10 72 0.5433
13210 10 60 0.4094
13221 10 65 0.5433
13221 10 56 0.4094
13232 10 60 0.5433
13232 10 48 0.4094
13242 42 60 0.8189
13242 10 48 0.4803
13253 10 53 0.5748
13253 10 44 0.3937
13264 10 48 0.5748
13264 10 36 0.3937
13274 10 53 0.5748
13274 10 44 0.3937
13285 10 48 0.811
13285 10 36 0.4646
13296 10 53 0.5354
13296 10 44 0.3937
13307 42 60 0.6457
13307 10 48 0.3937
13317 10 53 0.5197
13317 10 44 0.3937
13328 10 48 0.7874
13328 10 36 0.4409
13339 10 53 0.4882
13339 10 44 0.3858
13349 21 62 0.5906
13349 10 48 0.3858
13360 10 53 0.4882
13360 10 44 0.3858
13371 10 48 0.8425
13371 10 36 0.5827
13382 10 53 0.5748
13382 10 44 0.4409
13392 10 60 0.5748
13392 10 48 0.4409
13403 10 60 0.5748
13403 10 48 0.4173
13414 10 65 0.6693
13414 10 56 0.5197
13424 10 72 0.5591
13424 10 60 0.4173
13435 10 72 0.5512
13435 10 60 0.4173
13446 10 77 0.5512
13446 10 68 0.4173
13457 10 84 0.7008
13457 10 72 0.5669
13467 10 84 0.5906
13467 10 72 0.4173
13478 10 89 0.5748
13478 10 80 0.4173
13489 10 96 0.5748
13489 10 84 0.4173
13499 10 89 0.6457
13499 10 80 0.5276
13510 10 84 0.5669
13510 10 72 0.4173
13521 10 84 0.5669
13521 10 72 0.4173
13532 10 77 0.5591
13532 10 68 0.4173
13542 10 72 0.6378
13542 10 60 0.5433
13553 10 72 0.5433
13553 10 60 0.4094
13564 10 65 0.5433
13564 10 56 0.4094
13574 10 60 0.5433
13574 10 48 0.4094
13585 42 60 0.8346
13585 10 48 0.5669
13596 10 53 0.5512
13596 10 44 0.3937
13607 10 48 0.5512
13607 10 36 0.3937
13617 10 53 0.5512
13617 10 44 0.3937
13628 10 48 0.8268
13628 10 36 0.5433
13639 10 53 0.4961
13639 10 44 0.3937
13649 42 60 0.6457
13649 10 48 0.3937
13660 10 53 0.5197
13660 10 44 0.3937
13671 10 48 0.8189
13671 10 36 0.5591
13682 10 53 0.4882
13682 10 44 0.3858
13692 21 62 0.5906
13692 10 48 0.3858
13703 10 53 0.4882
13703 10 44 0.3858
13714 10 52 0.6535
13714 10 36 0.7953
13724 10 55 0.5433
13724 10 43 0.4488
13735 10 64 0.5433
13735 10 48 0.4488
13746 10 55 0.5512
13746 10 43 0.4488
13757 10 52 0.6614
13757 10 31 0.7559
13767 10 55 0.5669
13767 10 43 0.4331
13778 10 64 0.5748
13778 10 48 0.4331
13789 10 55 0.5748
13789 10 43 0.4331
13799 10 52 0.6929
13799 10 36 0.8189
13810 10 55 0.5669
13810 10 43 0.4252
13821 10 64 0.5748
13821 10 48 0.4488
13832 10 55 0.5748
13832 10 43 0.4724
13842 10 52 0.6772
13842 10 31 0.7638
13853 10 55 0.5669
13853 10 43 0.4646
13864 10 64 0.5748
13864 10 48 0.4646
13874 10 55 0.5748
13874 10 43 0.4646
13885 10 52 0.748
13885 10 36 0.8425
13896 10 55 0.622
13896 10 43 0.5118
13907 10 64 0.622
13907 10 48 0.5118
13917 10 55 0.622
13917 10 43 0.5039
13928 10 52 0.7402
13928 10 31 0.8189
13939 10 55 0.6299
13939 10 43 0.4567
13949 10 64 0.6299
13949 10 48 0.4567
13960 10 55 0.6299
13960 10 43 0.4567
13971 10 52 0.7402
13971 10 36 0.8898
13982 10 55 0.6063
13982 10 43 0.4488
13992 10 64 0.6063
13992 10 48 0.4488
14003 10 55 0.6063
14003 10 43 0.4488
14014 10 52 0.7087
14014 10 31 0.8504
14024 10 55 0.5827
14024 10 43 0.4488
14035 10 64 0.5827
14035 10 48 0.4488
14046 10 55 0.5827
14046 10 43 0.4488
14057 42 52 0.874
14057 42 24 0.7638
14057 42 36 0.874
14142 85 72 0.8268
14142 85 64 0.7402
14142 85 67 0.7402
14142 85 76 0.874
14142 85 48 0.5512
14142 85 55 0.6063
14142 85 60 0.6457
