0 67 64 0.5276
0 67 67 0.5276
0 67 72 0.6299
0 67 60 0.5197
0 67 48 0.4409
67 8 74 0.5827
67 67 71 0.4961
67 67 67 0.4961
67 67 55 0.4567
67 67 43 0.3858
75 8 76 0.5197
84 8 74 0.5591
92 8 76 0.4961
101 8 74 0.5512
109 8 76 0.4882
118 5 74 0.5039
123 5 76 0.5039
129 5 74 0.5039
135 67 76 0.6457
135 67 72 0.5512
135 67 67 0.5512
135 67 48 0.5118
135 67 36 0.4331
236 8 72 0.4331
244 8 74 0.4409
253 8 76 0.4567
261 8 77 0.4803
270 33 79 0.5354
270 33 64 0.3307
270 67 60 0.2756
303 33 84 0.4252
303 33 69 0.2362
337 33 83 0.4803
337 33 67 0.2992
371 33 81 0.4252
371 33 65 0.2598
405 67 79 0.5118
405 33 64 0.4173
438 33 60 0.252
472 8 77 0.4252
472 33 62 0.3701
481 8 79 0.4016
489 8 77 0.4252
497 8 79 0.3937
506 8 77 0.4252
506 33 55 0.252
514 8 79 0.378
523 5 77 0.4173
528 5 79 0.3858
534 5 77 0.3937
540 67 76 0.5197
540 33 60 0.3622
573 33 48 0.2756
607 16 76 0.4646
624 16 72 0.3858
641 16 79 0.4646
641 33 60 0.315
658 8 76 0.4016
675 16 76 0.4646
675 33 59 0.3622
692 16 74 0.4016
708 16 79 0.4409
708 33 55 0.2992
725 8 74 0.3701
742 16 74 0.4646
742 33 57 0.3622
759 16 72 0.378
776 16 81 0.4488
776 33 50 0.3307
793 8 72 0.3858
810 16 71 0.4409
810 33 55 0.3543
827 16 67 0.3701
843 16 72 0.4409
843 33 57 0.3543
860 16 67 0.378
877 16 74 0.4488
877 33 59 0.3543
894 16 67 0.4094
911 16 76 0.4882
911 33 60 0.3701
928 16 67 0.4331
945 16 74 0.4961
945 67 59 0.4173
962 8 79 0.4331
978 8 79 0.4331
995 8 79 0.4331
1012 16 78 0.4646
1012 33 57 0.3622
1029 8 84 0.4567
1046 8 84 0.4724
1046 33 50 0.315
1063 8 84 0.4252
1080 16 84 0.4961
1080 33 55 0.3622
1097 16 83 0.4646
1113 16 81 0.4409
1113 33 59 0.3071
1130 16 79 0.3858
1147 8 81 0.4252
1147 33 60 0.3622
1156 8 83 0.4016
1164 8 81 0.4252
1173 8 83 0.3937
1181 8 81 0.4252
1181 33 62 0.3228
1189 8 83 0.378
1198 5 81 0.4173
1204 5 83 0.3858
1209 5 81 0.3937
1215 67 79 0.5197
1215 33 55 0.3622
1249 33 50 0.3071
1282 59 43 0.3622
1350 67 64 0.5276
1350 67 67 0.5276
1350 67 72 0.6299
1350 67 60 0.5197
1350 67 48 0.4409
1417 8 74 0.5827
1417 67 71 0.4961
1417 67 67 0.4961
1417 67 55 0.4567
1417 67 43 0.3858
1426 8 76 0.5197
1434 8 74 0.5591
1443 8 76 0.4961
1451 8 74 0.5512
1459 8 76 0.4882
1468 5 74 0.5039
1474 5 76 0.5039
1479 5 74 0.5039
1485 67 76 0.6457
1485 67 72 0.5512
1485 67 67 0.5512
1485 67 48 0.5118
1485 67 36 0.4331
1586 8 72 0.4331
1595 8 74 0.4409
1603 8 76 0.4567
1611 8 77 0.4803
1620 33 79 0.5354
1620 33 64 0.3307
1620 67 60 0.2756
1654 33 84 0.4252
1654 33 69 0.2362
1687 33 83 0.4803
1687 33 67 0.2992
1721 33 81 0.4252
1721 33 65 0.2598
1755 67 79 0.5118
1755 33 64 0.4173
1789 33 60 0.252
1822 8 77 0.4252
1822 33 62 0.3701
1831 8 79 0.4016
1839 8 77 0.4252
1848 8 79 0.3937
1856 8 77 0.4252
1856 33 55 0.252
1865 8 79 0.378
1873 5 77 0.4173
1879 5 79 0.3858
1884 5 77 0.3937
1890 67 76 0.5197
1890 33 60 0.3622
1924 33 48 0.2756
1957 16 76 0.4646
1974 16 72 0.3858
1991 16 79 0.4646
1991 33 60 0.315
2008 8 76 0.4016
2025 16 76 0.4646
2025 33 59 0.3622
2042 16 74 0.4016
2059 16 79 0.4409
2059 33 55 0.2992
2076 8 74 0.3701
2092 16 74 0.4646
2092 33 57 0.3622
2109 16 72 0.378
2126 16 81 0.4488
2126 33 50 0.3307
2143 8 72 0.3858
2160 16 71 0.4409
2160 33 55 0.3543
2177 16 67 0.3701
2194 16 72 0.4409
2194 33 57 0.3543
2211 16 67 0.378
2227 16 74 0.4488
2227 33 59 0.3543
2244 16 67 0.4094
2261 16 76 0.4882
2261 33 60 0.3701
2278 16 67 0.4331
2295 16 74 0.4961
2295 67 59 0.4173
2312 8 79 0.4331
2329 8 79 0.4331
2346 8 79 0.4331
2363 16 78 0.4646
2363 33 57 0.3622
2379 8 84 0.4567
2396 8 84 0.4724
2396 33 50 0.315
2413 8 84 0.4252
2430 16 84 0.4961
2430 33 55 0.3622
2447 16 83 0.4646
2464 16 81 0.4409
2464 33 59 0.3071
2481 16 79 0.3858
2498 8 81 0.4252
2498 33 60 0.3622
2506 8 83 0.4016
2514 8 81 0.4252
2523 8 83 0.3937
2531 8 81 0.4252
2531 33 62 0.3228
2540 8 83 0.378
2548 5 81 0.4173
2554 5 83 0.3858
2559 5 81 0.3937
2565 67 79 0.5197
2565 33 55 0.3622
2599 33 50 0.3071
2633 59 43 0.3622
2700 67 79 0.6457
2700 67 74 0.5512
2700 67 71 0.5512
2700 67 55 0.5118
2700 67 43 0.4331
2768 16 67 0.4724
2784 8 69 0.4173
2793 8 71 0.4331
2801 8 72 0.4724
2810 8 74 0.4803
2818 8 76 0.4961
2827 8 78 0.5276
2835 33 79 0.5827
2835 135 55 0.2992
2869 16 84 0.4567
2869 33 64 0.2362
2886 8 79 0.3622
2903 16 79 0.4646
2903 33 62 0.2992
2919 8 77 0.3858
2936 16 77 0.4252
2936 33 60 0.2598
2953 16 76 0.3701
2970 67 77 0.5354
2970 67 62 0.4016
2970 67 55 0.4016
3038 16 67 0.4724
3055 8 69 0.4173
3063 8 71 0.4331
3071 8 72 0.4724
3080 8 74 0.4803
3088 8 76 0.4961
3097 8 78 0.5276
3105 33 79 0.5433
3139 16 86 0.4882
3139 33 55 0.2362
3156 16 84 0.4016
3173 16 83 0.4567
3173 33 57 0.2756
3190 16 81 0.3937
3206 16 79 0.4409
3206 33 59 0.2598
3223 16 77 0.3858
3240 16 76 0.4646
3240 33 60 0.3622
3257 16 72 0.4016
3274 16 79 0.4409
3274 33 52 0.2992
3291 16 76 0.4173
3308 16 81 0.4646
3308 33 53 0.3622
3325 16 69 0.4016
3341 16 77 0.4331
3341 33 50 0.3307
3358 16 74 0.3858
3375 67 72 0.4488
3375 33 55 0.3622
3409 33 43 0.2992
3443 67 71 0.4173
3443 16 55 0.3858
3460 16 53 0.3701
3476 16 52 0.3622
3493 16 50 0.2992
3510 67 64 0.5276
3510 67 67 0.5276
3510 67 72 0.6299
3510 67 48 0.5197
3578 8 74 0.5827
3578 67 71 0.4961
3578 67 67 0.4961
3578 67 55 0.4567
3586 8 76 0.5197
3595 8 74 0.5591
3603 8 76 0.4961
3612 8 74 0.5512
3620 8 76 0.4882
3628 5 74 0.5039
3634 5 76 0.5039
3640 5 74 0.5039
3645 67 76 0.6457
3645 67 72 0.5512
3645 67 67 0.5512
3645 67 60 0.5118
3747 8 72 0.4331
3755 8 74 0.4409
3763 8 76 0.4567
3772 8 77 0.4803
3780 33 79 0.5354
3780 33 64 0.3307
3780 67 60 0.2756
3814 33 84 0.4252
3814 33 69 0.2362
3848 33 83 0.4803
3848 33 67 0.2992
3882 33 81 0.4252
3882 33 65 0.2598
3915 67 79 0.5118
3915 33 64 0.4173
3949 33 60 0.252
3983 8 77 0.4252
3983 33 62 0.3701
3991 8 79 0.4016
4000 8 77 0.4252
4008 8 79 0.3937
4017 8 77 0.4252
4017 33 55 0.252
4025 8 79 0.378
4033 5 77 0.4173
4039 5 79 0.3858
4045 5 77 0.3937
4050 16 76 0.4646
4050 33 60 0.3622
4067 16 72 0.4016
4084 16 79 0.4409
4084 33 52 0.2992
4101 16 76 0.4252
4118 16 81 0.4646
4118 67 53 0.3622
4134 16 77 0.3937
4152 16 76 0.4488
4169 16 74 0.3858
4185 67 72 0.4961
4185 33 52 0.4173
4219 33 57 0.252
4253 8 74 0.4016
4253 33 53 0.3701
4261 8 76 0.378
4270 8 74 0.4016
4278 8 76 0.3701
4287 8 74 0.4016
4287 33 55 0.252
4295 8 76 0.3543
4304 5 74 0.3937
4309 5 76 0.3622
4315 5 74 0.3701
4320 67 72 0.5197
4320 33 48 0.3622
4354 33 43 0.2756
4386 50 36 0.3622
4455 67 79 0.6457
4455 67 74 0.5512
4455 67 71 0.5512
4455 67 55 0.5118
4455 67 43 0.4331
4523 16 67 0.4724
4540 8 69 0.4173
4548 8 71 0.4331
4557 8 72 0.4724
4565 8 74 0.4803
4574 8 76 0.4961
4582 8 78 0.5276
4590 33 79 0.5827
4590 135 55 0.2992
4624 16 84 0.4567
4624 33 64 0.2362
4641 8 79 0.3622
4658 16 79 0.4646
4658 33 62 0.2992
4675 8 77 0.3858
4692 16 77 0.4252
4692 33 60 0.2598
4709 16 76 0.3701
4726 67 77 0.5512
4726 67 62 0.3858
4726 67 55 0.3858
4793 16 67 0.4724
4810 8 69 0.4173
4818 8 71 0.4331
4827 8 72 0.4724
4835 8 74 0.4803
4844 8 76 0.4961
4852 8 78 0.5276
4861 33 79 0.5433
4894 16 86 0.4882
4894 33 55 0.2362
4911 16 84 0.4016
4928 16 83 0.4567
4928 33 57 0.2756
4945 16 81 0.3937
4962 16 79 0.4409
4962 33 59 0.2598
4979 16 77 0.3858
4996 16 76 0.4646
4996 33 60 0.3622
5012 16 72 0.4016
5029 16 79 0.4409
5029 33 52 0.2992
5046 16 76 0.3858
5063 16 81 0.4646
5063 33 53 0.3622
5080 16 69 0.3307
5097 16 77 0.4173
5097 33 50 0.3307
5114 16 74 0.3858
5131 67 72 0.4488
5131 33 55 0.3622
5164 33 43 0.2992
5198 67 71 0.4173
5198 16 55 0.3858
5215 16 53 0.3701
5232 16 52 0.3622
5249 16 50 0.2992
5266 67 64 0.5276
5266 67 67 0.5276
5266 67 72 0.6299
5266 67 48 0.5197
5333 8 74 0.5827
5333 67 71 0.4961
5333 67 67 0.4961
5333 67 55 0.4567
5342 8 76 0.5197
5350 8 74 0.5591
5358 8 76 0.4961
5367 8 74 0.5512
5375 8 76 0.4882
5384 5 74 0.5039
5389 5 76 0.5039
5395 5 74 0.5039
5401 67 76 0.6457
5401 67 72 0.5512
5401 67 67 0.5512
5401 67 60 0.5118
5502 8 72 0.4331
5510 8 74 0.4409
5519 8 76 0.4567
5527 8 77 0.4803
5536 33 79 0.5354
5536 33 64 0.3307
5536 67 60 0.2756
5569 33 84 0.4252
5569 33 69 0.2362
5603 33 83 0.4803
5603 33 67 0.2992
5637 33 81 0.4252
5637 33 65 0.2598
5671 67 79 0.5118
5671 33 64 0.4173
5704 33 60 0.252
5738 8 77 0.4252
5738 33 62 0.3701
5747 8 79 0.4016
5755 8 77 0.4252
5764 8 79 0.3937
5772 8 77 0.4252
5772 33 55 0.252
5780 8 79 0.378
5789 5 77 0.4173
5794 5 79 0.3858
5800 5 77 0.3937
5806 16 76 0.4646
5806 33 60 0.3622
5823 16 72 0.4016
5839 16 79 0.4409
5839 33 52 0.2992
5856 16 76 0.3701
5873 16 81 0.4882
5873 67 53 0.3622
5889 16 77 0.4252
5907 16 76 0.4567
5924 16 74 0.3858
5941 67 72 0.5118
5941 33 52 0.4173
5975 33 57 0.252
6008 8 74 0.4016
6008 33 53 0.3701
6017 8 76 0.378
6025 8 74 0.4016
6034 8 76 0.3701
6042 8 74 0.4016
6042 33 55 0.252
6050 8 76 0.3543
6059 5 74 0.3937
6065 5 76 0.3622
6070 5 74 0.3701
6076 67 72 0.5197
6076 33 48 0.3622
6110 33 43 0.2756
6141 67 36 0.3622
