0 143 57 0.378
0 35 64 0.4331
35 11 65 0.4016
47 15 69 0.4331
63 15 67 0.4016
79 15 65 0.4016
95 23 64 0.4173
119 23 65 0.4094
143 35 62 0.4094
143 143 57 0.378
191 95 69 0.4567
287 143 55 0.378
287 35 62 0.4331
323 11 64 0.3937
335 15 67 0.4331
351 15 65 0.4016
367 15 64 0.4016
383 23 62 0.4331
407 23 64 0.4094
431 23 62 0.4016
431 143 64 0.4331
455 23 61 0.3465
479 23 59 0.3701
503 23 61 0.3307
527 23 59 0.3701
550 23 57 0.3307
574 143 57 0.378
574 35 64 0.4331
610 11 65 0.4016
622 15 69 0.4331
638 15 67 0.4016
654 15 65 0.4016
670 23 64 0.4173
694 23 65 0.4094
718 143 57 0.378
718 35 62 0.4094
766 95 69 0.4488
862 35 69 0.4488
862 191 62 0.3937
898 11 71 0.4094
910 15 74 0.4488
926 15 72 0.4173
942 15 71 0.4173
958 23 69 0.4488
982 23 71 0.4331
1006 23 67 0.4488
1030 23 69 0.4016
1054 95 60 0.3701
1054 23 67 0.4646
1078 23 69 0.4173
1101 23 71 0.4646
1125 23 72 0.4331
1149 35 65 0.4488
1149 95 59 0.3937
1185 11 67 0.4094
1197 15 71 0.4488
1213 15 69 0.4173
1229 15 67 0.4173
1245 23 65 0.4488
1245 47 59 0.378
1269 23 67 0.4331
1293 95 59 0.3937
1293 143 64 0.4488
1485 191 69 0.3701
1485 47 74 0.4882
1533 95 81 0.5197
1629 47 72 0.4724
1676 47 67 0.3701
1676 47 79 0.4882
1772 47 77 0.4882
1772 47 71 0.378
1820 45 67 0.3622
1820 45 79 0.4724
1868 47 67 0.378
1868 47 79 0.4882
1916 47 72 0.4488
2012 35 53 0.5433
2048 12 55 0.4961
2060 16 58 0.5433
2076 16 56 0.5039
2092 16 55 0.5039
2108 24 53 0.5433
2132 23 55 0.5197
2156 35 75 0.5669
2156 143 68 0.4646
2191 11 77 0.5197
2203 15 80 0.5591
2219 15 79 0.5433
2235 15 77 0.5433
2251 23 75 0.5591
2275 23 77 0.5512
2299 143 67 0.4331
2299 35 73 0.5591
2335 11 75 0.5197
2347 15 79 0.5591
2363 15 77 0.5433
2379 15 75 0.5433
2395 23 73 0.5591
2419 23 75 0.5512
2443 143 63 0.4331
2443 143 60 0.4331
2443 143 72 0.4803
2587 143 60 0.4331
2587 143 64 0.4331
2587 143 72 0.4803
2730 23 68 0.5197
2730 143 65 0.4016
2730 143 60 0.4016
2754 23 70 0.4803
2778 23 68 0.5197
2802 23 70 0.4882
2826 23 72 0.5197
2850 23 73 0.4882
2874 23 70 0.5669
2874 143 65 0.4016
2898 23 72 0.4961
2922 23 70 0.5512
2946 23 72 0.5197
2970 15 73 0.5039
2986 15 75 0.5512
3002 15 77 0.5748
3018 143 79 0.6142
3018 47 65 0.4646
3018 143 70 0.4567
3066 95 64 0.4646
3162 189 69 0.5354
3162 35 76 0.6535
3198 11 77 0.6063
3210 15 81 0.5748
3226 15 79 0.5827
3242 15 77 0.5748
3258 23 76 0.6063
3281 23 77 0.5906
3305 45 74 0.6142
3353 95 69 0.4961
3353 95 81 0.6614
3449 35 74 0.6614
3449 95 67 0.5354
3485 11 76 0.5748
3497 15 79 0.5748
3513 15 77 0.5748
3529 15 76 0.5669
3545 47 67 0.4882
3545 23 74 0.6142
3569 23 76 0.5827
3593 23 74 0.6063
3593 95 67 0.5354
3593 95 76 0.5591
3617 23 73 0.5039
3641 23 71 0.5433
3665 23 73 0.4882
3689 23 71 0.5433
3713 23 69 0.4882
3737 35 76 0.6614
3737 191 69 0.5354
3773 11 77 0.6063
3785 15 81 0.5906
3801 15 79 0.5748
3816 15 77 0.5669
3832 23 76 0.5906
3856 23 77 0.5827
3880 44 74 0.6142
3928 95 69 0.5748
3928 95 81 0.6299
4024 143 65 0.4488
4024 35 74 0.5591
4024 143 67 0.4488
4060 11 76 0.4882
4072 15 79 0.5276
4088 15 77 0.4882
4104 15 76 0.4724
4120 23 74 0.4882
4144 23 76 0.4567
4168 23 72 0.4488
4168 143 69 0.3701
4168 143 65 0.3701
4192 23 74 0.4016
4216 23 72 0.4646
4240 23 74 0.4173
4264 23 76 0.4646
4288 23 77 0.4331
4312 143 64 0.3937
4312 35 70 0.4488
4347 11 72 0.4094
4359 15 76 0.4488
4375 15 74 0.4173
4391 15 72 0.4173
4407 23 70 0.4488
4431 23 72 0.4331
4455 143 63 0.3307
4455 143 69 0.378
4599 35 62 0.4331
4599 47 69 0.4094
4635 11 64 0.4173
4647 47 67 0.4488
4663 15 65 0.4173
4679 15 64 0.3937
4695 95 74 0.4724
4743 143 57 0.3701
4743 95 65 0.3701
4791 95 65 0.4724
4839 95 72 0.4724
4934 47 70 0.4724
4982 47 64 0.4724
4982 47 72 0.4724
5030 143 72 0.378
5030 143 65 0.3307
5174 35 79 0.4488
5210 11 81 0.4094
5222 15 84 0.4488
5238 15 82 0.4173
5254 15 81 0.4173
5270 23 79 0.4488
5294 23 81 0.4331
5318 23 77 0.4488
5342 23 79 0.4016
5366 23 77 0.4646
5390 23 79 0.4173
5414 23 81 0.4646
5437 23 82 0.4331
5461 35 74 0.4488
5497 11 76 0.4094
5509 15 79 0.4488
5525 15 77 0.4173
5541 15 76 0.4173
5557 23 74 0.4488
5581 23 76 0.4331
5605 143 77 0.4488
5605 143 72 0.4488
5749 143 70 0.3937
5749 143 65 0.3937
5749 143 77 0.4488
5893 143 84 0.4488
5893 143 72 0.3937
5893 143 77 0.3937
6036 143 77 0.3858
6036 143 89 0.4409
6036 143 82 0.3858
6180 191 96 0.4331
6180 191 89 0.3858
6180 191 84 0.3858
6659 47 58 0.3543
6659 47 63 0.3937
6707 47 60 0.378
6707 47 65 0.4173
6755 47 61 0.3937
6755 47 65 0.4488
6803 47 58 0.3465
6803 47 68 0.3858
6851 47 61 0.3307
6851 47 65 0.378
6947 47 58 0.3543
6947 47 63 0.3937
6995 47 60 0.378
6995 47 65 0.4173
7043 47 61 0.3937
7043 47 65 0.4488
7090 47 58 0.3465
7090 47 68 0.3858
7138 47 65 0.3307
7138 47 70 0.378
7234 47 63 0.3858
7234 47 68 0.4331
7282 47 65 0.4094
7282 47 70 0.4567
7330 47 66 0.4331
7330 47 70 0.4882
7378 47 63 0.378
7378 47 73 0.4173
7426 47 66 0.3622
7426 47 70 0.4094
7474 47 63 0.3858
7474 47 68 0.4331
7522 47 58 0.3307
7522 47 65 0.378
7570 47 63 0.378
7570 47 68 0.4331
7617 47 61 0.3465
7617 47 65 0.3858
7665 47 58 0.3701
7665 47 66 0.4094
7713 47 60 0.3307
7713 47 63 0.378
7809 47 58 0.3937
7833 23 63 0.3071
7857 47 60 0.4173
7881 23 65 0.3228
7905 95 61 0.4331
7929 23 65 0.3307
7953 23 58 0.3858
7977 23 68 0.2913
8001 47 61 0.3701
8025 23 65 0.2756
8097 47 58 0.3543
8121 23 63 0.2756
8145 47 60 0.378
8168 23 65 0.2913
8192 95 61 0.3858
8216 23 65 0.2992
8240 23 58 0.3465
8264 23 68 0.2598
8288 47 65 0.3228
8312 23 70 0.2362
8384 47 62 0.3858
8384 47 67 0.4331
8432 47 64 0.4094
8432 47 69 0.4567
8480 47 65 0.4331
8480 47 69 0.4882
8528 47 65 0.378
8528 47 72 0.4173
8576 47 65 0.3622
8576 47 69 0.4094
8672 47 62 0.4331
8695 23 67 0.3465
8719 47 64 0.4488
8743 23 69 0.3543
8767 47 65 0.4724
8791 23 69 0.3701
8815 47 65 0.4488
8839 23 72 0.3543
8863 47 69 0.4173
8887 23 74 0.3307
8959 47 84 0.4016
8959 47 79 0.3543
9007 47 74 0.3071
9007 47 81 0.3465
9055 47 84 0.4016
9055 47 79 0.3543
9103 47 77 0.3071
9103 47 81 0.3465
9151 47 74 0.3543
9151 47 82 0.4016
9199 47 76 0.2913
9199 47 79 0.3228
9246 47 72 0.4016
9246 47 67 0.3543
9294 47 62 0.3071
9294 47 69 0.3465
9342 47 72 0.4016
9342 47 67 0.3543
9390 47 65 0.3071
9390 47 69 0.3465
9438 47 62 0.3543
9438 47 70 0.4016
9486 47 64 0.2913
9486 47 67 0.3228
9534 95 60 0.378
9534 95 69 0.4016
9630 47 62 0.315
9630 47 65 0.3465
9678 95 58 0.378
9678 95 67 0.4016
9774 143 58 0.315
9774 143 67 0.3465
9821 49 62 0.3307
9869 49 64 0.3307
9917 49 65 0.3543
9965 25 64 0.3071
9989 25 62 0.2362
10013 47 64 0.2598
10061 143 57 0.378
10061 35 64 0.4331
10097 11 65 0.4016
10109 15 69 0.4331
10125 15 67 0.4016
10141 15 65 0.4016
10157 23 64 0.4173
10181 23 65 0.4094
10205 143 57 0.378
10205 35 62 0.4094
10253 95 69 0.4567
10348 143 55 0.378
10348 35 62 0.4331
10384 11 64 0.3937
10396 15 67 0.4331
10412 15 65 0.4016
10428 15 64 0.4016
10444 23 62 0.4331
10468 23 64 0.4094
10492 23 62 0.4016
10492 143 64 0.4331
10516 23 61 0.3465
10540 23 59 0.3701
10564 23 61 0.3307
10588 23 59 0.3701
10612 23 57 0.3307
10636 143 57 0.378
10636 35 64 0.4331
10672 11 65 0.4016
10684 15 69 0.4331
10700 15 67 0.4016
10716 15 65 0.4016
10732 23 64 0.4173
10756 23 65 0.4094
10780 143 57 0.378
10780 35 62 0.4094
10828 95 69 0.4488
10923 191 62 0.3937
10923 35 69 0.4488
10959 11 71 0.4094
10971 15 74 0.4488
10987 15 72 0.4173
11003 15 71 0.4173
11019 23 69 0.4488
11043 23 71 0.4331
11067 23 67 0.4488
11091 23 69 0.4016
11115 95 60 0.3701
11115 23 67 0.4646
11139 23 69 0.4173
11163 23 71 0.4646
11187 23 72 0.4331
11211 95 59 0.3937
11211 35 65 0.4488
11247 11 67 0.4094
11259 15 71 0.4488
11275 15 69 0.4173
11291 15 67 0.4173
11307 47 59 0.378
11307 23 65 0.4488
11331 23 67 0.4331
11355 95 59 0.3937
11355 143 64 0.4488
11546 191 69 0.3701
11546 47 74 0.4882
11594 95 81 0.5276
11690 47 72 0.4724
11738 47 67 0.3701
11738 47 79 0.4882
11834 47 71 0.378
11834 47 77 0.4882
11882 45 67 0.3622
11882 45 79 0.4724
11930 47 67 0.378
11930 47 79 0.4882
11977 47 72 0.4488
12073 35 53 0.5433
12109 12 55 0.4961
12121 16 58 0.5433
12137 16 56 0.5039
12153 16 55 0.5039
12169 24 53 0.5433
12193 23 55 0.5197
12217 143 68 0.4646
12217 35 75 0.5669
12253 11 77 0.5197
12265 15 80 0.5591
12281 15 79 0.5433
12297 15 77 0.5433
12313 23 75 0.5591
12337 23 77 0.5512
12361 143 67 0.4331
12361 35 73 0.5591
12397 11 75 0.5197
12409 15 79 0.5591
12425 15 77 0.5433
12441 15 75 0.5433
12457 23 73 0.5591
12481 23 75 0.5512
12504 143 60 0.4331
12504 143 63 0.4331
12504 143 72 0.4803
12648 143 60 0.4331
12648 143 64 0.4331
12648 143 72 0.4803
12792 143 60 0.4016
12792 143 65 0.4016
12792 23 68 0.5197
12816 23 70 0.4803
12840 23 68 0.5197
12864 23 70 0.4882
12888 23 72 0.5197
12912 23 73 0.4882
12936 143 65 0.4016
12936 23 70 0.5669
12960 23 72 0.4961
12984 23 70 0.5512
13008 23 72 0.5197
13032 15 73 0.5039
13047 15 75 0.5512
13063 15 77 0.5748
13079 47 65 0.4646
13079 143 70 0.4567
13079 143 79 0.6142
13127 95 64 0.4646
13223 189 69 0.5354
13223 35 76 0.6535
13259 11 77 0.6063
13271 15 81 0.5748
13287 15 79 0.5827
13303 15 77 0.5748
13319 23 76 0.6063
13343 23 77 0.5906
13367 45 74 0.6142
13415 95 69 0.4961
13415 95 81 0.6614
13511 95 67 0.5354
13511 35 74 0.6614
13547 11 76 0.5748
13559 15 79 0.5748
13575 15 77 0.5748
13590 15 76 0.5669
13606 47 67 0.4882
13606 23 74 0.6142
13630 23 76 0.5827
13654 95 67 0.5354
13654 23 74 0.6063
13654 95 76 0.5591
13678 23 73 0.5039
13702 23 71 0.5433
13726 23 73 0.4882
13750 23 71 0.5433
13774 23 69 0.4882
13798 191 69 0.5354
13798 35 76 0.6614
13834 11 77 0.6063
13846 15 81 0.5906
13862 15 79 0.5748
13878 15 77 0.5669
13894 23 76 0.5906
13918 23 77 0.5827
13942 44 74 0.6142
13990 95 69 0.5748
13990 95 81 0.6299
14086 143 65 0.4488
14086 143 67 0.4488
14086 35 74 0.5591
14122 11 76 0.4882
14133 15 79 0.5276
14149 15 77 0.4882
14165 15 76 0.4724
14181 23 74 0.4882
14205 23 76 0.4567
14229 143 69 0.3701
14229 143 65 0.3701
14229 23 72 0.4488
14253 23 74 0.4016
14277 23 72 0.4646
14301 23 74 0.4173
14325 23 76 0.4646
14349 23 77 0.4331
14373 143 64 0.3937
14373 35 70 0.4488
14409 11 72 0.4094
14421 15 76 0.4488
14437 15 74 0.4173
14453 15 72 0.4173
14469 23 70 0.4488
14493 23 72 0.4331
14517 143 63 0.3307
14517 143 69 0.378
14661 47 69 0.4094
14661 35 62 0.4331
14696 11 64 0.4173
14708 47 67 0.4488
14724 15 65 0.4173
14740 15 64 0.3937
14756 95 74 0.4724
14804 143 57 0.3701
14804 95 65 0.3701
14852 95 65 0.4724
14900 95 72 0.4724
14996 47 70 0.4724
15044 47 64 0.4724
15044 47 72 0.4724
15092 143 65 0.3307
15092 143 72 0.378
15235 35 79 0.4488
15271 11 81 0.4094
15283 15 84 0.4488
15299 15 82 0.4173
15315 15 81 0.4173
15331 23 79 0.4488
15355 23 81 0.4331
15379 23 77 0.4488
15403 23 79 0.4016
15427 23 77 0.4646
15451 23 79 0.4173
15475 23 81 0.4646
15499 23 82 0.4331
15523 35 74 0.4488
15559 11 76 0.4094
15571 15 79 0.4488
15587 15 77 0.4173
15603 15 76 0.4173
15619 23 74 0.4488
15643 23 76 0.4331
15667 143 72 0.4488
15667 143 77 0.4488
15810 143 65 0.3937
15810 143 70 0.3937
15810 143 77 0.4488
15954 143 84 0.4488
15954 143 72 0.3937
15954 143 77 0.3937
16098 143 89 0.4409
16098 143 82 0.3858
16098 143 77 0.3858
16242 191 96 0.4331
16242 191 89 0.3858
16242 191 84 0.3858
0 95 48 0.378
0 143 41 0.3465
95 47 49 0.3543
143 95 50 0.378
143 143 41 0.3465
239 47 49 0.3071
287 47 50 0.378
287 143 46 0.3465
335 143 52 0.378
431 95 45 0.3465
479 47 55 0.3543
527 47 45 0.3543
574 95 48 0.378
574 143 41 0.3465
670 47 49 0.3543
718 95 50 0.378
718 143 41 0.3465
814 47 52 0.3071
862 47 53 0.3701
910 47 55 0.4173
958 47 53 0.3937
1006 47 52 0.3465
1054 47 57 0.4016
1101 47 55 0.3701
1149 47 50 0.3701
1197 47 55 0.4173
1245 95 50 0.3701
1293 95 56 0.3937
1341 47 50 0.3701
1389 47 48 0.2992
1389 47 57 0.3543
1437 143 53 0.3543
1437 35 57 0.4488
1473 11 59 0.4173
1485 15 62 0.4409
1501 15 60 0.4331
1517 15 59 0.4331
1533 23 57 0.4488
1557 23 59 0.4409
1581 143 52 0.3228
1581 23 55 0.4331
1605 23 57 0.4094
1629 23 55 0.4646
1652 23 57 0.4331
1676 23 59 0.4646
1700 23 60 0.4016
1724 95 50 0.3543
1724 35 53 0.4488
1760 11 55 0.4173
1772 15 59 0.4646
1788 15 57 0.4488
1804 15 55 0.4488
1820 47 43 0.3307
1820 23 53 0.4646
1844 23 55 0.4567
1868 95 48 0.3543
1868 23 53 0.4173
1892 23 52 0.4016
1916 23 50 0.4331
1940 23 52 0.4016
1964 23 50 0.3701
1988 23 48 0.3228
2012 35 41 0.4488
2048 12 43 0.4173
2060 16 46 0.4409
2076 16 44 0.4331
2092 16 43 0.4331
2108 24 41 0.4488
2132 23 43 0.4409
2156 47 39 0.4331
2156 47 51 0.4646
2203 95 48 0.4331
2203 95 60 0.4646
2299 47 46 0.4331
2299 47 58 0.4646
2347 95 39 0.4331
2347 95 51 0.4646
2443 143 44 0.4094
2443 23 51 0.4646
2467 23 53 0.4331
2491 23 51 0.4409
2515 23 53 0.4567
2539 23 55 0.4803
2563 17 56 0.4961
2581 41 43 0.5039
2587 47 58 0.4961
2623 11 44 0.4803
2635 16 48 0.5039
2651 16 46 0.4882
2667 16 44 0.4882
2683 24 43 0.5039
2707 23 44 0.4961
2730 95 41 0.4646
2730 95 53 0.5197
2826 47 39 0.4016
2826 47 51 0.4488
2874 47 37 0.4173
2874 47 49 0.4724
2922 47 43 0.4488
2922 47 55 0.4961
2970 47 37 0.4016
2970 47 49 0.4567
3018 95 36 0.3937
3018 95 48 0.4488
3114 47 60 0.4488
3162 191 29 0.4724
3162 191 41 0.5354
3210 47 60 0.5197
3210 47 48 0.4646
3258 47 61 0.4961
3258 47 49 0.4409
3305 143 62 0.5354
3305 143 50 0.5354
3401 47 29 0.4173
3401 47 41 0.4724
3449 95 34 0.5354
3449 95 46 0.5354
3497 95 64 0.5354
3497 95 52 0.4803
3545 47 34 0.4173
3545 47 46 0.4724
3593 95 33 0.4331
3593 95 45 0.4882
3641 95 57 0.5276
3689 47 33 0.4409
3689 47 45 0.4961
3737 287 29 0.4724
3737 287 41 0.5354
3785 47 48 0.4646
3785 47 60 0.5197
3832 47 61 0.4961
3832 47 49 0.4409
3880 95 62 0.5354
3880 95 50 0.4882
3976 47 65 0.4961
3976 47 53 0.4331
4024 47 46 0.4173
4072 95 58 0.4724
4168 47 60 0.3465
4216 95 48 0.4016
4312 47 55 0.3701
4359 95 48 0.4173
4455 47 54 0.3307
4503 95 48 0.3071
4599 47 46 0.4173
4647 95 58 0.4724
4695 23 62 0.4173
4719 23 64 0.3937
4743 23 60 0.4173
4743 143 57 0.3465
4767 23 62 0.378
4791 23 60 0.4409
4815 23 62 0.3937
4839 23 64 0.4409
4863 23 65 0.4016
4887 35 58 0.4173
4887 95 55 0.3701
4922 11 60 0.3858
4934 15 64 0.4173
4950 15 62 0.3937
4966 15 60 0.3937
4982 23 58 0.3858
4982 47 48 0.3701
5006 23 60 0.3701
5030 23 58 0.3622
5030 95 53 0.3622
5054 23 57 0.3228
5078 23 55 0.3543
5102 23 57 0.315
5126 23 55 0.315
5150 23 53 0.315
5174 143 75 0.3701
5222 191 65 0.3307
5318 47 75 0.3465
5366 95 74 0.4016
5414 95 65 0.3307
5461 143 70 0.3701
5509 191 65 0.3307
5605 23 70 0.378
5629 23 69 0.3307
5653 23 67 0.3622
5677 23 69 0.3228
5701 23 67 0.3228
5725 23 65 0.2992
5749 23 63 0.3465
5773 23 62 0.3071
5797 23 60 0.3307
5821 23 62 0.2992
5845 23 60 0.2992
5869 23 58 0.2756
5893 23 58 0.3465
5917 23 57 0.3071
5941 23 55 0.3228
5965 23 57 0.2913
5988 23 55 0.2913
6012 23 53 0.2677
6036 23 51 0.3228
6060 23 50 0.2913
6084 23 48 0.315
6108 23 50 0.2835
6132 23 48 0.2835
6156 23 46 0.2598
6180 23 46 0.315
6204 23 45 0.2835
6228 23 43 0.3071
6252 23 45 0.2756
6276 23 43 0.2756
6300 23 41 0.2441
6324 47 41 0.2677
6372 23 29 0.1575
6420 23 29 0.1496
6468 23 29 0.1496
6611 287 37 0.2992
6659 47 42 0.315
6707 47 44 0.3465
6755 47 46 0.3622
6803 47 53 0.3307
6851 47 46 0.2992
6899 287 37 0.2992
6947 47 42 0.315
6995 47 44 0.3465
7043 47 46 0.3622
7090 47 53 0.3307
7138 47 49 0.2992
7186 287 37 0.3228
7234 47 47 0.3465
7282 47 49 0.378
7330 47 51 0.3937
7378 47 58 0.3622
7426 47 51 0.3228
7474 95 37 0.3465
7474 47 48 0.3465
7522 47 49 0.2992
7570 95 37 0.3307
7570 47 48 0.3307
7617 47 46 0.2913
7665 95 37 0.3228
7665 47 51 0.3228
7713 47 44 0.3228
7761 287 37 0.2992
7809 47 42 0.315
7857 47 44 0.3465
7905 47 46 0.3622
7953 47 53 0.3307
8001 47 46 0.2992
8049 287 37 0.2677
8097 47 42 0.2835
8145 47 44 0.3071
8192 47 46 0.315
8240 47 53 0.2992
8288 47 49 0.2677
8336 287 36 0.3228
8384 47 58 0.3937
8432 47 60 0.4331
8480 95 62 0.4488
8528 47 57 0.3622
8576 47 60 0.3228
8624 287 36 0.3228
8672 47 58 0.3937
8719 47 60 0.4331
8767 95 62 0.4331
8815 47 57 0.3622
8863 47 60 0.3228
8911 335 36 0.2992
8959 47 64 0.3228
9007 47 65 0.2835
9055 47 64 0.3228
9103 47 62 0.2677
9151 47 67 0.3228
9199 47 60 0.2835
9246 47 52 0.3228
9294 47 53 0.2835
9342 47 52 0.3228
9390 47 50 0.2677
9438 47 55 0.3228
9486 47 48 0.2835
9534 95 45 0.3228
9630 47 46 0.2835
9678 95 43 0.3228
9774 239 48 0.2835
10061 95 48 0.378
10061 143 41 0.3465
10157 47 49 0.3543
10205 95 50 0.378
10205 143 41 0.3465
10301 47 49 0.3071
10348 47 50 0.378
10348 143 46 0.3465
10396 143 52 0.378
10492 95 45 0.3465
10540 47 55 0.3543
10588 47 45 0.3543
10636 95 48 0.378
10636 143 41 0.3465
10732 47 49 0.3543
10780 95 50 0.378
10780 143 41 0.3465
10875 47 52 0.3071
10923 47 53 0.3701
10971 47 55 0.4173
11019 47 53 0.3937
11067 47 52 0.3465
11115 47 57 0.4016
11163 47 55 0.3701
11211 47 50 0.3701
11259 47 55 0.4173
11307 95 50 0.3701
11355 95 56 0.3937
11403 47 50 0.3701
11450 47 48 0.2992
11450 47 57 0.3543
11498 143 53 0.3543
11498 35 57 0.4488
11534 11 59 0.4173
11546 15 62 0.4409
11562 15 60 0.4331
11578 15 59 0.4331
11594 23 57 0.4488
11618 23 59 0.4409
11642 143 52 0.3228
11642 23 55 0.4331
11666 23 57 0.4094
11690 23 55 0.4646
11714 23 57 0.4331
11738 23 59 0.4646
11762 23 60 0.4016
11786 95 50 0.3543
11786 35 53 0.4488
11822 11 55 0.4173
11834 15 59 0.4646
11850 15 57 0.4488
11866 15 55 0.4488
11882 47 43 0.3307
11882 23 53 0.4646
11906 23 55 0.4567
11930 95 48 0.3543
11930 23 53 0.4173
11953 23 52 0.4016
11977 23 50 0.4331
12001 23 52 0.4016
12025 23 50 0.3701
12049 23 48 0.3228
12073 35 41 0.4488
12109 12 43 0.4173
12121 16 46 0.4409
12137 16 44 0.4331
12153 16 43 0.4331
12169 24 41 0.4488
12193 23 43 0.4409
12217 47 39 0.4331
12217 47 51 0.4646
12265 95 48 0.4331
12265 95 60 0.4646
12361 47 46 0.4331
12361 47 58 0.4646
12409 95 39 0.4331
12409 95 51 0.4646
12504 143 44 0.4094
12504 23 51 0.4646
12528 23 53 0.4331
12552 23 51 0.4409
12576 23 53 0.4567
12600 23 55 0.4803
12624 17 56 0.4961
12642 41 43 0.5039
12648 47 58 0.4961
12684 11 44 0.4803
12696 16 48 0.5039
12712 16 46 0.4882
12728 16 44 0.4882
12744 24 43 0.5039
12768 23 44 0.4961
12792 95 41 0.4646
12792 95 53 0.5197
12888 47 39 0.4016
12888 47 51 0.4488
12936 47 37 0.4173
12936 47 49 0.4724
12984 47 43 0.4488
12984 47 55 0.4961
13032 47 37 0.4016
13032 47 49 0.4567
13079 95 36 0.3937
13079 95 48 0.4488
13175 47 60 0.4488
13223 191 29 0.4724
13223 191 41 0.5354
13271 47 60 0.5354
13271 47 48 0.4803
13319 47 61 0.4961
13319 47 49 0.4409
13367 143 62 0.5354
13367 143 50 0.5354
13463 47 29 0.4173
13463 47 41 0.4724
13511 95 34 0.5354
13511 95 46 0.5354
13559 95 64 0.5354
13559 95 52 0.4803
13606 47 34 0.4173
13606 47 46 0.4724
13654 95 33 0.4331
13654 95 45 0.4882
13702 95 57 0.5276
13750 47 33 0.4409
13750 47 45 0.4961
13798 287 29 0.4724
13798 287 41 0.5354
13846 47 48 0.4803
13846 47 60 0.5354
13894 47 61 0.4961
13894 47 49 0.4409
13942 95 62 0.5354
13942 95 50 0.4882
14038 47 65 0.4961
14038 47 53 0.4331
14086 47 46 0.4173
14133 95 58 0.4724
14229 47 60 0.3465
14277 95 48 0.4016
14373 47 55 0.3701
14421 95 48 0.4173
14517 47 54 0.3307
14565 95 48 0.3071
14661 47 46 0.4173
14708 95 58 0.4724
14756 23 62 0.4173
14780 23 64 0.3937
14804 23 60 0.4173
14804 143 57 0.3465
14828 23 62 0.378
14852 23 60 0.4409
14876 23 62 0.3937
14900 23 64 0.4409
14924 23 65 0.4016
14948 35 58 0.4173
14948 95 55 0.3701
14984 11 60 0.3858
14996 15 64 0.4173
15012 15 62 0.3937
15028 15 60 0.3937
15044 23 58 0.3858
15044 47 48 0.3701
15068 23 60 0.3701
15092 23 58 0.3622
15092 95 53 0.3622
15116 23 57 0.3228
15140 23 55 0.3543
15164 23 57 0.315
15188 23 55 0.315
15211 23 53 0.315
15235 143 75 0.3701
15283 191 65 0.3307
15379 47 75 0.3465
15427 95 74 0.4016
15475 95 65 0.3307
15523 143 70 0.3701
15571 191 65 0.3307
15667 23 70 0.378
15691 23 69 0.3307
15715 23 67 0.3622
15739 23 69 0.3228
15762 23 67 0.3228
15786 23 65 0.2992
15810 23 63 0.3465
15834 23 62 0.3071
15858 23 60 0.3307
15882 23 62 0.2992
15906 23 60 0.2992
15930 23 58 0.2756
15954 23 58 0.3465
15978 23 57 0.3071
16002 23 55 0.3228
16026 23 57 0.2913
16050 23 55 0.2913
16074 23 53 0.2677
16098 23 51 0.3228
16122 23 50 0.2913
16146 23 48 0.315
16170 23 50 0.2835
16194 23 48 0.2835
16218 23 46 0.2598
16242 23 46 0.315
16266 23 45 0.2835
16290 23 43 0.3071
16313 23 45 0.2756
16337 23 43 0.2756
16361 23 41 0.2441
16385 47 41 0.2677
16433 23 29 0.1575
16481 23 29 0.1496
16529 23 29 0.1496
