0 47 67 0.4724
0 47 55 0.4252
47 6 69 0.3937
47 6 57 0.3465
54 18 67 0.4724
54 18 55 0.4252
72 18 64 0.4488
72 18 52 0.3937
90 18 60 0.4173
90 18 48 0.3701
108 40 67 0.4724
108 40 55 0.4252
149 13 76 0.4409
149 13 64 0.4016
162 108 76 0.4724
162 108 64 0.4252
271 27 72 0.3465
271 27 60 0.315
325 47 67 0.4646
372 6 65 0.3937
379 18 64 0.4724
397 18 60 0.4409
415 18 55 0.4094
433 18 60 0.4724
451 18 64 0.4488
469 18 67 0.4252
487 13 55 0.4409
487 13 64 0.4409
487 13 67 0.4409
487 13 43 0.4016
515 13 65 0.4173
515 13 62 0.4173
515 13 55 0.4173
515 13 45 0.3622
528 13 47 0.3622
542 10 55 0.4409
542 10 60 0.4409
542 10 64 0.4409
542 10 48 0.4016
569 10 59 0.3937
569 10 55 0.3937
569 10 62 0.3937
569 10 43 0.3543
596 10 55 0.4409
596 10 64 0.4409
596 10 60 0.4409
596 10 48 0.4016
650 13 55 0.3228
650 13 63 0.3228
650 13 67 0.3228
650 27 43 0.2835
677 13 65 0.2913
677 13 55 0.2913
677 13 62 0.2913
677 13 45 0.2677
691 13 47 0.2756
704 10 55 0.3228
704 10 60 0.3228
704 10 63 0.3228
704 10 48 0.2835
731 10 62 0.2992
731 10 55 0.2992
731 10 59 0.2992
731 10 43 0.2598
759 10 55 0.3386
759 10 60 0.3386
759 10 63 0.3386
759 10 48 0.2835
786 10 65 0.2992
786 10 58 0.2992
786 10 62 0.2992
786 10 46 0.2598
813 27 58 0.4173
813 27 62 0.4173
813 27 65 0.4173
813 27 46 0.3858
840 20 63 0.3858
840 20 58 0.3858
840 20 67 0.3858
840 20 51 0.3386
867 27 58 0.4567
867 27 67 0.4567
867 27 63 0.4567
867 27 51 0.3937
894 20 62 0.4173
894 20 66 0.4173
894 20 69 0.4173
894 20 50 0.3701
921 27 69 0.4961
921 27 66 0.4961
921 27 62 0.4961
921 27 50 0.4409
948 20 62 0.4567
948 20 67 0.4567
948 20 70 0.4567
948 20 55 0.4252
975 27 70 0.5354
975 27 62 0.5354
975 27 67 0.5354
975 27 55 0.4646
1003 27 62 0.5197
1003 27 67 0.5197
1003 27 71 0.5197
1003 27 43 0.4488
1003 27 55 0.4488
1003 27 53 0.4488
1030 81 67 0.5591
1030 81 62 0.5591
1030 81 71 0.5591
1030 81 53 0.4803
1030 81 43 0.4803
1030 81 55 0.4803
1111 27 65 0.4252
1111 27 77 0.4252
1111 27 71 0.4252
1111 27 50 0.378
1111 27 43 0.378
1111 27 55 0.378
1138 162 64 0.4252
1138 162 72 0.4252
1138 162 76 0.4252
1138 162 55 0.378
1138 162 48 0.378
1301 47 67 0.4724
1301 47 55 0.4252
1348 6 69 0.3937
1348 6 57 0.3465
1355 18 67 0.4724
1355 18 55 0.4252
1373 18 64 0.4488
1373 18 52 0.3937
1391 18 60 0.4173
1391 18 48 0.3701
1409 40 67 0.4724
1409 40 55 0.4252
1450 13 76 0.4409
1450 13 64 0.4016
1463 108 76 0.4724
1463 108 64 0.4252
1572 27 72 0.3465
1572 27 60 0.315
1626 47 67 0.4646
1674 6 65 0.3937
1680 18 64 0.4724
1698 18 60 0.4409
1716 18 55 0.4094
1735 18 60 0.4724
1753 18 64 0.4488
1771 18 67 0.4488
1789 13 55 0.4409
1789 13 64 0.4409
1789 13 67 0.4409
1789 13 43 0.4016
1816 13 55 0.4173
1816 13 62 0.4173
1816 13 65 0.4173
1816 13 45 0.3622
1829 13 47 0.3622
1843 10 55 0.4409
1843 10 60 0.4409
1843 10 64 0.4409
1843 10 48 0.4016
1870 10 55 0.3937
1870 10 59 0.3937
1870 10 62 0.3937
1870 10 43 0.3543
1897 10 55 0.4409
1897 10 60 0.4409
1897 10 64 0.4409
1897 10 48 0.4016
1951 13 55 0.3228
1951 13 63 0.3228
1951 13 67 0.3228
1951 27 43 0.2835
1979 13 55 0.2913
1979 13 62 0.2913
1979 13 65 0.2913
1979 13 45 0.2677
1992 13 47 0.2756
2006 10 55 0.3228
2006 10 60 0.3228
2006 10 63 0.3228
2006 10 48 0.2835
2033 10 55 0.2992
2033 10 59 0.2992
2033 10 62 0.2992
2033 10 43 0.2598
2060 10 55 0.3543
2060 10 60 0.3543
2060 10 63 0.3543
2060 10 48 0.2992
2087 13 58 0.3228
2087 13 62 0.3228
2087 13 65 0.3228
2087 13 46 0.2835
2114 27 58 0.4016
2114 27 62 0.4016
2114 27 65 0.4016
2114 27 46 0.3701
2141 20 58 0.378
2141 20 63 0.378
2141 20 67 0.378
2141 20 51 0.3386
2168 27 58 0.4488
2168 27 63 0.4488
2168 27 67 0.4488
2168 27 51 0.3937
2195 20 62 0.4252
2195 20 66 0.4252
2195 20 69 0.4252
2195 20 50 0.378
2223 27 62 0.5039
2223 27 66 0.5039
2223 27 69 0.5039
2223 27 50 0.4409
2250 20 62 0.4488
2250 20 67 0.4488
2250 20 70 0.4488
2250 20 55 0.4094
2277 27 62 0.5197
2277 27 67 0.5197
2277 27 70 0.5197
2277 27 55 0.4646
2304 27 62 0.5197
2304 27 67 0.5197
2304 27 71 0.5197
2304 27 43 0.4409
2304 27 53 0.4409
2304 27 55 0.4409
2331 81 62 0.5433
2331 81 67 0.5433
2331 81 71 0.5433
2331 81 43 0.4961
2331 81 53 0.4961
2331 81 55 0.4961
2412 27 65 0.4252
2412 27 71 0.4252
2412 27 77 0.4252
2412 27 43 0.378
2412 27 50 0.378
2412 27 55 0.378
2439 162 64 0.4252
2439 162 72 0.4252
2439 162 76 0.4252
2439 162 48 0.378
2439 162 55 0.378
2602 47 76 0.4252
2650 6 77 0.3465
2656 18 76 0.4252
2674 18 72 0.3937
2692 11 69 0.3701
2704 6 74 0.3465
2711 18 72 0.4252
2729 18 69 0.4016
2747 18 64 0.3701
2765 54 64 0.4252
2765 27 69 0.4252
2765 27 72 0.4252
2765 47 52 0.4094
2792 27 68 0.3386
2792 27 71 0.4016
2812 6 53 0.3465
2819 27 68 0.3543
2819 27 64 0.3543
2819 27 71 0.4252
2819 18 52 0.4567
2837 18 47 0.4488
2846 27 66 0.3386
2846 27 64 0.3386
2846 27 69 0.4016
2855 18 40 0.4252
2873 54 64 0.3543
2873 54 68 0.3543
2873 54 71 0.4252
2873 54 52 0.4646
2927 54 64 0.3543
2927 54 67 0.3543
2927 27 72 0.4252
2927 47 52 0.4094
2954 27 71 0.4016
2975 6 53 0.3465
2982 27 64 0.3543
2982 27 67 0.3543
2982 27 71 0.4252
2982 18 52 0.4646
3000 18 55 0.4331
3009 27 64 0.3465
3009 27 67 0.3465
3009 27 72 0.4094
3018 18 60 0.4173
3036 54 67 0.3543
3036 27 71 0.4252
3036 54 65 0.4173
3036 54 62 0.3543
3063 27 77 0.4173
3090 47 76 0.4252
3090 54 64 0.4094
3090 54 60 0.3465
3137 6 74 0.3386
3144 18 72 0.4173
3144 27 66 0.4331
3144 27 62 0.3622
3162 18 71 0.4016
3171 27 66 0.4173
3171 27 62 0.3543
3180 18 69 0.4094
3198 54 71 0.4331
3198 54 62 0.3701
3198 54 55 0.3701
3198 54 67 0.4409
3253 47 71 0.5354
3253 47 59 0.4803
3300 6 72 0.4567
3300 6 60 0.4016
3307 18 71 0.5354
3307 18 59 0.4803
3325 18 67 0.5197
3325 18 55 0.4646
3343 13 64 0.5039
3343 13 52 0.4409
3361 27 79 0.6457
3361 27 67 0.5827
3388 10 76 0.5669
3388 10 64 0.5039
3415 47 71 0.5512
3415 47 59 0.4882
3463 6 72 0.4724
3463 6 60 0.4173
3470 18 71 0.5591
3470 18 59 0.5039
3488 18 67 0.5433
3488 18 55 0.4803
3506 13 64 0.5197
3506 13 52 0.4488
3524 27 79 0.6693
3524 27 67 0.5984
3551 10 76 0.5827
3551 10 64 0.5197
3578 27 83 0.7087
3578 27 75 0.7087
3578 27 78 0.7087
3578 27 47 0.6063
3605 10 71 0.685
3605 10 59 0.5669
3625 6 81 0.5512
3625 6 63 0.4488
3632 18 79 0.685
3632 18 64 0.5748
3650 18 78 0.6535
3650 18 66 0.5276
3668 18 76 0.6142
3668 18 67 0.6142
3686 27 83 0.7323
3686 27 75 0.7323
3686 27 78 0.7323
3686 27 47 0.622
3714 10 71 0.6772
3714 10 59 0.5748
3734 6 81 0.5827
3734 6 63 0.4488
3741 18 79 0.7008
3741 18 64 0.5906
3759 18 78 0.6693
3759 18 66 0.5354
3777 18 76 0.6457
3777 18 67 0.5197
3795 27 83 0.748
3795 27 75 0.748
3795 27 78 0.748
3795 27 47 0.6299
3822 10 71 0.7008
3822 10 59 0.5906
3849 27 95 0.9213
3849 27 35 0.6378
3876 10 83 0.7323
3876 10 47 0.5512
4066 27 79 0.3543
4066 27 64 0.2835
4093 13 76 0.2362
4093 13 67 0.1969
4120 27 79 0.3386
4120 27 64 0.2677
4147 13 76 0.2441
4147 13 67 0.1969
4174 27 79 0.3307
4174 27 64 0.2598
4202 13 76 0.2441
4202 13 67 0.2047
4229 27 79 0.3228
4229 27 64 0.2598
4256 13 76 0.2283
4256 13 67 0.189
4283 27 79 0.2992
4283 27 64 0.2441
4310 13 76 0.2126
4310 13 67 0.1811
4337 27 79 0.2913
4337 27 64 0.2362
4364 13 76 0.2047
4364 13 67 0.1654
4391 27 79 0.2835
4391 27 76 0.2835
4391 47 55 0.378
4418 13 67 0.2126
4439 6 57 0.315
4446 27 76 0.2835
4446 27 79 0.2835
4446 18 55 0.378
4464 18 52 0.3543
4473 13 67 0.2126
4482 18 48 0.3071
4500 27 76 0.2835
4500 27 79 0.2835
4500 40 55 0.378
4527 13 67 0.2126
4540 13 64 0.3543
4554 27 76 0.2992
4554 27 79 0.2992
4554 108 64 0.378
4581 13 67 0.2283
4608 27 76 0.2992
4608 27 79 0.2992
4635 13 67 0.2126
4662 27 76 0.2677
4662 27 79 0.2677
4662 27 60 0.2835
4690 13 67 0.2047
4717 47 67 0.4016
4764 6 69 0.378
4771 18 67 0.4488
4789 18 64 0.4173
4807 18 60 0.3622
4825 40 67 0.4488
4866 13 76 0.4094
4879 108 76 0.4488
4879 47 55 0.378
4927 6 57 0.315
4934 18 55 0.378
4952 18 52 0.3543
4970 18 48 0.3228
4988 27 72 0.2756
4988 40 55 0.378
5028 13 64 0.3543
5042 47 79 0.5669
5042 108 64 0.378
5089 6 77 0.4409
5096 18 76 0.5354
5114 18 72 0.4961
5132 18 67 0.4646
5150 18 72 0.5433
5150 27 60 0.2992
5168 18 76 0.5118
5187 18 79 0.4803
5205 13 67 0.5512
5205 13 76 0.5512
5205 13 79 0.5512
5205 13 43 0.4803
5232 13 67 0.5197
5232 13 74 0.5197
5232 13 77 0.5197
5232 13 45 0.4331
5245 13 47 0.4331
5259 10 67 0.5512
5259 10 72 0.5512
5259 10 76 0.5512
5259 10 48 0.4803
5286 10 67 0.4961
5286 10 71 0.4961
5286 10 74 0.4961
5286 10 43 0.4173
5313 10 67 0.5512
5313 10 72 0.5512
5313 10 76 0.5512
5313 10 48 0.4803
5367 27 67 0.3543
5367 13 51 0.2992
5367 13 55 0.2992
5394 13 69 0.3228
5394 13 50 0.2756
5394 13 53 0.2756
5394 13 55 0.2756
5408 13 71 0.3228
5422 10 72 0.3543
5422 10 48 0.2992
5422 10 51 0.2992
5422 10 55 0.2992
5449 10 67 0.3071
5449 10 47 0.2756
5449 10 50 0.2756
5449 10 55 0.2756
5476 10 72 0.378
5476 10 48 0.3307
5476 10 51 0.3307
5476 10 55 0.3307
5503 13 70 0.5276
5503 13 82 0.5276
5503 13 50 0.4016
5503 13 53 0.4016
5503 13 58 0.4016
5530 13 70 0.5354
5530 13 82 0.5354
5530 13 53 0.4331
5530 13 56 0.4331
5530 13 58 0.4331
5557 13 87 0.5748
5557 13 75 0.5748
5557 13 51 0.3937
5557 13 55 0.3937
5557 13 58 0.3937
5584 13 87 0.6142
5584 13 75 0.6142
5584 13 51 0.4331
5584 13 55 0.4331
5584 13 58 0.4331
5611 13 86 0.5827
5611 13 74 0.5827
5611 13 54 0.4016
5611 13 57 0.4016
5611 13 62 0.4016
5638 13 74 0.6378
5638 13 86 0.6378
5638 13 57 0.5039
5638 13 60 0.5039
5638 13 62 0.5039
5666 13 91 0.622
5666 13 79 0.622
5666 13 55 0.4724
5666 13 58 0.4724
5666 13 62 0.4724
5693 13 79 0.6535
5693 13 91 0.6535
5693 13 55 0.5118
5693 13 58 0.5118
5693 13 62 0.5118
5720 13 89 0.5512
5720 13 77 0.5512
5720 13 43 0.3858
5720 13 50 0.3858
5720 13 59 0.3858
5747 81 89 0.5197
5747 81 77 0.5197
5747 81 43 0.3701
5747 81 50 0.3701
5747 81 59 0.3701
5828 27 71 0.3937
5828 27 83 0.3937
5828 27 65 0.2913
5828 27 67 0.2913
5828 27 55 0.2913
5855 162 84 0.3543
5855 162 72 0.3543
5855 162 67 0.2756
5855 162 64 0.2756
5855 162 60 0.2756
6018 47 76 0.4252
6065 6 77 0.3465
6072 18 76 0.4252
6090 18 72 0.3937
6108 11 69 0.3701
6120 6 74 0.3465
6126 18 72 0.4252
6144 18 69 0.4016
6163 18 64 0.3701
6181 54 64 0.3543
6181 27 69 0.3543
6181 27 72 0.4252
6181 47 52 0.4094
6208 27 68 0.3386
6208 27 71 0.4016
6228 6 53 0.3465
6235 27 68 0.3543
6235 27 64 0.3543
6235 27 71 0.4252
6235 18 52 0.4567
6253 18 47 0.4488
6262 27 66 0.3386
6262 27 64 0.3386
6262 27 69 0.4016
6271 18 40 0.4252
6289 54 64 0.3543
6289 54 68 0.3543
6289 54 71 0.4252
6289 54 52 0.4646
6343 54 64 0.3543
6343 54 67 0.3543
6343 27 72 0.4252
6343 47 52 0.4094
6370 27 71 0.4016
6391 6 53 0.3465
6397 27 64 0.3543
6397 27 67 0.3543
6397 27 71 0.4252
6397 18 52 0.4646
6416 18 55 0.4331
6425 27 64 0.3465
6425 27 67 0.3465
6425 27 72 0.4094
6434 18 60 0.4173
6452 54 67 0.3543
6452 27 71 0.4252
6452 54 65 0.4173
6452 54 62 0.3543
6479 27 77 0.4173
6506 47 76 0.4252
6506 54 64 0.4094
6506 54 60 0.3465
6553 6 74 0.3386
6560 18 72 0.4173
6560 27 66 0.4331
6560 27 62 0.3622
6578 18 71 0.4016
6587 27 66 0.4173
6587 27 62 0.3543
6596 18 69 0.4094
6614 54 71 0.4331
6614 54 62 0.3701
6614 54 55 0.3701
6614 54 67 0.4409
6669 47 71 0.5354
6669 47 59 0.4803
6716 6 72 0.4567
6716 6 60 0.4016
6723 18 71 0.5354
6723 18 59 0.4803
6741 18 67 0.5197
6741 18 55 0.4646
6759 13 64 0.5039
6759 13 52 0.4409
6777 27 79 0.6457
6777 27 67 0.5984
6804 10 76 0.5669
6804 10 64 0.5039
6831 47 71 0.5512
6831 47 59 0.4882
6879 6 72 0.4409
6879 6 60 0.4173
6885 18 71 0.5591
6885 18 59 0.5039
6904 18 67 0.5433
6904 18 55 0.4803
6922 13 64 0.5197
6922 13 52 0.4488
6940 27 79 0.6693
6940 27 67 0.5984
6967 10 76 0.5827
6967 10 64 0.5197
6994 27 83 0.7087
6994 27 75 0.7087
6994 27 78 0.7087
6994 27 47 0.6063
7021 10 71 0.685
7021 10 59 0.5669
7041 6 81 0.5591
7041 6 63 0.4567
7048 18 79 0.685
7048 18 64 0.5748
7066 18 78 0.6535
7066 18 66 0.5276
7084 18 76 0.6142
7084 18 67 0.6142
7102 27 83 0.7323
7102 27 75 0.7323
7102 27 78 0.7323
7102 27 47 0.622
7129 10 71 0.6772
7129 10 59 0.5748
7150 6 81 0.5827
7150 6 63 0.4567
7157 18 79 0.7008
7157 18 64 0.5906
7175 18 78 0.6693
7175 18 66 0.5354
7193 18 76 0.6457
7193 18 67 0.5197
7211 27 83 0.748
7211 27 75 0.748
7211 27 78 0.748
7211 27 47 0.6299
7238 10 71 0.7008
7238 10 59 0.5906
7265 27 95 0.8976
7265 27 35 0.6378
7292 10 83 0.7323
7292 10 47 0.5512
7482 27 79 0.3543
7482 27 64 0.2835
7509 13 76 0.2362
7509 13 67 0.1969
7536 27 79 0.3386
7536 27 64 0.2677
7563 13 76 0.2441
7563 13 67 0.1969
7590 27 79 0.3307
7590 27 64 0.2598
7617 13 76 0.2441
7617 13 67 0.2047
7645 27 79 0.3228
7645 27 64 0.2598
7672 13 76 0.2283
7672 13 67 0.189
7699 27 79 0.2992
7699 27 64 0.2441
7726 13 76 0.2126
7726 13 67 0.1811
7753 27 79 0.2913
7753 27 64 0.2362
7780 13 76 0.2047
7780 13 67 0.1654
7807 27 79 0.2835
7807 27 76 0.2835
7807 47 55 0.378
7834 13 67 0.2126
7855 6 57 0.315
7861 27 76 0.2835
7861 27 79 0.2835
7861 18 55 0.378
7879 18 52 0.3543
7889 13 67 0.2126
7898 18 48 0.3071
7916 27 76 0.2835
7916 27 79 0.2835
7916 40 55 0.378
7943 13 67 0.2126
7956 13 64 0.3543
7970 27 76 0.2992
7970 27 79 0.2992
7970 108 64 0.378
7997 13 67 0.2283
8024 27 76 0.2992
8024 27 79 0.2992
8051 13 67 0.2126
8078 27 76 0.2677
8078 27 79 0.2677
8078 27 60 0.2835
8105 13 67 0.2047
8133 47 67 0.4016
8180 6 69 0.378
8187 18 67 0.4488
8205 18 64 0.4173
8223 18 60 0.3622
8241 40 67 0.4488
8282 13 76 0.4094
8295 108 76 0.4488
8295 47 55 0.378
8343 6 57 0.315
8349 18 55 0.378
8367 18 52 0.3543
8386 18 48 0.3228
8404 27 72 0.2756
8404 40 55 0.378
8444 13 64 0.3543
8458 47 79 0.5669
8458 108 64 0.378
8505 6 77 0.4409
8512 18 76 0.5354
8530 18 72 0.4961
8548 18 67 0.4646
8566 18 72 0.5433
8566 27 60 0.2992
8584 18 76 0.5118
8602 18 79 0.4803
8620 13 67 0.5512
8620 13 76 0.5512
8620 13 79 0.5512
8620 13 43 0.4803
8648 13 67 0.5197
8648 13 74 0.5197
8648 13 77 0.5197
8648 13 45 0.4331
8661 13 47 0.4331
8675 10 67 0.5512
8675 10 72 0.5512
8675 10 76 0.5512
8675 10 48 0.4803
8702 10 67 0.4961
8702 10 71 0.4961
8702 10 74 0.4961
8702 10 43 0.4173
8729 10 67 0.5512
8729 10 72 0.5512
8729 10 76 0.5512
8729 10 48 0.4803
8783 27 67 0.3543
8783 13 51 0.2992
8783 13 55 0.2992
8810 13 69 0.3228
8810 13 50 0.2756
8810 13 53 0.2756
8810 13 55 0.2756
8824 13 71 0.3228
8837 10 72 0.3543
8837 10 48 0.2992
8837 10 51 0.2992
8837 10 55 0.2992
8864 10 67 0.3071
8864 10 47 0.2756
8864 10 50 0.2756
8864 10 55 0.2756
8892 10 72 0.378
8892 10 48 0.3307
8892 10 51 0.3307
8892 10 55 0.3307
8919 13 70 0.5039
8919 13 82 0.5039
8919 13 50 0.3858
8919 13 53 0.3858
8919 13 58 0.3858
8946 13 70 0.5197
8946 13 82 0.5197
8946 13 53 0.4094
8946 13 56 0.4094
8946 13 58 0.4094
8973 13 87 0.5591
8973 13 75 0.5591
8973 13 51 0.4094
8973 13 55 0.4094
8973 13 58 0.4094
9000 13 87 0.5827
9000 13 75 0.5827
9000 13 51 0.4409
9000 13 55 0.4409
9000 13 58 0.4409
9027 13 86 0.5512
9027 13 74 0.5512
9027 13 54 0.4252
9027 13 57 0.4252
9027 13 62 0.4252
9054 13 74 0.622
9054 13 86 0.622
9054 13 57 0.4646
9054 13 60 0.4646
9054 13 62 0.4646
9081 13 91 0.6378
9081 13 79 0.6378
9081 13 55 0.4409
9081 13 58 0.4409
9081 13 62 0.4409
9108 13 79 0.6693
9108 13 91 0.6693
9108 13 55 0.5039
9108 13 58 0.5039
9108 13 62 0.5039
9136 13 89 0.5512
9136 13 77 0.5512
9136 13 43 0.3858
9136 13 50 0.3858
9136 13 59 0.3858
9163 81 89 0.5197
9163 81 77 0.5197
9163 81 43 0.3701
9163 81 50 0.3701
9163 81 59 0.3701
9244 27 71 0.3937
9244 27 83 0.3937
9244 27 65 0.2913
9244 27 67 0.2913
9244 27 55 0.2913
9271 159 84 0.3543
9271 159 72 0.3543
9271 159 67 0.2756
9271 159 64 0.2756
9271 159 60 0.2756
9434 18 67 0.3937
9434 18 47 0.3543
9434 162 43 0.2441
9452 18 62 0.315
9452 18 50 0.2835
9470 18 59 0.2677
9470 18 55 0.2441
9488 18 67 0.3701
9488 18 47 0.3307
9506 18 62 0.2913
9506 18 50 0.2598
9524 18 59 0.252
9524 18 55 0.2126
9542 18 66 0.3701
9542 18 45 0.3228
9560 18 62 0.2992
9560 18 50 0.2598
9578 18 57 0.2598
9578 18 54 0.2126
9596 18 69 0.3937
9596 18 48 0.3543
9596 162 43 0.2441
9615 18 62 0.3228
9615 18 50 0.2835
9633 18 60 0.2598
9633 18 57 0.2283
9651 18 69 0.378
9651 18 48 0.3386
9669 18 62 0.2992
9669 18 50 0.2598
9687 18 60 0.2362
9687 18 57 0.2205
9705 18 67 0.378
9705 18 47 0.3386
9723 18 62 0.2992
9723 18 50 0.2598
9741 18 59 0.2441
9741 18 55 0.2205
9759 18 67 0.3701
9759 18 47 0.3307
9777 18 62 0.2992
9777 18 50 0.2598
9795 18 59 0.2441
9795 18 55 0.2205
9813 27 62 0.3701
9813 27 66 0.3701
9813 27 69 0.4409
9813 27 50 0.3307
9813 27 54 0.3307
9813 27 57 0.3937
9840 27 62 0.4016
9840 27 67 0.4016
9840 27 71 0.4803
9840 27 50 0.3543
9840 27 55 0.3543
9840 27 59 0.4173
9868 40 62 0.4331
9868 40 69 0.4331
9868 40 72 0.5039
9868 40 50 0.378
9868 40 57 0.378
9868 40 60 0.4488
9908 13 62 0.3858
9908 13 67 0.3858
9908 13 71 0.4646
9908 13 50 0.3307
9908 13 55 0.3307
9908 13 59 0.4016
9922 54 62 0.3543
9922 54 67 0.3543
9922 54 71 0.4173
9922 54 50 0.2992
9922 54 55 0.2992
9922 54 59 0.3543
9976 27 62 0.2441
9976 27 66 0.2441
9976 27 69 0.2913
9976 27 50 0.2126
9976 27 54 0.2126
9976 27 57 0.252
10003 27 62 0.2283
10003 27 64 0.2283
10003 27 67 0.2756
10003 27 50 0.2047
10003 27 52 0.2047
10003 27 55 0.2441
10030 54 62 0.2441
10030 54 66 0.2441
10030 54 69 0.2913
10030 54 50 0.2205
10030 54 54 0.2205
10030 54 57 0.2598
10084 162 74 0.4173
10084 18 67 0.3937
10084 18 47 0.3543
10084 162 43 0.2441
10103 18 62 0.315
10103 18 50 0.2835
10121 18 71 0.2677
10121 18 55 0.2441
10139 18 67 0.3701
10139 18 47 0.3307
10157 18 62 0.2913
10157 18 50 0.2598
10175 18 71 0.252
10175 18 55 0.2126
10193 18 66 0.3701
10193 18 45 0.3228
10211 18 62 0.2992
10211 18 50 0.2598
10229 18 69 0.2598
10229 18 54 0.2126
10247 162 74 0.4173
10247 18 69 0.3937
10247 18 48 0.3543
10247 162 43 0.2441
10265 18 62 0.3228
10265 18 50 0.2835
10283 18 72 0.2598
10283 18 57 0.2283
10301 18 69 0.378
10301 18 48 0.3386
10319 18 62 0.2992
10319 18 50 0.2598
10337 18 72 0.2362
10337 18 57 0.2205
10356 18 67 0.378
10356 18 47 0.3386
10374 18 62 0.2992
10374 18 50 0.2598
10392 18 71 0.2441
10392 18 55 0.2205
10410 27 62 0.5512
10410 54 50 0.3622
10410 54 47 0.3071
10410 54 43 0.3071
10437 27 74 0.5354
10464 27 64 0.4409
10464 27 76 0.5197
10464 27 43 0.3622
10464 27 48 0.3622
10464 27 52 0.4331
10491 27 66 0.4803
10491 27 78 0.5669
10491 27 43 0.3858
10491 27 45 0.3858
10491 27 54 0.4567
10518 40 67 0.5433
10518 40 79 0.6457
10518 40 43 0.4488
10518 40 55 0.5354
10518 40 47 0.4488
10559 13 62 0.3622
10559 13 67 0.3622
10559 13 71 0.4331
10559 13 50 0.3228
10559 13 55 0.3228
10559 13 59 0.3858
10572 54 62 0.4016
10572 54 71 0.4016
10572 54 74 0.4803
10572 54 50 0.3543
10572 54 62 0.4252
10572 54 59 0.3543
10627 40 62 0.3307
10627 40 66 0.3307
10627 40 72 0.3937
10627 40 50 0.3071
10627 40 57 0.3071
10627 40 60 0.3622
10667 13 62 0.2913
10667 13 67 0.2913
10667 13 71 0.3465
10667 13 55 0.2441
10667 13 59 0.2913
10681 54 62 0.2677
10681 54 67 0.2677
10681 54 71 0.3228
10681 54 55 0.2205
10681 54 59 0.2677
10735 18 67 0.3937
10735 18 47 0.3543
10735 162 43 0.2441
10753 18 62 0.315
10753 18 50 0.2835
10771 18 59 0.2677
10771 18 55 0.2441
10789 18 67 0.3701
10789 18 47 0.3307
10807 18 62 0.2913
10807 18 50 0.2598
10825 18 59 0.252
10825 18 55 0.2126
10844 18 66 0.3701
10844 18 45 0.3228
10862 18 62 0.2992
10862 18 50 0.2598
10880 18 57 0.2598
10880 18 54 0.2126
10898 18 69 0.3937
10898 18 48 0.3543
10898 162 43 0.2441
10916 18 62 0.3228
10916 18 50 0.2835
10934 18 60 0.2598
10934 18 57 0.2283
10952 18 69 0.378
10952 18 48 0.3386
10970 18 62 0.2992
10970 18 50 0.2598
10988 18 60 0.2362
10988 18 57 0.2205
11006 18 67 0.378
11006 18 47 0.3386
11024 18 62 0.2992
11024 18 50 0.2598
11042 18 59 0.2441
11042 18 55 0.2205
11060 18 67 0.3701
11060 18 47 0.3307
11078 18 62 0.2992
11078 18 50 0.2598
11097 18 59 0.2441
11097 18 55 0.2205
11115 27 62 0.3858
11115 27 66 0.3858
11115 27 69 0.4646
11115 27 50 0.3307
11115 27 54 0.3307
11115 27 57 0.3937
11142 27 62 0.4016
11142 27 67 0.4016
11142 27 71 0.4803
11142 27 50 0.3543
11142 27 55 0.3543
11142 27 59 0.4173
11169 40 62 0.4173
11169 40 69 0.4173
11169 40 72 0.4961
11169 40 50 0.378
11169 40 57 0.4488
11169 40 60 0.4488
11210 13 62 0.3858
11210 13 67 0.3858
11210 13 71 0.4646
11210 13 50 0.3307
11210 13 55 0.3307
11210 13 59 0.4016
11223 54 62 0.3543
11223 54 67 0.3543
11223 54 71 0.4173
11223 54 50 0.2992
11223 54 55 0.2992
11223 54 59 0.3543
11277 27 62 0.2441
11277 27 66 0.2441
11277 27 69 0.2913
11277 27 50 0.2126
11277 27 54 0.2126
11277 27 57 0.252
11304 27 62 0.2283
11304 27 64 0.2283
11304 27 67 0.2283
11304 27 50 0.2047
11304 27 52 0.2047
11304 27 55 0.2441
11332 54 62 0.2441
11332 54 66 0.2441
11332 54 69 0.2913
11332 54 50 0.2205
11332 54 54 0.2205
11332 54 57 0.2598
11386 162 74 0.4173
11386 18 67 0.3937
11386 18 47 0.3543
11386 162 43 0.2441
11404 18 62 0.315
11404 18 50 0.2835
11422 18 71 0.2677
11422 18 55 0.2441
11440 18 67 0.3701
11440 18 47 0.3307
11458 18 62 0.2913
11458 18 50 0.2598
11476 18 71 0.252
11476 18 55 0.2126
11494 18 66 0.3701
11494 18 45 0.3228
11512 18 62 0.2992
11512 18 50 0.2598
11530 18 69 0.2598
11530 18 54 0.2126
11548 162 74 0.4173
11548 18 69 0.3937
11548 18 48 0.3543
11548 162 43 0.2441
11566 18 62 0.3228
11566 18 50 0.2835
11585 18 72 0.2598
11585 18 57 0.2283
11603 18 69 0.378
11603 18 48 0.3386
11621 18 62 0.2992
11621 18 50 0.2598
11639 18 72 0.2362
11639 18 57 0.2205
11657 18 67 0.378
11657 18 47 0.3386
11675 18 62 0.2992
11675 18 50 0.2598
11693 18 71 0.2441
11693 18 55 0.2205
11711 27 62 0.5512
11711 54 50 0.3622
11711 54 47 0.3071
11711 54 43 0.3071
11738 27 74 0.5354
11765 27 64 0.4409
11765 27 76 0.5197
11765 27 43 0.3622
11765 27 48 0.3622
11765 27 52 0.4331
11792 27 66 0.4803
11792 27 78 0.5669
11792 27 43 0.3858
11792 27 45 0.3858
11792 27 54 0.4567
11819 40 67 0.5354
11819 40 79 0.6378
11819 40 43 0.4488
11819 40 55 0.5354
11819 40 47 0.4488
11860 13 62 0.3622
11860 13 67 0.3622
11860 13 71 0.4331
11860 13 50 0.3228
11860 13 55 0.3228
11860 13 59 0.3858
11874 54 62 0.4016
11874 54 71 0.4016
11874 54 74 0.4803
11874 54 50 0.3543
11874 54 62 0.4252
11874 54 59 0.3543
11928 40 62 0.3307
11928 40 66 0.3307
11928 40 72 0.3937
11928 40 50 0.3071
11928 40 57 0.3071
11928 40 60 0.3622
11969 13 62 0.2913
11969 13 67 0.2913
11969 13 71 0.3465
11969 13 55 0.2441
11969 13 59 0.2913
11982 53 62 0.2677
11982 53 67 0.2677
11982 53 71 0.3228
11982 53 55 0.2205
11982 53 59 0.2677
12036 54 57 0.2913
12036 54 66 0.2913
12036 54 69 0.3465
12036 18 38 0.2362
12054 18 45 0.2047
12073 18 38 0.2126
12091 40 57 0.252
12091 40 64 0.252
12091 40 67 0.2992
12091 18 33 0.2362
12109 18 38 0.2047
12127 18 33 0.2047
12131 13 57 0.2362
12131 13 62 0.2362
12131 13 66 0.2835
12145 54 57 0.252
12145 54 62 0.252
12145 54 66 0.2992
12145 18 38 0.2362
12163 18 45 0.2047
12181 18 38 0.2047
12199 40 66 0.2913
12199 40 74 0.3465
12199 18 33 0.252
12217 18 38 0.2126
12235 18 33 0.2126
12240 13 67 0.2756
12240 13 76 0.3228
12253 54 66 0.315
12253 54 74 0.378
12253 18 38 0.2598
12271 18 45 0.2283
12289 18 38 0.2283
12307 27 69 0.2913
12307 27 76 0.3465
12307 18 33 0.2677
12326 18 37 0.2283
12344 18 33 0.2283
12362 54 57 0.3701
12362 54 67 0.3701
12362 54 71 0.4409
12362 18 37 0.2362
12380 18 45 0.2126
12398 18 37 0.2126
12416 40 57 0.315
12416 40 66 0.315
12416 40 69 0.378
12416 18 33 0.2362
12434 18 37 0.2126
12452 18 33 0.2126
12457 13 57 0.252
12457 13 64 0.252
12457 13 67 0.2992
12470 54 57 0.2756
12470 54 64 0.2756
12470 54 67 0.3307
12470 18 37 0.2598
12488 18 45 0.2283
12506 18 37 0.2283
12524 40 69 0.3307
12524 40 76 0.3937
12524 18 33 0.2677
12542 18 37 0.2362
12560 18 33 0.2362
12565 13 74 0.3071
12565 13 78 0.3701
12579 54 69 0.3465
12579 54 76 0.4094
12579 18 37 0.2756
12597 18 45 0.2362
12615 18 37 0.2362
12633 27 74 0.3228
12633 27 78 0.3858
12633 18 33 0.2756
12651 18 38 0.2362
12669 18 33 0.2362
12687 54 66 0.4409
12687 54 74 0.5276
12687 18 38 0.2677
12705 18 45 0.2283
12723 18 38 0.2441
12741 27 69 0.2992
12741 27 73 0.3543
12741 18 33 0.2677
12759 18 38 0.2283
12768 27 67 0.2992
12768 27 71 0.3543
12777 18 33 0.2283
12795 54 57 0.378
12795 54 66 0.378
12795 54 69 0.4488
12795 18 38 0.3071
12814 18 45 0.2677
12832 18 38 0.2677
12850 27 57 0.2992
12850 27 64 0.2992
12850 27 67 0.3543
12850 18 33 0.2835
12868 18 38 0.2441
12877 27 57 0.2992
12877 27 62 0.2992
12877 27 66 0.3543
12886 18 33 0.2441
12904 54 57 0.3858
12904 54 67 0.3858
12904 54 71 0.4567
12904 18 37 0.2913
12922 18 45 0.2598
12940 18 37 0.2598
12958 27 57 0.3307
12958 27 66 0.3307
12958 27 69 0.3937
12958 18 33 0.2756
12976 18 37 0.2441
12985 27 57 0.3228
12985 27 64 0.3228
12985 27 67 0.3858
12994 18 33 0.2362
13012 27 62 0.3465
13012 27 66 0.4094
13012 18 38 0.2835
13030 18 45 0.2283
13039 27 57 0.315
13039 27 64 0.378
13048 18 38 0.2441
13067 108 54 0.3543
13067 108 62 0.4173
13067 18 33 0.2913
13085 18 38 0.2362
13103 18 33 0.2362
13121 18 38 0.2835
13139 18 45 0.252
13157 18 38 0.252
13175 54 57 0.3307
13175 54 66 0.3307
13175 54 69 0.3937
13175 18 33 0.3307
13193 18 38 0.3071
13211 18 33 0.3071
13229 40 57 0.3071
13229 40 64 0.3071
13229 40 67 0.3701
13229 18 35 0.3386
13247 18 38 0.3071
13265 18 36 0.315
13270 13 57 0.3071
13270 13 62 0.3071
13270 13 66 0.3622
13283 54 57 0.315
13283 54 62 0.315
13283 54 66 0.378
13283 18 36 0.3622
13301 18 38 0.3307
13320 18 36 0.3307
13338 54 57 0.378
13338 54 66 0.378
13338 54 69 0.4488
13338 18 33 0.378
13356 18 38 0.3386
13374 18 33 0.3386
13392 40 57 0.3543
13392 40 64 0.3543
13392 40 67 0.4252
13392 18 35 0.3858
13410 18 38 0.3465
13428 18 36 0.3465
13433 13 57 0.3543
13433 13 62 0.3543
13433 13 66 0.3543
13446 54 57 0.3701
13446 54 62 0.3701
13446 54 66 0.4409
13446 18 36 0.4252
13464 18 38 0.3465
13482 18 36 0.3622
13500 54 72 0.5512
13500 54 62 0.4646
13500 54 66 0.4646
13500 18 33 0.4488
13518 18 38 0.4016
13536 18 33 0.4016
13555 40 67 0.4252
13555 40 62 0.4252
13555 40 71 0.5039
13555 18 35 0.5039
13573 18 38 0.4252
13591 18 36 0.4252
13595 13 69 0.4646
13595 13 62 0.3937
13595 13 66 0.3937
13609 54 69 0.4803
13609 54 62 0.4016
13609 54 66 0.4016
13609 18 36 0.5591
13627 18 38 0.4331
13645 18 36 0.4331
13663 54 62 0.4882
13663 54 72 0.4882
13663 54 76 0.5827
13663 18 38 0.5669
13681 18 50 0.4882
13699 18 38 0.4882
13717 40 62 0.4646
13717 40 71 0.4646
13717 40 74 0.5512
13717 18 40 0.5433
13735 18 50 0.4488
13753 18 42 0.4724
13758 13 62 0.4409
13758 13 69 0.4409
13758 13 72 0.5276
13771 54 62 0.4646
13771 54 72 0.5512
13771 54 69 0.4646
13771 18 42 0.5197
13789 18 50 0.4724
13808 18 42 0.4724
13826 54 57 0.3465
13826 54 62 0.3465
13826 54 72 0.4094
13826 18 42 0.3386
13844 18 50 0.2835
13862 18 42 0.2913
13880 40 59 0.3071
13880 40 62 0.3071
13880 40 71 0.3622
13880 18 50 0.2913
13898 18 42 0.2598
13916 18 50 0.2598
13921 13 60 0.2756
13921 13 62 0.2756
13921 13 69 0.3307
13934 216 60 0.2756
13934 216 62 0.2756
13934 216 69 0.3307
13934 18 42 0.2913
13952 18 50 0.2441
13970 18 42 0.2441
13988 18 50 0.2756
14006 18 42 0.2362
14024 18 50 0.2362
14043 18 42 0.2756
14061 18 50 0.2362
14079 18 42 0.2362
14097 18 50 0.2756
14115 18 42 0.2283
14133 18 50 0.2283
14151 18 67 0.3937
14151 18 46 0.3543
14151 162 43 0.2441
14169 18 62 0.315
14169 18 50 0.2835
14187 18 58 0.2677
14187 18 55 0.2441
14205 18 67 0.3701
14205 18 46 0.3307
14223 18 62 0.2913
14223 18 50 0.2598
14241 18 58 0.252
14241 18 55 0.2126
14259 18 66 0.3701
14259 18 45 0.3228
14277 18 62 0.2992
14277 18 50 0.2598
14296 18 57 0.2598
14296 18 54 0.2126
14314 18 69 0.3937
14314 18 48 0.3543
14314 162 43 0.2441
14332 18 62 0.3228
14332 18 50 0.2835
14350 18 60 0.2598
14350 18 57 0.2283
14368 18 69 0.378
14368 18 48 0.3386
14386 18 62 0.2992
14386 18 50 0.2598
14404 18 60 0.2362
14404 18 57 0.2205
14422 18 67 0.378
14422 18 46 0.3386
14440 18 62 0.2992
14440 18 50 0.2598
14458 18 58 0.2441
14458 18 55 0.2205
14476 18 67 0.3701
14476 18 46 0.3307
14494 18 62 0.2992
14494 18 50 0.2598
14512 18 58 0.2441
14512 18 55 0.2205
14530 27 62 0.3543
14530 27 66 0.3543
14530 27 69 0.4173
14530 27 50 0.3071
14530 27 54 0.3071
14530 27 57 0.3071
14558 27 62 0.3701
14558 27 67 0.3701
14558 27 70 0.4409
14558 27 50 0.3228
14558 27 55 0.3228
14558 27 58 0.3858
14585 40 62 0.3858
14585 40 69 0.3858
14585 40 72 0.4567
14585 40 50 0.3465
14585 40 57 0.3465
14585 40 60 0.4094
14625 13 62 0.3543
14625 13 67 0.3543
14625 13 70 0.4252
14625 13 50 0.3071
14625 13 55 0.3071
14625 13 58 0.3701
14639 54 62 0.3543
14639 54 67 0.3543
14639 54 70 0.4173
14639 54 50 0.2992
14639 54 55 0.2992
14639 54 58 0.3543
14693 27 62 0.2441
14693 27 66 0.2441
14693 27 69 0.2913
14693 27 50 0.2126
14693 27 54 0.2126
14693 27 57 0.252
14720 27 62 0.2283
14720 27 64 0.2283
14720 27 67 0.2756
14720 27 50 0.2047
14720 27 52 0.2047
14720 27 55 0.2441
14747 54 62 0.2441
14747 54 66 0.2441
14747 54 69 0.2913
14747 54 50 0.2205
14747 54 54 0.2205
14747 54 57 0.2598
14802 162 74 0.4173
14802 18 67 0.3937
14802 18 47 0.3543
14802 162 43 0.2441
14820 18 62 0.315
14820 18 50 0.2835
14838 18 71 0.2677
14838 18 55 0.2441
14856 18 67 0.3701
14856 18 47 0.3307
14874 18 62 0.2913
14874 18 50 0.2598
14892 18 71 0.252
14892 18 55 0.2126
14910 18 66 0.3701
14910 18 45 0.3228
14928 18 62 0.2992
14928 18 50 0.2598
14946 18 69 0.2598
14946 18 54 0.2126
14964 162 74 0.4173
14964 18 69 0.3937
14964 18 48 0.3543
14964 162 43 0.2441
14982 18 62 0.3228
14982 18 50 0.2835
15000 18 72 0.2598
15000 18 57 0.2283
15018 18 69 0.378
15018 18 48 0.3386
15037 18 62 0.2992
15037 18 50 0.2598
15055 18 72 0.2362
15055 18 57 0.2205
15073 18 67 0.378
15073 18 47 0.3386
15091 18 62 0.2992
15091 18 50 0.2598
15109 18 71 0.2441
15109 18 55 0.2205
15127 27 62 0.5512
15127 54 50 0.3622
15127 54 47 0.3071
15127 54 43 0.3071
15154 27 74 0.5354
15181 27 64 0.4409
15181 27 76 0.5197
15181 27 43 0.3622
15181 27 48 0.3622
15181 27 52 0.4331
15208 27 66 0.4882
15208 27 78 0.5827
15208 27 43 0.3858
15208 27 45 0.3858
15208 27 54 0.4567
15235 40 67 0.5512
15235 40 79 0.6535
15235 40 43 0.4488
15235 40 55 0.5354
15235 40 47 0.4488
15276 13 62 0.3622
15276 13 67 0.3622
15276 13 71 0.4331
15276 13 50 0.3228
15276 13 55 0.3228
15276 13 59 0.3858
15290 54 62 0.4016
15290 54 71 0.4016
15290 54 74 0.4803
15290 54 50 0.3543
15290 54 59 0.3543
15344 40 62 0.3307
15344 40 66 0.3307
15344 40 72 0.3937
15344 40 50 0.3071
15344 40 57 0.3071
15344 40 60 0.3622
15384 13 62 0.2913
15384 13 67 0.2913
15384 13 71 0.3465
15384 13 55 0.2441
15384 13 59 0.2913
15398 54 62 0.2677
15398 54 67 0.2677
15398 54 71 0.3228
15398 54 55 0.2205
15398 54 59 0.2677
15452 54 57 0.2913
15452 54 66 0.2913
15452 54 69 0.3465
15452 18 38 0.2362
15470 18 45 0.2047
15488 18 38 0.2126
15506 40 57 0.252
15506 40 64 0.252
15506 40 67 0.2992
15506 18 33 0.2362
15525 18 38 0.2047
15543 18 33 0.2047
15547 13 57 0.2362
15547 13 62 0.2362
15547 13 66 0.2835
15561 54 57 0.252
15561 54 62 0.252
15561 54 66 0.2992
15561 18 38 0.2362
15579 18 45 0.2047
15597 18 38 0.2047
15615 40 66 0.2913
15615 40 74 0.3465
15615 18 33 0.252
15633 18 38 0.2126
15651 18 33 0.2126
15656 13 67 0.2756
15656 13 76 0.3228
15669 54 66 0.315
15669 54 74 0.378
15669 18 38 0.2598
15687 18 45 0.2283
15705 18 38 0.2283
15723 27 69 0.2913
15723 27 76 0.3465
15723 18 33 0.2677
15741 18 37 0.2283
15759 18 33 0.2283
15778 54 57 0.3622
15778 54 67 0.3622
15778 54 71 0.4331
15778 18 37 0.2362
15796 18 45 0.2126
15814 18 37 0.2126
15832 40 57 0.3071
15832 40 66 0.3071
15832 40 69 0.3701
15832 18 33 0.2362
15850 18 37 0.2126
15868 18 33 0.2126
15872 13 57 0.252
15872 13 64 0.252
15872 13 67 0.2992
15886 54 57 0.2756
15886 54 64 0.2756
15886 54 67 0.3307
15886 18 37 0.2598
15904 18 45 0.2283
15922 18 37 0.2283
15940 40 69 0.3307
15940 40 76 0.3937
15940 18 33 0.2677
15958 18 37 0.2362
15976 18 33 0.2362
15981 13 74 0.3071
15981 13 78 0.3701
15994 54 69 0.3465
15994 54 76 0.4094
15994 18 37 0.2756
16013 18 45 0.2362
16031 18 37 0.2362
16049 27 74 0.3228
16049 27 78 0.3858
16049 18 33 0.2756
16067 18 38 0.2362
16085 18 33 0.2362
16103 54 66 0.4016
16103 54 74 0.4803
16103 18 38 0.2677
16121 18 45 0.2283
16139 18 38 0.2441
16157 27 69 0.2992
16157 27 73 0.3543
16157 18 33 0.2677
16175 18 38 0.2283
16184 27 67 0.2992
16184 27 71 0.3543
16193 18 33 0.2283
16211 54 57 0.378
16211 54 66 0.378
16211 54 69 0.4488
16211 18 38 0.3071
16229 18 45 0.2677
16247 18 38 0.2677
16266 27 57 0.2992
16266 27 64 0.2992
16266 27 67 0.3543
16266 18 33 0.2835
16284 18 38 0.2441
16293 27 57 0.2992
16293 27 62 0.2992
16293 27 66 0.2992
16302 18 33 0.2441
16320 54 57 0.3858
16320 54 67 0.3858
16320 54 71 0.4567
16320 18 37 0.2913
16338 18 45 0.2598
16356 18 37 0.2598
16374 27 57 0.3307
16374 27 66 0.3307
16374 27 69 0.3937
16374 18 33 0.2756
16392 18 37 0.2441
16401 27 57 0.3228
16401 27 64 0.3228
16401 27 67 0.3858
16410 18 33 0.2362
16428 27 62 0.3465
16428 27 66 0.4094
16428 18 38 0.2835
16446 18 45 0.2283
16455 27 57 0.315
16455 27 64 0.378
16464 18 38 0.2441
16482 108 54 0.3543
16482 108 62 0.4173
16482 18 33 0.2913
16500 18 38 0.2362
16519 18 33 0.2362
16537 18 38 0.2835
16555 18 45 0.252
16573 18 38 0.252
16591 54 57 0.3465
16591 54 66 0.3465
16591 54 69 0.4094
16591 18 33 0.3307
16609 18 38 0.3071
16627 18 33 0.3071
16645 40 57 0.3228
16645 40 64 0.3228
16645 40 67 0.3858
16645 18 35 0.3386
16663 18 38 0.3071
16681 18 36 0.315
16686 13 57 0.3071
16686 13 62 0.3071
16686 13 66 0.3622
16699 54 57 0.315
16699 54 62 0.315
16699 54 66 0.378
16699 18 36 0.3622
16717 18 38 0.3307
16735 18 36 0.3307
16754 54 57 0.378
16754 54 66 0.4488
16754 54 69 0.4488
16754 18 33 0.378
16772 18 38 0.3386
16790 18 33 0.3386
16808 40 57 0.3543
16808 40 64 0.3543
16808 40 67 0.4252
16808 18 35 0.3858
16826 18 38 0.3465
16844 18 36 0.3465
16848 13 57 0.3543
16848 13 62 0.3543
16848 13 66 0.4173
16862 54 57 0.3701
16862 54 62 0.3701
16862 54 66 0.4409
16862 18 36 0.4252
16880 18 38 0.3465
16898 18 36 0.3622
16916 54 72 0.5512
16916 54 62 0.4646
16916 54 66 0.4646
16916 18 33 0.4488
16934 18 38 0.4016
16952 18 33 0.4016
16970 40 67 0.5197
16970 40 62 0.4409
16970 40 71 0.5197
16970 18 35 0.5039
16988 18 38 0.4252
17007 18 36 0.4252
17011 13 69 0.4646
17011 13 62 0.3937
17011 13 66 0.3937
17025 54 69 0.4803
17025 54 62 0.4016
17025 54 66 0.4016
17025 18 36 0.5591
17043 18 38 0.4331
17061 18 36 0.4331
17079 54 62 0.4803
17079 54 72 0.4803
17079 54 76 0.5669
17079 18 38 0.5669
17097 18 50 0.4882
17115 18 38 0.4882
17133 40 62 0.4646
17133 40 71 0.4646
17133 40 74 0.5512
17133 18 40 0.5433
17151 18 50 0.4488
17169 18 42 0.4724
17174 13 62 0.4409
17174 13 69 0.4409
17174 13 72 0.5276
17187 54 62 0.4646
17187 54 72 0.5512
17187 54 69 0.4646
17187 18 42 0.5197
17205 18 50 0.4724
17223 18 42 0.4724
17241 54 57 0.3465
17241 54 62 0.3465
17241 54 72 0.4094
17241 18 42 0.3386
17260 18 50 0.2835
17278 18 42 0.2913
17296 40 59 0.3071
17296 40 62 0.3071
17296 40 71 0.3622
17296 18 50 0.2913
17314 18 42 0.2598
17332 18 50 0.2598
17336 13 60 0.2756
17336 13 62 0.2756
17336 13 69 0.3307
17350 216 60 0.2756
17350 216 62 0.2756
17350 216 69 0.3307
17350 18 42 0.2913
17368 18 50 0.2441
17386 18 42 0.2441
17404 18 50 0.2756
17422 18 42 0.2362
17440 18 50 0.2362
17458 18 42 0.2756
17476 18 50 0.2362
17495 18 42 0.2362
17513 18 50 0.2756
17531 18 42 0.2283
17549 18 50 0.2283
17567 18 67 0.3937
17567 18 46 0.3543
17567 162 43 0.2441
17585 18 62 0.315
17585 18 50 0.2835
17603 18 58 0.2677
17603 18 55 0.2441
17621 18 67 0.3701
17621 18 46 0.3307
17639 18 62 0.2913
17639 18 50 0.2598
17657 18 58 0.252
17657 18 55 0.2126
17675 18 66 0.3701
17675 18 45 0.3228
17693 18 62 0.2992
17693 18 50 0.2598
17711 18 57 0.2598
17711 18 54 0.2126
17729 18 69 0.3937
17729 18 48 0.3543
17729 162 43 0.2441
17748 18 62 0.3228
17748 18 50 0.2835
17766 18 60 0.2598
17766 18 57 0.2283
17784 18 69 0.378
17784 18 48 0.3386
17802 18 62 0.2992
17802 18 50 0.2598
17820 18 60 0.2362
17820 18 57 0.2205
17838 18 67 0.378
17838 18 46 0.3386
17856 18 62 0.2992
17856 18 50 0.2598
17874 18 58 0.2441
17874 18 55 0.2205
17892 18 67 0.3701
17892 18 46 0.3307
17910 18 62 0.2992
17910 18 50 0.2598
17928 18 58 0.2441
17928 18 55 0.2205
17946 27 62 0.3543
17946 27 66 0.3543
17946 27 69 0.4173
17946 27 50 0.3071
17946 27 54 0.3071
17946 27 57 0.3622
17973 27 62 0.3622
17973 27 67 0.3622
17973 27 70 0.4331
17973 27 50 0.3228
17973 27 55 0.3228
17973 27 58 0.3858
18001 40 62 0.3937
18001 40 69 0.4646
18001 40 72 0.4646
18001 40 50 0.3465
18001 40 57 0.3465
18001 40 60 0.4094
18041 13 62 0.3543
18041 13 67 0.3543
18041 13 70 0.4252
18041 13 50 0.3071
18041 13 55 0.3071
18041 13 58 0.3701
18055 54 62 0.3543
18055 54 67 0.3543
18055 54 70 0.4173
18055 54 50 0.2992
18055 54 55 0.2992
18055 54 58 0.3543
18109 27 62 0.2441
18109 27 66 0.2441
18109 27 69 0.2913
18109 27 50 0.2126
18109 27 54 0.2126
18109 27 57 0.252
18136 27 62 0.2283
18136 27 64 0.2283
18136 27 67 0.2756
18136 27 50 0.2047
18136 27 52 0.2047
18136 27 55 0.2047
18163 54 62 0.2441
18163 54 66 0.2441
18163 54 69 0.2913
18163 54 50 0.2205
18163 54 54 0.2205
18163 54 57 0.2598
18217 162 74 0.4173
18217 18 67 0.3937
18217 18 47 0.3543
18217 162 43 0.2441
18236 18 62 0.315
18236 18 50 0.2835
18254 18 71 0.2677
18254 18 55 0.2441
18272 18 67 0.3701
18272 18 47 0.3307
18290 18 62 0.2913
18290 18 50 0.2598
18308 18 71 0.252
18308 18 55 0.2126
18326 18 66 0.3701
18326 18 45 0.3228
18344 18 62 0.2992
18344 18 50 0.2598
18362 18 69 0.2598
18362 18 54 0.2126
18380 162 74 0.4173
18380 18 69 0.3937
18380 18 48 0.3543
18380 162 43 0.2441
18398 18 62 0.3228
18398 18 50 0.2835
18416 18 72 0.2598
18416 18 57 0.2283
18434 18 69 0.378
18434 18 48 0.3386
18452 18 62 0.2992
18452 18 50 0.2598
18470 18 72 0.2362
18470 18 57 0.2205
18489 18 67 0.378
18489 18 47 0.3386
18507 18 62 0.2992
18507 18 50 0.2598
18525 18 71 0.2441
18525 18 55 0.2205
18543 27 62 0.5512
18543 54 50 0.3622
18543 54 47 0.3071
18543 54 43 0.3071
18570 27 74 0.5354
18597 27 64 0.4409
18597 27 76 0.5197
18597 27 43 0.3622
18597 27 48 0.3622
18597 27 52 0.4331
18624 27 66 0.4882
18624 27 78 0.5748
18624 27 43 0.3858
18624 27 45 0.3858
18624 27 54 0.4567
18651 40 67 0.5433
18651 40 79 0.6457
18651 40 43 0.4488
18651 40 55 0.5354
18651 40 47 0.4488
18692 13 62 0.3622
18692 13 67 0.3622
18692 13 71 0.4331
18692 13 50 0.3228
18692 13 55 0.3228
18692 13 59 0.3858
18705 54 71 0.4803
18705 54 74 0.4803
18705 54 50 0.3543
18705 54 62 0.4252
18705 54 59 0.3543
18760 40 62 0.3307
18760 40 66 0.3307
18760 40 72 0.3937
18760 40 50 0.3071
18760 40 57 0.3071
18760 40 60 0.3622
18800 13 62 0.2913
18800 13 67 0.2913
18800 13 71 0.3465
18800 13 55 0.2441
18800 13 59 0.2913
18814 54 62 0.2677
18814 54 67 0.2677
18814 54 71 0.3228
18814 54 55 0.2205
18814 54 59 0.2677
18868 54 64 0.315
18868 54 67 0.315
18868 54 72 0.315
18868 18 43 0.2362
18886 18 55 0.2047
18904 18 43 0.2126
18922 40 62 0.2992
18922 40 67 0.2992
18922 40 71 0.2992
18922 18 55 0.2362
18940 18 43 0.2047
18958 18 55 0.2047
18963 13 60 0.2835
18963 13 67 0.2835
18963 13 69 0.2835
18977 54 60 0.2992
18977 54 67 0.2992
18977 54 69 0.2992
18977 18 43 0.2362
18995 18 55 0.2047
19013 18 43 0.2047
19031 54 62 0.315
19031 54 71 0.315
19031 18 43 0.2362
19049 18 55 0.2047
19067 18 43 0.2126
19085 40 60 0.2992
19085 40 62 0.2992
19085 40 69 0.2992
19085 18 55 0.2362
19103 18 43 0.2047
19121 18 55 0.2047
19126 13 59 0.2835
19126 13 62 0.2835
19126 13 67 0.2835
19139 54 59 0.2992
19139 54 62 0.2992
19139 54 67 0.2992
19139 18 43 0.2362
19157 18 55 0.2047
19175 18 43 0.2047
19193 54 60 0.315
19193 54 62 0.315
19193 54 69 0.315
19193 18 31 0.2362
19211 18 43 0.2047
19230 18 31 0.2126
19248 40 59 0.2992
19248 40 62 0.2992
19248 40 67 0.2992
19248 18 43 0.2362
19266 18 31 0.2047
19284 18 43 0.2047
19288 13 57 0.2835
19288 13 60 0.2835
19288 13 66 0.2835
19302 54 57 0.2992
19302 54 60 0.2992
19302 54 66 0.2992
19302 18 31 0.2362
19320 18 43 0.2047
19338 18 31 0.2047
19356 54 59 0.315
19356 54 67 0.315
19356 18 31 0.2362
19374 18 43 0.2047
19392 18 31 0.2126
19410 40 57 0.2992
19410 40 62 0.2992
19410 18 43 0.2362
19428 18 31 0.2047
19446 18 43 0.2047
19451 13 55 0.2835
19451 13 59 0.2835
19465 54 55 0.2992
19465 54 59 0.2992
19465 18 31 0.2362
19483 18 43 0.2047
19501 18 31 0.2047
19519 54 55 0.2992
19519 54 62 0.2992
19519 54 65 0.2992
19519 18 31 0.2205
19537 18 43 0.189
19555 18 31 0.1969
19573 40 55 0.2835
19573 40 60 0.2835
19573 40 64 0.2835
19573 18 43 0.2205
19591 18 31 0.189
19609 18 43 0.189
19614 13 55 0.2677
19614 13 59 0.2677
19614 13 62 0.2677
19627 54 55 0.2835
19627 54 59 0.2835
19627 54 62 0.2835
19627 18 31 0.2205
19645 18 43 0.189
19663 18 31 0.189
19681 54 59 0.2992
19681 54 69 0.2992
19681 54 65 0.2992
19681 18 31 0.2205
19699 18 43 0.189
19718 18 31 0.189
19736 40 59 0.2677
19736 40 67 0.2677
19736 40 64 0.2677
19736 18 43 0.2126
19754 18 31 0.1811
19772 18 43 0.1732
19776 13 62 0.2441
19776 13 59 0.2441
19776 13 65 0.2441
19790 54 65 0.252
19790 54 59 0.252
19790 54 62 0.252
19790 18 31 0.1969
19808 18 43 0.1654
19826 18 31 0.1654
19844 81 69 0.2835
19844 162 59 0.2835
19844 162 65 0.2835
19844 18 31 0.2126
19862 18 43 0.1811
19880 18 31 0.189
19898 18 43 0.2126
19916 18 31 0.1811
19925 27 68 0.2835
19934 18 43 0.1811
19952 27 67 0.2835
19952 18 31 0.2126
19971 18 43 0.1811
19980 27 69 0.2835
19989 18 31 0.1811
20007 54 69 0.2835
20007 162 59 0.2835
20007 162 65 0.2835
20007 162 43 0.1811
20007 162 50 0.1811
20061 108 67 0.2835
20169 47 67 0.4724
20169 47 55 0.4252
20217 6 69 0.3937
20217 6 57 0.3465
20224 18 67 0.4724
20224 18 55 0.4252
20242 18 64 0.4488
20242 18 52 0.3937
20260 18 60 0.4173
20260 18 48 0.3701
20278 40 67 0.4724
20278 40 55 0.4252
20318 13 76 0.4409
20318 13 64 0.4016
20332 108 76 0.4724
20332 108 64 0.4252
20440 27 72 0.3465
20440 27 60 0.315
20495 47 67 0.4646
20542 6 65 0.3937
20549 18 64 0.4724
20567 18 60 0.4409
20585 18 55 0.4094
20603 18 60 0.4724
20621 18 64 0.4488
20639 18 67 0.4252
20657 13 55 0.4409
20657 13 64 0.4409
20657 13 67 0.4409
20657 13 43 0.4016
20684 13 55 0.4173
20684 13 62 0.4173
20684 13 65 0.4173
20684 13 45 0.3622
20698 13 47 0.3622
20712 10 55 0.4409
20712 10 60 0.4409
20712 10 64 0.4409
20712 10 48 0.4016
20739 10 55 0.3937
20739 10 59 0.3937
20739 10 62 0.3937
20739 10 43 0.3543
20766 13 55 0.4409
20766 13 60 0.4409
20766 13 64 0.4409
20766 13 48 0.4016
20820 13 55 0.3228
20820 13 63 0.3228
20820 13 67 0.3228
20820 27 43 0.2835
20847 13 55 0.2913
20847 13 62 0.2913
20847 13 65 0.2913
20847 13 45 0.2677
20861 13 47 0.2756
20874 10 55 0.3228
20874 10 60 0.3228
20874 10 63 0.3228
20874 13 48 0.2835
20901 10 55 0.2992
20901 10 59 0.2992
20901 10 62 0.2992
20901 10 43 0.2598
20928 10 55 0.3228
20928 10 60 0.3228
20928 10 63 0.3228
20928 10 48 0.2835
20956 10 58 0.2992
20956 10 62 0.2992
20956 10 65 0.2992
20956 10 46 0.2598
20983 27 58 0.3937
20983 27 62 0.3937
20983 27 65 0.3937
20983 27 46 0.3622
21010 20 58 0.378
21010 20 63 0.378
21010 20 67 0.378
21010 20 51 0.3386
21037 27 58 0.4094
21037 27 63 0.4094
21037 27 67 0.4094
21037 27 51 0.378
21064 20 62 0.4252
21064 20 66 0.4252
21064 20 69 0.4252
21064 20 50 0.3622
21091 27 62 0.4724
21091 27 66 0.4724
21091 27 69 0.4724
21091 27 50 0.4252
21118 20 62 0.4488
21118 20 67 0.4488
21118 20 70 0.4488
21118 20 55 0.4016
21145 27 62 0.5197
21145 27 67 0.5197
21145 27 70 0.5197
21145 27 55 0.4646
21172 27 62 0.5039
21172 27 67 0.5039
21172 27 71 0.5039
21172 27 43 0.4331
21172 27 53 0.4331
21172 27 55 0.4331
21200 81 62 0.5512
21200 81 67 0.5512
21200 81 71 0.5512
21200 81 43 0.4803
21200 81 53 0.4803
21200 81 55 0.4803
21281 27 65 0.4252
21281 27 71 0.4252
21281 27 77 0.4252
21281 27 43 0.378
21281 27 50 0.378
21281 27 55 0.378
21308 162 64 0.4252
21308 162 72 0.4252
21308 162 76 0.4252
21308 162 48 0.378
21308 162 55 0.378
21471 47 76 0.4252
21518 6 77 0.3465
21525 18 76 0.4252
21543 18 72 0.3937
21561 11 69 0.3701
21572 6 74 0.3465
21579 18 72 0.4252
21597 18 69 0.4016
21615 18 64 0.3701
21633 54 64 0.3543
21633 27 69 0.3543
21633 27 72 0.4252
21633 47 52 0.4094
21660 27 68 0.3386
21660 27 71 0.4016
21681 6 53 0.3465
21688 27 68 0.4252
21688 27 64 0.3543
21688 27 71 0.4252
21688 18 52 0.4567
21706 18 47 0.4488
21715 27 66 0.3386
21715 27 64 0.3386
21715 27 69 0.4016
21724 18 40 0.4252
21742 54 64 0.3543
21742 54 68 0.3543
21742 54 71 0.4252
21742 54 52 0.4646
21796 54 64 0.3543
21796 54 67 0.3543
21796 27 72 0.4252
21796 47 52 0.4094
21823 27 71 0.4016
21843 6 53 0.3465
21850 27 64 0.3543
21850 27 67 0.3543
21850 27 71 0.4252
21850 18 52 0.4646
21868 18 55 0.4331
21877 27 64 0.3465
21877 27 67 0.3465
21877 27 72 0.4094
21886 18 60 0.4173
21904 54 67 0.3543
21904 27 71 0.4252
21904 54 65 0.4173
21904 54 62 0.3543
21932 27 77 0.4173
21959 47 76 0.4252
21959 54 64 0.4094
21959 54 60 0.3465
22006 6 74 0.3386
22013 18 72 0.4173
22013 27 66 0.4331
22013 27 62 0.3622
22031 18 71 0.4016
22040 27 66 0.4173
22040 27 62 0.3543
22049 18 69 0.4094
22067 54 71 0.4331
22067 54 62 0.3701
22067 54 55 0.3701
22067 54 67 0.4409
22121 47 71 0.5354
22121 47 59 0.4803
22169 6 72 0.4567
22169 6 60 0.4016
22176 18 71 0.5354
22176 18 59 0.4803
22194 18 67 0.5197
22194 18 55 0.4646
22212 13 64 0.5039
22212 13 52 0.4409
22230 27 79 0.6457
22230 27 67 0.5984
22257 10 76 0.5669
22257 10 64 0.5039
22284 47 71 0.5512
22284 47 59 0.4882
22331 6 72 0.4724
22331 6 60 0.4173
22338 18 71 0.5591
22338 18 59 0.5039
22356 18 67 0.5433
22356 18 55 0.4803
22374 13 64 0.5197
22374 13 52 0.4488
22392 27 79 0.6693
22392 27 67 0.5984
22420 10 76 0.5827
22420 10 64 0.5197
22447 27 83 0.7087
22447 27 75 0.7087
22447 27 78 0.7087
22447 27 47 0.6063
22474 10 71 0.685
22474 10 59 0.5669
22494 6 81 0.5512
22494 6 63 0.4331
22501 18 79 0.685
22501 18 64 0.5748
22519 18 78 0.6535
22519 18 66 0.5276
22537 18 76 0.6142
22537 18 67 0.6142
22555 27 83 0.7323
22555 27 75 0.7323
22555 27 78 0.7323
22555 27 47 0.622
22582 10 71 0.6772
22582 10 59 0.5748
22603 6 81 0.5669
22603 6 63 0.4567
22609 18 79 0.7008
22609 18 64 0.5906
22627 18 78 0.6693
22627 18 66 0.5354
22645 18 76 0.6457
22645 18 67 0.5197
22664 27 83 0.748
22664 27 75 0.748
22664 27 78 0.748
22664 27 47 0.6299
22691 10 71 0.7008
22691 10 59 0.5906
22718 27 95 0.9055
22718 27 35 0.6378
22745 10 83 0.7323
22745 10 47 0.5512
22935 27 79 0.3543
22935 27 64 0.2835
22962 13 76 0.2362
22962 13 67 0.1969
22989 27 79 0.3386
22989 27 64 0.2677
23016 13 76 0.2441
23016 13 67 0.1969
23043 27 79 0.3307
23043 27 64 0.2598
23070 13 76 0.2441
23070 13 67 0.2047
23097 27 79 0.3228
23097 27 64 0.2598
23124 13 76 0.2283
23124 13 67 0.189
23151 27 79 0.2992
23151 27 64 0.2441
23179 13 76 0.2126
23179 13 67 0.1811
23206 27 79 0.2913
23206 27 64 0.2362
23233 13 76 0.2047
23233 13 67 0.1654
23260 27 79 0.2835
23260 27 76 0.2835
23260 47 55 0.378
23287 13 67 0.2126
23307 6 57 0.315
23314 27 76 0.2835
23314 27 79 0.2835
23314 18 55 0.378
23332 18 52 0.3543
23341 13 67 0.2126
23350 18 48 0.3071
23368 27 76 0.2835
23368 27 79 0.2835
23368 40 55 0.378
23395 13 67 0.2126
23409 13 64 0.3543
23423 27 76 0.2992
23423 27 79 0.2992
23423 108 64 0.378
23450 13 67 0.2283
23477 27 76 0.2992
23477 27 79 0.2992
23504 13 67 0.2126
23531 27 76 0.2677
23531 27 79 0.2677
23531 27 60 0.2835
23558 13 67 0.2047
23585 47 67 0.3701
23633 6 69 0.3465
23639 18 67 0.4094
23658 18 64 0.3858
23676 18 60 0.3307
23694 40 67 0.4094
23734 13 76 0.378
23748 108 76 0.4094
23748 47 55 0.378
23795 6 57 0.315
23802 18 55 0.378
23820 18 52 0.3543
23838 18 48 0.3228
23856 27 72 0.2756
23856 40 55 0.378
23897 13 64 0.3543
23911 47 79 0.5512
23911 108 64 0.378
23958 6 77 0.4016
23965 18 76 0.4803
23983 18 72 0.4488
24001 18 67 0.4331
24019 18 72 0.4961
24019 27 60 0.2992
24037 18 76 0.4646
24055 18 79 0.4409
24073 13 67 0.5512
24073 13 76 0.5512
24073 13 79 0.5512
24073 13 43 0.4803
24100 13 67 0.5197
24100 13 74 0.5197
24100 13 77 0.5197
24100 13 45 0.4331
24114 13 47 0.4331
24127 10 67 0.5512
24127 10 72 0.5512
24127 10 76 0.5512
24127 10 48 0.4803
24155 10 67 0.4961
24155 10 71 0.4961
24155 10 74 0.4961
24155 10 43 0.4173
24182 13 67 0.5512
24182 13 72 0.5512
24182 13 76 0.5512
24182 13 48 0.4803
24236 27 67 0.3543
24236 13 51 0.2992
24236 13 55 0.2992
24263 13 69 0.3228
24263 13 50 0.2756
24263 13 53 0.2756
24263 13 55 0.2756
24277 13 71 0.3228
24290 10 72 0.3543
24290 10 48 0.2992
24290 10 51 0.2992
24290 10 55 0.2992
24317 10 67 0.3071
24317 10 47 0.2756
24317 10 50 0.2756
24317 10 55 0.2756
24344 10 72 0.378
24344 10 48 0.3307
24344 10 51 0.3307
24344 10 55 0.3307
24371 13 70 0.5118
24371 13 82 0.5118
24371 13 50 0.3858
24371 13 53 0.3858
24371 13 58 0.3858
24399 13 70 0.5276
24399 13 82 0.5276
24399 13 53 0.4094
24399 13 56 0.4094
24399 13 58 0.4094
24426 13 87 0.5512
24426 13 75 0.5512
24426 13 51 0.3858
24426 13 55 0.3858
24426 13 58 0.3858
24453 13 87 0.5748
24453 13 75 0.5748
24453 13 51 0.4173
24453 13 55 0.4173
24453 13 58 0.4173
24480 13 86 0.5591
24480 13 74 0.5591
24480 13 54 0.4016
24480 13 57 0.4016
24480 13 62 0.4016
24507 13 74 0.6142
24507 13 86 0.6142
24507 13 57 0.4488
24507 13 60 0.4488
24507 13 62 0.4488
24534 13 91 0.6063
24534 13 79 0.6063
24534 13 55 0.4331
24534 13 58 0.4331
24534 13 62 0.4331
24561 13 79 0.6614
24561 13 91 0.6614
24561 13 55 0.4882
24561 13 58 0.4882
24561 13 62 0.4882
24588 13 89 0.5512
24588 13 77 0.5512
24588 13 43 0.3858
24588 13 50 0.3858
24588 13 59 0.3858
24615 81 89 0.5197
24615 81 77 0.5197
24615 81 43 0.3701
24615 81 50 0.3701
24615 81 59 0.3701
24697 27 71 0.378
24697 27 83 0.378
24697 27 65 0.2913
24697 27 67 0.2913
24697 27 55 0.2913
24724 162 84 0.3543
24724 162 72 0.3543
24724 162 67 0.2756
24724 162 64 0.2756
24724 162 60 0.2756
