0 61 53 0.4882
61 61 51 0.4724
122 61 56 0.4567
183 30 58 0.4252
214 30 63 0.4252
245 61 60 0.4488
306 30 58 0.4094
337 30 63 0.4331
367 61 60 0.3937
429 61 56 0.4488
490 61 58 0.4331
551 61 53 0.4488
613 61 51 0.4488
674 61 68 0.378
674 61 65 0.378
674 61 61 0.378
674 61 53 0.4803
735 61 70 0.3386
735 61 67 0.3386
735 61 58 0.3386
735 61 51 0.4724
796 61 63 0.3937
796 61 72 0.3937
796 61 68 0.3937
796 61 56 0.4803
858 61 75 0.4409
858 61 70 0.4409
858 61 67 0.4409
858 30 58 0.5197
888 30 63 0.5276
919 61 80 0.4331
919 61 75 0.4331
919 61 72 0.4331
919 61 60 0.5118
980 61 70 0.4409
980 61 79 0.4409
980 61 75 0.4409
980 30 58 0.5512
1011 30 63 0.5197
1042 61 75 0.4252
1042 61 72 0.4252
1042 61 67 0.4252
1042 61 60 0.5433
1103 61 77 0.3701
1103 61 72 0.3701
1103 61 68 0.3701
1103 61 56 0.4094
1164 61 73 0.3543
1164 61 82 0.3543
1164 61 77 0.3543
1164 61 58 0.4252
1226 61 84 0.3071
1226 61 80 0.3071
1226 61 77 0.3071
1226 61 53 0.3858
1287 30 79 0.3071
1287 30 82 0.3071
1287 30 87 0.3071
1287 30 51 0.3543
1348 61 51 0.4882
1410 61 53 0.4724
1471 61 48 0.4567
1532 30 51 0.4488
1563 30 53 0.3937
1593 61 46 0.4409
1655 30 53 0.4094
1685 30 55 0.3858
1716 61 51 0.3937
1777 61 63 0.5354
1839 61 60 0.4882
1900 30 58 0.4961
1931 30 56 0.4488
1961 61 51 0.4488
2023 61 79 0.378
2023 61 67 0.378
2023 61 75 0.378
2023 61 70 0.378
2023 61 51 0.5276
2084 61 65 0.378
2084 61 68 0.378
2084 61 73 0.378
2084 61 77 0.378
2084 61 53 0.4961
2145 61 80 0.378
2145 61 75 0.378
2145 61 68 0.378
2145 61 72 0.378
2145 61 48 0.4803
2207 61 75 0.378
2207 61 79 0.378
2207 61 82 0.378
2207 61 70 0.378
2207 30 51 0.4803
2237 30 53 0.4409
2268 61 77 0.3937
2268 61 82 0.3937
2268 61 85 0.3937
2268 61 73 0.3937
2268 61 46 0.4961
2329 61 85 0.4331
2329 61 77 0.4331
2329 61 82 0.4331
2329 61 89 0.4331
2329 30 53 0.4803
2360 30 55 0.4409
2390 61 82 0.4094
2390 61 79 0.4094
2390 61 91 0.4094
2390 61 87 0.4094
2390 61 51 0.4803
2452 61 79 0.4488
2452 61 84 0.4488
2452 61 75 0.4488
2452 61 72 0.4488
2452 61 63 0.5197
2513 61 80 0.4331
2513 61 68 0.4331
2513 61 72 0.4331
2513 61 75 0.4331
2513 61 60 0.4646
2574 61 70 0.4252
2574 61 82 0.4252
2574 61 77 0.4252
2574 61 73 0.4252
2574 30 58 0.4567
2605 30 56 0.3937
2636 30 75 0.378
2636 30 70 0.378
2636 30 67 0.378
2636 30 79 0.378
2636 30 51 0.4488
2697 61 61 0.4409
2697 61 56 0.4409
2697 61 65 0.4409
2697 183 51 0.4961
2758 61 63 0.4252
2758 61 58 0.4252
2758 61 55 0.4252
2820 61 60 0.4252
2820 61 63 0.4252
2820 61 68 0.4094
2881 91 63 0.3622
2881 61 67 0.3622
2881 30 70 0.3622
2881 122 44 0.5276
2912 30 75 0.3071
2942 30 72 0.3937
2942 30 68 0.3937
3003 61 61 0.3622
3003 61 65 0.3622
3003 30 70 0.3622
3003 183 39 0.5197
3034 30 75 0.315
3065 61 67 0.3543
3065 61 63 0.3543
3065 61 72 0.3543
3126 61 68 0.3937
3126 61 63 0.3937
3126 61 60 0.3937
3187 61 70 0.3937
3187 61 65 0.3937
3187 61 62 0.3937
3187 122 32 0.4803
3249 61 58 0.378
3249 61 62 0.378
3249 61 65 0.378
3310 61 55 0.3465
3310 61 58 0.3465
3310 61 63 0.3465
3371 122 82 0.4409
3371 122 70 0.4409
3371 61 56 0.3937
3371 61 61 0.3937
3371 61 65 0.3937
3433 61 58 0.4252
3433 61 63 0.4252
3433 61 55 0.4252
3494 122 75 0.4882
3494 183 87 0.4882
3494 61 63 0.378
3494 61 68 0.378
3494 61 60 0.378
3555 91 63 0.378
3555 30 70 0.378
3555 61 67 0.378
3586 91 75 0.315
3617 30 68 0.3937
3617 30 72 0.3937
3678 122 91 0.3622
3678 122 79 0.3622
3678 61 65 0.3622
3678 30 70 0.3622
3678 61 61 0.3622
3709 30 75 0.315
3739 61 67 0.3543
3739 61 72 0.3543
3739 61 63 0.3543
3800 61 92 0.3543
3800 61 80 0.3543
3800 61 60 0.315
3800 61 63 0.315
3800 61 68 0.315
3862 153 94 0.3465
3862 153 82 0.3465
3862 61 65 0.3307
3862 61 70 0.3307
3862 61 62 0.3307
3923 61 58 0.2992
3923 61 65 0.2992
3923 61 62 0.2992
3984 30 55 0.2913
3984 30 58 0.2913
3984 30 63 0.2913
4046 245 51 0.4252
4046 275 44 0.3071
4291 30 51 0.3858
4322 30 51 0.4252
4322 91 44 0.2913
4352 30 51 0.3858
4383 30 51 0.3543
4414 45 51 0.4252
4414 91 44 0.315
4459 15 52 0.3858
4475 22 51 0.4252
4505 30 54 0.4409
4505 91 44 0.3071
4536 30 52 0.4252
4567 30 51 0.378
4597 45 49 0.4252
4597 91 44 0.315
4643 15 51 0.378
4659 22 49 0.3937
4689 30 52 0.4488
4689 91 44 0.315
4720 30 51 0.3937
4751 30 49 0.3858
4781 61 47 0.4252
4781 153 44 0.315
4843 30 49 0.4488
4873 30 51 0.4882
4904 30 49 0.4724
4935 30 47 0.3858
4965 45 46 0.4252
4965 153 44 0.315
5011 15 47 0.3858
5027 22 46 0.4252
5057 30 49 0.4488
5088 30 47 0.3858
5119 30 46 0.378
5149 91 47 0.4252
5149 61 44 0.315
5210 30 44 0.2677
5241 61 44 0.3622
5302 33 63 0.4961
5302 30 44 0.2913
5333 217 68 0.5433
5333 275 51 0.3858
5333 61 44 0.3386
5394 30 44 0.2756
5425 61 44 0.3071
5486 30 44 0.2756
5517 61 44 0.2992
5548 33 71 0.5354
5578 22 70 0.4961
5578 30 44 0.3071
5599 7 68 0.4409
5604 7 70 0.4252
5609 33 68 0.5669
5609 91 52 0.3858
5609 61 44 0.3386
5640 33 64 0.4724
5670 30 68 0.4409
5670 30 44 0.315
5701 63 68 0.4961
5701 275 51 0.3858
5701 61 44 0.3386
5762 33 63 0.4724
5762 30 44 0.3071
5793 125 66 0.5197
5793 61 44 0.3386
5854 30 44 0.3071
5885 61 44 0.3386
5916 33 64 0.4724
5946 25 63 0.4409
5946 30 44 0.3071
5972 7 63 0.4016
5977 33 64 0.5197
5977 91 52 0.3858
5977 61 44 0.3386
6007 33 63 0.4331
6038 33 61 0.4016
6038 30 44 0.3071
6069 30 63 0.4961
6069 183 51 0.3858
6069 61 44 0.3386
6099 186 56 0.4488
6130 30 44 0.2835
6161 61 44 0.3071
6222 30 44 0.2835
6253 183 52 0.3858
6253 61 44 0.315
6283 33 58 0.4724
6314 22 59 0.4724
6314 30 44 0.3071
6334 7 61 0.4331
6340 7 63 0.3858
6345 33 61 0.5276
6345 61 44 0.3386
6375 33 59 0.4331
6406 33 58 0.4016
6406 30 44 0.3071
6437 91 59 0.5197
6437 48 51 0.4252
6437 91 44 0.3386
6483 17 52 0.3543
6498 30 51 0.4016
6529 153 56 0.4409
6529 33 54 0.4252
6529 91 44 0.315
6559 33 52 0.4016
6590 30 51 0.4252
6621 48 49 0.4252
6621 183 44 0.3386
6667 17 51 0.4016
6682 30 49 0.4016
6712 33 52 0.4409
6743 33 51 0.4016
6774 30 68 0.4803
6774 30 49 0.3622
6804 367 75 0.5906
6804 63 47 0.4252
6804 183 44 0.3465
6866 33 49 0.3937
6896 33 51 0.4409
6927 33 49 0.3937
6958 30 47 0.378
6988 48 46 0.4016
6988 183 44 0.3543
7034 17 47 0.3543
7050 30 46 0.4252
7080 33 49 0.4331
7111 33 47 0.3937
7142 30 46 0.378
7172 30 80 0.5276
7172 91 47 0.3937
7172 61 44 0.3543
7234 30 44 0.3386
7264 61 44 0.3386
7326 33 63 0.4961
7326 30 44 0.2913
7356 217 68 0.5354
7356 275 51 0.3858
7356 61 44 0.3386
7418 30 44 0.2835
7448 61 44 0.2992
7509 30 44 0.2756
7540 61 44 0.315
7571 33 71 0.5354
7601 22 70 0.4961
7601 30 44 0.3071
7622 7 68 0.4409
7627 7 70 0.4252
7632 33 68 0.5669
7632 91 52 0.3858
7632 61 44 0.3386
7663 33 64 0.4724
7693 30 68 0.4409
7693 30 44 0.315
7724 63 68 0.4961
7724 91 51 0.3858
7724 61 44 0.3386
7785 33 63 0.4724
7785 30 44 0.3071
7816 183 59 0.3937
7816 125 64 0.5197
7816 183 56 0.3858
7816 61 44 0.3386
7877 30 44 0.2756
7908 61 44 0.3071
7939 33 66 0.5354
7969 33 68 0.5512
7969 30 44 0.3071
8000 91 61 0.3937
8000 91 64 0.3937
8000 33 69 0.5827
8000 91 52 0.3858
8000 61 44 0.3386
8031 33 71 0.5433
8061 30 73 0.5433
8061 30 44 0.3071
8092 183 57 0.3465
8092 183 61 0.3465
8092 122 66 0.5827
8092 183 51 0.3858
8092 61 44 0.3386
8153 30 44 0.3071
8184 61 44 0.3386
8214 33 68 0.5591
8245 30 69 0.5433
8245 30 44 0.3071
8276 183 56 0.3937
8276 91 63 0.3937
8276 61 68 0.5827
8276 183 48 0.3858
8276 61 44 0.3307
8337 122 63 0.5197
8337 30 44 0.3071
8368 61 68 0.5669
8368 61 44 0.3386
8429 30 66 0.5197
8429 30 44 0.3071
8460 183 56 0.3937
8460 91 64 0.5433
8460 91 49 0.3543
8460 61 44 0.315
8521 30 44 0.3071
8552 30 63 0.5197
8552 91 51 0.378
8552 61 44 0.3307
8582 30 61 0.4961
8613 30 59 0.4488
8613 30 44 0.2835
8644 91 56 0.3937
8644 45 58 0.4724
8644 91 52 0.378
8644 61 44 0.3307
8690 15 59 0.4331
8705 30 58 0.4803
8705 30 44 0.3071
8736 91 55 0.3937
8736 30 61 0.4488
8736 429 51 0.3543
8736 61 44 0.315
8766 30 59 0.4331
8797 30 58 0.4252
8797 30 44 0.2677
8828 91 56 0.3937
8828 91 59 0.4331
8828 61 44 0.3307
8889 30 44 0.2677
8919 153 56 0.4016
8919 61 44 0.2913
8981 30 44 0.2677
9011 61 44 0.2913
9073 30 44 0.2598
9103 61 44 0.2835
9165 30 44 0.252
9195 91 69 0.378
9195 91 73 0.378
9195 61 64 0.4252
9195 61 76 0.4252
9195 91 49 0.3307
9195 91 52 0.3307
9195 61 44 0.2913
9257 30 64 0.4016
9257 30 76 0.4016
9257 30 44 0.2677
9287 91 69 0.4016
9287 91 73 0.4016
9287 45 66 0.4488
9287 45 78 0.4488
9287 91 51 0.3071
9287 91 54 0.3071
9287 61 44 0.2835
9333 15 64 0.4331
9333 15 76 0.4331
9349 30 63 0.3937
9349 30 75 0.3937
9349 30 44 0.2677
9379 91 69 0.4016
9379 91 73 0.4016
9379 61 64 0.4488
9379 61 76 0.4488
9379 91 49 0.3307
9379 91 52 0.3307
9379 61 44 0.2835
9441 30 64 0.4252
9441 30 76 0.4252
9441 30 44 0.2598
9471 91 69 0.3858
9471 91 73 0.3858
9471 45 66 0.4331
9471 45 78 0.4331
9471 91 51 0.2992
9471 91 54 0.2992
9471 61 44 0.2835
9517 15 64 0.378
9517 15 76 0.378
9533 30 63 0.378
9533 30 75 0.378
9533 30 44 0.252
9563 91 64 0.4252
9563 91 69 0.4252
9563 91 73 0.4252
9563 91 76 0.4252
9563 91 49 0.3307
9563 91 52 0.3307
9563 61 44 0.3071
9625 30 44 0.2913
9655 91 62 0.4331
9655 91 66 0.4331
9655 91 69 0.4331
9655 91 74 0.4331
9655 275 50 0.3307
9655 275 54 0.3307
9655 61 44 0.3307
9716 91 44 0.2913
9747 183 74 0.4803
9747 183 78 0.4803
9747 122 69 0.4803
9747 122 81 0.4803
9808 30 44 0.2677
9839 61 44 0.315
9870 30 68 0.4724
9870 30 80 0.4724
9900 30 66 0.4409
9900 30 78 0.4409
9900 30 44 0.2677
9931 91 64 0.4724
9931 91 68 0.4724
9931 91 73 0.4724
9931 91 76 0.4724
9931 91 52 0.3465
9931 91 56 0.3465
9931 61 44 0.2913
9992 30 44 0.2677
10023 91 68 0.5039
10023 91 73 0.5039
10023 91 76 0.5039
10023 91 80 0.5039
10023 91 49 0.3622
10023 91 52 0.3622
10023 61 44 0.2913
10084 30 44 0.2677
10115 91 66 0.4961
10115 91 68 0.4961
10115 91 75 0.4961
10115 91 78 0.4961
10115 91 51 0.3386
10115 91 54 0.3386
10115 61 44 0.2913
10176 30 44 0.2598
10207 91 64 0.4409
10207 91 68 0.4409
10207 91 73 0.4409
10207 91 76 0.4409
10207 91 52 0.3071
10207 91 56 0.3071
10207 61 44 0.2835
10268 30 44 0.2598
10299 183 67 0.4252
10299 183 70 0.4252
10299 91 63 0.4724
10299 91 75 0.4724
10299 183 51 0.378
10299 61 44 0.2992
10360 30 44 0.2205
10391 61 61 0.4488
10391 61 73 0.4488
10391 61 44 0.2835
10452 30 59 0.4331
10452 30 71 0.4331
10452 30 44 0.2598
10483 183 63 0.4252
10483 183 67 0.4252
10483 45 58 0.4724
10483 45 70 0.4724
10483 183 55 0.3071
10483 61 44 0.2835
10529 15 59 0.3858
10529 15 71 0.3858
10544 30 58 0.3307
10544 30 70 0.3307
10544 30 44 0.252
10575 30 61 0.4016
10575 30 73 0.4016
10575 61 44 0.2677
10605 30 59 0.3543
10605 30 71 0.3543
10636 30 58 0.3307
10636 30 70 0.3307
10636 30 44 0.2205
10667 153 59 0.4252
10667 153 63 0.4252
10667 91 68 0.4252
10667 91 71 0.4252
10667 153 56 0.3071
10667 61 44 0.2677
10728 30 44 0.2677
10759 61 68 0.3858
10759 61 44 0.2992
10820 30 44 0.2756
10851 91 69 0.378
10851 91 73 0.378
10851 61 64 0.4252
10851 61 76 0.4252
10851 91 49 0.3307
10851 91 52 0.3307
10851 61 44 0.2992
10912 30 64 0.4016
10912 30 76 0.4016
10912 30 44 0.2441
10943 91 69 0.4016
10943 91 73 0.4016
10943 45 66 0.4488
10943 45 78 0.4488
10943 91 51 0.3071
10943 91 54 0.3071
10943 61 44 0.2835
10989 15 64 0.4331
10989 15 76 0.4331
11004 22 63 0.3937
11004 22 75 0.3937
11004 30 44 0.2598
11035 91 69 0.4016
11035 91 73 0.4016
11035 61 64 0.4488
11035 61 76 0.4488
11035 91 49 0.3307
11035 91 52 0.3307
11035 61 44 0.2913
11096 30 64 0.4252
11096 30 76 0.4252
11096 30 44 0.2598
11127 91 69 0.3858
11127 91 73 0.3858
11127 45 66 0.4331
11127 45 78 0.4331
11127 91 51 0.2992
11127 91 54 0.2992
11127 61 44 0.2835
11172 15 64 0.378
11172 15 76 0.378
11188 22 63 0.378
11188 22 75 0.378
11188 30 44 0.2677
11218 91 64 0.4252
11218 91 69 0.4252
11218 91 73 0.4252
11218 91 76 0.4252
11218 91 49 0.3307
11218 91 52 0.3307
11218 61 44 0.315
11280 30 44 0.2677
11310 91 62 0.4331
11310 91 66 0.4331
11310 91 69 0.4331
11310 91 74 0.4331
11310 275 50 0.3307
11310 275 54 0.3307
11310 61 44 0.2992
11372 91 44 0.3071
11402 183 74 0.4803
11402 183 78 0.4803
11402 91 69 0.4803
11402 91 81 0.4803
11464 30 44 0.2913
11494 30 68 0.4724
11494 30 80 0.4724
11494 61 44 0.315
11525 30 81 0.4173
11525 30 69 0.4173
11556 30 66 0.4331
11556 30 78 0.4331
11556 30 44 0.2677
11586 91 64 0.4724
11586 91 68 0.4724
11586 91 73 0.4724
11586 91 76 0.4724
11586 91 52 0.3465
11586 91 56 0.3465
11586 61 44 0.3307
11648 30 44 0.2677
11678 91 68 0.4409
11678 91 73 0.4409
11678 91 76 0.4409
11678 91 80 0.4409
11678 91 49 0.3307
11678 91 52 0.3307
11678 61 44 0.3386
11740 30 44 0.2677
11770 30 66 0.4488
11770 61 68 0.4488
11770 91 75 0.4488
11770 30 78 0.4488
11770 91 51 0.3307
11770 91 54 0.3307
11770 61 44 0.2992
11801 61 68 0.4173
11801 30 80 0.4173
11832 30 63 0.4252
11832 30 75 0.4252
11832 30 44 0.2598
11862 30 64 0.4409
11862 91 68 0.4409
11862 91 73 0.4409
11862 30 76 0.4409
11862 91 52 0.3071
11862 91 56 0.3071
11862 61 44 0.2835
11893 30 63 0.4016
11893 30 75 0.4016
11923 30 64 0.3937
11923 30 76 0.3937
11923 30 44 0.2598
11954 183 67 0.4252
11954 183 70 0.4252
11954 91 63 0.4724
11954 91 75 0.4724
11954 183 55 0.378
11954 61 44 0.2992
12015 30 44 0.252
12046 61 61 0.4488
12046 61 73 0.4488
12046 61 44 0.2835
12107 30 59 0.4331
12107 30 71 0.4331
12107 30 44 0.252
12138 183 63 0.4252
12138 183 67 0.4252
12138 45 58 0.4724
12138 45 70 0.4724
12138 183 51 0.3071
12138 61 44 0.2913
12184 15 59 0.3858
12184 15 71 0.3858
12199 22 58 0.3307
12199 22 70 0.3307
12199 30 44 0.2677
12230 30 61 0.4016
12230 30 73 0.4016
12230 61 44 0.2913
12261 30 59 0.3543
12261 30 71 0.3543
12291 22 58 0.3307
12291 22 70 0.3307
12291 30 44 0.2205
12322 153 59 0.378
12322 153 63 0.378
12322 91 68 0.4252
12322 91 71 0.4252
12322 48 51 0.4252
12322 367 44 0.2992
12368 17 52 0.3543
12383 30 51 0.4016
12414 61 68 0.3858
12414 33 54 0.4252
12445 33 52 0.4016
12475 30 51 0.4252
12506 48 49 0.4252
12552 17 51 0.4016
12567 30 49 0.4016
12598 91 68 0.4803
12598 33 52 0.4409
12628 33 51 0.4016
12659 30 49 0.3622
12690 367 75 0.5906
12690 63 47 0.4252
12690 183 44 0.3071
12751 33 49 0.3937
12782 33 51 0.4409
12812 33 49 0.3937
12843 30 47 0.378
12874 48 46 0.4016
12874 183 44 0.3307
12920 17 47 0.3543
12935 30 46 0.4252
12966 33 49 0.4331
12996 33 47 0.3937
13027 30 46 0.378
13058 61 80 0.5276
13058 91 47 0.3937
13058 61 44 0.315
13119 30 44 0.252
13150 61 44 0.2992
13211 33 63 0.4724
13211 30 44 0.2756
13242 217 68 0.5276
13242 275 51 0.3858
13242 61 44 0.2598
13303 30 44 0.2126
13334 61 44 0.2441
13395 30 44 0.189
13425 61 44 0.2441
13456 33 71 0.4961
13487 22 70 0.4724
13487 30 44 0.189
13507 7 68 0.4252
13512 7 70 0.3937
13517 33 68 0.5276
13517 91 52 0.3858
13517 61 44 0.2441
13548 33 64 0.4409
13579 30 68 0.4252
13579 30 44 0.189
13609 63 68 0.4961
13609 91 51 0.3858
13609 61 44 0.2362
13671 33 75 0.4488
13671 30 44 0.2126
13701 183 68 0.4646
13701 183 56 0.378
13701 61 44 0.2441
13763 30 44 0.2126
13793 61 44 0.2441
13855 30 44 0.2126
13885 61 44 0.2598
13947 30 44 0.2126
13977 153 63 0.3386
13977 153 66 0.3386
13977 122 69 0.4724
13977 183 60 0.3858
13977 61 44 0.252
14039 30 44 0.2598
14069 61 44 0.2835
14100 30 68 0.4409
14130 30 69 0.4094
14130 30 44 0.2598
14161 153 62 0.3386
14161 153 65 0.3386
14161 63 70 0.5354
14161 183 58 0.3858
14161 61 44 0.2992
14222 33 77 0.4488
14222 30 44 0.2913
14253 61 70 0.4646
14253 61 44 0.3307
14314 30 44 0.2205
14345 153 63 0.3386
14345 153 66 0.3386
14345 122 72 0.4724
14345 183 57 0.3858
14345 61 44 0.2441
14406 30 44 0.252
14437 61 44 0.2756
14468 30 71 0.4409
14498 30 72 0.4173
14498 30 44 0.2835
14529 153 68 0.3386
14529 153 65 0.3386
14529 63 73 0.5354
14529 183 56 0.3858
14529 61 44 0.2992
14590 33 80 0.4646
14590 30 44 0.2913
14621 61 73 0.4646
14621 61 44 0.3228
14682 30 44 0.2126
14713 367 63 0.4803
14713 367 70 0.4803
14713 367 74 0.4803
14713 367 54 0.3858
14713 61 44 0.2992
14774 30 44 0.252
14805 61 44 0.2677
14866 30 44 0.2362
14897 61 44 0.2677
14958 30 44 0.2362
14989 61 44 0.2677
15050 30 44 0.2362
15081 91 68 0.3386
15081 91 63 0.5197
15081 91 75 0.5197
15081 91 53 0.3386
15081 61 44 0.2992
15142 30 44 0.2441
15173 91 68 0.3386
15173 30 62 0.4488
15173 30 74 0.4488
15173 91 52 0.3386
15173 61 44 0.2913
15203 30 61 0.4331
15203 30 73 0.4331
15234 30 62 0.4252
15234 30 74 0.4252
15234 30 44 0.2205
15265 91 68 0.3386
15265 91 63 0.4961
15265 91 75 0.4961
15265 91 53 0.3386
15265 61 44 0.2835
15326 30 44 0.2441
15357 91 68 0.3386
15357 30 62 0.4409
15357 30 74 0.4409
15357 91 52 0.3386
15357 61 44 0.2677
15387 30 61 0.4331
15387 30 73 0.4331
15418 30 62 0.4252
15418 30 74 0.4252
15418 30 44 0.2441
15449 183 68 0.3386
15449 91 63 0.4882
15449 91 75 0.4882
15449 183 53 0.3386
15449 61 44 0.2756
15510 30 44 0.2205
15541 91 62 0.4409
15541 91 74 0.4409
15541 61 44 0.252
15602 30 44 0.2362
15632 91 61 0.4331
15632 91 68 0.4331
15632 91 73 0.4331
15632 91 52 0.3386
15632 61 44 0.252
15694 30 44 0.2205
15724 91 68 0.5354
15724 91 76 0.5354
15724 91 80 0.5354
15724 91 49 0.4016
15724 61 44 0.3071
15786 30 44 0.2677
15816 91 66 0.5276
15816 91 75 0.5276
15816 91 78 0.5276
15816 91 51 0.3937
15816 61 44 0.3307
15878 30 44 0.2913
15908 91 64 0.5118
15908 91 73 0.5118
15908 91 76 0.5118
15908 91 56 0.378
15908 61 44 0.3307
15970 30 44 0.2913
16000 183 67 0.4252
16000 183 70 0.4252
16000 91 63 0.4724
16000 91 75 0.4724
16000 91 51 0.378
16000 61 44 0.2913
16062 30 44 0.2205
16092 61 61 0.4488
16092 61 73 0.4488
16092 91 55 0.378
16092 61 44 0.252
16154 30 59 0.4331
16154 30 71 0.4331
16154 30 44 0.2205
16184 183 63 0.3543
16184 183 67 0.3543
16184 45 58 0.4724
16184 45 70 0.4724
16184 91 51 0.3071
16184 61 44 0.2677
16230 15 59 0.3858
16230 15 71 0.3858
16246 22 58 0.3307
16246 22 70 0.3307
16246 30 44 0.2205
16276 30 61 0.4016
16276 30 73 0.4016
16276 91 55 0.3071
16276 61 44 0.252
16307 30 59 0.3543
16307 30 71 0.3543
16337 30 58 0.3307
16337 30 70 0.3307
16337 30 44 0.2205
16368 153 59 0.3465
16368 153 63 0.3386
16368 91 68 0.3465
16368 91 71 0.4252
16368 91 51 0.3071
16368 61 44 0.2677
16429 30 44 0.2205
16460 61 68 0.3858
16460 245 56 0.3071
16460 61 44 0.252
16521 30 44 0.2047
16552 61 44 0.2598
16613 30 44 0.2441
16644 61 44 0.2756
16705 33 63 0.4724
16705 30 44 0.2126
16736 217 68 0.5276
16736 275 51 0.3543
16736 61 44 0.2441
16797 30 44 0.252
16828 61 44 0.2835
16889 30 44 0.2205
16920 61 44 0.252
16951 33 71 0.4961
16981 22 70 0.4724
16981 30 44 0.2126
17002 7 68 0.4252
17007 7 70 0.3937
17012 33 68 0.5276
17012 91 52 0.3858
17012 61 44 0.252
17043 33 64 0.4409
17073 30 68 0.4252
17073 30 44 0.189
17104 45 68 0.4961
17104 245 59 0.3543
17104 61 44 0.2441
17150 15 76 0.4488
17165 30 68 0.4252
17165 30 44 0.252
17196 153 68 0.4567
17196 61 44 0.2756
17257 30 44 0.252
17288 61 44 0.2756
17349 30 44 0.252
17380 61 44 0.2756
17441 30 44 0.2126
17472 153 63 0.3386
17472 153 66 0.3386
17472 122 69 0.4724
17472 183 60 0.3858
17472 61 44 0.2598
17533 30 44 0.2126
17564 61 44 0.2362
17594 30 68 0.4409
17625 30 69 0.4488
17625 30 44 0.2047
17656 153 62 0.3386
17656 153 65 0.3386
17656 45 70 0.5354
17656 183 58 0.3858
17656 61 44 0.2598
17702 15 77 0.4724
17717 30 70 0.4724
17717 30 44 0.252
17748 61 70 0.4409
17748 61 44 0.2756
17809 30 44 0.2598
17839 153 63 0.3386
17839 153 66 0.3386
17839 122 72 0.4724
17839 183 57 0.3858
17839 61 44 0.2913
17901 30 44 0.2047
17931 61 44 0.252
17962 30 71 0.4409
17993 30 72 0.4331
17993 30 44 0.2047
18023 153 68 0.3386
18023 153 65 0.3386
18023 45 73 0.5354
18023 183 56 0.3858
18023 61 44 0.2598
18069 15 80 0.4724
18085 30 73 0.4724
18085 30 44 0.252
18115 61 73 0.4488
18115 61 44 0.2756
18177 30 44 0.2126
18207 367 63 0.4803
18207 367 70 0.4803
18207 367 74 0.4803
18207 367 54 0.3858
18207 61 44 0.2598
18269 30 44 0.252
18299 61 44 0.2756
18361 30 44 0.2362
18391 61 44 0.2756
18453 30 44 0.2362
18483 61 44 0.252
18545 30 44 0.2362
18575 91 68 0.3386
18575 91 63 0.5197
18575 91 75 0.5197
18575 91 53 0.3386
18575 61 44 0.2598
18636 30 44 0.2362
18667 91 68 0.3386
18667 30 62 0.4488
18667 30 74 0.4488
18667 91 52 0.3386
18667 61 44 0.2205
18698 30 61 0.4331
18698 30 73 0.4331
18728 30 62 0.4094
18728 30 74 0.4094
18728 30 44 0.2126
18759 91 68 0.3386
18759 91 63 0.4961
18759 91 75 0.4961
18759 91 53 0.3386
18759 61 44 0.2441
18820 30 44 0.2126
18851 91 68 0.3386
18851 30 62 0.4409
18851 30 74 0.4409
18851 91 52 0.3386
18851 61 44 0.2677
18882 30 61 0.4331
18882 30 73 0.4331
18912 30 62 0.4173
18912 30 74 0.4173
18912 30 44 0.2126
18943 183 68 0.3386
18943 91 63 0.4882
18943 91 75 0.4882
18943 183 53 0.3386
18943 61 44 0.252
19004 30 44 0.252
19035 91 62 0.4409
19035 91 74 0.4409
19035 61 44 0.2835
19096 30 44 0.2362
19127 91 61 0.4331
19127 91 68 0.4331
19127 91 73 0.4331
19127 91 52 0.3386
19127 61 44 0.2756
19188 30 44 0.2205
19219 91 68 0.5354
19219 91 76 0.5354
19219 91 80 0.5354
19219 91 49 0.3307
19219 61 44 0.2913
19280 30 44 0.2677
19311 91 66 0.5276
19311 91 75 0.5276
19311 91 78 0.5276
19311 91 51 0.3307
19311 61 44 0.3071
19372 30 44 0.2598
19403 30 64 0.4882
19403 91 73 0.4882
19403 30 76 0.4882
19403 91 56 0.3071
19403 61 44 0.2913
19433 30 68 0.4016
19433 30 80 0.4016
19464 30 64 0.4409
19464 30 76 0.4409
19464 30 44 0.2598
19495 183 67 0.4409
19495 183 70 0.4409
19495 91 63 0.4409
19495 91 75 0.4409
19495 91 51 0.378
19495 61 44 0.3071
19556 30 44 0.2205
19587 30 61 0.4488
19587 30 73 0.4488
19587 91 55 0.378
19587 61 44 0.252
19617 30 63 0.4252
19617 30 75 0.4252
19648 30 59 0.3937
19648 30 71 0.3937
19648 30 44 0.2205
19679 183 63 0.2913
19679 183 67 0.2913
19679 45 58 0.4409
19679 45 70 0.4409
19679 91 51 0.3071
19679 61 44 0.2677
19725 15 59 0.3465
19725 15 71 0.3465
19740 30 58 0.2992
19740 30 70 0.2992
19740 30 44 0.2047
19771 30 61 0.378
19771 30 73 0.378
19771 76 55 0.2913
19771 61 44 0.2362
19801 30 59 0.3071
19801 30 71 0.3071
19832 15 58 0.2835
19832 15 70 0.2835
19832 30 44 0.2205
19863 61 44 0.2598
19924 30 44 0.2283
19955 61 44 0.2598
20016 30 44 0.2362
20046 91 69 0.3071
20046 91 73 0.3071
20046 61 64 0.3465
20046 61 76 0.3465
20046 91 49 0.2598
20046 91 52 0.2598
20046 61 44 0.2598
20108 30 64 0.3386
20108 30 76 0.3386
20108 30 44 0.2205
20138 91 69 0.3386
20138 91 73 0.3386
20138 45 66 0.3858
20138 45 78 0.3858
20138 91 51 0.252
20138 91 54 0.252
20138 61 44 0.2126
20184 15 64 0.3543
20184 15 76 0.3543
20200 15 63 0.3307
20200 15 75 0.3307
20200 30 44 0.2441
20230 91 69 0.3386
20230 91 73 0.3386
20230 61 64 0.3858
20230 61 76 0.3858
20230 91 49 0.2598
20230 91 52 0.2598
20230 61 44 0.2126
20292 30 64 0.3465
20292 30 76 0.3465
20292 30 44 0.2205
20322 91 69 0.3307
20322 91 73 0.3307
20322 45 66 0.3543
20322 45 78 0.3543
20322 76 51 0.252
20322 76 54 0.252
20322 61 44 0.2126
20368 15 64 0.3071
20368 15 76 0.3071
20384 15 63 0.3071
20384 15 75 0.3071
20384 30 44 0.2362
20414 61 44 0.2677
20476 30 44 0.2362
20506 61 44 0.2598
20568 30 44 0.2362
20598 91 64 0.4409
20598 91 68 0.4409
20598 91 73 0.4409
20598 91 61 0.4409
20598 91 52 0.3307
20598 91 56 0.3307
20598 61 44 0.2913
20660 30 44 0.2598
20690 91 68 0.5276
20690 91 73 0.5276
20690 91 76 0.5276
20690 91 80 0.5276
20690 91 49 0.3937
20690 91 52 0.3937
20690 61 44 0.3071
20752 30 44 0.2598
20782 91 66 0.4882
20782 91 68 0.4882
20782 91 75 0.4882
20782 91 78 0.4882
20782 91 51 0.3543
20782 91 54 0.3543
20782 61 44 0.3071
20843 30 44 0.2441
20874 91 64 0.4409
20874 91 68 0.4409
20874 91 73 0.4409
20874 91 76 0.4409
20874 91 52 0.3386
20874 91 56 0.3386
20874 61 44 0.2362
20935 30 44 0.2205
20966 61 44 0.2677
21027 30 44 0.2283
21058 61 44 0.252
21119 30 44 0.2283
21150 91 63 0.3465
21150 91 67 0.3465
21150 45 58 0.3937
21150 45 70 0.3937
21150 91 51 0.252
21150 61 44 0.2441
21196 15 59 0.3307
21196 15 71 0.3307
21211 30 58 0.2598
21211 30 70 0.2598
21211 30 44 0.1732
21242 91 63 0.3465
21242 91 67 0.3465
21242 30 61 0.3386
21242 30 73 0.3386
21242 91 55 0.252
21242 61 44 0.2126
21273 30 59 0.2992
21273 30 71 0.2992
21303 30 58 0.2598
21303 30 70 0.2598
21303 30 44 0.1732
21334 61 44 0.2362
21395 30 44 0.189
21426 61 44 0.2126
21487 33 63 0.4803
21487 30 44 0.2362
21518 217 68 0.5118
21518 275 51 0.378
21518 61 44 0.2835
21579 30 44 0.2362
21610 61 44 0.2677
21671 30 44 0.2362
21702 61 44 0.2677
21732 33 71 0.5197
21763 22 70 0.4803
21763 30 44 0.2362
21783 7 68 0.4252
21789 7 70 0.3937
21794 33 68 0.5354
21794 91 52 0.378
21794 61 44 0.2677
21824 33 64 0.4488
21855 30 68 0.4252
21855 30 44 0.2126
21886 63 68 0.4803
21886 61 59 0.3937
21886 61 44 0.2677
21947 33 63 0.4488
21947 30 44 0.2362
21978 125 66 0.4882
21978 61 58 0.378
21978 275 44 0.2677
22039 30 57 0.3543
22070 30 56 0.4331
22100 33 64 0.4488
22100 61 55 0.4016
22131 25 63 0.4252
22156 7 63 0.3858
22162 33 64 0.4882
22162 61 48 0.4488
22192 33 63 0.4016
22223 33 61 0.3858
22223 30 49 0.3858
22254 30 63 0.4803
22254 61 44 0.2677
22284 122 56 0.4331
22315 30 44 0.2205
22345 61 44 0.2677
22407 30 44 0.2205
22437 61 44 0.2677
22499 30 44 0.2205
22529 61 44 0.2677
22591 30 44 0.2205
22621 61 56 0.315
22621 61 58 0.315
22621 61 61 0.315
22621 61 64 0.3543
22621 61 49 0.3543
22621 61 44 0.2677
22683 30 44 0.2205
22713 61 55 0.315
22713 61 58 0.315
22713 61 61 0.315
22713 61 63 0.3543
22713 61 51 0.3543
22713 61 44 0.2677
22775 30 44 0.2205
22805 61 44 0.2677
22867 30 44 0.2205
22897 61 44 0.2677
22959 30 44 0.2205
22989 61 54 0.315
22989 61 57 0.315
22989 61 62 0.3543
22989 61 48 0.3543
22989 61 44 0.2677
23050 30 44 0.2205
23081 61 52 0.315
23081 61 56 0.315
23081 61 61 0.3543
23081 61 49 0.3543
23081 61 44 0.2677
23142 30 44 0.2205
23173 30 55 0.3543
23173 30 58 0.3543
23173 183 44 0.2598
23326 30 63 0.6378
23326 30 75 0.6378
23342 76 44 0.4724
23349 68 51 0.4724
23357 183 68 0.6772
23357 183 80 0.6772
23357 61 59 0.4724
23418 91 44 0.2598
23510 91 44 0.2598
