0 175 60 0.3307
0 131 68 0.3937
0 175 44 0.2126
0 175 51 0.2126
0 175 56 0.252
131 10 70 0.3937
142 10 68 0.3622
153 10 67 0.3622
164 10 68 0.3622
175 131 72 0.4252
175 175 61 0.3543
175 175 43 0.189
175 175 51 0.189
175 175 55 0.2283
306 43 70 0.3543
350 262 60 0.3307
350 262 68 0.3937
350 262 44 0.2362
350 262 51 0.2362
350 262 56 0.2835
613 87 69 0.3937
700 175 63 0.3307
700 87 70 0.3937
700 175 55 0.2126
700 87 61 0.252
788 87 58 0.252
832 10 72 0.3937
843 10 70 0.3622
854 10 69 0.3622
864 10 70 0.3622
875 131 73 0.4252
875 87 63 0.3543
875 175 56 0.2283
963 87 68 0.3307
963 87 60 0.252
1007 43 72 0.3543
1051 262 67 0.3307
1051 262 70 0.3937
1051 262 51 0.2362
1051 262 63 0.2835
1313 87 71 0.3937
1401 153 72 0.4961
1401 175 63 0.4961
1401 175 56 0.252
1554 21 68 0.4094
1576 153 75 0.5039
1576 175 68 0.5039
1576 175 63 0.4331
1576 175 48 0.2913
1576 175 60 0.2913
1576 175 56 0.2913
1729 21 72 0.4724
1751 175 65 0.4331
1751 175 68 0.5039
1751 153 77 0.5512
1751 175 49 0.3543
1751 175 56 0.3543
1751 175 61 0.3543
1905 21 73 0.5276
1927 350 53 0.3228
1932 344 56 0.3543
1937 339 61 0.3858
1943 333 65 0.4173
1948 328 68 0.5512
1954 322 73 0.5906
1959 142 77 0.6142
1965 180 80 0.6457
2145 40 79 0.4961
2189 40 77 0.4646
2233 40 75 0.4409
2277 87 70 0.4016
2277 87 73 0.4724
2277 87 55 0.2441
2277 87 63 0.2913
2364 87 68 0.3465
2364 87 72 0.4094
2364 87 63 0.2677
2364 87 56 0.2205
2452 87 63 0.3622
2452 131 75 0.4331
2452 131 60 0.2913
2452 175 51 0.2441
2540 87 63 0.3071
2583 43 72 0.4016
2583 43 56 0.2441
2627 87 63 0.3543
2627 5 70 0.4173
2627 16 70 0.4016
2627 87 51 0.2047
2627 87 55 0.2441
2633 5 72 0.3622
2638 18 70 0.4016
2644 5 72 0.3543
2649 21 70 0.4016
2656 7 69 0.3622
2664 51 70 0.3622
2671 21 73 0.4488
2693 21 72 0.378
2715 21 75 0.4331
2737 21 73 0.3701
2759 14 72 0.4016
2773 14 73 0.3701
2788 14 70 0.3701
2802 175 60 0.2677
2802 131 68 0.3937
2802 175 44 0.2835
2846 41 51 0.2205
2890 41 51 0.2283
2934 10 70 0.3937
2934 43 51 0.2283
2945 10 68 0.3622
2956 10 67 0.3622
2967 10 68 0.3622
2978 131 72 0.4252
2978 175 61 0.3543
2978 175 43 0.2835
3021 41 51 0.2205
3065 41 51 0.2205
3109 43 70 0.3543
3109 43 51 0.2205
3153 175 60 0.3307
3153 175 68 0.3937
3153 43 44 0.2835
3197 43 51 0.252
3240 43 48 0.2835
3284 43 56 0.252
3328 43 51 0.315
3372 43 60 0.2835
3416 43 56 0.3701
3459 43 63 0.2835
3503 87 70 0.4646
3503 175 55 0.3543
3547 41 63 0.2283
3591 41 63 0.2283
3635 10 72 0.4252
3635 43 63 0.2283
3645 10 70 0.3622
3656 10 69 0.3858
3667 10 70 0.3937
3678 131 73 0.4882
3678 175 68 0.4882
3678 175 56 0.2835
3722 41 63 0.2283
3766 41 63 0.2283
3810 43 72 0.3937
3810 43 63 0.2283
3854 175 67 0.4488
3854 175 70 0.4488
3854 43 51 0.3228
3897 43 63 0.252
3941 43 62 0.2598
3985 43 63 0.2598
4029 43 62 0.2835
4072 43 63 0.2441
4116 43 65 0.2835
4160 43 61 0.2598
4198 16 63 0.2835
4204 153 72 0.4961
4248 43 56 0.252
4291 43 60 0.252
4335 36 63 0.2283
4357 21 68 0.4094
4374 21 63 0.3386
4379 153 75 0.5039
4423 43 48 0.252
4467 43 51 0.252
4510 43 56 0.2362
4532 10 72 0.4724
4549 16 65 0.3465
4554 262 77 0.5748
4598 306 49 0.2992
4598 45 53 0.2992
4642 45 55 0.3307
4686 45 56 0.3543
4729 45 57 0.3858
4773 45 58 0.4094
4817 43 69 0.4646
4817 43 75 0.5512
4817 45 60 0.378
4861 43 70 0.4094
4861 43 73 0.4882
4861 45 61 0.4016
4905 175 68 0.4646
4905 87 72 0.5512
4905 175 51 0.252
4905 43 63 0.4016
4948 43 62 0.3543
4992 87 75 0.4961
4992 43 61 0.3622
5036 43 60 0.3622
5080 175 67 0.4646
5080 87 73 0.5512
5080 175 51 0.252
5080 43 58 0.4016
5124 43 60 0.3465
5167 87 70 0.4724
5167 43 61 0.3465
5211 41 55 0.3465
5255 87 61 0.4646
5255 175 70 0.5512
5255 262 44 0.252
5255 175 55 0.4016
5343 21 60 0.2677
5364 21 61 0.252
5386 21 63 0.2835
5408 21 61 0.2441
5430 87 60 0.2913
5430 87 68 0.3543
5430 87 56 0.2441
5600 16 77 0.6142
5605 131 89 0.7165
5605 175 63 0.5984
5605 174 65 0.5984
5605 175 60 0.5984
5605 175 57 0.5984
5737 6 87 0.5118
5743 6 84 0.4961
5749 6 81 0.4882
5756 6 77 0.4803
5762 6 75 0.4646
5768 6 72 0.4488
5774 6 69 0.4409
5781 43 65 0.6142
5934 20 60 0.3543
5934 20 63 0.4252
5934 20 45 0.2362
5934 20 53 0.2835
5956 175 60 0.378
5956 175 63 0.4488
5956 262 46 0.2756
5956 262 53 0.3228
6131 87 58 0.2992
6131 87 61 0.3543
6301 16 75 0.6142
6306 131 87 0.7165
6306 175 61 0.5984
6306 174 63 0.5984
6306 175 58 0.5984
6306 175 55 0.5984
6437 6 85 0.5118
6444 6 82 0.4961
6450 6 79 0.4882
6456 6 75 0.4803
6462 6 73 0.4646
6469 6 70 0.4488
6475 6 67 0.4409
6481 43 63 0.6142
6635 20 58 0.3543
6635 20 61 0.4252
6635 20 43 0.2362
6635 20 51 0.2835
6656 175 58 0.378
6656 175 61 0.4488
6656 262 44 0.2756
6656 262 51 0.3228
6832 87 56 0.2992
6832 87 60 0.3543
7001 16 47 0.7008
7007 131 59 0.7244
7138 7 59 0.4646
7145 7 56 0.4488
7153 7 51 0.4409
7160 7 47 0.4409
7168 7 44 0.4331
7175 7 39 0.4173
7182 43 35 0.7165
7335 20 51 0.5433
7335 20 56 0.5433
7335 20 63 0.5433
7335 20 35 0.3622
7335 20 47 0.3622
7357 175 63 0.6535
7357 262 56 0.4646
7357 262 53 0.4646
7357 262 34 0.4646
7357 262 46 0.4646
7532 43 62 0.3622
7576 45 64 0.3622
7620 43 65 0.4252
7664 45 69 0.3622
7708 43 70 0.4252
7751 45 73 0.3622
7795 43 74 0.4331
7839 45 76 0.3622
7883 43 77 0.4331
7927 45 79 0.3622
7970 43 80 0.4331
8014 43 77 0.3622
8058 218 74 0.4331
8058 83 58 0.2756
8058 83 56 0.2283
8145 83 58 0.2362
8145 83 56 0.1969
8233 83 58 0.2362
8233 83 56 0.1969
8277 10 75 0.3937
8288 10 74 0.3937
8299 10 72 0.3937
8310 10 74 0.3937
8321 65 75 0.4331
8321 83 58 0.2362
8321 83 56 0.1969
8386 20 77 0.4331
8408 87 77 0.4331
8408 83 58 0.2756
8408 83 55 0.2283
8496 175 75 0.4331
8496 83 58 0.2205
8496 83 55 0.1811
8583 83 58 0.2205
8583 83 55 0.1811
8671 87 76 0.4331
8671 83 58 0.2205
8671 83 55 0.1811
8759 218 77 0.4331
8759 83 50 0.2283
8759 83 58 0.2756
8759 83 56 0.2283
8846 83 50 0.2126
8846 83 58 0.2598
8846 83 56 0.2126
8934 83 50 0.2126
8934 83 58 0.2598
8934 83 56 0.2126
8978 10 79 0.3937
8989 10 77 0.3701
8999 10 75 0.3858
9010 10 77 0.4016
9021 65 79 0.4173
9021 65 55 0.3622
9021 87 50 0.1969
9021 87 58 0.2362
9087 20 80 0.4724
9087 20 53 0.3622
9109 87 80 0.4567
9109 83 51 0.2283
9109 83 58 0.2756
9109 83 54 0.2283
9197 87 79 0.4331
9197 83 51 0.1811
9197 83 58 0.2205
9197 83 55 0.1811
9284 83 51 0.1811
9284 83 58 0.2205
9284 83 55 0.1811
9372 83 51 0.2205
9372 83 58 0.2205
9372 83 55 0.1811
9459 83 56 0.1969
9459 83 58 0.2362
9467 7 62 0.2362
9474 7 63 0.2362
9481 7 65 0.3228
9489 7 63 0.2598
9496 7 62 0.2598
9503 7 68 0.3307
9511 7 67 0.2677
9518 7 65 0.2677
9525 7 74 0.4016
9533 7 72 0.2913
9540 7 70 0.2835
9547 7 77 0.4488
9547 83 56 0.1969
9547 83 58 0.2362
9554 7 75 0.3228
9562 7 74 0.3465
9569 7 80 0.4646
9576 7 79 0.3622
9583 7 77 0.378
9591 175 84 0.5512
9635 83 56 0.1969
9635 83 58 0.2362
9722 83 56 0.1969
9722 83 58 0.2362
9766 6 84 0.4252
9772 6 82 0.4173
9779 6 80 0.4094
9785 6 79 0.4094
9791 6 77 0.4016
9797 6 75 0.3937
9803 6 74 0.3858
9810 65 77 0.4409
9875 21 75 0.315
9897 32 74 0.3386
9897 83 55 0.1969
9897 83 58 0.2362
9930 10 75 0.315
9941 32 77 0.3701
9974 10 75 0.3228
9985 87 63 0.4094
9985 83 55 0.1969
9985 83 58 0.2362
10072 83 55 0.1969
10072 83 58 0.2362
10160 83 50 0.1969
10160 83 56 0.1969
10160 83 58 0.2362
10167 7 65 0.2362
10175 7 67 0.2362
10182 7 68 0.3228
10189 7 67 0.2598
10197 7 65 0.2598
10204 7 74 0.3307
10211 7 72 0.2677
10219 7 70 0.2677
10226 7 77 0.4016
10233 7 75 0.2913
10241 7 74 0.2835
10248 7 80 0.4488
10248 83 50 0.1969
10248 83 53 0.1969
10248 83 56 0.1969
10248 83 58 0.2362
10255 7 79 0.3228
10262 7 77 0.3465
10270 7 86 0.4646
10277 7 84 0.3622
10284 7 82 0.378
10291 175 89 0.5433
10335 83 50 0.1969
10335 83 53 0.1969
10335 83 56 0.1969
10335 83 58 0.2362
10423 83 50 0.1969
10423 83 53 0.1969
10423 83 56 0.1969
10423 83 58 0.2362
10467 7 89 0.4252
10474 7 87 0.4173
10481 7 86 0.4094
10488 7 84 0.4094
10495 7 82 0.4016
10502 7 80 0.3937
10510 131 79 0.4882
10598 87 51 0.2362
10598 87 55 0.2362
10598 87 58 0.2362
10664 21 79 0.5039
10686 131 80 0.5591
10773 87 53 0.252
10773 87 56 0.252
10773 87 58 0.252
10773 87 62 0.252
10839 21 80 0.5591
10861 131 82 0.6378
10948 87 55 0.2913
10948 87 58 0.2913
10948 87 63 0.2913
11014 21 82 0.6142
11036 131 83 0.7008
11124 87 55 0.3386
11124 87 59 0.3386
11124 87 63 0.3386
11189 21 83 0.6614
11211 131 84 0.7244
11299 87 56 0.4016
11299 87 60 0.4016
11299 87 63 0.4016
11364 21 84 0.7087
11386 131 86 0.7559
11474 87 59 0.4724
11474 87 56 0.4724
11474 87 62 0.4724
11474 87 65 0.4724
11540 21 86 0.7795
11562 131 87 0.811
11649 87 57 0.4724
11649 87 60 0.4724
11649 87 63 0.4724
11649 87 66 0.4724
11715 5 89 0.7402
11720 5 87 0.7402
11726 5 86 0.7402
11731 5 87 0.7402
11737 43 89 0.8425
11781 43 87 0.7087
11824 32 86 0.5827
11868 32 84 0.5276
11912 43 82 0.4724
11956 43 81 0.4331
11999 43 84 0.4724
11999 87 67 0.2835
11999 87 63 0.2362
11999 87 58 0.2126
12043 43 82 0.4331
12087 43 80 0.4724
12131 43 79 0.4409
12175 43 77 0.4724
12175 87 68 0.2835
12175 87 62 0.2441
12175 87 58 0.2126
12218 43 82 0.4488
12262 29 78 0.4724
12291 29 79 0.4016
12321 29 67 0.3386
12321 29 63 0.252
12350 29 58 0.3071
12379 29 79 0.4724
12379 29 55 0.252
12408 29 67 0.4094
12408 29 51 0.252
12437 29 79 0.4724
12467 29 80 0.4016
12496 29 68 0.3386
12496 29 65 0.2677
12525 29 62 0.3071
12554 29 80 0.4724
12554 29 58 0.2598
12583 29 68 0.4252
12583 29 53 0.2598
12613 29 81 0.4724
12642 29 82 0.4016
12671 29 70 0.3465
12671 29 67 0.2598
12700 29 63 0.315
12729 29 82 0.5039
12729 29 58 0.2677
12759 29 70 0.4409
12759 29 55 0.2677
12788 29 82 0.5197
12817 29 83 0.4961
12846 29 71 0.4567
12846 29 67 0.3622
12875 29 63 0.4173
12905 29 83 0.5512
12905 29 59 0.3622
12934 29 71 0.5039
12934 29 55 0.3622
12963 29 83 0.5748
12992 29 84 0.5512
13021 29 72 0.4961
13021 29 68 0.3701
13051 29 63 0.4567
13080 29 84 0.6063
13080 29 60 0.3858
13109 29 72 0.5354
13109 29 56 0.3858
13138 29 85 0.622
13167 29 86 0.6063
13197 29 74 0.5433
13197 29 68 0.4409
13226 29 65 0.4961
13255 29 86 0.6614
13255 29 62 0.4252
13284 29 74 0.5984
13284 29 58 0.4331
13313 29 86 0.6772
13343 29 87 0.6378
13372 29 75 0.5906
13372 291 69 0.6142
13401 262 66 0.4488
13430 29 87 0.685
13430 233 63 0.4803
13459 29 75 0.6378
13459 204 59 0.5118
13489 29 87 0.685
13518 29 78 0.622
13547 29 87 0.685
13576 29 81 0.622
13605 29 87 0.6772
13635 29 81 0.622
13664 204 82 0.6929
13693 14 46 0.5039
13722 14 51 0.5039
13751 14 55 0.5039
13781 14 58 0.4567
13810 14 63 0.4567
13839 29 67 0.5039
13868 29 81 0.622
13868 29 66 0.4567
13897 29 84 0.622
13897 29 68 0.4567
13927 21 82 0.6693
13927 21 67 0.5039
13956 21 80 0.622
13956 21 65 0.4646
13985 21 79 0.622
13985 21 63 0.4646
14014 175 75 0.622
14014 153 77 0.622
14014 350 68 0.4882
14014 350 58 0.4094
14167 4 77 0.5827
14172 4 79 0.5354
14176 4 77 0.5827
14181 4 76 0.5197
14185 4 77 0.5276
14189 175 74 0.622
14189 153 82 0.622
14343 21 82 0.622
14364 87 67 0.5827
14364 87 75 0.6693
14394 14 34 0.5039
14423 14 39 0.5039
14452 14 43 0.5039
14481 14 46 0.4567
14510 14 51 0.4567
14540 29 55 0.5039
14569 29 69 0.622
14569 29 54 0.4567
14598 29 72 0.622
14598 29 56 0.4567
14627 21 70 0.6693
14627 21 55 0.5039
14656 21 68 0.622
14656 21 53 0.4646
14686 21 67 0.622
14686 21 51 0.4646
14715 175 63 0.622
14715 153 65 0.622
14715 350 56 0.4882
14715 350 46 0.4094
14868 4 65 0.5827
14872 4 67 0.5354
14877 4 65 0.5827
14881 4 64 0.5197
14886 4 65 0.5276
14890 175 62 0.622
14890 153 70 0.622
15043 21 70 0.3701
15065 87 63 0.4016
15065 87 51 0.2913
15065 87 55 0.3386
15394 109 39 0.5039
15398 106 46 0.5276
15399 104 49 0.5276
15402 101 51 0.5433
15405 98 55 0.5827
15407 95 58 0.6063
15410 93 61 0.6378
15413 90 63 0.6772
15416 87 67 0.7087
15766 175 60 0.3307
15766 131 68 0.3937
15766 87 44 0.3071
15854 87 51 0.252
15897 10 70 0.3937
15908 10 68 0.3622
15919 10 67 0.3622
15930 10 68 0.3622
15941 131 72 0.4252
15941 175 61 0.3543
15941 87 43 0.3071
16029 87 51 0.2283
16072 43 70 0.3543
16116 175 60 0.3307
16116 218 68 0.3937
16116 87 44 0.3307
16204 87 51 0.2835
16291 87 56 0.2992
16335 43 67 0.3622
16379 43 68 0.3465
16379 87 60 0.315
16423 43 69 0.378
16467 175 63 0.4094
16467 87 70 0.4094
16467 175 55 0.3622
16467 87 61 0.3622
16554 87 58 0.252
16598 10 72 0.3937
16609 10 70 0.3622
16620 10 69 0.3622
16631 10 70 0.3622
16642 131 73 0.4252
16642 87 63 0.3543
16642 175 56 0.2283
16729 87 68 0.3543
16729 87 60 0.252
16773 43 72 0.3543
16817 175 67 0.3307
16817 204 70 0.3937
16817 350 51 0.2362
16817 350 63 0.2835
16905 87 61 0.252
16992 87 58 0.252
17021 29 77 0.4803
17051 29 75 0.4331
17080 21 73 0.4882
17080 87 55 0.252
17109 21 72 0.4724
17138 21 71 0.4488
17167 153 72 0.4961
17233 21 56 0.2913
17255 87 63 0.3622
17321 21 68 0.4094
17343 153 75 0.5039
17408 21 48 0.3071
17430 87 56 0.378
17496 21 72 0.4724
17518 153 77 0.5512
17583 21 49 0.4016
17605 65 61 0.4409
17671 21 73 0.5276
17671 284 53 0.4409
17693 218 80 0.685
17693 65 61 0.4882
17759 21 56 0.4409
17781 65 65 0.5118
17846 21 61 0.5118
17868 175 68 0.6614
17868 87 56 0.5669
17912 43 79 0.4961
17956 43 77 0.4646
17956 87 53 0.315
17956 87 56 0.378
17999 40 75 0.4409
18043 87 63 0.2913
18043 43 75 0.4646
18043 87 55 0.378
18043 87 58 0.4488
18087 40 73 0.4409
18131 87 63 0.2913
18131 43 73 0.4646
18131 87 60 0.378
18131 87 56 0.315
18175 40 72 0.4409
18218 87 63 0.3622
18218 131 75 0.4331
18218 131 60 0.3386
18218 175 51 0.3386
18306 87 63 0.3071
18350 43 72 0.4016
18350 43 56 0.2441
18394 87 63 0.3543
18394 5 70 0.4173
18394 16 70 0.4016
18394 87 51 0.2047
18394 87 55 0.2441
18399 5 72 0.3622
18405 18 70 0.4016
18410 5 72 0.3543
18416 21 70 0.4016
18423 7 69 0.3622
18430 51 70 0.3622
18437 21 73 0.4488
18459 21 72 0.378
18481 21 75 0.4331
18503 21 73 0.3701
18525 10 72 0.4016
18536 10 75 0.3701
18547 10 73 0.3701
18558 10 70 0.3701
18569 175 60 0.3307
18569 131 68 0.3937
18569 175 44 0.2835
18613 41 51 0.2205
18656 41 51 0.2283
18700 10 70 0.3937
18700 41 51 0.2283
18711 10 68 0.3622
18722 10 67 0.3622
18733 10 68 0.3622
18744 131 72 0.4252
18744 175 61 0.3543
18744 175 43 0.2835
18788 41 51 0.2205
18832 41 51 0.2205
18875 43 70 0.3543
18875 41 51 0.2205
18919 167 60 0.3307
18919 175 68 0.3937
18919 21 44 0.3386
18948 21 51 0.2835
18978 21 48 0.2835
19007 21 56 0.315
19036 21 51 0.2835
19065 29 60 0.2835
19094 21 56 0.3386
19124 21 63 0.2835
19153 21 61 0.2835
19182 21 60 0.3701
19211 21 58 0.2835
19240 21 56 0.2835
19270 175 63 0.3307
19270 87 70 0.3937
19270 175 55 0.3543
19313 41 51 0.2283
19357 41 51 0.2283
19401 10 72 0.3937
19401 41 51 0.2283
19412 10 70 0.3622
19423 10 69 0.3622
19434 10 70 0.3622
19445 175 63 0.3543
19445 131 73 0.4252
19445 175 68 0.3543
19445 175 56 0.2835
19489 41 51 0.2283
19532 41 51 0.2283
19576 43 72 0.3543
19576 41 51 0.2283
19620 175 67 0.3307
19620 175 70 0.3937
19620 21 39 0.3228
19649 21 43 0.2992
19678 21 46 0.2992
19708 21 51 0.378
19737 21 55 0.378
19766 21 58 0.4016
19795 21 61 0.4331
19824 21 65 0.3858
19854 21 63 0.3858
19883 21 61 0.4173
19912 21 60 0.3465
19941 21 58 0.3465
19965 16 63 0.2835
19970 153 72 0.4961
19970 21 56 0.3071
19999 21 63 0.3307
20029 21 60 0.2913
20058 21 56 0.3307
20087 21 51 0.252
20116 21 48 0.252
20124 21 68 0.4094
20140 16 63 0.3386
20145 153 75 0.5039
20175 21 60 0.2835
20204 21 56 0.2835
20233 21 51 0.3701
20262 21 48 0.2992
20291 21 44 0.315
20299 16 72 0.4724
20315 297 65 0.3465
20321 291 77 0.5512
20350 321 49 0.252
20379 30 51 0.2835
20408 30 53 0.2835
20437 30 54 0.3228
20467 30 55 0.3386
20496 30 56 0.3622
20525 30 57 0.378
20554 30 58 0.3858
20583 30 59 0.4094
20613 29 69 0.4646
20613 29 75 0.5512
20613 30 60 0.4252
20642 29 70 0.4094
20642 29 73 0.4882
20642 29 61 0.4488
20671 175 68 0.4646
20671 87 72 0.5512
20671 175 51 0.4409
20700 29 63 0.4409
20729 29 62 0.3543
20759 87 75 0.4961
20788 29 61 0.3622
20817 29 60 0.3622
20846 175 67 0.4646
20846 87 73 0.5512
20846 175 51 0.252
20875 29 58 0.4016
20905 29 60 0.3465
20934 87 70 0.4724
20963 29 61 0.3465
20992 29 55 0.3465
21021 109 61 0.4646
21021 175 70 0.5512
21021 262 44 0.252
21021 175 55 0.4016
21131 10 60 0.2913
21142 10 61 0.2677
21153 10 63 0.2992
21164 10 61 0.2677
21175 10 60 0.2677
21186 10 61 0.2677
21197 87 60 0.3307
21197 87 68 0.4016
21197 87 56 0.2756
21366 16 77 0.6142
21372 131 89 0.7165
21372 175 63 0.5984
21372 174 65 0.5984
21372 175 60 0.5984
21372 175 57 0.5984
21503 6 87 0.5118
21509 6 84 0.4961
21516 6 81 0.4882
21522 6 77 0.4803
21528 6 75 0.4646
21534 6 72 0.4488
21541 6 69 0.4409
21547 43 65 0.6142
21700 20 60 0.3543
21700 20 63 0.4252
21700 20 45 0.2362
21700 20 53 0.2835
21722 175 60 0.378
21722 175 63 0.4488
21722 262 46 0.2756
21722 262 53 0.3228
21897 87 58 0.2992
21897 87 61 0.3543
22067 16 75 0.6142
22072 131 87 0.7165
22072 175 61 0.5984
22072 174 63 0.5984
22072 175 58 0.5984
22072 175 55 0.5984
22204 6 85 0.5118
22210 6 82 0.4961
22216 6 79 0.4882
22223 6 75 0.4803
22229 6 73 0.4646
22235 6 70 0.4488
22241 6 67 0.4409
22248 43 63 0.6142
22401 20 58 0.3543
22401 20 61 0.4252
22401 20 43 0.2362
22401 20 51 0.2835
22423 175 58 0.378
22423 175 61 0.4488
22423 262 44 0.2756
22423 262 51 0.3228
22598 87 56 0.2992
22598 87 59 0.3543
22768 16 47 0.7008
22773 131 59 0.7244
22905 7 59 0.4646
22912 7 56 0.4488
22919 7 52 0.4409
22926 7 47 0.4409
22934 7 44 0.4331
22941 7 40 0.4173
22948 43 35 0.7165
23102 20 56 0.5433
23102 20 52 0.5433
23102 20 64 0.5433
23102 20 35 0.3622
23102 20 47 0.3622
23124 262 54 0.5748
23124 262 57 0.5748
23124 175 64 0.5748
23124 262 35 0.5512
23124 262 47 0.4094
23299 87 63 0.4803
23452 20 56 0.5433
23452 20 53 0.5433
23452 20 63 0.5433
23452 20 35 0.3622
23452 20 47 0.3622
23474 262 53 0.5748
23474 262 56 0.5748
23474 175 63 0.5748
23474 175 35 0.5512
23474 175 47 0.4094
23649 87 62 0.4803
23649 87 34 0.3386
23649 87 46 0.3622
23802 20 56 0.5433
23802 20 53 0.5433
23802 20 62 0.5433
23802 20 34 0.3622
23802 20 46 0.3622
23824 262 53 0.5748
23824 175 56 0.5748
23824 175 62 0.5748
23824 175 34 0.5512
23824 175 46 0.4094
23999 43 58 0.4252
23999 43 61 0.4803
23999 43 39 0.3386
23999 43 51 0.3622
24043 45 69 0.3622
24087 39 70 0.4252
24131 45 72 0.3622
24175 39 73 0.4252
24218 43 78 0.3937
24262 39 79 0.4724
24306 45 81 0.3937
24350 39 82 0.4724
24394 45 84 0.3937
24437 43 85 0.4724
24481 43 82 0.3937
24525 218 79 0.4724
24525 83 63 0.2756
24525 83 61 0.2283
24613 83 63 0.2362
24613 83 61 0.1969
24700 83 63 0.2362
24700 83 61 0.1969
24744 10 80 0.4331
24755 10 79 0.4331
24766 10 77 0.4331
24777 10 79 0.4331
24788 65 80 0.4724
24788 83 63 0.2362
24788 83 61 0.1969
24854 21 82 0.4724
24875 87 82 0.4724
24875 83 63 0.2756
24875 83 60 0.2283
24963 175 80 0.4724
24963 83 63 0.2205
24963 83 60 0.1811
25051 83 63 0.2205
25051 83 60 0.1811
25138 87 81 0.4724
25138 83 63 0.2205
25138 83 60 0.1811
25226 218 82 0.4724
25226 83 55 0.2283
25226 83 63 0.2756
25226 83 61 0.2283
25313 83 55 0.1969
25313 83 63 0.2362
25313 83 61 0.1969
25401 83 55 0.1969
25401 83 63 0.2362
25401 83 61 0.1969
25445 10 84 0.4331
25456 10 82 0.4331
25467 10 81 0.4331
25478 10 82 0.4331
25489 65 84 0.4724
25489 87 55 0.1969
25489 87 63 0.2362
25489 65 60 0.1969
25554 21 85 0.4724
25554 21 58 0.1969
25576 87 85 0.4724
25576 83 56 0.2283
25576 83 63 0.2756
25576 83 59 0.2283
25664 87 84 0.4724
25664 83 56 0.1811
25664 83 63 0.2205
25664 83 60 0.1811
25751 83 56 0.1811
25751 83 63 0.2205
25751 83 60 0.1811
25839 83 56 0.2205
25839 83 63 0.2205
25839 83 60 0.1811
25926 83 61 0.1969
25926 83 63 0.2362
25934 7 67 0.2362
25941 7 68 0.2362
25949 7 70 0.3228
25956 7 68 0.2598
25963 7 67 0.2598
25970 7 73 0.3307
25978 7 72 0.2835
25985 7 70 0.3071
25993 7 79 0.4016
26000 7 77 0.3071
26007 7 75 0.3307
26014 7 82 0.4488
26014 83 61 0.1969
26014 83 63 0.2362
26021 7 80 0.3622
26029 7 79 0.3858
26036 7 85 0.4646
26043 7 84 0.3937
26051 7 82 0.4331
26058 175 89 0.5433
26102 83 61 0.1969
26102 83 63 0.2362
26189 83 61 0.1969
26189 83 63 0.2362
26233 6 89 0.4252
26239 6 87 0.4173
26246 6 85 0.4094
26252 6 84 0.4094
26258 6 82 0.4016
26264 6 80 0.3937
26270 6 79 0.3858
26277 65 82 0.4409
26343 21 80 0.3465
26364 32 79 0.3701
26364 83 60 0.1969
26364 83 63 0.2362
26397 10 80 0.3465
26408 32 82 0.4016
26441 10 80 0.3543
26452 87 68 0.4488
26452 83 60 0.1969
26452 83 63 0.2362
26540 83 60 0.1969
26540 83 63 0.2362
26627 83 55 0.1969
26627 83 61 0.1969
26627 83 63 0.2362
26635 7 70 0.2362
26642 7 72 0.2362
26649 7 73 0.3228
26657 7 72 0.2598
26664 7 70 0.2598
26671 7 79 0.3701
26679 7 77 0.2992
26686 7 75 0.3071
26693 7 82 0.4016
26701 7 80 0.3622
26708 7 79 0.378
26715 218 85 0.5433
26715 83 55 0.1969
26715 83 58 0.1969
26715 83 61 0.1969
26715 83 63 0.2362
26802 83 55 0.1969
26802 83 58 0.1969
26802 83 61 0.1969
26802 83 63 0.2362
26890 83 55 0.1969
26890 83 58 0.1969
26890 83 61 0.1969
26890 83 63 0.2362
26934 4 84 0.3937
26938 4 85 0.4094
26942 4 87 0.4331
26946 4 85 0.4567
26950 4 84 0.4567
26954 4 82 0.4488
26958 4 80 0.4409
26962 4 79 0.4331
26966 4 77 0.4252
26970 4 75 0.4173
26974 4 73 0.4094
26978 131 72 0.4882
27065 87 56 0.2362
27065 87 60 0.2362
27065 87 63 0.2362
27131 21 72 0.5039
27153 131 73 0.5591
27240 87 58 0.252
27240 87 61 0.252
27240 87 63 0.252
27240 87 67 0.252
27306 21 73 0.5591
27328 131 75 0.6378
27416 87 60 0.2913
27416 87 63 0.2913
27416 87 68 0.2913
27481 21 75 0.6142
27503 131 76 0.7008
27591 87 60 0.3386
27591 87 64 0.3386
27591 87 68 0.3386
27656 21 76 0.6614
27678 131 77 0.7244
27766 87 61 0.4016
27766 87 65 0.4016
27766 87 68 0.4016
27832 21 77 0.6929
27854 131 79 0.7402
27941 87 64 0.4724
27941 87 61 0.4724
27941 87 67 0.4724
27941 87 70 0.4724
28007 21 79 0.7323
28029 131 80 0.7874
28116 87 62 0.4724
28116 87 65 0.4724
28116 87 68 0.4724
28116 87 71 0.4724
28182 5 82 0.6772
28187 5 80 0.7008
28193 5 79 0.7165
28198 5 80 0.7323
28204 43 82 0.748
28248 43 80 0.685
28291 32 79 0.6063
28335 32 77 0.5276
28379 45 75 0.4724
28423 45 74 0.4331
28467 45 77 0.4724
28467 87 60 0.315
28467 87 56 0.2677
28467 87 51 0.2677
28510 45 75 0.4331
28554 45 73 0.4724
28598 45 72 0.4409
28642 45 70 0.4724
28642 87 61 0.315
28642 87 55 0.2677
28642 87 51 0.2677
28686 43 75 0.4488
28729 29 71 0.4724
28759 29 72 0.4016
28788 29 60 0.3386
28788 29 56 0.252
28817 29 51 0.3071
28846 29 72 0.4724
28846 29 48 0.252
28875 29 60 0.4094
28875 29 44 0.252
28905 29 72 0.4724
28934 29 73 0.4016
28963 29 61 0.3386
28963 29 58 0.2677
28992 29 55 0.3071
29021 29 73 0.4724
29021 29 51 0.2598
29051 29 61 0.4252
29051 29 46 0.2598
29080 29 74 0.4724
29109 29 75 0.4016
29138 29 63 0.3465
29138 29 60 0.2598
29167 29 56 0.315
29197 29 75 0.5039
29197 29 51 0.2677
29226 29 63 0.4409
29226 29 48 0.2677
29255 29 75 0.5197
29284 29 76 0.4961
29313 29 64 0.4567
29313 29 60 0.3622
29343 29 56 0.4173
29372 29 76 0.5512
29372 29 52 0.3622
29401 29 64 0.5039
29401 29 48 0.3622
29430 29 76 0.5748
29459 29 77 0.5512
29489 29 65 0.4961
29489 29 61 0.3701
29518 29 56 0.4567
29547 29 77 0.6063
29547 29 53 0.3858
29576 29 65 0.5354
29576 29 49 0.3858
29605 29 78 0.622
29635 29 79 0.6063
29664 29 67 0.5433
29664 29 61 0.4409
29693 29 58 0.4961
29722 29 79 0.6614
29722 29 55 0.4252
29751 29 67 0.5984
29751 29 51 0.4331
29781 29 79 0.6772
29810 29 80 0.6378
29839 29 68 0.5906
29839 291 62 0.6142
29868 262 59 0.4488
29897 29 80 0.685
29897 233 56 0.4803
29926 29 68 0.6378
29926 204 52 0.5118
29956 29 83 0.685
29985 29 71 0.622
30014 29 83 0.685
30043 29 68 0.622
30072 29 80 0.6772
30102 29 68 0.622
30131 204 75 0.6929
30160 14 51 0.5039
30189 14 56 0.5039
30218 14 60 0.5039
30248 14 63 0.4567
30277 14 68 0.4567
30306 29 72 0.5039
30335 29 86 0.622
30335 29 71 0.4567
30364 29 89 0.622
30364 29 73 0.4567
30394 21 87 0.6693
30394 21 72 0.5039
30423 21 85 0.622
30423 21 70 0.4646
30452 21 84 0.622
30452 21 68 0.4646
30481 175 80 0.622
30481 153 82 0.622
30481 350 73 0.4882
30481 350 63 0.4094
30635 4 82 0.5827
30639 4 84 0.5354
30643 4 82 0.5827
30648 4 81 0.5197
30652 4 82 0.5276
30656 175 79 0.622
30656 153 87 0.622
30810 21 87 0.622
30832 87 72 0.5827
30832 87 80 0.6693
30861 14 39 0.5039
30890 14 44 0.5039
30919 14 48 0.5039
30948 14 51 0.4567
30978 14 56 0.4567
31007 29 60 0.5039
31036 29 74 0.622
31036 29 59 0.4567
31065 29 77 0.622
31065 29 61 0.4567
31094 21 75 0.6693
31094 21 60 0.5039
31124 21 73 0.622
31124 21 58 0.4646
31153 21 72 0.622
31153 21 56 0.4646
31182 175 68 0.622
31182 153 70 0.622
31182 350 61 0.4882
31182 350 51 0.4094
31335 4 70 0.5827
31340 4 72 0.5354
31344 4 70 0.5827
31348 4 69 0.5197
31353 4 70 0.5276
31357 175 67 0.622
31357 153 75 0.622
31510 21 75 0.4803
31532 41 60 0.2362
31532 41 63 0.2362
31532 175 68 0.3937
31532 87 56 0.3071
31576 83 60 0.2362
31576 83 63 0.2362
31620 87 51 0.252
31664 41 60 0.2362
31664 41 63 0.2362
31708 41 61 0.2362
31708 41 63 0.2362
31708 131 72 0.4252
31708 87 55 0.3071
31751 83 61 0.2362
31751 83 63 0.2362
31795 87 51 0.2283
31839 41 63 0.2362
31839 41 61 0.2362
31839 43 70 0.3543
31883 41 60 0.2362
31883 41 63 0.2362
31883 306 68 0.3937
31883 87 56 0.3307
31926 83 60 0.2362
31926 83 63 0.2362
31970 87 51 0.2835
32014 83 63 0.2362
32014 83 60 0.2362
32058 87 48 0.2992
32102 83 60 0.2362
32102 83 63 0.2362
32145 87 44 0.315
32189 43 69 0.3465
32189 41 60 0.2362
32189 41 63 0.2362
32233 41 61 0.2362
32233 41 63 0.2362
32233 131 70 0.4094
32233 87 43 0.3622
32277 83 63 0.2756
32321 87 39 0.252
32364 83 63 0.2362
32364 10 72 0.3937
32375 10 70 0.3622
32386 10 69 0.3622
32397 10 70 0.3622
32408 131 73 0.4252
32408 131 68 0.3543
32408 87 44 0.2283
32452 83 63 0.2362
32496 87 48 0.252
32540 83 63 0.2362
32540 43 68 0.3543
32540 43 72 0.3543
32583 350 67 0.3307
32583 350 70 0.3937
32583 87 51 0.2835
32627 83 63 0.2913
32671 87 53 0.3307
32715 83 63 0.3228
32759 262 51 0.2835
32802 83 63 0.3071
32846 87 49 0.2598
32890 83 63 0.2677
32934 175 75 0.5197
32934 175 48 0.3386
32978 83 63 0.4173
33021 175 56 0.3386
33065 83 63 0.4094
33109 175 73 0.4961
33109 175 46 0.2835
33153 83 63 0.4016
33197 175 55 0.3386
33240 83 63 0.4094
33284 175 72 0.5197
33284 175 44 0.3622
33328 83 63 0.3858
33372 175 56 0.3386
33416 83 64 0.3622
33459 87 70 0.4567
33459 175 49 0.3543
33503 83 65 0.4252
33547 65 73 0.5039
33547 43 58 0.3386
33591 87 65 0.3937
33591 43 61 0.3228
33613 21 70 0.4331
33635 175 68 0.5197
33635 175 51 0.4173
33678 83 63 0.3701
33722 175 60 0.4173
33766 83 63 0.3386
33810 87 69 0.4567
33810 175 51 0.2835
33853 83 63 0.3543
33897 87 70 0.4646
33897 175 55 0.4173
33941 83 63 0.3858
33985 87 71 0.5039
33985 175 44 0.3858
33985 175 51 0.3858
34029 83 63 0.4331
34072 87 60 0.4409
34072 87 72 0.5276
34072 87 56 0.4173
34116 83 63 0.4331
34160 87 61 0.4646
34160 87 73 0.5512
34160 87 46 0.3622
34160 87 51 0.3622
34160 87 58 0.4331
34204 83 63 0.4567
34248 87 62 0.4882
34248 87 74 0.5748
34248 87 47 0.3937
34248 87 51 0.3937
34248 87 59 0.4646
34291 41 63 0.4882
34335 83 63 0.2362
34335 175 75 0.6063
34335 87 60 0.4173
34335 175 48 0.5039
34335 175 51 0.5039
34379 87 56 0.4173
34423 83 63 0.4567
34467 87 56 0.4173
34510 83 61 0.2362
34510 83 63 0.2362
34510 175 73 0.5433
34510 175 46 0.4094
34510 175 51 0.4094
34554 87 55 0.4173
34598 83 61 0.4567
34598 83 63 0.4567
34642 87 55 0.4173
34686 83 60 0.2362
34686 83 63 0.2362
34686 175 72 0.5118
34686 175 44 0.4331
34729 87 56 0.4173
34773 83 60 0.4094
34773 83 64 0.4094
34817 131 56 0.4173
34861 131 65 0.2362
34861 43 70 0.4882
34861 175 49 0.378
34905 43 72 0.5039
34905 43 57 0.4173
34948 65 73 0.5276
34948 43 58 0.4173
34992 43 65 0.3858
34992 131 61 0.4173
35014 21 70 0.5433
35036 262 63 0.2362
35036 87 68 0.5512
35036 175 51 0.4567
35080 83 75 0.4567
35124 87 69 0.5591
35124 87 60 0.4173
35167 83 75 0.4567
35211 87 70 0.5748
35211 87 61 0.4173
35211 175 51 0.4094
35255 83 75 0.3386
35299 87 67 0.4016
35299 87 58 0.3622
35299 87 61 0.3622
35343 43 75 0.3386
35386 41 60 0.2362
35386 41 63 0.2362
35386 87 68 0.4488
35386 87 44 0.315
35386 87 56 0.315
35430 83 63 0.2362
35474 87 48 0.2835
35518 83 63 0.2362
35562 87 51 0.2835
35605 83 63 0.2362
35649 87 56 0.2835
35693 83 63 0.2362
35737 175 70 0.4488
35737 175 73 0.4488
35737 87 55 0.315
35781 83 63 0.2362
35824 87 53 0.2835
35868 83 63 0.2362
35912 175 70 0.4488
35912 175 73 0.4488
35912 87 51 0.2835
35956 83 63 0.2362
35999 87 55 0.3071
36043 83 63 0.2362
36087 87 68 0.4803
36087 87 72 0.4803
36087 87 56 0.315
36131 83 63 0.2362
36175 87 51 0.2835
36218 83 63 0.2362
36262 87 48 0.2835
36306 83 63 0.2362
36350 87 44 0.2598
36394 83 63 0.2362
36437 175 61 0.4488
36437 175 70 0.4488
36437 87 43 0.315
36481 83 63 0.2362
36525 87 41 0.2913
36569 83 63 0.2362
36613 175 61 0.4488
36613 175 70 0.4488
36613 87 39 0.315
36656 83 63 0.2362
36700 87 43 0.2992
36744 43 63 0.2362
36788 43 60 0.1969
36788 43 68 0.4488
36788 87 44 0.315
36832 83 63 0.2362
36832 83 51 0.1969
36875 87 39 0.2835
36919 83 63 0.2362
36919 83 51 0.1969
36963 87 36 0.2835
37007 83 63 0.2362
37007 83 51 0.1969
37051 87 56 0.3307
37051 87 60 0.3937
37051 87 32 0.2362
37051 87 44 0.2835
37094 83 63 0.2362
37094 83 51 0.1969
37138 87 58 0.378
37138 87 61 0.4488
37138 87 31 0.2677
37138 87 43 0.315
37182 87 63 0.2362
37182 87 51 0.1969
37226 87 29 0.2362
37226 87 41 0.2835
37270 83 63 0.2362
37270 83 51 0.1969
37313 87 58 0.378
37313 87 61 0.378
37313 87 31 0.2362
37313 87 43 0.2835
37357 87 63 0.2362
37357 87 51 0.1969
37401 87 39 0.3071
37445 83 63 0.2362
37445 83 51 0.1969
37489 41 56 0.4016
37489 41 60 0.4016
37489 87 32 0.315
37532 83 63 0.2362
37532 83 60 0.1969
37532 83 56 0.1969
37532 83 51 0.1969
37576 350 44 0.2756
37620 83 63 0.2283
37620 83 60 0.189
37620 83 56 0.189
37620 83 51 0.189
37664 87 39 0.2677
37708 83 63 0.2205
37708 83 60 0.189
37708 83 56 0.189
37708 83 51 0.189
37751 87 36 0.2441
37795 83 63 0.2205
37795 83 56 0.1811
37795 83 51 0.1811
37795 83 60 0.1811
37839 87 32 0.2441
37883 83 60 0.2126
37883 83 56 0.1811
37883 83 51 0.1811
37926 350 44 0.2598
37970 83 60 0.2126
37970 83 56 0.1732
37970 83 51 0.1732
38014 87 39 0.2756
38058 83 60 0.2047
38058 83 56 0.1732
38058 83 51 0.1732
38102 87 36 0.2598
38145 83 60 0.2047
38145 83 56 0.1654
38145 83 51 0.1654
38189 87 32 0.2283
38233 83 56 0.1969
38233 83 51 0.1654
38233 83 48 0.1654
38277 350 44 0.2441
38321 83 56 0.189
38321 83 51 0.1575
38321 83 48 0.1575
38364 87 39 0.252
38408 83 56 0.189
38408 83 51 0.1575
38408 83 48 0.1575
38452 87 36 0.2362
38496 87 56 0.1811
38496 87 51 0.1496
38496 87 48 0.1496
38540 87 32 0.2047
38715 87 48 0.1732
38715 87 51 0.2126
38715 87 32 0.189
38890 350 44 0.1496
38890 350 48 0.1811
38890 350 32 0.1969
