257 42 64 0.3937
299 10 66 0.3858
321 5 68 0.3858
342 21 69 0.4173
385 42 69 0.4409
428 10 71 0.4567
449 5 68 0.3937
471 10 66 0.378
508 5 69 0.3071
514 10 66 0.3937
557 128 64 0.3701
792 10 64 0.3386
814 5 66 0.3622
835 5 68 0.3858
857 21 68 0.4252
878 21 69 0.4016
921 5 69 0.4016
942 5 71 0.4409
964 5 68 0.3937
985 21 68 0.378
1007 10 66 0.3937
1023 5 69 0.3071
1028 10 66 0.3937
1071 128 64 0.3701
1285 21 67 0.2913
1285 21 76 0.3465
1328 21 76 0.378
1328 21 68 0.315
1371 21 69 0.3465
1371 21 76 0.4094
1414 128 71 0.3543
1414 14 76 0.4252
1428 14 74 0.3465
1442 14 72 0.3465
1457 85 74 0.378
1542 21 72 0.3465
1542 21 64 0.2913
1585 21 72 0.378
1585 21 65 0.315
1628 21 66 0.3465
1628 21 72 0.4094
1671 128 67 0.3543
1671 14 72 0.4252
1685 14 71 0.3465
1699 14 69 0.3465
1714 85 71 0.378
1799 128 65 0.3543
1799 14 71 0.4252
1814 14 69 0.3465
1828 14 67 0.3465
1842 85 69 0.378
1928 14 65 0.4646
1928 128 67 0.3386
1943 14 64 0.378
1956 14 62 0.378
1971 85 64 0.4094
2057 42 60 0.4016
2057 42 65 0.4803
2099 10 67 0.4803
2099 10 60 0.4016
2121 10 69 0.4488
2121 10 60 0.378
2142 16 65 0.5197
2142 16 60 0.4409
2185 16 62 0.378
2185 16 59 0.315
2228 85 64 0.3228
2228 85 59 0.2677
2571 42 64 0.3937
2614 10 66 0.378
2635 5 68 0.3622
2657 21 69 0.4173
2699 42 69 0.4252
2742 10 71 0.4567
2764 5 68 0.4173
2785 21 66 0.378
2823 5 69 0.3071
2828 10 66 0.3937
2871 128 64 0.3701
3107 5 64 0.3386
3128 5 66 0.378
3149 5 68 0.3465
3171 21 68 0.4252
3192 21 69 0.3937
3235 5 69 0.4094
3257 5 71 0.4409
3278 5 68 0.3937
3299 21 68 0.378
3321 10 66 0.3937
3337 5 69 0.3071
3342 10 66 0.3937
3385 128 64 0.3701
3599 21 67 0.2913
3599 21 76 0.3465
3642 21 68 0.315
3642 21 76 0.378
3685 21 69 0.3465
3685 21 76 0.4094
3728 14 76 0.4252
3728 128 71 0.3543
3742 14 74 0.3465
3757 14 72 0.3465
3771 85 74 0.378
3857 21 64 0.2913
3857 21 72 0.3465
3899 21 72 0.378
3899 21 65 0.315
3942 21 72 0.4094
3942 21 66 0.3465
3985 14 72 0.4252
3985 128 67 0.3543
3999 14 71 0.3465
4014 14 69 0.3465
4028 85 71 0.378
4114 128 65 0.3543
4114 14 71 0.4252
4128 14 69 0.3465
4142 14 67 0.3465
4157 85 69 0.378
4242 14 65 0.4646
4242 128 67 0.3465
4257 14 64 0.378
4271 14 62 0.378
4285 85 64 0.4094
4371 42 60 0.4016
4371 42 65 0.4803
4414 10 60 0.4016
4414 10 67 0.4803
4435 10 60 0.378
4435 10 69 0.4488
4457 16 60 0.4409
4457 16 65 0.5197
4499 16 62 0.378
4499 16 59 0.315
4542 85 59 0.2677
4542 85 64 0.3228
4671 42 73 0.3071
4671 42 76 0.3701
4714 42 73 0.3071
4714 42 76 0.3701
4799 42 76 0.3701
4799 42 68 0.3071
4799 42 74 0.3071
4842 42 68 0.3071
4842 42 74 0.3071
4842 42 76 0.3701
4928 42 73 0.3071
4928 42 76 0.3701
4971 42 73 0.3071
4971 42 76 0.3701
5057 42 74 0.2756
5057 42 68 0.2756
5057 42 76 0.3307
5099 42 68 0.2756
5099 42 74 0.2756
5099 42 76 0.3307
5185 42 73 0.3071
5185 42 76 0.3701
5228 42 76 0.3701
5228 42 73 0.3071
5314 42 73 0.3071
5314 42 76 0.3701
5357 42 73 0.3071
5357 42 76 0.3701
5442 42 73 0.315
5442 42 76 0.3858
5485 42 73 0.315
5485 42 76 0.3858
5571 42 76 0.3307
5571 42 73 0.2756
5614 42 73 0.2756
5614 42 76 0.3307
5699 42 73 0.3071
5699 42 76 0.3701
5742 42 73 0.3071
5742 42 76 0.3701
5828 42 76 0.3701
5828 42 68 0.3071
5828 42 74 0.3071
5871 42 68 0.3071
5871 42 74 0.3071
5871 42 76 0.3701
5957 42 73 0.3071
5957 42 76 0.3701
5999 42 73 0.3071
5999 42 76 0.3701
6085 42 74 0.2756
6085 42 68 0.2756
6085 42 76 0.3307
6128 42 68 0.2756
6128 42 74 0.2756
6128 42 76 0.3307
6214 42 73 0.3071
6214 42 76 0.3701
6257 42 76 0.3701
6257 42 73 0.3071
6342 42 73 0.3307
6342 42 76 0.4016
6385 42 73 0.3307
6385 42 76 0.4016
6471 42 73 0.3622
6471 42 76 0.4409
6514 42 73 0.3622
6514 42 76 0.4409
6599 42 76 0.4803
6599 42 73 0.3937
6642 42 73 0.3937
6642 42 76 0.4803
6942 42 64 0.3543
6985 10 66 0.3307
7007 5 68 0.3071
7028 21 69 0.3701
7071 42 69 0.3858
7114 10 71 0.4094
7135 5 68 0.3543
7157 21 66 0.3386
7194 5 69 0.2756
7199 10 66 0.3543
7242 128 64 0.3307
7478 5 64 0.2992
7499 5 66 0.3386
7521 5 68 0.3071
7542 21 68 0.3543
7564 21 69 0.3543
7607 5 69 0.3622
7628 5 71 0.4016
7649 5 68 0.3543
7671 21 68 0.3386
7692 10 66 0.3543
7708 5 69 0.2756
7714 10 66 0.3543
7757 128 64 0.3307
7971 21 67 0.2913
7971 21 76 0.3465
8014 21 68 0.315
8014 21 76 0.378
8057 21 76 0.4094
8057 21 69 0.3465
8099 128 71 0.3543
8099 14 76 0.4252
8114 14 74 0.3465
8128 14 72 0.3465
8142 85 74 0.378
8228 21 72 0.3465
8228 21 64 0.2913
8271 21 72 0.378
8271 21 65 0.315
8314 21 72 0.4094
8314 21 66 0.3465
8357 128 67 0.3543
8357 14 72 0.4252
8371 14 71 0.3465
8385 14 69 0.3465
8399 85 71 0.378
8485 14 71 0.4252
8485 128 65 0.3543
8499 14 69 0.3465
8514 14 67 0.3465
8528 85 69 0.378
8614 128 67 0.3858
8614 14 65 0.4646
8628 14 64 0.378
8642 14 62 0.378
8657 85 64 0.4094
8742 42 60 0.4016
8742 42 65 0.4803
8785 10 60 0.4016
8785 10 67 0.4803
8807 10 60 0.378
8807 10 69 0.4488
8828 16 60 0.4409
8828 16 65 0.5197
8871 16 59 0.315
8871 16 62 0.378
8914 85 64 0.3228
8914 85 59 0.2677
8999 85 69 0.3622
8999 128 61 0.2835
9085 21 71 0.378
9107 16 68 0.3543
9123 5 69 0.2756
9128 128 62 0.2835
9128 21 66 0.3543
9149 10 64 0.3543
9171 85 64 0.3307
9257 42 69 0.3622
9257 128 61 0.2835
9299 21 71 0.378
9321 21 73 0.378
9342 21 69 0.378
9364 16 66 0.3543
9380 5 68 0.2756
9385 123 62 0.2835
9385 21 66 0.3543
9407 10 64 0.3543
9428 80 64 0.3307
9508 5 69 0.2756
9514 171 61 0.2835
9514 10 66 0.3543
9557 128 64 0.3307
9766 5 69 0.2441
9771 257 60 0.252
9771 10 65 0.315
9814 214 64 0.2913
0 42 45 0.2835
42 42 60 0.2205
42 42 52 0.189
85 42 52 0.189
85 42 60 0.2283
128 42 45 0.2835
171 42 52 0.189
171 42 60 0.2205
214 42 60 0.2283
214 42 52 0.189
257 42 45 0.2835
299 42 52 0.189
299 42 60 0.2283
342 42 60 0.2283
342 42 52 0.189
385 42 45 0.2835
428 42 62 0.2205
428 42 52 0.189
471 42 62 0.2283
471 42 52 0.189
514 42 45 0.2835
557 42 60 0.2047
557 42 52 0.1654
599 42 60 0.2047
599 42 52 0.1654
642 42 45 0.2835
685 42 52 0.1654
685 42 60 0.1969
728 42 60 0.2047
728 42 52 0.1654
771 42 45 0.2835
814 42 60 0.2283
814 42 52 0.189
857 42 52 0.189
857 42 60 0.2283
899 42 45 0.2835
942 42 52 0.189
942 42 62 0.2205
985 42 62 0.2283
985 42 52 0.189
1028 42 45 0.2835
1071 42 60 0.2047
1071 42 52 0.1654
1114 42 60 0.2047
1114 42 52 0.1654
1157 42 45 0.2835
1199 42 60 0.1969
1199 42 52 0.1654
1242 42 52 0.1654
1242 42 60 0.2047
1285 21 60 0.2205
1285 21 64 0.2598
1328 21 65 0.2835
1328 21 60 0.2362
1371 21 60 0.2598
1371 21 66 0.3071
1414 128 62 0.2992
1414 128 67 0.3543
1414 128 55 0.2992
1542 21 60 0.2598
1542 21 57 0.2205
1585 21 57 0.2362
1585 21 62 0.2835
1628 21 63 0.3071
1628 21 57 0.2598
1671 128 59 0.2992
1671 128 64 0.3543
1671 128 52 0.2992
1799 128 60 0.3543
1799 128 53 0.2992
1928 128 55 0.3228
1928 128 60 0.3858
1929 128 48 0.3228
2057 42 57 0.4094
2057 42 50 0.3465
2099 10 52 0.3307
2099 10 57 0.3937
2121 10 57 0.378
2121 10 53 0.315
2142 16 50 0.378
2142 16 57 0.4488
2185 16 57 0.3307
2185 16 53 0.2756
2228 85 52 0.2756
2228 85 56 0.3307
2314 42 45 0.2835
2357 42 60 0.2205
2357 42 52 0.189
2399 42 60 0.2283
2399 42 52 0.189
2442 42 45 0.2835
2485 42 52 0.189
2485 42 60 0.2205
2528 42 52 0.189
2528 42 60 0.2283
2571 42 45 0.2835
2614 42 52 0.189
2614 42 60 0.2283
2657 42 52 0.189
2657 42 60 0.2283
2699 42 45 0.2835
2742 42 52 0.189
2742 42 62 0.2205
2785 42 52 0.189
2785 42 62 0.2283
2828 42 45 0.2835
2871 42 60 0.2047
2871 42 52 0.1654
2914 42 52 0.1654
2914 42 60 0.2047
2957 42 45 0.2835
2999 42 60 0.1969
2999 42 52 0.1654
3042 42 60 0.2047
3042 42 52 0.1654
3085 42 45 0.2835
3128 42 52 0.189
3128 42 60 0.2283
3171 42 52 0.189
3171 42 60 0.2283
3214 42 45 0.2835
3257 42 52 0.189
3257 42 62 0.2205
3299 42 52 0.189
3299 42 62 0.2283
3342 42 45 0.2835
3385 42 52 0.1654
3385 42 60 0.2047
3428 42 60 0.2047
3428 42 52 0.1654
3471 42 45 0.2835
3514 42 60 0.1969
3514 42 52 0.1654
3557 42 60 0.2047
3557 42 52 0.1654
3599 21 60 0.2205
3599 21 64 0.2598
3642 21 65 0.2835
3642 21 60 0.2362
3685 21 66 0.3071
3685 21 60 0.2598
3728 128 55 0.2992
3728 128 67 0.3543
3728 128 62 0.2992
3857 21 60 0.2598
3857 21 57 0.2205
3899 21 62 0.2835
3899 21 57 0.2362
3942 21 63 0.3071
3942 21 57 0.2598
3985 128 52 0.2992
3985 128 64 0.3543
3985 128 59 0.2992
4114 128 53 0.2992
4114 128 60 0.3543
4242 128 60 0.3858
4242 128 55 0.3228
4243 128 48 0.3228
4371 42 50 0.3465
4371 42 57 0.4094
4414 10 57 0.3937
4414 10 52 0.3307
4435 10 53 0.315
4435 10 57 0.378
4457 16 50 0.378
4457 16 57 0.4488
4499 16 53 0.2756
4499 16 57 0.3307
4542 85 52 0.2756
4542 85 56 0.3307
4628 85 69 0.4094
4714 21 71 0.4252
4735 16 68 0.3937
4751 5 69 0.3071
4757 21 66 0.3937
4778 10 64 0.3937
4799 85 64 0.3701
4885 42 69 0.4094
4928 21 71 0.4252
4949 21 73 0.4252
4971 21 69 0.4252
4992 16 66 0.3937
5008 5 68 0.3071
5014 21 66 0.3937
5035 10 64 0.3937
5057 85 64 0.3701
5142 85 69 0.4094
5228 21 64 0.4252
5249 21 66 0.3937
5271 21 66 0.4252
5292 21 68 0.3937
5314 85 68 0.4094
5399 21 68 0.4252
5421 21 71 0.4488
5442 21 71 0.4803
5464 21 69 0.4252
5485 21 64 0.4803
5507 21 66 0.4409
5528 21 66 0.4488
5549 21 68 0.3543
5571 85 68 0.4016
5657 85 69 0.4094
5742 21 71 0.4252
5764 16 68 0.3937
5780 5 69 0.3071
5785 21 66 0.3937
5807 10 64 0.3937
5828 85 64 0.3701
5914 42 69 0.4094
5957 21 71 0.4252
5978 21 73 0.4252
5999 21 69 0.4252
6021 16 66 0.3937
6037 5 68 0.3071
6042 21 66 0.3937
6064 10 64 0.3937
6085 85 64 0.3701
6171 85 69 0.4094
6257 21 64 0.4252
6278 21 66 0.3937
6299 21 66 0.4646
6321 10 67 0.378
6342 85 67 0.4488
6428 21 67 0.5039
6449 10 68 0.4173
6471 85 68 0.4882
6557 21 68 0.5512
6578 10 69 0.4724
6599 85 69 0.5354
6685 42 45 0.252
6728 42 52 0.1654
6728 42 60 0.1969
6771 42 60 0.2047
6771 42 52 0.1654
6814 42 45 0.252
6857 42 52 0.1654
6857 42 60 0.1969
6899 42 60 0.2047
6899 42 52 0.1654
6942 42 45 0.252
6985 42 60 0.2047
6985 42 52 0.1654
7028 42 52 0.1654
7028 42 60 0.2047
7071 42 45 0.252
7114 42 52 0.1654
7114 42 62 0.1969
7157 42 62 0.2047
7157 42 52 0.1654
7199 42 45 0.252
7242 42 52 0.1496
7242 42 60 0.1811
7285 42 60 0.1811
7285 42 52 0.1496
7328 42 45 0.252
7371 42 52 0.1496
7371 42 60 0.1732
7414 42 60 0.1811
7414 42 52 0.1496
7457 42 45 0.252
7499 42 60 0.2047
7499 42 52 0.1654
7542 42 52 0.1654
7542 42 60 0.2047
7585 42 45 0.252
7628 42 62 0.1969
7628 42 52 0.1654
7671 42 62 0.2047
7671 42 52 0.1654
7714 42 45 0.252
7757 42 52 0.1496
7757 42 60 0.1811
7799 42 52 0.1496
7799 42 60 0.1811
7842 42 45 0.252
7885 42 52 0.1496
7885 42 60 0.1732
7928 42 60 0.1811
7928 42 52 0.1496
7971 21 64 0.2598
7971 21 60 0.2205
8014 21 65 0.2835
8014 21 60 0.2362
8057 21 60 0.2598
8057 21 66 0.3071
8099 128 62 0.2992
8099 128 67 0.3543
8099 128 55 0.2992
8228 21 57 0.2205
8228 21 60 0.2598
8271 21 57 0.2362
8271 21 62 0.2835
8314 21 63 0.3071
8314 21 57 0.2598
8357 128 52 0.2992
8357 128 64 0.3543
8357 128 59 0.2992
8485 128 53 0.2992
8485 128 60 0.3543
8614 128 55 0.3228
8614 128 60 0.3858
8614 128 48 0.3228
8742 42 57 0.4094
8742 42 50 0.3465
8785 10 57 0.3937
8785 10 52 0.3307
8807 10 57 0.378
8807 10 53 0.315
8828 16 50 0.378
8828 16 57 0.4488
8871 16 57 0.3307
8871 16 53 0.2756
8914 85 56 0.3307
8914 85 52 0.2756
8999 257 52 0.2441
8999 257 45 0.2126
9257 257 52 0.2441
9257 257 45 0.2126
9514 171 52 0.2441
9514 171 45 0.2126
9771 257 52 0.2126
9771 257 45 0.189
10028 42 33 0.189
