117 29 63 0.5669
146 9 60 0.5197
156 29 68 0.5669
156 39 44 0.3858
156 39 56 0.4567
185 9 68 0.5118
195 4 68 0.5669
200 4 70 0.4882
204 4 68 0.5669
209 4 70 0.4567
214 3 68 0.5433
217 3 70 0.4646
221 3 68 0.5433
224 4 67 0.5118
229 4 68 0.4567
234 39 70 0.5669
234 39 43 0.3858
234 39 55 0.4567
273 29 63 0.5669
302 9 75 0.5354
312 78 73 0.6457
351 39 44 0.3701
390 14 72 0.5669
390 14 56 0.4567
429 29 68 0.3858
458 9 77 0.3465
468 78 75 0.4331
507 39 58 0.2441
546 14 73 0.3858
546 14 55 0.3071
585 29 63 0.5669
614 9 75 0.5354
624 78 73 0.6457
663 39 56 0.3701
702 14 72 0.5669
702 14 44 0.4567
741 29 80 0.6378
741 39 48 0.4094
770 9 72 0.5354
780 29 70 0.622
780 78 49 0.4567
809 9 70 0.5118
819 4 70 0.5669
824 4 72 0.4882
829 4 70 0.5669
834 4 72 0.4567
839 3 70 0.5433
842 3 72 0.4646
845 3 70 0.5433
848 4 69 0.5118
853 4 70 0.4567
858 29 73 0.6142
887 9 70 0.5591
897 29 67 0.622
897 39 51 0.4094
926 9 63 0.5669
936 29 68 0.6378
965 9 44 0.3701
975 29 48 0.4567
1005 9 51 0.4094
1014 29 56 0.4646
1053 29 63 0.5669
1083 9 60 0.5197
1092 29 68 0.5669
1092 39 56 0.3858
1092 39 60 0.4567
1122 9 68 0.5118
1131 4 68 0.5669
1136 4 70 0.4882
1141 4 68 0.5669
1146 4 70 0.4567
1151 3 68 0.5433
1154 3 70 0.4646
1157 3 68 0.5433
1161 4 67 0.5118
1166 4 68 0.4567
1170 39 70 0.5669
1170 39 55 0.3858
1170 39 58 0.4567
1209 29 63 0.5669
1239 9 75 0.5354
1248 78 73 0.6457
1287 39 44 0.3701
1327 14 72 0.5669
1327 39 56 0.4567
1366 29 68 0.5984
1366 39 60 0.4567
1395 9 80 0.5433
1405 39 79 0.622
1444 9 77 0.5354
1444 9 61 0.4567
1473 9 80 0.6142
1483 39 77 0.5748
1522 9 75 0.5984
1522 9 60 0.4567
1551 9 80 0.5433
1561 39 75 0.622
1600 9 73 0.5354
1600 9 58 0.4567
1629 9 80 0.6142
1639 39 73 0.5748
1678 9 72 0.5984
1678 9 56 0.4567
1707 9 80 0.5433
1717 29 72 0.5827
1746 9 70 0.5197
1756 29 73 0.5748
1756 39 61 0.3858
1756 39 49 0.3858
1785 9 77 0.5197
1795 39 75 0.5984
1795 78 51 0.4567
1795 39 60 0.4567
1834 36 67 0.5433
1834 39 58 0.4331
1870 2 67 0.3622
1873 9 68 0.5748
1873 13 56 0.4331
1886 13 60 0.3701
1899 13 63 0.3701
1910 2 67 0.4173
1912 9 68 0.5748
1912 13 56 0.4331
1925 13 60 0.3701
1938 13 63 0.3858
1949 2 67 0.4331
1951 9 68 0.5748
1951 13 56 0.4331
1964 13 60 0.3937
1977 13 63 0.3937
1988 2 69 0.4331
1990 9 70 0.622
1990 13 55 0.4331
2003 13 58 0.4094
2016 13 63 0.4094
2029 39 71 0.5984
2029 13 56 0.4331
2042 13 60 0.3701
2055 13 63 0.3701
2068 39 72 0.5433
2068 13 56 0.4331
2081 13 60 0.3701
2094 13 63 0.2913
2107 78 68 0.4803
2107 13 56 0.3937
2120 13 60 0.3228
2133 13 63 0.3228
2146 13 56 0.3937
2159 13 60 0.3622
2172 13 63 0.3622
2183 2 71 0.3622
2185 9 72 0.5748
2185 13 56 0.4331
2198 13 60 0.3701
2211 13 63 0.3701
2222 2 71 0.4173
2224 9 72 0.5748
2224 13 56 0.4331
2237 13 60 0.3701
2250 13 63 0.3858
2261 2 71 0.4331
2263 9 72 0.5748
2263 13 56 0.4331
2276 13 60 0.3937
2289 13 63 0.3937
2302 9 75 0.622
2302 13 58 0.4331
2312 9 73 0.5591
2315 13 61 0.4094
2322 9 72 0.5984
2328 13 67 0.4094
2332 9 73 0.5433
2341 78 75 0.622
2341 13 60 0.4331
2354 13 63 0.3701
2367 13 68 0.3701
2380 13 60 0.4331
2393 13 63 0.3701
2406 13 68 0.3071
2419 78 72 0.5354
2419 13 60 0.4094
2432 13 63 0.3386
2445 13 68 0.3386
2458 13 60 0.4173
2471 13 63 0.3465
2484 13 68 0.3465
2497 39 80 0.7244
2497 13 60 0.4331
2510 13 63 0.3701
2523 13 68 0.3701
2536 13 80 0.6693
2536 13 60 0.4331
2549 13 84 0.5669
2549 13 63 0.3701
2562 13 87 0.5669
2562 13 68 0.3071
2575 78 78 0.6457
2575 13 60 0.3622
2588 13 63 0.2835
2601 13 68 0.2835
2614 13 60 0.3701
2627 13 63 0.315
2640 13 68 0.315
2654 39 77 0.7244
2654 13 61 0.4331
2667 13 65 0.3701
2680 13 68 0.3701
2693 13 77 0.6693
2693 13 61 0.4331
2706 13 82 0.5669
2706 13 65 0.3701
2719 13 85 0.5669
2719 13 68 0.3071
2732 58 75 0.6457
2732 13 61 0.3858
2745 13 63 0.3071
2758 13 67 0.3071
2771 13 61 0.3937
2784 13 63 0.3465
2790 9 77 0.5906
2797 13 67 0.3465
2800 9 79 0.6457
2810 39 80 0.7402
2810 13 60 0.4331
2823 13 63 0.3701
2836 13 68 0.3701
2849 13 80 0.6378
2849 13 60 0.4331
2862 13 82 0.5669
2862 13 63 0.3701
2875 13 84 0.5197
2875 13 68 0.3071
2888 78 73 0.6614
2888 13 58 0.4094
2901 13 61 0.3386
2914 13 67 0.3386
2927 13 58 0.4173
2940 13 61 0.3465
2953 13 67 0.3465
2966 13 72 0.6378
2966 39 56 0.4331
2979 13 75 0.5591
2992 13 73 0.5591
3005 13 72 0.5197
3018 13 84 0.6142
3031 13 82 0.5591
3044 13 80 0.5591
3057 13 79 0.6142
3070 13 77 0.5354
3083 13 75 0.622
3096 13 73 0.5591
3109 13 72 0.5591
3122 29 75 0.6378
3151 9 72 0.4567
3161 29 70 0.5512
3161 39 63 0.3071
3161 39 67 0.3622
3239 29 70 0.5669
3268 9 67 0.5197
3278 29 75 0.5669
3278 29 51 0.4567
3307 9 75 0.5118
3317 4 75 0.5669
3317 19 55 0.4567
3322 4 77 0.4882
3327 4 75 0.5669
3332 4 77 0.4567
3337 3 75 0.5433
3340 3 77 0.4646
3343 3 75 0.5433
3346 4 74 0.5118
3351 4 75 0.4567
3356 19 77 0.5669
3356 19 50 0.4567
3395 29 74 0.5669
3424 9 70 0.5197
3434 29 77 0.5669
3434 29 50 0.4567
3463 9 77 0.5118
3473 4 77 0.5669
3473 19 58 0.3465
3478 4 79 0.4882
3483 4 77 0.5669
3488 4 79 0.4567
3493 3 77 0.5433
3496 3 79 0.4646
3499 3 77 0.5433
3502 4 75 0.5118
3507 4 77 0.4567
3512 29 79 0.5669
3512 29 51 0.4173
3541 9 79 0.5118
3551 4 79 0.5748
3551 19 58 0.3701
3556 4 80 0.4961
3561 4 79 0.5748
3566 4 80 0.4646
3571 3 79 0.5591
3574 3 80 0.4724
3577 3 79 0.5669
3580 4 77 0.5354
3585 4 79 0.4724
3590 29 80 0.5984
3590 29 53 0.4331
3619 9 80 0.5433
3629 4 80 0.6142
3629 19 62 0.2913
3634 4 82 0.5197
3639 4 80 0.6142
3644 4 82 0.4961
3649 3 80 0.5906
3652 3 82 0.5118
3655 3 80 0.5984
3659 4 79 0.5591
3663 4 80 0.4961
3668 29 82 0.6378
3668 29 55 0.4409
3698 9 82 0.5748
3707 4 82 0.6457
3707 19 63 0.3465
3712 4 84 0.5591
3717 4 82 0.6457
3722 4 84 0.5197
3727 3 82 0.622
3730 3 84 0.5354
3733 3 82 0.6378
3737 4 80 0.5906
3741 4 82 0.5197
3746 117 84 0.6693
3746 13 56 0.4331
3759 13 60 0.3701
3772 13 63 0.3701
3785 13 56 0.4331
3798 13 60 0.3701
3811 13 63 0.3071
3824 13 56 0.4094
3837 13 60 0.3386
3850 13 63 0.3386
3863 39 76 0.622
3863 13 55 0.4173
3876 13 58 0.3465
3889 13 61 0.3465
3902 13 77 0.6378
3902 39 56 0.4331
3915 13 80 0.5591
3928 13 79 0.5591
3941 13 77 0.5197
3954 13 84 0.6063
3967 13 82 0.5433
3981 13 80 0.5433
3994 13 79 0.5118
4007 13 77 0.5039
4020 13 75 0.5748
4033 13 74 0.5197
4046 13 72 0.5118
4059 117 82 0.6693
4059 13 55 0.4331
4072 13 58 0.3701
4085 13 63 0.3701
4098 13 55 0.4331
4111 13 58 0.3701
4124 13 63 0.3071
4137 13 55 0.4094
4150 13 58 0.3386
4163 13 63 0.3386
4176 39 74 0.622
4176 13 53 0.4173
4189 13 56 0.3465
4202 13 59 0.3465
4215 13 75 0.6378
4215 39 55 0.4331
4228 13 79 0.5591
4241 13 77 0.5591
4254 13 75 0.5197
4267 13 82 0.6142
4280 13 80 0.5512
4293 13 79 0.5512
4306 13 77 0.5197
4319 13 75 0.5197
4332 13 74 0.6063
4345 13 72 0.5512
4358 13 70 0.5118
4371 117 80 0.6693
4371 13 58 0.4331
4384 13 62 0.3701
4397 13 65 0.3701
4410 13 58 0.4331
4423 13 62 0.3701
4436 13 65 0.3071
4449 13 58 0.4094
4462 13 62 0.3386
4475 13 65 0.3386
4488 13 79 0.5984
4488 13 58 0.4173
4501 13 77 0.5354
4501 13 63 0.3465
4514 11 75 0.4567
4514 13 67 0.3465
4527 19 75 0.5669
4527 13 58 0.4173
4540 13 65 0.3465
4546 17 74 0.4567
4553 13 68 0.3465
4566 78 74 0.4882
4566 13 58 0.3937
4579 13 65 0.3071
4592 13 68 0.3071
4605 13 58 0.3701
4618 13 65 0.3307
4631 13 68 0.3307
4644 39 75 0.5669
4644 13 58 0.4173
4657 13 63 0.3465
4670 13 67 0.3465
4683 13 77 0.6693
4683 13 58 0.4331
4696 13 79 0.5669
4696 13 62 0.3701
4709 11 80 0.5197
4709 13 65 0.3701
4722 78 80 0.6693
4722 13 58 0.4331
4735 13 62 0.3701
4748 13 65 0.3071
4761 13 58 0.4094
4774 13 62 0.3386
4787 13 65 0.3386
4800 13 79 0.5984
4800 13 58 0.4173
4813 13 77 0.5354
4813 13 63 0.3465
4826 11 75 0.4567
4826 13 67 0.3465
4839 19 75 0.5669
4839 13 58 0.4173
4852 13 65 0.3465
4859 17 74 0.4567
4865 13 68 0.3465
4878 78 74 0.4882
4878 13 58 0.3937
4891 13 65 0.3071
4904 13 68 0.3071
4917 13 58 0.3701
4930 13 65 0.3307
4943 13 68 0.3307
4956 39 75 0.5669
4956 13 58 0.4173
4969 13 63 0.3465
4982 13 67 0.3465
4995 13 77 0.6693
4995 13 58 0.4331
5008 13 79 0.5669
5008 13 62 0.3701
5021 11 80 0.5197
5021 13 65 0.3701
5034 78 80 0.6693
5034 13 58 0.4331
5047 13 62 0.3701
5060 13 65 0.3071
5073 13 59 0.4803
5086 13 62 0.3386
5099 13 65 0.3386
5112 39 79 0.5984
5112 13 60 0.4173
5125 13 62 0.3465
5138 13 63 0.3465
5151 13 77 0.5197
5151 39 56 0.4331
5164 13 84 0.6378
5177 13 82 0.5748
5190 13 80 0.5748
5203 13 79 0.5433
5216 13 77 0.5039
5229 39 75 0.622
5229 78 58 0.315
5229 39 67 0.4882
5268 39 74 0.4724
5268 39 68 0.3701
5308 78 74 0.5354
5308 117 60 0.2362
5308 78 68 0.4331
5386 39 75 0.3937
5386 39 67 0.2913
5464 91 56 0.5354
5503 19 51 0.4409
5503 19 48 0.3701
5542 19 51 0.4567
5542 19 48 0.3858
5555 13 60 0.5118
5568 13 58 0.4409
5581 6 56 0.5197
5581 19 51 0.4567
5581 19 48 0.3858
5594 6 56 0.4567
5607 6 56 0.4567
5620 91 56 0.5354
5659 19 46 0.3701
5659 19 53 0.4409
5659 19 50 0.3701
5698 19 46 0.3858
5698 19 53 0.4567
5698 19 50 0.3858
5711 13 65 0.5118
5724 13 62 0.4409
5737 6 56 0.5197
5737 19 46 0.3858
5737 19 53 0.4567
5737 19 50 0.3858
5750 6 56 0.4567
5763 6 56 0.4567
5776 13 55 0.4724
5776 39 51 0.4409
5789 13 58 0.3858
5802 6 63 0.3858
5815 6 63 0.4409
5828 6 63 0.3858
5841 6 63 0.3858
5854 13 62 0.4724
5854 39 46 0.3701
5854 39 53 0.4409
5867 13 65 0.3858
5880 6 68 0.3858
5893 6 68 0.4409
5906 6 68 0.3858
5919 6 68 0.3858
5932 13 67 0.5433
5932 39 51 0.4094
5932 39 55 0.4409
5945 13 70 0.4409
5958 6 75 0.4409
5971 6 75 0.4961
5984 6 75 0.4409
5997 6 75 0.4409
6010 13 74 0.5906
6010 39 46 0.4016
6010 39 53 0.4803
6023 13 77 0.4803
6036 6 80 0.4803
6049 6 80 0.5354
6062 6 80 0.4803
6075 6 80 0.4803
6088 13 79 0.6142
6088 39 51 0.4488
6088 39 55 0.4803
6101 13 80 0.5512
6114 13 82 0.4724
6127 13 80 0.5433
6140 13 79 0.5197
6153 13 77 0.5197
6166 13 75 0.5433
6179 13 74 0.4882
6192 13 72 0.4724
6205 13 70 0.5433
6218 13 68 0.4882
6231 13 67 0.4882
6244 58 65 0.5354
6283 39 56 0.3858
6283 39 44 0.315
6303 19 72 0.4094
6322 39 63 0.4646
6322 39 46 0.3386
6322 39 55 0.4094
6361 39 62 0.4094
6361 39 53 0.3858
6361 39 46 0.315
6400 117 75 0.6378
6400 13 63 0.4567
6413 13 67 0.4882
6426 13 65 0.4016
6439 13 63 0.4567
6452 13 62 0.4409
6465 13 60 0.4409
6478 13 58 0.4567
6491 13 56 0.4094
6504 13 55 0.4016
6517 39 77 0.5748
6517 39 74 0.4882
6517 13 53 0.4567
6530 13 51 0.4094
6543 13 50 0.4094
6556 117 79 0.6378
6556 117 75 0.5354
6556 13 48 0.4567
6569 13 63 0.4882
6582 13 62 0.4016
6595 13 60 0.4567
6608 13 58 0.4409
6622 13 56 0.4409
6635 13 55 0.4567
6648 13 53 0.4094
6661 13 51 0.4016
6674 39 80 0.5748
6674 39 77 0.4882
6674 13 50 0.4567
6687 13 48 0.4094
6700 13 46 0.4094
6713 13 79 0.4882
6713 13 82 0.5748
6713 78 44 0.4567
6726 13 80 0.5118
6726 13 77 0.4331
6739 13 82 0.5118
6739 13 79 0.4331
6752 13 80 0.4803
6752 13 84 0.5669
6765 13 79 0.4252
6765 13 82 0.5039
6778 13 77 0.4252
6778 13 80 0.5039
6791 39 79 0.5512
6791 39 75 0.4646
6791 39 46 0.4016
6830 39 77 0.5118
6830 39 74 0.4331
6830 39 46 0.3937
6869 117 75 0.6378
6869 13 63 0.3937
6882 13 67 0.4173
6895 13 65 0.3701
6908 13 63 0.4252
6921 13 62 0.4016
6934 13 60 0.4016
6947 13 58 0.4567
6960 13 56 0.4094
6973 13 55 0.4016
6986 39 77 0.5748
6986 39 74 0.4882
6986 13 53 0.4567
6999 13 51 0.4094
7012 13 50 0.4094
7025 117 79 0.6378
7025 117 75 0.5354
7025 13 48 0.4567
7038 13 63 0.4882
7051 13 62 0.4016
7064 13 60 0.4567
7077 13 58 0.4409
7090 13 56 0.4409
7103 13 55 0.4567
7116 13 53 0.4094
7129 13 51 0.4016
7142 39 80 0.5748
7142 39 77 0.4882
7142 13 50 0.4567
7155 13 48 0.4094
7168 13 46 0.4094
7181 13 79 0.4882
7181 13 82 0.5748
7181 78 44 0.4567
7194 13 80 0.5118
7194 13 77 0.4331
7207 13 82 0.5118
7207 13 79 0.4331
7220 13 80 0.4803
7220 13 84 0.5669
7233 13 79 0.4252
7233 13 82 0.5039
7246 13 77 0.4252
7246 13 80 0.5039
7259 39 79 0.5512
7259 39 75 0.4646
7259 39 46 0.4016
7298 39 77 0.5118
7298 39 74 0.4331
7298 39 46 0.3937
7337 112 75 0.4724
7337 13 63 0.2835
7350 13 67 0.2441
7363 13 70 0.2441
7376 13 63 0.2835
7389 13 67 0.252
7402 13 70 0.252
7415 13 63 0.2835
7428 13 67 0.2441
7441 13 70 0.2441
7449 4 79 0.5354
7454 39 77 0.4252
7454 13 63 0.2913
7467 13 68 0.252
7480 13 74 0.252
7493 39 75 0.4724
7493 13 63 0.2835
7506 13 67 0.2441
7519 13 70 0.2362
7532 39 75 0.4252
7532 13 63 0.2756
7545 13 67 0.2441
7558 13 70 0.2441
7571 39 75 0.4252
7571 13 63 0.2756
7584 13 67 0.2362
7597 13 70 0.2362
7610 9 80 0.4567
7610 13 63 0.2835
7620 29 77 0.4094
7623 13 68 0.2441
7636 13 74 0.2441
7649 39 82 0.4567
7649 13 63 0.2677
7662 13 67 0.2362
7675 13 70 0.2362
7688 39 82 0.4173
7688 13 63 0.2677
7701 13 67 0.2441
7714 13 70 0.2362
7727 39 82 0.4094
7727 13 63 0.2677
7740 13 67 0.2283
7753 13 70 0.2283
7766 9 80 0.4488
7766 13 63 0.2756
7776 29 77 0.4016
7779 13 68 0.2362
7792 13 74 0.2362
7805 112 75 0.4488
7805 13 63 0.2677
7818 13 67 0.2283
7831 13 70 0.2283
7844 13 63 0.2677
7857 13 67 0.2362
7870 13 70 0.2362
7883 13 63 0.2598
7896 13 67 0.2283
7909 13 70 0.2283
7918 4 79 0.4724
7922 39 77 0.3937
7922 13 63 0.2677
7935 13 68 0.2283
7949 13 74 0.2283
7962 39 75 0.4331
7962 13 63 0.2598
7975 13 67 0.2205
7988 13 70 0.2205
8001 39 75 0.3937
8001 13 63 0.2598
8014 13 67 0.2283
8027 13 70 0.2283
8040 39 75 0.3937
8040 13 63 0.2598
8053 13 67 0.2205
8066 13 70 0.2205
8079 9 80 0.4252
8079 13 63 0.2598
8088 29 77 0.3858
8092 13 68 0.2283
8105 13 74 0.2283
8118 39 82 0.4252
8118 13 63 0.252
8131 13 67 0.2126
8144 13 70 0.2126
8157 39 82 0.3858
8157 13 63 0.252
8170 13 67 0.2205
8183 13 70 0.2205
8196 39 82 0.378
8196 13 63 0.252
8209 13 67 0.2126
8222 13 70 0.2126
8235 9 80 0.4173
8235 13 63 0.252
8244 29 77 0.378
8248 13 68 0.2205
8261 13 74 0.2205
8274 112 75 0.4094
8274 13 63 0.2441
8287 13 67 0.2047
8300 13 70 0.2047
8313 13 63 0.2283
8326 13 67 0.2047
8339 13 70 0.1969
8352 13 63 0.2126
8365 13 67 0.1811
8378 13 70 0.1732
8386 4 79 0.3937
8391 39 77 0.3228
8391 13 63 0.2047
8404 13 68 0.1732
8417 13 74 0.1732
8430 39 75 0.378
8430 39 67 0.2362
8430 39 63 0.2362
8469 39 79 0.2835
8469 39 82 0.3386
8508 39 79 0.2835
8508 39 82 0.3386
8547 39 39 0.189
8547 39 43 0.2283
8586 39 39 0.189
8586 39 43 0.2283
8703 29 63 0.5669
8732 9 60 0.5197
8742 29 68 0.5669
8742 39 44 0.3858
8742 39 56 0.4567
8771 9 68 0.5118
8781 4 68 0.5669
8786 4 70 0.4882
8791 4 68 0.5669
8796 4 70 0.4567
8801 3 68 0.5433
8804 3 70 0.4646
8807 3 68 0.5433
8810 4 67 0.5118
8815 4 68 0.4567
8820 39 70 0.5669
8820 39 43 0.3858
8820 39 55 0.4567
8859 29 63 0.5669
8888 9 75 0.5354
8898 78 73 0.6457
8937 39 44 0.3701
8976 14 72 0.5669
8976 14 56 0.4567
9015 29 68 0.3858
9045 9 77 0.3465
9054 78 75 0.4331
9093 39 58 0.2441
9132 14 73 0.3858
9132 14 55 0.3071
9171 29 63 0.5669
9201 9 75 0.5354
9210 78 73 0.6457
9249 39 56 0.3701
9289 14 72 0.5669
9289 14 44 0.4567
9328 29 80 0.6378
9328 39 48 0.4094
9357 9 72 0.5354
9367 29 70 0.622
9367 78 49 0.4567
9396 9 70 0.5118
9406 4 70 0.5669
9410 4 72 0.4882
9415 4 70 0.5669
9420 4 72 0.4567
9425 3 70 0.5433
9428 3 72 0.4646
9432 3 70 0.5433
9435 4 69 0.5118
9440 4 70 0.4567
9445 29 73 0.6142
9474 9 70 0.5591
9484 29 67 0.622
9484 39 51 0.4094
9513 9 63 0.5669
9523 29 68 0.6378
9552 9 44 0.3701
9562 29 48 0.4567
9591 9 51 0.4094
9601 29 56 0.4646
9640 29 63 0.5669
9669 9 60 0.5197
9679 29 68 0.5669
9679 39 56 0.3858
9679 39 60 0.4567
9708 9 68 0.5118
9718 4 68 0.5669
9723 4 70 0.4882
9728 4 68 0.5669
9732 4 70 0.4567
9737 3 68 0.5433
9741 3 70 0.4646
9744 3 68 0.5433
9747 4 67 0.5118
9752 4 68 0.4567
9757 39 70 0.5669
9757 39 55 0.3858
9757 39 58 0.4567
9796 29 63 0.5669
9825 9 75 0.5354
9835 78 73 0.6457
9874 39 44 0.3701
9913 14 72 0.5669
9913 39 56 0.4567
9952 29 68 0.5984
9952 39 60 0.4567
9981 9 80 0.5433
9991 39 79 0.622
10030 9 77 0.5354
10030 9 61 0.4567
10059 9 80 0.6142
10069 39 77 0.5748
10108 9 75 0.5984
10108 9 60 0.4567
10137 9 80 0.5433
10147 39 75 0.622
10186 9 73 0.5354
10186 9 58 0.4567
10215 9 80 0.6142
10225 39 73 0.5748
10264 9 72 0.5984
10264 9 56 0.4567
10294 9 80 0.5433
10303 29 72 0.5827
10333 9 70 0.5197
10342 29 73 0.5748
10342 39 61 0.3858
10342 39 49 0.3858
10372 9 77 0.5197
10381 39 75 0.5984
10381 78 51 0.4567
10381 39 60 0.4567
10420 36 67 0.5433
10420 39 58 0.4331
10457 2 67 0.3622
10459 9 68 0.5748
10459 13 56 0.4331
10472 13 60 0.3701
10485 13 63 0.3701
10496 2 67 0.4173
10498 9 68 0.5748
10498 13 56 0.4331
10511 13 60 0.3701
10524 13 63 0.3858
10535 2 67 0.4331
10537 9 68 0.5748
10537 13 56 0.4331
10550 13 60 0.3937
10563 13 63 0.3937
10574 2 69 0.4331
10576 9 70 0.622
10576 13 55 0.4331
10590 13 58 0.4094
10603 13 63 0.4094
10616 39 71 0.5984
10616 13 56 0.4331
10629 13 60 0.3701
10642 13 63 0.3701
10655 39 72 0.5433
10655 13 56 0.4331
10668 13 60 0.3701
10681 13 63 0.2913
10694 78 68 0.4803
10694 13 56 0.3937
10707 13 60 0.3228
10720 13 63 0.3228
10733 13 56 0.3937
10746 13 60 0.3622
10759 13 63 0.3622
10769 2 71 0.3622
10772 9 72 0.5748
10772 13 56 0.4331
10785 13 60 0.3701
10798 13 63 0.3701
10808 2 71 0.4173
10811 9 72 0.5748
10811 13 56 0.4331
10824 13 60 0.3701
10837 13 63 0.3858
10847 2 71 0.4331
10850 9 72 0.5748
10850 13 56 0.4331
10863 13 60 0.3937
10876 13 63 0.3937
10889 9 75 0.622
10889 13 58 0.4331
10898 9 73 0.5591
10902 13 61 0.4094
10908 9 72 0.5984
10915 13 67 0.4094
10918 9 73 0.5433
10928 78 75 0.622
10928 13 60 0.4331
10941 13 63 0.3701
10954 13 68 0.3701
10967 13 60 0.4331
10980 13 63 0.3701
10993 13 68 0.3071
11006 78 72 0.5354
11006 13 60 0.4094
11019 13 63 0.3386
11032 13 68 0.3386
11045 13 60 0.4173
11058 13 63 0.3465
11071 13 68 0.3465
11084 39 80 0.7244
11084 13 60 0.4331
11097 13 63 0.3701
11110 13 68 0.3701
11123 13 80 0.6693
11123 13 60 0.4331
11136 13 84 0.5669
11136 13 63 0.3701
11149 13 87 0.5669
11149 13 68 0.3071
11162 78 78 0.6457
11162 13 60 0.3622
11175 13 63 0.2835
11188 13 68 0.2835
11201 13 60 0.3701
11214 13 63 0.315
11227 13 68 0.315
11240 39 77 0.7244
11240 13 61 0.4331
11253 13 65 0.3701
11266 13 68 0.3701
11279 13 77 0.6693
11279 13 61 0.4331
11292 13 82 0.5669
11292 13 65 0.3701
11305 13 85 0.5669
11305 13 68 0.3071
11318 58 75 0.6457
11318 13 61 0.3858
11331 13 63 0.3071
11344 13 67 0.3071
11357 13 61 0.3937
11370 13 63 0.3465
11377 9 77 0.5906
11383 13 67 0.3465
11386 9 79 0.6457
11396 39 80 0.7402
11396 13 60 0.4331
11409 13 63 0.3701
11422 13 68 0.3701
11435 13 80 0.6378
11435 13 60 0.4331
11448 13 82 0.5669
11448 13 63 0.3701
11461 13 84 0.5197
11461 13 68 0.3071
11474 78 73 0.6614
11474 13 58 0.4094
11487 13 61 0.3386
11500 13 67 0.3386
11513 13 58 0.4173
11526 13 61 0.3465
11539 13 67 0.3465
11552 13 72 0.6378
11552 39 56 0.4331
11565 13 75 0.5591
11578 13 73 0.5591
11591 13 72 0.5197
11604 13 84 0.6142
11617 13 82 0.5591
11630 13 80 0.5591
11643 13 79 0.6142
11656 13 77 0.5354
11669 13 75 0.622
11682 13 73 0.5591
11695 13 72 0.5591
11708 29 75 0.6378
11738 9 72 0.4567
11747 29 70 0.5512
11747 39 63 0.3071
11747 39 67 0.3622
11825 29 70 0.5669
11855 9 67 0.5197
11864 29 75 0.5669
11864 29 51 0.4567
11894 9 75 0.5118
11903 4 75 0.5669
11903 19 55 0.4567
11908 4 77 0.4882
11913 4 75 0.5669
11918 4 77 0.4567
11923 3 75 0.5433
11926 3 77 0.4646
11930 3 75 0.5433
11933 4 74 0.5118
11938 4 75 0.4567
11943 19 77 0.5669
11943 19 50 0.4567
11982 29 74 0.5669
12011 9 70 0.5197
12021 29 77 0.5669
12021 29 50 0.4567
12050 9 77 0.5118
12060 4 77 0.5669
12060 19 58 0.3465
12064 4 79 0.4882
12069 4 77 0.5669
12074 4 79 0.4567
12079 3 77 0.5433
12082 3 79 0.4646
12086 3 77 0.5433
12089 4 75 0.5118
12094 4 77 0.4567
12099 29 79 0.5669
12099 29 51 0.4173
12128 9 79 0.5118
12138 4 79 0.5748
12138 19 58 0.3701
12143 4 80 0.4961
12147 4 79 0.5748
12152 4 80 0.4646
12157 3 79 0.5591
12160 3 80 0.4724
12164 3 79 0.5669
12167 4 77 0.5354
12172 4 79 0.4724
12177 29 80 0.5984
12177 29 53 0.4331
12206 9 80 0.5433
12216 4 80 0.6142
12216 19 62 0.2913
12221 4 82 0.5197
12225 4 80 0.6142
12230 4 82 0.4961
12235 3 80 0.5906
12239 3 82 0.5118
12242 3 80 0.5984
12245 4 79 0.5591
12250 4 80 0.4961
12255 29 82 0.6378
12255 29 55 0.4409
12284 9 82 0.5748
12294 4 82 0.6457
12294 19 63 0.3465
12299 4 84 0.5591
12304 4 82 0.6457
12308 4 84 0.5197
12313 3 82 0.622
12317 3 84 0.5354
12320 3 82 0.6378
12323 4 80 0.5906
12328 4 82 0.5197
12333 117 84 0.6693
12333 13 56 0.4331
12346 13 60 0.3701
12359 13 63 0.3701
12372 13 56 0.4331
12385 13 60 0.3701
12398 13 63 0.3071
12411 13 56 0.4094
12424 13 60 0.3386
12437 13 63 0.3386
12450 39 76 0.622
12450 13 55 0.4173
12463 13 58 0.3465
12476 13 61 0.3465
12489 13 77 0.6378
12489 39 56 0.4331
12502 13 80 0.5591
12515 13 79 0.5591
12528 13 77 0.5197
12541 13 84 0.6063
12554 13 82 0.5433
12567 13 80 0.5433
12580 13 79 0.5118
12593 13 77 0.5039
12606 13 75 0.5748
12619 13 74 0.5197
12632 13 72 0.5118
12645 117 82 0.6693
12645 13 55 0.4331
12658 13 58 0.3701
12671 13 63 0.3701
12684 13 55 0.4331
12697 13 58 0.3701
12710 13 63 0.3071
12723 13 55 0.4094
12736 13 58 0.3386
12749 13 63 0.3386
12762 39 74 0.622
12762 13 53 0.4173
12775 13 56 0.3465
12788 13 59 0.3465
12801 13 75 0.6378
12801 39 55 0.4331
12814 13 79 0.5591
12827 13 77 0.5591
12840 13 75 0.5197
12853 13 82 0.6142
12866 13 80 0.5512
12879 13 79 0.5512
12892 13 77 0.5197
12905 13 75 0.5197
12918 13 74 0.6063
12931 13 72 0.5512
12944 13 70 0.5118
12957 117 80 0.6693
12957 13 58 0.4331
12970 13 62 0.3701
12983 13 65 0.3701
12996 13 58 0.4331
13009 13 62 0.3701
13022 13 65 0.3071
13035 13 58 0.4094
13048 13 62 0.3386
13061 13 65 0.3386
13074 13 79 0.5984
13074 13 58 0.4173
13087 13 77 0.5354
13087 13 63 0.3465
13100 11 75 0.4567
13100 13 67 0.3465
13113 19 75 0.5669
13113 13 58 0.4173
13126 13 65 0.3465
13133 17 74 0.4567
13139 13 68 0.3465
13152 78 74 0.4882
13152 13 58 0.3937
13165 13 65 0.3071
13178 13 68 0.3071
13191 13 58 0.3701
13204 13 65 0.3307
13217 13 68 0.3307
13231 39 75 0.5669
13231 13 58 0.4173
13244 13 63 0.3465
13257 13 67 0.3465
13270 13 77 0.6693
13270 13 58 0.4331
13283 13 79 0.5669
13283 13 62 0.3701
13296 11 80 0.5197
13296 13 65 0.3701
13309 78 80 0.6693
13309 13 58 0.4331
13322 13 62 0.3701
13335 13 65 0.3071
13348 13 58 0.4094
13361 13 62 0.3386
13374 13 65 0.3386
13387 13 79 0.5984
13387 13 58 0.4173
13400 13 77 0.5354
13400 13 63 0.3465
13413 11 75 0.4567
13413 13 67 0.3465
13426 19 75 0.5669
13426 13 58 0.4173
13439 13 65 0.3465
13445 17 74 0.4567
13452 13 68 0.3465
13465 78 74 0.4882
13465 13 58 0.3937
13478 13 65 0.3071
13491 13 68 0.3071
13504 13 58 0.3701
13517 13 65 0.3307
13530 13 68 0.3307
13543 39 75 0.5669
13543 13 58 0.4173
13556 13 63 0.3465
13569 13 67 0.3465
13582 13 77 0.6693
13582 13 58 0.4331
13595 13 79 0.5669
13595 13 62 0.3701
13608 11 80 0.5197
13608 13 65 0.3701
13621 78 80 0.6693
13621 13 58 0.4331
13634 13 62 0.3701
13647 13 65 0.3071
13660 13 59 0.4803
13673 13 62 0.3386
13686 13 65 0.3386
13699 39 79 0.5984
13699 13 60 0.4173
13712 13 62 0.3465
13725 13 63 0.3465
13738 13 77 0.5197
13738 39 56 0.4331
13751 13 84 0.6378
13764 13 82 0.5748
13777 13 80 0.5748
13790 13 79 0.5433
13803 13 77 0.5039
13816 39 75 0.622
13816 78 58 0.315
13816 39 67 0.4882
13855 39 74 0.4724
13855 39 68 0.3701
13894 78 74 0.5354
13894 117 60 0.2362
13894 78 68 0.4331
13972 39 75 0.3937
13972 39 67 0.2913
14050 91 56 0.5354
14089 19 51 0.4409
14089 19 48 0.3701
14128 19 51 0.4567
14128 19 48 0.3858
14141 13 60 0.5118
14154 13 58 0.4409
14167 6 56 0.5197
14167 19 51 0.4567
14167 19 48 0.3858
14180 6 56 0.4567
14193 6 56 0.4567
14206 91 56 0.5354
14245 19 46 0.3701
14245 19 53 0.4409
14245 19 50 0.3701
14284 19 46 0.3858
14284 19 53 0.4567
14284 19 50 0.3858
14297 13 65 0.5118
14310 13 62 0.4409
14323 6 56 0.5197
14323 19 46 0.3858
14323 19 53 0.4567
14323 19 50 0.3858
14336 6 56 0.4567
14349 6 56 0.4567
14362 13 55 0.4724
14362 39 51 0.4409
14375 13 58 0.3858
14388 6 63 0.3858
14401 6 63 0.4409
14414 6 63 0.3858
14427 6 63 0.3858
14440 13 62 0.4724
14440 39 46 0.3701
14440 39 53 0.4409
14453 13 65 0.3858
14466 6 68 0.3858
14479 6 68 0.4409
14492 6 68 0.3858
14505 6 68 0.3858
14518 13 67 0.5433
14518 39 51 0.4094
14518 39 55 0.4409
14531 13 70 0.4409
14544 6 75 0.4409
14558 6 75 0.4961
14571 6 75 0.4409
14584 6 75 0.4409
14597 13 74 0.5433
14597 39 46 0.3701
14597 39 53 0.4409
14610 13 77 0.4409
14623 6 80 0.4409
14636 6 80 0.5433
14649 6 80 0.4409
14662 6 80 0.4409
14675 13 79 0.622
14675 39 51 0.4488
14675 39 55 0.4803
14688 13 80 0.5512
14701 13 82 0.4724
14714 13 80 0.5433
14727 13 79 0.5197
14740 13 77 0.5197
14753 13 75 0.5433
14766 13 74 0.4882
14779 13 72 0.4724
14792 13 70 0.5433
14805 13 68 0.4882
14818 13 67 0.4882
14831 58 65 0.5354
14870 39 56 0.3858
14870 39 44 0.315
14889 19 72 0.4094
14909 39 63 0.4646
14909 39 46 0.3386
14909 39 55 0.4094
14948 39 62 0.4094
14948 39 53 0.3858
14948 39 46 0.315
14987 117 75 0.6378
14987 13 63 0.4567
15000 13 67 0.4882
15013 13 65 0.4016
15026 13 63 0.4567
15039 13 62 0.4409
15052 13 60 0.4409
15065 13 58 0.4567
15078 13 56 0.4094
15091 13 55 0.4016
15104 39 77 0.5748
15104 39 74 0.4882
15104 13 53 0.4567
15117 13 51 0.4094
15130 13 50 0.4094
15143 117 79 0.6378
15143 117 75 0.5354
15143 13 48 0.4567
15156 13 63 0.4882
15169 13 62 0.4016
15182 13 60 0.4567
15195 13 58 0.4409
15208 13 56 0.4409
15221 13 55 0.4567
15234 13 53 0.4094
15247 13 51 0.4016
15260 39 80 0.5748
15260 39 77 0.4882
15260 13 50 0.4567
15273 13 48 0.4094
15286 13 46 0.4094
15299 13 79 0.4882
15299 13 82 0.5748
15299 78 44 0.4567
15312 13 80 0.5118
15312 13 77 0.4331
15325 13 82 0.5118
15325 13 79 0.4331
15338 13 80 0.4803
15338 13 84 0.5669
15351 13 79 0.4252
15351 13 82 0.5039
15364 13 77 0.4252
15364 13 80 0.5039
15377 39 79 0.5512
15377 39 75 0.4646
15377 39 46 0.4016
15416 39 77 0.5118
15416 39 74 0.4331
15416 39 46 0.3937
15455 117 75 0.6378
15455 13 63 0.3937
15468 13 67 0.4173
15481 13 65 0.3701
15494 13 63 0.4252
15507 13 62 0.4016
15520 13 60 0.4016
15533 13 58 0.4567
15546 13 56 0.4094
15559 13 55 0.4016
15572 39 77 0.5748
15572 39 74 0.4882
15572 13 53 0.4567
15585 13 51 0.4094
15598 13 50 0.4094
15611 117 79 0.6378
15611 117 75 0.5354
15611 13 48 0.4567
15624 13 63 0.4882
15637 13 62 0.4016
15650 13 60 0.4567
15663 13 58 0.4409
15676 13 56 0.4409
15689 13 55 0.4567
15702 13 53 0.4094
15715 13 51 0.4016
15728 39 80 0.5748
15728 39 77 0.4882
15728 13 50 0.4567
15741 13 48 0.4094
15754 13 46 0.4094
15767 13 79 0.4882
15767 13 82 0.5748
15767 78 44 0.4567
15780 13 80 0.5118
15780 13 77 0.4331
15793 13 82 0.5118
15793 13 79 0.4331
15806 13 80 0.4803
15806 13 84 0.5669
15819 13 79 0.4252
15819 13 82 0.5039
15832 13 77 0.4252
15832 13 80 0.5039
15845 39 79 0.5512
15845 39 75 0.4646
15845 39 46 0.4016
15885 39 77 0.5118
15885 39 74 0.4331
15885 39 46 0.3937
15924 112 75 0.4724
15924 13 63 0.2835
15937 13 67 0.2441
15950 13 70 0.2441
15963 13 63 0.2835
15976 13 67 0.252
15989 13 70 0.252
16002 13 63 0.2835
16015 13 67 0.2441
16028 13 70 0.2441
16036 4 79 0.5354
16041 39 77 0.4252
16041 13 63 0.2913
16054 13 68 0.252
16067 13 74 0.252
16080 39 75 0.4724
16080 13 63 0.2835
16093 13 67 0.2441
16106 13 70 0.2362
16119 39 75 0.4252
16119 13 63 0.2756
16132 13 67 0.2441
16145 13 70 0.2441
16158 39 75 0.4252
16158 13 63 0.2756
16171 13 67 0.2362
16184 13 70 0.2362
16197 9 80 0.4567
16197 13 63 0.2835
16206 29 77 0.4094
16210 13 68 0.2441
16223 13 74 0.2441
16236 39 82 0.4567
16236 13 63 0.2677
16249 13 67 0.2362
16262 13 70 0.2362
16275 39 82 0.4173
16275 13 63 0.2677
16288 13 67 0.2441
16301 13 70 0.2362
16314 39 82 0.4094
16314 13 63 0.2677
16327 13 67 0.2283
16340 13 70 0.2283
16353 9 80 0.4488
16353 13 63 0.2756
16363 29 77 0.4016
16366 13 68 0.2362
16379 13 74 0.2362
16392 112 75 0.4488
16392 13 63 0.2677
16405 13 67 0.2283
16418 13 70 0.2283
16431 13 63 0.2677
16444 13 67 0.2362
16457 13 70 0.2362
16470 13 63 0.2598
16483 13 67 0.2283
16496 13 70 0.2283
16504 4 79 0.4724
16509 39 77 0.3937
16509 13 63 0.2677
16522 13 68 0.2283
16535 13 74 0.2283
16548 39 75 0.4331
16548 13 63 0.2598
16561 13 67 0.2205
16574 13 70 0.2205
16587 39 75 0.3937
16587 13 63 0.2598
16600 13 67 0.2283
16613 13 70 0.2283
16626 39 75 0.3937
16626 13 63 0.2598
16639 13 67 0.2205
16652 13 70 0.2205
16665 9 80 0.4252
16665 13 63 0.2598
16675 29 77 0.3858
16678 13 68 0.2283
16691 13 74 0.2283
16704 39 82 0.4252
16704 13 63 0.252
16717 13 67 0.2126
16730 13 70 0.2126
16743 39 82 0.3858
16743 13 63 0.252
16756 13 67 0.2205
16769 13 70 0.2205
16782 39 82 0.378
16782 13 63 0.252
16795 13 67 0.2126
16808 13 70 0.2126
16821 9 80 0.4173
16821 13 63 0.252
16831 29 77 0.378
16834 13 68 0.2205
16847 13 74 0.2205
16860 112 75 0.4094
16860 13 63 0.2441
16873 13 67 0.2047
16886 13 70 0.2047
16899 13 63 0.2283
16912 13 67 0.2047
16925 13 70 0.1969
16938 13 63 0.2126
16951 13 67 0.1811
16964 13 70 0.1732
16972 4 79 0.3937
16977 39 77 0.3228
16977 13 63 0.2047
16990 13 68 0.1732
17003 13 74 0.1732
17016 39 75 0.378
17016 39 67 0.2362
17016 39 63 0.2362
17055 39 79 0.2835
17055 39 82 0.3386
17094 39 79 0.2835
17094 39 82 0.3386
17133 39 39 0.189
17133 39 43 0.2283
17172 39 39 0.189
17172 39 43 0.2283
17290 29 58 0.5669
17319 9 55 0.5197
17329 29 63 0.5669
17329 39 39 0.3858
17329 39 51 0.4567
17358 9 63 0.5118
17368 4 63 0.5669
17373 4 65 0.4882
17377 4 63 0.5669
17382 4 65 0.4567
17387 3 63 0.5433
17390 3 65 0.4646
17394 3 63 0.5433
17397 4 62 0.5118
17402 4 63 0.4567
17407 39 65 0.5669
17407 39 38 0.3858
17407 39 50 0.4567
17446 29 58 0.5669
17475 9 70 0.5354
17485 78 68 0.6457
17524 39 39 0.3701
17563 14 67 0.5669
17563 14 51 0.4567
17602 29 63 0.3858
17631 9 72 0.3465
17641 78 70 0.4331
17680 39 53 0.2441
17719 14 68 0.3858
17719 14 50 0.3071
17758 29 58 0.5669
17787 9 70 0.5354
17797 78 68 0.6457
17836 39 51 0.3701
17875 14 67 0.5669
17875 14 39 0.4567
17914 29 75 0.6378
17914 39 43 0.4094
17943 9 67 0.5354
17953 29 65 0.622
17953 39 44 0.4567
17982 8 65 0.5118
17992 4 65 0.5669
17997 4 67 0.4882
18002 4 65 0.5669
18007 4 67 0.4567
18012 3 65 0.5433
18015 3 67 0.4646
18018 3 65 0.5433
18021 4 64 0.5118
18026 4 65 0.4567
18031 29 68 0.6142
18060 9 65 0.5591
18070 29 62 0.622
18070 39 46 0.4094
18099 9 58 0.5669
18109 29 63 0.6378
18138 9 51 0.3701
18148 29 55 0.4567
18177 9 58 0.4094
18187 39 63 0.4646
18217 9 67 0.4409
18226 29 70 0.5433
18256 9 75 0.4882
18265 29 79 0.5512
18295 9 70 0.4409
18304 29 75 0.5433
18334 9 79 0.4882
18343 29 82 0.5512
18373 9 75 0.4961
18382 29 79 0.5669
18412 9 82 0.5433
18421 78 85 0.622
18451 9 68 0.3701
18460 29 67 0.4567
18490 9 65 0.4094
18499 4 84 0.4961
18499 29 64 0.4646
18504 4 85 0.4409
18509 4 84 0.5039
18514 4 85 0.4488
18519 4 84 0.4724
18524 4 85 0.4724
18529 4 84 0.5118
18529 9 67 0.3937
18534 4 85 0.4882
18539 6 84 0.5197
18539 29 60 0.4488
18545 6 85 0.4882
18552 6 84 0.4882
18558 19 82 0.5591
18568 9 64 0.4094
18578 39 80 0.5748
18578 13 65 0.3622
18591 13 68 0.3071
18604 13 72 0.3071
18617 39 77 0.5118
18617 13 65 0.3622
18630 13 68 0.3071
18643 13 72 0.3228
18656 39 77 0.5118
18656 13 65 0.3622
18669 13 68 0.3307
18682 13 72 0.3307
18695 39 79 0.5669
18695 13 64 0.3622
18708 13 67 0.3465
18721 13 72 0.3465
18734 39 79 0.5984
18734 13 65 0.3622
18747 13 68 0.3071
18760 13 72 0.3071
18773 39 80 0.5433
18773 13 65 0.3622
18786 13 68 0.3071
18799 13 72 0.2441
18812 78 77 0.4803
18812 13 65 0.3307
18825 13 68 0.2677
18838 13 72 0.2677
18851 13 65 0.3307
18864 13 68 0.3071
18877 13 72 0.3071
18890 39 80 0.5984
18890 13 63 0.3622
18903 13 66 0.3071
18916 13 72 0.3071
18929 39 80 0.5512
18929 13 63 0.3622
18942 13 66 0.3071
18955 13 72 0.2756
18968 29 80 0.5906
18968 13 63 0.3307
18981 13 66 0.2992
18994 13 72 0.2992
18997 8 84 0.5118
19007 4 84 0.5669
19007 13 63 0.3307
19012 4 85 0.4882
19017 4 84 0.5669
19020 13 66 0.3071
19022 4 85 0.4567
19026 3 84 0.5433
19030 3 85 0.4646
19033 3 84 0.5433
19033 13 72 0.3071
19036 4 82 0.5118
19041 4 84 0.4567
19046 78 85 0.5669
19046 13 61 0.3622
19059 13 65 0.3071
19072 13 68 0.3071
19085 13 61 0.3622
19098 13 65 0.3071
19111 13 68 0.2441
19124 78 73 0.4803
19124 13 61 0.3307
19137 13 65 0.2677
19150 13 68 0.2677
19163 13 61 0.3307
19176 13 65 0.3071
19189 13 68 0.3071
19202 39 82 0.5984
19202 13 62 0.3622
19215 13 65 0.3071
19228 13 70 0.3071
19241 39 82 0.5512
19241 13 62 0.3622
19254 13 65 0.3071
19267 13 70 0.2756
19280 39 82 0.5906
19280 13 62 0.3307
19293 13 65 0.2992
19306 13 70 0.2992
19319 4 80 0.5669
19319 13 62 0.3307
19324 4 82 0.4882
19329 4 80 0.5669
19332 13 65 0.3071
19334 4 82 0.4567
19339 3 80 0.5433
19342 3 82 0.4646
19345 3 80 0.5433
19345 13 70 0.3071
19348 4 79 0.5118
19353 4 80 0.4567
19358 78 79 0.5433
19358 13 63 0.3622
19371 13 67 0.3071
19384 13 70 0.3071
19397 13 63 0.3622
19410 13 67 0.3071
19423 13 70 0.2441
19436 78 75 0.4803
19436 13 63 0.3307
19449 13 67 0.2677
19462 13 70 0.2677
19475 13 63 0.3307
19488 13 67 0.3071
19501 13 70 0.3071
19514 39 74 0.5039
19514 13 65 0.3071
19527 13 68 0.2598
19540 13 71 0.2598
19553 39 74 0.4724
19553 13 65 0.3071
19566 13 68 0.2598
19579 13 71 0.2362
19592 29 74 0.5197
19592 13 65 0.2913
19605 13 68 0.2598
19618 13 71 0.2677
19622 8 74 0.4646
19631 4 74 0.5039
19631 13 65 0.2992
19636 4 75 0.4331
19641 4 74 0.5039
19644 13 68 0.2835
19646 4 75 0.4094
19651 3 74 0.4882
19654 3 75 0.4173
19657 3 74 0.4882
19657 13 71 0.2835
19661 4 72 0.4567
19665 4 74 0.4094
19670 39 75 0.5433
19670 13 63 0.3386
19683 13 68 0.2913
19696 13 71 0.2913
19709 39 75 0.5039
19709 13 63 0.3465
19722 13 68 0.2992
19735 13 71 0.2677
19748 29 75 0.5512
19748 13 63 0.3307
19761 13 68 0.2992
19774 13 71 0.3071
19778 8 75 0.4961
19787 4 75 0.5354
19787 13 63 0.3307
19792 4 77 0.4646
19797 4 75 0.5433
19800 13 68 0.3228
19802 4 77 0.4331
19807 3 75 0.5197
19810 3 77 0.4409
19813 3 75 0.5197
19813 13 71 0.3228
19817 4 74 0.4961
19822 4 75 0.4409
19826 39 77 0.5748
19826 13 61 0.3858
19839 13 68 0.3307
19853 13 71 0.3307
19865 39 77 0.5433
19866 13 61 0.3937
19879 13 68 0.3386
19892 13 71 0.3071
19905 29 77 0.5906
19905 13 61 0.378
19918 13 68 0.3386
19931 13 71 0.3465
19934 8 77 0.5276
19944 4 77 0.5748
19944 13 61 0.378
19948 4 79 0.4961
19953 4 77 0.5748
19957 13 68 0.3543
19958 4 79 0.4646
19963 3 77 0.5512
19966 3 79 0.4724
19970 3 77 0.5591
19970 13 71 0.3622
19973 4 75 0.5197
19978 4 77 0.4646
19983 39 78 0.6142
19983 13 61 0.4331
19996 13 66 0.3701
20009 13 70 0.3701
20022 39 78 0.5748
20022 13 61 0.4488
20035 13 66 0.378
20048 13 70 0.3465
20061 29 78 0.622
20061 13 61 0.4173
20074 13 66 0.378
20087 13 70 0.378
20090 8 78 0.5669
20100 4 78 0.6063
20100 13 61 0.4252
20105 4 80 0.5197
20109 4 78 0.6063
20113 13 66 0.4016
20114 4 80 0.4961
20119 3 78 0.5906
20122 3 80 0.5039
20126 13 70 0.4016
20126 3 78 0.5906
20129 4 77 0.5512
20134 4 78 0.4961
20139 39 83 0.6535
20139 13 61 0.4882
20152 13 65 0.4094
20165 13 68 0.3701
20178 39 83 0.6063
20178 13 61 0.4488
20191 13 65 0.3701
20204 13 68 0.3228
20217 29 83 0.6457
20217 13 61 0.3622
20230 13 65 0.3228
20243 13 68 0.3228
20246 8 83 0.5354
20256 9 85 0.5669
20256 13 61 0.3307
20266 9 83 0.5039
20269 13 65 0.3071
20275 9 82 0.5039
20282 13 68 0.3071
20285 9 83 0.4803
20295 39 82 0.5984
20295 13 62 0.3622
20308 13 65 0.3071
20321 13 70 0.3071
20334 39 82 0.5512
20334 13 62 0.3622
20347 13 65 0.3071
20360 13 70 0.2756
20373 39 82 0.5906
20373 13 62 0.3307
20386 13 65 0.2992
20399 13 70 0.2992
20412 9 82 0.5669
20412 13 62 0.3307
20422 9 80 0.5039
20425 13 65 0.3071
20431 9 79 0.5039
20438 13 70 0.3071
20441 9 80 0.4803
20451 78 79 0.5433
20451 13 63 0.3622
20464 13 70 0.3071
20477 13 73 0.3071
20490 13 63 0.3622
20503 13 70 0.3071
20516 13 73 0.2441
20529 78 75 0.4803
20529 13 63 0.3307
20542 13 70 0.2677
20555 13 73 0.2677
20568 13 63 0.3307
20581 13 67 0.3071
20594 13 70 0.3071
20607 39 84 0.5984
20607 13 64 0.3937
20620 13 67 0.3307
20633 13 72 0.3307
20646 39 84 0.5512
20646 13 64 0.3937
20659 13 67 0.3307
20672 13 72 0.2992
20685 39 84 0.5906
20685 13 64 0.3622
20698 13 67 0.3228
20711 13 72 0.3228
20724 9 84 0.5669
20724 13 64 0.3622
20734 9 82 0.5039
20737 13 67 0.3307
20744 9 80 0.5039
20750 13 72 0.3307
20753 9 82 0.4803
20763 13 80 0.5669
20763 39 65 0.3937
20776 13 84 0.4961
20789 13 82 0.4961
20802 13 80 0.4646
20815 13 79 0.5433
20828 13 77 0.4882
20841 13 75 0.4882
20854 13 73 0.4567
20867 13 72 0.4488
20880 13 70 0.5118
20893 13 68 0.4646
20906 13 67 0.4567
20919 13 65 0.5669
20932 13 72 0.4961
20945 13 70 0.4961
20958 13 68 0.4646
20971 13 67 0.5276
20984 13 65 0.4882
20997 13 63 0.4882
21010 13 61 0.4567
21023 13 60 0.4488
21036 13 58 0.5118
21049 13 56 0.4646
21062 13 55 0.4567
21075 39 53 0.5748
21075 13 45 0.3622
21088 13 48 0.3071
21101 13 51 0.3071
21114 39 53 0.5118
21114 13 45 0.3622
21127 13 48 0.3071
21140 13 51 0.3228
21153 39 53 0.5118
21153 13 45 0.3622
21166 13 48 0.3307
21180 13 51 0.3307
21193 39 63 0.5669
21193 13 45 0.3622
21206 13 48 0.3465
21219 13 53 0.3465
21232 4 61 0.4882
21232 13 46 0.3622
21236 4 63 0.4094
21241 4 61 0.4724
21245 13 49 0.3071
21246 4 63 0.4173
21251 4 61 0.4803
21256 4 63 0.4331
21257 13 53 0.3071
21261 4 61 0.5039
21266 4 63 0.4567
21271 6 61 0.5433
21271 13 46 0.3622
21277 6 63 0.4724
21284 6 61 0.4331
21284 13 49 0.3071
21290 19 60 0.4724
21297 13 53 0.3228
21309 39 58 0.4882
21309 13 46 0.3622
21322 13 49 0.3307
21336 13 53 0.3307
21349 13 46 0.3622
21362 13 49 0.3465
21375 13 53 0.3465
21388 39 55 0.5748
21388 13 47 0.3622
21401 13 50 0.3071
21414 13 53 0.3071
21427 39 55 0.5118
21427 13 47 0.3622
21440 13 50 0.3071
21453 13 53 0.3228
21466 39 55 0.5118
21466 13 47 0.3622
21479 13 50 0.3307
21492 13 53 0.3307
21505 39 65 0.5669
21505 13 47 0.3622
21518 13 50 0.3465
21531 13 55 0.3465
21544 13 64 0.4724
21544 39 48 0.4409
21557 13 62 0.3858
21570 6 60 0.3858
21583 6 60 0.4409
21596 6 60 0.3858
21609 6 60 0.3858
21622 13 67 0.4724
21622 39 48 0.3701
21622 39 52 0.4409
21635 13 65 0.3858
21648 6 64 0.3858
21661 6 64 0.4409
21674 6 64 0.3858
21687 6 64 0.3858
21700 13 70 0.5118
21700 39 48 0.3701
21700 39 52 0.4409
21713 13 68 0.3937
21726 6 67 0.3937
21739 6 67 0.4803
21752 6 67 0.4252
21765 6 67 0.4252
21778 13 79 0.5197
21778 39 48 0.378
21778 39 52 0.4567
21791 13 77 0.4961
21804 13 76 0.4409
21817 13 73 0.5197
21830 13 72 0.4724
21843 13 70 0.4488
21856 13 68 0.5591
21856 39 53 0.3937
21856 39 56 0.4646
21869 13 72 0.4331
21882 6 77 0.4331
21895 6 77 0.5591
21908 6 77 0.4488
21921 6 77 0.4488
21934 13 76 0.6142
21934 39 48 0.4094
21934 39 55 0.4882
21947 13 79 0.5276
21960 6 82 0.5276
21973 6 82 0.5984
21986 6 82 0.4882
21999 6 82 0.4961
22012 13 80 0.6142
22012 39 53 0.4173
22012 39 56 0.4961
22025 13 84 0.5118
22038 6 89 0.5118
22051 6 89 0.5669
22064 6 89 0.5039
22077 6 89 0.5039
22090 13 79 0.6142
22090 39 46 0.4252
22090 39 58 0.5118
22103 13 82 0.5197
22116 6 85 0.5118
22129 6 85 0.5591
22142 6 85 0.4882
22155 6 85 0.4803
22168 39 60 0.5197
22207 14 80 0.5039
22207 14 84 0.5984
22246 39 48 0.4409
22285 39 70 0.4724
22285 39 76 0.4724
22324 39 75 0.4724
22324 13 57 0.315
22337 13 60 0.252
22350 13 66 0.252
22363 39 75 0.4252
22363 13 57 0.3071
22376 13 60 0.2598
22389 13 66 0.2598
22402 39 75 0.4724
22402 13 57 0.2992
22415 13 60 0.2598
22428 13 66 0.2598
22441 39 75 0.4331
22441 13 57 0.315
22454 13 60 0.252
22467 13 66 0.252
22480 78 74 0.4488
22480 13 58 0.2992
22494 13 65 0.2598
22507 13 68 0.2598
22520 13 58 0.2992
22533 13 65 0.2598
22546 13 68 0.2598
22559 78 70 0.4567
22559 13 58 0.2992
22572 13 65 0.252
22585 13 68 0.252
22598 13 58 0.315
22611 13 65 0.2677
22624 13 68 0.2677
22637 39 73 0.6142
22637 13 55 0.3701
22650 13 58 0.315
22663 13 63 0.315
22676 39 73 0.5748
22676 13 55 0.378
22689 13 58 0.315
22702 13 63 0.2913
22715 4 73 0.5748
22715 13 55 0.3465
22720 4 75 0.4882
22724 4 73 0.5748
22728 13 58 0.315
22729 4 75 0.4646
22734 3 73 0.5591
22737 3 75 0.4724
22741 3 73 0.5591
22741 13 63 0.315
22744 4 72 0.5197
22749 4 73 0.4646
22754 19 82 0.622
22754 13 55 0.3543
22767 13 58 0.3307
22773 19 73 0.5669
22780 13 63 0.3307
22793 39 72 0.6142
22793 13 56 0.3701
22806 13 60 0.315
22819 13 63 0.315
22832 39 72 0.5748
22832 13 56 0.378
22845 13 60 0.315
22858 13 63 0.2913
22871 4 72 0.5748
22871 13 48 0.3465
22876 4 73 0.4882
22881 4 72 0.5748
22884 13 51 0.315
22885 4 73 0.4646
22890 3 72 0.5591
22894 3 73 0.4724
22897 3 72 0.5591
22897 13 56 0.315
22900 4 70 0.5197
22905 4 72 0.4646
22910 19 75 0.622
22910 13 48 0.3543
22923 13 51 0.3307
22929 19 72 0.5669
22936 13 56 0.3307
22949 39 70 0.6142
22949 13 49 0.3701
22962 13 53 0.315
22975 13 56 0.315
22988 39 70 0.5748
22988 13 49 0.378
23001 13 53 0.315
23014 13 56 0.2913
23027 4 70 0.5748
23027 13 50 0.3465
23032 4 72 0.4882
23037 4 70 0.5748
23040 13 53 0.315
23042 4 72 0.4646
23046 3 70 0.5591
23050 3 72 0.4724
23053 3 70 0.5591
23053 13 58 0.315
23056 4 69 0.5197
23061 4 70 0.4646
23066 19 77 0.622
23066 13 50 0.3543
23079 13 53 0.3307
23085 19 68 0.5669
23092 13 58 0.3307
23105 13 67 0.6063
23105 78 51 0.4331
23118 13 70 0.5354
23131 13 68 0.5354
23144 13 67 0.5197
23157 13 79 0.5984
23170 13 77 0.5433
23183 13 75 0.5039
23196 13 82 0.5827
23209 13 80 0.5433
23222 13 79 0.5354
23235 13 77 0.5197
23248 13 75 0.5118
23261 13 74 0.6063
23261 78 53 0.3701
23261 78 56 0.4331
23274 13 77 0.5354
23287 13 75 0.5354
23300 13 74 0.5197
23313 13 80 0.5984
23326 13 79 0.5433
23339 13 77 0.5039
23352 13 84 0.5827
23365 13 82 0.5433
23378 13 80 0.5354
23391 13 79 0.5197
23404 13 77 0.5118
23417 19 75 0.6063
23437 19 74 0.5354
23456 19 77 0.5827
23476 19 75 0.5512
23495 19 79 0.5748
23515 19 77 0.5197
23534 19 80 0.5669
23554 19 79 0.4961
23573 19 82 0.6063
23593 19 80 0.5827
23612 39 84 0.6063
23651 39 82 0.5748
23690 39 80 0.5433
23729 39 79 0.5433
23768 39 77 0.5197
23807 39 75 0.4882
23847 39 74 0.4646
23847 39 53 0.189
23847 39 56 0.189
23847 39 58 0.2283
23886 78 80 0.5197
23964 19 79 0.4961
23983 19 80 0.4409
24003 19 82 0.4882
24022 17 80 0.4567
24042 117 80 0.5118
24159 39 74 0.4409
24198 2 74 0.3307
24200 2 75 0.3937
24203 2 77 0.3622
24205 2 75 0.3937
24208 2 77 0.3622
24210 2 75 0.3937
24212 2 77 0.3543
24215 2 75 0.3937
24217 2 77 0.3622
24220 2 75 0.3937
24222 2 77 0.3937
24225 2 75 0.3543
24227 4 74 0.4331
24232 4 75 0.4331
24237 39 39 0.2835
24315 29 63 0.5669
24344 9 60 0.5197
24354 29 68 0.5669
24354 39 44 0.3858
24354 39 56 0.4567
24383 9 68 0.5118
24393 4 68 0.5669
24398 4 70 0.4882
24403 4 68 0.5669
24408 4 70 0.4567
24412 3 68 0.5433
24416 3 70 0.4646
24419 3 68 0.5433
24422 4 67 0.5118
24427 4 68 0.4567
24432 39 70 0.5669
24432 39 43 0.3858
24432 39 55 0.4567
24471 29 63 0.5669
24500 9 75 0.5354
24510 78 73 0.6457
24549 39 44 0.3701
24588 14 72 0.5669
24588 14 56 0.4567
24627 29 68 0.3858
24656 9 77 0.3465
24666 78 75 0.4331
24705 39 58 0.2441
24744 14 73 0.3858
24744 14 55 0.3071
24783 29 63 0.5669
24813 9 75 0.5354
24822 78 73 0.6457
24861 39 56 0.3701
24900 14 72 0.5669
24900 14 44 0.4567
24939 29 80 0.6378
24939 39 48 0.4094
24969 9 72 0.5354
24978 29 70 0.622
24978 78 49 0.4567
25008 9 70 0.5118
25017 4 70 0.5669
25022 4 72 0.4882
25027 4 70 0.5669
25032 4 72 0.4567
25037 3 70 0.5433
25040 3 72 0.4646
25043 3 70 0.5433
25047 4 69 0.5118
25052 4 70 0.4567
25056 29 73 0.6142
25086 9 70 0.5591
25095 29 67 0.622
25095 39 51 0.4094
25125 9 63 0.5669
25134 29 68 0.6378
25164 9 44 0.3701
25174 29 48 0.4567
25203 9 51 0.4094
25213 29 56 0.4646
25252 29 63 0.5669
25281 9 60 0.5197
25291 29 68 0.5669
25291 39 56 0.3858
25291 39 60 0.4567
25320 9 68 0.5118
25330 4 68 0.5669
25335 4 70 0.4882
25339 4 68 0.5669
25344 4 70 0.4567
25349 3 68 0.5433
25352 3 70 0.4646
25356 3 68 0.5433
25359 4 67 0.5118
25364 4 68 0.4567
25369 39 70 0.5669
25369 39 55 0.3858
25369 39 58 0.4567
25408 29 63 0.5669
25437 9 75 0.5354
25447 78 73 0.6457
25486 39 44 0.3701
25525 14 72 0.5669
25525 39 56 0.4567
25564 29 68 0.5984
25564 39 60 0.4567
25593 9 80 0.5433
25603 39 79 0.622
25642 9 77 0.5354
25642 9 61 0.4567
25671 9 80 0.6142
25681 39 77 0.5748
25720 9 75 0.5984
25720 9 60 0.4567
25749 9 80 0.5433
25759 39 75 0.622
25798 9 73 0.5354
25798 9 58 0.4567
25827 9 80 0.6142
25837 39 73 0.5748
25876 9 72 0.5984
25876 9 56 0.4567
25905 9 80 0.5433
25915 29 72 0.5827
25944 9 70 0.5197
25954 29 73 0.5748
25954 39 61 0.3858
25954 39 49 0.3858
25983 9 77 0.5197
25993 39 75 0.5984
25993 78 51 0.4567
25993 39 60 0.4567
26032 36 67 0.5433
26032 39 58 0.4331
26069 2 67 0.3622
26071 9 68 0.5748
26071 13 56 0.4331
26084 13 60 0.3701
26097 13 63 0.3701
26108 2 67 0.4173
26110 9 68 0.5748
26110 13 56 0.4331
26123 13 60 0.3701
26136 13 63 0.3858
26147 2 67 0.4331
26149 9 68 0.5748
26149 13 56 0.4331
26162 13 60 0.3937
26175 13 63 0.3937
26186 2 69 0.4331
26188 9 70 0.622
26188 13 55 0.4331
26201 13 58 0.4094
26214 13 63 0.4094
26227 39 71 0.5984
26227 13 56 0.4331
26240 13 60 0.3701
26253 13 63 0.3701
26266 39 72 0.5433
26266 13 56 0.4331
26279 13 60 0.3701
26292 13 63 0.2913
26305 78 68 0.4803
26305 13 56 0.3937
26318 13 60 0.3228
26331 13 63 0.3228
26344 13 56 0.3937
26357 13 60 0.3622
26370 13 63 0.3622
26381 2 71 0.3622
26383 9 72 0.5748
26383 13 56 0.4331
26396 13 60 0.3701
26409 13 63 0.3701
26420 2 71 0.4173
26422 9 72 0.5748
26422 13 56 0.4331
26435 13 60 0.3701
26448 13 63 0.3858
26459 2 71 0.4331
26462 9 72 0.5748
26462 13 56 0.4331
26475 13 60 0.3937
26488 13 63 0.3937
26501 9 75 0.622
26501 13 58 0.4331
26510 9 73 0.5591
26514 13 61 0.4094
26520 9 72 0.5984
26527 13 67 0.4094
26530 9 73 0.5433
26540 78 75 0.622
26540 13 60 0.4331
26553 13 63 0.3701
26566 13 68 0.3701
26579 13 60 0.4331
26592 13 63 0.3701
26605 13 68 0.3071
26618 78 72 0.5354
26618 13 60 0.4094
26631 13 63 0.3386
26644 13 68 0.3386
26657 13 60 0.4173
26670 13 63 0.3465
26683 13 68 0.3465
26696 38 80 0.7244
26696 13 60 0.4331
26709 13 63 0.3701
26722 13 68 0.3701
26735 13 80 0.6693
26735 13 60 0.4331
26748 13 84 0.5669
26748 13 63 0.3701
26761 13 87 0.5669
26761 13 68 0.3071
26774 78 78 0.6457
26774 13 60 0.3622
26787 13 63 0.2835
26800 13 68 0.2835
26813 13 60 0.3701
26826 13 63 0.315
26839 13 68 0.315
26852 38 77 0.7244
26852 13 61 0.4331
26865 13 65 0.3701
26878 13 68 0.3701
26891 13 77 0.6693
26891 13 61 0.4331
26904 13 82 0.5669
26904 13 65 0.3701
26917 13 85 0.5669
26917 13 68 0.3071
26930 58 75 0.6457
26930 13 61 0.3858
26943 13 63 0.3071
26956 13 67 0.3071
26969 13 61 0.3937
26982 13 63 0.3465
26988 9 77 0.5906
26995 13 67 0.3465
26998 9 79 0.6457
27008 38 80 0.7402
27008 13 60 0.4331
27021 13 63 0.3701
27034 13 68 0.3701
27047 13 80 0.6378
27047 13 60 0.4331
27060 13 82 0.5669
27060 13 63 0.3701
27073 13 84 0.5197
27073 13 68 0.3071
27086 78 73 0.6614
27086 13 58 0.4094
27099 13 61 0.3386
27112 13 67 0.3386
27125 13 58 0.4173
27138 13 61 0.3465
27151 13 67 0.3465
27164 13 72 0.6378
27164 39 56 0.4331
27177 13 75 0.5591
27190 13 73 0.5591
27203 13 72 0.5197
27216 13 84 0.6142
27229 13 82 0.5591
27242 13 80 0.5591
27255 13 79 0.6142
27268 13 77 0.5354
27281 13 75 0.622
27294 13 73 0.5591
27307 13 72 0.5591
27320 29 75 0.6378
27349 9 72 0.4567
27359 58 70 0.5512
27359 39 63 0.3071
27359 39 67 0.3622
27418 19 73 0.4331
27437 19 72 0.4724
27457 19 75 0.4252
27476 19 75 0.4961
27476 13 51 0.3307
27489 13 55 0.2756
27496 17 73 0.4173
27502 13 58 0.2756
27515 78 73 0.4646
27515 13 51 0.315
27528 13 55 0.2441
27541 13 58 0.2441
27554 13 51 0.2913
27567 13 55 0.2598
27580 13 58 0.2598
27593 13 72 0.4488
27593 13 51 0.3307
27606 13 70 0.4094
27606 13 56 0.2756
27619 11 68 0.4094
27619 13 60 0.2756
27632 19 68 0.4803
27632 13 51 0.3307
27645 13 58 0.2756
27652 17 67 0.3937
27658 13 61 0.2756
27671 78 67 0.4724
27671 13 51 0.315
27684 13 58 0.2441
27697 13 61 0.2441
27710 13 51 0.2913
27723 13 58 0.2598
27736 13 61 0.2598
27749 39 68 0.4488
27749 13 51 0.3307
27762 13 56 0.2756
27775 13 60 0.2756
27789 13 70 0.4961
27789 13 51 0.3307
27802 13 72 0.4803
27802 13 55 0.2756
27815 11 73 0.4961
27815 13 58 0.2756
27828 78 73 0.4646
27828 13 51 0.315
27841 13 55 0.2441
27854 13 58 0.2441
27867 13 51 0.2913
27880 13 55 0.2598
27893 13 58 0.2598
27906 13 72 0.4488
27906 13 51 0.3307
27919 13 70 0.4094
27919 13 56 0.2756
27932 11 68 0.4094
27932 13 60 0.2756
27945 19 68 0.4803
27945 13 51 0.3307
27958 13 58 0.2756
27964 17 67 0.3937
27971 13 61 0.2756
27984 78 67 0.4724
27984 13 51 0.315
27997 13 58 0.2441
28010 13 61 0.2441
28023 13 51 0.2913
28036 13 58 0.2598
28049 13 61 0.2598
28062 39 68 0.4488
28062 13 51 0.3307
28075 13 56 0.2756
28088 13 60 0.2756
28101 13 70 0.4961
28101 13 51 0.3307
28114 13 72 0.4961
28114 13 55 0.2756
28127 11 73 0.4961
28127 13 58 0.2756
28140 78 73 0.4646
28140 13 51 0.315
28153 13 55 0.2441
28166 13 58 0.2441
28179 13 52 0.3228
28192 13 55 0.2598
28205 13 58 0.2598
28218 39 72 0.4488
28218 13 53 0.3307
28231 13 55 0.2756
28244 13 56 0.2756
28257 13 70 0.4173
28257 78 49 0.4094
28270 13 77 0.5276
28283 13 75 0.4724
28296 13 73 0.5276
28296 39 61 0.2992
28309 13 72 0.4803
28322 13 70 0.4488
28335 39 68 0.5433
28335 39 60 0.3937
28335 78 51 0.3937
28374 39 67 0.4488
28374 39 58 0.3071
28413 13 60 0.6535
28413 39 56 0.5512
28426 13 63 0.5276
28439 6 68 0.5276
28452 6 68 0.5669
28465 6 68 0.4961
28478 6 68 0.4961
28491 13 67 0.6457
28491 39 51 0.4567
28491 39 58 0.5512
28504 13 70 0.5276
28517 6 73 0.5276
28530 6 73 0.5669
28543 6 73 0.5118
28556 6 73 0.5118
28569 13 72 0.6772
28569 39 56 0.5118
28569 39 60 0.5512
28582 13 75 0.5512
28595 6 80 0.5512
28608 6 80 0.5512
28621 6 80 0.5354
28634 6 80 0.5433
28647 13 79 0.5827
28647 39 58 0.5354
28647 39 51 0.5354
28660 13 82 0.5512
28673 6 85 0.5512
28686 6 85 0.5827
28699 6 85 0.5512
28712 6 85 0.5197
28725 13 84 0.6772
28725 117 56 0.5118
28725 117 60 0.5512
28738 13 87 0.6614
28751 13 85 0.5906
28764 13 84 0.6772
28777 13 82 0.6142
28790 13 80 0.6142
28803 13 79 0.6772
28816 13 77 0.6063
28829 13 75 0.5906
28842 13 73 0.6772
28842 39 61 0.4252
28842 39 58 0.4252
28855 13 72 0.6063
28868 13 70 0.6063
28881 13 68 0.6772
28881 39 60 0.5118
28881 39 63 0.5512
28894 13 84 0.685
28907 13 82 0.5906
28920 13 80 0.6772
28933 13 79 0.6457
28946 13 77 0.6457
28959 13 75 0.6772
28972 13 73 0.6063
28985 13 72 0.5906
28998 13 70 0.6772
29011 13 68 0.6063
29024 13 67 0.6063
29037 29 65 0.6772
29037 78 49 0.5118
29067 9 77 0.6142
29076 29 73 0.6772
29076 39 61 0.4567
29106 9 70 0.5827
29116 39 68 0.6693
29116 39 60 0.5118
29116 78 51 0.4331
29155 4 67 0.4882
29155 39 58 0.4803
29159 4 68 0.4409
29164 4 67 0.4882
29169 4 68 0.4488
29174 4 67 0.4882
29179 4 68 0.4331
29184 4 67 0.4882
29189 4 68 0.4567
29194 13 84 0.6772
29194 117 56 0.5118
29194 117 60 0.5512
29207 13 87 0.6614
29220 13 85 0.5906
29233 13 84 0.6772
29246 13 82 0.6142
29259 13 80 0.6142
29272 13 79 0.6772
29285 13 77 0.6063
29298 13 75 0.5906
29311 13 73 0.6772
29311 39 61 0.4252
29311 39 58 0.4252
29324 13 72 0.6063
29337 13 70 0.6063
29350 13 68 0.6772
29350 39 60 0.5118
29350 39 63 0.5512
29363 13 84 0.685
29376 13 82 0.5906
29389 13 80 0.6772
29402 13 79 0.6457
29415 13 77 0.6457
29428 13 75 0.6772
29441 13 73 0.6063
29454 13 72 0.5906
29467 13 70 0.6772
29480 13 68 0.6063
29493 13 67 0.6063
29506 29 65 0.6772
29506 78 49 0.5118
29535 9 77 0.6142
29545 29 73 0.6772
29545 39 61 0.4567
29574 9 70 0.5827
29584 39 68 0.6693
29584 39 60 0.5118
29584 78 51 0.4331
29623 4 67 0.4882
29623 39 58 0.4803
29628 4 68 0.4409
29633 4 67 0.4882
29638 4 68 0.4488
29642 4 67 0.4882
29647 4 68 0.4331
29652 4 67 0.4882
29657 4 68 0.4567
29662 13 68 0.5748
29662 13 56 0.4567
29675 13 72 0.5512
29675 13 60 0.4409
29688 13 70 0.4961
29688 13 58 0.3937
29701 13 68 0.5669
29701 13 56 0.4488
29714 13 67 0.5039
29714 13 55 0.4016
29727 13 65 0.5039
29727 13 53 0.4016
29740 13 63 0.5669
29740 13 51 0.4488
29753 13 61 0.5039
29753 13 49 0.4016
29766 13 60 0.5039
29766 13 48 0.4016
29779 9 61 0.5669
29779 9 49 0.4488
29789 9 63 0.5433
29789 9 51 0.4331
29799 9 65 0.5118
29799 9 53 0.4094
29808 9 67 0.4882
29808 9 55 0.3858
29818 13 68 0.5748
29818 13 56 0.4567
29831 13 72 0.5512
29831 13 60 0.4409
29844 13 70 0.4961
29844 13 58 0.3937
29857 13 68 0.5669
29857 13 56 0.4488
29870 13 67 0.5039
29870 13 55 0.4016
29883 13 65 0.5039
29883 13 53 0.4016
29896 13 63 0.5669
29896 13 51 0.4488
29909 13 61 0.5039
29909 13 49 0.4016
29922 13 60 0.5039
29922 13 48 0.4016
29935 9 61 0.5669
29935 9 49 0.4488
29945 9 63 0.5433
29945 9 51 0.4331
29955 9 65 0.5118
29955 9 53 0.4094
29964 9 67 0.4882
29964 9 55 0.3858
29974 13 68 0.5748
29974 13 56 0.4567
29987 13 72 0.5512
29987 13 60 0.4409
30000 13 70 0.4961
30000 13 58 0.3937
30013 13 68 0.5669
30013 13 56 0.4488
30026 13 67 0.5039
30026 13 55 0.4016
30039 13 65 0.5039
30039 13 53 0.4016
30052 13 63 0.5669
30052 13 51 0.4488
30065 13 61 0.5039
30065 13 49 0.4016
30078 13 60 0.5039
30078 13 48 0.4016
30091 13 68 0.5669
30091 13 56 0.4488
30104 13 67 0.5039
30104 13 55 0.4016
30117 13 65 0.5039
30117 13 53 0.4016
30130 13 63 0.5669
30130 13 51 0.4488
30143 13 61 0.5039
30143 13 49 0.4016
30156 13 60 0.5039
30156 13 48 0.4016
30169 13 68 0.5669
30169 13 56 0.4488
30182 13 67 0.5039
30182 13 55 0.4016
30195 13 65 0.5039
30195 13 53 0.4016
30208 13 63 0.5669
30208 13 51 0.4488
30221 13 61 0.5039
30221 13 49 0.4016
30234 13 60 0.5039
30234 13 48 0.4016
30247 29 68 0.5669
30247 29 56 0.4488
30277 8 60 0.4016
30277 8 48 0.315
30286 6 60 0.4016
30286 6 48 0.315
30293 6 61 0.3622
30293 6 49 0.2835
30299 6 60 0.4016
30299 6 48 0.315
30306 6 61 0.3543
30306 6 49 0.2835
30312 6 60 0.4016
30312 6 48 0.315
30319 6 61 0.3543
30319 6 49 0.2835
30325 4 60 0.4016
30325 4 48 0.315
30330 4 61 0.3622
30330 4 49 0.2835
30335 4 60 0.4016
30335 4 48 0.315
30340 4 61 0.3543
30340 4 49 0.2835
30345 9 60 0.4567
30345 9 48 0.3622
30355 9 61 0.4016
30355 9 49 0.315
30364 39 63 0.4646
30364 39 51 0.3701
30403 39 63 0.4646
30403 39 51 0.3701
30443 112 68 0.4016
30443 13 56 0.2362
30456 13 60 0.2047
30469 13 63 0.2047
30482 13 56 0.2362
30495 13 60 0.2126
30508 13 63 0.2126
30521 13 56 0.2362
30534 13 60 0.2047
30547 13 63 0.2047
30555 4 72 0.4488
30560 39 70 0.3543
30560 13 56 0.2441
30573 13 61 0.2126
30586 13 67 0.2126
30599 39 68 0.4016
30599 13 56 0.2362
30612 13 60 0.2047
30625 13 63 0.1969
30638 39 68 0.3543
30638 13 56 0.2283
30651 13 60 0.2047
30664 13 63 0.2047
30677 39 68 0.3543
30677 13 56 0.2283
30690 13 60 0.1969
30703 13 63 0.1969
30716 9 73 0.3858
30716 13 56 0.2362
30725 29 70 0.3465
30729 13 61 0.2047
30742 13 67 0.2047
30755 39 75 0.3858
30755 13 56 0.2205
30768 13 60 0.1969
30781 13 63 0.1969
30794 39 75 0.3543
30794 13 56 0.2205
30807 13 60 0.2047
30820 13 63 0.1969
30833 39 75 0.3465
30833 13 56 0.2205
30846 13 60 0.189
30859 13 63 0.189
30872 9 73 0.378
30872 13 56 0.2283
30882 29 70 0.3386
30885 13 61 0.1969
30898 13 67 0.1969
30911 112 68 0.378
30911 13 56 0.2205
30924 13 60 0.189
30937 13 63 0.189
30950 13 56 0.2205
30963 13 60 0.1969
30976 13 63 0.1969
30989 13 56 0.2205
31002 13 60 0.189
31015 13 63 0.189
31023 4 72 0.4016
31028 39 70 0.3307
31028 13 56 0.2205
31041 13 61 0.189
31054 13 67 0.189
31067 39 68 0.3622
31067 13 56 0.2205
31080 13 60 0.1811
31093 13 63 0.1811
31106 39 68 0.3307
31106 13 56 0.2205
31119 13 60 0.189
31132 13 63 0.189
31145 39 68 0.3307
31145 13 56 0.2205
31158 13 60 0.1811
31171 13 63 0.1811
31184 9 73 0.3543
31184 13 56 0.2205
31194 29 70 0.3228
31197 13 61 0.189
31210 13 67 0.189
31223 39 75 0.3543
31223 13 56 0.2126
31236 13 60 0.1732
31249 13 63 0.1732
31262 39 75 0.3228
31262 13 56 0.2126
31275 13 60 0.1811
31288 13 63 0.1811
31301 39 75 0.315
31301 13 56 0.2126
31314 13 60 0.1732
31327 13 63 0.1732
31340 9 73 0.3543
31340 13 56 0.2126
31350 29 70 0.315
31353 13 61 0.1811
31366 13 67 0.1811
31379 112 68 0.3465
31379 13 56 0.2047
31392 13 60 0.1732
31405 13 63 0.1732
31418 13 56 0.189
31431 13 60 0.1732
31444 13 63 0.1654
31457 13 56 0.1732
31470 13 60 0.1496
31483 13 63 0.1417
31491 4 72 0.3307
31496 39 70 0.2677
31496 13 56 0.1732
31509 13 61 0.1417
31522 13 67 0.1417
31535 39 68 0.315
31535 39 60 0.1969
31535 39 56 0.1969
31574 39 75 0.2835
31574 39 72 0.2362
31613 39 72 0.2362
31613 39 75 0.2835
31652 39 44 0.1575
31652 39 48 0.189
31691 39 48 0.189
31691 39 44 0.1575
