0 28 67 0.4724
0 18 59 0.315
0 18 55 0.2677
18 18 55 0.2677
18 18 59 0.315
28 4 71 0.378
32 4 69 0.378
37 18 67 0.4409
37 18 59 0.315
37 18 55 0.2677
56 18 59 0.3071
56 18 55 0.2598
75 18 59 0.315
75 18 55 0.2677
93 18 62 0.4173
93 18 59 0.3228
93 18 55 0.2677
112 18 67 0.4173
112 18 59 0.3228
112 18 55 0.2677
131 18 71 0.4173
131 18 59 0.3228
131 18 55 0.2677
150 9 71 0.4488
150 37 60 0.3465
150 37 55 0.2913
159 9 69 0.4252
168 9 67 0.4252
178 9 69 0.4252
187 18 67 0.4488
187 18 55 0.2677
187 18 59 0.3228
206 18 74 0.4252
225 9 74 0.4252
225 9 65 0.3228
225 9 67 0.3228
243 9 74 0.4252
243 9 65 0.3228
243 9 67 0.3228
262 9 74 0.4252
262 9 67 0.3228
262 9 65 0.3228
281 9 74 0.4252
281 9 65 0.3228
281 9 67 0.3228
300 28 74 0.4488
300 56 67 0.3622
300 56 64 0.3622
328 4 76 0.3701
332 4 74 0.3701
337 18 72 0.4094
356 18 71 0.3937
356 18 65 0.3228
356 18 62 0.3228
375 18 69 0.4094
375 37 64 0.3858
375 37 60 0.3858
393 37 81 0.5354
412 37 61 0.3937
412 37 64 0.3937
431 18 79 0.5118
450 9 79 0.4961
450 37 62 0.3622
459 9 78 0.4252
468 9 76 0.4252
478 9 74 0.4252
487 18 74 0.4252
506 18 74 0.4409
525 9 74 0.4252
534 9 76 0.4094
543 9 72 0.4252
553 9 74 0.4094
562 9 71 0.4252
571 9 72 0.4016
581 9 69 0.4252
590 9 71 0.4094
600 28 67 0.4724
600 18 55 0.2677
600 18 59 0.315
618 18 59 0.315
618 18 55 0.2677
628 4 71 0.3622
632 4 69 0.3701
637 18 67 0.4409
637 18 55 0.2677
637 18 59 0.315
656 18 55 0.2598
656 18 59 0.3071
675 18 55 0.2677
675 18 59 0.315
693 18 62 0.4173
693 18 59 0.3228
693 18 55 0.2677
712 18 67 0.4173
712 18 55 0.2677
712 18 59 0.3228
731 18 71 0.4173
731 18 55 0.2677
731 18 59 0.3228
750 9 71 0.4488
750 37 60 0.3465
750 37 55 0.3465
759 9 69 0.4252
768 9 67 0.4252
778 9 69 0.4252
787 18 67 0.4488
787 18 59 0.3228
787 18 55 0.3228
806 18 76 0.4252
825 9 76 0.4252
825 9 71 0.3228
825 9 67 0.3228
843 9 76 0.4252
843 9 71 0.3228
843 9 67 0.3228
862 9 76 0.4252
862 9 71 0.3228
862 9 67 0.3228
881 9 76 0.4252
881 9 67 0.3228
881 9 71 0.3228
900 28 76 0.4488
900 18 67 0.3071
900 18 71 0.3622
918 18 67 0.3071
918 18 71 0.3622
928 4 79 0.3937
932 4 81 0.4094
937 28 83 0.4724
937 18 71 0.3622
937 18 67 0.3071
956 18 71 0.3622
956 18 67 0.3071
965 4 79 0.3858
970 4 76 0.3858
975 37 74 0.4724
975 18 57 0.3071
975 18 66 0.3622
993 18 57 0.3071
993 18 66 0.3622
1012 6 74 0.4094
1012 18 57 0.3071
1012 18 64 0.3622
1018 6 73 0.378
1025 6 74 0.378
1031 6 73 0.378
1031 18 64 0.3622
1031 18 57 0.3071
1037 6 71 0.378
1043 6 73 0.378
1050 9 74 0.4094
1050 18 62 0.2913
1050 18 66 0.3465
1059 9 76 0.3858
1068 9 78 0.3937
1068 18 62 0.252
1068 18 66 0.2992
1078 9 79 0.4016
1087 9 81 0.4016
1087 18 66 0.2992
1087 18 62 0.252
1096 9 78 0.4016
1106 9 76 0.3937
1106 18 62 0.252
1106 18 66 0.2992
1115 9 74 0.3937
1125 9 73 0.4173
1125 18 62 0.2835
1125 18 67 0.3386
1134 9 74 0.378
1143 9 76 0.3858
1143 18 62 0.252
1143 18 67 0.2992
1153 9 78 0.3858
1162 9 79 0.3858
1162 18 62 0.252
1162 18 67 0.2992
1171 9 76 0.3858
1181 9 74 0.378
1181 18 67 0.2992
1181 18 62 0.252
1190 9 73 0.378
1200 9 74 0.4094
1200 18 66 0.3465
1200 18 62 0.2913
1209 9 76 0.3701
1218 9 78 0.378
1218 18 66 0.2992
1218 18 62 0.252
1228 9 79 0.3858
1237 9 81 0.3937
1237 18 66 0.2992
1237 18 62 0.252
1246 9 78 0.3858
1256 9 76 0.378
1256 18 66 0.2992
1256 18 62 0.252
1265 9 74 0.3701
1275 9 73 0.4173
1275 18 67 0.3465
1275 18 62 0.2913
1284 9 74 0.3701
1293 9 76 0.3701
1293 18 67 0.2992
1293 18 62 0.252
1303 9 78 0.378
1312 9 79 0.3858
1312 18 67 0.2992
1312 18 62 0.252
1321 9 76 0.3858
1331 9 74 0.378
1331 18 67 0.2992
1331 18 62 0.252
1340 9 73 0.378
1350 32 74 0.4567
1350 37 66 0.3543
1350 37 62 0.2992
1382 4 85 0.6063
1387 37 86 0.685
1425 37 38 0.5433
1425 37 50 0.5433
1500 28 67 0.4724
1500 18 55 0.2677
1500 18 59 0.315
1518 18 55 0.2677
1518 18 59 0.315
1528 4 71 0.378
1532 4 69 0.378
1537 18 67 0.4409
1537 18 55 0.2677
1537 18 59 0.315
1556 18 55 0.2598
1556 18 59 0.3071
1575 18 55 0.2677
1575 18 59 0.315
1593 18 62 0.4173
1593 18 55 0.2677
1593 18 59 0.3228
1612 18 67 0.4173
1612 18 55 0.2677
1612 18 59 0.3228
1631 18 71 0.4173
1631 18 55 0.2677
1631 18 59 0.3228
1650 9 71 0.4488
1650 37 55 0.2913
1650 37 60 0.3465
1659 9 69 0.4252
1668 9 67 0.4252
1678 9 69 0.4252
1687 18 67 0.4488
1687 18 55 0.2677
1687 18 59 0.3228
1706 18 74 0.4252
1725 9 74 0.4252
1725 9 65 0.3228
1725 9 67 0.3228
1743 9 74 0.4252
1743 9 65 0.3228
1743 9 67 0.3228
1762 9 74 0.4252
1762 9 65 0.3228
1762 9 67 0.3228
1781 9 74 0.4252
1781 9 67 0.3228
1781 9 65 0.3228
1800 28 74 0.4488
1800 56 64 0.3622
1800 56 67 0.3622
1828 4 76 0.3701
1832 4 74 0.3701
1837 18 72 0.4094
1856 18 71 0.3937
1856 18 62 0.3228
1856 18 65 0.3228
1875 18 69 0.4094
1875 37 60 0.3858
1875 37 64 0.3858
1893 37 81 0.5354
1912 37 61 0.3937
1912 37 64 0.3937
1931 18 79 0.5118
1950 9 79 0.4961
1950 37 62 0.3622
1959 9 78 0.4252
1968 9 76 0.4252
1978 9 74 0.4252
1987 18 74 0.4252
2006 18 74 0.4409
2025 9 74 0.4252
2034 9 76 0.4094
2043 9 72 0.4252
2053 9 74 0.4094
2062 9 71 0.4252
2071 9 72 0.4016
2081 9 69 0.4252
2090 9 71 0.4094
2100 28 67 0.4724
2100 18 55 0.2677
2100 18 59 0.315
2118 18 55 0.2677
2118 18 59 0.315
2128 4 71 0.3622
2132 4 69 0.3701
2137 18 67 0.4409
2137 18 55 0.2677
2137 18 59 0.315
2156 18 55 0.2598
2156 18 59 0.3071
2175 18 55 0.2677
2175 18 59 0.315
2193 18 62 0.4173
2193 18 55 0.2677
2193 18 59 0.3228
2212 18 67 0.4173
2212 18 55 0.2677
2212 18 59 0.3228
2231 18 71 0.4173
2231 18 55 0.2677
2231 18 59 0.3228
2250 9 71 0.4488
2250 37 55 0.2913
2250 37 60 0.3465
2259 9 69 0.4252
2268 9 67 0.4252
2278 9 69 0.4252
2287 18 67 0.4488
2287 18 55 0.2677
2287 18 59 0.3228
2306 18 76 0.4252
2325 9 76 0.4252
2325 9 71 0.3228
2325 9 67 0.3228
2343 9 76 0.4252
2343 9 71 0.3228
2343 9 67 0.3228
2362 9 76 0.4252
2362 9 71 0.3228
2362 9 67 0.3228
2381 9 76 0.4252
2381 9 67 0.3228
2381 9 71 0.3228
2400 28 76 0.4488
2400 18 71 0.3622
2400 18 67 0.3071
2418 18 67 0.3071
2418 18 71 0.3622
2428 4 79 0.3937
2432 4 81 0.4094
2437 28 83 0.4724
2437 18 67 0.3071
2437 18 71 0.3622
2456 18 67 0.3071
2456 18 71 0.3622
2465 4 79 0.3858
2470 4 76 0.3858
2475 37 74 0.4724
2475 18 66 0.3622
2475 18 57 0.3071
2493 18 57 0.3071
2493 18 66 0.3622
2512 6 74 0.4094
2512 18 57 0.3071
2512 18 64 0.3622
2518 6 73 0.378
2525 6 74 0.378
2531 6 73 0.378
2531 18 57 0.3071
2531 18 64 0.3622
2537 6 71 0.378
2543 6 73 0.378
2550 9 74 0.4252
2550 18 62 0.2913
2550 18 66 0.3465
2559 9 76 0.3858
2568 9 78 0.3937
2568 18 62 0.252
2568 18 66 0.2992
2578 9 79 0.4016
2587 9 81 0.4016
2587 18 62 0.252
2587 18 66 0.2992
2596 9 78 0.4016
2606 9 76 0.3937
2606 18 62 0.252
2606 18 66 0.2992
2615 9 74 0.3937
2625 9 73 0.4173
2625 18 62 0.2835
2625 18 67 0.3386
2634 9 74 0.378
2643 9 76 0.3858
2643 18 62 0.252
2643 18 67 0.2992
2653 9 78 0.3858
2662 9 79 0.3858
2662 18 62 0.252
2662 18 67 0.2992
2671 9 76 0.3858
2681 9 74 0.378
2681 18 62 0.252
2681 18 67 0.2992
2690 9 73 0.378
2700 9 74 0.4094
2700 18 62 0.2913
2700 18 66 0.3465
2709 9 76 0.3701
2718 9 78 0.378
2718 18 62 0.252
2718 18 66 0.2992
2728 9 79 0.3858
2737 9 81 0.3937
2737 18 62 0.252
2737 18 66 0.2992
2746 9 78 0.3858
2756 9 76 0.378
2756 18 62 0.252
2756 18 66 0.2992
2765 9 74 0.3701
2775 9 73 0.4173
2775 18 62 0.2913
2775 18 67 0.3465
2784 9 74 0.3701
2793 9 76 0.3701
2793 18 62 0.252
2793 18 67 0.2992
2803 9 78 0.378
2812 9 79 0.3858
2812 18 62 0.252
2812 18 67 0.2992
2821 9 76 0.3858
2831 9 74 0.378
2831 18 62 0.252
2831 18 67 0.2992
2840 9 73 0.378
2850 32 74 0.4567
2850 37 62 0.2992
2850 37 66 0.3543
2882 4 85 0.6063
2887 37 86 0.685
2925 37 38 0.5433
2925 37 50 0.5433
3000 28 77 0.4173
3000 37 62 0.3543
3000 37 58 0.2992
3028 4 74 0.3543
3032 4 75 0.3543
3037 18 77 0.4252
3056 18 62 0.3228
3056 18 58 0.2677
3075 37 63 0.3543
3075 37 60 0.2992
3093 18 69 0.3937
3112 18 69 0.3937
3131 18 69 0.3937
3131 18 60 0.2677
3131 18 63 0.3228
3150 28 70 0.4173
3150 37 62 0.2992
3150 37 65 0.3543
3178 4 70 0.3543
3182 4 72 0.3543
3187 18 74 0.4252
3206 18 62 0.3228
3206 18 58 0.2677
3225 37 57 0.2992
3225 37 60 0.3543
3243 18 66 0.3937
3262 18 66 0.3937
3281 18 66 0.3937
3281 18 60 0.3228
3281 18 57 0.2677
3300 28 67 0.4488
3300 37 62 0.3858
3300 37 58 0.3228
3328 4 67 0.3543
3332 4 69 0.3543
3337 18 70 0.4488
3356 18 58 0.3386
3356 18 55 0.2835
3375 37 55 0.378
3375 37 51 0.315
3393 18 61 0.4331
3412 18 61 0.4488
3431 18 61 0.4724
3431 18 51 0.4331
3431 18 55 0.4331
3450 28 62 0.5354
3450 28 50 0.4567
3450 28 54 0.4567
3478 4 54 0.4016
3478 4 42 0.4016
3482 4 55 0.4016
3482 4 43 0.4016
3487 18 57 0.5906
3487 18 45 0.4803
3506 18 54 0.5354
3506 18 42 0.4409
3525 37 50 0.5354
3525 37 38 0.4409
3600 28 67 0.4724
3600 18 55 0.2677
3600 18 59 0.315
3618 18 55 0.2677
3618 18 59 0.315
3628 4 71 0.3622
3632 4 69 0.3701
3637 18 67 0.4409
3637 18 55 0.2677
3637 18 59 0.315
3656 18 55 0.2598
3656 18 59 0.3071
3675 18 55 0.2677
3675 18 59 0.315
3693 18 62 0.4173
3693 18 55 0.2677
3693 18 59 0.3228
3712 18 67 0.4173
3712 18 55 0.2677
3712 18 59 0.3228
3731 18 71 0.4173
3731 18 55 0.2677
3731 18 59 0.3228
3750 9 71 0.4488
3750 37 55 0.2913
3750 37 60 0.3465
3759 9 69 0.4252
3768 9 67 0.4252
3778 9 69 0.4252
3787 18 67 0.4488
3787 18 55 0.2677
3787 18 59 0.3228
3806 18 76 0.4252
3825 9 76 0.4252
3825 9 74 0.2835
3825 9 68 0.2835
3843 9 76 0.4252
3843 9 74 0.2835
3843 9 68 0.2835
3862 9 76 0.4252
3862 9 74 0.2835
3862 9 68 0.2835
3881 9 76 0.4252
3881 9 68 0.2835
3881 9 74 0.2835
3900 28 76 0.4488
3900 37 72 0.3228
3900 37 69 0.3228
3928 4 81 0.4094
3932 4 83 0.4094
3937 18 84 0.3937
3956 18 76 0.4252
3975 9 74 0.4252
3975 9 66 0.2835
3975 9 72 0.2835
3993 9 74 0.4252
3993 9 66 0.2835
3993 9 72 0.2835
4012 9 74 0.4252
4012 9 66 0.2835
4012 9 72 0.2835
4031 9 74 0.4252
4031 9 66 0.2835
4031 9 72 0.2835
4050 28 74 0.4488
4050 37 71 0.3228
4050 37 67 0.3228
4078 4 79 0.3858
4082 4 81 0.378
4087 18 83 0.3543
4265 4 83 0.3071
4270 4 81 0.3071
4275 9 79 0.3701
4303 4 79 0.3071
4307 4 78 0.3071
4312 9 76 0.3937
4340 4 76 0.2992
4345 4 74 0.2992
4350 18 72 0.3937
4350 18 64 0.2677
4350 18 67 0.2677
4415 4 75 0.4016
4415 4 67 0.3465
4420 4 74 0.4016
4420 4 65 0.3465
4425 18 72 0.4646
4425 37 63 0.4331
4443 18 72 0.4331
4462 18 72 0.4331
4481 18 72 0.4331
4490 4 69 0.3858
4495 4 67 0.3858
4500 28 72 0.4567
4500 37 62 0.4409
4500 37 66 0.4409
4528 4 74 0.3622
4532 4 72 0.3622
4537 18 71 0.4409
4537 37 64 0.3622
4537 37 67 0.3622
4556 18 71 0.4488
4575 18 69 0.4724
4575 37 60 0.3622
4575 37 64 0.3622
4593 18 76 0.4409
4612 18 74 0.4409
4612 37 62 0.3622
4631 18 66 0.4409
4650 9 67 0.4252
4650 18 55 0.2913
4650 18 59 0.3465
4659 9 69 0.3858
4668 9 71 0.3937
4668 18 55 0.252
4668 18 59 0.2992
4678 9 72 0.4016
4687 9 74 0.4016
4687 18 55 0.252
4687 18 59 0.2992
4696 9 71 0.4016
4706 9 69 0.3937
4706 18 55 0.252
4706 18 59 0.2992
4715 9 67 0.3937
4725 9 66 0.4173
4725 18 55 0.2835
4725 18 60 0.3386
4734 9 67 0.378
4743 9 69 0.3858
4743 18 55 0.252
4743 18 60 0.2992
4753 9 71 0.3858
4762 9 72 0.3858
4762 18 55 0.252
4762 18 60 0.2992
4771 9 69 0.3858
4781 9 67 0.378
4781 18 55 0.252
4781 18 60 0.2992
4790 9 66 0.378
4800 9 67 0.4094
4800 18 55 0.2913
4800 18 59 0.3465
4809 9 69 0.3701
4818 9 71 0.378
4818 18 55 0.252
4818 18 59 0.2992
4828 9 72 0.3858
4837 9 74 0.3937
4837 18 55 0.252
4837 18 59 0.2992
4846 9 71 0.3858
4856 9 69 0.378
4856 18 55 0.252
4856 18 59 0.2992
4865 9 67 0.3701
4875 9 66 0.4173
4875 18 55 0.2913
4875 18 60 0.3465
4884 9 67 0.3701
4893 9 69 0.3701
4893 18 55 0.252
4893 18 60 0.2992
4903 9 71 0.378
4912 9 72 0.3858
4912 18 55 0.252
4912 18 60 0.2992
4921 9 69 0.3858
4931 9 67 0.378
4931 18 55 0.252
4931 18 60 0.2992
4940 9 66 0.378
4950 32 67 0.4567
4950 37 55 0.2992
4950 37 59 0.3543
4982 4 78 0.5118
4987 37 79 0.5984
5025 37 31 0.5433
5025 37 43 0.5433
5100 28 77 0.4173
5100 37 62 0.3543
5100 37 58 0.2992
5128 4 74 0.3543
5132 4 75 0.3543
5137 18 77 0.4252
5156 18 62 0.3228
5156 18 58 0.2677
5175 37 63 0.3543
5175 37 60 0.2992
5193 18 69 0.3937
5212 18 69 0.3937
5231 18 69 0.3937
5231 18 60 0.2677
5231 18 63 0.3228
5250 28 70 0.4173
5250 37 62 0.2992
5250 37 65 0.3543
5278 4 70 0.3543
5282 4 72 0.3543
5287 18 74 0.4252
5306 18 62 0.3228
5306 18 58 0.2677
5325 37 57 0.2992
5325 37 60 0.3543
5343 18 66 0.3937
5362 18 66 0.3937
5381 18 66 0.3937
5381 18 60 0.3228
5381 18 57 0.2677
5400 28 67 0.4488
5400 37 62 0.3858
5400 37 58 0.3228
5428 4 67 0.3543
5432 4 69 0.3543
5437 18 70 0.4488
5456 18 58 0.3386
5456 18 55 0.2835
5475 37 55 0.378
5475 37 51 0.315
5493 18 61 0.4252
5512 18 61 0.4488
5531 18 61 0.4724
5531 18 51 0.4331
5531 18 55 0.4331
5550 28 62 0.5354
5550 28 50 0.4567
5550 28 54 0.4567
5578 4 54 0.4016
5578 4 42 0.4016
5582 4 55 0.4016
5582 4 43 0.4016
5587 18 57 0.5906
5587 18 45 0.4803
5606 18 54 0.5354
5606 18 42 0.4409
5625 37 50 0.5354
5625 37 38 0.4409
5700 28 67 0.4724
5700 18 55 0.2677
5700 18 59 0.315
5718 18 55 0.2677
5718 18 59 0.315
5728 4 71 0.3622
5732 4 69 0.3701
5737 18 67 0.4409
5737 18 55 0.2677
5737 18 59 0.315
5756 18 55 0.2598
5756 18 59 0.3071
5775 18 55 0.2677
5775 18 59 0.315
5793 18 62 0.4173
5793 18 55 0.2677
5793 18 59 0.3228
5812 18 67 0.4173
5812 18 55 0.2677
5812 18 59 0.3228
5831 18 71 0.4173
5831 18 55 0.2677
5831 18 59 0.3228
5850 9 71 0.4488
5850 37 55 0.2913
5850 37 60 0.3465
5859 9 69 0.4252
5868 9 67 0.4252
5878 9 69 0.4252
5887 18 67 0.4488
5887 18 55 0.2677
5887 18 59 0.3228
5906 18 76 0.4252
5925 9 76 0.4252
5925 9 74 0.2835
5925 9 68 0.2835
5943 9 76 0.4252
5943 9 74 0.2835
5943 9 68 0.2835
5962 9 76 0.4252
5962 9 74 0.2835
5962 9 68 0.2835
5981 9 76 0.4252
5981 9 68 0.2835
5981 9 74 0.2835
6000 28 76 0.4488
6000 37 72 0.3228
6000 37 69 0.3228
6028 4 81 0.4094
6032 4 83 0.4094
6037 18 84 0.3937
6056 18 76 0.4252
6075 9 74 0.4252
6075 9 66 0.2835
6075 9 72 0.2835
6093 9 74 0.4252
6093 9 66 0.2835
6093 9 72 0.2835
6112 9 74 0.4252
6112 9 66 0.2835
6112 9 72 0.2835
6131 9 74 0.4252
6131 9 66 0.2835
6131 9 72 0.2835
6150 28 74 0.4488
6150 37 71 0.3228
6150 37 67 0.3228
6178 4 79 0.3858
6182 4 81 0.378
6187 18 83 0.3543
6365 4 83 0.3071
6370 4 81 0.3071
6375 9 79 0.3701
6403 4 79 0.3071
6407 4 78 0.3071
6412 9 76 0.3937
6440 4 76 0.2992
6445 4 74 0.2992
6450 18 72 0.3937
6450 18 64 0.2677
6450 18 67 0.2677
6515 4 75 0.4016
6515 4 67 0.3465
6520 4 74 0.4016
6520 4 65 0.3465
6525 18 72 0.4646
6525 37 63 0.4331
6543 18 72 0.4331
6562 18 72 0.4331
6581 18 72 0.4331
6590 4 69 0.3701
6595 4 67 0.3701
6600 28 72 0.4724
6600 37 62 0.4409
6600 37 66 0.4409
6628 4 74 0.3622
6632 4 72 0.3622
6637 18 71 0.4409
6637 37 64 0.3622
6637 37 67 0.3622
6656 18 71 0.4488
6675 18 69 0.4724
6675 37 60 0.3622
6675 37 64 0.3622
6693 18 76 0.4409
6712 18 74 0.4409
6712 37 62 0.3622
6731 18 66 0.4409
6750 9 67 0.4252
6750 18 55 0.2913
6750 18 59 0.3465
6759 9 69 0.3858
6768 9 71 0.3937
6768 18 55 0.252
6768 18 59 0.2992
6778 9 72 0.4016
6787 9 74 0.4016
6787 18 55 0.252
6787 18 59 0.2992
6796 9 71 0.4016
6806 9 69 0.3937
6806 18 55 0.252
6806 18 59 0.2992
6815 9 67 0.3937
6825 9 66 0.4173
6825 18 55 0.2835
6825 18 60 0.3386
6834 9 67 0.378
6843 9 69 0.3858
6843 18 55 0.252
6843 18 60 0.2992
6853 9 71 0.3858
6862 9 72 0.3858
6862 18 55 0.252
6862 18 60 0.2992
6871 9 69 0.3858
6881 9 67 0.378
6881 18 55 0.252
6881 18 60 0.2992
6890 9 66 0.378
6900 9 67 0.4094
6900 18 55 0.2913
6900 18 59 0.3465
6909 9 69 0.3701
6918 9 71 0.378
6918 18 55 0.252
6918 18 59 0.2992
6928 9 72 0.3858
6937 9 74 0.3937
6937 18 55 0.252
6937 18 59 0.2992
6946 9 71 0.3858
6956 9 69 0.378
6956 18 55 0.252
6956 18 59 0.2992
6965 9 67 0.3701
6975 9 66 0.4173
6975 18 55 0.2913
6975 18 60 0.3465
6984 9 67 0.3701
6993 9 69 0.3701
6993 18 55 0.252
6993 18 60 0.2992
7003 9 71 0.378
7012 9 72 0.3858
7012 18 55 0.252
7012 18 60 0.2992
7021 9 69 0.3858
7031 9 67 0.378
7031 18 55 0.252
7031 18 60 0.2992
7040 9 66 0.378
7050 32 67 0.4567
7050 37 55 0.2992
7050 37 59 0.3543
7082 4 78 0.5118
7087 37 79 0.5984
7125 37 31 0.5433
7125 37 43 0.5433
7200 37 40 0.4724
7200 37 52 0.4724
7218 18 64 0.4488
7237 56 76 0.5118
7256 18 67 0.3071
7256 18 71 0.3071
7275 56 66 0.3543
7275 56 69 0.3543
7293 18 75 0.4409
7312 56 78 0.5512
7331 18 69 0.3071
7331 18 72 0.3071
7350 56 67 0.3543
7350 56 71 0.3543
7368 18 76 0.4331
7387 56 79 0.5669
7406 18 64 0.315
7406 18 70 0.315
7425 56 62 0.3543
7425 56 71 0.3543
7443 18 78 0.4961
7462 56 83 0.6142
7481 18 62 0.3543
7481 18 66 0.3543
7500 56 61 0.378
7500 56 64 0.378
7518 18 82 0.5197
7537 56 88 0.5669
7537 56 85 0.5669
7556 18 58 0.378
7575 37 59 0.4252
7593 37 83 0.4724
7593 37 86 0.4724
7612 37 64 0.3858
7631 37 85 0.4409
7631 37 76 0.4409
7650 37 66 0.3858
7668 37 74 0.4488
7668 37 83 0.4488
7687 37 66 0.3858
7706 18 73 0.4488
7706 18 82 0.4488
7725 37 59 0.3858
7743 18 71 0.4409
7762 18 83 0.5197
7781 18 39 0.4409
7781 18 51 0.4409
7800 37 40 0.4724
7800 37 52 0.4724
7818 18 64 0.4488
7837 56 76 0.5118
7856 18 67 0.3071
7856 18 71 0.3071
7875 56 66 0.3543
7875 56 69 0.3543
7893 18 75 0.4409
7912 56 78 0.5512
7931 18 69 0.3071
7931 18 72 0.3071
7950 56 67 0.3543
7950 56 71 0.3543
7968 18 76 0.4331
7987 56 79 0.5669
8006 18 64 0.315
8006 18 70 0.315
8025 56 62 0.3543
8025 56 71 0.3543
8043 18 78 0.4961
8062 56 83 0.5984
8081 18 62 0.3543
8081 18 66 0.3543
8100 56 61 0.378
8100 56 64 0.378
8118 18 82 0.5197
8137 56 88 0.5669
8137 56 85 0.5669
8156 18 58 0.378
8175 37 59 0.4252
8193 37 83 0.4724
8193 37 86 0.4724
8212 37 64 0.3858
8231 37 85 0.4409
8231 37 76 0.4409
8250 37 66 0.3858
8268 37 74 0.4488
8268 37 83 0.4488
8287 37 66 0.3858
8306 18 73 0.4488
8306 18 82 0.4488
8325 37 59 0.3858
8343 18 71 0.4409
8362 18 83 0.5197
8381 18 35 0.4409
8381 18 47 0.4409
8400 37 36 0.4724
8400 37 48 0.4724
8418 18 69 0.4488
8437 56 81 0.5354
8456 18 60 0.2756
8456 18 64 0.3307
8475 56 59 0.315
8475 56 62 0.378
8493 18 80 0.4409
8512 56 86 0.5512
8531 18 59 0.315
8531 18 56 0.2677
8550 37 57 0.3071
8550 37 60 0.3622
8568 37 84 0.4803
8587 37 62 0.3465
8587 37 59 0.2913
8606 37 83 0.4646
8625 37 64 0.315
8625 37 60 0.2677
8643 18 81 0.4488
8681 18 78 0.3386
8700 56 79 0.3858
8718 18 71 0.2362
8718 18 74 0.2362
8737 37 69 0.2756
8737 37 72 0.2756
8756 18 78 0.3543
8775 56 84 0.3858
8775 56 81 0.3858
8793 18 66 0.2441
8812 37 67 0.2835
8831 37 79 0.3543
8831 37 83 0.3543
8850 37 63 0.2835
8868 37 78 0.3386
8868 37 81 0.3386
8887 37 64 0.2362
8906 37 76 0.3307
8906 37 79 0.3307
8925 37 59 0.2756
8943 18 75 0.3465
8943 18 78 0.3465
8962 9 83 0.4567
8971 9 81 0.4567
8981 9 79 0.4567
8990 9 78 0.4567
9000 37 76 0.5197
9018 18 52 0.4331
9037 56 64 0.4882
9056 18 67 0.4331
9056 18 76 0.4331
9075 56 69 0.4724
9075 56 78 0.4724
9093 18 63 0.3701
9112 56 66 0.4016
9131 18 69 0.4331
9131 18 78 0.4331
9150 56 71 0.4724
9150 56 79 0.4724
9168 18 64 0.3858
9187 56 67 0.4252
9206 18 71 0.4567
9206 18 79 0.4567
9225 56 72 0.5197
9225 56 81 0.5197
9243 18 66 0.3701
9262 56 69 0.4016
9281 18 78 0.4331
9300 56 75 0.4724
9318 18 66 0.4173
9337 56 63 0.4567
9356 18 72 0.4409
9375 56 69 0.4724
9393 18 60 0.4252
9412 56 57 0.4567
9431 18 66 0.4409
9450 56 63 0.4803
9468 18 54 0.4094
9487 18 51 0.3937
9506 9 63 0.3858
9506 9 51 0.3307
9515 9 60 0.3858
9515 9 48 0.3307
9525 9 57 0.4567
9525 9 45 0.4331
9543 9 60 0.3858
9543 9 48 0.3307
9553 9 57 0.3858
9553 9 45 0.3307
9562 9 54 0.4567
9562 9 42 0.4409
9581 9 57 0.4252
9581 9 45 0.3858
9590 9 54 0.4252
9590 9 42 0.3858
9600 18 51 0.5906
9600 18 39 0.4961
9656 9 84 0.315
9665 9 81 0.315
9675 9 78 0.3465
9693 9 81 0.315
9703 9 78 0.315
9712 9 75 0.3465
9731 9 78 0.2835
9740 9 75 0.2835
9750 18 72 0.3386
9843 18 60 0.4488
9862 18 59 0.4724
9862 37 51 0.4094
9881 18 69 0.4567
9900 18 52 0.4252
9918 18 59 0.4409
9918 18 67 0.4409
9937 18 45 0.4016
9956 18 57 0.4331
9956 18 66 0.4331
9975 18 47 0.4016
9993 18 55 0.4331
9993 18 64 0.4331
10012 18 47 0.4016
10031 18 54 0.4331
10031 18 63 0.4331
10050 37 55 0.5197
10050 37 64 0.5197
10068 18 52 0.378
10087 18 40 0.4173
10106 18 87 0.3937
10125 37 88 0.4331
10143 18 52 0.2992
10162 18 40 0.3386
10181 18 64 0.3937
10200 37 62 0.4252
10200 37 65 0.4252
10218 18 52 0.3386
10237 18 40 0.3701
10256 18 62 0.3622
10256 18 65 0.3622
10275 37 59 0.4094
10275 37 68 0.4094
10293 18 52 0.378
10312 18 40 0.4094
10331 18 59 0.3937
10331 18 68 0.3937
10350 37 60 0.4252
10350 37 69 0.4252
10368 18 52 0.4016
10387 18 40 0.4646
10406 18 60 0.4016
10406 18 69 0.4016
10425 37 61 0.4252
10425 37 67 0.4252
10443 18 51 0.4094
10462 18 39 0.4331
10481 18 61 0.4094
10481 18 67 0.4094
10500 37 62 0.4409
10500 37 66 0.4409
10518 18 50 0.3701
10537 18 38 0.4094
10556 18 85 0.4173
10575 37 86 0.4646
10593 18 50 0.2756
10612 18 38 0.315
10631 18 62 0.3386
10650 37 61 0.3622
10650 37 64 0.3622
10668 18 50 0.2992
10687 18 38 0.3386
10706 18 61 0.2992
10706 18 64 0.2992
10725 37 60 0.3386
10725 37 66 0.3386
10743 18 50 0.2835
10762 18 38 0.3228
10781 18 62 0.4016
10800 28 67 0.4724
10800 18 55 0.2677
10800 18 59 0.315
10818 18 55 0.2677
10818 18 59 0.315
10828 4 71 0.378
10832 4 69 0.378
10837 18 67 0.4409
10837 18 55 0.2677
10837 18 59 0.315
10856 18 55 0.2598
10856 18 59 0.3071
10875 18 55 0.2677
10875 18 59 0.315
10893 18 62 0.4173
10893 18 55 0.2677
10893 18 59 0.3228
10912 18 67 0.4173
10912 18 55 0.2677
10912 18 59 0.3228
10931 18 71 0.4173
10931 18 55 0.2677
10931 18 59 0.3228
10950 9 71 0.4488
10950 37 55 0.2913
10950 37 60 0.3465
10959 9 69 0.4252
10968 9 67 0.4252
10978 9 69 0.4252
10987 18 67 0.4488
10987 18 55 0.3228
10987 18 59 0.3228
11006 18 74 0.4252
11025 9 74 0.4252
11025 9 65 0.3228
11025 9 67 0.3228
11043 9 74 0.4252
11043 9 65 0.3228
11043 9 67 0.3228
11062 9 74 0.4252
11062 9 65 0.3228
11062 9 67 0.3228
11081 9 74 0.4252
11081 9 67 0.3228
11081 9 65 0.3228
11100 28 74 0.4488
11100 56 64 0.3622
11100 56 67 0.3622
11128 4 76 0.3701
11132 4 74 0.3701
11137 18 72 0.4094
11156 18 71 0.3937
11156 18 62 0.3228
11156 18 65 0.3228
11175 18 69 0.4094
11175 37 60 0.3858
11175 37 64 0.3858
11193 37 81 0.5433
11212 37 61 0.3937
11212 37 64 0.3937
11231 18 79 0.5118
11250 9 79 0.4961
11250 37 62 0.3622
11259 9 78 0.4252
11268 9 76 0.4252
11278 9 74 0.4252
11287 18 74 0.4252
11306 18 74 0.4409
11325 9 74 0.4252
11334 9 76 0.4094
11343 9 72 0.4252
11353 9 74 0.4094
11362 9 71 0.4252
11371 9 72 0.4016
11381 9 69 0.4252
11390 9 71 0.4094
11400 28 67 0.4724
11400 18 55 0.2677
11400 18 59 0.315
11418 18 55 0.2362
11418 18 59 0.2835
11428 4 71 0.3622
11432 4 69 0.3701
11437 9 67 0.4409
11437 18 55 0.2362
11437 18 59 0.2835
11446 9 62 0.378
11456 9 71 0.378
11456 18 55 0.2362
11456 18 59 0.2835
11465 9 69 0.378
11475 9 67 0.4409
11475 18 55 0.2677
11475 18 59 0.315
11484 9 62 0.378
11493 9 67 0.378
11493 18 55 0.252
11493 18 59 0.2992
11503 9 71 0.378
11512 9 74 0.4409
11512 18 55 0.252
11512 18 59 0.2992
11521 9 71 0.4094
11531 9 69 0.4094
11531 18 55 0.252
11531 18 59 0.2992
11540 9 67 0.4094
11550 9 71 0.4646
11550 37 55 0.2913
11550 37 60 0.3465
11559 9 69 0.4094
11568 9 67 0.4094
11578 9 69 0.4094
11587 18 67 0.4252
11587 18 55 0.2677
11587 18 59 0.3228
11606 18 76 0.4252
11625 9 75 0.4016
11625 18 71 0.3228
11625 18 67 0.3228
11634 9 76 0.4094
11643 9 77 0.4173
11643 18 71 0.2992
11643 18 67 0.2992
11653 9 78 0.4252
11662 9 79 0.4409
11662 18 71 0.3465
11662 18 67 0.3465
11671 9 80 0.4488
11681 9 81 0.4567
11681 18 67 0.3228
11681 18 71 0.3228
11690 9 82 0.4646
11700 37 83 0.5354
11700 18 71 0.3622
11700 18 67 0.3071
11718 18 67 0.3071
11718 18 71 0.3622
11737 9 81 0.4724
11737 18 67 0.3071
11737 18 71 0.3622
11746 9 79 0.4409
11756 9 78 0.4409
11756 18 67 0.3071
11756 18 71 0.3622
11765 9 76 0.4409
11775 37 74 0.4724
11775 18 66 0.3622
11775 18 57 0.3071
11793 18 57 0.3071
11793 18 66 0.3622
11812 6 74 0.4094
11812 18 57 0.3071
11812 18 64 0.3622
11818 6 73 0.378
11825 6 74 0.378
11831 6 73 0.378
11831 18 57 0.3071
11831 18 64 0.3622
11837 6 71 0.378
11843 6 73 0.378
11850 9 74 0.4252
11850 18 62 0.2913
11850 18 66 0.3465
11859 9 76 0.3937
11868 9 78 0.4016
11868 18 62 0.252
11868 18 66 0.2992
11878 9 79 0.4094
11887 9 81 0.4173
11887 18 62 0.252
11887 18 66 0.2992
11896 9 83 0.4252
11906 9 85 0.4331
11906 18 62 0.252
11906 18 66 0.2992
11915 9 86 0.4409
11925 9 85 0.4646
11925 18 62 0.2835
11925 18 67 0.3386
11934 9 88 0.4331
11943 9 85 0.4331
11943 18 62 0.252
11943 18 67 0.2992
11953 9 81 0.4331
11962 9 79 0.4567
11962 18 62 0.252
11962 18 67 0.2992
11971 9 83 0.4331
11981 9 79 0.4331
11981 18 62 0.252
11981 18 67 0.2992
11990 9 76 0.4331
12000 9 78 0.4488
12000 18 62 0.2913
12000 18 66 0.3465
12009 9 81 0.4173
12018 9 79 0.4173
12018 18 62 0.252
12018 18 66 0.2992
12028 9 78 0.4173
12037 9 76 0.4331
12037 18 62 0.252
12037 18 66 0.2992
12046 9 74 0.4173
12056 9 73 0.4173
12056 18 62 0.252
12056 18 66 0.2992
12065 9 71 0.4173
12075 9 69 0.4409
12075 18 62 0.2913
12075 18 67 0.3465
12084 9 71 0.4094
12093 9 73 0.4094
12093 18 62 0.252
12093 18 67 0.2992
12103 9 74 0.4094
12112 9 76 0.4331
12112 18 62 0.252
12112 18 67 0.2992
12121 9 78 0.4016
12131 9 79 0.4173
12131 18 62 0.252
12131 18 67 0.2992
12140 9 76 0.4252
12150 9 74 0.4409
12150 18 62 0.2992
12150 18 66 0.3543
12159 9 76 0.4409
12168 9 78 0.4646
12168 18 62 0.2677
12168 18 66 0.3228
12178 9 79 0.4803
12187 9 81 0.4803
12187 18 62 0.2992
12187 18 66 0.3543
12196 9 83 0.5039
12206 9 85 0.5197
12206 9 62 0.2677
12206 9 66 0.315
12215 4 86 0.5197
12225 37 74 0.5039
12225 37 62 0.315
12225 37 66 0.378
12300 28 67 0.4724
12300 18 55 0.2677
12300 18 59 0.315
12318 18 55 0.2362
12318 18 59 0.2835
12328 4 71 0.3622
12332 4 69 0.3701
12337 9 67 0.4409
12337 18 55 0.2362
12337 18 59 0.2835
12346 9 62 0.378
12356 9 71 0.378
12356 18 55 0.2362
12356 18 59 0.2835
12365 9 69 0.378
12375 9 67 0.4409
12375 18 55 0.2677
12375 18 59 0.315
12384 9 62 0.378
12393 9 67 0.378
12393 18 55 0.252
12393 18 59 0.2992
12403 9 71 0.378
12412 9 74 0.4409
12412 18 55 0.252
12412 18 59 0.2992
12421 9 71 0.4094
12431 9 69 0.4094
12431 18 55 0.252
12431 18 59 0.2992
12440 9 67 0.4094
12450 9 71 0.4646
12450 37 55 0.2913
12450 37 60 0.3465
12459 9 69 0.4094
12468 9 67 0.4094
12478 9 69 0.4094
12487 18 67 0.4252
12487 18 55 0.2677
12487 18 59 0.3228
12506 18 74 0.4094
12525 18 74 0.4252
12525 9 65 0.2992
12534 9 67 0.2598
12543 18 74 0.4094
12543 9 65 0.2992
12553 9 67 0.2598
12562 18 74 0.4094
12562 9 65 0.2992
12571 9 67 0.2677
12581 18 74 0.4094
12581 9 65 0.2992
12590 9 67 0.2598
12600 9 74 0.4488
12600 37 64 0.4094
12609 9 79 0.4252
12618 9 76 0.4252
12628 9 74 0.4252
12637 9 72 0.4488
12646 9 76 0.4252
12656 9 72 0.4252
12656 9 64 0.378
12665 9 71 0.4252
12665 9 62 0.378
12675 9 69 0.4488
12675 37 60 0.4094
12684 9 88 0.4488
12693 9 84 0.4488
12703 9 83 0.4488
12712 9 81 0.4488
12721 9 84 0.4252
12731 9 81 0.4252
12731 18 61 0.4094
12740 9 79 0.4252
12750 9 78 0.4488
12750 75 62 0.4567
12759 9 79 0.4252
12768 9 81 0.4252
12778 9 79 0.4252
12787 9 78 0.4409
12796 9 76 0.4252
12806 9 74 0.4252
12815 9 73 0.4252
12825 9 74 0.4567
12825 37 50 0.4094
12834 9 86 0.4252
12843 9 72 0.4567
12853 9 84 0.4173
12862 9 71 0.4803
12871 9 83 0.4409
12881 9 69 0.4803
12890 9 81 0.4409
12900 18 55 0.2677
12900 18 59 0.315
12900 28 67 0.5197
12918 18 55 0.2362
12918 18 59 0.2835
12928 4 71 0.3622
12932 4 69 0.3701
12937 9 67 0.4409
12937 18 55 0.2362
12937 18 59 0.2835
12946 9 62 0.378
12956 9 71 0.378
12956 18 55 0.2362
12956 18 59 0.2835
12965 9 69 0.378
12975 9 67 0.4409
12975 18 55 0.2677
12975 18 59 0.315
12984 9 62 0.378
12993 9 67 0.378
12993 18 55 0.252
12993 18 59 0.2992
13003 9 71 0.378
13012 9 74 0.4409
13012 18 55 0.252
13012 18 59 0.2992
13021 9 71 0.4094
13031 9 69 0.4094
13031 18 55 0.252
13031 18 59 0.2992
13040 9 67 0.4094
13050 9 71 0.4646
13050 37 55 0.2913
13050 37 60 0.3465
13059 9 69 0.4094
13068 9 67 0.4094
13078 9 69 0.4094
13087 18 67 0.4252
13087 18 55 0.2677
13087 18 59 0.3228
13106 18 76 0.4252
13125 9 75 0.4016
13125 18 71 0.3228
13125 18 67 0.3228
13134 9 76 0.4094
13143 9 77 0.4173
13143 18 71 0.2992
13143 18 67 0.2992
13153 9 78 0.4252
13162 9 79 0.4409
13162 18 71 0.3465
13162 18 67 0.3465
13171 9 80 0.4488
13181 9 81 0.4567
13181 18 67 0.3228
13181 18 71 0.3228
13190 9 82 0.4646
13200 37 83 0.5354
13200 18 71 0.3622
13200 18 67 0.3071
13218 18 67 0.3071
13218 18 71 0.3622
13237 9 81 0.4724
13237 18 67 0.3071
13237 18 71 0.3622
13246 9 79 0.4409
13256 9 78 0.4409
13256 18 67 0.3071
13256 18 71 0.3622
13265 9 76 0.4409
13275 37 74 0.4724
13275 18 66 0.3622
13275 18 57 0.3071
13293 18 57 0.3071
13293 18 66 0.3622
13312 6 74 0.4094
13312 18 57 0.3071
13312 18 64 0.3622
13318 6 73 0.378
13325 6 74 0.378
13331 6 73 0.378
13331 18 57 0.3071
13331 18 64 0.3622
13337 6 71 0.378
13343 6 73 0.378
13350 9 74 0.4252
13350 18 62 0.2913
13350 18 66 0.3465
13359 9 76 0.3937
13368 9 78 0.4016
13368 18 62 0.252
13368 18 66 0.2992
13378 9 79 0.4094
13387 9 81 0.4173
13387 18 62 0.252
13387 18 66 0.2992
13396 9 83 0.4252
13406 9 85 0.4331
13406 18 62 0.252
13406 18 66 0.2992
13415 9 86 0.4409
13425 9 85 0.4646
13425 18 62 0.2835
13425 18 67 0.3386
13434 9 88 0.4331
13443 9 85 0.4331
13443 18 62 0.252
13443 18 67 0.2992
13453 9 81 0.4331
13462 9 79 0.4567
13462 18 62 0.252
13462 18 67 0.2992
13471 9 83 0.4331
13481 9 79 0.4331
13481 18 62 0.252
13481 18 67 0.2992
13490 9 76 0.4331
13500 9 78 0.4488
13500 18 62 0.2913
13500 18 66 0.3465
13509 9 81 0.4173
13518 9 79 0.4173
13518 18 62 0.252
13518 18 66 0.2992
13528 9 78 0.4173
13537 9 76 0.4331
13537 18 62 0.252
13537 18 66 0.2992
13546 9 74 0.4173
13556 9 73 0.4173
13556 18 62 0.252
13556 18 66 0.2992
13565 9 71 0.4173
13575 9 69 0.4409
13575 18 62 0.2913
13575 18 67 0.3465
13584 9 71 0.4094
13593 9 73 0.4094
13593 18 62 0.252
13593 18 67 0.2992
13603 9 74 0.4094
13612 9 76 0.4331
13612 18 62 0.252
13612 18 67 0.2992
13621 9 78 0.4016
13631 9 79 0.4173
13631 18 62 0.252
13631 18 67 0.2992
13640 9 76 0.4252
13650 9 74 0.4409
13650 18 62 0.2992
13650 18 66 0.3543
13659 9 76 0.4409
13668 9 78 0.4646
13668 18 62 0.2677
13668 18 66 0.3228
13678 9 79 0.4803
13687 9 81 0.4803
13687 18 62 0.2992
13687 18 66 0.3543
13696 9 83 0.4961
13706 9 85 0.5197
13706 9 62 0.2677
13706 9 66 0.315
13715 4 86 0.5433
13725 37 74 0.5197
13725 37 62 0.315
13725 37 66 0.378
13800 28 77 0.4252
13800 9 58 0.3543
13809 9 65 0.3071
13818 9 62 0.3543
13828 4 74 0.3701
13828 9 65 0.2992
13832 4 75 0.3701
13837 18 77 0.4331
13837 9 58 0.3543
13846 9 65 0.3228
13856 37 89 0.6614
13856 9 62 0.3543
13865 9 65 0.3071
13875 9 60 0.3543
13884 9 65 0.3071
13893 18 69 0.4016
13893 9 63 0.3543
13903 9 65 0.3071
13912 18 69 0.4016
13912 9 60 0.3543
13921 9 65 0.3228
13931 18 69 0.4016
13931 9 63 0.3543
13940 9 65 0.315
13950 28 70 0.4252
13950 9 58 0.3543
13959 9 65 0.315
13968 9 62 0.3543
13978 4 70 0.3701
13978 9 65 0.315
13982 4 72 0.3701
13987 18 74 0.4331
13987 9 58 0.3543
13996 9 65 0.315
14006 37 86 0.622
14006 9 62 0.3543
14015 9 65 0.3071
14025 9 57 0.3543
14034 9 62 0.3071
14043 18 66 0.4016
14043 9 60 0.3543
14053 9 62 0.3228
14062 18 66 0.4016
14062 9 57 0.3543
14071 9 62 0.315
14081 18 66 0.4016
14081 9 60 0.3543
14090 9 62 0.315
14100 28 67 0.4646
14100 9 55 0.3543
14109 9 62 0.315
14118 9 58 0.3543
14128 4 67 0.3701
14128 9 62 0.3071
14132 4 69 0.3701
14137 18 70 0.4646
14137 9 55 0.3543
14146 9 62 0.315
14156 37 82 0.6142
14156 9 58 0.3543
14165 9 62 0.315
14175 9 51 0.3543
14184 9 55 0.3071
14193 18 61 0.4331
14193 9 54 0.3543
14203 9 55 0.3071
14212 18 61 0.4331
14212 9 51 0.3543
14221 9 55 0.3071
14231 18 61 0.4331
14231 9 54 0.3543
14240 9 55 0.3071
14250 9 62 0.4252
14250 37 50 0.4567
14259 9 64 0.4409
14268 9 66 0.4488
14278 9 67 0.4646
14287 9 69 0.4724
14296 9 66 0.4488
14306 9 67 0.4724
14315 9 64 0.4409
14325 37 62 0.5354
14325 9 38 0.4724
14334 9 50 0.4724
14343 9 36 0.4724
14353 9 48 0.4646
14362 9 35 0.4567
14371 9 47 0.4488
14381 9 33 0.4409
14390 9 45 0.4409
14400 37 31 0.5118
14400 28 67 0.4724
14428 4 71 0.3622
14432 4 69 0.3701
14437 9 67 0.4409
14437 18 55 0.2362
14437 18 59 0.2835
14446 9 62 0.378
14456 9 71 0.378
14456 18 55 0.2362
14456 18 59 0.2835
14465 9 69 0.378
14475 9 67 0.4409
14475 18 55 0.2677
14475 18 59 0.315
14484 9 62 0.378
14493 9 67 0.378
14493 18 55 0.252
14493 18 59 0.2992
14503 9 71 0.378
14512 9 74 0.4409
14512 18 55 0.252
14512 18 59 0.2992
14521 9 71 0.4094
14531 9 69 0.4094
14531 18 55 0.252
14531 18 59 0.2992
14540 9 67 0.4094
14550 9 71 0.4646
14550 37 55 0.2913
14550 37 60 0.3465
14559 9 69 0.4094
14568 9 67 0.4094
14578 9 69 0.4094
14587 18 67 0.4252
14587 18 55 0.2677
14587 18 59 0.3228
14606 9 88 0.3622
14615 9 76 0.3465
14625 9 88 0.3701
14625 18 74 0.3228
14625 18 68 0.3228
14634 9 76 0.3465
14643 9 88 0.3858
14643 18 74 0.2992
14643 18 68 0.2992
14653 9 76 0.3543
14662 9 88 0.4016
14662 18 74 0.3465
14662 18 68 0.3465
14671 9 76 0.3622
14681 9 88 0.4094
14681 18 68 0.3228
14681 18 74 0.3228
14690 9 76 0.3858
14700 23 88 0.4252
14700 37 72 0.3937
14700 37 76 0.3937
14723 4 86 0.378
14728 4 84 0.378
14732 4 83 0.3701
14737 18 81 0.3701
14756 9 86 0.3622
14765 9 74 0.3465
14775 9 86 0.3701
14775 18 72 0.3228
14775 18 66 0.3228
14784 9 74 0.3465
14793 9 86 0.3858
14793 18 72 0.2992
14793 18 66 0.2992
14803 9 74 0.3543
14812 9 86 0.4016
14812 18 72 0.3465
14812 18 66 0.3465
14821 9 74 0.3622
14831 9 86 0.4094
14831 18 66 0.3228
14831 18 72 0.3228
14840 9 74 0.3858
14850 23 86 0.4252
14850 37 71 0.3937
14850 37 74 0.3937
14873 4 84 0.378
14878 4 83 0.378
14882 4 81 0.3701
14887 18 79 0.3701
15056 4 86 0.3071
15060 4 84 0.3071
15065 4 83 0.3071
15070 4 81 0.3071
15075 9 79 0.3701
15093 4 83 0.3071
15098 4 81 0.3071
15103 4 79 0.3071
15107 4 78 0.3071
15112 9 76 0.3937
15131 4 79 0.2992
15135 4 78 0.2992
15140 4 76 0.2992
15145 4 74 0.2992
15150 37 72 0.3937
15150 37 64 0.2677
15150 37 67 0.2677
15206 4 79 0.4094
15210 4 77 0.4094
15215 4 75 0.4094
15220 4 74 0.4094
15225 18 72 0.4961
15225 9 63 0.3543
15234 9 67 0.2992
15243 18 83 0.4961
15243 9 63 0.3543
15253 9 67 0.2992
15262 18 84 0.5591
15262 9 63 0.3543
15271 9 67 0.3071
15281 18 84 0.5197
15281 9 63 0.3543
15290 9 67 0.3071
15300 9 84 0.5039
15300 37 62 0.3937
15300 37 66 0.3937
15309 9 83 0.4488
15318 9 84 0.4488
15328 9 81 0.4488
15337 9 83 0.5039
15337 37 67 0.3622
15346 9 81 0.4488
15356 9 83 0.4488
15365 9 79 0.4488
15375 9 81 0.4961
15375 37 60 0.3858
15375 37 72 0.3858
15384 9 80 0.4488
15393 9 81 0.4488
15403 9 76 0.4488
15412 9 79 0.4961
15412 37 62 0.3701
15412 37 72 0.3701
15421 9 78 0.4488
15431 9 76 0.4488
15440 9 74 0.4488
15450 9 79 0.5118
15450 18 67 0.3071
15450 18 71 0.3701
15459 9 74 0.4409
15468 9 79 0.4567
15468 18 67 0.2677
15468 18 71 0.315
15478 9 83 0.4803
15487 9 86 0.5354
15487 18 67 0.2835
15487 18 71 0.3386
15496 9 83 0.4882
15506 9 81 0.4724
15506 18 67 0.2677
15506 18 71 0.315
15515 9 79 0.4488
15525 9 78 0.5039
15525 18 67 0.2835
15525 18 72 0.3386
15534 9 74 0.4409
15543 9 78 0.4409
15543 18 67 0.2441
15543 18 72 0.2913
15553 9 81 0.4409
15562 9 84 0.5039
15562 18 67 0.2835
15562 18 72 0.3386
15571 9 81 0.4488
15581 9 79 0.4488
15581 18 67 0.2441
15581 18 72 0.2913
15590 9 78 0.4488
15600 9 79 0.5118
15600 18 67 0.3071
15600 18 71 0.3701
15609 9 74 0.4409
15618 9 79 0.4567
15618 18 67 0.2677
15618 18 71 0.315
15628 9 83 0.4803
15637 9 86 0.5354
15637 18 67 0.2835
15637 18 71 0.3386
15646 9 83 0.4882
15656 9 81 0.4724
15656 18 67 0.2677
15656 18 71 0.315
15665 9 79 0.4488
15675 9 78 0.5039
15675 18 67 0.2835
15675 18 72 0.3386
15684 9 74 0.4409
15693 9 78 0.4409
15693 18 67 0.2441
15693 18 72 0.2913
15703 9 81 0.4409
15712 9 84 0.5039
15712 18 67 0.2835
15712 18 72 0.3386
15721 9 81 0.4488
15731 9 79 0.4488
15731 18 67 0.2441
15731 18 72 0.2913
15740 9 78 0.4488
15750 9 79 0.5118
15750 37 67 0.3071
15750 37 71 0.3701
15759 9 83 0.4646
15768 9 79 0.4646
15778 9 74 0.4646
15787 9 71 0.5118
15796 9 67 0.4409
15806 9 62 0.4331
15815 9 59 0.4252
15825 18 55 0.4724
15900 28 77 0.4252
15900 9 58 0.3543
15909 9 65 0.3071
15918 9 62 0.3543
15928 4 74 0.3701
15928 9 65 0.2992
15932 4 75 0.3701
15937 18 77 0.4331
15937 9 58 0.3543
15946 9 65 0.3228
15956 37 89 0.6614
15956 9 62 0.3543
15965 9 65 0.3071
15975 9 60 0.3543
15984 9 65 0.3071
15993 18 69 0.4016
15993 9 63 0.3543
16003 9 65 0.3071
16012 18 69 0.4016
16012 9 60 0.3543
16021 9 65 0.3228
16031 18 69 0.4016
16031 9 63 0.3543
16040 9 65 0.315
16050 28 70 0.4252
16050 9 58 0.3543
16059 9 65 0.315
16068 9 62 0.3543
16078 4 70 0.3701
16078 9 65 0.315
16082 4 72 0.3701
16087 18 74 0.4331
16087 9 58 0.3543
16096 9 65 0.315
16106 37 86 0.622
16106 9 62 0.3543
16115 9 65 0.3071
16125 9 57 0.3543
16134 9 62 0.3071
16143 18 66 0.4016
16143 9 60 0.3543
16153 9 62 0.3228
16162 18 66 0.4016
16162 9 57 0.3543
16171 9 62 0.315
16181 18 66 0.4016
16181 9 60 0.3543
16190 9 62 0.315
16200 28 67 0.4646
16200 9 55 0.3543
16209 9 62 0.315
16218 9 58 0.3543
16228 4 67 0.3701
16228 9 62 0.3071
16232 4 69 0.3701
16237 18 70 0.4646
16237 9 55 0.3543
16246 9 62 0.315
16256 37 82 0.6142
16256 9 58 0.3543
16265 9 62 0.315
16275 9 51 0.3543
16284 9 55 0.3071
16293 18 61 0.4331
16293 9 54 0.3543
16303 9 55 0.3071
16312 18 61 0.4331
16312 9 51 0.3543
16321 9 55 0.3071
16331 18 61 0.4331
16331 9 54 0.3543
16340 9 55 0.3071
16350 9 62 0.4252
16350 37 50 0.4567
16359 9 64 0.4409
16368 9 66 0.4488
16378 9 67 0.4646
16387 9 69 0.4724
16396 9 66 0.4488
16406 9 67 0.4724
16415 9 64 0.4409
16425 37 62 0.5354
16425 9 38 0.4567
16434 9 50 0.4488
16443 9 36 0.4488
16453 9 48 0.4409
16462 9 35 0.4409
16471 9 47 0.4331
16481 9 33 0.4331
16490 9 45 0.4409
16500 37 31 0.5118
16500 28 67 0.4724
16528 4 71 0.3622
16532 4 69 0.3701
16537 9 67 0.4409
16537 18 55 0.2362
16537 18 59 0.2835
16546 9 62 0.378
16556 9 71 0.378
16556 18 55 0.2362
16556 18 59 0.2835
16565 9 69 0.378
16575 9 67 0.4409
16575 18 55 0.2677
16575 18 59 0.315
16584 9 62 0.378
16593 9 67 0.378
16593 18 55 0.252
16593 18 59 0.2992
16603 9 71 0.378
16612 9 74 0.4409
16612 18 55 0.252
16612 18 59 0.2992
16621 9 71 0.4094
16631 9 69 0.4094
16631 18 55 0.252
16631 18 59 0.2992
16640 9 67 0.4094
16650 9 71 0.4646
16650 37 55 0.2913
16650 37 60 0.3465
16659 9 69 0.4094
16668 9 67 0.4094
16678 9 69 0.4094
16687 18 67 0.4252
16687 18 55 0.2677
16687 18 59 0.3228
16706 9 88 0.3622
16715 9 76 0.3465
16725 9 88 0.3701
16725 9 74 0.3228
16725 9 68 0.3228
16734 9 76 0.3465
16743 9 88 0.3858
16743 9 74 0.2992
16743 9 68 0.2992
16753 9 76 0.3543
16762 9 88 0.4016
16762 9 74 0.3465
16762 9 68 0.3465
16771 9 76 0.3622
16781 9 88 0.4094
16781 9 68 0.3228
16781 9 74 0.3228
16790 9 76 0.3858
16800 23 88 0.4252
16800 37 72 0.3937
16800 37 76 0.3937
16823 4 86 0.378
16828 4 84 0.378
16832 4 83 0.3701
16837 18 81 0.3701
16856 9 86 0.3622
16865 9 74 0.3465
16875 9 86 0.3701
16875 9 72 0.3228
16875 9 66 0.3228
16884 9 74 0.3465
16893 9 86 0.3858
16893 9 72 0.2992
16893 9 66 0.2992
16903 9 74 0.3543
16912 9 86 0.4016
16912 9 72 0.3465
16912 9 66 0.3465
16921 9 74 0.3622
16931 9 86 0.4094
16931 9 66 0.3228
16931 9 72 0.3228
16940 9 74 0.3858
16950 23 86 0.4252
16950 37 71 0.3937
16950 37 74 0.3937
16973 4 84 0.378
16978 4 83 0.378
16982 4 81 0.3701
16987 18 79 0.3701
17156 4 86 0.3071
17160 4 84 0.3071
17165 4 83 0.3071
17170 4 81 0.3071
17175 9 79 0.3701
17193 4 83 0.3071
17198 4 81 0.3071
17203 4 79 0.3071
17207 4 78 0.3071
17212 9 76 0.3937
17231 4 79 0.2992
17235 4 78 0.2992
17240 4 76 0.2992
17245 4 74 0.2992
17250 37 72 0.3937
17250 37 64 0.2677
17250 37 67 0.2677
17306 4 79 0.4094
17310 4 77 0.4094
17315 4 75 0.4094
17320 4 74 0.4094
17325 18 72 0.4961
17325 9 63 0.3543
17334 9 67 0.2992
17343 18 83 0.4961
17343 9 63 0.3543
17353 9 67 0.2992
17362 18 84 0.5591
17362 9 63 0.3543
17371 9 67 0.3071
17381 18 84 0.5197
17381 9 63 0.3543
17390 9 67 0.3071
17400 9 84 0.5039
17400 37 62 0.3937
17400 37 66 0.3937
17409 9 83 0.4488
17418 9 84 0.4488
17428 9 81 0.4488
17437 9 83 0.5039
17437 37 67 0.3622
17446 9 81 0.4488
17456 9 83 0.4488
17465 9 79 0.4488
17475 9 81 0.4961
17475 37 60 0.3858
17475 37 72 0.3858
17484 9 80 0.4488
17493 9 81 0.4488
17503 9 76 0.4488
17512 9 79 0.4961
17512 37 62 0.3701
17512 37 72 0.3701
17521 9 78 0.4488
17531 9 76 0.4488
17540 9 74 0.4488
17550 9 79 0.5118
17550 18 67 0.3071
17550 18 71 0.3701
17559 9 74 0.4409
17568 9 79 0.4567
17568 18 67 0.2677
17568 18 71 0.315
17578 9 83 0.4803
17587 9 86 0.5354
17587 18 67 0.2835
17587 18 71 0.3386
17596 9 83 0.4882
17606 9 81 0.4724
17606 18 67 0.2677
17606 18 71 0.315
17615 9 79 0.4488
17625 9 78 0.5039
17625 18 67 0.2835
17625 18 72 0.3386
17634 9 74 0.4409
17643 9 78 0.4409
17643 18 67 0.2441
17643 18 72 0.2913
17653 9 81 0.4409
17662 9 84 0.5039
17662 18 67 0.2835
17662 18 72 0.3386
17671 9 81 0.4488
17681 9 79 0.4488
17681 18 67 0.2441
17681 18 72 0.2913
17690 9 78 0.4488
17700 9 79 0.5118
17700 18 67 0.3071
17700 18 71 0.3701
17709 9 74 0.4409
17718 9 79 0.4567
17718 18 67 0.2677
17718 18 71 0.315
17728 9 83 0.4803
17737 9 86 0.5354
17737 18 67 0.2835
17737 18 71 0.3386
17746 9 83 0.4882
17756 9 81 0.4724
17756 18 67 0.2677
17756 18 71 0.315
17765 9 79 0.4488
17775 9 78 0.5039
17775 18 67 0.2835
17775 18 72 0.3386
17784 9 74 0.4409
17793 9 78 0.4409
17793 18 67 0.2441
17793 18 72 0.2913
17803 9 81 0.4409
17812 9 84 0.5039
17812 18 67 0.2835
17812 18 72 0.3386
17821 9 81 0.4488
17831 9 79 0.4488
17831 18 67 0.2441
17831 18 72 0.2913
17840 9 78 0.4488
17850 9 79 0.5118
17850 37 67 0.3071
17850 37 71 0.3701
17859 9 83 0.4646
17868 9 79 0.4646
17878 9 74 0.4646
17887 9 71 0.5118
17896 9 67 0.4409
17906 9 62 0.4331
17915 9 59 0.4252
17925 18 55 0.4724
