0 195 70 0.3465
0 195 42 0.2283
0 195 49 0.2756
16 16 58 0.2047
32 16 61 0.2047
48 16 66 0.2283
65 16 61 0.1969
81 16 58 0.1732
97 16 61 0.2362
113 16 58 0.1969
130 16 61 0.1969
146 16 66 0.2283
162 16 61 0.2047
178 16 58 0.1811
195 97 70 0.3228
195 97 49 0.2756
195 97 42 0.2283
211 16 58 0.2126
227 16 61 0.2283
243 16 66 0.2441
260 16 61 0.2047
276 16 58 0.2283
292 97 70 0.3465
292 97 42 0.2283
292 97 49 0.2756
308 16 58 0.2205
325 16 61 0.2362
341 16 66 0.2756
357 16 61 0.2441
373 16 58 0.2598
390 195 70 0.3858
390 390 51 0.2756
390 390 39 0.2283
406 16 58 0.2126
422 16 63 0.2126
439 16 66 0.2677
455 16 63 0.2283
471 16 58 0.2047
487 16 63 0.2913
504 16 58 0.2283
520 16 63 0.2283
536 16 66 0.2835
552 16 63 0.2283
569 16 58 0.1969
585 195 66 0.3858
601 16 54 0.2362
617 16 58 0.2362
634 16 63 0.2835
650 16 58 0.2362
666 16 54 0.2362
682 16 58 0.2913
699 16 54 0.2362
715 16 58 0.2362
731 16 63 0.2756
747 16 58 0.2362
764 16 54 0.2126
780 195 68 0.3858
780 195 35 0.2283
780 195 47 0.2756
796 16 56 0.2283
813 16 59 0.2283
829 16 63 0.2913
845 16 59 0.2283
861 16 56 0.2283
878 16 59 0.2913
894 16 56 0.2283
910 16 59 0.2283
926 16 63 0.2835
943 16 59 0.2283
959 16 56 0.2283
975 48 66 0.3622
975 146 37 0.2283
975 146 49 0.2756
991 16 56 0.2283
1008 16 59 0.2283
1024 48 65 0.3543
1040 16 56 0.2205
1056 16 59 0.2205
1073 48 63 0.3465
1089 16 56 0.2283
1105 16 59 0.2362
1121 48 61 0.315
1121 48 47 0.1575
1121 48 49 0.2047
1138 16 53 0.2283
1154 16 56 0.2362
1170 48 66 0.3858
1170 97 46 0.2283
1170 97 49 0.2756
1186 16 54 0.252
1203 16 58 0.2598
1219 16 61 0.2756
1235 16 58 0.2835
1252 16 54 0.2992
1268 48 70 0.378
1268 85 51 0.2756
1268 85 42 0.2283
1284 16 60 0.2992
1300 16 63 0.2835
1317 16 66 0.2756
1333 16 63 0.2598
1349 16 60 0.252
1353 207 37 0.2283
1365 146 68 0.3228
1365 195 53 0.2756
1382 16 56 0.2126
1398 16 61 0.2126
1414 16 65 0.2362
1430 16 61 0.2126
1447 16 56 0.2126
1463 16 61 0.2362
1479 16 56 0.2126
1495 16 61 0.2126
1512 16 65 0.2441
1512 48 69 0.3071
1528 16 61 0.189
1544 16 57 0.189
1560 195 70 0.3465
1560 195 49 0.2756
1560 195 42 0.2283
1577 16 58 0.2047
1593 16 61 0.2047
1609 16 66 0.2283
1626 16 61 0.1969
1642 16 58 0.1969
1658 16 61 0.2362
1674 16 58 0.1969
1691 16 61 0.1654
1707 16 66 0.2283
1723 16 61 0.2047
1739 16 58 0.189
1756 97 70 0.3228
1756 97 49 0.2756
1756 97 42 0.2283
1772 16 58 0.2126
1788 16 61 0.2283
1804 16 66 0.2441
1821 16 61 0.2047
1837 16 58 0.2283
1853 97 70 0.3465
1853 97 49 0.2756
1853 97 42 0.2283
1869 16 58 0.2205
1886 16 61 0.2362
1902 16 66 0.2756
1918 16 61 0.2441
1934 16 58 0.2598
1951 195 70 0.3858
1951 195 51 0.2756
1951 195 39 0.2283
1967 16 58 0.2126
1983 16 63 0.2126
2000 16 66 0.2677
2016 16 63 0.2283
2032 16 58 0.2283
2048 16 63 0.2913
2065 16 58 0.2283
2081 16 63 0.2283
2097 16 66 0.2835
2113 16 63 0.2283
2130 16 58 0.2283
2146 97 66 0.3858
2146 97 39 0.2283
2146 97 51 0.2756
2162 16 54 0.2362
2178 16 58 0.2362
2195 16 63 0.2835
2211 16 58 0.2362
2227 16 54 0.2362
2243 97 65 0.3858
2243 97 46 0.2756
2243 97 34 0.2283
2260 16 53 0.2362
2276 16 56 0.2362
2292 16 62 0.2756
2308 16 56 0.2362
2325 16 53 0.2362
2341 97 63 0.3858
2341 97 35 0.2283
2341 97 47 0.2756
2357 16 51 0.2756
2373 16 54 0.2992
2390 16 59 0.3386
2406 16 54 0.3543
2422 16 51 0.3858
2439 97 68 0.4567
2439 97 44 0.2756
2439 97 32 0.2283
2455 16 56 0.3228
2471 16 59 0.3228
2487 16 63 0.3701
2504 16 59 0.2598
2520 16 56 0.2598
2536 48 66 0.3622
2536 195 37 0.2283
2536 195 49 0.2756
2552 16 59 0.2283
2569 16 56 0.2283
2585 48 65 0.3543
2601 16 59 0.2205
2617 16 56 0.2205
2634 48 63 0.3465
2650 16 59 0.2283
2666 16 56 0.2362
2682 48 65 0.315
2699 16 59 0.2283
2715 16 56 0.2362
2731 195 68 0.3858
2731 390 42 0.2283
2731 390 49 0.2756
2747 16 59 0.2126
2764 16 61 0.2126
2780 16 65 0.2677
2796 16 61 0.2283
2813 16 59 0.2283
2829 16 61 0.2913
2845 16 59 0.2283
2861 16 61 0.2283
2878 16 65 0.2835
2894 16 61 0.2283
2910 16 59 0.2283
2926 195 66 0.3858
2943 16 54 0.2362
2959 16 58 0.189
2975 16 61 0.2835
2991 16 58 0.2362
3008 16 54 0.189
3024 16 58 0.2913
3040 16 54 0.2362
3056 16 58 0.2047
3073 16 61 0.2756
3089 16 58 0.2362
3105 16 54 0.2047
3121 195 68 0.3465
3121 195 53 0.2756
3121 195 49 0.2283
3138 16 56 0.2047
3154 16 61 0.2047
3170 16 65 0.2283
3186 16 61 0.1969
3203 16 56 0.1969
3219 16 61 0.2362
3235 16 56 0.2047
3252 16 61 0.2047
3268 16 65 0.2362
3284 16 61 0.2126
3300 16 56 0.2126
3317 195 70 0.3386
3317 195 51 0.2677
3317 195 55 0.315
3317 195 46 0.2677
3333 16 61 0.2283
3349 16 63 0.2441
3365 16 67 0.3071
3382 16 63 0.2441
3398 16 61 0.3465
3414 16 63 0.3701
3430 16 61 0.4016
3447 16 63 0.4252
3463 16 67 0.4331
3479 16 63 0.4882
3495 16 61 0.5276
3512 146 73 0.5827
3512 195 56 0.3937
3512 195 44 0.3228
3512 195 51 0.3228
3528 16 61 0.4016
3544 16 63 0.4016
3560 16 68 0.5197
3577 16 63 0.3858
3593 16 61 0.3858
3609 16 63 0.4331
3626 16 61 0.2913
3642 16 63 0.2598
3658 48 71 0.3937
3658 16 68 0.2913
3674 16 63 0.2598
3691 16 59 0.2598
3707 195 71 0.3228
3707 195 56 0.2756
3707 195 51 0.2283
3707 195 44 0.2283
3723 16 59 0.2205
3739 16 63 0.2205
3756 16 68 0.2362
3772 16 63 0.1969
3788 16 59 0.1969
3804 16 63 0.2441
3821 16 59 0.1969
3837 16 63 0.1969
3853 16 68 0.2283
3869 16 63 0.1969
3886 16 59 0.1969
3902 195 71 0.4252
3902 195 52 0.2598
3902 195 56 0.315
3918 16 59 0.2598
3934 16 64 0.2598
3951 16 68 0.2913
3967 16 64 0.252
3983 16 59 0.252
4000 16 64 0.3071
4016 16 59 0.2598
4032 16 64 0.2598
4048 16 68 0.3071
4065 16 64 0.2756
4081 16 59 0.2835
4097 97 71 0.3858
4097 97 54 0.3622
4097 97 51 0.3071
4113 16 59 0.2913
4130 16 63 0.315
4146 16 66 0.3465
4162 16 63 0.2913
4178 16 59 0.3071
4195 97 73 0.4331
4195 97 58 0.3622
4195 97 49 0.3071
4195 97 54 0.3071
4211 16 64 0.3858
4227 16 66 0.4016
4243 16 70 0.4724
4260 16 66 0.5039
4276 16 64 0.4961
4292 146 76 0.5433
4292 195 47 0.3701
4292 195 54 0.3701
4292 195 59 0.4488
4308 16 64 0.4488
4325 16 66 0.4488
4341 16 71 0.4961
4357 16 66 0.378
4373 16 64 0.378
4390 16 66 0.4252
4406 16 64 0.2756
4422 16 66 0.2913
4439 48 75 0.4488
4439 16 71 0.3307
4455 16 66 0.2913
4471 16 63 0.2913
4487 195 75 0.3543
4487 195 47 0.2598
4487 195 54 0.2598
4487 195 59 0.315
4504 16 63 0.2441
4520 16 66 0.2441
4536 16 71 0.2677
4552 16 66 0.2205
4569 16 63 0.2205
4585 16 66 0.2756
4601 16 63 0.2205
4617 16 66 0.2205
4634 16 71 0.2677
4650 16 66 0.2205
4666 16 63 0.2205
4682 195 75 0.3701
4682 195 47 0.2283
4682 195 54 0.2756
4699 16 63 0.252
4715 16 66 0.252
4731 16 71 0.3543
4747 16 66 0.252
4764 16 63 0.2756
4780 16 66 0.2441
4796 16 63 0.2441
4813 16 66 0.2441
4829 16 71 0.2835
4845 16 66 0.2362
4861 16 63 0.2362
4878 48 75 0.3622
4878 97 56 0.2756
4878 195 47 0.2283
4894 16 68 0.2283
4910 16 65 0.2283
4926 48 71 0.3386
4943 16 68 0.2205
4959 16 65 0.2205
4975 48 70 0.3386
4975 97 53 0.2756
4991 16 65 0.2205
5008 16 61 0.2205
5024 48 68 0.3071
5040 16 65 0.2205
5056 16 61 0.2205
5073 195 73 0.3701
5073 195 46 0.2283
5073 195 54 0.2756
5089 16 61 0.252
5105 16 66 0.252
5121 16 70 0.252
5138 16 66 0.252
5154 16 61 0.2441
5170 16 66 0.3228
5186 16 61 0.2441
5203 16 66 0.2126
5219 16 70 0.2835
5235 16 66 0.2362
5252 16 61 0.2047
5268 48 73 0.3622
5268 195 47 0.2283
5268 97 54 0.2756
5284 16 66 0.2283
5300 16 63 0.2283
5317 48 71 0.3386
5333 16 66 0.2205
5349 16 63 0.2205
5365 48 68 0.3386
5365 81 56 0.2756
5382 16 63 0.2205
5398 16 59 0.2205
5414 48 63 0.3071
5430 16 59 0.2205
5447 16 56 0.2205
5463 195 66 0.3701
5463 195 49 0.2756
5479 16 54 0.2283
5495 16 58 0.2283
5512 16 61 0.3071
5528 16 58 0.2283
5544 16 54 0.2283
5560 16 58 0.2835
5577 16 54 0.2362
5593 16 58 0.2362
5609 16 61 0.2835
5626 16 58 0.2362
5642 16 54 0.2362
5646 12 37 0.2756
5658 48 66 0.3543
5658 195 49 0.2756
5674 16 59 0.2283
5691 16 56 0.2283
5707 48 65 0.3228
5723 16 59 0.2205
5739 16 56 0.2205
5756 48 70 0.3307
5756 48 54 0.2756
5772 16 61 0.2205
5788 16 59 0.2205
5804 48 68 0.3071
5804 48 53 0.2756
5821 16 61 0.2047
5837 16 59 0.2047
5853 195 66 0.3701
5853 195 42 0.2362
5853 195 49 0.2756
5869 16 54 0.2283
5886 16 58 0.2283
5902 16 61 0.2283
5918 16 58 0.2283
5934 16 54 0.2047
5951 16 58 0.2835
5967 16 54 0.2362
5983 16 58 0.2362
6000 16 61 0.2835
6016 16 58 0.2362
6032 16 54 0.2362
6048 97 66 0.3701
6048 97 49 0.2756
6048 97 46 0.2362
6065 16 54 0.2283
6081 16 58 0.2283
6097 16 61 0.2835
6113 16 58 0.2283
6130 16 54 0.2441
6146 97 67 0.3701
6146 97 46 0.2362
6146 97 49 0.2756
6162 16 55 0.2362
6178 16 58 0.2362
6195 16 61 0.2835
6211 16 58 0.2362
6227 16 55 0.2362
6243 195 68 0.3465
6243 195 49 0.2283
6243 195 53 0.2756
6260 16 56 0.2047
6276 16 61 0.2047
6292 16 65 0.2283
6308 16 61 0.1969
6325 16 56 0.1969
6341 16 61 0.2362
6357 16 56 0.2047
6373 16 61 0.2047
6390 16 65 0.2362
6406 16 61 0.2126
6422 16 56 0.2126
6439 195 70 0.3386
6439 195 46 0.2677
6439 195 55 0.315
6439 97 52 0.2677
6455 16 61 0.2283
6471 16 64 0.2441
6487 16 67 0.3307
6504 16 64 0.2992
6520 16 61 0.3386
6536 16 63 0.378
6537 97 51 0.4331
6552 16 61 0.4094
6569 16 63 0.4488
6585 16 67 0.4882
6601 16 63 0.4567
6617 16 61 0.4724
6634 146 73 0.6142
6634 195 44 0.3228
6634 195 51 0.3228
6634 146 55 0.3937
6650 16 61 0.4646
6666 16 63 0.4488
6682 16 70 0.5354
6699 16 63 0.3307
6715 16 61 0.3701
6731 16 63 0.4409
6747 16 61 0.2756
6764 16 63 0.2835
6780 48 71 0.3937
6780 16 68 0.2913
6780 48 56 0.3465
6796 16 63 0.2598
6813 16 59 0.2598
6829 195 71 0.3228
6829 195 51 0.2283
6829 195 56 0.2756
6829 170 44 0.2283
6845 16 59 0.2205
6861 16 63 0.2205
6878 16 68 0.2362
6894 16 63 0.1969
6910 16 59 0.1969
6926 16 63 0.2441
6943 16 59 0.1969
6959 16 63 0.1969
6975 16 68 0.2283
6991 16 63 0.1969
7000 24 42 0.4724
7008 16 59 0.1969
7024 195 71 0.4252
7024 195 40 0.5354
7040 16 59 0.2598
7056 16 64 0.2598
7073 16 68 0.2913
7089 16 64 0.252
7105 16 59 0.252
7121 16 64 0.3071
7138 16 59 0.2598
7154 16 64 0.2598
7170 16 68 0.3386
7186 16 64 0.2835
7203 16 59 0.2913
7219 97 71 0.4567
7219 97 39 0.4331
7235 16 59 0.3071
7252 16 63 0.315
7268 16 66 0.3858
7284 16 63 0.3386
7300 16 59 0.3543
7317 97 73 0.4252
7317 12 37 0.4409
7329 12 39 0.3071
7333 16 64 0.3622
7341 12 37 0.3307
7349 16 66 0.3858
7353 12 39 0.3465
7365 16 70 0.4882
7365 16 37 0.4331
7382 16 66 0.4646
7382 16 35 0.3622
7398 16 64 0.5276
7398 16 37 0.4409
7414 146 76 0.6063
7414 390 35 0.5276
7430 16 64 0.4173
7447 16 66 0.4094
7463 16 73 0.4961
7479 16 66 0.3622
7495 16 64 0.3622
7512 16 66 0.4252
7528 16 64 0.315
7544 16 66 0.315
7560 48 75 0.4016
7560 16 71 0.4016
7577 16 66 0.2913
7593 16 63 0.2913
7609 195 75 0.4331
7626 16 63 0.2756
7642 16 66 0.2756
7658 16 71 0.3543
7674 16 66 0.2362
7691 16 63 0.252
7707 16 66 0.3307
7723 16 63 0.2441
7739 16 66 0.2441
7756 16 71 0.3228
7772 16 66 0.2441
7788 16 63 0.2441
7804 195 75 0.3701
7804 195 47 0.2283
7804 195 54 0.2756
7821 16 63 0.252
7837 16 66 0.252
7853 16 71 0.2913
7869 16 66 0.252
7886 16 63 0.2598
7902 16 66 0.2756
7918 16 63 0.2441
7934 16 66 0.2441
7951 16 71 0.2835
7967 16 66 0.2362
7983 16 63 0.2362
8000 48 75 0.3937
8000 195 47 0.2283
8000 97 56 0.2756
8016 16 68 0.2283
8032 16 65 0.2283
8048 48 74 0.378
8065 16 68 0.2205
8081 16 65 0.2205
8097 48 71 0.3307
8097 97 53 0.2756
8113 16 65 0.2205
8130 16 62 0.2205
8146 48 68 0.3071
8162 16 65 0.2205
8178 16 61 0.2205
8195 195 73 0.3701
8195 195 54 0.2756
8195 195 46 0.2283
8211 16 61 0.252
8227 16 66 0.252
8243 16 70 0.2835
8260 16 66 0.252
8276 16 61 0.252
8292 16 66 0.2835
8308 16 61 0.2441
8325 16 66 0.2441
8341 16 70 0.2835
8357 16 66 0.2362
8373 16 61 0.2362
8390 48 73 0.3622
8390 48 55 0.2756
8390 146 47 0.2283
8406 16 67 0.2283
8422 16 63 0.2283
8439 48 71 0.3386
8439 48 56 0.2756
8455 16 68 0.2205
8471 16 63 0.2205
8487 48 68 0.3386
8487 97 51 0.2756
8504 16 63 0.2205
8520 16 59 0.2205
8536 48 63 0.3071
8536 48 48 0.2283
8552 16 60 0.2205
8569 16 56 0.2205
8585 195 66 0.3701
8585 195 49 0.2756
8601 16 54 0.2283
8617 16 58 0.2283
8634 16 61 0.2677
8650 16 58 0.2283
8666 16 54 0.2362
8682 16 58 0.2677
8699 16 54 0.2362
8715 16 58 0.2362
8731 16 61 0.2835
8747 16 58 0.2362
8764 16 54 0.2362
8768 12 37 0.2756
8780 48 66 0.3543
8780 195 49 0.2756
8796 16 59 0.2283
8813 16 56 0.2283
8829 48 65 0.3228
8845 16 59 0.2205
8861 16 56 0.2205
8878 48 70 0.3307
8878 48 54 0.2756
8894 16 61 0.2205
8910 16 59 0.2205
8926 48 68 0.3071
8926 48 53 0.2756
8943 16 61 0.2047
8959 16 59 0.2047
8975 390 66 0.3701
8975 292 42 0.2362
8975 292 49 0.2756
8991 16 54 0.2283
9008 16 58 0.2283
9024 16 61 0.2598
9040 16 58 0.2283
9056 16 54 0.2283
9073 16 58 0.252
9089 16 54 0.2362
9105 16 58 0.2362
9121 16 61 0.2835
9138 16 58 0.2362
9154 16 54 0.2362
9170 16 58 0.2913
9186 16 54 0.2283
9203 16 58 0.2283
9219 16 61 0.252
9235 16 58 0.2283
9252 16 54 0.3543
9268 16 58 0.378
9268 97 50 0.4331
9268 97 41 0.4331
9284 16 54 0.4016
9300 16 58 0.4173
9317 16 62 0.4409
9333 16 58 0.4646
9349 16 54 0.4803
9365 195 70 0.5984
9365 146 39 0.4567
9365 146 51 0.4567
9382 16 58 0.3937
9398 16 63 0.3937
9414 16 66 0.4961
9430 16 63 0.3858
9447 16 58 0.378
9463 16 63 0.4803
9479 16 58 0.378
9495 16 63 0.378
9512 16 66 0.4331
9512 16 39 0.4488
9528 16 63 0.3701
9528 16 41 0.4803
9544 16 58 0.3701
9544 16 42 0.5118
9560 195 70 0.5748
9560 146 42 0.5433
9577 16 58 0.3465
9593 16 63 0.3465
9609 16 66 0.4173
9626 16 63 0.3386
9642 16 58 0.3386
9658 16 63 0.4331
9674 16 58 0.3465
9691 16 63 0.3543
9707 16 66 0.4016
9707 16 42 0.4724
9723 16 63 0.3622
9723 16 44 0.4961
9739 16 58 0.3622
9739 16 46 0.5276
9756 48 70 0.5354
9756 390 46 0.6063
9772 16 62 0.4252
9788 16 65 0.4252
9804 48 77 0.5118
9804 48 59 0.4409
9821 16 65 0.3465
9837 16 68 0.3465
9853 48 74 0.4803
9853 48 56 0.4252
9869 16 65 0.3228
9886 16 68 0.3228
9902 48 71 0.4094
9902 48 53 0.3858
9918 16 65 0.2756
9934 16 68 0.2756
9951 48 71 0.4173
9951 170 50 0.3858
9967 16 65 0.2992
9983 16 68 0.2992
10000 48 70 0.3937
10016 16 65 0.2756
10032 16 68 0.2756
10048 48 70 0.3858
10065 16 58 0.2913
10081 16 65 0.2992
10097 48 68 0.3701
10113 16 58 0.252
10121 12 48 0.2756
10130 16 65 0.2441
10134 12 50 0.2756
10146 48 68 0.3465
10146 97 51 0.3465
10162 16 58 0.2598
10178 16 63 0.2756
10195 48 66 0.3465
10211 16 58 0.252
10227 16 63 0.252
10243 48 65 0.315
10243 97 44 0.3465
10260 16 56 0.2441
10276 16 59 0.2441
10292 48 68 0.3465
10308 16 56 0.2362
10325 16 59 0.2362
10341 97 63 0.3307
10341 146 46 0.3307
10357 16 51 0.252
10373 16 54 0.252
10390 16 58 0.3071
10406 16 54 0.252
10422 16 51 0.252
10439 73 62 0.3307
10455 16 50 0.2598
10471 16 53 0.2598
10487 16 58 0.3386
10487 16 44 0.4646
10504 16 53 0.378
10504 16 42 0.4882
10520 16 70 0.4252
10520 16 41 0.5197
10536 195 70 0.5197
10536 146 39 0.5433
10536 146 51 0.5433
10552 16 58 0.378
10569 16 63 0.378
10585 16 66 0.4409
10601 16 63 0.378
10617 16 58 0.378
10634 16 63 0.4409
10650 16 58 0.378
10666 16 63 0.378
10682 16 66 0.378
10682 16 39 0.4803
10699 16 63 0.378
10699 16 41 0.5039
10715 16 58 0.3465
10715 16 42 0.5276
10731 146 70 0.4882
10731 146 42 0.5512
10747 16 58 0.3228
10764 16 63 0.3465
10780 16 66 0.3858
10796 16 63 0.3543
10813 16 58 0.3465
10829 16 63 0.4016
10845 16 58 0.3701
10861 16 63 0.3465
10878 48 71 0.4724
10878 16 66 0.3701
10878 16 42 0.4567
10894 16 63 0.3307
10894 16 44 0.4803
10910 16 58 0.3307
10910 16 46 0.5039
10926 48 70 0.4331
10926 390 46 0.5827
10943 16 62 0.3622
10959 16 65 0.3622
10975 48 77 0.4646
10975 48 59 0.4409
10991 16 65 0.3465
11008 16 68 0.3465
11024 48 74 0.4173
11024 48 56 0.4252
11040 16 65 0.3228
11056 16 68 0.3228
11073 48 71 0.3701
11073 48 53 0.3858
11089 16 65 0.2756
11105 16 68 0.2756
11121 48 70 0.4173
11121 97 50 0.3858
11138 16 65 0.2992
11154 16 68 0.2992
11170 48 71 0.3937
11186 16 65 0.2756
11203 16 68 0.2756
11219 48 70 0.3858
11219 10 50 0.2756
11230 10 51 0.2362
11235 16 58 0.2913
11241 10 50 0.2756
11252 16 65 0.2992
11252 10 51 0.2362
11262 10 50 0.2756
11268 48 68 0.3701
11273 10 51 0.252
11284 16 58 0.252
11284 10 50 0.2756
11295 10 48 0.252
11300 16 65 0.2441
11306 10 50 0.2992
11317 16 68 0.3465
11317 97 51 0.3465
11333 16 58 0.2598
11349 16 63 0.2756
11365 16 66 0.3465
11382 16 58 0.252
11398 16 63 0.252
11414 16 65 0.315
11414 97 44 0.3465
11430 16 56 0.2441
11447 16 59 0.2441
11463 16 71 0.3465
11479 16 59 0.2362
11495 16 65 0.2362
11512 97 63 0.3307
11512 146 46 0.3307
11528 16 51 0.252
11544 16 54 0.252
11560 16 58 0.252
11577 16 54 0.252
11593 16 51 0.252
11609 73 62 0.3307
11626 16 50 0.2598
11642 16 58 0.2598
11642 16 53 0.2598
11658 48 70 0.2598
11658 48 38 0.2756
11658 48 50 0.315
11674 16 58 0.2598
11691 16 65 0.3465
11707 16 68 0.2913
11707 97 39 0.2441
11707 97 51 0.2913
11723 16 58 0.2205
11739 16 63 0.2283
11756 16 66 0.2913
11772 16 58 0.2126
11788 16 63 0.2126
11804 16 64 0.2677
11804 97 32 0.2441
11804 97 44 0.2913
11821 16 56 0.2047
11837 16 59 0.2047
11853 16 71 0.2913
11869 16 59 0.1969
11886 16 64 0.1969
11902 97 63 0.2756
11902 97 42 0.2756
11902 97 30 0.2283
11918 16 51 0.2126
11934 16 54 0.2126
11951 16 59 0.2126
11967 16 54 0.2126
11983 16 51 0.2126
12000 97 61 0.2756
12000 97 40 0.2756
12016 16 49 0.2205
12032 16 54 0.2205
12048 16 58 0.2205
12065 16 54 0.2205
12081 16 49 0.2441
12097 195 66 0.3071
12097 195 39 0.2756
12113 16 54 0.189
12130 16 59 0.189
12146 16 63 0.189
12162 16 59 0.189
12178 16 54 0.189
12195 16 59 0.2126
12211 16 54 0.189
12227 16 59 0.1732
12243 16 63 0.1969
12260 16 59 0.1811
12276 16 54 0.1732
12292 97 66 0.2756
12292 195 37 0.252
12308 16 54 0.1969
12325 16 58 0.2047
12341 16 64 0.2205
12357 16 58 0.1969
12373 16 54 0.1969
12390 48 68 0.2677
12406 16 58 0.2126
12422 16 64 0.2126
12439 48 66 0.2598
12455 16 64 0.2126
12471 16 58 0.2126
12487 146 75 0.3228
12487 195 35 0.2913
12504 16 63 0.1969
12520 16 66 0.1969
12536 16 71 0.2441
12552 16 66 0.1969
12569 16 63 0.1969
12585 16 66 0.2205
12601 16 63 0.1969
12617 16 66 0.2205
12634 48 73 0.2441
12650 16 67 0.1811
12666 16 63 0.1811
12682 48 73 0.2913
12682 195 40 0.2598
12699 16 68 0.1969
12715 16 59 0.1811
12731 48 71 0.2835
12747 16 68 0.1732
12764 16 59 0.1732
12780 48 68 0.2756
12796 16 64 0.1811
12813 16 59 0.1811
12829 48 64 0.2441
12845 16 61 0.1732
12861 16 56 0.1732
12878 146 63 0.2992
12878 195 42 0.2913
12894 16 51 0.2047
12910 16 54 0.2047
12926 16 59 0.2205
12943 16 54 0.2047
12959 16 51 0.2047
12975 16 54 0.2126
12991 16 51 0.2047
13008 16 54 0.2205
13024 16 59 0.2205
13024 48 63 0.2756
13040 16 54 0.2205
13056 16 51 0.2205
13073 48 68 0.2992
13073 146 49 0.2598
13073 195 42 0.2598
13089 16 58 0.2205
13105 16 61 0.2205
13121 48 66 0.2835
13138 16 58 0.2126
13154 16 61 0.2205
13170 48 64 0.2756
13186 16 54 0.2126
13203 16 58 0.2126
13219 48 61 0.2677
13219 48 52 0.2598
13235 16 54 0.2047
13252 16 58 0.2047
13268 146 59 0.2362
13268 195 35 0.2283
13284 16 47 0.1575
13300 16 51 0.1575
13317 16 54 0.1732
13333 16 51 0.1575
13349 16 47 0.1575
13365 16 51 0.1654
13382 16 47 0.1575
13398 16 51 0.1732
13414 16 54 0.1732
13430 16 51 0.1732
13447 16 47 0.1732
13463 146 59 0.2362
13463 146 31 0.2283
13479 16 47 0.1575
13495 16 52 0.1575
13512 16 55 0.1732
13528 16 52 0.1575
13544 16 47 0.1575
13560 16 52 0.1654
13577 16 47 0.1575
13593 16 52 0.1732
13609 16 55 0.1732
13609 16 31 0.2283
13626 16 52 0.1732
13626 16 33 0.2283
13642 16 47 0.1732
13642 16 35 0.2283
13658 146 59 0.2362
13658 146 35 0.2283
13674 16 47 0.1575
13691 16 51 0.1575
13707 16 54 0.1732
13723 16 51 0.1575
13739 16 47 0.1575
13756 16 51 0.1969
13772 16 47 0.2677
13788 16 51 0.2992
13804 16 54 0.3307
13804 12 37 0.3858
13817 12 39 0.4016
13821 16 51 0.3622
13829 12 40 0.4252
13837 16 47 0.3937
13841 12 42 0.4567
13853 97 59 0.4252
13853 97 43 0.4803
13869 16 47 0.4016
13886 16 50 0.3701
13902 16 53 0.3307
13918 16 50 0.2992
13934 16 47 0.2677
13951 97 58 0.3071
13951 97 42 0.2992
13967 16 49 0.1575
13983 16 52 0.1732
14000 16 54 0.1732
14016 16 52 0.1732
14032 16 49 0.1732
14048 146 59 0.2362
14048 195 35 0.2283
14065 16 47 0.1575
14081 16 51 0.1575
14097 16 54 0.1732
14113 16 51 0.1575
14130 16 47 0.1575
14146 16 51 0.1654
14162 16 47 0.1575
14178 16 51 0.1732
14195 16 54 0.1732
14211 16 51 0.1732
14227 16 47 0.1732
14243 146 59 0.2362
14243 146 32 0.2283
14260 16 47 0.1575
14276 16 52 0.1575
14292 16 56 0.1732
14308 16 52 0.1575
14325 16 47 0.1575
14341 16 52 0.1654
14357 16 47 0.1575
14373 16 52 0.1732
14390 16 56 0.1732
14390 16 32 0.2283
14406 16 52 0.1732
14406 16 34 0.2283
14422 16 47 0.1732
14422 16 35 0.2283
14439 146 59 0.2362
14439 146 35 0.2283
14455 16 47 0.1575
14471 16 51 0.1575
14487 16 54 0.1732
14504 16 51 0.1575
14520 16 47 0.1575
14536 16 51 0.1969
14552 16 47 0.2598
14569 16 51 0.2835
14585 16 54 0.3071
14585 12 37 0.3937
14597 12 39 0.4173
14601 16 51 0.3307
14609 12 40 0.4488
14617 16 47 0.3543
14621 12 42 0.4803
14634 97 59 0.378
14634 97 44 0.5118
14650 16 47 0.3543
14666 16 50 0.3307
14682 16 53 0.315
14699 16 50 0.2913
14715 16 47 0.2756
14731 97 58 0.3071
14731 97 42 0.2992
14747 16 49 0.1575
14764 16 52 0.1732
14780 16 54 0.1732
14796 16 52 0.1732
14813 16 49 0.1732
14829 146 59 0.2362
14829 390 35 0.2283
14845 16 47 0.1575
14861 16 51 0.1575
14878 16 54 0.1732
14894 16 51 0.1575
14910 16 47 0.1575
14926 16 51 0.1969
14943 16 47 0.2205
14959 16 51 0.2441
14975 16 54 0.2677
14991 16 51 0.2913
15008 16 47 0.315
15024 48 59 0.3858
15040 16 51 0.3228
15056 16 54 0.3228
15073 48 63 0.4252
15089 16 54 0.3622
15105 16 59 0.3307
15121 48 66 0.4882
15138 16 59 0.3858
15154 16 63 0.4173
15170 48 71 0.5276
15186 16 63 0.4331
15203 16 66 0.4567
15219 195 71 0.6063
15219 146 44 0.5827
15235 16 59 0.4724
15252 16 62 0.4724
15268 16 65 0.5354
15284 16 62 0.3858
15300 16 59 0.4488
15317 16 62 0.5118
15333 16 59 0.4252
15349 16 62 0.4252
15365 16 65 0.4961
15365 16 44 0.4331
15382 16 62 0.4252
15382 16 46 0.4646
15398 16 59 0.4252
15398 16 47 0.4961
15414 48 70 0.5906
15414 146 47 0.5748
15430 16 56 0.3937
15447 16 62 0.3937
15463 146 68 0.5354
15463 16 65 0.3622
15479 16 62 0.3858
15495 16 56 0.3465
15512 16 62 0.4409
15528 16 56 0.3622
15544 16 62 0.3228
15560 16 65 0.4488
15560 16 47 0.4409
15577 16 62 0.3622
15577 16 49 0.4803
15593 16 56 0.3622
15593 16 50 0.5039
15609 48 66 0.5906
15609 146 50 0.5748
15626 16 56 0.4173
15642 16 58 0.4173
15658 146 65 0.5354
15658 16 59 0.3622
15674 16 58 0.3465
15691 16 56 0.3622
15707 16 58 0.4409
15723 16 56 0.3622
15739 16 58 0.3228
15756 16 59 0.4173
15756 16 50 0.4409
15772 16 58 0.3622
15772 16 51 0.4803
15788 16 56 0.3622
15788 16 53 0.5039
15804 48 63 0.5906
15804 146 53 0.5748
15821 16 56 0.4173
15837 16 58 0.4173
15853 146 62 0.5354
15853 16 59 0.3622
15869 16 58 0.3937
15886 16 56 0.3937
15902 16 58 0.4409
15918 16 56 0.3228
15934 16 58 0.2756
15951 16 59 0.3858
15951 48 41 0.4409
15967 16 58 0.2913
15983 16 56 0.2756
16000 48 65 0.3543
16000 97 42 0.315
16016 16 54 0.2362
16032 16 58 0.189
16048 48 63 0.3465
16065 16 54 0.2283
16081 16 58 0.189
16097 48 66 0.3701
16097 97 38 0.315
16113 16 56 0.2362
16130 16 59 0.189
16146 48 65 0.3465
16162 16 56 0.2756
16178 16 59 0.2362
16195 48 68 0.4252
16195 97 39 0.3858
16211 16 58 0.2913
16227 16 63 0.2362
16243 48 66 0.3701
16260 16 58 0.2362
16276 16 63 0.2047
16292 48 65 0.3937
16292 97 32 0.315
16308 16 56 0.2283
16325 16 59 0.189
16341 48 68 0.3543
16357 16 56 0.2283
16373 16 59 0.1969
16390 146 63 0.2362
16390 113 34 0.2283
16406 16 51 0.1575
16422 16 54 0.1575
16439 16 58 0.1732
16455 16 54 0.1575
16471 16 51 0.1575
16487 16 54 0.1969
16504 16 51 0.2205
16504 16 33 0.1969
16520 16 54 0.2205
16520 16 34 0.1969
16536 16 58 0.2677
16536 16 35 0.2283
16552 16 54 0.2913
16552 16 34 0.1969
16569 16 51 0.315
16569 16 33 0.1969
16585 97 62 0.3858
16585 146 34 0.2283
16601 16 50 0.3228
16617 16 53 0.3228
16634 16 58 0.315
16650 16 53 0.3307
16666 16 50 0.3307
16682 48 65 0.4567
16699 16 58 0.3858
16715 16 62 0.4173
16731 48 70 0.5039
16731 48 46 0.2283
16731 48 34 0.2283
16747 16 62 0.4252
16764 16 65 0.4567
16780 195 71 0.6063
16780 146 44 0.5827
16780 146 32 0.5039
16796 16 59 0.4016
16813 16 62 0.4409
16829 16 65 0.5197
16845 16 62 0.3858
16861 16 59 0.4409
16878 16 62 0.4803
16894 16 59 0.4409
16910 16 62 0.4409
16926 16 65 0.4409
16926 16 44 0.4331
16943 16 62 0.4409
16943 16 46 0.4646
16959 16 59 0.4488
16959 16 47 0.4961
16975 48 70 0.5906
16975 146 35 0.5039
16975 146 47 0.5748
16991 16 56 0.4094
17008 16 62 0.4094
17024 146 68 0.5354
17024 16 65 0.3622
17040 16 62 0.378
17056 16 56 0.378
17073 16 62 0.4409
17089 16 56 0.3622
17105 16 62 0.3228
17121 16 65 0.4173
17121 16 47 0.4409
17138 16 62 0.3622
17138 16 49 0.4803
17154 16 56 0.3622
17154 16 50 0.5039
17170 48 66 0.5906
17170 146 50 0.5748
17171 146 38 0.5039
17186 16 56 0.4094
17203 16 58 0.4173
17219 146 65 0.5354
17219 16 59 0.3622
17235 16 58 0.3465
17252 16 56 0.3937
17268 16 58 0.4409
17284 16 56 0.3622
17300 16 58 0.3228
17317 16 59 0.4173
17317 16 50 0.4409
17333 16 58 0.3622
17333 16 51 0.4803
17349 16 56 0.3622
17349 16 53 0.5039
17365 48 63 0.5906
17365 146 41 0.5039
17365 146 53 0.5748
17382 16 56 0.4409
17398 16 58 0.4409
17414 146 62 0.5354
17414 16 59 0.3622
17430 16 58 0.3701
17447 16 56 0.3701
17463 16 58 0.4409
17479 16 56 0.3228
17495 16 58 0.3071
17512 16 59 0.3858
17512 48 41 0.4409
17528 16 58 0.2913
17544 16 56 0.2756
17560 48 65 0.3543
17560 97 42 0.315
17577 16 54 0.2362
17593 16 58 0.189
17609 48 63 0.3465
17626 16 54 0.2283
17642 16 58 0.189
17658 48 66 0.3701
17658 13 38 0.315
17672 13 39 0.2835
17674 16 56 0.2362
17686 13 38 0.315
17691 16 59 0.189
17700 13 39 0.2835
17707 48 65 0.3465
17714 13 38 0.315
17723 16 56 0.2756
17728 13 36 0.2756
17739 16 59 0.2362
17741 14 38 0.2835
17756 48 68 0.4252
17756 97 39 0.3858
17772 16 58 0.2913
17788 16 63 0.2362
17804 48 66 0.3701
17821 16 58 0.2362
17837 16 63 0.2047
17853 48 64 0.3937
17853 97 32 0.315
17869 16 56 0.2283
17886 16 59 0.189
17901 48 71 0.3543
17918 16 56 0.2283
17934 16 59 0.1969
17951 146 63 0.2362
17951 113 34 0.2283
17967 16 51 0.1575
17983 16 54 0.1575
18000 16 58 0.1732
18016 16 54 0.1575
18032 16 51 0.1575
18048 16 54 0.1969
18065 16 51 0.2205
18065 16 33 0.1969
18081 16 54 0.2205
18081 16 34 0.1969
18097 16 58 0.2677
18097 16 35 0.2283
18113 16 54 0.2913
18113 16 34 0.1969
18130 16 51 0.315
18130 16 33 0.1969
18146 97 62 0.3858
18146 97 34 0.2283
18162 16 50 0.3228
18178 16 53 0.2992
18195 16 58 0.315
18211 16 53 0.2756
18227 16 50 0.2835
18243 16 53 0.315
18243 97 32 0.2283
18260 16 50 0.2756
18276 16 53 0.2756
18292 16 58 0.315
18308 16 53 0.2756
18325 16 50 0.2835
18341 195 70 0.3701
18341 195 31 0.2283
18341 195 43 0.2756
18357 16 58 0.252
18373 16 63 0.252
18390 16 67 0.2913
18406 16 63 0.252
18422 16 58 0.2598
18439 16 63 0.2756
18455 16 58 0.2441
18471 16 63 0.2441
18487 16 67 0.2835
18504 16 63 0.2362
18520 16 58 0.2362
18536 48 70 0.3937
18536 195 41 0.2756
18552 16 58 0.2283
18569 16 62 0.2283
18585 16 68 0.2992
18601 16 62 0.2205
18617 16 58 0.2205
18634 48 72 0.3307
18650 16 62 0.2205
18666 16 68 0.2205
18682 48 70 0.3071
18699 16 68 0.2205
18715 16 62 0.2205
18731 146 79 0.3228
18731 195 39 0.2913
18747 16 67 0.1969
18764 16 70 0.1969
18780 16 75 0.2441
18796 16 70 0.1969
18813 16 67 0.1969
18829 16 70 0.2205
18845 16 67 0.1969
18861 16 70 0.2205
18878 48 77 0.2441
18894 16 71 0.1811
18910 16 67 0.1811
18926 48 77 0.2913
18926 195 44 0.2598
18943 16 72 0.1969
18959 16 63 0.1811
18975 48 75 0.2835
18991 16 72 0.1732
19008 16 63 0.1732
19024 48 72 0.2756
19040 16 68 0.1811
19056 16 63 0.1811
19073 48 68 0.2441
19089 16 65 0.1732
19105 16 60 0.1732
19121 146 67 0.3071
19121 195 46 0.2756
19138 16 55 0.189
19154 16 58 0.189
19170 16 63 0.2283
19186 16 58 0.1969
19203 16 55 0.1969
19219 16 58 0.2283
19235 16 55 0.189
19252 16 58 0.189
19268 16 63 0.2992
19268 48 67 0.2992
19284 16 58 0.1969
19300 16 55 0.1969
19317 48 72 0.2835
19317 146 53 0.2756
19317 195 46 0.2283
19333 16 62 0.2047
19349 16 65 0.2047
19365 48 70 0.2835
19382 16 62 0.1732
19398 16 65 0.1732
19414 48 68 0.2598
19430 16 58 0.189
19447 16 62 0.189
19463 48 65 0.2598
19463 48 56 0.2756
19479 16 58 0.1732
19495 16 62 0.1732
19512 146 63 0.2362
19512 195 39 0.2283
19528 16 51 0.1575
19544 16 55 0.1575
19560 16 58 0.1732
19577 16 55 0.1575
19593 16 51 0.1575
19609 16 55 0.1654
19626 16 51 0.1575
19642 16 55 0.1732
19658 16 58 0.1732
19674 16 55 0.1732
19691 16 51 0.1732
19707 146 63 0.2362
19707 146 37 0.2756
19723 16 51 0.1575
19739 16 55 0.1575
19756 16 58 0.1732
19772 16 55 0.1575
19788 16 51 0.1575
19804 16 55 0.1654
19821 16 51 0.1575
19837 16 55 0.1732
19853 16 58 0.1732
19853 16 40 0.189
19869 16 55 0.1732
19869 16 39 0.2205
19886 16 51 0.1732
19886 16 37 0.2441
19902 146 63 0.2362
19902 195 35 0.2283
19918 16 51 0.1575
19934 16 56 0.1575
19951 16 59 0.1732
19967 16 56 0.1575
19983 16 51 0.1575
20000 16 56 0.1654
20016 16 51 0.1575
20032 16 56 0.1732
20048 16 59 0.1732
20065 16 56 0.1732
20081 16 51 0.1732
20097 146 63 0.2362
20097 113 34 0.2756
20113 16 51 0.1575
20130 16 55 0.1575
20146 16 61 0.1732
20162 16 55 0.1575
20178 16 51 0.1575
20195 16 55 0.1654
20211 16 51 0.1575
20211 16 35 0.189
20227 16 55 0.1732
20227 16 34 0.189
20243 16 61 0.1732
20243 16 37 0.2126
20260 16 55 0.1732
20260 16 35 0.189
20276 16 51 0.1732
20276 16 34 0.189
20292 146 63 0.2362
20292 195 32 0.2283
20308 16 51 0.1575
20325 16 56 0.1575
20341 16 59 0.1732
20357 16 56 0.1575
20373 16 51 0.1575
20390 16 56 0.1654
20406 16 51 0.1575
20422 16 56 0.1732
20439 16 59 0.1732
20455 16 56 0.1732
20471 16 51 0.1732
20487 146 68 0.2835
20487 12 30 0.1732
20500 12 32 0.1417
20504 16 56 0.189
20512 12 30 0.189
20520 16 59 0.189
20524 12 32 0.1654
20536 16 62 0.2126
20536 12 30 0.2126
20548 12 32 0.1811
20552 16 59 0.1969
20560 12 30 0.2441
20569 16 56 0.1969
20573 12 32 0.2047
20585 16 59 0.3071
20585 12 30 0.2756
20597 12 32 0.2283
20601 16 56 0.3386
20609 12 30 0.2992
20617 16 59 0.3622
20621 12 32 0.252
20634 16 62 0.3937
20634 16 30 0.3307
20650 16 59 0.4252
20650 16 29 0.2913
20666 16 56 0.4488
20666 16 30 0.2992
20682 390 71 0.5827
20682 97 41 0.5354
20682 97 29 0.4724
20699 16 59 0.4331
20715 16 61 0.4331
20731 16 68 0.5039
20747 16 61 0.378
20764 16 59 0.378
20780 16 61 0.4094
20780 97 41 0.3937
20796 16 59 0.3307
20804 24 44 0.3228
20813 16 61 0.3307
20829 16 68 0.4016
20829 24 47 0.3228
20845 16 61 0.2992
20853 24 49 0.3228
20861 16 59 0.2835
20878 16 62 0.3622
20878 97 41 0.315
20878 97 50 0.3858
20894 16 59 0.2992
20910 16 62 0.2913
20926 16 68 0.2835
20943 16 62 0.2835
20959 16 59 0.2756
20975 16 61 0.2677
20975 97 49 0.2441
20991 16 59 0.2598
21008 16 61 0.252
21024 16 68 0.2441
21040 16 61 0.2362
21056 16 59 0.2283
21073 195 70 0.3465
21073 195 42 0.2283
21073 195 49 0.2756
21089 16 58 0.2047
21105 16 61 0.2047
21121 16 66 0.2283
21138 16 61 0.1969
21154 16 58 0.1969
21170 16 61 0.2362
21186 16 58 0.1969
21203 16 61 0.1969
21219 16 66 0.2283
21235 16 61 0.2047
21252 16 58 0.2047
21268 97 70 0.3228
21268 97 49 0.2756
21268 97 42 0.2283
21284 16 58 0.2126
21300 16 61 0.2283
21317 16 66 0.2441
21333 16 61 0.2047
21349 16 58 0.2283
21365 97 70 0.3465
21365 97 42 0.2283
21365 97 49 0.2756
21382 16 58 0.2205
21398 16 61 0.2362
21414 16 66 0.2756
21430 16 61 0.2441
21447 16 58 0.2598
21463 195 70 0.3858
21463 390 51 0.2756
21463 390 39 0.2283
21479 16 58 0.2126
21495 16 63 0.2126
21512 16 66 0.2677
21528 16 63 0.2283
21544 16 58 0.2283
21560 16 63 0.2913
21577 16 58 0.2283
21593 16 63 0.2283
21609 16 66 0.2835
21626 16 63 0.2283
21642 16 58 0.2283
21658 195 66 0.3858
21674 16 54 0.2362
21691 16 58 0.2362
21707 16 63 0.2835
21723 16 58 0.2362
21739 16 54 0.2362
21756 16 58 0.2913
21772 16 54 0.2362
21788 16 58 0.2362
21804 16 63 0.2756
21821 16 58 0.2362
21837 16 54 0.2362
21853 195 68 0.3858
21854 195 35 0.2283
21854 195 47 0.2756
21869 16 56 0.2283
21886 16 59 0.2283
21902 16 63 0.2913
21918 16 59 0.2283
21934 16 56 0.2283
21951 16 59 0.2913
21967 16 56 0.2283
21983 16 59 0.2283
22000 16 63 0.2835
22016 16 59 0.2283
22032 16 56 0.2283
22048 48 66 0.3622
22048 146 37 0.2283
22048 146 49 0.2756
22065 16 56 0.2283
22081 16 59 0.2283
22097 48 65 0.3543
22113 16 56 0.2205
22130 16 59 0.2205
22146 48 63 0.3465
22162 16 56 0.2283
22178 16 59 0.2362
22195 48 61 0.315
22195 48 47 0.1575
22195 48 49 0.2047
22211 16 53 0.2283
22227 16 56 0.2362
22243 97 66 0.3858
22243 97 46 0.2283
22243 97 49 0.2756
22260 16 54 0.252
22276 16 58 0.2598
22292 16 61 0.2756
22308 16 58 0.2835
22325 16 54 0.2992
22341 97 70 0.378
22341 85 51 0.2756
22341 85 42 0.2283
22357 16 60 0.2992
22373 16 63 0.2835
22390 16 66 0.2756
22406 16 63 0.2598
22422 16 60 0.252
22426 207 37 0.2283
22439 146 68 0.3228
22439 195 53 0.2756
22455 16 56 0.2126
22471 16 61 0.2126
22487 16 65 0.2362
22504 16 61 0.2126
22520 16 56 0.2126
22536 16 61 0.2362
22552 16 56 0.2126
22569 16 61 0.2126
22585 16 65 0.2441
22585 48 69 0.3071
22601 16 61 0.189
22617 16 57 0.189
22634 195 70 0.3465
22634 195 49 0.2756
22634 195 42 0.2283
22650 16 58 0.2047
22666 16 61 0.2047
22682 16 66 0.2283
22699 16 61 0.1969
22715 16 58 0.1969
22731 16 61 0.2362
22747 16 58 0.1969
22764 16 61 0.1969
22780 16 66 0.2283
22796 16 61 0.2047
22813 16 58 0.2047
22829 97 70 0.3228
22829 97 49 0.2756
22829 97 42 0.2283
22845 16 58 0.2126
22861 16 61 0.2283
22878 16 66 0.2441
22894 16 61 0.2047
22910 16 58 0.2283
22926 97 70 0.3465
22926 97 49 0.2756
22926 97 42 0.2283
22943 16 58 0.2205
22959 16 61 0.2362
22975 16 66 0.2756
22991 16 61 0.2441
23008 16 58 0.2598
23024 195 70 0.3858
23024 292 39 0.2283
23024 292 51 0.2756
23040 16 58 0.2126
23056 16 63 0.2126
23073 16 66 0.2677
23089 16 63 0.2283
23105 16 58 0.2283
23121 16 63 0.2913
23138 16 58 0.2283
23154 16 63 0.2283
23170 16 66 0.2835
23186 16 63 0.2283
23203 16 58 0.2283
23219 97 66 0.3858
23235 16 54 0.2362
23252 16 58 0.2362
23268 16 63 0.2835
23284 16 58 0.2362
23300 16 54 0.2362
23317 97 65 0.3858
23317 97 46 0.2756
23317 97 34 0.2283
23333 16 53 0.2362
23349 16 56 0.2362
23365 16 62 0.2756
23382 16 56 0.2362
23398 16 53 0.2362
23414 97 63 0.3858
23415 97 35 0.2283
23415 97 47 0.2756
23430 16 51 0.2756
23447 16 54 0.315
23463 16 59 0.3543
23479 16 54 0.3937
23495 16 51 0.4409
23512 97 68 0.5118
23512 97 44 0.315
23512 97 32 0.2598
23528 16 56 0.378
23544 16 59 0.3543
23560 16 63 0.4331
23577 16 59 0.2598
23593 16 56 0.2835
23609 48 66 0.3622
23609 195 37 0.2283
23609 195 49 0.2756
23626 16 56 0.2283
23642 16 59 0.2283
23658 48 65 0.3543
23674 16 56 0.2205
23691 16 59 0.2205
23707 48 63 0.3465
23723 16 56 0.2283
23739 16 59 0.2362
23756 48 65 0.315
23772 16 56 0.2283
23788 16 59 0.2362
23804 195 68 0.3858
23804 390 42 0.2283
23804 390 49 0.2756
23821 16 59 0.2126
23837 16 61 0.2126
23853 16 65 0.2677
23869 16 61 0.2283
23886 16 59 0.2283
23902 16 61 0.2913
23918 16 59 0.2283
23934 16 61 0.2283
23951 16 65 0.2835
23967 16 61 0.2283
23983 16 59 0.2283
24000 195 66 0.3858
24016 16 54 0.2362
24032 16 58 0.2362
24048 16 61 0.2835
24065 16 58 0.2362
24081 16 54 0.2362
24097 16 58 0.2913
24113 16 54 0.2362
24130 16 58 0.2362
24146 16 61 0.2756
24162 16 58 0.2362
24178 16 54 0.2362
24195 195 68 0.3465
24195 195 53 0.2756
24195 195 49 0.2283
24211 16 56 0.2047
24227 16 61 0.2047
24243 16 65 0.2283
24260 16 61 0.1969
24276 16 56 0.1969
24292 16 61 0.2362
24308 16 56 0.2047
24325 16 61 0.2047
24341 16 65 0.2362
24357 16 61 0.2126
24373 16 56 0.2126
24390 195 70 0.3386
24390 97 52 0.2677
24390 195 55 0.315
24390 195 46 0.2677
24406 16 61 0.2283
24422 16 64 0.2441
24439 16 67 0.3071
24455 16 64 0.2441
24471 16 61 0.2992
24487 16 63 0.3307
24487 97 51 0.3228
24504 16 61 0.3543
24520 16 63 0.3858
24536 16 67 0.4331
24552 16 63 0.4173
24569 16 61 0.4646
24585 146 73 0.5512
24585 195 44 0.3228
24585 195 51 0.3228
24586 146 55 0.3937
24601 16 61 0.378
24617 16 63 0.3858
24633 16 70 0.4567
24650 16 63 0.3071
24666 16 61 0.3307
24682 16 63 0.4173
24699 16 61 0.315
24715 16 63 0.2598
24731 48 71 0.3937
24731 16 68 0.2913
24733 48 56 0.3465
24747 16 63 0.2598
24764 16 59 0.2598
24780 195 71 0.3228
24780 195 56 0.2756
24780 195 51 0.2283
24780 170 44 0.2283
24796 16 59 0.2205
24813 16 63 0.2205
24829 16 68 0.2362
24845 16 63 0.1969
24861 16 59 0.1969
24878 16 63 0.2441
24894 16 59 0.1969
24910 16 63 0.1969
24926 16 68 0.2283
24943 16 63 0.1969
24951 24 42 0.3386
24959 16 59 0.1969
24975 195 71 0.4252
24975 195 40 0.5354
24991 16 59 0.2598
25008 16 64 0.2598
25024 16 68 0.2913
25040 16 64 0.252
25056 16 59 0.252
25073 16 64 0.3071
25089 16 59 0.2598
25105 16 64 0.2598
25121 16 68 0.3071
25138 16 64 0.2756
25154 16 59 0.2835
25170 97 71 0.3858
25170 97 39 0.4331
25186 16 59 0.2913
25203 16 63 0.315
25219 16 66 0.3465
25235 16 63 0.2992
25252 16 59 0.315
25268 97 73 0.4016
25268 12 37 0.4409
25280 12 39 0.3071
25284 16 64 0.3622
25292 12 37 0.3307
25300 16 66 0.3858
25304 12 39 0.3465
25317 16 70 0.4567
25317 16 37 0.4331
25333 16 66 0.4252
25333 16 35 0.3622
25349 16 64 0.4882
25349 16 37 0.4409
25365 146 76 0.5433
25365 390 35 0.5276
25382 16 64 0.3858
25398 16 66 0.3858
25414 16 73 0.4961
25430 16 66 0.3622
25447 16 64 0.3622
25463 16 66 0.4252
25479 16 64 0.2835
25495 16 66 0.2913
25512 48 75 0.4488
25512 16 71 0.3307
25528 16 66 0.2913
25544 16 63 0.2913
25560 195 75 0.3543
25577 16 63 0.2441
25593 16 66 0.2441
25609 16 71 0.2677
25626 16 66 0.2205
25642 16 63 0.2205
25658 16 66 0.2756
25674 16 63 0.2205
25691 16 66 0.2205
25707 16 71 0.2677
25723 16 66 0.2205
25739 16 63 0.2205
25756 195 75 0.3701
25756 195 54 0.2756
25756 195 47 0.2283
25772 16 63 0.252
25788 16 66 0.252
25804 16 71 0.252
25821 16 66 0.252
25837 16 63 0.3386
25853 16 66 0.2441
25869 16 63 0.2441
25886 16 66 0.2441
25902 16 71 0.2835
25918 16 66 0.2362
25934 16 63 0.2362
25951 48 75 0.3622
25951 195 47 0.2283
25951 97 56 0.2756
25967 16 68 0.2283
25983 16 65 0.2283
26000 48 71 0.3386
26016 16 68 0.2205
26032 16 65 0.2205
26048 48 70 0.3386
26048 97 53 0.2756
26065 16 65 0.2205
26081 16 61 0.2205
26097 48 68 0.3071
26113 16 65 0.2205
26130 16 61 0.2205
26146 195 73 0.3701
26146 195 54 0.2756
26146 195 46 0.2283
26162 16 61 0.252
26178 16 66 0.252
26195 16 70 0.3307
26211 16 66 0.252
26227 16 61 0.252
26243 16 66 0.2756
26260 16 61 0.2441
26276 16 66 0.2441
26292 16 70 0.2835
26308 16 66 0.2362
26325 16 61 0.2362
26341 48 73 0.3622
26341 97 54 0.2756
26341 195 47 0.2283
26357 16 66 0.2283
26373 16 63 0.2283
26390 48 71 0.3386
26406 16 66 0.2205
26422 16 63 0.2205
26439 48 68 0.3386
26439 97 56 0.2756
26455 16 63 0.2205
26471 16 59 0.2205
26487 48 63 0.3071
26504 16 59 0.2205
26520 16 56 0.2205
26536 195 66 0.3701
26536 195 49 0.2756
26552 16 54 0.2283
26569 16 58 0.2283
26585 16 61 0.2992
26601 16 58 0.2283
26617 16 54 0.2441
26634 16 58 0.2756
26650 16 54 0.2362
26666 16 58 0.2362
26682 16 61 0.2835
26699 16 58 0.2362
26715 16 54 0.2362
26719 12 37 0.2756
26731 48 66 0.3543
26731 195 49 0.3307
26747 16 59 0.2283
26764 16 56 0.2283
26780 48 65 0.3228
26796 16 59 0.2205
26813 16 56 0.2205
26829 48 70 0.3307
26829 48 54 0.2756
26845 16 61 0.2205
26861 16 59 0.2205
26878 48 68 0.3071
26878 48 53 0.2756
26894 16 61 0.2047
26910 16 59 0.2047
26926 195 71 0.3701
26926 195 51 0.2362
26926 195 54 0.2756
26943 16 59 0.2283
26959 16 63 0.2283
26975 16 66 0.2283
26991 16 63 0.2283
27008 16 59 0.2047
27024 16 63 0.2835
27040 16 59 0.2362
27056 16 63 0.2362
27073 16 66 0.378
27089 16 63 0.2913
27105 16 59 0.2913
27121 97 73 0.4567
27121 195 54 0.2756
27121 195 58 0.3307
27138 16 64 0.3228
27154 16 66 0.2835
27170 16 70 0.4252
27186 16 66 0.3465
27203 16 64 0.3543
27219 97 74 0.5276
27235 16 64 0.3465
27252 16 66 0.3465
27268 16 70 0.4409
27284 16 66 0.4016
27300 16 64 0.4173
27317 195 75 0.5591
27317 195 47 0.3622
27317 195 54 0.3622
27317 195 59 0.4488
27333 16 63 0.2992
27349 16 66 0.2913
27365 16 71 0.3307
27382 16 66 0.2835
27398 16 63 0.2835
27414 16 66 0.2992
27430 16 63 0.2598
27447 16 66 0.2598
27463 16 71 0.2913
27479 16 66 0.2441
27495 16 63 0.2362
27512 48 75 0.3937
27512 195 47 0.2283
27512 97 56 0.2756
27528 16 68 0.2283
27544 16 65 0.2283
27560 48 74 0.378
27577 16 68 0.2205
27593 16 65 0.2205
27609 48 71 0.3307
27609 97 53 0.2756
27626 16 65 0.2205
27642 16 62 0.2205
27658 48 68 0.3071
27674 16 65 0.2205
27691 16 61 0.2205
27707 195 73 0.3701
27707 195 54 0.2756
27707 195 46 0.2283
27723 16 61 0.252
27739 16 66 0.252
27756 16 70 0.2835
27772 16 66 0.252
27788 16 61 0.252
27804 16 66 0.2835
27821 16 61 0.2441
27837 16 66 0.2441
27853 16 70 0.2835
27869 16 66 0.2362
27886 16 61 0.2362
27902 48 73 0.3622
27902 48 55 0.2756
27902 146 47 0.2283
27918 16 67 0.2283
27934 16 63 0.2283
27951 48 71 0.3386
27951 48 56 0.2756
27967 16 68 0.2205
27983 16 63 0.2205
28000 48 68 0.3386
28000 97 51 0.2756
28016 16 63 0.2205
28032 16 59 0.2205
28048 48 63 0.3071
28048 48 48 0.2283
28065 16 60 0.2205
28081 16 56 0.2205
28097 195 66 0.3701
28097 195 49 0.2756
28113 16 54 0.2283
28130 16 58 0.2283
28146 16 61 0.2677
28162 16 58 0.2283
28178 16 54 0.2362
28195 16 58 0.2677
28211 16 54 0.2362
28227 16 58 0.2362
28243 16 61 0.2835
28260 16 58 0.2362
28276 16 54 0.2362
28280 12 37 0.2756
28292 48 66 0.3543
28292 195 49 0.2756
28308 16 59 0.2283
28325 16 56 0.2283
28341 48 65 0.3228
28357 16 59 0.2205
28373 16 56 0.2205
28390 48 70 0.3307
28390 48 54 0.2756
28406 16 61 0.2205
28422 16 59 0.2205
28439 48 68 0.3071
28439 48 53 0.2756
28455 16 61 0.2047
28471 16 59 0.2047
28487 195 66 0.3701
28487 195 42 0.2756
28504 16 54 0.2283
28520 16 58 0.2283
28536 16 61 0.2598
28552 16 58 0.2283
28569 16 54 0.2283
28585 16 58 0.252
28601 16 54 0.2362
28617 16 58 0.2362
28634 16 61 0.2835
28650 16 58 0.2362
28666 16 54 0.2362
28682 195 66 0.3701
28682 195 40 0.3386
28699 16 54 0.2283
28715 16 58 0.2283
28731 16 61 0.252
28747 16 58 0.2283
28764 16 54 0.2913
28780 16 58 0.3228
28796 16 54 0.3386
28813 16 58 0.3543
28829 16 61 0.3701
28845 16 58 0.3937
28861 16 54 0.4094
28878 195 66 0.4724
28878 195 38 0.4961
28894 16 54 0.3701
28910 16 59 0.3386
28926 16 62 0.4488
28943 16 59 0.3622
28959 16 54 0.3622
28975 16 59 0.4567
28991 16 54 0.3465
29008 16 59 0.3543
29024 16 62 0.4803
29040 16 59 0.4016
29056 16 54 0.4173
29073 97 66 0.5669
29073 13 38 0.3465
29087 13 37 0.3543
29089 16 54 0.378
29100 13 38 0.3701
29105 16 58 0.378
29114 13 37 0.378
29121 16 64 0.4803
29128 13 38 0.3937
29138 16 58 0.4094
29142 13 37 0.4016
29154 16 54 0.4094
29156 14 38 0.4094
29170 48 67 0.5197
29170 16 58 0.4567
29170 13 37 0.4252
29184 13 38 0.4331
29186 16 54 0.4646
29198 13 37 0.4409
29203 16 58 0.4646
29212 13 38 0.4567
29219 48 66 0.5276
29219 16 64 0.5276
29226 13 37 0.4646
29235 16 58 0.4882
29240 13 35 0.4724
29252 16 54 0.4882
29254 14 37 0.4882
29268 195 66 0.6299
29268 195 35 0.6614
29284 16 54 0.4567
29300 16 59 0.4646
29317 16 62 0.5512
29333 16 59 0.4724
29349 16 54 0.4803
29365 16 59 0.5591
29382 16 54 0.4961
29398 16 59 0.4646
29414 16 62 0.5906
29430 16 59 0.4961
29447 16 54 0.5039
29463 97 60 0.6457
29463 195 38 0.6063
29479 16 48 0.5276
29495 16 54 0.5118
29512 16 57 0.4961
29528 16 54 0.4803
29544 16 48 0.4646
29560 16 54 0.4409
29577 16 48 0.4252
29593 16 54 0.3937
29609 16 57 0.3622
29626 16 54 0.3307
29642 16 48 0.3071
29658 195 61 0.3543
29658 195 37 0.315
29674 16 49 0.2598
29691 16 54 0.2598
29707 16 58 0.2835
29723 16 54 0.252
29739 16 49 0.252
29756 16 54 0.2756
29772 16 49 0.2441
29788 16 54 0.2441
29804 16 58 0.2913
29821 16 54 0.2362
29837 16 49 0.2362
29853 48 61 0.3543
29853 48 37 0.2756
29869 16 53 0.2283
29886 16 56 0.2283
29902 48 71 0.3228
29902 146 49 0.2756
29918 16 59 0.2205
29934 16 61 0.2205
29951 48 68 0.3307
29951 48 53 0.2441
29967 16 59 0.2205
29983 16 61 0.2205
30000 48 65 0.3071
30000 48 56 0.2441
30016 16 59 0.2047
30032 16 61 0.2047
30048 195 66 0.3701
30048 195 42 0.2756
30065 16 54 0.2126
30081 16 58 0.2126
30097 16 61 0.2598
30113 16 58 0.2126
30130 16 54 0.2126
30146 16 58 0.252
30162 16 54 0.2362
30178 16 58 0.2362
30195 16 61 0.2835
30211 16 58 0.2362
30227 16 54 0.2362
30243 195 66 0.3701
30243 195 40 0.3386
30260 16 54 0.2283
30276 16 58 0.2283
30292 16 61 0.252
30308 16 58 0.2283
30325 16 54 0.2913
30341 16 58 0.3228
30357 16 54 0.3386
30373 16 58 0.3543
30390 16 61 0.3701
30406 16 58 0.3937
30422 16 54 0.4094
30439 195 66 0.4724
30439 195 38 0.4961
30455 16 54 0.3465
30471 16 59 0.3386
30487 16 62 0.4094
30504 16 59 0.3622
30520 16 54 0.3622
30536 16 59 0.4173
30552 16 54 0.3465
30569 16 59 0.3543
30585 16 62 0.4409
30601 16 59 0.3622
30617 16 54 0.3622
30634 195 66 0.5039
30634 12 36 0.2992
30646 12 38 0.3071
30650 16 54 0.378
30658 12 36 0.3228
30666 16 57 0.378
30670 12 38 0.3465
30682 16 62 0.4567
30682 12 36 0.3543
30695 12 38 0.3701
30699 16 57 0.3701
30707 12 36 0.3937
30715 16 54 0.378
30719 12 38 0.4016
30731 16 57 0.4567
30731 12 36 0.4252
30743 12 38 0.4331
30747 16 54 0.4646
30756 12 36 0.4567
30764 16 57 0.4646
30768 12 38 0.4724
30780 16 62 0.5276
30780 16 36 0.4882
30796 16 57 0.4882
30796 16 34 0.5118
30813 16 54 0.4882
30813 16 36 0.5354
30829 195 67 0.6299
30829 195 34 0.6614
30845 16 55 0.4173
30861 16 58 0.4252
30878 16 62 0.5276
30894 16 58 0.4409
30910 16 55 0.4409
30926 16 58 0.5512
30943 16 55 0.4567
30959 16 58 0.4646
30975 16 62 0.5669
30991 16 58 0.4331
31008 16 55 0.4724
31024 97 60 0.6535
31024 195 38 0.6063
31040 16 48 0.5276
31056 16 54 0.5118
31073 16 57 0.4961
31089 16 54 0.4803
31105 16 48 0.4646
31121 16 54 0.4409
31138 16 48 0.4252
31154 16 54 0.3937
31170 16 57 0.3622
31186 16 54 0.3307
31203 16 48 0.3071
31219 195 61 0.3543
31219 195 37 0.315
31235 16 49 0.2598
31252 16 54 0.2598
31268 16 58 0.2835
31284 16 54 0.252
31300 16 49 0.252
31317 16 54 0.2756
31333 16 49 0.2441
31349 16 54 0.2441
31365 16 58 0.2913
31382 16 54 0.2362
31398 16 49 0.2362
31414 48 61 0.3543
31414 48 37 0.2756
31430 16 53 0.2283
31447 16 56 0.2283
31463 48 71 0.3228
31463 146 49 0.2756
31479 16 59 0.2205
31495 16 61 0.2205
31512 48 68 0.3307
31512 48 53 0.2441
31528 16 59 0.2205
31544 16 61 0.2205
31560 48 65 0.3071
31560 48 56 0.2441
31577 16 59 0.2047
31593 16 61 0.2047
31609 195 66 0.3543
31609 195 42 0.315
31626 16 54 0.252
31642 16 58 0.252
31658 16 61 0.2677
31658 48 49 0.2126
31658 48 46 0.2126
31674 16 54 0.2362
31691 16 58 0.2362
31707 16 63 0.2992
31707 48 47 0.2047
31707 48 51 0.2362
31723 16 54 0.2205
31739 16 59 0.2126
31756 16 61 0.252
31756 48 49 0.189
31756 48 46 0.189
31772 16 54 0.2047
31788 16 58 0.2047
31804 48 65 0.315
31804 48 37 0.2205
31821 16 53 0.1811
31837 16 56 0.1811
31853 48 71 0.2992
31853 146 49 0.2205
31869 16 59 0.1969
31886 16 61 0.1969
31902 48 68 0.3071
31902 48 53 0.189
31918 16 59 0.1732
31934 16 61 0.2047
31951 48 65 0.2756
31951 48 56 0.189
31967 16 59 0.1575
31983 16 61 0.1575
32000 195 66 0.3307
32000 195 42 0.315
32016 16 54 0.1969
32032 16 58 0.2047
32048 16 61 0.252
32048 48 49 0.189
32048 48 46 0.189
32065 16 54 0.2047
32081 16 58 0.2047
32097 16 63 0.2992
32097 48 47 0.1811
32097 48 51 0.2126
32113 16 54 0.1969
32130 16 59 0.1969
32146 16 61 0.252
32146 48 49 0.1654
32146 48 46 0.1654
32162 16 54 0.2047
32178 16 58 0.2047
32195 48 65 0.2835
32195 48 37 0.2205
32211 16 53 0.1811
32227 16 56 0.1811
32243 48 75 0.315
32243 146 49 0.2205
32260 16 65 0.1732
32276 16 68 0.1732
32292 48 71 0.2913
32292 48 56 0.189
32308 16 61 0.1732
32325 16 65 0.1732
32341 48 68 0.2441
32341 48 59 0.189
32357 16 61 0.1575
32373 16 65 0.1575
32390 195 66 0.2835
32390 195 49 0.252
32390 195 42 0.2205
32406 16 54 0.2047
32422 16 58 0.2047
32439 16 61 0.2205
32455 16 58 0.1969
32471 16 54 0.1969
32487 16 58 0.252
32504 16 54 0.189
32520 16 58 0.189
32536 16 61 0.2283
32552 16 58 0.189
32569 16 54 0.189
32585 16 58 0.252
32585 97 66 0.2835
32585 97 49 0.2205
32585 97 42 0.1969
32601 16 54 0.2047
32617 16 58 0.2047
32634 16 61 0.2205
32650 16 58 0.1969
32666 16 54 0.1969
32682 97 66 0.2835
32682 16 58 0.252
32682 97 42 0.1969
32682 97 49 0.2205
32699 16 54 0.189
32715 16 58 0.189
32731 16 61 0.2283
32747 16 58 0.189
32764 16 54 0.189
32780 195 54 0.1969
32780 195 58 0.1969
32780 195 66 0.2835
32796 16 42 0.2047
32813 16 46 0.1969
32829 16 49 0.2126
32845 16 46 0.189
32861 16 42 0.189
32878 16 46 0.2362
32894 16 42 0.1732
32910 16 46 0.1732
32926 16 49 0.2047
32943 16 46 0.1732
32959 16 42 0.1654
32975 97 54 0.1732
32975 97 58 0.1732
32975 97 66 0.252
32975 16 46 0.2205
32991 16 42 0.1811
33008 16 46 0.1811
33024 16 49 0.189
33040 16 46 0.1654
33056 16 42 0.1654
33073 97 54 0.1575
33073 97 58 0.1575
33073 97 66 0.2362
33073 16 46 0.2126
33089 16 42 0.1575
33105 16 37 0.1575
33121 16 42 0.189
33138 16 37 0.1496
33154 16 34 0.1496
33170 390 54 0.1496
33170 390 58 0.1496
33170 390 66 0.2205
33170 390 30 0.1575
33170 390 37 0.1575
33170 390 42 0.1811
