195 11 63 0.252
195 11 67 0.2992
211 11 63 0.252
211 11 67 0.2992
241 11 67 0.3386
241 11 63 0.2835
256 11 67 0.3465
256 11 63 0.2835
286 11 63 0.3228
286 11 67 0.3858
301 11 63 0.3307
301 11 67 0.3858
331 11 63 0.3465
331 11 67 0.4173
346 11 63 0.3465
346 11 67 0.4173
376 11 63 0.3465
376 11 67 0.4173
391 11 63 0.3386
391 11 67 0.4094
422 11 63 0.3071
422 11 67 0.3622
437 11 63 0.2992
437 11 67 0.3622
467 11 67 0.3701
467 11 63 0.315
482 11 67 0.3622
482 11 63 0.3071
512 11 67 0.3228
512 11 63 0.2677
527 11 67 0.3228
527 11 63 0.2677
557 11 70 0.3465
557 11 65 0.2913
572 11 70 0.3543
572 11 65 0.2992
602 11 68 0.4016
602 11 65 0.3465
617 11 68 0.4173
617 11 65 0.3543
648 11 65 0.3858
648 11 68 0.4646
663 11 65 0.3858
663 11 68 0.4646
693 11 63 0.3307
693 11 67 0.4016
708 11 63 0.3307
708 11 67 0.3937
738 11 63 0.3465
738 11 67 0.4173
753 11 63 0.3386
753 11 67 0.4094
783 11 72 0.3465
783 11 66 0.2913
783 11 63 0.2913
798 11 72 0.3465
798 11 66 0.2835
798 11 63 0.2835
829 11 65 0.315
829 11 62 0.2598
844 11 65 0.3071
844 11 62 0.2598
874 11 70 0.2913
874 11 68 0.2441
874 11 62 0.2441
889 11 70 0.2913
889 11 68 0.2441
889 11 62 0.2441
919 11 75 0.3386
919 11 67 0.2835
919 11 63 0.2835
934 11 75 0.3386
934 11 67 0.2835
934 11 63 0.2835
964 11 63 0.3307
964 11 67 0.3307
964 11 75 0.3937
979 11 63 0.3307
979 11 67 0.3307
979 11 75 0.4016
1009 11 63 0.378
1009 11 67 0.378
1009 11 75 0.4488
1024 11 63 0.3858
1024 11 67 0.3858
1024 11 75 0.4567
1055 11 63 0.4094
1055 11 68 0.4094
1055 11 75 0.4882
1070 11 75 0.4961
1070 11 68 0.4173
1070 11 63 0.4173
1100 11 63 0.4646
1100 11 70 0.4646
1100 11 75 0.5512
1115 11 63 0.4646
1115 11 70 0.4646
1115 11 75 0.5512
1145 11 75 0.5039
1145 11 71 0.4331
1145 11 63 0.4331
1160 11 75 0.5039
1160 11 71 0.4252
1160 11 63 0.4252
1190 11 63 0.4567
1190 11 72 0.4567
1190 11 75 0.5433
1205 11 63 0.4488
1205 11 72 0.4488
1205 11 75 0.5354
1235 11 65 0.5039
1235 11 72 0.5039
1235 11 75 0.6063
1235 11 77 0.6063
1251 11 65 0.5039
1251 11 72 0.5039
1251 11 75 0.6063
1251 11 77 0.6063
1281 11 79 0.6142
1281 11 75 0.6142
1281 11 70 0.5197
1281 11 67 0.5197
1296 11 79 0.6142
1296 11 75 0.6142
1296 11 70 0.5197
1296 11 67 0.5197
1326 11 75 0.3937
1326 11 70 0.3307
1326 11 67 0.3307
1341 11 75 0.3858
1341 11 70 0.3228
1341 11 67 0.3228
1371 11 70 0.3858
1371 11 63 0.315
1386 11 70 0.3701
1386 11 63 0.3071
1416 11 62 0.252
1416 11 68 0.252
1416 11 70 0.2992
1431 11 70 0.2913
1431 11 68 0.2441
1431 11 62 0.2441
1462 11 70 0.2756
1462 11 68 0.2283
1462 11 62 0.2283
1477 11 70 0.2756
1477 11 68 0.2283
1477 11 62 0.2283
1492 11 62 0.252
1492 11 68 0.252
1492 11 71 0.2992
1507 11 70 0.2756
1507 11 68 0.2283
1507 11 62 0.2283
1522 11 70 0.2756
1522 11 68 0.2283
1522 11 62 0.2283
1537 45 75 0.3071
1537 45 67 0.2598
1537 45 63 0.2598
1642 11 63 0.252
1642 11 67 0.2992
1658 11 63 0.252
1658 11 67 0.2992
1688 11 67 0.3386
1688 11 63 0.2835
1703 11 67 0.3465
1703 11 63 0.2835
1733 11 63 0.3228
1733 11 67 0.3858
1748 11 63 0.3307
1748 11 67 0.3858
1778 11 63 0.3465
1778 11 67 0.4173
1793 11 63 0.3465
1793 11 67 0.4173
1823 11 63 0.3465
1823 11 67 0.4173
1838 11 63 0.3386
1838 11 67 0.4094
1869 11 63 0.3071
1869 11 67 0.3622
1884 11 63 0.2992
1884 11 67 0.3622
1914 11 67 0.3701
1914 11 63 0.315
1929 11 67 0.3622
1929 11 63 0.3071
1959 11 67 0.3228
1959 11 63 0.2677
1974 11 67 0.3228
1974 11 63 0.2677
2004 11 70 0.3465
2004 11 65 0.2913
2019 11 70 0.3543
2019 11 65 0.2992
2049 11 68 0.4016
2049 11 65 0.3465
2064 11 68 0.4173
2064 11 65 0.3543
2095 11 65 0.3858
2095 11 68 0.4646
2110 11 65 0.3858
2110 11 68 0.4646
2140 11 63 0.3307
2140 11 67 0.4016
2155 11 63 0.3307
2155 11 67 0.3937
2185 11 63 0.3465
2185 11 67 0.4173
2200 11 63 0.3386
2200 11 67 0.4094
2230 11 72 0.3465
2230 11 66 0.2913
2230 11 63 0.2913
2245 11 72 0.3465
2245 11 66 0.2835
2245 11 63 0.2835
2275 11 65 0.315
2275 11 62 0.2598
2291 11 65 0.3071
2291 11 62 0.2598
2321 11 70 0.2913
2321 11 68 0.2441
2321 11 62 0.2441
2336 11 70 0.2913
2336 11 68 0.2441
2336 11 62 0.2441
2366 11 75 0.3386
2366 11 67 0.2835
2366 11 63 0.2835
2381 11 75 0.3386
2381 11 67 0.2835
2381 11 63 0.2835
2411 11 63 0.3307
2411 11 67 0.3307
2411 11 75 0.3937
2426 11 63 0.3307
2426 11 67 0.3307
2426 11 75 0.4016
2456 11 63 0.378
2456 11 67 0.378
2456 11 75 0.4488
2471 11 63 0.3858
2471 11 67 0.3858
2471 11 75 0.4567
2502 11 63 0.4094
2502 11 68 0.4094
2502 11 75 0.4882
2517 11 75 0.4961
2517 11 68 0.4173
2517 11 63 0.4173
2547 11 63 0.4646
2547 11 70 0.4646
2547 11 75 0.5512
2562 11 63 0.4646
2562 11 70 0.4646
2562 11 75 0.5512
2592 11 75 0.5039
2592 11 71 0.4331
2592 11 63 0.4331
2607 11 75 0.5039
2607 11 71 0.4252
2607 11 63 0.4252
2637 11 63 0.4567
2637 11 72 0.4567
2637 11 75 0.5433
2652 11 63 0.4488
2652 11 72 0.4488
2652 11 75 0.5354
2682 11 65 0.5039
2682 11 72 0.5039
2682 11 75 0.6063
2682 11 77 0.6063
2698 11 65 0.5039
2698 11 72 0.5039
2698 11 75 0.6063
2698 11 77 0.6063
2728 11 79 0.6142
2728 11 75 0.6142
2728 11 70 0.5197
2728 11 67 0.5197
2743 11 79 0.6142
2743 11 75 0.6142
2743 11 70 0.5197
2743 11 67 0.5197
2773 11 75 0.3937
2773 11 70 0.3307
2773 11 67 0.3307
2788 11 75 0.3858
2788 11 70 0.3228
2788 11 67 0.3228
2818 11 70 0.3858
2818 11 63 0.315
2833 11 70 0.3701
2833 11 63 0.3071
2863 11 62 0.252
2863 11 68 0.252
2863 11 70 0.2992
2878 11 70 0.2913
2878 11 68 0.2441
2878 11 62 0.2441
2909 11 70 0.2756
2909 11 68 0.2283
2909 11 62 0.2283
2924 11 70 0.2756
2924 11 68 0.2283
2924 11 62 0.2283
2939 11 62 0.252
2939 11 68 0.252
2939 11 71 0.2992
2954 11 70 0.2756
2954 11 68 0.2283
2954 11 62 0.2283
2969 11 70 0.2756
2969 11 68 0.2283
2969 11 62 0.2283
2984 45 75 0.3071
2984 45 67 0.2598
2984 45 63 0.2598
3044 11 65 0.3071
3044 11 67 0.3622
3059 11 67 0.3228
3059 11 65 0.2205
3089 11 63 0.3386
3089 11 72 0.4016
3104 11 63 0.252
3104 11 72 0.3543
3135 11 63 0.378
3135 11 72 0.4488
3150 11 63 0.3858
3150 11 72 0.4567
3180 11 72 0.4409
3180 11 63 0.3701
3195 11 72 0.4409
3195 11 63 0.3701
3225 11 60 0.3071
3225 11 67 0.3071
3225 11 72 0.3622
3240 11 67 0.2756
3240 11 72 0.3307
3240 11 60 0.2756
3270 11 70 0.4646
3270 11 67 0.3937
3270 11 60 0.3937
3285 11 60 0.3937
3285 11 67 0.3937
3285 11 70 0.4646
3316 11 68 0.4094
3316 11 65 0.3465
3316 11 60 0.3465
3331 11 68 0.4094
3331 11 65 0.3465
3331 11 60 0.3465
3361 11 59 0.3701
3361 11 67 0.4409
3361 11 65 0.3701
3376 11 59 0.3701
3376 11 67 0.4409
3376 11 65 0.3701
3406 11 71 0.4252
3406 11 67 0.3543
3406 11 62 0.3543
3421 11 67 0.3543
3421 11 71 0.4252
3421 11 62 0.3543
3451 11 60 0.3858
3451 11 67 0.3858
3451 11 72 0.4567
3466 11 72 0.4331
3466 11 67 0.3622
3466 11 60 0.3622
3496 11 65 0.4409
3496 11 67 0.4409
3496 11 74 0.5197
3511 11 65 0.4488
3511 11 67 0.4488
3511 11 74 0.5354
3542 11 67 0.4882
3542 11 75 0.5827
3542 11 63 0.4882
3557 11 67 0.4882
3557 11 75 0.5906
3557 11 63 0.4882
3587 11 79 0.6457
3587 11 72 0.5433
3587 11 67 0.5433
3602 11 79 0.6457
3602 11 72 0.5433
3602 11 67 0.5433
3632 11 84 0.6693
3632 11 79 0.6693
3632 11 72 0.5669
3647 11 84 0.6693
3647 11 79 0.6693
3647 11 72 0.5669
3677 11 72 0.3937
3677 11 66 0.3307
3677 11 62 0.3307
3692 11 72 0.3858
3692 11 66 0.3228
3692 11 62 0.3228
3722 11 67 0.315
3722 11 71 0.3858
3722 11 62 0.315
3738 11 67 0.3071
3738 11 71 0.3701
3738 11 62 0.3071
3768 11 62 0.2126
3768 11 68 0.2126
3768 11 70 0.252
3783 11 70 0.2441
3783 11 68 0.2047
3783 11 62 0.2047
3813 11 75 0.2835
3813 11 67 0.2362
3813 11 63 0.2362
3828 11 75 0.2913
3828 11 67 0.2441
3828 11 63 0.2441
3858 11 63 0.2913
3858 11 67 0.2913
3858 11 75 0.3543
3873 11 63 0.2992
3873 11 67 0.2992
3873 11 75 0.3622
3903 11 63 0.3465
3903 11 67 0.3465
3903 11 75 0.4173
3918 11 63 0.3622
3918 11 67 0.3622
3918 11 75 0.4331
3949 11 63 0.3937
3949 11 68 0.3937
3949 11 75 0.4724
3964 11 75 0.4803
3964 11 68 0.4016
3964 11 63 0.4016
3994 11 63 0.4646
3994 11 70 0.4646
3994 11 75 0.5512
4009 11 63 0.4646
4009 11 70 0.4646
4009 11 75 0.5512
4039 11 75 0.5039
4039 11 71 0.4331
4039 11 63 0.4331
4054 11 75 0.5039
4054 11 71 0.4252
4054 11 63 0.4252
4084 11 63 0.4567
4084 11 72 0.4567
4084 11 75 0.5433
4099 11 63 0.4488
4099 11 72 0.4488
4099 11 75 0.5354
4129 11 65 0.5039
4129 11 72 0.5039
4129 11 75 0.6063
4129 11 77 0.6063
4145 11 65 0.5039
4145 11 72 0.5039
4145 11 75 0.6063
4145 11 77 0.6063
4175 11 79 0.6142
4175 11 75 0.6142
4175 11 70 0.5197
4175 11 67 0.5197
4190 11 79 0.6142
4190 11 75 0.6142
4190 11 70 0.5197
4190 11 67 0.5197
4220 11 75 0.3937
4220 11 70 0.3307
4220 11 67 0.3307
4235 11 75 0.3858
4235 11 70 0.3228
4235 11 67 0.3228
4265 11 70 0.3858
4265 11 63 0.315
4280 11 70 0.3701
4280 11 63 0.3071
4310 11 62 0.252
4310 11 68 0.252
4310 11 70 0.2992
4325 11 70 0.2913
4325 11 68 0.2441
4325 11 62 0.2441
4356 11 70 0.2756
4356 11 68 0.2283
4356 11 62 0.2283
4371 11 70 0.2756
4371 11 68 0.2283
4371 11 62 0.2283
4386 11 62 0.252
4386 11 68 0.252
4386 11 71 0.2992
4401 11 70 0.2756
4401 11 68 0.2283
4401 11 62 0.2283
4416 11 70 0.2756
4416 11 68 0.2283
4416 11 62 0.2283
4431 45 75 0.3071
4431 45 67 0.2598
4431 45 63 0.2598
4491 11 65 0.3071
4491 11 67 0.3622
4506 11 67 0.3228
4506 11 65 0.2205
4536 11 63 0.3386
4536 11 72 0.4016
4551 11 63 0.252
4551 11 72 0.3543
4582 11 63 0.378
4582 11 72 0.4488
4597 11 63 0.3858
4597 11 72 0.4567
4627 11 72 0.4409
4627 11 63 0.3701
4642 11 72 0.4409
4642 11 63 0.3701
4672 11 60 0.3071
4672 11 67 0.3071
4672 11 72 0.3622
4687 11 67 0.2756
4687 11 72 0.3307
4687 11 60 0.2756
4717 11 70 0.4646
4717 11 67 0.3937
4717 11 60 0.3937
4732 11 60 0.3937
4732 11 67 0.3937
4732 11 70 0.4646
4762 11 68 0.4094
4762 11 65 0.3465
4762 11 60 0.3465
4778 11 68 0.4094
4778 11 65 0.3465
4778 11 60 0.3465
4808 11 59 0.3701
4808 11 67 0.4409
4808 11 65 0.3701
4823 11 59 0.3701
4823 11 67 0.4409
4823 11 65 0.3701
4853 11 71 0.4252
4853 11 67 0.3543
4853 11 62 0.3543
4868 11 67 0.3543
4868 11 71 0.4252
4868 11 62 0.3543
4898 11 60 0.3858
4898 11 67 0.3858
4898 11 72 0.4567
4913 11 72 0.4331
4913 11 67 0.3622
4913 11 60 0.3622
4943 11 65 0.4409
4943 11 67 0.4409
4943 11 74 0.5197
4958 11 65 0.4488
4958 11 67 0.4488
4958 11 74 0.5354
4989 11 67 0.4882
4989 11 75 0.5827
4989 11 63 0.4882
5004 11 67 0.4882
5004 11 75 0.5906
5004 11 63 0.4882
5034 11 79 0.6457
5034 11 72 0.5433
5034 11 67 0.5433
5049 11 79 0.6457
5049 11 72 0.5433
5049 11 67 0.5433
5079 11 84 0.6693
5079 11 79 0.6693
5079 11 72 0.5669
5094 11 84 0.6693
5094 11 79 0.6693
5094 11 72 0.5669
5124 11 72 0.3937
5124 11 66 0.3307
5124 11 62 0.3307
5139 11 72 0.3858
5139 11 66 0.3228
5139 11 62 0.3228
5169 11 67 0.315
5169 11 71 0.3858
5169 11 62 0.315
5185 11 67 0.3071
5185 11 71 0.3701
5185 11 62 0.3071
5215 11 62 0.252
5215 11 68 0.252
5215 11 70 0.2992
5230 11 70 0.2913
5230 11 68 0.2441
5230 11 62 0.2441
5260 11 75 0.2835
5260 11 67 0.2362
5260 11 63 0.2362
5275 11 75 0.2913
5275 11 67 0.2441
5275 11 63 0.2441
5305 11 63 0.2913
5305 11 67 0.2913
5305 11 75 0.3543
5320 11 63 0.2992
5320 11 67 0.2992
5320 11 75 0.3622
5350 11 63 0.3465
5350 11 67 0.3465
5350 11 75 0.4173
5365 11 63 0.3622
5365 11 67 0.3622
5365 11 75 0.4331
5396 11 63 0.3937
5396 11 68 0.3937
5396 11 75 0.4724
5411 11 75 0.4803
5411 11 68 0.4016
5411 11 63 0.4016
5441 11 63 0.4646
5441 11 70 0.4646
5441 11 75 0.5512
5456 11 63 0.4646
5456 11 70 0.4646
5456 11 75 0.5512
5486 11 75 0.4646
5486 11 71 0.3937
5486 11 63 0.3937
5501 11 75 0.4646
5501 11 71 0.3858
5501 11 63 0.3858
5531 11 63 0.4567
5531 11 72 0.4567
5531 11 75 0.5433
5546 11 63 0.4488
5546 11 72 0.4488
5546 11 75 0.5354
5576 11 65 0.5039
5576 11 72 0.5039
5576 11 75 0.6063
5576 11 77 0.6063
5591 11 65 0.5039
5591 11 72 0.5039
5591 11 75 0.6063
5591 11 77 0.6063
5622 11 79 0.6142
5622 11 75 0.6142
5622 11 70 0.5197
5622 11 67 0.5197
5637 11 79 0.6142
5637 11 75 0.6142
5637 11 70 0.5197
5637 11 67 0.5197
5667 11 75 0.3937
5667 11 70 0.3307
5667 11 67 0.3307
5682 11 75 0.3858
5682 11 70 0.3228
5682 11 67 0.3228
5712 11 70 0.3858
5712 11 63 0.315
5727 11 70 0.3701
5727 11 63 0.3071
5757 11 62 0.252
5757 11 68 0.252
5757 11 70 0.2992
5772 11 70 0.2913
5772 11 68 0.2441
5772 11 62 0.2441
5803 11 63 0.2362
5803 11 67 0.2362
5803 11 70 0.2835
5818 11 70 0.2756
5818 11 67 0.2283
5818 11 63 0.2283
5848 11 70 0.3386
5848 11 63 0.2835
5848 11 58 0.2835
5863 11 70 0.3307
5863 11 63 0.2756
5863 11 58 0.2756
5893 11 57 0.2441
5893 11 69 0.2913
5893 11 63 0.2441
5908 11 57 0.2441
5908 11 69 0.2913
5908 11 63 0.2441
5938 11 56 0.2205
5938 11 63 0.2205
5938 11 68 0.2677
5953 11 56 0.2205
5953 11 63 0.2205
5953 11 68 0.2677
5983 11 67 0.2677
5983 11 63 0.2205
5983 11 55 0.2205
5998 11 55 0.2205
5998 11 63 0.2205
5998 11 67 0.2677
6029 11 70 0.3386
6029 11 63 0.2835
6029 11 58 0.2835
6044 11 70 0.3307
6044 11 63 0.2756
6044 11 58 0.2756
6074 11 57 0.2441
6074 11 69 0.2913
6074 11 63 0.2441
6089 11 57 0.2441
6089 11 69 0.2913
6089 11 63 0.2441
6119 11 56 0.2205
6119 11 63 0.2205
6119 11 68 0.2677
6134 11 56 0.2205
6134 11 63 0.2205
6134 11 68 0.2677
6164 11 67 0.2677
6164 11 63 0.2205
6164 11 55 0.2205
6179 11 55 0.2205
6179 11 63 0.2205
6179 11 67 0.2677
6209 11 67 0.3701
6209 11 65 0.3701
6209 11 55 0.3071
6225 11 67 0.3701
6225 11 65 0.3701
6225 11 55 0.3071
6255 11 55 0.3386
6255 11 67 0.4016
6255 11 63 0.4016
6270 11 55 0.3386
6270 11 67 0.4094
6270 11 63 0.4094
6300 11 55 0.4016
6300 11 63 0.4803
6300 11 67 0.4803
6315 11 55 0.4094
6315 11 63 0.4882
6315 11 67 0.4882
6345 11 60 0.4724
6345 11 67 0.5591
6345 11 70 0.5591
6360 11 70 0.5591
6360 11 67 0.5591
6360 11 60 0.4724
6390 11 68 0.3858
6390 11 65 0.3228
6390 11 60 0.3228
6405 11 68 0.3858
6405 11 65 0.3228
6405 11 60 0.3228
6436 11 58 0.2047
6436 11 67 0.2913
6436 11 63 0.2047
6451 11 58 0.2047
6451 11 67 0.2913
6451 11 63 0.2047
6481 11 56 0.1811
6481 11 62 0.1811
6481 11 65 0.2677
6496 11 56 0.1811
6496 11 62 0.1811
6496 11 65 0.2677
6526 11 63 0.2677
6526 11 55 0.2205
6541 11 55 0.2205
6541 11 63 0.2677
6571 11 56 0.2992
6571 11 62 0.3543
6586 11 56 0.2992
6586 11 62 0.3543
6616 11 63 0.252
6616 11 55 0.2126
6632 11 63 0.252
6632 11 55 0.2126
6662 11 56 0.2992
6662 11 62 0.3543
6677 11 56 0.2992
6677 11 62 0.3543
6707 11 63 0.252
6707 11 55 0.2126
6722 11 63 0.252
6722 11 55 0.2126
6752 11 56 0.2362
6752 11 62 0.2835
6767 11 56 0.2362
6767 11 62 0.2835
6797 11 63 0.1969
6797 11 55 0.1654
6812 11 63 0.1969
6812 11 55 0.1654
6843 11 56 0.189
6843 11 62 0.2205
6858 11 56 0.189
6858 11 62 0.2205
6873 45 55 0.126
6873 45 63 0.1575
6963 22 70 0.5197
6963 22 67 0.5197
6963 22 75 0.6142
6963 22 79 0.6142
7008 22 79 0.5591
7008 22 82 0.5591
7008 22 87 0.6693
7008 22 91 0.6693
7054 90 55 0.5827
7054 90 58 0.5827
7054 90 63 0.6929
135 45 46 0.3071
180 45 51 0.378
226 45 55 0.4016
271 45 58 0.4409
316 45 59 0.5197
361 45 60 0.5748
406 45 57 0.3937
452 45 58 0.4331
497 45 51 0.3701
542 90 50 0.3622
587 45 58 0.4409
627 96 51 0.3937
633 45 59 0.5669
678 39 58 0.4567
717 5 46 0.4252
723 45 58 0.5433
768 45 57 0.4331
813 45 56 0.4016
859 45 53 0.3465
859 45 41 0.2913
904 45 51 0.4173
904 45 39 0.3543
949 45 55 0.4567
949 45 43 0.3858
994 45 58 0.4961
994 45 46 0.4173
1040 45 60 0.5591
1040 45 48 0.4646
1085 45 61 0.622
1085 45 49 0.5276
1130 45 55 0.5984
1130 45 43 0.4961
1175 45 56 0.6693
1175 45 44 0.5669
1220 45 45 0.5748
1220 45 57 0.6929
1266 45 58 0.7323
1266 45 46 0.6142
1311 45 34 0.4173
1311 45 46 0.4961
1356 45 43 0.4409
1356 45 55 0.5276
1401 45 41 0.2913
1401 45 53 0.3543
1446 90 41 0.3228
1446 90 53 0.3858
1537 45 39 0.2441
1537 45 51 0.2913
1582 45 46 0.3071
1627 45 51 0.378
1673 45 55 0.4016
1718 45 58 0.4409
1763 45 59 0.5197
1808 45 60 0.5748
1853 45 57 0.3937
1899 45 58 0.4331
1944 45 51 0.3701
1989 90 50 0.3622
2034 45 58 0.4409
2074 96 51 0.4252
2080 45 59 0.5354
2125 39 58 0.4567
2164 5 46 0.4252
2170 45 58 0.5433
2215 45 57 0.4331
2260 45 56 0.4016
2306 45 53 0.3465
2306 45 41 0.2913
2351 45 51 0.4173
2351 45 39 0.3543
2396 45 55 0.4567
2396 45 43 0.3858
2441 45 58 0.4961
2441 45 46 0.4173
2487 45 60 0.5591
2487 45 48 0.4646
2532 45 61 0.622
2532 45 49 0.5276
2577 45 55 0.5984
2577 45 43 0.4961
2622 45 56 0.6693
2622 45 44 0.5669
2667 45 45 0.5748
2667 45 57 0.6929
2713 45 58 0.7323
2713 45 46 0.6142
2758 45 34 0.4173
2758 45 46 0.4961
2803 45 43 0.4409
2803 45 55 0.5276
2848 45 41 0.2913
2848 45 53 0.3543
2893 90 41 0.3228
2893 90 53 0.3858
2984 45 39 0.2441
2984 45 51 0.2913
3029 45 50 0.4331
3029 45 38 0.3622
3074 45 48 0.4173
3074 45 36 0.3543
3120 45 60 0.5354
3120 45 48 0.4488
3165 45 56 0.4646
3165 45 44 0.3937
3210 45 51 0.4331
3210 45 39 0.3622
3255 45 41 0.4724
3255 45 53 0.5276
3300 45 38 0.3858
3300 45 50 0.4567
3346 45 43 0.4488
3346 45 55 0.5354
3391 45 41 0.4409
3391 45 53 0.5276
3436 45 39 0.4646
3436 45 51 0.5591
3481 45 47 0.6142
3481 45 35 0.5197
3527 45 36 0.5669
3527 45 48 0.6693
3572 45 34 0.6378
3572 45 46 0.7638
3617 45 44 0.7559
3617 45 32 0.6693
3662 45 44 0.4173
3662 45 56 0.4961
3707 45 43 0.4409
3707 45 55 0.5276
3753 45 41 0.2441
3753 45 53 0.2992
3798 45 51 0.3543
3798 45 39 0.2992
3843 45 55 0.4016
3843 45 43 0.3386
3888 45 58 0.4488
3888 45 46 0.378
3933 45 60 0.5354
3933 45 48 0.4409
3979 45 61 0.622
3979 45 49 0.5276
4024 45 55 0.5984
4024 45 43 0.4961
4069 45 56 0.6693
4069 45 44 0.5669
4114 45 45 0.5748
4114 45 57 0.6929
4160 45 58 0.7323
4160 45 46 0.6142
4205 45 34 0.4173
4205 45 46 0.4961
4250 45 43 0.4409
4250 45 55 0.5276
4295 45 41 0.2913
4295 45 53 0.3543
4340 90 41 0.3228
4340 90 53 0.3858
4431 45 39 0.2441
4431 45 51 0.2913
4476 45 50 0.4331
4476 45 38 0.3622
4521 45 48 0.4173
4521 45 36 0.3543
4567 45 60 0.5354
4567 45 48 0.4488
4612 45 56 0.4646
4612 45 44 0.3937
4657 45 51 0.4331
4657 45 39 0.3622
4702 45 41 0.4724
4702 45 53 0.5276
4747 45 38 0.3858
4747 45 50 0.4567
4793 45 43 0.4488
4793 45 55 0.5354
4838 45 41 0.4409
4838 45 53 0.5276
4883 45 39 0.4646
4883 45 51 0.5591
4928 45 47 0.6142
4928 45 35 0.5197
4974 45 36 0.5669
4974 45 48 0.6693
5019 45 34 0.6378
5019 45 46 0.7638
5064 45 44 0.7559
5064 45 32 0.6693
5109 45 44 0.4173
5109 45 56 0.4961
5154 45 43 0.4409
5154 45 55 0.5276
5200 45 41 0.2913
5200 45 53 0.3543
5245 45 51 0.3543
5245 45 39 0.2992
5290 45 55 0.4016
5290 45 43 0.3386
5335 45 58 0.4488
5335 45 46 0.378
5380 45 60 0.5354
5380 45 48 0.4409
5426 45 61 0.622
5426 45 49 0.5276
5471 45 55 0.5512
5471 45 43 0.4567
5516 45 56 0.6142
5516 45 44 0.5197
5561 45 45 0.5748
5561 45 57 0.6929
5607 45 58 0.7323
5607 45 46 0.6142
5652 45 34 0.4173
5652 45 46 0.4961
5697 45 43 0.4409
5697 45 55 0.5276
5742 45 41 0.2913
5742 45 53 0.3543
5787 45 39 0.2756
5787 45 51 0.3307
5833 45 49 0.3701
5833 45 39 0.3071
5878 45 48 0.3386
5878 45 39 0.2835
5923 45 47 0.3307
5923 45 39 0.2756
5968 45 46 0.315
5968 45 39 0.2677
6014 45 49 0.3701
6014 45 39 0.3071
6059 45 48 0.3386
6059 45 39 0.2835
6104 45 47 0.3307
6104 45 39 0.2756
6149 45 46 0.315
6149 45 39 0.2677
6194 45 47 0.4409
6194 45 38 0.3701
6240 45 48 0.4803
6240 45 36 0.4094
6285 45 46 0.5591
6285 45 34 0.4724
6330 45 32 0.5827
6330 45 44 0.685
6375 45 41 0.4331
6375 45 29 0.3622
6420 45 46 0.4173
6420 45 34 0.3543
6466 45 46 0.3622
6466 45 34 0.3071
6511 45 46 0.315
6511 45 39 0.2677
6556 45 39 0.3543
6556 45 47 0.4173
6601 45 39 0.315
6601 45 46 0.378
6647 45 39 0.3543
6647 45 47 0.4173
6692 45 39 0.315
6692 45 46 0.378
6737 45 39 0.2835
6737 45 47 0.3307
6782 45 39 0.252
6782 45 46 0.2992
6827 45 39 0.2205
6827 45 47 0.2598
6873 45 39 0.1654
6873 45 46 0.2362
6963 22 63 0.3937
6963 22 58 0.3307
6963 22 51 0.3307
7008 22 63 0.378
7008 22 70 0.378
7008 22 75 0.378
7054 90 39 0.3858
7054 90 46 0.3858
7054 90 51 0.4567
