0 57 70 0.6299
57 7 70 0.5827
72 7 70 0.5512
86 57 70 0.622
144 7 70 0.5906
158 7 70 0.5433
173 28 70 0.6142
201 7 70 0.5669
216 7 70 0.5276
230 28 70 0.5827
259 7 70 0.5433
273 7 70 0.5197
288 28 70 0.5748
317 7 70 0.4646
331 7 70 0.4646
346 28 70 0.5669
346 14 46 0.315
374 15 74 0.4724
374 21 68 0.3701
374 21 65 0.3701
374 21 58 0.3701
389 15 75 0.3858
403 21 74 0.4488
403 21 77 0.4488
403 21 68 0.4016
403 21 65 0.4016
403 21 58 0.4016
432 14 70 0.5276
432 14 51 0.315
461 15 75 0.5039
461 21 67 0.3622
461 21 63 0.3622
461 21 58 0.3622
475 15 77 0.378
490 21 75 0.4409
490 21 79 0.4409
490 21 67 0.3937
490 21 63 0.3937
490 21 58 0.3937
519 14 70 0.5669
519 14 50 0.3465
547 15 77 0.5276
547 21 68 0.4252
547 21 65 0.4252
547 21 58 0.4252
562 15 79 0.4094
576 21 77 0.5906
576 21 80 0.5906
576 21 68 0.4646
576 21 65 0.4646
576 21 58 0.4646
605 57 82 0.6457
605 57 79 0.6457
605 57 73 0.5433
605 14 51 0.5433
634 14 67 0.4882
634 14 61 0.4882
634 14 58 0.4882
663 14 82 0.5354
663 14 79 0.5354
663 14 73 0.4488
663 28 52 0.5512
677 14 82 0.4567
677 14 79 0.4567
677 14 73 0.3858
692 28 82 0.4961
692 57 73 0.4961
692 58 79 0.4961
692 14 53 0.2835
720 15 84 0.4094
720 14 65 0.2598
720 14 56 0.2598
735 15 82 0.378
749 14 72 0.4252
749 14 80 0.4252
749 14 44 0.2913
778 30 80 0.5276
778 57 71 0.5276
778 14 46 0.4567
807 15 82 0.3701
807 21 63 0.2441
807 21 55 0.2441
821 15 80 0.3465
836 14 70 0.4252
836 14 79 0.4252
836 14 63 0.3465
836 14 55 0.3465
865 30 79 0.5197
865 57 70 0.5197
865 14 46 0.2913
893 15 80 0.4646
893 21 62 0.2992
893 21 53 0.2992
908 15 79 0.4173
922 14 68 0.4646
922 14 77 0.4646
922 14 62 0.3543
922 14 58 0.3543
951 30 77 0.5039
951 57 68 0.5039
951 86 51 0.2205
980 15 79 0.4724
980 21 63 0.2756
980 21 58 0.2756
994 15 77 0.3858
1009 14 75 0.4173
1009 14 67 0.4173
1009 14 63 0.4488
1009 14 58 0.4488
1038 14 70 0.5118
1038 14 46 0.4803
1066 15 74 0.3858
1066 21 68 0.252
1066 21 65 0.252
1066 21 58 0.252
1081 15 75 0.4724
1095 21 74 0.4961
1095 21 77 0.4961
1095 21 68 0.252
1095 21 65 0.252
1095 21 58 0.252
1124 14 70 0.5433
1124 14 51 0.3386
1153 15 75 0.5354
1153 21 67 0.2913
1153 21 63 0.2913
1153 21 58 0.2913
1167 15 77 0.5039
1182 21 75 0.5748
1182 21 79 0.5748
1182 21 67 0.378
1182 21 63 0.378
1182 21 58 0.378
1211 14 70 0.5984
1211 14 50 0.4724
1239 15 77 0.5669
1239 21 68 0.4882
1239 21 65 0.4882
1239 21 58 0.4882
1254 15 79 0.4882
1268 21 77 0.5906
1268 21 80 0.5906
1268 21 68 0.5197
1268 21 65 0.5197
1268 21 58 0.5197
1297 43 82 0.7008
1297 43 79 0.7008
1297 43 73 0.5906
1297 14 51 0.4803
1326 14 67 0.3307
1326 14 61 0.3307
1326 14 58 0.3307
1340 14 79 0.5827
1340 14 82 0.5827
1355 28 73 0.6299
1355 28 52 0.252
1369 14 82 0.5748
1369 14 79 0.5748
1384 57 73 0.5039
1384 14 53 0.3386
1398 15 82 0.5669
1412 15 84 0.5039
1412 14 65 0.3858
1412 14 56 0.3858
1427 15 82 0.4567
1441 14 72 0.4252
1441 14 80 0.4252
1441 14 44 0.2913
1470 57 71 0.5118
1470 14 46 0.3386
1485 15 80 0.5433
1499 15 82 0.5118
1499 28 63 0.2441
1499 28 55 0.2441
1513 15 80 0.4961
1528 14 70 0.4016
1528 14 79 0.4016
1528 14 63 0.3228
1528 14 55 0.3228
1557 57 70 0.4961
1557 14 46 0.2598
1571 15 79 0.3622
1586 15 80 0.4567
1586 28 62 0.315
1586 28 53 0.315
1600 15 79 0.3543
1614 28 68 0.3937
1614 28 77 0.3937
1614 28 62 0.2126
1614 57 58 0.2126
1643 14 67 0.4646
1643 14 75 0.4646
1643 28 51 0.3465
1643 28 63 0.3465
1672 7 70 0.4488
1686 7 70 0.3937
1701 7 70 0.4409
1715 7 70 0.4567
1730 28 70 0.6142
1730 14 46 0.2047
1759 15 74 0.5118
1759 21 68 0.2992
1759 21 65 0.2992
1759 21 58 0.2992
1773 15 75 0.4488
1787 21 74 0.5197
1787 21 77 0.5197
1787 21 68 0.2677
1787 21 65 0.2677
1787 21 58 0.2677
1816 14 70 0.5433
1816 14 51 0.2677
1845 15 75 0.5197
1845 21 67 0.3622
1845 21 63 0.3622
1845 21 58 0.3622
1859 15 77 0.4409
1874 21 75 0.5748
1874 21 79 0.5748
1874 21 67 0.4488
1874 21 63 0.4488
1874 21 58 0.4488
1903 14 70 0.6063
1903 14 50 0.5591
1932 15 77 0.5906
1932 21 68 0.4094
1932 21 65 0.4094
1932 21 58 0.4094
1946 15 79 0.4567
1960 21 77 0.5906
1960 21 80 0.5906
1960 21 68 0.4409
1960 21 65 0.4409
1960 21 58 0.4409
1989 57 82 0.6693
1989 57 79 0.6693
1989 57 73 0.5669
1989 14 51 0.4882
2018 14 67 0.4409
2018 14 61 0.4409
2018 14 58 0.4409
2047 14 82 0.5433
2047 14 79 0.5433
2047 14 73 0.4567
2047 28 52 0.2913
2061 14 82 0.3701
2061 14 79 0.3701
2061 14 73 0.3071
2076 30 82 0.5118
2076 57 73 0.5118
2076 57 79 0.5118
2076 14 53 0.315
2105 15 84 0.4173
2105 14 65 0.2677
2105 14 56 0.2677
2119 15 82 0.3858
2133 14 72 0.4016
2133 14 80 0.4016
2133 14 44 0.2992
2162 30 80 0.5354
2162 57 71 0.5354
2162 14 46 0.2441
2191 15 82 0.3701
2191 28 63 0.2598
2191 28 55 0.2598
2205 15 80 0.3622
2220 14 70 0.4173
2220 14 79 0.4173
2220 14 63 0.3386
2220 14 55 0.3386
2249 30 79 0.5354
2249 57 70 0.5354
2249 14 46 0.3937
2278 15 80 0.4016
2278 28 62 0.2913
2278 28 53 0.2913
2292 15 79 0.3858
2306 14 68 0.4803
2306 14 77 0.4803
2306 14 62 0.2126
2306 14 58 0.2126
2335 30 77 0.5827
2335 57 68 0.5827
2335 86 51 0.2598
2364 15 79 0.5433
2364 28 63 0.2835
2364 28 58 0.2835
2379 15 77 0.4173
2393 14 75 0.5354
2393 14 67 0.5354
2393 14 63 0.3307
2393 14 58 0.3307
2422 14 70 0.5512
2422 14 46 0.4567
2451 15 74 0.5354
2451 21 68 0.3701
2451 21 65 0.3701
2451 21 58 0.3701
2465 15 75 0.4724
2479 21 74 0.4961
2479 21 77 0.4961
2479 21 68 0.3465
2479 21 65 0.3465
2479 21 58 0.3465
2508 14 70 0.5669
2508 14 51 0.3858
2537 15 75 0.5118
2537 21 67 0.3386
2537 21 63 0.3386
2537 21 58 0.3386
2552 15 77 0.4724
2566 21 75 0.5354
2566 21 79 0.5354
2566 21 67 0.5039
2566 21 63 0.5039
2566 21 58 0.5039
2595 14 70 0.5984
2595 14 50 0.5276
2624 15 77 0.6063
2624 21 68 0.3858
2624 21 65 0.3858
2624 21 58 0.3858
2638 15 79 0.5512
2652 21 77 0.6063
2652 21 80 0.6063
2652 21 68 0.4803
2652 21 65 0.4803
2652 21 58 0.4803
2681 43 82 0.6614
2681 43 79 0.6614
2681 43 73 0.5591
2681 14 51 0.5118
2710 14 67 0.378
2710 14 61 0.378
2710 14 58 0.378
2725 14 79 0.5669
2725 14 82 0.5669
2739 28 73 0.6299
2739 28 52 0.3858
2753 14 82 0.5118
2753 14 79 0.5118
2768 57 73 0.5276
2768 14 53 0.3465
2782 15 82 0.4567
2797 15 84 0.378
2797 14 65 0.2598
2797 14 56 0.2598
2811 15 82 0.4724
2825 14 72 0.4252
2825 14 80 0.4252
2825 14 44 0.2205
2854 57 71 0.5512
2854 14 46 0.2047
2869 15 80 0.5433
2883 15 82 0.3543
2883 21 63 0.2677
2883 21 55 0.2677
2898 15 80 0.5118
2912 14 70 0.4331
2912 14 79 0.4331
2912 14 63 0.2992
2912 14 55 0.2992
2941 57 70 0.5118
2941 14 46 0.2362
2955 15 79 0.3937
2970 15 80 0.3465
2970 28 62 0.2835
2970 28 53 0.2835
2984 15 79 0.4882
2998 28 68 0.4488
2998 28 77 0.4488
2998 28 62 0.189
2998 28 58 0.189
3027 14 67 0.378
3027 14 75 0.378
3027 57 51 0.2362
3056 7 75 0.4173
3056 28 63 0.3543
3056 28 55 0.3543
3071 7 75 0.5039
3085 7 75 0.5276
3085 28 51 0.4094
3085 28 61 0.4094
3085 28 55 0.4094
3099 7 75 0.5433
3114 7 75 0.5906
3114 28 44 0.1969
3128 7 75 0.5039
3143 7 75 0.5906
3143 21 60 0.2598
3143 21 56 0.2598
3143 21 51 0.2598
3157 7 75 0.5827
3172 7 75 0.5433
3172 21 60 0.3228
3172 21 56 0.3228
3172 21 51 0.3228
3186 7 75 0.5433
3200 15 77 0.5118
3200 28 44 0.2598
3215 15 75 0.4567
3229 15 72 0.4409
3229 21 60 0.2598
3229 21 56 0.2598
3229 21 51 0.2598
3244 15 68 0.3858
3258 14 63 0.3858
3258 21 51 0.2913
3258 21 56 0.2913
3258 21 60 0.2913
3272 14 64 0.4016
3287 7 65 0.4567
3287 28 44 0.2913
3301 7 65 0.4016
3316 7 65 0.4331
3316 21 59 0.2047
3316 21 56 0.2047
3316 21 50 0.2047
3330 7 65 0.4016
3345 7 65 0.4252
3345 21 50 0.252
3345 21 56 0.252
3345 21 59 0.252
3359 7 65 0.4567
3373 15 63 0.4803
3373 28 44 0.2992
3388 15 68 0.4173
3402 15 72 0.378
3402 21 60 0.2283
3402 21 56 0.2283
3402 21 51 0.2283
3417 15 75 0.5039
3431 15 80 0.4803
3431 21 60 0.378
3431 21 56 0.378
3431 21 51 0.378
3445 14 76 0.4094
3460 7 77 0.4094
3460 28 50 0.4331
3474 7 77 0.3465
3489 7 77 0.5354
3489 21 65 0.189
3489 21 59 0.189
3489 21 56 0.189
3503 7 77 0.4724
3518 7 77 0.4173
3518 21 65 0.2835
3518 21 59 0.2835
3518 21 56 0.2835
3532 7 77 0.5748
3546 10 77 0.6063
3546 28 51 0.3465
3556 10 79 0.4331
3566 10 77 0.4331
3575 15 75 0.5118
3575 21 60 0.252
3575 21 63 0.252
3575 21 68 0.252
3590 15 80 0.4488
3604 14 84 0.4016
3604 14 60 0.3307
3604 14 63 0.3307
3604 14 68 0.3307
3633 30 89 0.5197
3633 28 51 0.1575
3662 15 87 0.4016
3662 21 61 0.1575
3662 21 63 0.1575
3662 21 67 0.1575
3676 15 85 0.3543
3691 14 79 0.3937
3691 14 61 0.2362
3691 14 63 0.2362
3691 14 67 0.2362
3719 30 82 0.4567
3719 28 56 0.2677
3748 15 80 0.3386
3748 28 68 0.1811
3748 28 63 0.1811
3748 28 60 0.1811
3763 15 75 0.3465
3777 14 72 0.2992
3777 14 60 0.2992
3777 14 63 0.2992
3777 14 68 0.2992
3806 7 75 0.378
3806 28 44 0.2677
3820 7 75 0.3465
3835 7 75 0.5118
3835 21 60 0.2441
3835 21 56 0.2441
3835 21 51 0.2441
3849 7 75 0.5433
3864 7 75 0.4961
3864 21 60 0.3858
3864 21 56 0.3858
3864 21 51 0.3858
3878 7 75 0.5591
3892 15 77 0.4803
3892 28 44 0.3701
3907 15 75 0.4646
3921 15 72 0.4094
3921 21 60 0.2756
3921 21 56 0.2756
3921 21 51 0.2756
3936 15 68 0.4094
3950 14 63 0.3701
3950 21 51 0.4094
3950 21 56 0.4094
3950 21 60 0.4094
3965 14 64 0.4331
3979 7 65 0.4488
3979 28 44 0.315
3993 7 65 0.3701
4008 7 65 0.4646
4008 21 59 0.2756
4008 21 56 0.2756
4008 21 50 0.2756
4022 7 65 0.4331
4037 7 65 0.4803
4037 21 50 0.2441
4037 21 56 0.2441
4037 21 59 0.2441
4051 7 65 0.4961
4065 15 63 0.4567
4065 28 44 0.2992
4080 15 68 0.4252
4094 15 72 0.3937
4094 21 60 0.2362
4094 21 56 0.2362
4094 21 51 0.2362
4109 15 75 0.3386
4123 15 80 0.4094
4123 28 60 0.2835
4123 28 56 0.2835
4123 28 51 0.2835
4138 14 76 0.3701
4152 7 77 0.4567
4152 28 50 0.2992
4166 7 77 0.3937
4181 7 77 0.4803
4181 21 65 0.2598
4181 21 59 0.2598
4181 21 56 0.2598
4195 7 77 0.4488
4210 7 77 0.5118
4210 21 65 0.2835
4210 21 59 0.2835
4210 21 56 0.2835
4224 7 77 0.5118
4238 10 77 0.5906
4238 28 51 0.3465
4248 10 79 0.4331
4258 10 77 0.4331
4267 15 75 0.5197
4267 21 60 0.2283
4267 21 63 0.2283
4267 21 68 0.2283
4282 15 80 0.5039
4296 14 84 0.4724
4296 14 60 0.3465
4296 14 63 0.3465
4296 14 68 0.3465
4325 30 89 0.5276
4325 28 51 0.2126
4354 15 87 0.4094
4354 21 61 0.252
4354 21 63 0.252
4354 21 67 0.252
4368 15 85 0.378
4383 14 79 0.4094
4383 14 61 0.2913
4383 14 63 0.2913
4383 14 67 0.2913
4411 57 80 0.5118
4411 86 56 0.3465
4440 28 60 0.2756
4440 28 68 0.2756
4469 4 72 0.4331
4469 28 65 0.3701
4469 28 68 0.3701
4474 4 74 0.3858
4479 4 72 0.5118
4484 4 74 0.4173
4488 4 72 0.5276
4493 4 71 0.4409
4498 30 70 0.685
4498 28 58 0.6772
4498 28 46 0.6772
4527 15 74 0.4882
4527 21 68 0.4331
4527 21 65 0.4331
4527 21 58 0.4331
4541 15 75 0.4882
4556 21 74 0.5276
4556 21 77 0.5276
4556 21 68 0.5118
4556 21 65 0.5118
4556 21 58 0.5118
4584 14 70 0.6693
4584 28 51 0.5827
4613 15 75 0.5748
4613 21 67 0.4488
4613 21 63 0.4488
4613 21 58 0.4488
4628 15 77 0.5433
4642 21 75 0.5984
4642 21 79 0.5984
4642 21 67 0.4882
4642 21 63 0.4882
4642 21 58 0.4882
4671 14 70 0.685
4671 28 50 0.5118
4700 15 77 0.5748
4700 21 68 0.4409
4700 21 65 0.4409
4700 21 58 0.4409
4714 15 79 0.5354
4729 21 77 0.6535
4729 21 80 0.6535
4729 21 68 0.5433
4729 21 65 0.5433
4729 21 58 0.5433
4758 57 82 0.6063
4758 57 79 0.6063
4758 57 73 0.5118
4758 14 51 0.4803
4786 14 67 0.4803
4786 14 61 0.4803
4786 14 58 0.4803
4815 14 82 0.5906
4815 14 79 0.5906
4815 14 73 0.4961
4815 14 52 0.2992
4830 14 82 0.5433
4830 14 79 0.5433
4830 14 73 0.4567
4844 30 82 0.5512
4844 57 73 0.4646
4844 57 79 0.5512
4844 14 53 0.2992
4873 15 84 0.4646
4873 14 65 0.3228
4873 14 56 0.3228
4887 15 82 0.3937
4902 14 72 0.4173
4902 14 80 0.4173
4902 14 44 0.2835
4931 30 80 0.5433
4931 57 71 0.5433
4931 14 46 0.2441
4959 15 82 0.3701
4959 28 63 0.2126
4959 28 55 0.2126
4974 15 80 0.3622
4988 14 70 0.4094
4988 14 79 0.4094
4988 14 63 0.3228
4988 14 55 0.3228
5017 30 79 0.5197
5017 57 70 0.5197
5017 14 46 0.3071
5046 15 80 0.4173
5046 28 62 0.2047
5046 28 53 0.2047
5060 15 79 0.3701
5075 14 68 0.4409
5075 14 77 0.4409
5075 14 62 0.2677
5075 14 58 0.2677
5104 30 77 0.5039
5104 57 68 0.5039
5104 86 51 0.1811
5132 15 79 0.4094
5132 21 63 0.2598
5132 21 58 0.2598
5147 15 77 0.378
5161 14 75 0.4173
5161 14 67 0.4173
5161 14 63 0.4173
5161 14 58 0.4173
5190 14 70 0.3465
5190 14 46 0.2913
5204 14 74 0.3622
5219 14 75 0.4488
5219 21 68 0.252
5219 21 65 0.252
5219 21 58 0.252
5233 14 76 0.3465
5248 21 74 0.4409
5248 21 77 0.4409
5248 21 68 0.2756
5248 21 65 0.2756
5248 21 58 0.2756
5277 14 70 0.5118
5277 14 51 0.3228
5291 14 74 0.4961
5305 14 75 0.4488
5305 21 67 0.3543
5305 21 63 0.3543
5305 21 58 0.3543
5320 14 77 0.4016
5334 21 75 0.5039
5334 21 79 0.5039
5334 21 67 0.3228
5334 21 63 0.3228
5334 21 58 0.3228
5363 14 70 0.5354
5363 14 50 0.4094
5377 14 76 0.5748
5392 14 77 0.5512
5392 21 68 0.5276
5392 21 65 0.5276
5392 21 58 0.5276
5406 14 79 0.5039
5421 21 77 0.6299
5421 21 80 0.6299
5421 21 68 0.4409
5421 21 65 0.4409
5421 21 58 0.4409
5450 43 82 0.5827
5450 43 79 0.5827
5450 43 73 0.4882
5450 14 51 0.5197
5478 14 67 0.4252
5478 14 61 0.4252
5478 14 58 0.4252
5493 14 79 0.3465
5493 14 82 0.3465
5507 28 73 0.4882
5507 28 52 0.3307
5522 14 82 0.4094
5522 14 79 0.4094
5536 57 73 0.378
5536 14 53 0.1575
5551 15 82 0.4409
5565 15 84 0.4252
5565 14 65 0.252
5565 14 56 0.252
5579 15 82 0.4016
5594 14 72 0.4409
5594 14 80 0.4409
5594 14 44 0.2362
5623 57 71 0.3701
5623 14 46 0.2913
5637 15 80 0.4016
5651 15 82 0.4252
5651 21 63 0.2283
5651 21 55 0.2283
5666 15 80 0.3937
5680 14 70 0.3937
5680 14 79 0.3937
5680 14 63 0.2677
5680 14 55 0.2677
5709 57 70 0.4961
5709 14 46 0.2598
5724 15 79 0.3622
5738 15 80 0.4646
5738 28 62 0.2598
5738 28 53 0.2598
5752 15 79 0.4252
5767 28 68 0.3937
5767 28 77 0.3937
5767 28 62 0.3228
5767 57 58 0.3228
5796 14 67 0.3543
5796 14 75 0.3543
5796 28 63 0.2835
5796 28 51 0.2835
5824 7 75 0.4646
5839 7 75 0.4094
5853 7 75 0.4803
5853 28 51 0.252
5853 28 61 0.252
5853 28 55 0.252
5868 7 75 0.4488
5882 7 75 0.5039
5882 28 44 0.2126
5897 7 75 0.5276
5911 7 75 0.5512
5911 21 60 0.2126
5911 21 56 0.2126
5911 21 51 0.2126
5925 7 75 0.5039
5940 7 75 0.5591
5940 21 60 0.3465
5940 21 56 0.3465
5940 21 51 0.3465
5954 7 75 0.5276
5969 14 77 0.4803
5969 28 44 0.3071
5983 14 75 0.4488
5997 14 72 0.3937
5997 21 60 0.2756
5997 21 56 0.2756
5997 21 51 0.2756
6012 14 68 0.4409
6026 14 63 0.4016
6026 21 51 0.2598
6026 21 56 0.2598
6026 21 60 0.2598
6041 14 64 0.4331
6055 7 65 0.5354
6055 28 44 0.3701
6070 7 65 0.4882
6084 7 65 0.4882
6084 21 59 0.2283
6084 21 56 0.2283
6084 21 50 0.2283
6098 7 65 0.4173
6113 7 65 0.4331
6113 21 50 0.2283
6113 21 56 0.2283
6113 21 59 0.2283
6127 7 65 0.4882
6142 14 63 0.5354
6142 28 44 0.3386
6156 14 68 0.4331
6170 14 72 0.3937
6170 21 60 0.2441
6170 21 56 0.2441
6170 21 51 0.2441
6185 14 75 0.4567
6199 14 80 0.4646
6199 21 60 0.2992
6199 21 56 0.2992
6199 21 51 0.2992
6214 14 76 0.4409
6228 7 77 0.3228
6228 28 50 0.3465
6243 7 77 0.4961
6257 7 77 0.4803
6257 21 65 0.2283
6257 21 59 0.2283
6257 21 56 0.2283
6271 7 77 0.4961
6286 7 77 0.4567
6286 21 65 0.315
6286 21 59 0.315
6286 21 56 0.315
6300 7 77 0.4252
6315 9 77 0.4567
6315 28 51 0.3543
6324 9 79 0.4094
6334 9 77 0.4094
6344 14 75 0.4331
6344 28 60 0.2441
6344 28 63 0.2441
6344 28 68 0.2441
6358 14 80 0.5354
6372 14 84 0.3858
6372 14 60 0.3937
6372 14 63 0.3937
6372 14 68 0.3937
6401 28 89 0.4331
6401 28 51 0.315
6430 14 87 0.4331
6430 21 61 0.2756
6430 21 63 0.2756
6430 21 67 0.2756
6444 14 85 0.4016
6459 14 79 0.4331
6459 14 61 0.2913
6459 14 63 0.2913
6459 14 67 0.2913
6488 28 82 0.4724
6488 86 56 0.3543
6517 14 80 0.4567
6517 21 68 0.2913
6517 21 63 0.2913
6517 21 60 0.2913
6531 14 75 0.3937
6545 14 72 0.2992
6545 14 60 0.3543
6545 14 63 0.3543
6545 14 68 0.3543
6574 7 75 0.378
6574 28 44 0.2126
6589 7 75 0.4331
6603 7 75 0.5197
6603 21 60 0.2677
6603 21 56 0.2677
6603 21 51 0.2677
6617 7 75 0.5748
6632 7 75 0.5433
6632 21 60 0.3228
6632 21 56 0.3228
6632 21 51 0.3228
6646 7 75 0.5039
6661 14 77 0.4173
6661 28 44 0.2598
6675 14 75 0.4803
6690 14 72 0.3937
6690 21 60 0.2913
6690 21 56 0.2913
6690 21 51 0.2913
6704 14 68 0.315
6718 14 63 0.378
6718 21 51 0.2913
6718 21 56 0.2913
6718 21 60 0.2913
6733 14 64 0.3386
6747 7 65 0.3386
6747 28 44 0.2756
6762 7 65 0.3937
6776 7 65 0.4173
6776 21 59 0.2756
6776 21 56 0.2756
6776 21 50 0.2756
6790 7 65 0.4409
6805 7 65 0.3622
6805 21 50 0.2756
6805 21 56 0.2756
6805 21 59 0.2756
6819 7 65 0.3386
6834 14 63 0.378
6834 28 44 0.2992
6848 14 68 0.378
6863 14 72 0.3543
6863 21 60 0.2205
6863 21 56 0.2205
6863 21 51 0.2205
6877 14 75 0.4803
6891 14 80 0.4094
6891 21 60 0.3228
6891 21 56 0.3228
6891 21 51 0.3228
6906 14 76 0.3543
6920 7 77 0.3937
6920 28 50 0.252
6935 7 77 0.3543
6949 7 77 0.4724
6949 21 65 0.1969
6949 21 59 0.1969
6949 21 56 0.1969
6963 7 77 0.5118
6978 7 77 0.5197
6978 21 65 0.2441
6978 21 59 0.2441
6978 21 56 0.2441
6992 7 77 0.4016
7007 9 77 0.5512
7007 86 51 0.2598
7016 9 79 0.4331
7026 9 77 0.378
7036 14 75 0.4331
7036 21 60 0.1969
7036 21 63 0.1969
7036 21 56 0.1969
7050 14 80 0.4016
7064 14 84 0.3622
7064 14 60 0.2598
7064 14 63 0.2598
7064 14 56 0.2598
7093 28 89 0.4331
7093 86 51 0.3465
7122 14 87 0.3307
7122 21 61 0.1969
7122 21 63 0.1969
7122 21 67 0.1969
7137 14 85 0.3071
7151 14 79 0.3701
7151 14 61 0.1969
7151 14 63 0.1969
7151 14 67 0.1969
7180 57 80 0.4488
7180 28 44 0.1339
7209 28 51 0.189
7209 28 60 0.189
7237 28 68 0.4331
7266 58 75 0.4882
7266 58 78 0.4882
7266 14 44 0.2677
7295 30 60 0.3465
7295 30 51 0.3465
7324 30 71 0.378
7324 30 74 0.378
7324 28 66 0.2913
7324 28 56 0.2913
7353 14 72 0.378
7353 14 75 0.378
7353 14 44 0.2913
7382 7 68 0.3937
7382 30 60 0.2283
7382 30 51 0.2283
7396 7 68 0.3307
7410 28 68 0.4409
7410 28 66 0.2283
7410 28 56 0.2283
7439 58 78 0.4724
7439 58 82 0.4724
7439 14 49 0.2913
7468 30 53 0.2677
7468 30 61 0.2677
7497 30 76 0.378
7497 30 79 0.378
7497 28 65 0.3228
7497 28 56 0.3228
7526 14 77 0.3858
7526 14 80 0.3858
7526 14 49 0.2441
7555 7 68 0.3858
7555 30 61 0.2047
7555 30 53 0.2047
7569 7 68 0.3307
7583 28 68 0.4331
7583 28 65 0.252
7583 28 56 0.252
7612 58 75 0.4567
7612 58 78 0.4567
7612 14 44 0.315
7641 30 60 0.2756
7641 30 51 0.2756
7670 30 71 0.3465
7670 30 74 0.3465
7670 28 66 0.3228
7670 28 56 0.3228
7699 14 72 0.378
7699 14 75 0.378
7699 14 44 0.2913
7728 7 68 0.4016
7728 30 60 0.1969
7728 30 51 0.1969
7742 7 68 0.3386
7756 28 68 0.4094
7756 28 56 0.2913
7756 28 66 0.2913
7785 28 70 0.4173
7785 28 78 0.4173
7785 86 49 0.2756
7814 28 68 0.3543
7814 28 77 0.3543
7814 28 56 0.2913
7843 28 66 0.3858
7843 28 75 0.3858
7843 28 60 0.1417
7872 14 65 0.3701
7872 14 73 0.3701
7872 14 61 0.2283
7872 14 49 0.2283
7901 7 68 0.315
7901 30 53 0.2835
7901 30 61 0.2835
7915 7 68 0.2835
7930 28 68 0.315
7930 28 65 0.2835
7930 28 56 0.2835
7958 58 75 0.3701
7958 58 78 0.3701
7958 14 44 0.2835
7987 30 60 0.2441
7987 30 51 0.2441
8016 30 71 0.3307
8016 30 74 0.3307
8016 28 66 0.3071
8016 28 56 0.3071
8045 14 72 0.3307
8045 14 75 0.3307
8045 14 44 0.315
8074 7 68 0.3465
8074 30 60 0.2835
8074 30 51 0.2835
8088 7 68 0.3071
8103 28 68 0.4173
8103 28 66 0.252
8103 28 56 0.252
8131 58 78 0.5039
8131 58 82 0.5039
8131 14 37 0.3543
8160 30 53 0.2362
8160 30 61 0.2362
8189 30 76 0.4094
8189 30 79 0.4094
8189 28 65 0.4173
8189 28 56 0.4173
8218 14 77 0.4094
8218 14 80 0.4094
8218 14 49 0.252
8247 7 68 0.3543
8247 30 61 0.3465
8247 30 53 0.3465
8261 7 68 0.2835
8276 28 68 0.4331
8276 28 65 0.3071
8276 28 56 0.3071
8304 14 80 0.4961
8304 14 42 0.2992
8333 28 70 0.4961
8333 30 62 0.3386
8333 30 54 0.3386
8348 14 80 0.3858
8362 72 78 0.4409
8362 57 75 0.4409
8362 28 63 0.2913
8362 28 58 0.2913
8391 14 44 0.2913
8420 28 68 0.4173
8420 30 60 0.2362
8420 30 53 0.2362
8434 14 78 0.3622
8449 57 73 0.3937
8449 72 77 0.3937
8449 28 61 0.3622
8449 28 56 0.3622
8477 14 44 0.2598
8506 28 66 0.315
8506 28 60 0.2362
8506 28 56 0.2362
8506 28 51 0.2362
8521 14 77 0.315
8535 28 66 0.2992
8535 28 75 0.2992
8535 28 60 0.2835
8535 28 56 0.2835
8535 28 51 0.2835
8564 28 65 0.2835
8564 28 73 0.2835
8564 28 61 0.3543
8564 28 56 0.3543
8564 28 49 0.3543
8593 7 68 0.3386
8607 7 68 0.2756
8622 28 68 0.3386
8650 58 75 0.378
8650 58 78 0.378
8650 14 44 0.3701
8679 30 60 0.3465
8679 30 51 0.3465
8708 30 71 0.3543
8708 30 74 0.3543
8708 28 66 0.3858
8708 28 56 0.3858
8737 14 72 0.3543
8737 14 75 0.3543
8737 14 44 0.3307
8766 7 68 0.3701
8766 30 60 0.3071
8766 30 51 0.3071
8780 7 68 0.3307
8795 28 68 0.4409
8795 28 66 0.3071
8795 28 56 0.3071
8823 58 78 0.4724
8823 58 82 0.4724
8823 14 49 0.4016
8852 30 53 0.3543
8852 30 61 0.3543
8881 30 76 0.378
8881 30 79 0.378
8881 28 65 0.3937
8881 28 56 0.3937
8910 14 77 0.3858
8910 14 80 0.3858
8910 14 49 0.4094
8939 7 68 0.3701
8939 30 61 0.2913
8939 30 53 0.2913
8953 7 68 0.315
8968 28 68 0.4331
8968 28 65 0.2677
8968 28 56 0.2677
8996 58 75 0.4567
8996 58 78 0.4567
8996 14 44 0.3543
9025 30 60 0.2677
9025 30 51 0.2677
9054 30 71 0.3465
9054 30 74 0.3465
9054 28 66 0.3228
9054 28 56 0.3228
9083 14 72 0.378
9083 14 75 0.378
9083 14 44 0.3386
9112 7 68 0.3465
9112 30 60 0.2205
9112 30 51 0.2205
9126 7 68 0.3071
9141 28 68 0.4094
9141 28 56 0.3386
9141 28 66 0.3386
9169 28 70 0.4173
9169 28 78 0.4173
9169 86 49 0.3465
9198 28 68 0.3622
9198 28 77 0.3622
9198 28 56 0.315
9227 28 66 0.3858
9227 28 75 0.3858
9227 28 60 0.2205
9256 14 65 0.3701
9256 14 73 0.3701
9256 14 61 0.2283
9256 14 49 0.2283
9285 7 68 0.315
9285 28 53 0.2756
9285 28 61 0.2756
9299 7 68 0.2598
9314 28 68 0.315
9314 28 65 0.2756
9314 28 56 0.2756
9342 58 75 0.3701
9342 58 78 0.3701
9342 14 44 0.2756
9371 30 60 0.2992
9371 30 51 0.2992
9400 30 71 0.3307
9400 30 74 0.3307
9400 28 66 0.315
9400 28 56 0.315
9429 14 72 0.3307
9429 14 75 0.3307
9429 14 44 0.4803
9458 7 68 0.2913
9458 30 60 0.3858
9458 30 51 0.3858
9472 7 68 0.2283
9487 28 68 0.4173
9487 28 66 0.4488
9487 28 56 0.4488
9516 58 78 0.5039
9516 58 82 0.5039
9516 14 37 0.4803
9544 30 53 0.3701
9544 30 61 0.3701
9573 30 76 0.4094
9573 30 79 0.4094
9573 28 65 0.4488
9573 28 56 0.4488
9602 14 77 0.4094
9602 14 80 0.4094
9602 14 49 0.4173
9631 7 68 0.3543
9631 28 61 0.315
9631 28 53 0.315
9645 7 68 0.3228
9660 28 68 0.4331
9660 28 65 0.378
9660 28 56 0.378
9689 14 80 0.4961
9689 14 42 0.3858
9717 28 70 0.4961
9717 30 62 0.3386
9717 30 54 0.3386
9732 14 80 0.3858
9746 72 78 0.4409
9746 57 75 0.4409
9746 28 63 0.378
9746 28 58 0.378
9775 14 44 0.3307
9804 28 68 0.4173
9804 30 60 0.2205
9804 30 53 0.2205
9818 14 78 0.3622
9833 57 73 0.3937
9833 72 77 0.3937
9833 28 61 0.3228
9833 28 56 0.3228
9862 14 44 0.3386
9890 28 66 0.315
9890 28 60 0.2283
9890 28 56 0.2283
9890 28 51 0.2283
9905 14 77 0.315
9919 28 66 0.2992
9919 28 75 0.2992
9919 28 60 0.3622
9919 28 56 0.3622
9919 28 51 0.3622
9948 28 65 0.2835
9948 28 73 0.2835
9948 28 61 0.3622
9948 28 56 0.3622
9948 28 49 0.3622
10006 14 65 0.6063
10006 14 77 0.6063
10006 14 49 0.5276
10006 14 56 0.5276
10006 14 61 0.5276
10031 3 77 0.5433
10035 14 67 0.6457
10035 14 75 0.6457
10035 14 61 0.5748
10035 14 58 0.4882
10035 14 51 0.4882
10063 14 67 0.5354
10089 3 77 0.4331
10092 14 67 0.5276
10092 14 75 0.5276
10092 14 61 0.5276
10092 14 58 0.5276
10092 14 51 0.5276
10121 14 67 0.6378
10121 14 61 0.5748
10121 14 58 0.4882
10121 14 51 0.4882
10146 3 77 0.4646
10150 14 67 0.5433
10150 14 75 0.5433
10179 14 67 0.5197
10179 14 61 0.4094
10179 14 58 0.4094
10179 14 51 0.4094
10208 14 68 0.4646
10208 28 44 0.2835
10222 14 72 0.3701
10236 14 75 0.4173
10236 28 60 0.252
10236 28 56 0.252
10236 28 51 0.252
10251 14 80 0.4173
10265 14 84 0.4646
10265 14 60 0.2913
10265 14 56 0.2913
10265 14 51 0.2913
10294 9 80 0.4961
10294 28 44 0.2992
10304 9 82 0.3465
10313 9 80 0.4016
10323 14 77 0.2835
10323 28 59 0.3071
10323 28 56 0.3071
10323 14 50 0.3071
10337 14 74 0.4567
10337 14 53 0.2283
10352 14 75 0.4961
10352 14 51 0.3937
10352 14 56 0.3937
10352 14 60 0.3937
10377 3 77 0.5039
10381 14 67 0.6142
10381 14 75 0.6142
10381 14 61 0.5984
10381 14 58 0.5039
10381 14 51 0.5039
10409 14 67 0.4724
10435 3 77 0.4173
10438 14 67 0.5591
10438 14 75 0.5591
10438 14 61 0.4961
10438 14 58 0.4961
10438 14 51 0.4961
10467 14 67 0.6378
10467 14 61 0.5354
10467 14 58 0.4488
10467 14 51 0.4488
10492 3 77 0.4016
10496 14 67 0.5669
10496 14 75 0.5669
10525 14 67 0.5669
10525 14 61 0.3543
10525 14 58 0.3543
10525 14 51 0.3543
10554 9 63 0.5039
10554 28 39 0.315
10563 9 65 0.4094
10573 9 63 0.4724
10582 14 62 0.3465
10582 28 61 0.3071
10582 28 55 0.3071
10597 14 63 0.4252
10611 14 72 0.4567
10611 28 51 0.2913
10611 28 61 0.2913
10626 14 70 0.4173
10640 3 68 0.378
10640 28 44 0.378
10644 3 70 0.3228
10647 7 68 0.5039
10655 14 67 0.3858
10669 14 68 0.5591
10669 28 56 0.2835
10669 28 60 0.2835
10683 14 70 0.5197
10698 14 72 0.6063
10698 28 51 0.3543
10698 28 60 0.3543
10712 10 73 0.4409
10723 3 77 0.5433
10727 14 67 0.6693
10727 14 75 0.6693
10727 14 61 0.5669
10727 14 58 0.4803
10727 14 51 0.4803
10755 14 67 0.4961
10781 3 77 0.4488
10784 14 67 0.5512
10784 14 75 0.5512
10784 14 61 0.5039
10784 14 58 0.5039
10784 14 51 0.5039
10813 14 67 0.6772
10813 14 61 0.5748
10813 14 58 0.4882
10813 14 51 0.4882
10838 3 77 0.5276
10842 14 67 0.5827
10842 14 75 0.5827
10871 14 67 0.5118
10871 14 61 0.4016
10871 14 58 0.4016
10871 14 51 0.4016
10900 14 68 0.4488
10900 28 44 0.3622
10914 14 72 0.2992
10928 14 75 0.3386
10928 28 60 0.2756
10928 28 56 0.2756
10928 28 51 0.2756
10943 14 80 0.4173
10957 14 84 0.4488
10957 14 60 0.3307
10957 14 56 0.3307
10957 14 51 0.3307
10986 9 80 0.5276
10986 28 44 0.3858
10996 9 82 0.4094
11005 9 80 0.4567
11015 14 77 0.5039
11015 28 59 0.3465
11015 28 56 0.3465
11015 14 50 0.3465
11029 14 74 0.3937
11029 14 53 0.2283
11044 14 75 0.5354
11044 14 51 0.4016
11044 14 56 0.4016
11044 14 60 0.4016
11069 3 77 0.5276
11073 14 67 0.6378
11073 14 75 0.6378
11073 14 61 0.5354
11073 14 58 0.4488
11073 14 51 0.4488
11102 14 67 0.5669
11127 3 77 0.5276
11130 14 67 0.5669
11130 14 75 0.5669
11130 14 61 0.4961
11130 14 58 0.4961
11130 14 51 0.4961
11159 14 67 0.6772
11159 14 61 0.5591
11159 14 58 0.5591
11159 14 51 0.4724
11184 3 77 0.5039
11188 14 67 0.5669
11188 14 75 0.5669
11217 14 67 0.4961
11217 14 61 0.2835
11217 14 58 0.2835
11217 14 51 0.2835
11246 3 68 0.3543
11246 28 60 0.3543
11246 28 56 0.3543
11249 3 70 0.2913
11253 7 68 0.3622
11260 14 67 0.3071
11275 14 68 0.4567
11289 14 70 0.4173
11303 14 72 0.4567
11318 14 73 0.4252
11332 14 75 0.4724
11347 14 77 0.4488
11361 14 78 0.5276
11375 14 79 0.4646
11390 21 82 0.5354
11412 7 80 0.3701
11419 58 75 0.4331
11419 58 78 0.4331
11419 14 44 0.2992
11448 30 60 0.3465
11448 30 51 0.3465
11476 30 71 0.378
11476 30 74 0.378
11476 28 66 0.2835
11476 28 56 0.2835
11505 14 72 0.378
11505 14 75 0.378
11505 14 44 0.3386
11534 7 68 0.3386
11534 30 60 0.2756
11534 30 51 0.2756
11548 7 68 0.2913
11563 28 68 0.4409
11563 28 66 0.3071
11563 28 56 0.3071
11592 58 78 0.4724
11592 58 82 0.4724
11592 14 37 0.4016
11621 30 53 0.2913
11621 30 61 0.2913
11649 30 76 0.378
11649 30 79 0.378
11649 28 65 0.3543
11649 28 56 0.3543
11678 14 77 0.3858
11678 14 80 0.3858
11678 14 49 0.2913
11707 7 68 0.3307
11707 30 61 0.315
11707 30 53 0.315
11721 7 68 0.2756
11736 28 68 0.4331
11736 28 65 0.3071
11736 28 56 0.3071
11765 58 75 0.4567
11765 58 78 0.4567
11765 14 44 0.2992
11794 30 60 0.3543
11794 30 51 0.3543
11822 30 71 0.3465
11822 30 74 0.3465
11822 28 66 0.3543
11822 28 56 0.3543
11851 14 72 0.378
11851 14 75 0.378
11851 14 44 0.3465
11880 7 68 0.3465
11880 30 60 0.3307
11880 30 51 0.3307
11895 7 68 0.3465
11909 28 68 0.4094
11909 28 56 0.2677
11909 28 66 0.2677
11938 28 70 0.4173
11938 28 78 0.4173
11938 86 49 0.2992
11967 28 68 0.4016
11967 28 77 0.4016
11967 28 56 0.3622
11995 28 66 0.3858
11995 28 75 0.3858
11995 28 60 0.3543
12024 14 65 0.3701
12024 14 73 0.3701
12024 14 61 0.3386
12024 14 49 0.3386
12053 7 68 0.315
12053 28 53 0.2835
12053 28 61 0.2835
12068 7 68 0.2913
12082 28 68 0.315
12082 28 65 0.2835
12082 28 56 0.2835
12111 58 75 0.3701
12111 58 78 0.3701
12111 14 44 0.2598
12140 30 60 0.2992
12140 30 51 0.2992
12168 30 71 0.3307
12168 30 74 0.3307
12168 28 66 0.2756
12168 28 56 0.2756
12197 14 72 0.3307
12197 14 75 0.3307
12197 14 44 0.3386
12226 7 68 0.2913
12226 30 60 0.2756
12226 30 51 0.2756
12241 7 68 0.2756
12255 28 68 0.4173
12255 28 66 0.3071
12255 28 56 0.3071
12284 58 78 0.5039
12284 58 82 0.5039
12284 14 37 0.378
12313 30 53 0.2992
12313 30 61 0.2992
12341 30 76 0.4094
12341 30 79 0.4094
12341 28 65 0.3701
12341 28 56 0.3701
12370 14 77 0.4094
12370 14 80 0.4094
12370 14 49 0.4094
12399 7 68 0.3543
12399 30 61 0.315
12399 30 53 0.315
12414 7 68 0.2835
12428 28 68 0.4331
12428 28 65 0.3071
12428 28 56 0.3071
12457 14 80 0.4961
12457 14 42 0.3622
12486 28 70 0.4961
12486 30 62 0.2913
12486 30 54 0.2913
12500 14 80 0.3858
12514 72 78 0.4409
12514 57 75 0.4409
12514 28 63 0.3386
12514 28 58 0.3386
12543 14 44 0.2756
12572 28 68 0.4173
12572 30 60 0.315
12572 30 53 0.315
12587 14 78 0.3622
12601 57 73 0.3937
12601 72 77 0.3937
12601 28 61 0.3228
12601 28 56 0.3228
12630 14 44 0.2598
12659 28 66 0.315
12659 28 60 0.2835
12659 28 56 0.2835
12659 28 51 0.2835
12673 14 77 0.315
12688 28 66 0.2992
12688 28 75 0.2992
12688 28 60 0.2362
12688 28 56 0.2362
12688 28 51 0.2362
12716 14 65 0.2835
12716 14 73 0.2835
12716 14 61 0.3307
12716 14 56 0.3307
12716 14 49 0.3307
12745 7 61 0.4094
12760 7 61 0.4094
12774 28 61 0.4094
12803 14 65 0.5669
12803 14 68 0.5669
12803 14 37 0.4803
12832 28 59 0.3386
12832 28 56 0.3386
12832 28 49 0.3386
12861 14 65 0.5433
12861 14 68 0.5433
12861 28 49 0.4016
12861 28 56 0.4016
12861 28 59 0.4016
12889 3 68 0.5197
12889 14 37 0.5118
12893 3 70 0.5197
12897 7 65 0.5669
12897 7 68 0.5669
12918 28 59 0.4409
12918 28 56 0.4409
12918 28 49 0.4409
12933 14 63 0.4724
12933 14 66 0.4724
12947 28 65 0.5669
12947 28 68 0.5669
12947 28 49 0.4488
12947 28 56 0.4488
12947 28 59 0.4488
12976 14 66 0.5984
12976 14 70 0.5984
12976 14 42 0.4961
13005 28 58 0.3543
13005 28 54 0.3543
13005 28 49 0.3543
13034 14 70 0.6378
13034 14 73 0.6378
13034 14 49 0.3543
13034 14 54 0.3543
13034 14 58 0.3543
13062 86 70 0.685
13062 86 78 0.685
13062 14 42 0.4331
13091 28 50 0.3228
13091 28 58 0.3228
13120 28 51 0.3622
13120 28 58 0.3622
13149 14 68 0.4567
13149 14 77 0.4567
13149 14 44 0.2756
13178 28 60 0.252
13178 28 56 0.252
13178 28 51 0.252
13192 7 75 0.4252
13207 28 66 0.4567
13207 28 75 0.4567
13207 28 60 0.2913
13207 28 56 0.2913
13207 28 51 0.2913
13235 14 68 0.4724
13235 14 77 0.4724
13235 14 44 0.3543
13264 28 60 0.2992
13264 28 56 0.2992
13264 28 51 0.2992
13279 7 75 0.3937
13293 28 66 0.4409
13293 28 75 0.4409
13293 28 51 0.2992
13293 28 56 0.2992
13293 28 60 0.2992
13322 14 68 0.4724
13322 14 77 0.4724
13322 14 44 0.3858
13351 28 60 0.2756
13351 28 56 0.2756
13351 28 51 0.2756
13365 7 75 0.4016
13380 28 66 0.4488
13380 28 75 0.4488
13380 28 51 0.315
13380 28 56 0.315
13380 28 60 0.315
13408 14 64 0.5354
13408 14 72 0.5354
13408 86 49 0.2677
13437 28 61 0.2992
13437 28 56 0.2992
13452 7 73 0.4409
13466 28 65 0.4882
13466 28 73 0.4882
13466 28 61 0.2756
13466 28 56 0.2756
13495 14 77 0.6772
13495 14 80 0.6772
13495 14 49 0.4724
13524 28 71 0.3543
13524 28 68 0.3543
13524 28 61 0.3543
13538 7 80 0.5669
13538 7 77 0.5669
13553 28 77 0.6299
13553 28 80 0.6299
13553 28 61 0.4252
13553 28 68 0.4252
13553 28 71 0.4252
13581 3 80 0.6063
13581 14 49 0.4961
13585 3 82 0.6142
13589 7 77 0.6772
13589 7 80 0.6772
13610 28 61 0.3543
13610 28 68 0.3543
13610 28 71 0.3543
13625 14 75 0.6299
13625 14 78 0.6299
13639 28 77 0.6299
13639 28 80 0.6299
13639 28 71 0.378
13639 28 68 0.378
13639 28 61 0.378
13668 14 82 0.6929
13668 14 78 0.6929
13668 14 54 0.3937
13697 28 70 0.3858
13697 28 66 0.3858
13697 28 61 0.3858
13726 14 85 0.6929
13726 14 82 0.6929
13726 14 61 0.4331
13726 14 66 0.4331
13726 14 70 0.4331
13754 86 90 0.7402
13754 86 82 0.7402
13754 14 54 0.3622
13783 28 62 0.3386
13783 28 70 0.3386
13812 28 63 0.3386
13812 28 70 0.3386
13841 14 89 0.4567
13841 14 80 0.4567
13841 14 56 0.3858
13870 28 63 0.3307
13870 28 68 0.3307
13870 28 72 0.3307
13884 7 87 0.378
13899 28 78 0.4409
13899 28 87 0.4409
13899 28 72 0.2835
13899 28 68 0.2835
13899 28 63 0.2835
13927 14 89 0.4646
13927 14 80 0.4646
13927 14 56 0.3465
13956 28 72 0.2835
13956 28 68 0.2835
13956 28 63 0.2835
13971 7 87 0.4331
13985 28 78 0.4331
13985 28 87 0.4331
13985 28 63 0.2835
13985 28 68 0.2835
13985 28 72 0.2835
14014 14 80 0.4646
14014 14 89 0.4646
14014 14 56 0.3386
14043 28 72 0.252
14043 28 68 0.252
14043 28 63 0.252
14057 7 87 0.3937
14072 28 78 0.4331
14072 28 87 0.4331
14072 28 63 0.2992
14072 28 68 0.2992
14072 28 72 0.2992
14100 28 85 0.4646
14100 28 77 0.4646
14100 28 61 0.2992
14100 28 68 0.2992
14100 28 73 0.2992
14158 28 61 0.5276
14187 14 65 0.5669
14187 14 68 0.5669
14187 14 37 0.4646
14216 28 59 0.3858
14216 28 56 0.3858
14216 28 49 0.3858
14245 14 65 0.5433
14245 14 68 0.5433
14245 14 49 0.4331
14245 14 56 0.4331
14245 14 59 0.4331
14274 3 68 0.5197
14274 14 37 0.4567
14277 3 70 0.5197
14281 7 65 0.5669
14281 7 68 0.5669
14302 28 59 0.3937
14302 28 56 0.3937
14302 28 49 0.3937
14317 14 63 0.5354
14317 14 66 0.5354
14331 28 65 0.5669
14331 28 68 0.5669
14331 28 49 0.4252
14331 28 56 0.4252
14331 28 59 0.4252
14360 14 66 0.5984
14360 14 70 0.5984
14360 14 42 0.4252
14389 28 58 0.4016
14389 28 54 0.4016
14389 28 49 0.4016
14418 14 70 0.6378
14418 14 73 0.6378
14418 14 49 0.4252
14418 14 54 0.4252
14418 14 58 0.4252
14447 86 70 0.685
14447 86 78 0.685
14447 14 42 0.4961
14475 28 50 0.4016
14475 28 58 0.4016
14504 28 51 0.4252
14504 28 58 0.4252
14533 14 68 0.4803
14533 14 77 0.4803
14533 14 44 0.3543
14562 28 60 0.2677
14562 28 56 0.2677
14562 28 51 0.2677
14576 7 75 0.4094
14591 28 66 0.4409
14591 28 75 0.4409
14591 28 60 0.2913
14591 28 56 0.2913
14591 28 51 0.2913
14620 14 68 0.4724
14620 14 77 0.4724
14620 14 44 0.3543
14648 28 60 0.2677
14648 28 56 0.2677
14648 28 51 0.2677
14663 7 75 0.4094
14677 28 66 0.4409
14677 28 75 0.4409
14677 28 51 0.2992
14677 28 56 0.2992
14677 28 60 0.2992
14706 14 68 0.4724
14706 14 77 0.4724
14706 14 44 0.3858
14735 28 60 0.2835
14735 28 56 0.2835
14735 28 51 0.2835
14749 7 75 0.4331
14764 28 66 0.4488
14764 28 75 0.4488
14764 28 51 0.315
14764 28 56 0.315
14764 28 60 0.315
14793 14 64 0.5354
14793 14 72 0.5354
14793 86 49 0.4094
14821 28 61 0.3543
14821 28 56 0.3543
14836 7 73 0.4567
14850 28 65 0.4882
14850 28 73 0.4882
14850 28 61 0.3543
14850 28 56 0.3543
14879 14 77 0.6772
14879 14 80 0.6772
14879 14 49 0.4724
14908 28 71 0.3937
14908 28 68 0.3937
14908 28 61 0.3937
14922 7 80 0.6299
14922 7 77 0.6299
14937 28 77 0.6299
14937 28 80 0.6299
14937 28 61 0.4409
14937 28 68 0.4409
14937 28 71 0.4409
14966 3 80 0.6063
14966 14 49 0.4724
14969 3 82 0.6142
14973 7 77 0.6772
14973 7 80 0.6772
14994 28 61 0.3701
14994 28 68 0.3701
14994 28 71 0.3701
15009 14 75 0.5906
15009 14 78 0.5906
15023 28 77 0.6299
15023 28 80 0.6299
15023 28 71 0.4173
15023 28 68 0.4173
15023 28 61 0.4173
15052 14 82 0.6929
15052 14 78 0.6929
15052 14 54 0.4724
15081 28 70 0.4409
15081 28 66 0.4409
15081 28 61 0.4409
15110 14 85 0.7244
15110 14 82 0.7244
15110 14 61 0.4724
15110 14 66 0.4724
15110 14 70 0.4724
15139 86 90 0.7953
15139 86 82 0.7953
15139 14 54 0.5276
15167 28 62 0.4803
15167 28 70 0.4803
15196 28 63 0.4882
15196 28 70 0.4882
15225 14 89 0.4646
15225 14 80 0.4646
15225 14 56 0.3543
15254 28 63 0.2756
15254 28 68 0.2756
15254 28 72 0.2756
15268 7 87 0.4409
15283 28 78 0.4409
15283 28 87 0.4409
15283 28 72 0.2992
15283 28 68 0.2992
15283 28 63 0.2992
15312 14 89 0.4646
15312 14 80 0.4646
15312 14 56 0.3465
15340 28 72 0.2756
15340 28 68 0.2756
15340 28 63 0.2756
15355 7 87 0.4016
15369 28 78 0.4331
15369 28 87 0.4331
15369 28 63 0.2835
15369 28 68 0.2835
15369 28 72 0.2835
15398 14 80 0.4646
15398 14 89 0.4646
15398 14 56 0.3622
15427 28 72 0.2835
15427 28 68 0.2835
15427 28 63 0.2835
15441 7 87 0.4094
15456 28 78 0.4331
15456 28 87 0.4331
15456 28 63 0.2992
15456 28 68 0.2992
15456 28 72 0.2992
15485 28 85 0.4646
15485 28 77 0.4646
15485 28 61 0.3543
15485 28 68 0.3543
15485 28 73 0.3543
15542 24 77 0.3937
15568 3 77 0.3543
15571 14 78 0.4094
15571 14 46 0.3937
15596 3 78 0.3228
15600 14 76 0.3622
15600 14 61 0.3307
15600 14 53 0.3307
15625 3 76 0.3386
15629 14 77 0.3937
15629 14 61 0.3622
15629 14 53 0.3622
15654 3 77 0.3622
15658 14 78 0.4173
15658 14 45 0.3937
15683 3 78 0.3465
15687 14 76 0.3937
15687 14 53 0.3543
15687 14 63 0.3543
15687 14 60 0.3543
15712 3 76 0.3543
15715 14 77 0.3937
15715 14 63 0.3071
15715 14 60 0.3071
15715 14 53 0.3071
15741 3 77 0.3937
15744 14 85 0.4488
15744 14 46 0.3937
15769 3 85 0.3937
15773 14 84 0.4646
15773 14 61 0.3701
15773 14 58 0.3701
15773 14 53 0.3701
15798 3 84 0.4409
15802 14 83 0.5197
15802 14 61 0.4173
15802 14 58 0.4173
15802 14 53 0.4173
15827 3 83 0.5039
15831 14 82 0.5906
15831 7 51 0.4409
15856 3 82 0.4961
15860 14 81 0.5748
15860 14 66 0.3858
15860 14 60 0.3858
15860 14 58 0.3858
15885 3 81 0.4961
15888 14 80 0.5512
15888 14 66 0.3937
15888 14 58 0.3937
15888 14 60 0.3937
15914 3 80 0.4567
15917 14 79 0.5276
15917 14 53 0.4409
15942 3 79 0.4252
15946 14 78 0.5118
15946 14 65 0.3622
15946 14 61 0.3622
15946 14 58 0.3622
15971 3 78 0.4016
15975 14 77 0.4961
15975 14 65 0.3937
15975 14 61 0.3937
15975 14 58 0.3937
16000 3 77 0.3858
16004 14 76 0.4724
16004 14 53 0.3937
16029 3 76 0.3622
16033 14 75 0.4567
16033 14 63 0.3622
16033 14 65 0.3622
16033 14 57 0.3622
16058 3 75 0.3465
16061 14 72 0.4252
16061 14 65 0.378
16061 14 63 0.378
16061 14 57 0.378
16087 3 72 0.3465
16090 14 73 0.4094
16090 7 46 0.3937
16115 3 73 0.2992
16119 14 69 0.378
16119 14 61 0.3701
16119 14 53 0.3701
16144 3 69 0.3071
16148 14 70 0.3937
16148 14 61 0.3701
16148 14 53 0.3701
16173 3 70 0.3071
16177 14 73 0.3937
16177 14 46 0.3937
16202 3 73 0.3071
16206 14 75 0.3937
16206 14 61 0.3701
16206 14 53 0.3701
16231 3 75 0.2913
16234 14 76 0.4016
16234 14 61 0.3701
16234 14 53 0.3701
16260 3 76 0.315
16263 14 78 0.4252
16263 14 46 0.4173
16288 3 78 0.3465
16292 14 76 0.4331
16292 14 61 0.3858
16292 14 53 0.3858
16317 3 76 0.3465
16321 14 77 0.4567
16321 14 61 0.4094
16321 14 53 0.4094
16346 3 77 0.3858
16350 14 78 0.4882
16350 14 45 0.4331
16375 3 78 0.4016
16379 14 76 0.5354
16379 14 63 0.4252
16379 14 60 0.4252
16379 14 53 0.4252
16404 3 76 0.4252
16407 14 77 0.5748
16407 14 63 0.4724
16407 14 60 0.4724
16407 14 53 0.4724
16433 3 77 0.5591
16436 14 89 0.6535
16436 14 46 0.5354
16461 3 89 0.5354
16465 14 85 0.6299
16465 14 61 0.4882
16465 14 58 0.4882
16465 14 53 0.4882
16490 3 85 0.4961
16494 14 82 0.5984
16494 14 61 0.4409
16494 14 58 0.4409
16494 14 53 0.4409
16519 3 82 0.4488
16523 14 78 0.5591
16523 14 51 0.4724
16548 3 78 0.4094
16552 14 75 0.5197
16552 14 66 0.4409
16552 14 60 0.4409
16552 14 58 0.4409
16577 3 75 0.3465
16580 14 72 0.4488
16580 14 66 0.4488
16580 14 60 0.4488
16580 14 58 0.4488
16606 3 78 0.3228
16609 14 77 0.4331
16609 14 53 0.4409
16634 3 77 0.3307
16638 14 76 0.4173
16638 14 65 0.4094
16638 14 61 0.4094
16638 14 58 0.4094
16663 3 76 0.3307
16667 14 75 0.4331
16667 14 65 0.4094
16667 14 61 0.4094
16667 14 58 0.4094
16692 3 75 0.3386
16696 14 74 0.4409
16696 14 53 0.4173
16721 3 74 0.3465
16725 14 73 0.4567
16725 14 65 0.3858
16725 14 63 0.3858
16725 14 57 0.3858
16750 3 73 0.3622
16753 14 72 0.4724
16753 14 63 0.4173
16753 14 65 0.4173
16753 14 57 0.4173
16779 3 72 0.3622
16782 14 71 0.4882
16782 28 65 0.4567
16782 28 61 0.4567
16782 28 58 0.4567
16808 3 71 0.3858
16811 14 70 0.5039
16836 3 70 0.378
16840 14 69 0.5197
16865 3 69 0.3701
16869 14 68 0.5276
16894 3 68 0.4016
16898 14 67 0.5433
16923 3 67 0.4331
16926 14 66 0.5591
16955 14 65 0.5669
16955 14 68 0.5669
16955 14 37 0.4252
16984 28 59 0.3858
16984 28 56 0.3858
16984 28 49 0.3858
17013 28 65 0.5433
17013 28 68 0.5433
17013 28 49 0.3858
17013 28 56 0.3858
17013 28 59 0.3858
17042 3 68 0.5197
17042 14 37 0.4252
17045 3 70 0.5197
17049 7 65 0.5669
17049 7 68 0.5669
17071 28 59 0.3937
17071 28 56 0.3937
17071 28 49 0.3937
17085 14 63 0.5354
17085 14 66 0.5354
17099 28 65 0.5669
17099 28 68 0.5669
17099 28 49 0.3937
17099 28 56 0.3937
17099 28 59 0.3937
17128 14 66 0.5984
17128 14 70 0.5984
17128 14 42 0.4252
17157 28 58 0.4016
17157 28 54 0.4016
17157 28 49 0.4016
17186 14 70 0.6378
17186 14 73 0.6378
17186 14 49 0.4252
17186 14 54 0.4252
17186 14 58 0.4252
17215 86 70 0.685
17215 86 78 0.685
17215 14 42 0.4961
17244 28 50 0.4252
17244 28 58 0.4252
17273 28 51 0.4252
17273 28 58 0.4252
17301 14 68 0.4803
17301 14 77 0.4803
17301 14 44 0.3543
17330 28 60 0.2835
17330 28 56 0.2835
17330 28 51 0.2835
17345 7 75 0.4094
17359 28 66 0.4409
17359 28 75 0.4409
17359 28 60 0.2913
17359 28 56 0.2913
17359 28 51 0.2913
17388 14 68 0.4724
17388 14 77 0.4724
17388 14 44 0.3543
17417 28 60 0.2913
17417 28 56 0.2913
17417 28 51 0.2913
17431 7 75 0.4173
17446 28 66 0.4409
17446 28 75 0.4409
17446 28 51 0.2992
17446 28 56 0.2992
17446 28 60 0.2992
17474 14 68 0.4724
17474 14 77 0.4724
17474 14 44 0.3858
17503 28 60 0.3071
17503 28 56 0.3071
17503 28 51 0.3071
17518 7 75 0.4173
17532 28 66 0.4488
17532 28 75 0.4488
17532 28 51 0.315
17532 28 56 0.315
17532 28 60 0.315
17561 14 64 0.5354
17561 14 72 0.5354
17561 86 49 0.4094
17590 28 61 0.3386
17590 28 56 0.3386
17604 7 73 0.4488
17619 28 65 0.4882
17619 28 73 0.4882
17619 28 61 0.3543
17619 28 56 0.3543
17647 14 77 0.6772
17647 14 80 0.6772
17647 14 49 0.4724
17676 28 71 0.4252
17676 28 68 0.4252
17676 28 61 0.4252
17691 7 80 0.5984
17691 7 77 0.5984
17705 28 77 0.6299
17705 28 80 0.6299
17705 28 61 0.4409
17705 28 68 0.4409
17705 28 71 0.4409
17734 3 80 0.6063
17734 14 49 0.4724
17737 3 82 0.6142
17741 7 77 0.6772
17741 7 80 0.6772
17763 28 61 0.4173
17763 28 68 0.4173
17763 28 71 0.4173
17777 14 75 0.5984
17777 14 78 0.5984
17792 28 77 0.6299
17792 28 80 0.6299
17792 28 71 0.4252
17792 28 68 0.4252
17792 28 61 0.4252
17820 14 82 0.6929
17820 14 78 0.6929
17820 14 54 0.4724
17849 28 70 0.4409
17849 28 66 0.4409
17849 28 61 0.4409
17878 14 85 0.7244
17878 14 82 0.7244
17878 14 61 0.4724
17878 14 66 0.4724
17878 14 70 0.4724
17907 86 90 0.7559
17907 86 82 0.7559
17907 14 54 0.5118
17936 28 62 0.4567
17936 28 70 0.4567
17965 28 63 0.4882
17965 28 70 0.4882
17993 14 89 0.4646
17993 14 80 0.4646
17993 14 56 0.3543
18022 28 63 0.2835
18022 28 68 0.2835
18022 28 72 0.2835
18037 7 87 0.4094
18051 28 78 0.4409
18051 28 87 0.4409
18051 28 72 0.2992
18051 28 68 0.2992
18051 28 63 0.2992
18080 14 89 0.4646
18080 14 80 0.4646
18080 14 56 0.3465
18109 28 72 0.2677
18109 28 68 0.2677
18109 28 63 0.2677
18123 7 87 0.4094
18138 28 78 0.4331
18138 28 87 0.4331
18138 28 63 0.2835
18138 28 68 0.2835
18138 28 72 0.2835
18166 14 80 0.4646
18166 14 89 0.4646
18166 14 56 0.3622
18195 28 72 0.2913
18195 28 68 0.2913
18195 28 63 0.2913
18210 7 87 0.4173
18224 28 78 0.4331
18224 28 87 0.4331
18224 28 63 0.2992
18224 28 68 0.2992
18224 28 72 0.2992
18253 28 85 0.4646
18253 28 77 0.4646
18253 28 61 0.3543
18253 28 68 0.3543
18253 28 73 0.3543
18311 24 77 0.3937
18336 3 77 0.3543
18339 14 78 0.4094
18339 14 46 0.3937
18365 3 78 0.3465
18368 14 76 0.3937
18368 14 61 0.3543
18368 14 53 0.3543
18394 3 76 0.3386
18397 14 77 0.3937
18397 14 61 0.3622
18397 14 53 0.3622
18422 3 77 0.3622
18426 14 78 0.4173
18426 14 45 0.3937
18451 3 78 0.3465
18455 14 76 0.3937
18455 14 53 0.3465
18455 14 63 0.3465
18455 14 60 0.3465
18480 3 76 0.3543
18484 14 77 0.3937
18484 14 63 0.3543
18484 14 60 0.3543
18484 14 53 0.3543
18509 3 77 0.3937
18512 14 85 0.4488
18512 14 46 0.3937
18538 3 85 0.3937
18541 14 84 0.4646
18541 14 61 0.3937
18541 14 58 0.3937
18541 14 53 0.3937
18567 3 84 0.4409
18570 14 83 0.5197
18570 14 61 0.4173
18570 14 58 0.4173
18570 14 53 0.4173
18595 3 83 0.5039
18599 14 82 0.5906
18599 14 51 0.4409
18624 3 82 0.4961
18628 14 81 0.5748
18628 14 66 0.4173
18628 14 60 0.4173
18628 14 58 0.4173
18653 3 81 0.4961
18657 14 80 0.5512
18657 14 66 0.3937
18657 14 58 0.3937
18657 14 60 0.3937
18682 3 80 0.4567
18685 14 79 0.5276
18685 14 53 0.4409
18711 3 79 0.4252
18714 14 78 0.5118
18714 14 65 0.3858
18714 14 61 0.3858
18714 14 58 0.3858
18740 3 78 0.4016
18743 14 77 0.4961
18743 14 65 0.3937
18743 14 61 0.3937
18743 14 58 0.3937
18768 3 77 0.3858
18772 14 76 0.4724
18772 14 53 0.3937
18797 3 76 0.3622
18801 14 75 0.4567
18801 14 63 0.378
18801 14 65 0.378
18801 14 57 0.378
18826 3 75 0.3465
18830 14 72 0.4252
18830 14 65 0.378
18830 14 63 0.378
18830 14 57 0.378
18855 3 72 0.3465
18859 14 73 0.4094
18859 14 46 0.3937
18884 3 73 0.2992
18887 14 69 0.3937
18887 14 61 0.3701
18887 14 53 0.3701
18913 3 69 0.3071
18916 14 70 0.3937
18916 14 61 0.3701
18916 14 53 0.3701
18941 3 70 0.3071
18945 14 73 0.3937
18945 14 46 0.3937
18970 3 73 0.3071
18974 14 75 0.3937
18974 14 61 0.3622
18974 14 53 0.3622
18999 3 75 0.2913
19003 14 76 0.4016
19003 14 61 0.3701
19003 14 53 0.3701
19028 3 76 0.315
19032 14 78 0.4252
19032 14 46 0.4173
19057 3 78 0.3465
19060 14 76 0.4331
19060 14 61 0.3858
19060 14 53 0.3858
19086 3 76 0.3465
19089 14 77 0.4567
19089 14 61 0.4094
19089 14 53 0.4094
19114 3 77 0.3858
19118 14 78 0.4882
19118 14 45 0.4331
19143 3 78 0.4016
19147 14 76 0.5354
19147 14 63 0.4409
19147 14 60 0.4409
19147 14 53 0.4409
19172 3 76 0.4252
19176 14 77 0.5748
19176 14 63 0.4724
19176 14 60 0.4724
19176 14 53 0.4724
19201 3 77 0.5591
19205 14 89 0.6535
19205 14 46 0.5039
19230 3 89 0.5354
19233 14 85 0.6299
19233 14 61 0.4882
19233 14 58 0.4882
19233 14 53 0.4882
19259 3 85 0.4961
19262 14 82 0.5984
19262 14 61 0.4409
19262 14 58 0.4409
19262 14 53 0.4409
19287 3 82 0.4488
19291 14 78 0.5591
19291 14 51 0.4724
19316 3 78 0.4094
19320 14 75 0.5197
19320 14 66 0.4331
19320 14 60 0.4331
19320 14 58 0.4331
19345 3 75 0.3465
19349 14 72 0.4488
19349 14 66 0.4488
19349 14 60 0.4488
19349 14 58 0.4488
19374 3 78 0.3228
19378 14 77 0.4331
19378 14 53 0.4409
19403 3 77 0.3307
19406 14 76 0.4173
19406 14 65 0.4094
19406 14 61 0.4094
19406 14 58 0.4094
19432 3 76 0.3307
19435 14 75 0.4331
19435 14 65 0.4094
19435 14 61 0.4094
19435 14 58 0.4094
19460 3 75 0.3386
19464 14 74 0.4409
19464 14 53 0.4173
19489 3 74 0.3465
19493 14 73 0.4567
19493 14 65 0.3858
19493 14 63 0.3858
19493 14 57 0.3858
19518 3 73 0.3622
19522 14 72 0.4724
19522 14 63 0.4173
19522 14 65 0.4173
19522 14 57 0.4173
19547 3 72 0.3622
19551 14 71 0.4882
19551 28 65 0.4567
19551 28 61 0.4567
19551 28 58 0.4567
19576 3 71 0.3858
19579 14 70 0.5039
19605 3 70 0.378
19608 14 69 0.5197
19633 3 69 0.3701
19637 14 68 0.5276
19662 3 68 0.4016
19666 14 67 0.5433
19691 3 67 0.4331
19695 14 66 0.5591
19724 14 65 0.5669
19724 14 68 0.5669
19724 14 37 0.4252
19752 28 59 0.3858
19752 28 56 0.3858
19752 28 49 0.3858
19781 28 65 0.5433
19781 28 68 0.5433
19781 28 49 0.3858
19781 28 56 0.3858
19781 28 59 0.3858
19810 3 68 0.5197
19810 14 37 0.4252
19814 3 70 0.5197
19817 7 65 0.5669
19817 7 68 0.5669
19839 28 59 0.378
19839 28 56 0.378
19839 28 49 0.378
19853 14 63 0.5354
19853 14 66 0.5354
19868 28 65 0.5669
19868 28 68 0.5669
19868 28 49 0.3937
19868 28 56 0.3937
19868 28 59 0.3937
19897 14 66 0.5984
19897 14 70 0.5984
19897 14 42 0.4252
19925 28 58 0.4016
19925 28 54 0.4016
19925 28 49 0.4016
19954 14 70 0.6378
19954 14 73 0.6378
19954 14 49 0.4252
19954 14 54 0.4252
19954 14 58 0.4252
19983 86 70 0.685
19983 86 78 0.685
19983 14 42 0.4961
20012 28 50 0.4252
20012 28 58 0.4252
20041 28 51 0.4252
20041 28 58 0.4252
20070 14 68 0.4803
20070 14 77 0.4803
20070 14 44 0.3543
20098 28 60 0.2835
20098 28 56 0.2835
20098 28 51 0.2835
20113 7 75 0.4252
20127 28 66 0.4409
20127 28 75 0.4409
20127 28 60 0.2913
20127 28 56 0.2913
20127 28 51 0.2913
20156 14 68 0.4724
20156 14 77 0.4724
20156 14 44 0.3543
20185 28 60 0.2913
20185 28 56 0.2913
20185 28 51 0.2913
20199 7 75 0.4252
20214 28 66 0.4409
20214 28 75 0.4409
20214 28 51 0.2992
20214 28 56 0.2992
20214 28 60 0.2992
20243 14 68 0.4724
20243 14 77 0.4724
20243 14 44 0.3858
20271 28 60 0.3071
20271 28 56 0.3071
20271 28 51 0.3071
20286 7 75 0.4331
20300 28 66 0.4488
20300 28 75 0.4488
20300 28 51 0.315
20300 28 56 0.315
20300 28 60 0.315
20329 14 64 0.5354
20329 14 72 0.5354
20329 86 49 0.4094
20358 28 61 0.3307
20358 28 56 0.3307
20372 7 73 0.4488
20387 28 65 0.4882
20387 28 73 0.4882
20387 28 61 0.3543
20387 28 56 0.3543
20416 14 77 0.6772
20416 14 80 0.6772
20416 14 49 0.4724
20445 28 71 0.4173
20445 28 68 0.4173
20445 28 61 0.4173
20459 7 80 0.6063
20459 7 77 0.6063
20473 28 77 0.6299
20473 28 80 0.6299
20473 28 61 0.4409
20473 28 68 0.4409
20473 28 71 0.4409
20502 3 80 0.6063
20502 14 49 0.4724
20506 3 82 0.6142
20509 7 77 0.6772
20509 7 80 0.6772
20531 28 61 0.4173
20531 28 68 0.4173
20531 28 71 0.4173
20545 14 75 0.6063
20545 14 78 0.6063
20560 28 77 0.6299
20560 28 80 0.6299
20560 28 71 0.4252
20560 28 68 0.4252
20560 28 61 0.4252
20589 14 82 0.6929
20589 14 78 0.6929
20589 14 54 0.4724
20618 28 70 0.4409
20618 28 66 0.4409
20618 28 61 0.4409
20646 14 85 0.7244
20646 14 82 0.7244
20646 14 61 0.4724
20646 14 66 0.4724
20646 14 70 0.4724
20675 86 90 0.748
20675 86 82 0.748
20675 14 54 0.5276
20704 28 62 0.4803
20704 28 70 0.4803
20733 28 63 0.4882
20733 28 70 0.4882
20762 14 89 0.4646
20762 14 80 0.4646
20762 14 56 0.3543
20791 28 63 0.2835
20791 28 68 0.2835
20791 28 72 0.2835
20805 7 87 0.4173
20819 28 78 0.4409
20819 28 87 0.4409
20819 28 72 0.2992
20819 28 68 0.2992
20819 28 63 0.2992
20848 14 89 0.4646
20848 14 80 0.4646
20848 14 56 0.3465
20877 28 72 0.2835
20877 28 68 0.2835
20877 28 63 0.2835
20891 7 87 0.4094
20906 28 78 0.4331
20906 28 87 0.4331
20906 28 63 0.2835
20906 28 68 0.2835
20906 28 72 0.2835
20935 14 80 0.4646
20935 14 89 0.4646
20935 14 56 0.3622
20964 28 72 0.2992
20964 28 68 0.2992
20964 28 63 0.2992
20978 7 87 0.4094
20992 28 78 0.4331
20992 28 87 0.4331
20992 28 63 0.2992
20992 28 68 0.2992
20992 28 72 0.2992
21021 28 85 0.4646
21021 28 77 0.4646
21021 28 61 0.3543
21021 28 68 0.3543
21021 28 73 0.3543
21079 14 73 0.4016
21093 14 73 0.4016
21108 14 73 0.4252
21108 86 46 0.252
21122 14 75 0.4331
21137 14 73 0.4252
21137 28 61 0.2835
21137 28 54 0.2835
21151 14 72 0.378
21165 14 73 0.3858
21165 28 61 0.2835
21165 28 54 0.2835
21180 14 74 0.4016
21194 57 77 0.4173
21194 28 47 0.2992
21223 28 63 0.2756
21223 28 56 0.2756
21223 28 54 0.2756
21252 28 75 0.3937
21252 28 63 0.2756
21252 28 56 0.2756
21252 28 54 0.2756
21281 14 68 0.3937
21281 86 46 0.2362
21295 14 70 0.3937
21310 14 68 0.3937
21310 28 59 0.189
21310 28 53 0.189
21324 14 67 0.3937
21338 14 68 0.3937
21338 28 59 0.2362
21338 28 53 0.2362
21353 14 69 0.3937
21367 28 70 0.4803
21367 28 42 0.2362
21396 7 66 0.3937
21396 28 58 0.2283
21396 28 49 0.2283
21411 14 70 0.4016
21425 14 71 0.4252
21425 28 49 0.2677
21425 28 58 0.2677
21439 14 72 0.4409
21454 3 73 0.3937
21454 86 46 0.2913
21457 3 75 0.3937
21461 7 73 0.3937
21468 14 72 0.4331
21483 14 73 0.4488
21483 28 61 0.2283
21483 28 54 0.2283
21497 14 82 0.4567
21511 14 80 0.4724
21511 28 61 0.2756
21511 28 54 0.2756
21526 14 78 0.4882
21540 57 77 0.5039
21540 28 47 0.2283
21569 28 63 0.2283
21569 28 56 0.2283
21569 28 54 0.2283
21598 28 75 0.4409
21598 28 54 0.2835
21598 28 56 0.2835
21598 28 63 0.2835
21627 9 68 0.4094
21627 86 49 0.2835
21636 9 70 0.3937
21646 9 68 0.3937
21656 14 67 0.4094
21656 28 59 0.1496
21656 28 53 0.1496
21670 14 68 0.3937
21684 14 71 0.4409
21684 28 53 0.2047
21684 28 59 0.2047
21699 14 70 0.3937
21713 7 66 0.3937
21713 28 42 0.2126
21728 14 60 0.3307
21742 14 61 0.3386
21742 28 58 0.252
21742 28 49 0.252
21757 14 65 0.3543
21771 14 66 0.3701
21771 28 49 0.2677
21771 28 58 0.2677
21785 14 70 0.378
21800 14 73 0.3937
21800 86 46 0.2205
21814 14 75 0.4016
21829 14 73 0.4173
21829 28 61 0.2205
21829 28 54 0.2205
21843 14 72 0.4331
21857 14 73 0.4409
21857 28 61 0.2913
21857 28 54 0.2913
21872 10 74 0.4567
21883 3 74 0.4252
21886 57 77 0.5276
21886 28 47 0.2598
21915 28 55 0.2362
21915 28 63 0.2362
21944 28 75 0.4646
21944 28 56 0.2598
21944 28 63 0.2598
21973 14 68 0.3937
21973 86 49 0.1969
21987 14 70 0.3937
22002 3 68 0.3228
22002 28 59 0.1575
22002 28 53 0.1575
22005 3 70 0.3228
22009 7 68 0.3858
22016 14 67 0.3937
22031 14 68 0.4094
22031 28 53 0.2283
22031 28 59 0.2283
22045 14 69 0.4331
22059 28 70 0.5039
22059 28 42 0.2677
22088 7 66 0.4252
22088 28 49 0.2205
22088 28 58 0.2205
22103 14 70 0.4173
22117 14 71 0.4331
22117 28 58 0.2598
22117 28 49 0.2598
22131 14 72 0.4488
22146 3 73 0.3937
22146 86 46 0.2992
22149 3 75 0.3937
22153 7 73 0.4646
22160 14 72 0.4488
22175 9 73 0.4567
22175 28 61 0.2205
22175 28 54 0.2205
22184 9 83 0.5276
22194 9 82 0.5118
22204 9 82 0.4961
22204 28 54 0.2205
22204 28 61 0.2205
22213 9 80 0.4803
22223 9 78 0.4646
22232 57 77 0.4488
22232 28 47 0.2756
22261 28 63 0.2362
22261 28 56 0.2362
22261 28 54 0.2362
22290 28 75 0.4331
22290 28 63 0.2205
22290 28 56 0.2205
22290 28 54 0.2205
22319 9 68 0.3622
22319 86 49 0.2047
22328 9 70 0.3622
22338 9 68 0.3622
22348 14 67 0.3622
22348 28 59 0.2047
22348 28 53 0.2047
22362 14 68 0.3701
22377 14 71 0.3858
22377 28 53 0.1969
22377 28 59 0.1969
22391 14 70 0.3543
22405 14 66 0.3071
22405 28 42 0.2362
22434 28 58 0.2126
22434 28 49 0.2126
22463 7 70 0.3071
22477 7 70 0.3071
22492 14 70 0.3071
22492 14 34 0.2756
22492 14 46 0.2756
22550 7 70 0.3071
22550 28 56 0.2913
22550 28 58 0.2913
22550 28 65 0.2913
22564 7 70 0.3071
22578 14 70 0.3071
22578 14 55 0.252
22578 14 58 0.252
22578 14 64 0.252
22636 7 70 0.3071
22636 28 54 0.2835
22636 28 58 0.2835
22636 28 63 0.2835
22650 7 70 0.3071
22665 14 70 0.3071
22665 14 53 0.252
22665 14 58 0.252
22665 14 62 0.252
22694 7 70 0.7402
22694 7 82 0.7402
22694 7 34 0.6457
22694 7 46 0.6457
22708 7 70 0.7165
22708 7 82 0.7165
22708 7 34 0.6142
22708 7 46 0.6142
22723 14 70 0.748
22723 14 82 0.748
22723 14 34 0.6457
22723 14 46 0.6457
22751 7 70 0.748
22751 7 82 0.748
22751 7 34 0.6457
22751 7 46 0.6457
22766 7 70 0.7165
22766 7 82 0.7165
22766 7 34 0.6142
22766 7 46 0.6142
22780 14 70 0.748
22780 14 82 0.748
22780 14 34 0.6457
22780 14 46 0.6457
22809 7 70 0.748
22809 7 82 0.748
22809 7 34 0.6457
22809 7 46 0.6457
22824 7 70 0.7165
22824 7 82 0.7165
22824 7 34 0.6142
22824 7 46 0.6142
22838 14 70 0.748
22838 14 82 0.748
22838 14 34 0.6457
22838 14 46 0.6457
22896 7 58 0.3071
22896 7 65 0.3071
22896 7 70 0.3071
22896 28 46 0.3071
22896 28 56 0.3071
22910 7 58 0.3071
22910 7 70 0.3071
22924 14 58 0.3071
22924 14 64 0.3071
22924 14 70 0.3071
22924 14 46 0.2835
22924 14 55 0.2835
22982 7 58 0.3071
22982 7 63 0.3071
22982 7 70 0.3071
22982 28 54 0.3071
22982 28 46 0.3071
22997 7 58 0.3071
22997 7 70 0.3071
23011 14 58 0.3071
23011 14 62 0.3071
23011 14 70 0.3071
23011 14 46 0.2835
23011 14 53 0.2835
23040 7 58 0.3386
23040 7 70 0.3386
23054 7 58 0.3701
23054 7 70 0.3701
23069 28 58 0.4094
23069 28 70 0.4094
23097 7 58 0.4331
23097 7 70 0.4331
23112 7 58 0.4488
23112 7 70 0.4488
23126 28 58 0.5197
23126 28 70 0.5197
23155 7 58 0.5669
23155 7 70 0.5669
23170 7 58 0.5276
23170 7 70 0.5276
23184 14 58 0.7638
23184 14 70 0.7638
23184 14 34 0.748
23184 14 46 0.748
23213 15 74 0.4409
23213 21 68 0.4252
23213 21 65 0.4252
23213 21 58 0.4252
23227 15 75 0.4016
23242 21 74 0.5039
23242 21 77 0.5039
23242 21 68 0.4882
23242 21 65 0.4882
23242 21 58 0.4882
23270 14 70 0.7559
23270 14 39 0.748
23270 14 51 0.748
23299 15 75 0.4646
23299 21 67 0.4488
23299 21 63 0.4488
23299 21 58 0.4488
23314 15 77 0.4331
23328 21 75 0.5276
23328 21 79 0.5276
23328 21 67 0.4803
23328 21 63 0.4803
23328 21 58 0.4803
23357 14 70 0.7638
23357 14 46 0.7559
23357 14 58 0.7559
23386 15 77 0.5276
23386 21 68 0.4724
23386 21 65 0.4724
23386 21 58 0.4724
23400 15 79 0.5118
23415 21 77 0.5906
23415 21 80 0.5906
23415 21 68 0.5276
23415 21 65 0.5276
23415 21 58 0.5276
23443 57 82 0.6457
23443 57 79 0.6457
23443 57 73 0.6457
23443 14 51 0.7638
23472 14 67 0.5591
23472 14 61 0.5591
23472 14 58 0.5591
23501 14 82 0.5433
23501 14 79 0.5433
23501 14 73 0.5433
23501 14 52 0.7244
23516 14 82 0.5433
23516 14 79 0.5433
23516 14 73 0.5433
23530 30 82 0.6063
23530 57 73 0.6063
23530 57 79 0.6063
23530 14 53 0.4724
23559 15 84 0.4724
23559 14 65 0.3701
23559 14 56 0.3701
23573 15 82 0.4252
23588 14 72 0.4567
23588 14 80 0.4567
23588 14 44 0.4173
23617 30 80 0.5984
23617 57 71 0.5984
23617 14 46 0.4331
23645 15 82 0.4488
23645 21 63 0.3465
23645 21 55 0.3465
23660 15 80 0.4173
23674 14 70 0.4409
23674 14 79 0.4409
23674 14 63 0.4016
23674 14 55 0.4016
23703 30 79 0.5591
23703 57 70 0.5591
23703 14 46 0.4252
23732 15 80 0.4331
23732 28 62 0.3228
23732 28 53 0.3228
23746 15 79 0.4016
23761 14 68 0.4252
23761 14 77 0.4252
23761 14 62 0.3858
23761 14 58 0.3858
23790 30 77 0.5039
23790 57 68 0.5039
23790 86 51 0.4016
23818 15 79 0.378
23818 21 63 0.2992
23818 21 58 0.2992
23833 15 77 0.3543
23847 14 75 0.378
23847 14 67 0.378
23847 14 63 0.3701
23847 14 58 0.3701
23876 28 82 0.7559
23876 28 70 0.7559
23876 43 58 0.748
23876 43 46 0.748
23905 15 74 0.4488
23905 21 68 0.4252
23905 21 65 0.4252
23905 21 58 0.4252
23919 15 75 0.4094
23934 21 74 0.4961
23934 21 77 0.4961
23934 21 68 0.4567
23934 21 65 0.4567
23934 21 58 0.4567
23963 28 82 0.748
23963 28 70 0.748
23963 43 39 0.7402
23963 43 51 0.7402
23991 15 75 0.4724
23991 21 67 0.5039
23991 21 63 0.5039
23991 21 58 0.5039
24006 15 77 0.4488
24020 21 75 0.5354
24020 21 79 0.5354
24020 21 67 0.5433
24020 21 63 0.5433
24020 21 58 0.5433
24049 28 82 0.7323
24049 28 70 0.7323
24049 43 58 0.748
24049 43 46 0.748
24078 15 77 0.5669
24078 21 68 0.5197
24078 21 65 0.5197
24078 21 58 0.5197
24092 15 79 0.5354
24107 21 77 0.6299
24107 21 80 0.6299
24107 21 68 0.5512
24107 21 65 0.5512
24107 21 58 0.5512
24136 43 82 0.7953
24136 43 79 0.7953
24136 43 73 0.7953
24136 14 51 0.6142
24164 14 67 0.378
24164 14 61 0.378
24164 14 58 0.378
24179 14 79 0.5984
24179 14 82 0.5984
24193 28 73 0.5354
24193 28 52 0.3858
24208 14 82 0.5827
24208 14 79 0.5827
24222 57 73 0.5039
24222 14 53 0.3386
24236 15 82 0.5669
24251 15 84 0.5039
24251 14 56 0.3858
24251 14 65 0.3858
24265 15 82 0.4488
24280 14 80 0.4252
24280 14 72 0.4252
24280 14 44 0.2913
24309 57 71 0.5118
24309 14 46 0.3386
24323 15 80 0.5433
24337 15 82 0.5118
24337 21 55 0.2441
24337 21 63 0.2441
24352 15 80 0.4331
24366 14 79 0.4016
24366 14 70 0.4016
24366 14 63 0.3228
24366 14 55 0.3228
24395 57 70 0.4961
24395 14 46 0.2598
24410 15 79 0.3622
24424 15 80 0.4567
24424 28 53 0.315
24424 28 62 0.315
24438 15 79 0.3543
24453 28 68 0.3937
24453 28 77 0.3937
24453 28 62 0.2126
24453 57 58 0.2126
24482 14 75 0.4646
24482 14 67 0.4646
24482 28 63 0.3465
24482 28 51 0.3465
24510 7 75 0.4173
24525 7 75 0.5039
24539 7 75 0.5276
24539 28 51 0.4094
24539 28 55 0.4094
24539 28 61 0.4094
24554 7 75 0.5433
24568 7 75 0.6142
24568 43 44 0.1969
24583 7 75 0.5039
24597 7 75 0.6142
24597 21 56 0.2598
24597 21 60 0.2598
24597 21 51 0.2598
24611 7 75 0.5827
24626 7 75 0.5433
24626 21 60 0.3228
24626 21 51 0.3228
24626 21 56 0.3228
24640 7 75 0.5433
24655 15 77 0.5118
24655 28 44 0.2598
24669 15 75 0.4567
24683 15 72 0.4409
24683 21 56 0.2598
24683 21 60 0.2598
24683 21 51 0.2598
24698 15 68 0.378
24712 14 63 0.4094
24712 21 56 0.2913
24712 21 51 0.2913
24712 21 60 0.2913
24727 14 64 0.3465
24741 7 65 0.4567
24741 28 44 0.2913
24756 7 65 0.4016
24770 7 65 0.4331
24770 21 56 0.2047
24770 21 50 0.2047
24770 21 59 0.2047
24784 7 65 0.3622
24799 7 65 0.4252
24799 21 56 0.252
24799 21 50 0.252
24799 21 59 0.252
24813 7 65 0.5039
24828 15 63 0.4803
24828 28 44 0.2992
24842 15 68 0.4173
24856 15 72 0.3622
24856 21 60 0.2283
24856 21 51 0.2283
24856 21 56 0.2283
24871 15 75 0.5039
24885 15 80 0.4646
24885 21 56 0.378
24885 21 51 0.378
24885 21 60 0.378
24900 14 76 0.4094
24914 7 77 0.4094
24914 28 50 0.4331
24929 7 77 0.378
24943 7 77 0.5039
24943 21 65 0.189
24943 21 56 0.189
24943 21 59 0.189
24957 7 77 0.4724
24972 7 77 0.4173
24972 21 65 0.2835
24972 21 56 0.2835
24972 21 59 0.2835
24986 7 77 0.5748
25001 10 77 0.6063
25001 28 51 0.3465
25010 10 79 0.4331
25020 10 77 0.4331
25029 15 75 0.5118
25029 21 63 0.252
25029 21 60 0.252
25029 21 68 0.252
25044 15 80 0.4488
25058 14 84 0.4016
25058 14 60 0.3307
25058 14 68 0.3307
25058 14 63 0.3307
25087 30 89 0.5197
25087 28 51 0.1575
25116 15 87 0.3937
25116 21 63 0.1575
25116 21 61 0.1575
25116 21 67 0.1575
25130 15 85 0.3543
25145 14 79 0.4094
25145 14 63 0.2362
25145 14 61 0.2362
25145 14 67 0.2362
25174 30 82 0.4567
25174 72 56 0.2677
25203 15 80 0.3386
25203 21 63 0.1811
25203 21 60 0.1811
25203 21 68 0.1811
25217 15 75 0.3465
25231 14 72 0.2992
25231 14 63 0.2992
25231 14 60 0.2992
25231 14 68 0.2992
25260 7 75 0.378
25260 28 44 0.2677
25275 7 75 0.3465
25289 7 75 0.5118
25289 21 60 0.2441
25289 21 51 0.2441
25289 21 56 0.2441
25303 7 75 0.5433
25318 7 75 0.4961
25318 21 56 0.3858
25318 21 51 0.3858
25318 21 60 0.3858
25332 7 75 0.5591
25347 15 77 0.4803
25347 28 44 0.3701
25361 15 75 0.4409
25376 15 72 0.3937
25376 21 60 0.2756
25376 21 51 0.2756
25376 21 56 0.2756
25390 15 68 0.3937
25404 14 63 0.378
25404 21 51 0.4094
25404 21 60 0.4094
25404 21 56 0.4094
25419 14 64 0.4173
25433 7 65 0.4488
25433 28 44 0.315
25448 7 65 0.4016
25462 7 65 0.4331
25462 21 56 0.2756
25462 21 59 0.2756
25462 21 50 0.2756
25476 7 65 0.4331
25491 7 65 0.4803
25491 21 50 0.2441
25491 21 59 0.2441
25491 21 56 0.2441
25505 7 65 0.5118
25520 15 63 0.4567
25520 28 44 0.2992
25534 15 68 0.4094
25549 15 72 0.3858
25549 21 56 0.2362
25549 21 60 0.2362
25549 21 51 0.2362
25563 15 75 0.3543
25577 15 80 0.4094
25577 21 56 0.2835
25577 21 60 0.2835
25577 21 51 0.2835
25592 14 76 0.378
25606 7 77 0.4567
25606 28 50 0.2992
25621 7 77 0.3858
25635 7 77 0.4803
25635 21 59 0.2598
25635 21 56 0.2598
25635 21 65 0.2598
25649 7 77 0.4488
25664 7 77 0.5118
25664 21 59 0.2835
25664 21 65 0.2835
25664 21 56 0.2835
25678 7 77 0.5118
25693 10 77 0.5906
25693 28 51 0.3465
25702 10 79 0.4331
25712 10 77 0.4331
25722 15 75 0.5197
25722 21 60 0.2283
25722 21 68 0.2283
25722 21 63 0.2283
25736 15 80 0.5039
25750 14 84 0.4724
25750 14 63 0.3465
25750 14 68 0.3465
25750 14 60 0.3465
25779 30 89 0.5276
25779 28 51 0.2126
25808 15 87 0.4094
25808 28 61 0.252
25808 28 67 0.252
25808 28 63 0.252
25822 15 85 0.3937
25837 14 79 0.4094
25837 14 61 0.2913
25837 14 67 0.2913
25837 14 63 0.2913
25866 57 80 0.5118
25866 86 56 0.3465
25895 28 68 0.2756
25895 28 60 0.2756
25923 4 72 0.4331
25923 28 68 0.3701
25923 28 65 0.3701
25928 4 74 0.3858
25933 4 72 0.5118
25938 4 74 0.4173
25943 4 72 0.5276
25947 4 71 0.4409
25952 15 70 0.685
25952 28 58 0.6772
25952 28 46 0.6772
25981 15 74 0.4882
25981 21 65 0.4331
25981 21 68 0.4331
25981 21 58 0.4331
25996 15 75 0.4882
26010 21 77 0.5276
26010 21 74 0.5276
26010 21 68 0.5118
26010 21 58 0.5118
26010 21 65 0.5118
26039 14 70 0.6693
26039 28 51 0.5827
26068 15 75 0.5748
26068 21 63 0.4488
26068 21 67 0.4488
26068 21 58 0.4488
26082 15 77 0.5433
26096 21 75 0.5984
26096 21 79 0.5984
26096 21 63 0.4882
26096 21 67 0.4882
26096 21 58 0.4882
26125 14 70 0.685
26125 28 50 0.5118
26154 15 77 0.5748
26154 21 65 0.4409
26154 21 58 0.4409
26154 21 68 0.4409
26169 15 79 0.5354
26183 21 77 0.6535
26183 21 80 0.6535
26183 21 65 0.5433
26183 21 68 0.5433
26183 21 58 0.5433
26212 57 73 0.6063
26212 57 79 0.6063
26212 57 82 0.6063
26212 14 51 0.4803
26241 14 67 0.4803
26241 14 58 0.4803
26241 14 61 0.4803
26269 14 79 0.5906
26269 14 73 0.5906
26269 14 82 0.5906
26269 28 52 0.2992
26284 14 79 0.5433
26284 14 73 0.5433
26284 14 82 0.5433
26298 57 73 0.5512
26298 30 82 0.5512
26298 57 79 0.5512
26298 14 53 0.2992
26327 15 84 0.4646
26327 14 65 0.3228
26327 14 56 0.3228
26342 15 82 0.4409
26356 14 72 0.4173
26356 14 80 0.4173
26356 14 44 0.2835
26385 57 71 0.5433
26385 30 80 0.5433
26385 14 46 0.2441
26414 15 82 0.3701
26414 21 55 0.2126
26414 21 63 0.2126
26428 15 80 0.3543
26442 14 79 0.4094
26442 14 70 0.4094
26442 14 55 0.3228
26442 14 63 0.3228
26471 30 79 0.5197
26471 57 70 0.5197
26471 14 46 0.3071
26500 15 80 0.4173
26500 28 53 0.2047
26500 28 62 0.2047
26515 15 79 0.3701
26529 14 77 0.5276
26529 14 68 0.5276
26529 14 58 0.2677
26529 14 62 0.2677
26558 30 77 0.5039
26558 57 68 0.5039
26558 86 51 0.1811
26587 15 79 0.4094
26587 28 58 0.2598
26587 28 63 0.2598
26601 15 77 0.378
26615 14 75 0.4173
26615 14 67 0.4173
26615 14 58 0.4173
26615 14 63 0.4173
26644 14 70 0.7638
26644 14 82 0.7638
26644 28 34 0.7165
26644 28 46 0.7165
26673 15 74 0.4488
26673 21 65 0.4252
26673 21 68 0.4252
26673 21 58 0.4252
26688 15 75 0.4173
26702 21 74 0.4961
26702 21 77 0.4961
26702 21 68 0.4567
26702 21 58 0.4567
26702 21 65 0.4567
26731 14 82 0.7638
26731 14 70 0.7638
26731 28 51 0.7244
26731 28 39 0.7244
26760 15 75 0.4724
26760 21 63 0.4567
26760 21 67 0.4567
26760 21 58 0.4567
26774 15 77 0.4488
26789 21 79 0.5354
26789 21 75 0.5354
26789 21 67 0.5039
26789 21 63 0.5039
26789 21 58 0.5039
26817 14 70 0.7559
26817 14 82 0.7559
26817 28 58 0.7165
26817 28 46 0.7165
26846 15 77 0.5669
26846 21 68 0.5197
26846 21 58 0.5197
26846 21 65 0.5197
26861 15 79 0.5512
26875 21 80 0.6299
26875 21 77 0.6299
26875 21 68 0.5669
26875 21 65 0.5669
26875 21 58 0.5669
26904 28 73 0.7795
26904 28 79 0.7795
26904 28 82 0.7795
26904 28 67 0.7087
26904 28 51 0.7087
26904 28 61 0.7087
26904 28 58 0.7087
27135 14 73 0.3858
27135 14 79 0.3858
27135 14 82 0.3858
27135 28 52 0.315
27149 14 82 0.3858
27149 14 73 0.3858
27149 14 79 0.3858
27163 57 79 0.4331
27163 57 73 0.4331
27163 30 82 0.4331
27163 14 53 0.378
27192 15 84 0.4173
27192 14 65 0.3465
27192 14 56 0.3465
27207 15 82 0.4094
27221 14 80 0.378
27221 14 72 0.378
27221 14 44 0.3465
27250 57 71 0.4252
27250 30 80 0.4252
27250 14 46 0.3071
27279 15 82 0.4016
27279 28 63 0.2835
27279 28 55 0.2835
27293 15 80 0.378
27308 14 79 0.3543
27308 14 70 0.3543
27308 28 63 0.2835
27308 28 55 0.2835
27336 57 70 0.3465
27336 30 79 0.3465
27336 14 46 0.2756
27365 15 80 0.3228
27365 28 62 0.252
27365 28 58 0.252
27365 28 53 0.252
27380 15 79 0.2992
27394 14 68 0.2756
27394 14 77 0.2756
27394 28 53 0.252
27394 28 62 0.2362
27394 28 58 0.2362
27509 28 39 0.2598
27538 28 46 0.2283
27538 28 55 0.2283
27567 28 46 0.2441
27567 28 55 0.2441
27596 28 39 0.252
27625 28 55 0.2283
27625 28 46 0.2283
27654 28 46 0.2441
27654 28 55 0.2441
27682 28 39 0.2677
27711 28 46 0.2283
27711 28 55 0.2283
27740 28 55 0.252
27740 28 46 0.252
27769 28 39 0.2598
27798 28 55 0.2362
27798 28 46 0.2362
27827 28 46 0.252
27827 28 55 0.252
27855 7 63 0.315
27855 28 39 0.2598
27870 7 63 0.2992
27884 7 63 0.315
27884 28 55 0.2283
27884 28 46 0.2283
27899 7 63 0.2913
27913 28 63 0.3858
27913 28 46 0.2441
27913 28 55 0.2441
27942 14 55 0.3071
27942 28 39 0.2598
27956 14 58 0.3071
27971 14 63 0.3622
27971 21 46 0.2362
27971 21 55 0.2362
27985 14 67 0.3543
28000 25 72 0.4331
28000 21 55 0.2362
28000 21 46 0.2362
28025 3 72 0.3465
28028 14 71 0.4016
28028 28 39 0.2835
28054 3 71 0.3071
28057 14 70 0.378
28057 21 61 0.2598
28057 21 55 0.2598
28057 21 51 0.2598
28083 3 70 0.3071
28086 14 69 0.3622
28086 21 61 0.2362
28086 21 55 0.2362
28086 21 51 0.2362
28111 3 69 0.2756
28115 14 68 0.3465
28115 21 51 0.2598
28115 21 55 0.2598
28115 21 61 0.2598
28140 3 68 0.2598
28144 14 67 0.3228
28144 21 61 0.2283
28144 21 55 0.2283
28144 21 51 0.2283
28169 3 67 0.252
28173 14 65 0.3071
28173 21 51 0.2283
28173 21 55 0.2283
28173 21 61 0.2283
28201 7 63 0.3465
28201 28 39 0.2835
28216 7 63 0.3228
28230 7 63 0.3465
28230 21 56 0.2441
28230 21 60 0.2441
28230 21 51 0.2441
28245 7 63 0.3228
28259 28 63 0.4173
28259 21 60 0.2441
28259 21 51 0.2441
28259 21 56 0.2441
28288 14 60 0.3307
28288 28 39 0.2835
28302 14 63 0.3307
28317 14 68 0.3937
28317 21 60 0.2598
28317 21 51 0.2598
28317 21 56 0.2598
28331 14 72 0.3858
28346 25 77 0.4646
28346 21 60 0.2598
28346 21 56 0.2598
28346 21 51 0.2598
28371 3 79 0.378
28375 14 77 0.4409
28375 28 39 0.3071
28400 3 77 0.3307
28403 14 76 0.4094
28403 21 60 0.2835
28403 21 56 0.2835
28403 21 51 0.2835
28429 3 76 0.3307
28432 14 75 0.3937
28432 21 60 0.2598
28432 21 56 0.2598
28432 21 51 0.2598
28457 3 75 0.2992
28461 14 74 0.378
28461 21 51 0.2835
28461 21 56 0.2835
28461 21 60 0.2835
28486 3 74 0.2835
28490 14 73 0.3543
28490 21 60 0.2441
28490 21 56 0.2441
28490 21 51 0.2441
28515 3 73 0.2756
28519 14 72 0.3307
28519 21 51 0.2441
28519 21 56 0.2441
28519 21 60 0.2441
28548 3 71 0.378
28548 14 51 0.3071
28548 14 39 0.3071
28555 3 71 0.3543
28562 3 71 0.378
28562 10 51 0.252
28562 10 56 0.252
28562 10 62 0.252
28569 3 71 0.2913
28576 3 71 0.378
28576 10 51 0.2677
28576 10 56 0.2677
28576 10 62 0.2677
28584 3 71 0.3307
28591 7 68 0.3622
28591 14 39 0.3071
28591 14 51 0.3071
28598 7 71 0.3543
28605 7 74 0.4331
28605 10 51 0.2756
28605 10 56 0.2756
28605 10 62 0.2756
28612 7 77 0.4173
28620 9 83 0.5512
28620 10 62 0.2835
28620 10 56 0.2835
28620 10 51 0.2835
28632 1 83 0.4094
28634 7 82 0.4882
28634 14 39 0.315
28634 14 51 0.315
28647 1 82 0.4173
28648 7 81 0.5118
28648 10 62 0.3071
28648 10 59 0.3071
28648 10 56 0.3071
28648 10 51 0.3071
28661 1 81 0.4252
28663 7 80 0.5354
28663 10 62 0.3465
28663 10 59 0.3465
28663 10 56 0.3465
28663 10 51 0.3465
28675 1 80 0.4646
28677 7 79 0.5512
28677 10 62 0.3622
28677 10 59 0.3622
28677 10 56 0.3622
28677 10 51 0.3622
28690 1 79 0.4724
28692 7 78 0.5748
28692 10 62 0.3622
28692 10 59 0.3622
28692 10 56 0.3622
28692 10 51 0.3622
28704 1 78 0.5118
28706 3 77 0.5984
28706 10 62 0.3937
28706 10 59 0.3937
28706 10 56 0.3937
28706 10 51 0.3937
28719 1 77 0.5512
28721 7 91 0.6929
28721 10 62 0.3701
28721 10 59 0.3701
28721 10 56 0.3701
28721 10 51 0.3701
28733 1 91 0.5591
28735 7 89 0.6299
28735 10 62 0.2992
28735 10 59 0.2992
28735 10 56 0.2992
28735 10 51 0.2992
28748 1 89 0.5512
28749 7 88 0.6299
28749 10 62 0.3543
28749 10 59 0.3543
28749 10 56 0.3543
28749 10 51 0.3543
28762 1 88 0.5433
28764 7 87 0.6299
28764 10 62 0.3701
28764 10 59 0.3701
28764 10 56 0.3701
28764 10 51 0.3701
28776 1 87 0.5669
28778 7 86 0.6299
28778 10 62 0.2992
28778 10 59 0.2992
28778 10 56 0.2992
28778 10 51 0.2992
28791 1 86 0.5512
28793 7 85 0.6299
28793 10 62 0.3543
28793 10 59 0.3543
28793 10 56 0.3543
28793 10 51 0.3543
28805 1 85 0.5512
28807 7 84 0.6299
28807 10 62 0.3543
28807 10 58 0.3543
28807 10 56 0.3543
28807 10 51 0.3543
28820 1 84 0.5512
28821 7 83 0.6535
28821 10 62 0.3386
28821 10 58 0.3386
28821 10 56 0.3386
28821 10 51 0.3386
28834 1 83 0.5591
28836 7 82 0.6772
28836 10 62 0.378
28836 10 58 0.378
28836 10 56 0.378
28836 10 51 0.378
28849 1 82 0.5748
28850 7 81 0.7008
28850 10 62 0.3858
28850 10 58 0.3858
28850 10 56 0.3858
28850 10 51 0.3858
28863 1 81 0.6063
28865 7 80 0.7244
28865 10 62 0.3622
28865 10 58 0.3622
28865 10 56 0.3622
28865 10 51 0.3622
28877 1 80 0.622
28879 7 77 0.748
28879 10 62 0.4094
28879 10 58 0.4094
28879 10 56 0.4094
28879 10 51 0.4094
28894 7 87 0.7874
28894 7 75 0.7874
28894 7 39 0.7559
28894 7 51 0.7559
28908 7 79 0.5906
28908 10 61 0.5827
28908 10 63 0.5827
28908 10 67 0.5827
28908 10 70 0.5827
28915 7 80 0.6614
28922 10 79 0.685
28922 10 82 0.685
28922 10 63 0.6299
28922 10 61 0.6299
28922 10 67 0.6299
28922 10 70 0.6299
28937 7 87 0.7874
28937 7 75 0.7874
28937 7 39 0.7559
28937 7 51 0.7559
28951 7 78 0.6142
28951 10 69 0.5984
28951 10 66 0.5984
28951 10 63 0.5984
28951 10 60 0.5984
28958 7 80 0.6535
28966 10 78 0.6772
28966 10 81 0.6772
28966 10 69 0.6378
28966 10 66 0.6378
28966 10 63 0.6378
28966 10 60 0.6378
28980 7 87 0.7874
28980 7 75 0.7874
28980 7 39 0.7559
28980 7 51 0.7559
28995 7 77 0.6772
28995 10 59 0.6142
28995 10 63 0.6142
28995 10 65 0.6142
28995 10 68 0.6142
29002 7 79 0.6457
29009 10 77 0.7008
29009 10 80 0.7008
29009 10 59 0.6535
29009 10 63 0.6535
29009 10 65 0.6535
29009 10 68 0.6535
29023 28 70 0.7874
29023 28 82 0.7874
29023 28 79 0.7874
29023 14 39 0.7717
29023 14 51 0.7717
29038 14 67 0.6142
29038 14 63 0.6142
29038 14 58 0.6142
29038 14 55 0.6142
29052 7 82 0.748
29052 7 79 0.748
29052 7 70 0.748
29052 14 67 0.6614
29052 14 63 0.6614
29052 14 58 0.6614
29052 14 55 0.6614
29059 7 82 0.7244
29059 7 79 0.7244
29059 7 70 0.7244
29067 14 79 0.7874
29067 43 70 0.7874
29067 43 82 0.7874
29067 14 34 0.7638
29067 14 46 0.7638
29081 7 80 0.7559
29081 10 65 0.6142
29081 10 62 0.6142
29081 10 58 0.6142
29081 10 56 0.6142
29088 7 79 0.7165
29095 7 77 0.7559
29095 7 65 0.6614
29095 7 62 0.6614
29095 7 58 0.6614
29095 7 56 0.6614
29110 14 77 0.7402
29110 43 70 0.7402
29110 43 82 0.7402
29110 14 39 0.6693
29110 14 51 0.6693
29124 7 79 0.6614
29124 10 63 0.5591
29124 10 58 0.5591
29124 10 55 0.5591
29131 7 77 0.6142
29139 7 75 0.5906
29139 7 63 0.5197
29139 7 58 0.5197
29139 7 55 0.5197
29153 28 79 0.6063
29153 14 70 0.6063
29153 14 46 0.5276
29153 14 58 0.5276
29168 7 72 0.5433
29168 10 62 0.4173
29168 10 56 0.4173
29168 10 58 0.4173
29168 10 53 0.4173
29175 7 70 0.4567
29182 7 77 0.4882
29182 7 68 0.4882
29182 7 62 0.4409
29182 7 58 0.4409
29182 7 56 0.4409
29182 7 53 0.4409
29196 28 77 0.5591
29196 14 68 0.5591
29196 14 39 0.4961
29196 14 51 0.4961
29211 7 70 0.4882
29211 10 61 0.3307
29211 10 58 0.3307
29211 10 51 0.3307
29218 7 68 0.4094
29225 7 75 0.4409
29225 7 67 0.4409
29225 7 61 0.3858
29225 7 58 0.3858
29225 7 51 0.3858
29240 43 63 0.5354
29240 43 75 0.5354
29240 14 44 0.4882
29240 14 56 0.4882
29254 7 68 0.4331
29254 10 60 0.3701
29254 10 56 0.3701
29254 10 51 0.3701
29261 7 70 0.4488
29268 7 68 0.4646
29268 7 72 0.4646
29268 7 60 0.4016
29268 7 56 0.4016
29268 7 51 0.4016
29283 43 63 0.5118
29283 43 75 0.5118
29283 14 44 0.4646
29283 14 56 0.4646
29297 7 68 0.4016
29297 10 59 0.3543
29297 10 56 0.3543
29297 10 51 0.3543
29304 7 70 0.4252
29312 7 68 0.4409
29312 7 71 0.4409
29312 7 59 0.378
29312 7 56 0.378
29312 7 51 0.378
29326 43 63 0.4882
29326 43 75 0.4882
29326 14 39 0.4409
29341 7 67 0.3622
29341 10 46 0.3543
29341 10 51 0.3543
29341 10 55 0.3543
29348 7 68 0.3858
29355 7 67 0.4016
29355 7 70 0.4016
29355 7 46 0.378
29355 7 51 0.378
29355 7 55 0.378
29369 28 58 0.4646
29369 28 67 0.4646
29369 28 70 0.4646
29369 14 39 0.4094
29384 10 46 0.3228
29384 10 51 0.3228
29384 10 55 0.3228
29398 7 58 0.3858
29398 7 67 0.3858
29398 7 70 0.3858
29398 10 46 0.3543
29398 10 51 0.3543
29398 10 55 0.3543
29405 7 58 0.3543
29405 7 67 0.3543
29405 7 70 0.3543
29413 14 67 0.4331
29413 43 58 0.4331
29413 43 70 0.4331
29413 14 39 0.378
29427 7 68 0.378
29427 10 56 0.2992
29427 10 50 0.2992
29427 10 46 0.2992
29434 7 67 0.3386
29441 7 65 0.378
29441 7 46 0.3465
29441 7 50 0.3465
29441 7 56 0.3465
29456 14 65 0.4331
29456 43 58 0.4094
29456 43 70 0.4094
29456 14 39 0.3622
29470 7 67 0.3622
29470 10 46 0.2992
29470 10 51 0.2992
29470 10 55 0.2992
29478 7 65 0.3465
29485 7 63 0.3701
29485 7 55 0.3228
29485 7 51 0.3228
29485 7 46 0.3228
29499 14 62 0.3622
29499 3 71 0.3937
29499 14 39 0.3622
29506 3 71 0.3622
29514 3 71 0.3937
29514 10 56 0.2441
29514 10 53 0.2441
29514 10 46 0.2441
29521 3 71 0.3543
29528 3 71 0.3071
29528 10 46 0.3071
29528 10 53 0.3071
29528 10 56 0.3071
29535 3 71 0.3622
29542 7 71 0.378
29542 14 39 0.3386
29550 7 70 0.3386
29557 7 67 0.3701
29557 10 46 0.2283
29557 10 51 0.2283
29557 10 55 0.2283
29564 7 63 0.3228
29571 7 58 0.3622
29571 7 55 0.2677
29571 7 51 0.2677
29571 7 46 0.2677
29586 14 67 0.4331
29586 43 58 0.4331
29586 43 70 0.4331
29586 14 39 0.378
29600 7 68 0.3307
29600 10 56 0.2992
29600 10 50 0.2992
29600 10 46 0.2992
29607 7 67 0.3543
29614 7 65 0.378
29614 7 46 0.3465
29614 7 50 0.3465
29614 7 56 0.3465
29629 14 65 0.4331
29629 43 58 0.4094
29629 43 70 0.4094
29629 14 39 0.3622
29643 7 67 0.3622
29643 10 46 0.2913
29643 10 51 0.2913
29643 10 55 0.2913
29651 7 65 0.3465
29658 7 63 0.315
29658 7 55 0.3228
29658 7 51 0.3228
29658 7 46 0.3228
29672 7 62 0.3937
29672 3 72 0.3937
29672 14 39 0.3622
29679 3 72 0.378
29687 3 72 0.3937
29687 10 56 0.2835
29687 10 53 0.2835
29687 10 46 0.2835
29694 3 72 0.3701
29701 3 72 0.3465
29701 10 46 0.3071
29701 10 53 0.3071
29701 10 56 0.3071
29708 3 72 0.3701
29715 7 72 0.378
29715 14 39 0.3386
29723 7 70 0.3543
29730 7 67 0.3701
29730 10 46 0.2598
29730 10 51 0.2598
29730 10 55 0.2598
29737 7 63 0.3307
29744 7 58 0.3622
29744 7 55 0.2835
29744 7 51 0.2835
29744 7 46 0.2835
29759 7 62 0.4094
29759 3 71 0.4094
29759 14 39 0.3622
29766 3 71 0.3937
29773 3 71 0.4173
29773 10 56 0.315
29773 10 53 0.315
29773 10 46 0.315
29780 3 71 0.4016
29788 3 71 0.378
29788 10 46 0.3386
29788 10 53 0.3386
29788 10 56 0.3386
29795 3 71 0.4173
29802 7 71 0.4409
29802 14 39 0.378
29809 7 70 0.4173
29816 7 68 0.4488
29816 10 46 0.3307
29816 10 53 0.3307
29816 10 56 0.3307
29824 7 65 0.4409
29831 7 62 0.4331
29831 7 56 0.3465
29831 7 53 0.3465
29831 7 46 0.3465
29845 7 79 0.5748
29845 14 39 0.4409
29852 7 77 0.4646
29860 7 74 0.5039
29860 10 46 0.3858
29860 10 53 0.3858
29860 10 56 0.3858
29867 7 71 0.4646
29874 7 68 0.4567
29874 7 56 0.4016
29874 7 53 0.4016
29874 7 46 0.4016
29888 7 83 0.6299
29888 14 39 0.5276
29896 7 80 0.5276
29903 7 77 0.5591
29903 10 46 0.4409
29903 10 53 0.4409
29903 10 56 0.4409
29910 7 74 0.5276
29917 7 71 0.5354
29917 7 56 0.4724
29917 7 53 0.4724
29917 7 46 0.4724
29932 7 95 0.7087
29932 14 39 0.5276
29932 14 51 0.5276
29939 7 91 0.5827
29946 7 95 0.6063
29946 14 62 0.4803
29946 14 59 0.4803
29946 14 56 0.4803
29946 14 51 0.4803
29953 7 92 0.5984
29961 7 89 0.5827
29968 7 86 0.5669
29975 7 83 0.6299
29975 10 62 0.4961
29975 10 59 0.4961
29975 10 56 0.4961
29975 10 51 0.4961
29982 7 79 0.5748
29989 7 83 0.6063
29989 10 62 0.4567
29989 10 59 0.4567
29989 10 56 0.4567
29989 10 51 0.4567
29997 7 80 0.5984
30004 7 77 0.5984
30011 7 74 0.5906
30018 7 71 0.6299
30018 10 62 0.4961
30018 10 59 0.4961
30018 10 56 0.4961
30018 10 51 0.4961
30025 7 67 0.5748
30033 7 70 0.5906
30033 10 62 0.4724
30033 10 59 0.4724
30033 10 56 0.4724
30033 10 51 0.4724
30040 7 68 0.5827
30047 7 65 0.5748
30054 7 62 0.5669
30061 7 59 0.6299
30069 7 55 0.5748
30076 7 59 0.5984
30083 7 56 0.5906
30090 7 53 0.5906
30097 7 50 0.5827
30105 7 51 0.7008
30105 7 27 0.5276
30105 7 39 0.5276
30119 7 55 0.3937
30126 7 56 0.3937
30134 7 58 0.3937
30141 7 60 0.3937
30148 7 62 0.3937
30155 7 63 0.3937
30162 7 65 0.3937
30170 7 67 0.3937
30177 7 68 0.3937
30184 7 69 0.3937
30191 7 72 0.4173
30198 7 70 0.3937
30206 7 67 0.3543
30206 10 63 0.2598
30206 10 58 0.2598
30206 10 55 0.2598
30213 7 68 0.3543
30220 7 70 0.3622
30220 10 67 0.2598
30220 10 63 0.2598
30220 10 58 0.2598
30220 10 55 0.2598
30227 7 72 0.3701
30234 7 74 0.3937
30234 10 67 0.2835
30234 10 63 0.2835
30234 10 58 0.2835
30234 10 55 0.2835
30242 7 75 0.3937
30249 7 77 0.3937
30249 10 67 0.2598
30249 10 63 0.2598
30249 10 58 0.2598
30249 10 55 0.2598
30256 7 79 0.3858
30263 7 80 0.4016
30263 10 67 0.2598
30263 10 63 0.2598
30263 10 58 0.2598
30263 10 55 0.2598
30271 7 81 0.4173
30278 7 84 0.4646
30278 10 67 0.2598
30278 10 63 0.2598
30278 10 58 0.2598
30278 10 55 0.2598
30285 7 82 0.4331
30292 7 79 0.4016
30292 10 67 0.2362
30292 10 63 0.2362
30292 10 58 0.2362
30292 10 55 0.2362
30299 7 80 0.3937
30307 7 82 0.3937
30307 10 67 0.2362
30307 10 63 0.2362
30307 10 58 0.2362
30307 10 55 0.2362
30314 7 84 0.4016
30321 7 86 0.4094
30321 10 67 0.2598
30321 10 63 0.2598
30321 10 58 0.2598
30321 10 55 0.2598
30328 7 87 0.4173
30335 7 89 0.4252
30335 10 67 0.2283
30335 10 63 0.2283
30335 10 58 0.2283
30335 10 55 0.2283
30343 7 91 0.4331
30350 7 92 0.4331
30350 10 67 0.2283
30350 10 63 0.2283
30350 10 58 0.2283
30350 10 55 0.2283
30357 7 93 0.4409
30364 7 96 0.5118
30364 10 67 0.2598
30364 10 63 0.2598
30364 10 58 0.2598
30364 10 55 0.2598
30371 7 94 0.4567
30379 7 91 0.4331
30379 10 67 0.2441
30379 10 63 0.2441
30379 10 58 0.2441
30379 10 55 0.2441
30386 7 92 0.4016
30393 7 93 0.4173
30393 10 67 0.2441
30393 10 63 0.2441
30393 10 58 0.2441
30393 10 55 0.2441
30400 7 94 0.4331
30407 7 96 0.5039
30407 10 67 0.2598
30407 10 63 0.2598
30407 10 58 0.2598
30407 10 55 0.2598
30415 7 94 0.4646
30422 7 91 0.4016
30422 10 67 0.2362
30422 10 63 0.2362
30422 10 58 0.2362
30422 10 55 0.2362
30429 7 92 0.4094
30436 7 93 0.4252
30436 10 67 0.2362
30436 10 63 0.2362
30436 10 58 0.2362
30436 10 55 0.2362
30444 7 94 0.4331
30451 7 99 0.4488
30451 14 67 0.2598
30451 14 63 0.2598
30451 14 58 0.2598
30451 14 55 0.2598
30465 7 91 0.3937
30472 7 92 0.4016
30480 7 93 0.4173
30487 7 94 0.4331
30494 7 99 0.4488
30494 14 63 0.2283
30494 14 51 0.2283
30494 14 55 0.2283
30508 7 91 0.3622
30516 7 92 0.378
30523 7 93 0.3937
30530 7 94 0.4094
30537 7 99 0.4252
30537 14 67 0.2441
30537 14 63 0.2441
30537 14 58 0.2441
30537 14 55 0.2441
30552 7 91 0.3858
30559 7 92 0.3937
30566 7 93 0.4094
30573 7 94 0.4173
30581 7 99 0.4331
30581 14 58 0.2598
30581 14 67 0.2598
30581 14 70 0.2598
30595 7 91 0.3937
30602 7 92 0.4094
30609 7 93 0.4331
30617 7 94 0.4488
30624 7 99 0.4646
30624 14 63 0.2835
30624 14 67 0.2835
30624 14 75 0.2835
30638 7 91 0.3937
30645 7 92 0.4016
30653 7 93 0.4173
30660 7 94 0.4331
30667 7 99 0.4488
30667 14 58 0.2756
30667 14 67 0.2756
30667 14 70 0.2756
30681 7 91 0.3465
30689 7 92 0.3622
30696 7 93 0.378
30703 7 94 0.3937
30710 7 99 0.4173
30710 14 79 0.2598
30710 14 75 0.2598
30710 14 67 0.2598
30725 7 91 0.2598
30732 7 92 0.2756
30739 7 93 0.2913
30746 7 94 0.3071
30754 7 99 0.3307
30754 14 82 0.2205
30754 14 79 0.2205
30754 14 70 0.2205
30768 7 91 0.2362
30775 7 92 0.2441
30782 7 93 0.252
30790 7 94 0.2598
30797 7 99 0.2677
30797 7 91 0.2677
30797 14 87 0.189
30797 14 79 0.189
30883 7 91 0.7244
30883 7 87 0.7244
30883 7 82 0.6142
30883 7 79 0.6142
30883 7 63 0.5984
30883 7 70 0.5984
30883 7 75 0.7087
30927 7 79 0.7244
30927 7 75 0.7244
30927 7 70 0.6142
30927 7 67 0.6142
30927 7 63 0.7087
30927 7 58 0.5984
30927 7 51 0.5984
30941 7 79 0.7244
30941 7 75 0.7244
30941 7 70 0.6142
30941 7 67 0.6142
30941 7 51 0.5984
30941 7 58 0.5984
30941 7 63 0.7087
30955 7 79 0.7244
30955 7 75 0.7244
30955 7 70 0.6142
30955 7 67 0.6142
30955 7 63 0.7087
30955 7 58 0.5984
30955 7 51 0.5984
30970 43 51 0.8898
30970 43 27 0.7165
30970 43 39 0.7953
