179 59 72 0.3937
238 59 72 0.3937
298 59 72 0.3937
358 29 72 0.4094
388 9 74 0.3701
398 9 72 0.3622
408 9 71 0.3622
417 29 72 0.4094
447 29 77 0.315
477 29 72 0.3465
537 59 69 0.3386
597 59 72 0.378
656 59 64 0.3465
716 119 67 0.4173
835 59 65 0.378
895 59 60 0.315
895 59 65 0.5748
955 59 64 0.4016
955 59 67 0.5906
1015 59 60 0.315
1015 59 65 0.4094
1015 59 69 0.5984
1074 89 65 0.4961
1074 89 70 0.6063
1164 14 72 0.4803
1179 14 74 0.4488
1194 29 72 0.4331
1253 59 65 0.3622
1313 119 59 0.1969
1313 59 64 0.4094
1373 59 65 0.3622
1433 238 60 0.252
1433 119 65 0.252
1433 119 69 0.3701
1552 59 67 0.3622
1552 59 64 0.1654
1612 59 67 0.4252
1671 59 67 0.4646
1731 44 67 0.5118
1776 14 67 0.5197
1791 89 79 0.5827
1880 14 74 0.3937
1895 14 71 0.3622
1910 59 67 0.378
1970 59 67 0.4331
2030 59 67 0.4961
2089 44 67 0.5433
2134 14 67 0.5354
2149 164 79 0.5748
2313 7 81 0.4409
2321 7 83 0.3858
2328 29 84 0.4331
2358 29 83 0.3858
2388 29 81 0.4331
2418 29 79 0.3622
2448 29 77 0.4016
2478 29 76 0.3701
2507 29 73 0.4094
2537 29 74 0.378
2567 29 77 0.3858
2597 29 81 0.3622
2627 179 72 0.4252
2806 29 76 0.378
2806 59 71 0.2913
2836 29 74 0.3701
2866 119 72 0.3701
3045 59 72 0.3937
3105 59 72 0.3937
3164 59 72 0.3937
3224 29 72 0.4094
3254 9 74 0.3701
3264 9 72 0.3622
3274 9 71 0.3622
3284 29 72 0.4094
3314 29 77 0.3386
3343 29 72 0.3701
3403 59 69 0.3701
3463 59 72 0.378
3523 59 64 0.3543
3582 119 67 0.4252
3702 59 65 0.378
3761 59 60 0.315
3761 59 65 0.5748
3821 59 64 0.4016
3821 59 67 0.5906
3881 59 65 0.4094
3881 59 60 0.315
3881 59 69 0.5984
3941 89 65 0.4961
3941 89 70 0.6063
4030 14 72 0.4646
4045 14 74 0.4409
4060 29 72 0.4409
4120 59 65 0.3701
4179 119 59 0.2441
4179 59 64 0.4094
4239 59 65 0.3543
4299 238 60 0.252
4299 119 65 0.252
4299 119 69 0.3701
4418 59 64 0.2441
4418 59 67 0.3622
4478 59 67 0.4252
4538 59 67 0.4646
4597 44 67 0.5118
4642 14 67 0.5197
4657 89 79 0.5827
4747 14 74 0.3937
4762 14 71 0.3622
4777 59 67 0.4016
4836 59 67 0.4646
4896 59 67 0.4961
4956 44 67 0.5433
5000 14 67 0.5354
5015 164 79 0.5748
5180 7 81 0.4409
5187 7 83 0.3858
5195 29 84 0.4173
5224 29 83 0.3858
5254 29 81 0.4094
5284 29 79 0.3858
5314 29 77 0.4016
5344 29 76 0.3937
5374 29 73 0.4094
5404 29 74 0.378
5433 29 77 0.3858
5463 29 81 0.378
5493 179 72 0.4252
5672 29 76 0.378
5672 59 71 0.3386
5702 29 74 0.3701
5732 119 72 0.3701
5911 59 72 0.3937
5971 32 74 0.4252
6001 32 72 0.3937
6031 32 70 0.4331
6060 32 69 0.3858
6090 119 67 0.4803
6210 59 66 0.4016
6269 59 66 0.4961
6329 59 67 0.5118
6389 44 66 0.4094
6389 44 69 0.5197
6449 119 66 0.4016
6449 119 69 0.5118
6568 53 67 0.3543
6568 53 70 0.4409
6628 59 64 0.4016
6687 59 65 0.4331
6747 44 64 0.4173
6747 44 67 0.4173
6807 298 65 0.4331
6807 59 69 0.4803
6867 59 70 0.5354
6926 59 72 0.5276
6986 59 73 0.5512
7046 32 76 0.5669
7076 32 74 0.4567
7105 32 72 0.5118
7135 32 67 0.4331
7135 32 70 0.4331
7165 119 65 0.3622
7165 119 69 0.4488
7285 59 64 0.315
7285 59 67 0.4016
7344 59 72 0.5118
7404 59 72 0.5197
7464 59 72 0.5669
7523 597 72 0.6378
7523 179 82 0.6378
7703 59 81 0.5433
7762 59 79 0.5512
7762 59 70 0.4567
7822 59 69 0.4409
7822 59 77 0.5197
7882 119 77 0.5197
7882 238 67 0.4331
8001 59 76 0.4409
8061 59 75 0.4016
8121 59 75 0.378
8180 59 75 0.3701
8240 7 75 0.3071
8247 7 77 0.315
8255 7 75 0.3307
8262 7 77 0.3307
8270 7 75 0.3307
8277 7 77 0.3307
8285 7 75 0.3071
8292 7 77 0.2992
8300 29 75 0.3622
8330 29 77 0.3937
8359 59 79 0.4331
8419 29 77 0.4252
8449 29 75 0.4016
8479 29 75 0.4173
8509 28 74 0.3858
8539 29 74 0.4094
8568 27 73 0.3937
8598 119 73 0.4331
8718 59 74 0.3937
8777 29 77 0.4252
8807 29 76 0.4016
8837 29 79 0.4646
8867 29 77 0.4173
8897 29 76 0.4252
8927 27 74 0.3858
8957 119 74 0.3858
9076 59 72 0.378
9136 44 77 0.4488
9180 14 72 0.4016
9195 44 81 0.5118
9240 14 77 0.4567
9255 44 72 0.5197
9300 14 69 0.4488
9315 89 72 0.5433
9404 29 71 0.4331
9434 59 70 0.4331
9494 59 67 0.5906
9494 44 64 0.5276
9539 14 60 0.5039
9554 44 65 0.5433
9554 59 69 0.5984
9598 14 60 0.5118
9613 59 70 0.6142
9613 44 67 0.5512
9658 14 60 0.5433
9673 59 69 0.5512
9673 29 72 0.6299
9703 29 74 0.4173
9733 29 76 0.4252
9763 29 77 0.3701
9792 179 60 0.2992
9792 179 65 0.3858
9972 59 64 0.2913
9972 29 69 0.3701
10001 29 67 0.3465
10031 119 65 0.3701
10210 59 72 0.3937
10270 32 74 0.4252
10300 32 72 0.3937
10330 32 70 0.4331
10360 32 69 0.3858
10390 119 67 0.4803
10509 58 66 0.4016
10569 59 66 0.4961
10628 59 67 0.5118
10688 44 66 0.4094
10688 44 69 0.5197
10748 119 66 0.4016
10748 119 69 0.5118
10867 53 67 0.3543
10867 53 70 0.4409
10927 59 64 0.4016
10987 59 65 0.4331
11046 44 64 0.4173
11046 44 67 0.4173
11106 298 65 0.4331
11106 59 69 0.4803
11166 59 70 0.5354
11226 59 72 0.5512
11285 59 73 0.5512
11345 32 76 0.5512
11375 32 74 0.4567
11405 32 72 0.5118
11435 32 67 0.4331
11435 32 70 0.4331
11464 119 65 0.3622
11464 119 69 0.4488
11584 59 64 0.315
11584 59 67 0.4016
11644 59 72 0.5118
11703 59 72 0.5197
11763 59 72 0.5669
11823 597 72 0.6378
11823 179 82 0.6378
12002 59 81 0.5433
12062 59 70 0.4567
12062 59 79 0.5512
12121 59 69 0.4409
12121 59 77 0.5197
12181 238 67 0.4724
12181 119 77 0.4724
12300 59 76 0.4409
12360 59 75 0.4016
12420 59 75 0.3937
12480 59 75 0.3622
12539 7 75 0.315
12547 7 77 0.3307
12554 7 75 0.3386
12562 7 77 0.3543
12569 7 75 0.3543
12577 7 77 0.3543
12584 7 75 0.3386
12592 7 77 0.3307
12599 29 75 0.3701
12629 29 77 0.3701
12659 59 79 0.4252
12718 29 77 0.4252
12748 28 75 0.4016
12778 29 75 0.4252
12808 28 74 0.3858
12838 29 74 0.4173
12868 28 73 0.3858
12898 119 73 0.4331
13017 59 74 0.3937
13077 29 77 0.4409
13107 29 76 0.4173
13136 29 79 0.4646
13166 29 77 0.4173
13196 29 76 0.4252
13226 28 74 0.3937
13256 119 74 0.3858
13375 59 72 0.378
13435 44 77 0.4488
13480 14 72 0.4016
13495 44 81 0.5118
13540 14 77 0.4567
13554 44 72 0.5197
13599 14 69 0.4488
13614 89 72 0.5433
13704 29 71 0.5118
13734 59 70 0.5118
13793 44 64 0.5276
13793 59 67 0.5906
13838 14 60 0.5039
13853 44 65 0.5433
13853 59 69 0.5984
13898 14 60 0.5118
13913 44 67 0.5591
13913 59 70 0.6142
13958 14 60 0.5433
13972 29 72 0.6299
13972 59 69 0.5591
14002 29 74 0.4016
14032 29 76 0.4252
14062 29 77 0.3701
14092 179 60 0.2992
14092 179 65 0.3858
14271 29 69 0.3701
14271 59 64 0.2913
14301 29 67 0.3465
14331 119 65 0.3701
14510 56 68 0.2913
14510 56 60 0.2913
14570 56 68 0.2913
14570 56 60 0.2913
14629 56 60 0.2913
14629 56 68 0.2913
14689 179 68 0.315
14689 179 60 0.315
14868 59 67 0.2913
14868 59 58 0.2913
14928 59 70 0.2913
14928 59 61 0.2913
14988 59 55 0.2913
14988 59 64 0.2913
15047 179 65 0.3307
15047 179 56 0.3307
15226 56 72 0.3307
15226 56 68 0.3307
15286 56 72 0.3465
15286 56 68 0.3465
15346 56 68 0.315
15346 56 72 0.315
15406 179 72 0.3937
15406 358 67 0.3937
15585 59 73 0.4016
15644 59 72 0.3937
15704 44 70 0.378
15749 14 72 0.3622
15764 59 70 0.4173
15764 59 67 0.4173
15824 59 65 0.3465
15824 59 68 0.3465
15943 59 68 0.4173
16003 59 70 0.4567
16062 59 72 0.4173
16122 59 75 0.4803
16182 59 73 0.4488
16294 7 72 0.4724
16301 52 73 0.5827
16354 7 72 0.5039
16361 52 73 0.6299
16413 7 72 0.5354
16421 59 73 0.7008
16480 29 73 0.7087
16510 9 75 0.5039
16520 9 73 0.4488
16530 9 72 0.5039
16540 29 73 0.5039
16570 29 75 0.4409
16600 179 77 0.3701
16779 29 75 0.3701
16809 29 73 0.3701
16839 29 72 0.4016
16869 29 75 0.3701
16898 29 73 0.3701
16928 29 70 0.3701
16958 179 68 0.4173
17137 59 67 0.3386
17137 29 72 0.3386
17167 29 70 0.3386
17197 119 68 0.3701
17376 56 60 0.2913
17376 56 68 0.2913
17436 56 60 0.2913
17436 56 68 0.2913
17496 56 60 0.2913
17496 56 68 0.2913
17555 179 60 0.315
17555 179 68 0.315
17734 59 58 0.2913
17734 59 67 0.2913
17794 59 61 0.2913
17794 59 70 0.2913
17854 59 55 0.2913
17854 59 64 0.2913
17914 179 56 0.3307
17914 179 65 0.3307
18093 56 68 0.3307
18093 56 72 0.3307
18152 56 68 0.3465
18152 56 72 0.3465
18212 56 68 0.315
18212 56 72 0.315
18272 179 72 0.3937
18272 358 67 0.3937
18451 59 73 0.4016
18511 59 72 0.3937
18570 44 70 0.378
18615 14 72 0.3622
18630 59 67 0.4173
18630 59 70 0.4173
18690 59 65 0.3465
18690 59 68 0.3465
18809 59 68 0.4173
18869 59 70 0.4567
18929 59 72 0.4173
18988 59 75 0.4803
19048 59 73 0.4488
19160 7 72 0.4488
19168 52 73 0.5669
19220 7 72 0.4961
19227 52 73 0.6142
19279 7 72 0.5433
19287 59 73 0.6772
19347 29 73 0.748
19376 9 75 0.4724
19386 9 73 0.4409
19396 9 72 0.4724
19406 29 73 0.4803
19436 29 75 0.4173
19466 179 77 0.3701
19645 29 75 0.3701
19675 29 73 0.3465
19705 29 72 0.4016
19735 29 75 0.3465
19765 29 73 0.3701
19794 29 70 0.3622
19824 179 68 0.4173
20003 59 67 0.3386
20003 29 72 0.3386
20033 29 70 0.3386
20063 119 68 0.3701
20242 59 63 0.4173
20302 59 68 0.4173
20362 59 72 0.4016
20421 179 75 0.4567
20601 29 73 0.3937
20630 29 72 0.3701
20660 59 70 0.3937
20720 44 68 0.3701
20780 119 72 0.4173
20899 59 70 0.3858
20959 59 60 0.5276
21019 59 65 0.5433
21078 59 68 0.5276
21138 179 72 0.5591
21317 29 70 0.4173
21347 29 68 0.3937
21377 59 67 0.4173
21437 44 65 0.3465
21496 119 65 0.3858
21496 119 68 0.3858
21616 59 67 0.3622
21616 59 64 0.3622
21675 59 72 0.4724
21735 59 77 0.4724
21795 59 80 0.4646
21855 59 79 0.5197
21914 59 77 0.5118
22034 59 72 0.5197
22093 59 77 0.5354
22153 59 80 0.5197
22213 59 79 0.5669
22273 59 77 0.5433
22392 56 69 0.4803
22392 56 75 0.5669
22392 56 77 0.5669
22392 56 72 0.4803
22452 56 75 0.5748
22452 56 69 0.4803
22452 56 72 0.4803
22452 56 77 0.5748
22511 56 75 0.5669
22511 56 69 0.4724
22511 56 72 0.4724
22511 56 77 0.5669
22571 29 77 0.4961
22571 29 73 0.4961
22601 26 73 0.4331
22601 26 70 0.4331
22631 29 70 0.4173
22631 29 73 0.4173
22661 26 70 0.378
22661 26 67 0.378
22691 104 65 0.3622
22691 104 68 0.3622
22795 14 68 0.3622
22810 59 67 0.3858
22810 59 64 0.3858
22870 29 65 0.3622
22900 29 67 0.3386
22929 119 65 0.3858
23109 59 63 0.4173
23168 59 68 0.4173
23228 59 72 0.4016
23288 179 75 0.4567
23467 29 73 0.3937
23497 29 72 0.3701
23527 59 70 0.3937
23586 44 68 0.3701
23646 119 72 0.4173
23765 59 70 0.3858
23825 59 60 0.5276
23885 59 65 0.5433
23945 59 68 0.5276
24004 179 72 0.5591
24183 29 70 0.4173
24213 29 68 0.3937
24243 59 67 0.4173
24303 44 65 0.3701
24363 119 65 0.3858
24363 119 68 0.3858
24482 59 64 0.3622
24482 59 67 0.3622
24542 59 72 0.4724
24601 59 77 0.4724
24661 59 80 0.4646
24721 59 79 0.5197
24781 59 77 0.5118
24900 59 72 0.5197
24960 59 77 0.5354
25019 59 80 0.5197
25079 59 79 0.5669
25139 59 77 0.5433
25258 56 72 0.4803
25258 56 69 0.4803
25258 56 75 0.5669
25258 56 77 0.5669
25318 56 69 0.4803
25318 56 72 0.4803
25318 56 75 0.5748
25318 56 77 0.5748
25378 56 69 0.4724
25378 56 72 0.4724
25378 56 75 0.5669
25378 56 77 0.5669
25437 29 73 0.4961
25437 29 77 0.4961
25467 26 70 0.4331
25467 26 73 0.4331
25497 29 70 0.4173
25497 29 73 0.4173
25527 26 70 0.378
25527 26 67 0.378
25557 104 65 0.3622
25557 104 68 0.3622
25661 14 68 0.3622
25676 59 64 0.3858
25676 59 67 0.3858
25736 29 65 0.3622
25766 29 67 0.3386
25796 119 65 0.3858
25975 56 68 0.2913
25975 56 60 0.2913
26035 56 60 0.2913
26035 56 68 0.2913
26094 56 60 0.2756
26094 56 68 0.2756
26154 179 60 0.315
26154 179 68 0.315
26333 59 67 0.2913
26333 59 58 0.2913
26393 59 70 0.3071
26393 59 61 0.3071
26453 59 55 0.2913
26453 59 64 0.2913
26512 179 56 0.3307
26512 179 65 0.3307
26691 56 72 0.2677
26691 56 68 0.2677
26751 56 72 0.2756
26751 56 68 0.2756
26811 56 68 0.2677
26811 56 72 0.2677
26871 179 72 0.2992
26871 179 68 0.2992
26871 298 64 0.2992
27050 59 67 0.2677
27050 59 70 0.2677
27109 59 70 0.2913
27109 59 73 0.2913
27169 59 60 0.252
27169 59 64 0.252
27171 59 58 0.252
27229 119 65 0.252
27229 119 60 0.252
27229 119 56 0.252
27408 59 72 0.3937
27468 59 72 0.3937
27527 59 72 0.3937
27587 29 72 0.4094
27617 9 74 0.3701
27627 9 72 0.3622
27637 9 71 0.3622
27647 29 72 0.4094
27677 29 77 0.3858
27707 29 72 0.3701
27766 59 69 0.3701
27826 59 72 0.378
27886 59 64 0.3701
27945 119 67 0.4252
28065 59 65 0.378
28125 59 60 0.315
28125 59 65 0.5748
28184 59 64 0.4016
28184 59 67 0.5906
28244 59 65 0.4094
28244 59 60 0.315
28244 59 69 0.5984
28304 89 65 0.4961
28304 89 70 0.6063
28393 14 72 0.4961
28408 14 74 0.4488
28423 29 72 0.4409
28483 59 65 0.4016
28543 119 59 0.2835
28543 59 64 0.4094
28602 59 65 0.3543
28662 238 60 0.252
28662 119 65 0.252
28662 119 69 0.3701
28781 59 64 0.2441
28781 59 67 0.3622
28841 59 67 0.4252
28901 59 67 0.4646
28960 44 67 0.5118
29005 14 67 0.5118
29020 89 79 0.5748
29110 14 74 0.3937
29125 14 71 0.3622
29140 59 67 0.3858
29199 59 67 0.4646
29259 59 67 0.4961
29319 44 67 0.5433
29364 14 67 0.5276
29378 164 79 0.5669
29543 7 81 0.4409
29550 7 83 0.3858
29558 29 84 0.4567
29587 29 83 0.4016
29617 29 81 0.4409
29647 29 79 0.3937
29677 29 77 0.4252
29707 29 76 0.4094
29737 29 73 0.4252
29767 29 74 0.3858
29796 29 77 0.3858
29826 29 81 0.378
29856 179 72 0.4252
30035 29 76 0.378
30035 59 71 0.378
30065 29 74 0.3701
30095 119 72 0.3701
30274 59 72 0.3937
30334 32 74 0.4252
30364 32 72 0.3937
30394 32 70 0.4331
30423 32 69 0.3858
30453 119 67 0.4803
30573 58 66 0.4016
30632 59 66 0.4961
30692 59 67 0.5118
30752 44 66 0.4094
30752 44 69 0.5197
30812 119 66 0.4016
30812 119 69 0.5118
30931 53 67 0.3543
30931 53 70 0.4409
30991 59 64 0.4016
31050 59 65 0.4331
31110 44 64 0.4173
31110 44 67 0.4173
31170 298 65 0.4409
31170 59 69 0.4803
31230 59 70 0.5354
31289 59 72 0.5276
31349 59 73 0.5512
31409 32 76 0.5669
31439 32 74 0.5118
31468 32 72 0.5039
31498 32 67 0.3701
31498 32 70 0.4567
31528 119 65 0.3622
31528 119 69 0.4488
31648 59 64 0.315
31648 59 67 0.4016
31707 56 72 0.5118
31767 56 72 0.5197
31827 56 72 0.5669
31886 597 72 0.6378
31886 179 82 0.6378
32066 59 81 0.5433
32125 59 70 0.4567
32125 59 79 0.5512
32185 59 69 0.4409
32185 59 77 0.5197
32245 238 67 0.4331
32245 119 77 0.5197
32364 56 76 0.4409
32424 56 75 0.4016
32484 56 75 0.3937
32543 56 75 0.3701
32603 7 75 0.3071
32610 7 77 0.3071
32618 7 75 0.3071
32625 7 77 0.315
32633 7 75 0.3307
32640 7 77 0.315
32648 7 75 0.315
32655 7 77 0.315
32663 29 75 0.3307
32693 29 77 0.3701
32722 59 79 0.4567
32782 29 77 0.4252
32812 26 75 0.4016
32842 29 75 0.4252
32872 26 74 0.4016
32902 29 74 0.4173
32931 26 73 0.4016
32961 119 73 0.4331
33081 59 74 0.4016
33140 29 77 0.4409
33170 29 76 0.4173
33200 29 79 0.4567
33230 29 77 0.4173
33260 29 76 0.4094
33290 28 74 0.3858
33320 119 74 0.3858
33439 59 72 0.378
33499 44 77 0.4488
33544 14 72 0.4016
33558 44 81 0.5118
33603 14 77 0.4567
33618 44 72 0.5197
33663 14 69 0.4488
33678 89 72 0.5433
33767 29 71 0.5118
33797 59 70 0.5118
33857 44 64 0.5276
33857 59 67 0.5906
33902 14 60 0.5039
33917 59 69 0.5906
33917 44 65 0.5276
33961 14 60 0.4961
33976 44 67 0.5276
33976 59 70 0.5906
34021 14 60 0.5039
34036 29 72 0.5984
34036 59 69 0.4803
34066 29 74 0.4173
34096 29 76 0.4488
34126 29 77 0.4173
34156 179 60 0.2992
34156 179 65 0.3858
34335 59 64 0.2913
34335 29 69 0.3701
34365 29 67 0.3465
34394 119 65 0.3701
34574 56 60 0.2598
34574 56 69 0.2913
34633 56 60 0.2835
34633 56 69 0.315
34693 56 60 0.2598
34693 56 69 0.2913
34753 179 69 0.315
34753 179 60 0.2835
34932 59 65 0.3307
34932 59 57 0.2913
34992 59 67 0.3071
34992 59 70 0.3543
35051 59 64 0.2913
35051 59 67 0.3307
35111 179 72 0.3858
35111 179 69 0.3465
35290 56 77 0.4252
35290 56 69 0.378
35350 56 69 0.3937
35350 56 77 0.4409
35410 56 77 0.4173
35410 56 69 0.3701
35469 179 69 0.3701
35469 179 65 0.3307
35648 59 69 0.2362
35648 59 72 0.2677
35708 59 67 0.2283
35708 59 70 0.2598
35768 59 64 0.2362
35768 59 58 0.2126
35768 59 67 0.2362
35828 119 65 0.2362
35828 119 57 0.2126
358 238 53 0.2362
358 238 57 0.2362
358 238 60 0.2677
597 119 55 0.2126
597 119 58 0.2362
597 119 48 0.2126
716 179 50 0.2913
716 119 58 0.2913
835 59 57 0.2913
895 59 45 0.4488
895 59 57 0.4488
955 59 43 0.4646
955 59 55 0.4646
1015 59 41 0.4488
1015 59 53 0.4488
1074 59 62 0.4409
1074 59 50 0.3858
1134 59 46 0.3465
1134 59 58 0.3465
1194 29 57 0.2126
1194 29 45 0.1496
1313 119 50 0.2283
1433 238 48 0.2126
1671 119 60 0.3071
1671 119 64 0.3071
1791 238 59 0.4016
1791 238 65 0.4016
1791 238 62 0.4016
2030 119 64 0.3386
2030 119 60 0.3386
2149 119 53 0.4094
2149 119 59 0.4094
2149 119 50 0.4094
2269 119 55 0.2913
2269 119 60 0.2913
2269 119 52 0.2913
2567 59 57 0.2362
2567 59 62 0.2362
2567 59 53 0.2362
2627 119 60 0.189
2627 119 64 0.2126
2627 238 55 0.1969
2746 119 65 0.2047
2746 119 62 0.1811
2866 119 60 0.2362
2866 119 64 0.2677
2985 59 48 0.2047
3224 238 53 0.2362
3224 238 57 0.2362
3224 238 60 0.2677
3463 119 48 0.2126
3463 119 55 0.2126
3463 119 58 0.2362
3582 179 50 0.2913
3582 119 58 0.2913
3702 59 57 0.2913
3761 59 45 0.4488
3761 59 57 0.4488
3821 59 43 0.4646
3821 59 55 0.4646
3881 59 41 0.4488
3881 59 53 0.4488
3941 59 50 0.3858
3941 59 62 0.4409
4000 59 46 0.3543
4000 59 58 0.3543
4060 29 57 0.2283
4179 119 50 0.2677
4299 238 48 0.2126
4538 119 60 0.3071
4538 119 64 0.3071
4657 238 59 0.4016
4657 238 62 0.4016
4657 238 65 0.4016
4896 119 60 0.3386
4896 119 64 0.3386
5015 119 50 0.4094
5015 119 53 0.4094
5015 119 59 0.4094
5135 119 52 0.2913
5135 119 55 0.2913
5135 119 60 0.2913
5433 59 62 0.2362
5433 59 57 0.2362
5433 59 53 0.2362
5493 119 64 0.2126
5493 119 60 0.189
5493 238 55 0.189
5613 119 65 0.2047
5613 119 62 0.1811
5732 119 64 0.2677
5732 119 60 0.2362
5851 59 48 0.2126
6090 179 60 0.3307
6090 179 63 0.3622
6269 59 63 0.3622
6269 59 60 0.3622
6329 59 62 0.3701
6329 59 58 0.3701
6389 59 57 0.3701
6389 59 62 0.3701
6389 59 60 0.3701
6449 119 60 0.3937
6449 179 55 0.3937
6449 179 62 0.3937
6568 53 58 0.378
6628 59 58 0.3465
6628 59 61 0.3465
6687 59 60 0.378
6687 59 57 0.378
6747 59 55 0.3543
6747 59 60 0.3543
6747 59 58 0.3543
6807 59 57 0.378
6807 59 60 0.378
6807 59 53 0.378
6867 59 50 0.3937
6926 119 45 0.4252
7046 59 46 0.3858
7105 29 43 0.3622
7165 238 48 0.3386
7523 89 36 0.4173
7523 89 48 0.5039
7613 29 38 0.4016
7613 29 50 0.4724
7643 44 52 0.5039
7643 44 40 0.4173
7703 44 41 0.315
7703 44 53 0.378
7762 44 55 0.4173
7762 44 43 0.3543
7822 44 45 0.3307
7822 44 57 0.3937
7882 238 46 0.3543
7882 238 58 0.4173
8240 119 65 0.3386
8240 119 57 0.2913
8240 119 60 0.2913
8359 119 65 0.3386
8359 119 57 0.2913
8359 119 60 0.2913
8479 119 65 0.2913
8479 119 57 0.2598
8479 119 63 0.2598
8598 238 62 0.1732
8598 238 58 0.1732
8598 238 65 0.2205
8957 119 58 0.2205
8957 238 53 0.2205
8957 119 62 0.2756
9076 119 57 0.2047
9076 119 60 0.2598
9315 179 52 0.3386
9315 179 60 0.3386
9315 179 55 0.3386
9494 59 58 0.378
9494 59 46 0.3307
9554 59 57 0.3937
9554 59 45 0.3465
9613 59 55 0.3937
9613 59 43 0.3465
9673 59 53 0.4252
9673 59 41 0.3858
9792 238 48 0.2598
9792 119 57 0.2992
9912 119 58 0.252
10031 119 53 0.2205
10031 119 57 0.2677
10151 59 41 0.2205
10390 179 63 0.3622
10390 179 60 0.3622
10569 59 63 0.3622
10569 59 60 0.3622
10628 59 62 0.3701
10628 59 58 0.3701
10688 59 57 0.3701
10688 59 60 0.3701
10688 59 62 0.3701
10748 119 60 0.3937
10748 179 62 0.3937
10748 179 55 0.3937
10867 53 58 0.378
10927 59 61 0.3465
10927 59 58 0.3465
10987 59 60 0.378
10987 59 57 0.378
11046 59 55 0.3543
11046 59 58 0.3543
11046 59 60 0.3543
11106 59 53 0.378
11106 59 57 0.378
11106 59 60 0.378
11166 59 50 0.3937
11226 119 45 0.4252
11345 59 46 0.4173
11405 29 43 0.3622
11464 238 48 0.3386
11823 89 36 0.4173
11823 89 48 0.5039
11912 29 38 0.4016
11912 29 50 0.4724
11942 44 40 0.4173
11942 44 52 0.5039
12002 44 41 0.315
12002 44 53 0.378
12062 44 43 0.3543
12062 44 55 0.4173
12121 44 45 0.3307
12121 44 57 0.3937
12181 238 46 0.3543
12181 238 58 0.4173
12539 119 65 0.3386
12539 119 60 0.2913
12539 119 57 0.2913
12659 119 65 0.3386
12659 119 57 0.2913
12659 119 60 0.2913
12778 119 65 0.2913
12778 119 57 0.2598
12778 119 63 0.2598
12898 238 62 0.1732
12898 238 58 0.1732
12898 238 65 0.2205
13256 119 58 0.2205
13256 238 53 0.2205
13256 119 62 0.2756
13375 119 57 0.2047
13375 119 60 0.2598
13614 179 55 0.3386
13614 179 60 0.3386
13614 179 52 0.3386
13793 59 46 0.3307
13793 59 58 0.378
13853 59 57 0.3937
13853 59 45 0.3465
13913 59 55 0.3937
13913 59 43 0.3465
13972 59 41 0.3858
13972 59 53 0.4252
14092 119 57 0.2913
14092 238 48 0.2283
14211 119 58 0.2205
14331 119 53 0.252
14331 119 57 0.252
14450 59 41 0.2047
14689 29 41 0.315
14719 26 53 0.2047
14749 26 53 0.2205
14779 26 53 0.2047
14808 26 53 0.189
14838 26 53 0.1732
14868 26 53 0.1969
14898 26 53 0.1732
14928 26 53 0.2283
14958 26 53 0.1969
14988 26 53 0.2126
15017 26 53 0.1969
15047 29 41 0.2677
15077 26 53 0.189
15107 26 53 0.2047
15137 26 53 0.1811
15167 26 53 0.1969
15197 26 53 0.1732
15226 26 53 0.1969
15256 26 53 0.1732
15286 26 53 0.2205
15316 26 53 0.1969
15346 26 53 0.2205
15376 26 53 0.2126
15406 29 40 0.2598
15435 26 52 0.2283
15465 26 52 0.2126
15495 26 52 0.189
15525 26 52 0.2283
15555 26 52 0.1811
15585 26 52 0.1969
15615 26 52 0.1732
15644 26 52 0.2283
15674 26 52 0.2126
15704 26 52 0.2283
15734 26 52 0.2047
15764 29 41 0.2283
15794 26 53 0.2205
15824 26 53 0.2283
15853 26 53 0.2047
15883 119 53 0.252
16182 56 61 0.2598
16182 56 53 0.2598
16182 56 56 0.2598
16242 56 61 0.2835
16242 56 53 0.2835
16242 56 56 0.2835
16301 56 61 0.315
16301 56 53 0.315
16301 56 56 0.315
16361 56 56 0.3622
16361 56 53 0.3622
16361 56 61 0.3622
16421 56 61 0.3858
16421 56 53 0.3858
16421 56 56 0.3858
16480 238 61 0.3858
16480 238 63 0.4567
16480 238 55 0.3858
16480 238 58 0.3858
16839 59 56 0.2677
16898 59 58 0.2362
16898 59 49 0.2362
16958 238 51 0.2677
16958 119 60 0.2677
17078 119 61 0.189
17197 119 56 0.2283
17197 119 60 0.2677
17316 59 44 0.2126
17555 29 41 0.315
17585 26 53 0.2047
17615 26 53 0.2283
17645 26 53 0.2047
17675 26 53 0.2126
17705 26 53 0.1811
17734 26 53 0.2047
17764 26 53 0.1811
17794 26 53 0.2283
17824 26 53 0.1969
17854 26 53 0.2126
17884 26 53 0.2047
17914 29 41 0.2677
17943 26 53 0.2047
17973 26 53 0.2126
18003 26 53 0.1811
18033 26 53 0.2047
18063 26 53 0.1811
18093 26 53 0.1969
18123 26 53 0.1811
18152 26 53 0.2205
18182 26 53 0.2047
18212 26 53 0.2205
18242 26 53 0.2047
18272 29 40 0.2598
18302 26 52 0.2283
18332 26 52 0.2126
18361 26 52 0.2126
18391 26 52 0.2205
18421 26 52 0.1811
18451 26 52 0.2047
18481 26 52 0.189
18511 26 52 0.2283
18541 26 52 0.2126
18570 26 52 0.2283
18600 26 52 0.2047
18630 29 41 0.2283
18660 26 53 0.2126
18690 26 53 0.2283
18720 26 53 0.2205
18750 119 53 0.2598
19048 56 61 0.2598
19048 56 56 0.2598
19048 56 53 0.2598
19108 56 61 0.2835
19108 56 56 0.2835
19108 56 53 0.2835
19168 56 61 0.315
19168 56 56 0.315
19168 56 53 0.315
19227 56 61 0.3622
19227 56 56 0.3622
19227 56 53 0.3622
19287 56 61 0.3858
19287 56 56 0.3858
19287 56 53 0.3858
19347 238 63 0.4488
19347 238 61 0.378
19347 238 58 0.378
19347 238 55 0.378
19705 59 56 0.2677
19765 59 49 0.2362
19765 59 58 0.2362
19824 238 51 0.2677
19824 119 60 0.2677
19944 119 61 0.1811
20063 119 56 0.2283
20063 119 60 0.2677
20183 59 44 0.2362
20481 59 56 0.3386
20541 59 60 0.3543
20601 59 63 0.3543
20660 59 53 0.3701
20720 59 62 0.3386
20839 59 51 0.315
20899 59 55 0.315
20959 59 58 0.4567
20959 59 52 0.4567
21019 119 56 0.4567
21019 119 53 0.4567
21198 298 49 0.4252
21257 59 53 0.4094
21317 59 56 0.3543
21377 59 58 0.3543
21437 59 59 0.3307
21496 179 48 0.2913
21496 179 60 0.2913
21795 59 44 0.3858
21855 59 46 0.4173
21914 59 58 0.4016
21974 59 59 0.4173
22034 59 60 0.4016
22153 59 48 0.4409
22213 59 49 0.4567
22273 59 61 0.4567
22332 59 63 0.5118
22392 56 60 0.4803
22392 56 48 0.4016
22452 56 45 0.3937
22452 56 57 0.4646
22511 56 41 0.3937
22511 56 53 0.4646
22571 119 58 0.3622
22571 119 46 0.3622
22691 119 60 0.2913
22691 119 48 0.2913
22810 119 48 0.2913
22810 119 58 0.2913
22929 119 56 0.2913
22929 119 53 0.2913
23049 59 41 0.2362
23347 59 56 0.3543
23407 59 60 0.378
23467 59 63 0.3543
23527 59 53 0.3858
23586 59 62 0.3386
23706 59 51 0.315
23765 59 55 0.315
23825 59 52 0.4567
23825 59 58 0.4567
23885 119 53 0.4567
23885 119 56 0.4567
24064 298 49 0.4252
24124 59 53 0.4094
24183 59 56 0.3543
24243 59 58 0.3543
24303 59 59 0.3071
24363 179 48 0.2913
24363 179 60 0.2913
24661 59 44 0.3858
24721 59 46 0.4173
24781 59 58 0.4016
24840 59 59 0.4173
24900 59 60 0.4016
25019 59 48 0.4409
25079 59 49 0.4567
25139 59 61 0.4567
25199 59 63 0.5118
25258 56 48 0.4016
25258 56 60 0.4803
25318 56 45 0.3937
25318 56 57 0.4646
25378 56 41 0.3937
25378 56 53 0.4646
25437 119 46 0.3622
25437 119 58 0.3622
25557 119 48 0.2913
25557 119 60 0.2913
25676 119 48 0.2913
25676 119 58 0.2913
25796 119 53 0.2913
25796 119 56 0.2913
25915 59 41 0.2205
26154 29 41 0.315
26184 26 53 0.2126
26214 26 53 0.2283
26244 26 53 0.2205
26273 26 53 0.2283
26303 26 53 0.1969
26333 26 53 0.2205
26363 26 53 0.2047
26393 26 53 0.2283
26423 26 53 0.2126
26453 26 53 0.2283
26482 26 53 0.2126
26512 29 41 0.2677
26542 26 53 0.2047
26572 26 53 0.2205
26602 26 53 0.2047
26632 26 53 0.1969
26662 26 53 0.1811
26691 26 53 0.2047
26721 26 53 0.1811
26751 26 53 0.2205
26781 26 53 0.2126
26811 26 53 0.2205
26841 26 53 0.2126
26871 29 41 0.2598
26900 26 53 0.1732
26930 26 53 0.2047
26960 26 53 0.189
26990 26 53 0.2047
27020 26 53 0.1811
27050 26 53 0.2047
27080 26 53 0.1811
27109 26 53 0.189
27139 26 53 0.1732
27169 26 53 0.189
27199 26 53 0.1811
27229 119 53 0.2362
27587 238 53 0.2677
27587 238 57 0.2677
27587 238 60 0.2677
27826 119 48 0.2362
27826 119 55 0.2362
27826 119 58 0.2362
27945 179 50 0.2913
27945 119 58 0.2913
28065 59 57 0.2913
28125 59 45 0.4488
28125 59 57 0.4488
28184 59 43 0.4646
28184 59 55 0.4646
28244 59 41 0.4488
28244 59 53 0.4488
28304 59 50 0.3858
28304 59 62 0.4409
28363 59 46 0.378
28363 59 58 0.4252
28423 29 45 0.189
28423 29 57 0.2283
28543 119 50 0.2677
28662 238 48 0.2126
28901 119 60 0.3071
28901 119 64 0.3071
29020 238 59 0.4016
29020 238 62 0.4016
29020 238 65 0.4016
29259 119 60 0.3386
29259 119 64 0.3386
29378 119 50 0.4016
29378 119 53 0.4016
29378 119 59 0.4016
29498 119 52 0.2913
29498 119 55 0.2913
29498 119 60 0.2913
29796 59 62 0.2362
29796 59 57 0.2362
29796 59 53 0.2362
29856 119 64 0.2126
29856 119 60 0.1654
29856 238 55 0.1654
29976 119 65 0.2283
29976 119 62 0.1811
30095 119 64 0.2677
30095 119 60 0.2126
30214 59 48 0.2283
30453 179 63 0.3622
30453 179 60 0.3622
30632 59 63 0.3622
30632 59 60 0.3622
30692 59 62 0.3701
30692 59 58 0.3701
30752 59 57 0.3701
30752 59 60 0.3701
30752 59 62 0.3701
30812 119 60 0.3937
30812 179 62 0.3937
30812 179 55 0.3937
30931 53 58 0.378
30991 59 61 0.3465
30991 59 58 0.3465
31050 59 60 0.378
31050 59 57 0.378
31110 59 55 0.3543
31110 59 58 0.3543
31110 59 60 0.3543
31170 59 53 0.378
31170 59 57 0.378
31170 59 60 0.378
31230 59 50 0.3937
31289 119 45 0.4409
31409 59 46 0.4173
31468 29 43 0.3622
31528 238 48 0.3386
31886 89 36 0.4173
31886 89 48 0.5039
31976 29 38 0.4016
31976 29 50 0.4724
32006 44 40 0.4173
32006 44 52 0.5039
32066 44 41 0.315
32066 44 53 0.378
32125 44 43 0.3543
32125 44 55 0.4173
32185 44 45 0.3307
32185 44 57 0.3937
32245 238 46 0.3543
32245 238 58 0.4173
32603 119 65 0.3386
32603 119 60 0.2913
32603 119 57 0.2913
32722 119 60 0.2913
32722 119 65 0.3386
32722 119 57 0.2913
32842 119 65 0.2913
32842 119 57 0.2598
32842 119 63 0.2913
32961 238 62 0.2205
32961 238 58 0.2205
32961 238 65 0.2835
33320 119 58 0.2205
33320 238 53 0.2205
33320 119 62 0.2756
33439 119 57 0.2047
33439 119 60 0.2598
33678 179 55 0.3386
33678 179 60 0.3386
33678 179 52 0.3386
33857 59 46 0.3307
33857 59 58 0.378
33917 59 57 0.3937
33917 59 45 0.3465
33976 59 43 0.3465
33976 59 55 0.3937
34036 59 41 0.3858
34036 59 53 0.4252
34156 119 57 0.2913
34156 238 48 0.2283
34275 119 58 0.2283
34394 119 53 0.2598
34394 119 57 0.2598
34514 59 41 0.2283
34753 29 41 0.315
34783 26 53 0.2205
34812 26 53 0.2283
34842 26 53 0.2205
34872 26 53 0.252
34902 26 53 0.2283
34932 26 53 0.2283
34962 26 53 0.2205
34992 26 53 0.252
35021 26 53 0.2283
35051 26 53 0.2362
35081 26 53 0.2205
35111 29 41 0.315
35141 26 53 0.2205
35171 26 53 0.2441
35201 26 53 0.2205
35230 29 38 0.378
35260 26 50 0.2598
35290 26 50 0.2913
35320 26 50 0.2598
35350 29 35 0.3937
35380 26 47 0.2992
35410 26 47 0.3307
35439 26 47 0.2992
35469 29 36 0.2598
35499 26 48 0.2047
35529 26 48 0.2205
35559 26 48 0.2047
35589 26 48 0.2362
35619 26 48 0.1732
35648 26 48 0.1969
35678 26 48 0.1811
35708 26 48 0.2205
35738 26 48 0.189
35768 26 48 0.2047
35798 26 48 0.189
35828 119 41 0.2205
