554 8 68 0.2913
563 8 69 0.3228
571 8 68 0.2992
580 8 67 0.3071
588 8 68 0.315
597 8 73 0.3307
605 8 76 0.3386
614 8 75 0.3543
622 8 73 0.3386
631 8 75 0.3543
639 8 73 0.3386
648 8 72 0.3465
656 8 73 0.3622
665 8 76 0.3858
674 8 80 0.3701
691 8 68 0.3543
699 8 69 0.3858
708 8 68 0.3543
716 8 67 0.3622
725 8 68 0.378
733 8 73 0.3937
742 8 76 0.4016
750 8 75 0.4252
759 8 73 0.4016
767 8 75 0.4173
776 8 73 0.4016
784 8 72 0.4094
793 8 73 0.4252
802 8 76 0.4488
810 8 80 0.4331
827 8 69 0.4331
836 8 73 0.4331
844 8 75 0.4567
853 8 78 0.4803
861 8 81 0.5039
870 8 85 0.5276
878 8 87 0.5512
887 8 95 0.5827
895 8 93 0.5669
904 8 92 0.5591
912 8 90 0.5512
921 8 88 0.5433
930 8 87 0.5354
938 8 90 0.5276
947 8 85 0.5197
955 8 84 0.5354
964 8 87 0.4961
972 8 81 0.4961
981 8 80 0.4961
989 8 78 0.4724
998 8 81 0.4567
1006 8 76 0.4252
1015 8 75 0.4252
1023 8 78 0.4173
1032 8 73 0.378
1040 8 72 0.378
1049 8 75 0.3701
1058 8 69 0.3543
1066 8 68 0.3307
1075 8 71 0.3307
1083 17 69 0.3228
1100 8 68 0.2913
1109 8 69 0.3228
1117 8 68 0.2992
1126 8 67 0.3071
1134 8 68 0.315
1143 8 73 0.3307
1151 8 76 0.3386
1160 8 75 0.3543
1168 8 73 0.3386
1177 8 75 0.3543
1186 8 73 0.3386
1194 8 72 0.3465
1203 8 73 0.3622
1211 8 76 0.3858
1220 8 80 0.3701
1237 8 68 0.3543
1245 8 70 0.3858
1254 8 68 0.3543
1262 8 67 0.3622
1271 8 68 0.378
1279 8 73 0.3937
1288 8 76 0.4016
1296 8 75 0.4252
1305 8 73 0.4016
1313 8 75 0.4173
1322 8 73 0.4016
1331 8 72 0.4094
1339 8 73 0.4252
1348 8 76 0.4488
1356 8 80 0.4331
1365 8 75 0.5039
1373 8 76 0.4567
1382 8 75 0.4803
1390 8 74 0.3937
1399 8 75 0.4409
1407 8 83 0.5354
1416 8 82 0.4882
1424 8 80 0.5118
1433 8 79 0.5433
1441 8 88 0.5748
1450 8 87 0.5669
1459 8 85 0.5669
1467 8 83 0.5906
1476 8 82 0.5433
1484 8 80 0.5354
1493 8 79 0.5354
1501 8 82 0.5669
1510 8 80 0.5512
1518 8 83 0.5039
1527 8 74 0.4488
1535 8 76 0.5118
1544 8 75 0.4488
1552 8 80 0.4961
1561 8 70 0.4488
1569 8 73 0.4803
1578 8 71 0.4646
1587 8 75 0.4567
1595 8 67 0.4409
1604 8 70 0.4724
1612 8 68 0.4016
1621 8 67 0.4331
1629 8 68 0.3937
1638 8 68 0.5669
1646 8 80 0.4567
1655 8 72 0.4646
1663 8 73 0.4646
1672 8 66 0.5591
1680 8 78 0.4724
1689 8 72 0.4724
1697 8 73 0.4803
1706 8 65 0.5906
1715 8 77 0.4882
1723 8 72 0.4961
1732 8 73 0.4961
1740 8 66 0.5827
1749 8 78 0.5118
1757 8 72 0.5039
1766 8 73 0.5039
1774 8 61 0.6063
1783 8 73 0.5118
1791 8 66 0.5118
1800 8 69 0.5118
1808 8 63 0.5906
1817 8 75 0.5118
1825 8 66 0.5118
1834 8 69 0.5118
1843 8 64 0.622
1851 8 76 0.5197
1860 8 68 0.5197
1868 8 71 0.5197
1877 8 68 0.6063
1885 8 80 0.5276
1894 8 71 0.5197
1902 8 76 0.5118
1911 8 68 0.6378
1919 8 80 0.5118
1928 8 72 0.5118
1936 8 73 0.5118
1945 8 66 0.6142
1953 8 78 0.5118
1962 8 72 0.5118
1970 8 73 0.5118
1979 8 65 0.622
1988 8 77 0.5197
1996 8 72 0.5197
2005 8 73 0.5197
2013 8 66 0.6063
2022 8 78 0.5276
2030 8 72 0.5197
2039 8 73 0.5118
2047 8 65 0.6378
2056 8 77 0.5118
2064 8 71 0.5118
2073 8 75 0.5118
2081 8 66 0.6142
2090 8 78 0.5118
2098 8 71 0.5118
2107 8 75 0.5118
2116 8 69 0.622
2124 8 81 0.5197
2133 8 71 0.5197
2141 8 76 0.5197
2150 8 68 0.6063
2158 8 80 0.5276
2167 8 71 0.5197
2175 8 76 0.5118
2184 8 68 0.4094
2192 8 80 0.4488
2201 8 72 0.3701
2209 8 73 0.3701
2218 8 66 0.3858
2226 8 78 0.4252
2235 8 72 0.378
2244 8 73 0.378
2252 8 65 0.4016
2261 8 77 0.4409
2269 8 72 0.3937
2278 8 73 0.3937
2286 8 66 0.4173
2295 8 78 0.4567
2303 8 72 0.4016
2312 8 73 0.4016
2320 8 61 0.4331
2329 8 73 0.4724
2337 8 66 0.4094
2346 8 69 0.4173
2354 8 63 0.4331
2363 8 75 0.4882
2372 8 66 0.4252
2380 8 69 0.4252
2389 8 64 0.4488
2397 8 76 0.5118
2406 8 68 0.4409
2414 8 71 0.4409
2423 8 68 0.4724
2431 8 80 0.5354
2440 8 71 0.4488
2448 8 76 0.4567
2457 8 68 0.4882
2465 8 80 0.5354
2474 8 72 0.4646
2482 8 73 0.4646
2491 8 66 0.4882
2500 8 78 0.5512
2508 8 72 0.4803
2517 8 73 0.4803
2525 8 75 0.5039
2534 8 87 0.5748
2542 8 78 0.4882
2551 8 81 0.4882
2559 8 73 0.5197
2568 8 85 0.5827
2576 8 78 0.4882
2585 8 81 0.4882
2593 8 73 0.5039
2602 8 85 0.5748
2610 8 75 0.4803
2619 8 78 0.4803
2627 8 72 0.5039
2636 8 84 0.5591
2645 8 75 0.4724
2653 8 78 0.4646
2662 8 72 0.4724
2670 8 84 0.5433
2679 8 75 0.4567
2687 8 78 0.4567
2696 8 72 0.4803
2704 8 84 0.5354
2713 8 75 0.4488
2721 8 78 0.4409
2730 8 72 0.4488
2738 8 84 0.5118
2747 8 75 0.4331
2755 8 78 0.4331
2764 8 71 0.4567
2773 8 83 0.5039
2781 8 75 0.4173
2790 8 78 0.4173
2798 8 71 0.4252
2807 8 83 0.4882
2815 8 75 0.4094
2824 8 78 0.4094
2832 8 70 0.4252
2841 8 82 0.4724
2849 8 75 0.3937
2858 8 78 0.3937
2866 8 70 0.4331
2875 8 82 0.3858
2883 8 75 0.378
2892 8 78 0.378
2901 8 69 0.4173
2909 8 81 0.378
2918 8 75 0.3701
2926 8 78 0.3701
2935 8 69 0.4094
2943 8 81 0.3858
2952 8 75 0.3543
2960 8 78 0.3543
2969 8 69 0.4016
2977 8 81 0.3701
2986 8 75 0.3465
2994 8 78 0.3465
3003 8 72 0.4094
3012 8 84 0.3701
3020 8 75 0.3622
3029 8 78 0.3622
3037 8 71 0.3858
3046 8 83 0.3465
3054 8 75 0.3465
3063 8 78 0.3465
3071 8 71 0.378
3080 8 83 0.3543
3088 8 75 0.3307
3097 8 78 0.3307
3105 8 70 0.3701
3114 8 82 0.3386
3122 8 75 0.315
3131 8 78 0.315
3139 8 70 0.3622
3148 8 82 0.3307
3156 8 75 0.3228
3165 8 78 0.3228
3174 8 69 0.3465
3182 8 81 0.315
3191 8 75 0.315
3199 8 78 0.3071
3208 8 69 0.3386
3216 8 81 0.315
3225 8 75 0.2913
3233 8 78 0.2913
3242 8 68 0.3307
3250 8 80 0.2992
3259 8 75 0.2835
3267 8 78 0.2756
3284 8 68 0.2913
3293 8 69 0.3228
3302 8 68 0.2992
3310 8 67 0.3071
3319 8 68 0.315
3327 8 73 0.3307
3336 8 76 0.3386
3344 8 75 0.3543
3353 8 73 0.3386
3361 8 75 0.3543
3370 8 73 0.3386
3378 8 72 0.3465
3387 8 73 0.3622
3395 8 76 0.3858
3404 8 80 0.3701
3421 8 68 0.3543
3430 8 69 0.3858
3438 8 68 0.3543
3447 8 67 0.3622
3455 8 68 0.378
3464 8 73 0.3937
3472 8 76 0.4016
3481 8 75 0.4252
3489 8 73 0.4016
3498 8 75 0.4173
3506 8 73 0.4016
3515 8 72 0.4094
3523 8 73 0.4252
3532 8 76 0.4488
3540 8 80 0.4331
3558 8 69 0.4409
3566 8 73 0.4488
3575 8 75 0.4646
3583 8 78 0.4803
3592 8 81 0.5197
3600 8 85 0.5433
3609 8 87 0.5591
3617 8 95 0.5748
3626 8 93 0.5591
3634 8 92 0.5591
3643 8 90 0.5512
3651 8 88 0.5433
3660 8 87 0.5354
3668 8 90 0.5276
3677 8 85 0.5276
3686 8 84 0.5354
3694 8 87 0.5039
3703 8 81 0.5118
3711 8 80 0.5118
3720 8 78 0.5039
3728 8 81 0.4882
3737 8 76 0.4646
3745 8 75 0.4646
3754 8 78 0.4646
3762 8 73 0.4331
3771 8 72 0.4331
3779 8 75 0.4331
3788 8 69 0.4252
3796 8 68 0.4016
3805 8 71 0.4016
3813 17 69 0.3937
3831 8 68 0.3701
3839 8 69 0.4016
3848 8 68 0.3701
3856 8 67 0.378
3865 8 68 0.3858
3873 8 73 0.4016
3882 8 76 0.4094
3890 8 75 0.4252
3899 8 73 0.4016
3907 8 75 0.4173
3916 8 73 0.4016
3924 8 72 0.4016
3933 8 73 0.4173
3941 8 76 0.4488
3950 8 80 0.4252
3959 8 76 0.4094
3967 8 75 0.378
3976 8 76 0.4094
3984 8 75 0.378
3993 8 74 0.3858
4001 8 75 0.3937
4010 8 78 0.4173
4018 8 81 0.4252
4027 8 78 0.4409
4035 8 77 0.4252
4044 8 78 0.4409
4052 8 77 0.4252
4061 8 76 0.4252
4069 8 77 0.4409
4078 8 80 0.4646
4087 8 85 0.4488
4104 8 73 0.3937
4112 8 74 0.4331
4121 8 73 0.4016
4129 8 72 0.4094
4138 8 73 0.4173
4146 8 78 0.4409
4155 8 81 0.4488
4163 8 78 0.4646
4172 8 77 0.4409
4180 8 78 0.4646
4189 8 77 0.4488
4197 8 76 0.4488
4206 8 77 0.4646
4215 8 80 0.4961
4223 8 85 0.4646
4232 8 80 0.4567
4240 8 78 0.4173
4249 8 80 0.4567
4257 8 78 0.4252
4266 8 77 0.4331
4274 8 78 0.4409
4283 8 81 0.4646
4291 8 85 0.4724
4300 8 81 0.4961
4308 8 80 0.4646
4317 8 81 0.4882
4325 8 80 0.4724
4334 8 79 0.4724
4343 8 80 0.4882
4351 8 84 0.5197
4360 8 87 0.4961
4368 8 80 0.5433
4377 8 81 0.5039
4385 8 80 0.5276
4394 8 79 0.4567
4402 8 80 0.4882
4411 8 88 0.5591
4419 8 87 0.5591
4428 8 86 0.5512
4436 8 85 0.5433
4445 8 84 0.5433
4453 8 83 0.5354
4462 8 82 0.5276
4470 8 81 0.5276
4479 8 80 0.5197
4488 8 79 0.5118
4496 8 78 0.5039
4505 8 76 0.5433
4513 8 78 0.5039
4522 8 76 0.5276
4530 8 75 0.4567
4539 8 76 0.4882
4547 8 88 0.5591
4556 8 87 0.5591
4564 8 86 0.5512
4573 8 85 0.5512
4581 8 84 0.5591
4590 8 83 0.5591
4598 8 82 0.5669
4607 8 81 0.5748
4616 8 80 0.5827
4624 8 79 0.5906
4633 8 78 0.5984
4641 4 80 0.5984
4658 8 92 0.6693
4667 8 91 0.6693
4675 8 90 0.6614
4684 8 89 0.6614
4692 8 88 0.6535
4701 8 87 0.6535
4709 8 86 0.6457
4718 8 85 0.6378
4726 8 84 0.6378
4735 8 83 0.6299
4744 8 82 0.6299
4752 8 81 0.622
4761 8 80 0.622
4769 8 79 0.6142
4778 8 78 0.6063
4786 8 77 0.6063
4795 8 76 0.6063
4803 8 75 0.6063
4812 8 74 0.6063
4820 8 73 0.6063
4829 8 72 0.6063
4837 8 71 0.6063
4846 8 70 0.6063
4854 8 69 0.6142
4863 8 68 0.6299
4872 8 67 0.6457
4880 8 66 0.6693
4889 8 64 0.685
4897 8 63 0.7087
4906 8 61 0.7244
4914 8 56 0.7402
4948 8 93 0.7087
4957 8 92 0.6378
4965 8 100 0.6063
4974 8 88 0.6063
4982 8 90 0.7087
4991 8 88 0.6063
5000 8 97 0.6063
5008 8 85 0.6063
5017 8 87 0.7008
5025 8 85 0.6063
5034 8 92 0.6063
5042 8 80 0.6063
5051 8 81 0.7008
5059 8 80 0.6063
5068 8 88 0.6063
5076 8 76 0.6063
5085 8 78 0.6929
5093 8 76 0.6063
5102 8 85 0.6063
5110 8 73 0.6063
5119 8 75 0.7008
5127 8 73 0.6063
5136 8 80 0.6063
5145 8 68 0.6063
5153 8 69 0.7087
5162 8 68 0.6063
5170 8 76 0.6063
5179 8 64 0.6063
5187 8 66 0.6929
5196 8 64 0.6063
5204 8 73 0.6063
5213 8 61 0.6063
5221 8 63 0.7008
5230 8 61 0.6063
5238 8 68 0.6063
5247 8 56 0.6063
5255 8 63 0.7008
5264 8 61 0.6063
5273 8 68 0.6063
5281 8 56 0.6063
5290 8 63 0.7008
5298 8 61 0.6063
5307 8 69 0.6063
5315 8 57 0.6063
5324 8 63 0.7008
5332 8 61 0.5906
5341 8 68 0.5827
5349 8 56 0.5748
5358 8 63 0.6535
5366 8 61 0.5591
5375 8 67 0.5591
5383 8 55 0.5512
5392 8 63 0.622
5401 8 61 0.5354
5409 8 68 0.5276
5418 8 56 0.5197
5426 8 63 0.5906
5435 8 60 0.4961
5443 8 68 0.4961
5452 8 56 0.4882
5733 68 68 0.3543
5802 4 70 0.3307
5806 4 72 0.3307
5810 8 70 0.3622
5819 17 68 0.3543
5836 17 73 0.3543
5853 17 75 0.378
5870 68 77 0.4016
5938 68 80 0.4409
5972 34 68 0.3858
6006 34 78 0.4173
6040 34 77 0.4016
6075 34 75 0.3858
6109 25 77 0.4016
6134 8 73 0.3701
6143 68 68 0.378
6211 136 70 0.378
6348 4 71 0.3307
6352 4 73 0.3307
6356 8 71 0.3622
6365 17 70 0.3543
6382 17 75 0.3543
6399 17 77 0.378
6416 34 78 0.4016
6450 34 77 0.3937
6484 34 75 0.4016
6518 34 77 0.3858
6552 51 73 0.378
6604 4 72 0.3858
6608 4 73 0.3543
6612 4 75 0.3543
6616 4 73 0.3543
6621 51 77 0.3937
6672 17 75 0.3858
6689 136 75 0.3701
6825 68 68 0.3543
6894 4 70 0.3307
6898 4 72 0.3307
6902 8 70 0.3622
6911 17 68 0.3543
6928 17 73 0.3543
6945 17 75 0.378
6962 68 77 0.4016
7030 68 80 0.4409
7064 34 68 0.3858
7098 34 78 0.4173
7133 34 77 0.4016
7167 17 75 0.3858
7184 4 77 0.3701
7188 4 75 0.3701
7192 4 73 0.3701
7197 4 75 0.3701
7201 25 77 0.4016
7226 8 73 0.3701
7235 68 68 0.378
7303 136 70 0.378
7440 4 71 0.3307
7444 4 73 0.3307
7448 8 71 0.3622
7457 17 70 0.3543
7474 17 75 0.3543
7491 17 77 0.378
7508 34 78 0.4016
7542 34 77 0.3937
7576 34 75 0.4016
7610 34 77 0.3858
7645 51 73 0.378
7696 4 67 0.3858
7700 4 68 0.3543
7704 4 70 0.3543
7709 4 68 0.3543
7713 51 77 0.3937
7764 17 75 0.3858
7781 68 75 0.4094
7849 34 73 0.4094
7901 17 80 0.4724
7918 68 68 0.5118
7986 4 70 0.5118
7990 4 72 0.4646
7994 4 70 0.4724
7999 4 72 0.4646
8003 2 70 0.4409
8006 2 72 0.4409
8009 2 70 0.4409
8011 8 69 0.4882
8020 25 70 0.5039
8046 8 72 0.4882
8054 17 68 0.5197
8088 43 84 0.5197
8132 9 82 0.4961
8142 9 80 0.4882
8152 9 76 0.4803
8161 9 73 0.4646
8171 14 70 0.4567
8186 4 80 0.4331
8191 63 63 0.5197
8255 4 72 0.4646
8259 25 70 0.5039
8284 8 69 0.4488
8293 25 70 0.5039
8319 8 75 0.4882
8327 34 68 0.5118
8395 34 70 0.3071
8430 11 73 0.3465
8441 11 72 0.3071
8452 11 70 0.3071
8464 68 68 0.3386
8532 3 70 0.3622
8535 3 72 0.3307
8539 3 70 0.3307
8542 3 72 0.3465
8546 3 70 0.3307
8549 17 68 0.3228
8566 17 73 0.3543
8583 17 75 0.378
8600 68 77 0.4016
8668 68 80 0.4409
8703 34 68 0.3858
8737 34 78 0.4173
8771 34 77 0.4016
8805 17 75 0.3858
8822 4 77 0.3701
8826 4 75 0.3701
8831 4 73 0.3701
8835 4 75 0.3701
8839 17 77 0.4016
8856 17 73 0.3701
8873 68 68 0.378
8941 136 70 0.378
9078 3 71 0.3543
9081 3 73 0.3307
9085 3 71 0.3228
9088 3 73 0.3307
9092 3 71 0.3307
9095 17 70 0.3543
9112 17 75 0.3543
9129 17 77 0.378
9146 34 78 0.4016
9180 34 77 0.3937
9215 34 75 0.4016
9249 34 77 0.3858
9283 51 73 0.378
9334 4 67 0.3858
9338 4 68 0.3543
9343 4 70 0.3543
9347 4 68 0.3543
9351 51 77 0.3937
9402 17 75 0.3858
9419 68 75 0.4094
9488 34 73 0.4094
9539 17 80 0.4724
9556 68 68 0.5118
9624 4 70 0.5118
9628 4 72 0.4646
9633 4 70 0.4724
9637 4 72 0.4646
9641 2 70 0.4409
9644 2 72 0.4409
9647 2 70 0.4409
9650 8 69 0.4882
9658 25 70 0.5039
9684 8 72 0.4882
9692 17 68 0.5197
9726 43 84 0.5197
9770 9 82 0.4961
9780 9 80 0.4882
9790 9 76 0.4803
9800 9 73 0.4646
9809 14 70 0.4567
9824 4 80 0.4331
9829 63 63 0.5197
9893 4 72 0.4646
9897 25 70 0.5039
9923 8 69 0.4488
9931 25 70 0.5039
9957 8 75 0.4882
9965 34 68 0.5118
10034 34 70 0.3071
10068 11 73 0.3465
10079 11 72 0.3071
10091 11 70 0.3071
10102 68 68 0.3386
10170 3 70 0.3701
10174 3 72 0.3386
10177 3 70 0.3386
10180 3 72 0.3386
10184 3 70 0.3386
10187 17 68 0.3543
10204 17 73 0.3543
10221 17 75 0.378
10238 68 77 0.4016
10307 68 80 0.4409
10341 34 68 0.3858
10375 34 78 0.4173
10409 34 77 0.4016
10443 17 75 0.3858
10460 4 77 0.3701
10465 4 75 0.3701
10469 4 73 0.3701
10473 4 75 0.3701
10477 17 77 0.4016
10494 17 73 0.3701
10511 68 68 0.378
10580 136 70 0.378
10716 3 71 0.378
10720 3 73 0.3307
10723 3 71 0.3386
10726 3 73 0.3307
10730 3 71 0.3307
10733 17 70 0.3543
10750 17 75 0.3543
10767 17 77 0.378
10784 34 78 0.4016
10819 34 77 0.3701
10853 34 75 0.3858
10887 34 77 0.3543
10921 51 73 0.3386
10972 4 67 0.3465
10976 4 68 0.315
10981 4 70 0.315
10985 4 68 0.315
10989 51 77 0.3543
11040 17 75 0.3465
11058 136 75 0.3465
11203 8 68 0.2913
11211 8 69 0.3228
11220 8 68 0.2992
11228 8 67 0.3071
11237 8 68 0.315
11245 8 73 0.3307
11254 8 76 0.3386
11262 8 75 0.3543
11271 8 73 0.3386
11279 8 75 0.3543
11288 8 73 0.3386
11296 8 72 0.3465
11305 8 73 0.3622
11313 8 76 0.3858
11322 8 80 0.3701
11339 8 68 0.3543
11348 8 69 0.3858
11356 8 68 0.3543
11365 8 67 0.3622
11373 8 68 0.378
11382 8 73 0.3937
11390 8 76 0.4016
11399 8 75 0.4252
11407 8 73 0.4016
11416 8 75 0.4173
11424 8 73 0.4016
11433 8 72 0.4094
11441 8 73 0.4252
11450 8 76 0.4488
11459 8 80 0.4331
11476 8 69 0.4409
11484 8 73 0.4567
11493 8 75 0.4724
11501 8 78 0.4961
11510 8 81 0.4961
11518 8 85 0.5197
11527 8 87 0.5669
11535 8 95 0.5984
11544 8 93 0.5906
11552 8 92 0.5512
11561 8 90 0.5433
11569 8 88 0.5354
11578 8 87 0.5276
11587 8 90 0.5197
11595 8 85 0.5276
11604 8 84 0.5354
11612 8 87 0.4961
11621 8 81 0.4961
11629 8 80 0.4961
11638 8 78 0.4724
11646 8 81 0.4567
11655 8 76 0.4252
11663 8 75 0.4252
11672 8 78 0.4173
11680 8 73 0.378
11689 8 72 0.378
11697 8 75 0.3701
11706 8 69 0.3543
11715 8 68 0.3307
11723 8 71 0.3307
11732 17 69 0.3228
11749 8 68 0.2913
11757 8 69 0.3228
11766 8 68 0.2992
11774 8 67 0.3071
11783 8 68 0.315
11791 8 73 0.3307
11800 8 76 0.3386
11808 8 75 0.3543
11817 8 73 0.3386
11825 8 75 0.3543
11834 8 73 0.3386
11843 8 72 0.3465
11851 8 73 0.3622
11860 8 76 0.3858
11868 8 80 0.3701
11885 8 68 0.3543
11894 8 70 0.3858
11902 8 68 0.3543
11911 8 67 0.3622
11919 8 68 0.378
11928 8 73 0.3937
11936 8 76 0.4016
11945 8 75 0.4252
11953 8 73 0.4016
11962 8 75 0.4173
11970 8 73 0.4016
11979 8 72 0.4094
11988 8 73 0.4252
11996 8 76 0.4488
12005 8 80 0.4331
12013 8 75 0.5039
12022 8 76 0.4567
12030 8 75 0.4803
12039 8 74 0.3937
12047 8 75 0.4409
12056 8 83 0.5354
12064 8 82 0.4882
12073 8 80 0.5118
12081 8 79 0.5354
12090 8 88 0.5669
12098 8 87 0.5433
12107 8 85 0.5433
12116 8 83 0.5827
12124 8 82 0.5433
12133 8 80 0.5433
12141 8 79 0.5433
12150 8 82 0.5669
12158 8 80 0.5512
12167 8 83 0.5039
12175 8 74 0.4488
12184 8 76 0.5118
12192 8 75 0.4488
12201 8 80 0.4961
12209 8 70 0.4488
12218 8 73 0.4803
12226 8 71 0.4646
12235 8 75 0.4567
12244 8 67 0.4409
12252 8 70 0.4724
12261 8 68 0.4016
12269 8 67 0.4331
12278 8 68 0.3937
12286 8 68 0.5669
12295 8 80 0.4567
12303 8 72 0.4646
12312 8 73 0.4646
12320 8 66 0.5591
12329 8 78 0.4724
12337 8 72 0.4724
12346 8 73 0.4803
12354 8 65 0.5906
12363 8 77 0.4882
12372 8 72 0.4961
12380 8 73 0.4961
12389 8 66 0.5827
12397 8 78 0.5118
12406 8 72 0.5039
12414 8 73 0.5039
12423 8 61 0.6063
12431 8 73 0.5118
12440 8 66 0.5118
12448 8 69 0.5118
12457 8 63 0.5906
12465 8 75 0.5118
12474 8 66 0.5118
12482 8 69 0.5118
12491 8 64 0.622
12500 8 76 0.5197
12508 8 68 0.5197
12517 8 71 0.5197
12525 8 68 0.6063
12534 8 80 0.5276
12542 8 71 0.5197
12551 8 76 0.5118
12559 8 68 0.6378
12568 8 80 0.5118
12576 8 72 0.5118
12585 8 73 0.5118
12593 8 66 0.6142
12602 8 78 0.5118
12610 8 72 0.5118
12619 8 73 0.5118
12627 8 65 0.622
12636 8 77 0.5197
12645 8 72 0.5197
12653 8 73 0.5197
12662 8 66 0.6063
12670 8 78 0.5276
12679 8 72 0.5197
12687 8 73 0.5118
12696 8 65 0.6378
12704 8 77 0.5118
12713 8 71 0.5118
12721 8 75 0.5118
12730 8 66 0.6142
12738 8 78 0.5118
12747 8 71 0.5118
12755 8 75 0.5118
12764 8 69 0.622
12773 8 81 0.5197
12781 8 71 0.5197
12790 8 76 0.5197
12798 8 68 0.6063
12807 8 80 0.5276
12815 8 71 0.5197
12824 8 76 0.5118
12832 8 68 0.4094
12841 8 80 0.4488
12849 8 72 0.3701
12858 8 73 0.3701
12866 8 66 0.3858
12875 8 78 0.4252
12883 8 72 0.378
12892 8 73 0.378
12901 8 65 0.4016
12909 8 77 0.4409
12918 8 72 0.3937
12926 8 73 0.3937
12935 8 66 0.4173
12943 8 78 0.4567
12952 8 72 0.4016
12960 8 73 0.4016
12969 8 61 0.4331
12977 8 73 0.4724
12986 8 66 0.4094
12994 8 69 0.4173
13003 8 63 0.4331
13011 8 75 0.4882
13020 8 66 0.4252
13029 8 69 0.4252
13037 8 64 0.4488
13046 8 76 0.5118
13054 8 68 0.4409
13063 8 71 0.4409
13071 8 68 0.4724
13080 8 80 0.5354
13088 8 71 0.4488
13097 8 76 0.4567
13105 8 68 0.4882
13114 8 80 0.5354
13122 8 72 0.4646
13131 8 73 0.4646
13139 8 66 0.4882
13148 8 78 0.5512
13156 8 72 0.4803
13165 8 73 0.4803
13174 8 75 0.5039
13182 8 87 0.5748
13191 8 78 0.4882
13199 8 81 0.4882
13208 8 73 0.5197
13216 8 85 0.5827
13225 8 78 0.4882
13233 8 81 0.4882
13242 8 73 0.5039
13250 8 85 0.5748
13259 8 75 0.4803
13267 8 78 0.4803
13276 8 72 0.5039
13284 8 84 0.5591
13293 8 75 0.4724
13302 8 78 0.4646
13310 8 72 0.4724
13319 8 84 0.5433
13327 8 75 0.4567
13336 8 78 0.4567
13344 8 72 0.4803
13353 8 84 0.5354
13361 8 75 0.4488
13370 8 78 0.4409
13378 8 72 0.4488
13387 8 84 0.5118
13395 8 75 0.4331
13404 8 78 0.4331
13412 8 71 0.4567
13421 8 83 0.5039
13430 8 75 0.4173
13438 8 78 0.4173
13447 8 71 0.4252
13455 8 83 0.4882
13464 8 75 0.4094
13472 8 78 0.4094
13481 8 70 0.4252
13489 8 82 0.4724
13498 8 75 0.3937
13506 8 78 0.3937
13515 8 70 0.4331
13524 8 82 0.3858
13532 8 75 0.378
13540 8 78 0.378
13549 8 69 0.4173
13558 8 81 0.378
13566 8 75 0.3701
13575 8 78 0.3701
13583 8 69 0.4094
13592 8 81 0.3858
13600 8 75 0.3543
13609 8 78 0.3543
13617 8 69 0.4016
13626 8 81 0.3701
13634 8 75 0.3465
13643 8 78 0.3465
13651 8 72 0.4094
13660 8 84 0.3701
13668 8 75 0.3701
13677 8 78 0.3701
13686 8 71 0.4016
13694 8 83 0.3622
13703 8 75 0.3622
13711 8 78 0.3622
13720 8 71 0.4016
13728 8 83 0.378
13737 8 75 0.3543
13745 8 78 0.3543
13754 8 70 0.4016
13762 8 82 0.3701
13771 8 75 0.3465
13779 8 78 0.3465
13788 8 70 0.4094
13796 8 82 0.3622
13805 8 75 0.3622
13813 8 78 0.3543
13822 8 69 0.378
13831 8 81 0.3386
13839 8 75 0.3307
13848 8 78 0.3307
13856 8 69 0.3543
13865 8 81 0.3307
13873 8 75 0.3071
13882 8 78 0.3071
13890 8 68 0.3386
13899 8 80 0.3071
13907 8 75 0.2835
13916 8 78 0.2835
13933 8 68 0.2913
13941 8 69 0.3228
13950 8 68 0.2992
13959 8 67 0.3071
13967 8 68 0.315
13976 8 73 0.3307
13984 8 76 0.3386
13993 8 75 0.3543
14001 8 73 0.3386
14010 8 75 0.3543
14018 8 73 0.3386
14027 8 72 0.3465
14035 8 73 0.3622
14044 8 76 0.3858
14052 8 80 0.3701
14069 8 68 0.3543
14078 8 69 0.3858
14087 8 68 0.3543
14095 8 67 0.3622
14104 8 68 0.378
14112 8 73 0.3937
14121 8 76 0.4016
14129 8 75 0.4252
14138 8 73 0.4016
14146 8 75 0.4173
14155 8 73 0.4016
14163 8 72 0.4094
14172 8 73 0.4252
14180 8 76 0.4488
14189 8 80 0.4331
14206 8 69 0.4409
14215 8 73 0.4646
14223 8 75 0.4882
14232 8 78 0.4961
14240 8 81 0.5197
14249 8 85 0.5433
14257 8 87 0.5669
14266 8 95 0.5906
14274 8 93 0.5748
14283 8 92 0.5669
14291 8 90 0.5591
14300 8 88 0.5591
14308 8 87 0.5512
14317 8 90 0.5354
14325 8 85 0.5276
14334 8 84 0.5354
14343 8 87 0.4961
14351 8 81 0.4961
14360 8 80 0.4961
14368 8 78 0.4724
14377 8 81 0.4567
14385 8 76 0.4252
14394 8 75 0.4252
14402 8 78 0.4173
14411 8 73 0.378
14419 8 72 0.378
14428 8 75 0.3701
14436 8 69 0.3543
14445 8 68 0.3307
14453 8 71 0.3307
14462 17 69 0.3228
14479 8 68 0.2913
14488 8 69 0.3228
14496 8 68 0.2992
14505 8 67 0.3071
14513 8 68 0.315
14522 8 73 0.3307
14530 8 76 0.3386
14539 8 75 0.3543
14547 8 73 0.3386
14556 8 75 0.3543
14564 8 73 0.3386
14573 8 72 0.3465
14581 8 73 0.3622
14590 8 76 0.3937
14598 8 80 0.378
14607 8 76 0.3622
14616 8 75 0.3386
14624 8 76 0.3701
14633 8 75 0.3386
14641 8 74 0.3543
14650 8 75 0.3622
14658 8 78 0.3858
14667 8 81 0.3937
14675 8 78 0.4173
14684 8 77 0.4016
14692 8 78 0.4173
14701 8 77 0.4016
14709 8 76 0.4094
14718 8 77 0.4252
14726 8 80 0.4488
14735 8 85 0.4409
14752 8 73 0.3937
14761 8 74 0.4331
14769 8 73 0.4016
14778 8 72 0.4094
14786 8 73 0.4173
14795 8 78 0.4409
14803 8 81 0.4488
14812 8 78 0.4646
14820 8 77 0.4409
14829 8 78 0.4646
14837 8 77 0.4488
14846 8 76 0.4488
14854 8 77 0.4646
14863 8 80 0.4961
14872 8 85 0.4646
14880 8 80 0.4567
14889 8 78 0.4173
14897 8 80 0.4567
14906 8 78 0.4252
14914 8 77 0.4331
14923 8 78 0.4409
14931 8 81 0.4646
14940 8 85 0.4724
14948 8 81 0.4961
14957 8 80 0.4646
14965 8 81 0.4882
14974 8 80 0.4724
14982 8 79 0.4724
14991 8 80 0.4882
15000 8 84 0.5197
15008 8 87 0.4961
15017 8 80 0.5433
15025 8 81 0.5039
15034 8 80 0.5276
15042 8 79 0.4567
15051 8 80 0.4882
15059 8 88 0.5591
15068 8 87 0.5591
15076 8 86 0.5512
15085 8 85 0.5433
15093 8 84 0.5433
15102 8 83 0.5354
15110 8 82 0.5276
15119 8 81 0.5276
15127 8 80 0.5197
15136 8 79 0.5118
15145 8 78 0.5039
15153 8 76 0.5433
15162 8 78 0.5039
15170 8 76 0.5276
15179 8 75 0.4567
15187 8 76 0.4882
15196 8 88 0.5591
15204 8 87 0.5591
15213 8 86 0.5512
15221 8 85 0.5512
15230 8 84 0.5591
15238 8 83 0.5591
15247 8 82 0.5669
15255 8 81 0.5748
15264 8 80 0.5827
15273 8 79 0.5906
15281 8 78 0.5984
15290 4 80 0.5984
15307 8 92 0.6693
15315 8 91 0.6693
15324 8 90 0.6614
15332 8 89 0.6614
15341 8 88 0.6535
15349 8 87 0.6535
15358 8 86 0.6457
15366 8 85 0.6378
15375 8 84 0.6378
15383 8 83 0.6299
15392 8 82 0.6299
15401 8 81 0.622
15409 8 80 0.622
15418 8 79 0.6142
15426 8 78 0.6063
15435 8 77 0.6063
15443 8 76 0.6063
15452 8 75 0.6063
15460 8 74 0.6063
15469 8 73 0.6063
15477 8 72 0.6063
15486 8 71 0.6063
15494 8 70 0.6063
15503 8 69 0.6299
15511 8 68 0.6535
15520 8 67 0.6693
15529 8 66 0.685
15537 8 64 0.7008
15546 8 63 0.7244
15554 8 61 0.7402
15563 8 56 0.7559
15597 8 93 0.7087
15605 8 92 0.6378
15614 8 100 0.6063
15622 8 88 0.6063
15631 8 90 0.7087
15639 8 88 0.6063
15648 8 97 0.6063
15656 8 85 0.6063
15665 8 87 0.7008
15674 8 85 0.6063
15682 8 92 0.6063
15691 8 80 0.6063
15699 8 81 0.7008
15708 8 80 0.6063
15716 8 88 0.6063
15725 8 76 0.6063
15733 8 78 0.6929
15742 8 76 0.6063
15750 8 85 0.6063
15759 8 73 0.6063
15767 8 75 0.7008
15776 8 73 0.6063
15784 8 80 0.6063
15793 8 68 0.6063
15802 8 69 0.7087
15810 8 68 0.6063
15819 8 76 0.6063
15827 8 64 0.6063
15836 8 66 0.6929
15844 8 64 0.6063
15853 8 73 0.6063
15861 8 61 0.6063
15870 8 63 0.7008
15878 8 61 0.6063
15887 8 68 0.6063
15895 8 56 0.6063
15904 8 63 0.7008
15912 8 61 0.6063
15921 8 68 0.6063
15930 8 56 0.6063
15938 8 63 0.7008
15947 8 61 0.6063
15955 8 69 0.6063
15964 8 57 0.6063
15972 8 63 0.7008
15981 8 61 0.5906
15989 8 68 0.5827
15998 8 56 0.5748
16006 8 63 0.6535
16015 8 61 0.5591
16023 8 67 0.5591
16032 8 55 0.5512
16040 8 63 0.622
16049 8 61 0.5354
16058 8 68 0.5276
16066 8 56 0.5197
16075 8 63 0.5906
16083 8 60 0.4961
16092 8 68 0.4961
16100 8 56 0.4882
16109 8 63 0.5748
16117 8 61 0.5118
16126 8 68 0.5118
16134 8 56 0.5118
16143 8 69 0.5433
16151 8 68 0.5118
16160 8 76 0.6535
16168 8 64 0.5039
16177 8 69 0.5512
16186 8 68 0.5197
16194 8 76 0.6535
16203 8 64 0.4724
16211 8 69 0.5354
16220 8 68 0.4882
16228 8 75 0.622
16237 8 63 0.5591
16245 8 69 0.5354
16254 8 68 0.5197
16262 8 75 0.6535
16271 8 64 0.4724
16279 8 69 0.5354
16288 8 68 0.4882
16296 8 73 0.622
16305 8 61 0.5591
16313 8 64 0.4252
16322 8 63 0.3858
16331 8 68 0.4882
16339 8 56 0.3543
16348 8 64 0.4016
16356 8 63 0.3622
16365 8 68 0.4646
16373 8 56 0.4173
16382 8 63 0.4252
16390 8 61 0.3858
16399 8 68 0.4882
16407 8 56 0.3543
16416 8 69 0.5276
16424 8 68 0.5118
16433 8 76 0.6535
16441 8 64 0.5039
16450 8 69 0.5354
16459 8 68 0.5197
16467 8 76 0.6535
16476 8 64 0.4724
16484 8 69 0.5118
16493 8 68 0.4882
16501 8 75 0.622
16510 8 63 0.5197
16518 8 69 0.5197
16527 8 68 0.5197
16535 8 75 0.6535
16544 8 64 0.4724
16552 8 69 0.5276
16561 8 68 0.4882
16569 8 73 0.622
16578 8 61 0.5591
16587 8 64 0.4252
16595 8 63 0.3858
16604 8 68 0.4882
16612 8 56 0.3543
16621 8 64 0.4016
16629 8 63 0.3622
16638 8 68 0.4646
16646 8 56 0.4173
16655 8 63 0.4252
16663 8 61 0.3858
16672 8 68 0.4882
16680 8 56 0.3543
16689 8 69 0.4331
16697 8 68 0.378
16706 8 76 0.4882
16715 8 64 0.378
16723 8 66 0.4252
16732 8 64 0.3858
16740 8 73 0.4882
16749 8 61 0.3543
16757 8 69 0.4016
16766 8 68 0.3622
16774 8 76 0.4646
16783 8 64 0.4173
16791 8 63 0.4252
16800 8 61 0.3858
16808 8 68 0.4882
16817 8 56 0.3543
16825 8 69 0.4331
16834 8 68 0.378
16843 8 76 0.4882
16851 8 64 0.378
16860 8 66 0.4252
16868 8 64 0.3858
16877 8 73 0.4882
16885 8 61 0.3543
16894 8 69 0.4016
16902 8 68 0.3622
16911 8 76 0.4646
16919 8 64 0.4173
16928 8 66 0.4252
16936 8 64 0.3858
16945 8 73 0.4803
16953 8 61 0.3465
16962 8 69 0.4173
16970 8 68 0.3622
16979 8 73 0.4724
16988 8 61 0.3622
16996 8 66 0.4016
17005 8 64 0.3622
17013 8 73 0.4567
17022 8 61 0.3307
17030 8 69 0.3701
17039 8 68 0.3307
17047 8 73 0.4252
17056 8 61 0.378
17064 8 66 0.378
17073 8 64 0.3465
17081 8 73 0.4331
17090 8 61 0.315
17098 8 69 0.378
17107 8 68 0.3228
17116 8 73 0.4173
17124 8 61 0.3228
17133 8 66 0.3543
17141 8 64 0.3228
17150 8 73 0.4094
17158 8 61 0.2913
17167 8 69 0.3307
17175 8 68 0.2913
17184 8 73 0.378
17192 8 61 0.3307
17201 8 63 0.3386
17209 8 61 0.3071
17218 8 68 0.3858
17226 8 56 0.2835
17235 8 63 0.3465
17244 8 61 0.2992
17252 8 68 0.3858
17261 8 56 0.2992
17269 8 63 0.3386
17278 8 61 0.3071
17286 8 68 0.3858
17295 8 56 0.2835
17303 8 63 0.315
17312 8 61 0.2835
17320 8 68 0.3701
17329 8 56 0.3307
17337 8 63 0.3386
17346 8 61 0.3071
17354 8 68 0.378
17363 8 56 0.2756
17372 8 63 0.3307
17380 8 61 0.2835
17389 8 68 0.3622
17397 8 56 0.2756
17406 8 63 0.3071
17414 8 61 0.2756
17423 8 68 0.3465
17431 8 56 0.252
17440 8 63 0.2756
17448 8 61 0.2441
17457 8 68 0.315
17465 8 56 0.2835
17474 8 63 0.2835
17482 8 61 0.2598
17491 8 68 0.3228
17500 8 56 0.2362
17508 8 63 0.2913
17517 8 61 0.252
17525 8 68 0.3228
17534 8 56 0.252
17542 8 63 0.2835
17551 8 61 0.2598
17559 8 68 0.3228
17568 8 56 0.2362
17576 8 63 0.2677
17585 8 61 0.2362
17593 8 68 0.3071
17602 8 56 0.2756
17610 8 63 0.2835
17619 8 61 0.2598
17627 8 68 0.3228
17636 8 56 0.2362
17645 8 63 0.2913
17653 8 61 0.252
17662 8 68 0.3228
17670 8 56 0.252
17679 8 63 0.2835
17687 8 61 0.2598
17696 8 68 0.3228
17704 8 56 0.2362
17713 8 63 0.2677
17721 8 61 0.2362
17730 8 68 0.3071
17738 8 56 0.2756
17747 8 63 0.2835
17755 8 61 0.2598
17764 8 68 0.3228
17773 8 56 0.2362
17781 8 63 0.2913
17790 8 61 0.252
17798 8 68 0.3228
17807 8 56 0.252
17815 8 63 0.2835
17824 8 61 0.2598
17832 8 68 0.3228
17841 8 56 0.2362
17849 8 63 0.2677
17858 8 61 0.2362
17866 8 68 0.3071
17875 8 56 0.2756
17883 8 63 0.2835
17892 8 61 0.2598
17901 8 68 0.3228
17909 8 56 0.2362
17918 8 63 0.2913
17926 8 61 0.252
17935 8 68 0.3228
17943 8 56 0.252
17952 8 63 0.2835
17960 8 61 0.2598
17969 8 68 0.3228
17977 8 56 0.2362
17986 8 63 0.2677
17994 8 61 0.2362
18003 8 68 0.3071
18011 8 56 0.2756
18020 8 63 0.2835
18029 8 61 0.2598
18037 8 68 0.3228
18046 8 56 0.2362
18054 8 63 0.2913
18063 8 61 0.252
18071 8 68 0.3228
18080 8 56 0.252
18088 8 63 0.2835
18097 8 61 0.2598
18105 8 68 0.3228
18114 8 56 0.2362
18122 8 63 0.2677
18131 8 61 0.2362
18139 8 68 0.3071
18148 8 56 0.2756
18157 8 63 0.2835
18165 8 61 0.2598
18174 8 68 0.3228
18182 8 56 0.2362
18191 8 63 0.2913
18199 8 61 0.252
18208 8 68 0.3228
18216 8 56 0.252
18225 8 63 0.2835
18233 8 61 0.2598
18242 8 68 0.3228
18250 8 56 0.2362
18259 8 63 0.2677
18267 8 61 0.2362
18276 8 68 0.3071
18284 8 56 0.2756
18293 8 63 0.2835
18302 8 61 0.2283
18310 8 68 0.2756
18319 8 53 0.2913
18327 8 63 0.3465
18336 8 61 0.2205
18344 8 68 0.2835
18353 8 53 0.2913
18361 8 63 0.3386
18370 8 61 0.2283
18378 8 68 0.2913
18387 8 53 0.2913
18395 8 63 0.3543
18404 8 61 0.2126
18412 8 68 0.2835
18421 8 53 0.2441
18430 8 65 0.252
18438 8 63 0.2283
18447 8 68 0.2756
18455 8 54 0.2992
18464 8 65 0.3465
18472 8 63 0.2205
18481 8 68 0.2756
18489 8 54 0.2992
18498 8 65 0.3307
18507 8 63 0.2283
18515 8 68 0.2913
18523 8 54 0.2913
18532 8 65 0.315
18540 8 63 0.2126
18549 8 68 0.2756
18558 8 54 0.2992
18575 127 54 0.2992
18579 260 56 0.315
18583 119 60 0.3386
18592 110 63 0.378
18711 127 53 0.2756
18715 123 61 0.3307
0 273 44 0.622
0 273 56 0.622
273 11 37 0.5906
273 11 49 0.5906
284 11 56 0.4724
295 11 61 0.5039
307 11 64 0.5118
318 11 61 0.4882
329 11 56 0.4803
341 11 49 0.4488
352 11 56 0.4567
364 11 61 0.4724
375 11 64 0.4724
386 11 61 0.4567
398 11 56 0.4488
409 11 49 0.4173
420 11 56 0.4252
432 11 61 0.4331
443 11 64 0.4252
455 11 61 0.4094
466 11 56 0.3937
477 11 49 0.3543
489 11 56 0.3701
500 11 61 0.3858
511 11 64 0.3622
523 11 61 0.3386
534 11 56 0.2992
546 11 49 0.1732
557 11 56 0.1969
568 11 61 0.2205
580 11 64 0.2362
591 11 61 0.2205
602 11 56 0.2126
614 11 52 0.2047
625 11 56 0.2205
637 11 61 0.2362
648 11 64 0.2441
659 11 61 0.2205
671 11 56 0.2126
682 11 49 0.2126
693 11 56 0.2362
705 11 61 0.2677
716 11 64 0.2835
728 11 61 0.2677
739 11 56 0.2598
750 11 52 0.2441
762 11 56 0.2598
773 11 61 0.2835
784 11 64 0.2913
796 11 61 0.2677
807 11 56 0.252
819 11 51 0.2441
830 11 57 0.2756
841 11 61 0.3071
853 11 66 0.3543
864 11 61 0.3071
875 11 57 0.2913
887 11 54 0.2913
898 11 61 0.315
910 11 63 0.3465
921 11 69 0.3622
932 11 63 0.3465
944 11 61 0.3228
955 11 44 0.2598
967 11 51 0.2756
978 11 54 0.2992
989 11 60 0.3071
1001 11 54 0.2835
1012 11 51 0.2677
1023 11 44 0.2283
1035 11 51 0.2441
1046 11 54 0.2598
1058 11 60 0.2598
1069 11 54 0.2283
1080 11 51 0.2047
1092 11 49 0.1732
1103 11 56 0.1969
1114 11 61 0.2205
1126 11 64 0.2362
1137 11 61 0.2205
1149 11 56 0.2126
1160 11 52 0.2047
1171 11 56 0.2205
1183 11 61 0.2362
1194 11 64 0.2441
1205 11 61 0.2205
1217 11 56 0.2126
1228 11 49 0.2126
1240 11 56 0.2362
1251 11 58 0.2677
1262 11 64 0.2835
1274 11 58 0.2677
1285 11 56 0.2598
1296 11 52 0.2441
1308 11 56 0.2598
1319 11 58 0.2835
1331 11 61 0.2913
1342 11 58 0.2677
1353 11 56 0.252
1365 11 51 0.2362
1376 11 56 0.2677
1387 11 59 0.2913
1399 11 63 0.3071
1410 11 59 0.2992
1422 11 56 0.2756
1433 11 51 0.2992
1444 11 58 0.3228
1456 11 61 0.3543
1467 11 67 0.3622
1478 11 61 0.3465
1490 11 58 0.3228
1501 11 44 0.2598
1513 11 51 0.2756
1524 11 56 0.2913
1535 11 59 0.3071
1547 11 56 0.3071
1558 11 51 0.2913
1569 11 44 0.2598
1581 11 51 0.2756
1592 11 56 0.2992
1604 11 59 0.3071
1615 11 56 0.2756
1626 11 51 0.2598
1638 11 45 0.3071
1649 11 49 0.3228
1660 11 54 0.3386
1672 11 57 0.3543
1683 11 54 0.3465
1695 11 49 0.3307
1706 11 45 0.3307
1717 11 49 0.3465
1729 11 54 0.3543
1740 11 57 0.3543
1751 11 54 0.3543
1763 11 49 0.3465
1774 11 47 0.3465
1786 11 54 0.3622
1797 11 57 0.378
1808 11 59 0.3858
1820 11 57 0.3701
1831 11 54 0.3543
1843 11 40 0.3543
1854 11 47 0.3622
1865 11 52 0.378
1877 11 56 0.3701
1888 11 52 0.3622
1899 11 47 0.3543
1911 11 45 0.3465
1922 11 49 0.3622
1934 11 54 0.378
1945 11 57 0.3858
1956 11 54 0.3701
1968 11 49 0.3543
1979 11 45 0.3543
1990 11 49 0.3622
2002 11 54 0.378
2013 11 57 0.3701
2025 11 54 0.3622
2036 11 49 0.3543
2047 11 47 0.3465
2059 11 51 0.3622
2070 11 57 0.378
2081 11 59 0.3858
2093 11 57 0.3701
2104 11 51 0.3543
2116 11 40 0.3543
2127 11 47 0.3622
2138 11 52 0.378
2150 11 56 0.3701
2161 11 52 0.3622
2172 11 47 0.3543
2184 11 45 0.2362
2195 11 49 0.2598
2207 11 54 0.2677
2218 11 57 0.2756
2229 11 54 0.2677
2241 11 49 0.2677
2252 11 45 0.2677
2263 11 49 0.2677
2275 11 54 0.2835
2286 11 57 0.2835
2298 11 54 0.2756
2309 11 49 0.2677
2320 11 47 0.2677
2332 11 54 0.2913
2343 11 57 0.2992
2354 11 59 0.3071
2366 11 57 0.2992
2377 11 54 0.2992
2389 11 40 0.2913
2400 11 47 0.3071
2411 11 52 0.315
2423 11 56 0.315
2434 11 52 0.315
2445 11 47 0.3071
2457 11 45 0.3071
2468 11 49 0.3307
2480 11 54 0.3386
2491 11 57 0.3543
2502 11 54 0.3386
2514 11 49 0.3307
2525 11 45 0.3307
2536 11 51 0.3465
2548 11 54 0.3543
2559 11 57 0.3465
2571 11 54 0.3465
2582 11 51 0.3307
2593 11 44 0.3307
2605 11 51 0.3465
2616 11 54 0.3543
2627 11 60 0.3307
2639 11 54 0.3307
2650 11 51 0.315
2662 11 44 0.3071
2673 11 51 0.3228
2684 11 54 0.3307
2696 11 60 0.315
2707 11 54 0.3071
2718 11 51 0.2992
2730 11 45 0.2992
2741 11 51 0.3071
2753 11 54 0.315
2764 11 59 0.2992
2775 11 54 0.2992
2787 11 51 0.2835
2798 11 46 0.2756
2810 11 51 0.2913
2821 11 54 0.2992
2832 11 58 0.2835
2844 11 54 0.2756
2855 11 51 0.2677
2866 11 48 0.2677
2878 11 51 0.2677
2889 11 54 0.2756
2901 11 57 0.2677
2912 11 54 0.2677
2923 11 51 0.252
2935 11 48 0.2441
2946 11 51 0.2598
2957 11 54 0.2598
2969 11 57 0.2441
2980 11 54 0.2441
2992 11 51 0.2283
3003 11 45 0.2205
3014 11 51 0.2283
3026 11 54 0.2283
3037 11 59 0.2441
3048 11 54 0.2283
3060 11 51 0.2205
3071 11 46 0.1969
3083 11 51 0.2047
3094 11 54 0.2126
3105 11 58 0.2205
3117 11 54 0.2126
3128 11 51 0.1969
3139 11 47 0.189
3151 11 51 0.2047
3162 11 54 0.2126
3174 11 57 0.2205
3185 11 54 0.2126
3196 11 51 0.1969
3208 11 48 0.1732
3219 11 51 0.1811
3230 11 54 0.189
3242 11 56 0.189
3253 11 54 0.1811
3265 11 51 0.1732
3276 11 49 0.1732
3287 11 56 0.1969
3299 11 61 0.2205
3310 11 64 0.2362
3321 11 61 0.2205
3333 11 56 0.2126
3344 11 52 0.2047
3356 11 56 0.2205
3367 11 61 0.2362
3378 11 64 0.2441
3390 11 61 0.2205
3401 11 56 0.2126
3412 11 49 0.2126
3424 11 56 0.2362
3435 11 61 0.2677
3447 11 64 0.2835
3458 11 61 0.2677
3469 11 56 0.2598
3481 11 52 0.2441
3492 11 56 0.2598
3503 11 61 0.2835
3515 11 64 0.2913
3526 11 61 0.2677
3538 11 56 0.252
3549 11 51 0.2441
3560 11 57 0.2756
3572 11 61 0.3071
3583 11 66 0.3543
3594 11 61 0.3071
3606 11 57 0.2913
3617 11 54 0.2913
3629 11 61 0.315
3640 11 63 0.3465
3651 11 69 0.3622
3663 11 63 0.3465
3674 11 61 0.3228
3686 11 44 0.2598
3697 11 51 0.2835
3708 11 54 0.3071
3720 11 60 0.3228
3731 11 54 0.3071
3742 11 51 0.2913
3754 11 44 0.2598
3765 11 51 0.2756
3777 11 54 0.2992
3788 11 60 0.3071
3799 11 54 0.2756
3811 11 51 0.2598
3822 11 49 0.2205
3833 11 56 0.252
3845 11 61 0.2677
3856 11 64 0.2913
3868 11 61 0.2756
3879 11 56 0.2598
3890 11 52 0.2441
3902 11 56 0.2598
3913 11 61 0.2756
3924 11 64 0.2835
3936 11 61 0.2598
3947 11 56 0.2441
3959 11 54 0.2205
3970 11 61 0.2598
3981 11 63 0.2756
3993 11 69 0.2992
4004 11 63 0.2835
4015 11 61 0.2677
4027 11 56 0.252
4038 11 61 0.2677
4050 11 65 0.2913
4061 11 71 0.3071
4072 11 65 0.2677
4084 11 61 0.2598
4095 11 57 0.2362
4106 11 61 0.2677
4118 11 66 0.2913
4129 11 69 0.315
4141 11 66 0.3071
4152 11 61 0.2756
4163 11 56 0.2677
4175 11 61 0.2835
4186 11 65 0.3071
4197 11 71 0.315
4209 11 65 0.2913
4220 11 61 0.2677
4232 11 57 0.252
4243 11 61 0.2835
4254 11 66 0.3071
4266 11 69 0.3307
4277 11 66 0.315
4288 11 61 0.2992
4300 11 48 0.2835
4311 11 54 0.2992
4323 11 56 0.3228
4334 11 63 0.3307
4345 11 56 0.3071
4357 11 54 0.2913
4368 11 49 0.2756
4379 11 56 0.3071
4391 11 61 0.3386
4402 11 64 0.3543
4414 11 61 0.3465
4425 11 56 0.3307
4436 11 51 0.3465
4448 11 56 0.3228
4459 11 60 0.3543
4470 11 66 0.3622
4482 11 60 0.3465
4493 11 56 0.3228
4505 11 52 0.2756
4516 11 56 0.3071
4527 11 61 0.3386
4539 11 64 0.3543
4550 11 61 0.3465
4562 11 56 0.3307
4573 11 54 0.3465
4584 11 61 0.3228
4596 11 63 0.3543
4607 11 69 0.3622
4618 11 63 0.378
4630 11 61 0.4016
4641 17 68 0.5591
4641 17 64 0.5591
4641 17 61 0.5591
4641 17 56 0.5591
4709 34 69 0.5591
4709 34 64 0.5591
4709 34 61 0.5591
4709 34 55 0.5591
4914 8 32 0.6142
4914 8 44 0.6142
4948 34 76 0.5906
4948 34 64 0.5906
4982 34 61 0.6142
4982 34 73 0.6142
5017 34 56 0.6142
5017 34 68 0.6142
5051 34 52 0.6142
5051 34 64 0.6142
5085 34 49 0.5827
5085 34 61 0.5827
5119 34 44 0.6142
5119 34 56 0.6142
5153 34 40 0.5827
5153 34 52 0.5827
5187 34 37 0.6142
5187 34 49 0.6142
5221 34 32 0.5748
5221 34 44 0.5748
5255 34 32 0.6142
5255 34 44 0.6142
5290 34 33 0.5827
5290 34 45 0.5827
5324 34 32 0.6142
5324 34 44 0.6142
5358 34 31 0.5669
5358 34 43 0.5669
5392 68 32 0.5433
5392 68 44 0.5433
5460 11 37 0.748
5472 11 44 0.4331
5483 11 49 0.4409
5494 11 53 0.4409
5506 11 56 0.4567
5517 11 61 0.4646
5529 11 65 0.4646
5540 11 61 0.4488
5551 11 56 0.4094
5563 11 53 0.3858
5574 11 49 0.3622
5585 11 44 0.3228
5597 11 37 0.315
5608 11 44 0.3228
5620 11 49 0.3307
5631 11 53 0.3386
5642 11 56 0.3465
5654 11 61 0.3543
5665 11 65 0.3543
5676 11 61 0.3543
5688 11 56 0.3465
5699 11 53 0.3386
5711 11 49 0.3307
5722 22 44 0.3228
5733 11 37 0.1969
5745 11 56 0.2047
5756 11 60 0.2126
5767 11 63 0.2205
5779 11 60 0.2205
5790 11 56 0.2126
5802 11 49 0.2126
5813 11 56 0.2126
5824 11 60 0.2205
5836 11 66 0.2205
5847 11 60 0.2126
5858 11 56 0.2047
5870 11 49 0.2126
5881 11 56 0.2205
5893 11 61 0.2205
5904 11 65 0.2283
5915 11 61 0.2362
5927 11 56 0.2205
5938 11 49 0.2126
5949 11 56 0.2205
5961 11 65 0.2283
5984 11 65 0.2362
5995 11 56 0.2283
6006 11 66 0.2362
6018 11 63 0.2047
6029 11 56 0.2047
6040 11 65 0.2362
6052 11 61 0.2047
6063 11 56 0.2047
6075 11 63 0.2362
6086 11 60 0.1811
6097 11 56 0.1811
6109 11 61 0.2283
6120 11 56 0.189
6131 11 53 0.189
6143 11 44 0.2047
6154 11 51 0.2126
6166 11 56 0.2126
6177 11 60 0.2205
6188 11 56 0.2126
6200 11 51 0.2126
6211 11 42 0.2126
6222 11 54 0.2126
6234 11 58 0.2205
6245 11 61 0.2283
6257 11 58 0.2205
6268 11 54 0.2205
6279 11 46 0.2126
6291 11 53 0.2126
6302 11 58 0.2205
6313 11 62 0.2205
6325 11 58 0.2205
6336 11 53 0.2126
6348 11 46 0.2205
6359 11 58 0.2283
6370 11 62 0.2362
6382 11 68 0.2598
6393 11 62 0.2441
6405 11 58 0.2283
6416 11 51 0.2677
6427 11 66 0.2441
6439 11 58 0.2205
6450 11 53 0.252
6461 11 65 0.2362
6473 11 57 0.2205
6484 11 54 0.2441
6496 11 63 0.2205
6507 11 58 0.2283
6518 11 56 0.2362
6530 11 66 0.2126
6541 11 60 0.2126
6552 11 49 0.1969
6564 11 56 0.2126
6575 11 61 0.2283
6587 11 65 0.2362
6598 11 61 0.2283
6609 11 56 0.2126
6621 11 51 0.2126
6632 11 55 0.2205
6643 11 61 0.2283
6655 11 63 0.2362
6666 11 61 0.2283
6678 11 55 0.2126
6689 11 44 0.1811
6700 11 51 0.1969
6712 11 56 0.2126
6723 11 60 0.2205
6734 11 56 0.2126
6746 11 51 0.2126
6757 11 44 0.1969
6769 11 51 0.1969
6780 11 54 0.2126
6791 11 58 0.2205
6803 11 54 0.2047
6814 11 51 0.1969
6825 11 44 0.189
6837 11 51 0.2047
6848 11 56 0.2126
6860 11 60 0.2205
6871 11 56 0.2205
6882 11 51 0.2126
6894 11 44 0.2126
6905 11 56 0.2126
6916 11 60 0.2205
6928 11 66 0.2205
6939 11 60 0.2126
6951 11 58 0.2047
6962 11 49 0.2126
6973 11 56 0.2205
6985 11 61 0.2205
6996 11 65 0.2283
7007 11 61 0.2362
7019 11 56 0.2205
7030 11 49 0.2126
7042 11 56 0.2205
7053 11 65 0.2283
7076 11 65 0.2362
7087 11 56 0.2283
7098 11 66 0.2362
7110 11 63 0.2047
7121 11 56 0.2047
7133 11 65 0.2362
7144 11 61 0.2047
7155 11 56 0.2047
7167 11 63 0.2362
7178 11 60 0.1811
7189 11 56 0.1811
7201 11 61 0.2283
7212 11 56 0.189
7224 11 53 0.189
7235 11 44 0.2047
7246 11 51 0.2126
7258 11 56 0.2126
7269 11 60 0.2205
7281 11 56 0.2126
7292 11 51 0.2126
7303 11 42 0.2126
7315 11 54 0.2126
7326 11 58 0.2205
7337 11 61 0.2283
7349 11 58 0.2205
7360 11 54 0.2205
7372 11 46 0.2126
7383 11 53 0.2126
7394 11 58 0.2205
7406 11 62 0.2205
7417 11 58 0.2205
7428 11 53 0.2126
7440 11 46 0.2205
7451 11 58 0.2283
7463 11 62 0.2362
7474 11 68 0.2598
7485 11 62 0.2441
7497 11 58 0.2283
7508 11 51 0.2677
7519 11 66 0.2441
7531 11 58 0.2205
7542 11 53 0.252
7554 11 65 0.2362
7565 11 57 0.2205
7576 11 54 0.2441
7588 11 63 0.2205
7599 11 58 0.2283
7610 11 56 0.2362
7622 11 66 0.2126
7633 11 60 0.2126
7645 11 49 0.1969
7656 11 56 0.2126
7667 11 61 0.2283
7679 11 65 0.2362
7690 11 61 0.2283
7701 11 56 0.2126
7713 11 49 0.2126
7724 11 56 0.2205
7736 11 60 0.2283
7747 11 66 0.2362
7758 11 60 0.2283
7770 11 56 0.2126
7781 11 49 0.2126
7792 11 56 0.2205
7804 11 60 0.2362
7815 11 66 0.2441
7827 11 60 0.2362
7838 11 56 0.2205
7849 11 49 0.2126
7861 11 56 0.2126
7872 11 61 0.2205
7883 11 65 0.2362
7895 11 61 0.2205
7906 11 56 0.2126
7918 11 44 0.2677
7929 11 51 0.2598
7940 11 56 0.2677
7952 11 60 0.2677
7963 11 56 0.2598
7974 11 51 0.252
7986 11 44 0.2441
7997 11 51 0.2598
8009 11 55 0.2677
8020 11 61 0.2677
8031 11 55 0.2598
8043 11 51 0.2362
8054 11 44 0.2835
8065 11 51 0.2362
8077 11 56 0.252
8088 11 60 0.2598
8100 11 56 0.252
8111 11 51 0.2362
8122 11 49 0.2126
8134 11 56 0.2283
8145 11 61 0.2362
8156 11 64 0.2441
8168 11 61 0.2362
8179 11 56 0.2283
8191 11 39 0.2677
8202 11 51 0.2598
8213 11 56 0.2677
8225 11 60 0.2677
8236 11 56 0.2598
8248 11 51 0.252
8259 11 39 0.2441
8270 11 51 0.2598
8282 11 55 0.2677
8293 11 61 0.2677
8304 11 55 0.2598
8316 11 51 0.2362
8327 11 44 0.2677
8339 11 51 0.2362
8350 11 56 0.252
8361 11 60 0.2598
8373 11 56 0.252
8384 11 51 0.2362
8395 11 42 0.1496
8407 11 54 0.1575
8418 11 58 0.1732
8430 11 61 0.1732
8441 11 58 0.1575
8452 11 54 0.1575
8464 11 44 0.1654
8475 11 56 0.1732
8486 11 60 0.1732
8498 11 63 0.1811
8509 11 60 0.1811
8521 11 56 0.1732
8532 11 49 0.1732
8543 11 56 0.1811
8555 11 60 0.1969
8566 11 66 0.2126
8577 11 60 0.2047
8589 11 56 0.1969
8600 11 49 0.2126
8612 11 56 0.2205
8623 11 61 0.2205
8634 11 65 0.2283
8646 11 61 0.2362
8657 11 56 0.2205
8668 11 49 0.2126
8680 11 56 0.2205
8691 11 65 0.2283
8714 11 65 0.2362
8725 11 56 0.2283
8737 11 66 0.2362
8748 11 63 0.2047
8759 11 56 0.2047
8771 11 65 0.2362
8782 11 61 0.2047
8794 11 56 0.2047
8805 11 63 0.2362
8816 11 60 0.1811
8828 11 56 0.1811
8839 11 61 0.2283
8850 11 56 0.189
8862 11 53 0.189
8873 11 44 0.2047
8885 11 51 0.2126
8896 11 56 0.2126
8907 11 60 0.2205
8919 11 56 0.2126
8930 11 51 0.2126
8941 11 42 0.2126
8953 11 54 0.2126
8964 11 58 0.2205
8976 11 61 0.2283
8987 11 58 0.2205
8998 11 54 0.2205
9010 11 46 0.2126
9021 11 53 0.2126
9032 11 58 0.2205
9044 11 62 0.2205
9055 11 58 0.2205
9067 11 53 0.2126
9078 11 46 0.2205
9089 11 58 0.2283
9101 11 62 0.2362
9112 11 68 0.2598
9124 11 62 0.2441
9135 11 58 0.2283
9146 11 51 0.2677
9158 11 66 0.2441
9169 11 58 0.2205
9180 11 53 0.252
9192 11 65 0.2362
9203 11 57 0.2205
9215 11 54 0.2441
9226 11 63 0.2205
9237 11 58 0.2283
9249 11 56 0.2362
9260 11 66 0.2126
9271 11 60 0.2126
9283 11 49 0.1969
9294 11 56 0.2126
9306 11 61 0.2283
9317 11 65 0.2362
9328 11 61 0.2283
9340 11 56 0.2126
9351 11 49 0.2126
9362 11 56 0.2205
9374 11 60 0.2283
9385 11 66 0.2362
9397 11 60 0.2283
9408 11 56 0.2126
9419 11 49 0.2126
9431 11 56 0.2205
9442 11 60 0.2362
9453 11 66 0.2441
9465 11 60 0.2362
9476 11 56 0.2205
9488 11 49 0.2126
9499 11 56 0.2126
9510 11 61 0.2205
9522 11 65 0.2362
9533 11 61 0.2205
9544 11 56 0.2126
9556 11 44 0.2677
9567 11 51 0.2598
9579 11 56 0.2677
9590 11 60 0.2677
9601 11 56 0.2598
9613 11 51 0.252
9624 11 44 0.2441
9635 11 51 0.2598
9647 11 55 0.2677
9658 11 61 0.2677
9670 11 55 0.2598
9681 11 51 0.2362
9692 11 44 0.2835
9704 11 51 0.2362
9715 11 56 0.252
9726 11 60 0.2598
9738 11 56 0.252
9749 11 51 0.2362
9761 11 49 0.2126
9772 11 56 0.2283
9783 11 61 0.2362
9795 11 64 0.2441
9806 11 61 0.2362
9817 11 56 0.2283
9829 11 39 0.2677
9840 11 51 0.2598
9852 11 56 0.2677
9863 11 60 0.2677
9874 11 56 0.2598
9886 11 51 0.252
9897 11 39 0.2441
9908 11 51 0.2598
9920 11 55 0.2677
9931 11 61 0.2677
9943 11 55 0.2598
9954 11 51 0.2362
9965 11 44 0.2677
9977 11 51 0.2362
9988 11 56 0.252
10000 11 60 0.2598
10011 11 56 0.252
10022 11 51 0.2362
10034 11 42 0.1496
10045 11 54 0.1575
10056 11 58 0.1732
10068 11 61 0.1732
10079 11 58 0.1575
10091 11 54 0.1575
10102 11 44 0.1654
10113 11 51 0.1732
10125 11 56 0.1732
10136 11 60 0.1811
10147 11 56 0.1811
10159 11 51 0.1732
10170 11 44 0.1732
10182 11 56 0.1811
10193 11 60 0.1969
10204 11 66 0.2126
10216 11 60 0.2047
10227 11 58 0.1969
10238 11 49 0.2126
10250 11 56 0.2205
10261 11 61 0.2205
10273 11 65 0.2283
10284 11 61 0.2362
10295 11 56 0.2205
10307 11 49 0.2126
10318 11 56 0.2205
10329 11 65 0.2283
10352 11 65 0.2362
10364 11 56 0.2283
10375 11 66 0.2362
10386 11 63 0.2047
10398 11 56 0.2047
10409 11 65 0.2362
10420 11 61 0.2047
10432 11 56 0.2047
10443 11 63 0.2362
10455 11 60 0.1811
10466 11 56 0.1811
10477 11 61 0.2283
10489 11 56 0.189
10500 11 53 0.189
10511 11 44 0.2047
10523 11 51 0.2126
10534 11 56 0.2126
10546 11 60 0.2205
10557 11 56 0.2126
10568 11 51 0.2126
10580 11 42 0.2126
10591 11 54 0.2126
10602 11 58 0.2205
10614 11 61 0.2283
10625 11 58 0.2205
10637 11 54 0.2205
10648 11 46 0.2126
10659 11 53 0.2126
10671 11 58 0.2205
10682 11 62 0.2205
10693 11 58 0.2205
10705 11 53 0.2126
10716 11 46 0.2205
10728 11 58 0.2283
10739 11 62 0.2362
10750 11 68 0.2598
10762 11 62 0.2441
10773 11 58 0.2283
10784 11 51 0.2677
10796 11 66 0.2441
10807 11 58 0.2205
10819 11 53 0.2441
10830 11 65 0.2205
10841 11 57 0.2205
10853 11 54 0.2362
10864 11 63 0.1969
10875 11 58 0.1969
10887 11 56 0.2362
10898 11 66 0.2126
10910 11 60 0.2126
10921 11 49 0.1732
10932 11 56 0.1811
10944 11 61 0.2047
10955 11 65 0.2126
10967 11 61 0.2047
10978 11 56 0.1811
10989 11 49 0.1811
11001 11 56 0.189
11012 11 60 0.2047
11023 11 66 0.2126
11035 11 60 0.2047
11046 11 56 0.1811
11058 11 49 0.1575
11069 11 56 0.1654
11080 11 60 0.1732
11092 11 66 0.189
11103 11 60 0.1732
11114 11 56 0.1732
11126 11 49 0.1575
11137 11 56 0.1654
11149 11 60 0.1732
11160 11 66 0.1732
11171 11 60 0.1732
11183 11 56 0.1654
11194 11 49 0.1732
11205 11 56 0.1969
11217 11 61 0.2205
11228 11 64 0.2362
11240 11 61 0.2205
11251 11 56 0.2126
11262 11 52 0.2047
11274 11 56 0.2205
11285 11 61 0.2362
11296 11 64 0.2441
11308 11 61 0.2205
11319 11 56 0.2126
11331 11 49 0.2126
11342 11 56 0.2362
11353 11 61 0.2677
11365 11 64 0.2835
11376 11 61 0.2677
11387 11 56 0.2598
11399 11 52 0.2441
11410 11 56 0.2598
11422 11 61 0.2835
11433 11 64 0.2913
11444 11 61 0.2677
11456 11 56 0.252
11467 11 51 0.2441
11478 11 57 0.2756
11490 11 61 0.3071
11501 11 66 0.3543
11513 11 61 0.3071
11524 11 57 0.2913
11535 11 54 0.2913
11547 11 61 0.315
11558 11 63 0.3465
11569 11 69 0.3622
11581 11 63 0.3465
11592 11 61 0.3228
11604 11 44 0.2598
11615 11 51 0.2756
11626 11 54 0.2992
11638 11 60 0.3071
11649 11 54 0.2835
11660 11 51 0.2677
11672 11 44 0.2283
11683 11 51 0.2441
11695 11 54 0.2598
11706 11 60 0.2598
11717 11 54 0.2283
11729 11 51 0.2047
11740 11 49 0.1732
11751 11 56 0.1969
11763 11 61 0.2205
11774 11 64 0.2362
11786 11 61 0.2205
11797 11 56 0.2126
11808 11 52 0.2047
11820 11 56 0.2205
11831 11 61 0.2362
11843 11 64 0.2441
11854 11 61 0.2205
11865 11 56 0.2126
11877 11 49 0.2126
11888 11 56 0.2362
11899 11 58 0.2677
11911 11 64 0.2835
11922 11 58 0.2677
11934 11 56 0.2598
11945 11 52 0.2441
11956 11 56 0.2598
11968 11 58 0.2835
11979 11 61 0.2913
11990 11 58 0.2677
12002 11 56 0.252
12013 11 51 0.2362
12025 11 56 0.2677
12036 11 59 0.2913
12047 11 63 0.3071
12059 11 59 0.2992
12070 11 56 0.2756
12081 11 51 0.2992
12093 11 58 0.3228
12104 11 61 0.3543
12116 11 67 0.3622
12127 11 61 0.3465
12138 11 58 0.3228
12150 11 44 0.2598
12161 11 51 0.2756
12172 11 56 0.2913
12184 11 59 0.3071
12195 11 56 0.3071
12207 11 51 0.2913
12218 11 44 0.2598
12229 11 51 0.2756
12241 11 56 0.2992
12252 11 59 0.3071
12263 11 56 0.2756
12275 11 51 0.2598
12286 11 45 0.3071
12298 11 49 0.3228
12309 11 54 0.3386
12320 11 57 0.3543
12332 11 54 0.3465
12343 11 49 0.3307
12354 11 45 0.3307
12366 11 49 0.3465
12377 11 54 0.3543
12389 11 57 0.3543
12400 11 54 0.3543
12411 11 49 0.3465
12423 11 51 0.3465
12434 11 54 0.3622
12445 11 57 0.378
12457 11 59 0.3858
12468 11 57 0.3701
12480 11 54 0.3543
12491 11 40 0.3543
12502 11 47 0.3622
12514 11 52 0.378
12525 11 56 0.3701
12536 11 52 0.3622
12548 11 47 0.3543
12559 11 45 0.3465
12571 11 49 0.3622
12582 11 54 0.378
12593 11 57 0.3858
12605 11 54 0.3701
12616 11 49 0.3543
12627 11 45 0.3543
12639 11 49 0.3622
12650 11 54 0.378
12662 11 57 0.3701
12673 11 54 0.3622
12684 11 49 0.3543
12696 11 47 0.3465
12707 11 51 0.3622
12719 11 57 0.378
12730 11 59 0.3858
12741 11 57 0.3701
12753 11 51 0.3543
12764 11 40 0.3543
12775 11 47 0.3622
12787 11 52 0.378
12798 11 56 0.3701
12810 11 52 0.3622
12821 11 47 0.3543
12832 11 45 0.2362
12844 11 49 0.2598
12855 11 54 0.2677
12866 11 57 0.2756
12878 11 54 0.2677
12889 11 49 0.2677
12901 11 45 0.2677
12912 11 49 0.2677
12923 11 54 0.2835
12935 11 57 0.2835
12946 11 54 0.2756
12957 11 49 0.2677
12969 11 47 0.2677
12980 11 54 0.2913
12992 11 57 0.2992
13003 11 59 0.3071
13014 11 57 0.2992
13026 11 54 0.2992
13037 11 40 0.2913
13048 11 47 0.3071
13060 11 52 0.315
13071 11 56 0.315
13083 11 52 0.315
13094 11 47 0.3071
13105 11 45 0.3071
13117 11 49 0.3307
13128 11 54 0.3386
13139 11 57 0.3543
13151 11 54 0.3386
13162 11 49 0.3307
13174 11 45 0.3307
13185 11 51 0.3465
13196 11 54 0.3543
13208 11 57 0.3465
13219 11 54 0.3465
13230 11 51 0.3307
13242 11 44 0.3307
13253 11 51 0.3465
13265 11 54 0.3543
13276 11 60 0.3307
13287 11 54 0.3307
13299 11 51 0.315
13310 11 44 0.3071
13321 11 51 0.3228
13333 11 54 0.3307
13344 11 60 0.315
13356 11 54 0.3071
13367 11 51 0.2992
13378 11 45 0.2992
13390 11 51 0.3071
13401 11 54 0.315
13412 11 59 0.2992
13424 11 54 0.2992
13435 11 51 0.2835
13447 11 46 0.2756
13458 11 51 0.2913
13469 11 54 0.2992
13481 11 58 0.2835
13492 11 54 0.2756
13503 11 51 0.2677
13515 11 48 0.2677
13526 11 51 0.2677
13538 11 54 0.2756
13549 11 57 0.2677
13560 11 54 0.2677
13572 11 51 0.252
13583 11 48 0.2441
13594 11 51 0.2598
13606 11 54 0.2598
13617 11 57 0.2441
13629 11 54 0.2441
13640 11 51 0.2283
13651 11 45 0.2205
13663 11 51 0.2283
13674 11 54 0.2362
13686 11 59 0.252
13697 11 54 0.2441
13708 11 51 0.2283
13720 11 46 0.2126
13731 11 51 0.2205
13742 11 54 0.2283
13754 11 58 0.2362
13765 11 54 0.2283
13777 11 51 0.2205
13788 11 47 0.2205
13799 11 51 0.2205
13811 11 54 0.2205
13822 11 57 0.2362
13833 11 54 0.2205
13845 11 51 0.2126
13856 11 48 0.1811
13868 11 51 0.189
13879 11 54 0.1969
13890 11 56 0.1969
13902 11 54 0.189
13913 11 51 0.1732
13924 11 49 0.1732
13936 11 56 0.1969
13947 11 61 0.2205
13959 11 64 0.2362
13970 11 61 0.2205
13981 11 56 0.2126
13993 11 52 0.2047
14004 11 56 0.2205
14015 11 61 0.2362
14027 11 64 0.2441
14038 11 61 0.2205
14050 11 56 0.2126
14061 11 49 0.2126
14072 11 56 0.2362
14084 11 61 0.2677
14095 11 64 0.2835
14106 11 61 0.2677
14118 11 56 0.2598
14129 11 52 0.2441
14141 11 56 0.2598
14152 11 61 0.2835
14163 11 64 0.2913
14175 11 61 0.2677
14186 11 56 0.252
14197 11 51 0.2441
14209 11 57 0.2756
14220 11 61 0.3071
14232 11 66 0.3543
14243 11 61 0.3071
14254 11 57 0.2913
14266 11 54 0.2913
14277 11 61 0.315
14288 11 63 0.3465
14300 11 69 0.3622
14311 11 63 0.3465
14323 11 61 0.3228
14334 11 44 0.2598
14345 11 51 0.2756
14357 11 54 0.2992
14368 11 60 0.3071
14379 11 54 0.2835
14391 11 51 0.2677
14402 11 44 0.2283
14414 11 51 0.2441
14425 11 54 0.2598
14436 11 60 0.2598
14448 11 54 0.2283
14459 11 51 0.2047
14470 11 49 0.1732
14482 11 56 0.1969
14493 11 61 0.2205
14505 11 64 0.2362
14516 11 61 0.2205
14527 11 56 0.2126
14539 11 52 0.2047
14550 11 56 0.2205
14562 11 61 0.2362
14573 11 64 0.2441
14584 11 61 0.2205
14596 11 56 0.2126
14607 11 54 0.1969
14618 11 61 0.2283
14630 11 63 0.252
14641 11 69 0.2677
14653 11 63 0.2598
14664 11 61 0.2441
14675 11 56 0.2362
14687 11 61 0.252
14698 11 65 0.2756
14709 11 71 0.2913
14721 11 65 0.2677
14732 11 61 0.252
14744 11 57 0.2362
14755 11 61 0.2677
14766 11 66 0.2913
14778 11 69 0.315
14789 11 66 0.3071
14800 11 61 0.2756
14812 11 56 0.2677
14823 11 61 0.2835
14835 11 65 0.3071
14846 11 71 0.315
14857 11 65 0.2913
14869 11 61 0.2677
14880 11 57 0.252
14891 11 61 0.2835
14903 11 66 0.3071
14914 11 69 0.3307
14926 11 66 0.315
14937 11 61 0.2992
14948 11 48 0.2835
14960 11 54 0.2992
14971 11 56 0.3228
14982 11 63 0.3307
14994 11 56 0.3071
15005 11 54 0.2913
15017 11 49 0.2756
15028 11 56 0.3071
15039 11 61 0.3386
15051 11 64 0.3543
15062 11 61 0.3465
15073 11 56 0.3307
15085 11 51 0.3465
15096 11 56 0.3228
15108 11 60 0.3543
15119 11 66 0.3622
15130 11 60 0.3465
15142 11 56 0.3228
15153 11 52 0.2756
15164 11 56 0.3071
15176 11 61 0.3386
15187 11 64 0.3543
15199 11 61 0.3465
15210 11 56 0.3307
15221 11 54 0.3465
15233 11 61 0.3228
15244 11 63 0.3543
15255 11 69 0.3622
15267 11 63 0.378
15278 11 61 0.4016
15290 17 68 0.5591
15290 17 64 0.5591
15290 17 61 0.5591
15290 17 56 0.5591
15358 34 69 0.5591
15358 34 64 0.5591
15358 34 61 0.5591
15358 34 55 0.5591
15563 8 32 0.6142
15563 8 44 0.6142
15597 34 76 0.5906
15597 34 64 0.5906
15631 34 61 0.6142
15631 34 73 0.6142
15665 34 56 0.6142
15665 34 68 0.6142
15699 34 52 0.6142
15699 34 64 0.6142
15733 34 49 0.5827
15733 34 61 0.5827
15767 34 44 0.6142
15767 34 56 0.6142
15802 34 40 0.5827
15802 34 52 0.5827
15836 34 37 0.6142
15836 34 49 0.6142
15870 34 32 0.5748
15870 34 44 0.5748
15904 34 32 0.6142
15904 34 44 0.6142
15938 34 33 0.5827
15938 34 45 0.5827
15972 34 32 0.6142
15972 34 44 0.6142
16006 34 31 0.5669
16006 34 43 0.5669
16040 68 32 0.5433
16040 68 44 0.5433
16109 17 37 0.7323
16126 17 52 0.4409
16143 17 49 0.4567
16160 17 44 0.4567
16177 17 37 0.4961
16194 17 54 0.4567
16211 17 48 0.4567
16228 17 44 0.4567
16245 17 37 0.4961
16262 17 52 0.4567
16279 17 49 0.4567
16296 17 44 0.4567
16313 17 37 0.3701
16331 17 54 0.3386
16348 17 48 0.3386
16365 17 44 0.3386
16382 17 37 0.3701
16399 17 52 0.3386
16416 17 49 0.4567
16433 17 44 0.4567
16450 17 37 0.4961
16467 17 54 0.4567
16484 17 48 0.4567
16501 17 44 0.4567
16518 17 37 0.4961
16535 17 52 0.4567
16552 17 49 0.4567
16569 17 44 0.4567
16587 17 37 0.3701
16604 17 54 0.2835
16621 17 48 0.2835
16638 17 44 0.2835
16655 17 37 0.3071
16672 17 52 0.2835
16689 17 49 0.2835
16706 17 44 0.2835
16723 17 37 0.3071
16740 17 56 0.2835
16757 17 49 0.2835
16774 17 44 0.2835
16791 17 37 0.3071
16808 17 52 0.2835
16825 17 49 0.2835
16843 17 44 0.2835
16860 17 37 0.3071
16877 17 56 0.2835
16894 17 49 0.2835
16911 17 44 0.2835
16928 17 37 0.3071
16945 17 52 0.2756
16962 17 49 0.2756
16979 17 44 0.2677
16996 17 37 0.2992
17013 17 52 0.2677
17030 17 49 0.2598
17047 17 44 0.2598
17064 17 37 0.2756
17081 17 52 0.2441
17098 17 49 0.2441
17116 17 44 0.2362
17133 17 37 0.2677
17150 17 52 0.2362
17167 17 49 0.2283
17184 17 44 0.2283
17201 34 37 0.2441
17474 136 37 0.3071
17474 136 44 0.378
17610 34 46 0.3701
17645 34 44 0.3937
17679 34 49 0.4094
17713 34 51 0.4409
17747 136 53 0.4567
17883 136 56 0.4724
18020 68 54 0.4409
18088 68 53 0.4409
18157 68 51 0.4488
18225 34 53 0.4409
18259 34 49 0.378
18293 136 44 0.4173
18430 136 32 0.3937
18430 136 44 0.3937
18566 136 37 0.2598
18570 132 44 0.2835
18703 136 37 0.2441
18707 132 44 0.2913
