60 119 80 0.3386
60 119 77 0.2835
179 120 77 0.3071
179 120 73 0.2598
300 29 72 0.2441
300 29 75 0.2913
330 29 73 0.2126
330 29 77 0.252
359 210 75 0.2362
359 210 72 0.1969
570 29 73 0.315
570 29 70 0.2677
600 29 75 0.2677
600 29 72 0.2205
630 210 70 0.2126
630 45 73 0.252
675 89 77 0.3622
765 75 73 0.3543
840 29 72 0.2677
840 29 68 0.2205
869 30 70 0.2047
869 30 73 0.2441
900 209 72 0.2126
900 209 68 0.1732
1080 180 66 0.2598
1110 30 70 0.3071
1140 29 72 0.2835
1170 30 70 0.2835
1200 29 75 0.3071
1230 30 70 0.2913
1260 30 68 0.315
1260 90 66 0.2205
1290 29 70 0.2913
1320 59 68 0.2835
1350 179 63 0.2362
1380 30 66 0.2677
1410 29 68 0.2598
1439 90 66 0.2598
1530 90 63 0.2362
1530 120 65 0.2677
1620 180 61 0.2205
1650 30 65 0.2992
1680 29 66 0.2913
1709 30 65 0.2913
1739 30 70 0.3071
1770 30 65 0.2913
1800 30 63 0.3071
1830 29 65 0.2913
1859 60 63 0.2913
1889 180 58 0.2205
1920 30 61 0.2677
1950 30 63 0.2677
1980 89 61 0.2677
2070 89 56 0.1732
2070 89 60 0.2126
2190 30 56 0.2205
2190 30 53 0.1811
2250 89 80 0.3071
2250 89 77 0.2598
2340 119 73 0.2283
2340 119 77 0.2756
2460 240 66 0.2126
2460 30 75 0.3307
2460 240 70 0.2126
2490 30 77 0.2913
2520 210 75 0.2441
2730 29 73 0.3071
2730 59 68 0.3071
2730 29 61 0.2598
2760 30 75 0.315
2760 30 63 0.2677
2790 89 68 0.2677
2790 89 73 0.2677
2790 89 80 0.315
2879 90 73 0.252
2879 90 65 0.252
2879 120 77 0.2992
3000 29 75 0.3307
3000 239 66 0.2126
3000 239 70 0.2126
3029 30 77 0.2913
3060 90 75 0.2441
3150 119 73 0.2913
3269 60 68 0.2598
3269 30 73 0.3071
3269 30 61 0.2598
3300 29 63 0.2677
3300 29 75 0.315
3329 45 70 0.315
3329 45 82 0.378
3329 180 77 0.3543
3375 89 80 0.3622
3375 89 68 0.3071
3465 75 65 0.2913
3465 75 77 0.3465
3540 239 65 0.252
3540 29 75 0.315
3540 239 70 0.252
3569 30 77 0.2913
3600 44 75 0.2598
3644 90 73 0.2913
3735 44 70 0.2598
3825 104 82 0.2913
3825 135 77 0.2913
3825 135 89 0.315
3900 29 87 0.3071
3900 57 82 0.2835
3900 29 75 0.2835
3929 30 82 0.2835
3929 27 87 0.3071
3929 27 75 0.2835
3960 29 75 0.2992
3960 29 87 0.3228
3960 29 82 0.2992
3990 29 82 0.2913
3990 29 73 0.2913
3990 29 85 0.315
4019 27 73 0.2913
4019 27 85 0.315
4019 27 82 0.2913
4050 29 85 0.3228
4050 29 73 0.2992
4050 29 82 0.2992
4079 30 82 0.2835
4079 30 78 0.2835
4079 30 72 0.2835
4079 30 84 0.3071
4110 27 72 0.2835
4110 27 82 0.2835
4110 27 84 0.3071
4110 27 78 0.2835
4140 45 84 0.3071
4140 45 72 0.2835
4140 45 82 0.2835
4140 45 78 0.2835
4185 44 82 0.2598
4185 44 73 0.2598
4185 44 85 0.2835
4230 89 70 0.2598
4230 89 82 0.2835
4230 89 78 0.2598
4365 104 82 0.3622
4365 132 89 0.378
4365 132 77 0.3622
4440 29 78 0.315
4440 29 90 0.3307
4440 57 82 0.315
4470 30 82 0.2913
4470 30 89 0.2992
4470 30 77 0.2913
4500 27 87 0.315
4500 27 75 0.3071
4500 27 82 0.3071
4530 30 77 0.2992
4530 30 89 0.3071
4530 30 82 0.2992
4560 29 82 0.2992
4560 29 87 0.3071
4560 29 75 0.2992
4590 27 85 0.315
4590 27 82 0.3071
4590 27 73 0.3071
4620 30 82 0.2913
4620 30 75 0.2913
4620 30 87 0.2992
4650 27 73 0.2913
4650 27 82 0.2913
4650 27 85 0.2992
4680 41 82 0.2913
4680 41 72 0.2913
4680 41 84 0.2992
4721 3 87 0.3386
4725 44 85 0.2913
4725 44 73 0.2677
4725 44 82 0.2677
4770 135 70 0.2598
4770 135 78 0.2598
4770 135 82 0.2756
4905 45 78 0.4016
4905 45 66 0.3858
4950 44 75 0.3543
4950 44 80 0.3701
4950 44 68 0.3543
4995 45 72 0.3858
4995 45 84 0.4016
5040 45 70 0.3622
5040 45 82 0.378
5040 45 78 0.3622
5085 44 66 0.3465
5085 44 78 0.3622
5160 29 75 0.2835
5160 29 66 0.2835
5160 29 78 0.3071
5160 29 72 0.2835
5190 28 66 0.2835
5190 29 72 0.2835
5190 28 75 0.2835
5190 28 78 0.3071
5220 30 75 0.3071
5220 30 78 0.3307
5220 30 66 0.3071
5220 30 72 0.3071
5250 27 72 0.2913
5250 27 75 0.2913
5250 27 78 0.315
5250 27 66 0.2913
5280 30 80 0.3465
5280 30 72 0.315
5280 30 68 0.315
5280 30 75 0.315
5310 89 66 0.3071
5310 89 78 0.3307
5310 89 72 0.3071
5310 89 75 0.3071
5445 45 66 0.3228
5445 45 78 0.4173
5445 90 73 0.3543
5490 45 68 0.4331
5490 45 80 0.4724
5535 44 85 0.4724
5535 44 73 0.4331
5580 45 70 0.3465
5580 45 82 0.4488
5580 89 78 0.4094
5625 44 78 0.4094
5625 44 66 0.378
5700 29 70 0.3071
5700 29 66 0.3071
5700 29 75 0.3071
5700 29 78 0.3307
5730 29 70 0.3071
5730 28 75 0.3071
5730 28 66 0.3071
5730 28 78 0.3307
5759 30 70 0.3307
5759 30 78 0.3622
5759 30 66 0.3307
5759 30 75 0.3307
5790 27 66 0.315
5790 27 70 0.315
5790 27 75 0.315
5790 27 78 0.3465
5820 30 72 0.3386
5820 30 68 0.3386
5820 30 80 0.3701
5820 30 77 0.3386
5850 89 70 0.3307
5850 89 75 0.3307
5850 89 78 0.3622
5850 89 66 0.3307
5984 45 78 0.4803
5984 90 73 0.3858
5984 90 70 0.3858
5984 45 66 0.4252
6030 45 68 0.4803
6030 45 80 0.5512
6075 44 87 0.5591
6075 44 75 0.4882
6120 45 73 0.378
6120 89 78 0.3858
6120 89 82 0.3858
6120 45 85 0.5118
6165 44 70 0.4488
6165 44 82 0.5118
6240 29 82 0.3937
6240 29 70 0.378
6240 29 78 0.378
6270 28 82 0.3937
6270 28 78 0.378
6270 30 70 0.378
6300 29 82 0.4173
6300 29 70 0.4016
6300 29 78 0.4016
6330 27 70 0.3858
6330 27 82 0.4016
6330 27 78 0.3858
6359 30 80 0.3937
6359 30 72 0.3937
6359 30 84 0.4094
6390 27 78 0.3937
6390 27 70 0.3937
6390 27 82 0.4094
6420 29 82 0.4016
6420 29 73 0.4016
6420 29 85 0.4173
6450 14 87 0.4488
6450 14 75 0.4331
6450 14 82 0.4331
6475 170 80 0.4016
6477 167 85 0.4409
6480 165 92 0.5118
6655 79 80 0.3543
6657 77 85 0.3937
6659 75 92 0.4331
6745 169 80 0.3543
6747 167 85 0.3937
6750 164 92 0.4331
6925 95 68 0.252
6927 92 75 0.2598
6930 90 80 0.3071
7020 179 68 0.315
7020 179 65 0.2913
7200 89 68 0.2835
7200 59 71 0.3071
7259 29 73 0.2913
7289 163 65 0.2913
7289 180 68 0.315
7470 59 68 0.2913
7470 59 71 0.315
7530 29 68 0.315
7559 60 65 0.3307
7559 60 73 0.3622
7620 29 75 0.3465
7620 29 68 0.315
7650 89 77 0.378
7650 89 73 0.3465
7739 60 65 0.3386
7739 60 73 0.3701
7800 29 73 0.3465
7800 29 77 0.378
7830 29 79 0.4173
7830 29 75 0.3858
7859 29 77 0.3701
7859 29 73 0.3386
7889 30 73 0.3701
7889 30 70 0.3386
7920 89 70 0.3071
7920 29 67 0.3386
7920 89 73 0.3307
7950 29 65 0.2835
7980 29 61 0.2677
8009 45 61 0.2992
8055 45 58 0.2835
8100 179 70 0.4094
8280 59 72 0.4016
8340 30 77 0.4409
8340 15 68 0.2992
8354 15 65 0.2992
8371 179 70 0.4094
8551 59 72 0.4409
8611 30 77 0.4724
8612 15 68 0.2992
8626 15 65 0.2992
8640 135 78 0.5039
8745 29 66 0.3622
8760 15 70 0.3622
8775 45 77 0.4567
8790 15 66 0.3622
8805 15 70 0.3622
8820 44 74 0.4567
8835 15 66 0.3622
8850 14 70 0.3622
8865 45 75 0.4724
8880 15 66 0.3858
8895 14 70 0.3858
8910 74 82 0.5276
9090 74 80 0.4016
9180 179 80 0.4016
9180 179 77 0.4016
9360 60 80 0.4488
9360 60 83 0.4488
9420 29 85 0.4724
9450 179 77 0.4488
9450 179 80 0.4488
9630 59 83 0.4882
9630 59 80 0.4882
9690 30 80 0.5512
9720 89 85 0.685
9765 15 73 0.4016
9780 29 80 0.5748
9795 14 76 0.4016
9810 90 88 0.6772
9855 15 76 0.4252
9870 29 85 0.5512
9885 15 80 0.4252
9900 89 92 0.7087
9945 14 80 0.4409
9960 29 88 0.5512
9975 14 83 0.4409
9990 90 92 0.7244
10035 15 80 0.4409
10050 14 85 0.4409
10065 15 81 0.4409
10080 179 90 0.7165
10125 14 78 0.4094
10140 15 85 0.4094
10155 15 81 0.4094
10215 15 78 0.4094
10230 15 85 0.4094
10245 14 81 0.4094
10260 179 90 0.7165
10305 15 78 0.4094
10320 14 85 0.4094
10335 15 81 0.4094
10395 14 78 0.4094
10410 15 85 0.4094
10425 14 81 0.4094
10440 60 93 0.7165
10500 29 97 0.7165
10515 15 85 0.4094
10530 179 78 0.6457
10575 14 66 0.4094
10590 15 73 0.4094
10605 15 69 0.4094
10665 15 66 0.4094
10680 15 73 0.4094
10695 14 69 0.4094
10710 60 81 0.6614
10770 14 76 0.4094
10770 29 85 0.622
10785 15 81 0.4094
10800 29 88 0.622
10800 29 85 0.622
10830 29 87 0.5433
10830 29 83 0.5433
10860 29 85 0.5433
10860 29 81 0.5433
10890 45 80 0.5827
10890 45 83 0.5827
10935 75 78 0.5276
10935 75 81 0.5276
11010 29 80 0.4724
11010 29 76 0.4724
11040 30 78 0.4724
11040 30 75 0.4724
11070 29 73 0.4882
11070 29 76 0.4882
11100 29 75 0.4567
11100 29 71 0.4567
11130 29 69 0.4409
11130 29 73 0.4409
11160 29 71 0.4488
11160 29 68 0.4488
11190 30 66 0.4094
11190 30 69 0.4094
11220 59 68 0.3858
11220 59 64 0.3858
11250 89 57 0.3622
11280 29 66 0.3386
11280 29 63 0.3386
11310 29 61 0.315
11310 29 64 0.315
11340 179 61 0.2913
11340 179 63 0.315
11340 60 54 0.2913
11400 29 56 0.2835
11430 59 58 0.2992
11490 29 61 0.2913
11519 60 66 0.3465
11519 90 60 0.2913
11519 60 63 0.2913
11580 29 63 0.315
11580 29 66 0.2913
11580 29 70 0.3465
11610 179 61 0.2913
11610 179 63 0.315
11610 59 54 0.2913
11669 30 56 0.2677
11700 59 58 0.2992
11760 29 61 0.2913
11790 60 66 0.315
11790 90 60 0.2913
11790 60 63 0.2913
11850 29 63 0.2835
11850 57 66 0.2835
11850 57 70 0.3071
11880 27 61 0.2677
11910 29 68 0.3071
11910 29 77 0.3307
11910 29 72 0.3071
11940 29 70 0.2992
11940 29 75 0.3228
11940 29 66 0.2992
11969 30 61 0.2835
11969 90 66 0.2835
11969 90 70 0.3071
12000 29 58 0.2677
12030 29 61 0.2677
12060 29 58 0.2441
12060 90 68 0.2835
12060 90 66 0.2598
12090 29 60 0.2677
12119 30 63 0.2677
12150 27 66 0.2677
12150 27 70 0.2677
12150 27 61 0.2677
12180 29 68 0.3071
12180 29 77 0.3307
12180 29 72 0.3071
12210 29 66 0.2992
12210 29 75 0.3228
12210 29 70 0.2992
12240 90 66 0.2835
12240 90 70 0.3071
12240 29 61 0.2835
12269 30 58 0.2677
12300 29 61 0.2677
12330 29 58 0.2441
12330 89 68 0.2835
12330 89 66 0.2598
12360 29 60 0.2677
12390 29 63 0.2677
12419 180 75 0.378
12435 15 63 0.252
12450 14 66 0.2677
12465 15 70 0.252
12480 14 66 0.2677
12494 15 63 0.252
12525 14 63 0.252
12540 15 66 0.2835
12555 14 70 0.252
12569 15 66 0.2835
12585 15 63 0.252
12600 59 78 0.4173
12660 29 82 0.3937
12660 15 72 0.2362
12675 14 75 0.252
12690 179 75 0.378
12705 14 63 0.252
12719 15 66 0.2677
12735 15 70 0.252
12750 14 66 0.2677
12765 15 63 0.252
12794 15 63 0.252
12810 15 66 0.2835
12825 15 70 0.252
12840 14 66 0.2835
12854 15 63 0.252
12869 59 78 0.4173
12929 15 72 0.252
12929 30 82 0.4094
12944 15 75 0.252
12960 359 87 0.4094
13004 15 75 0.2835
13019 15 78 0.2598
13035 15 82 0.252
13094 15 75 0.2835
13110 15 78 0.2598
13125 15 84 0.252
13185 15 75 0.2598
13200 15 78 0.252
13215 14 82 0.2441
13275 15 75 0.252
13290 14 78 0.2441
13304 15 81 0.2441
13319 90 85 0.4094
13365 14 75 0.2441
13379 15 78 0.2362
13394 15 83 0.2205
13410 90 87 0.4094
13454 15 75 0.2205
13469 15 78 0.2205
13485 15 81 0.2126
13590 89 89 0.2992
13590 89 92 0.2992
13679 120 89 0.3071
13800 29 84 0.2598
13800 29 87 0.2835
13829 30 89 0.2441
13829 30 85 0.2283
13860 209 87 0.2283
13860 209 84 0.2126
14069 30 82 0.2835
14069 30 85 0.3071
14100 29 84 0.2362
14100 29 87 0.2598
14129 45 85 0.2362
14129 45 82 0.2205
14175 90 89 0.3228
14175 90 85 0.2992
14265 75 85 0.2835
14265 75 82 0.2598
14340 29 84 0.2362
14340 29 80 0.2205
14369 30 82 0.2126
14369 30 85 0.2283
14400 179 84 0.2047
14400 179 80 0.189
14610 30 78 0.2756
14610 30 82 0.2992
14640 29 84 0.2756
14640 29 80 0.252
14669 30 82 0.2756
14669 90 78 0.2283
14700 29 87 0.2992
14729 30 82 0.2835
14760 119 77 0.2283
14760 30 80 0.3071
14790 29 82 0.2835
14819 59 80 0.2756
14879 30 78 0.2598
14879 30 75 0.2362
14910 30 80 0.2441
14910 30 77 0.2283
14940 89 78 0.2441
14940 89 75 0.2283
15029 90 69 0.252
15029 120 77 0.2598
15150 29 77 0.2913
15150 29 73 0.2677
15179 30 75 0.2598
15179 30 78 0.2835
15210 30 77 0.2835
15210 90 73 0.2283
15240 29 82 0.2992
15269 30 77 0.2835
15300 90 73 0.2205
15300 29 75 0.2913
15329 30 77 0.2835
15360 59 75 0.2835
15419 30 73 0.2598
15419 30 70 0.2362
15450 29 75 0.2441
15450 29 72 0.2283
15479 90 73 0.2441
15479 90 70 0.2283
15569 90 72 0.2047
15569 90 68 0.189
15690 29 53 0.2047
15690 29 56 0.2047
15750 90 80 0.2835
15750 90 77 0.2835
15840 119 73 0.2598
15840 119 77 0.2598
15960 240 70 0.1969
15960 30 75 0.3071
15960 240 66 0.1969
15990 29 77 0.2677
16019 209 75 0.2283
16229 60 68 0.2835
16229 30 61 0.2835
16229 30 73 0.2835
16260 30 75 0.2913
16260 30 63 0.2913
16290 89 68 0.2913
16290 89 80 0.2913
16290 89 77 0.2913
16379 90 73 0.2598
16379 120 77 0.2598
16379 90 65 0.2598
16500 240 65 0.1969
16500 240 70 0.1969
16500 29 75 0.3071
16530 30 77 0.2677
16560 90 75 0.2283
16650 90 73 0.2283
16770 30 61 0.2913
16770 59 56 0.2598
16800 29 63 0.315
16830 90 65 0.2598
16830 90 70 0.2913
16830 90 61 0.2598
16920 90 56 0.2126
16920 90 61 0.2126
16920 90 65 0.2441
17040 59 58 0.2598
17040 59 61 0.2598
17040 29 66 0.2913
17070 30 68 0.315
17100 90 66 0.2283
17100 90 70 0.2283
17100 90 73 0.2598
17190 89 70 0.2283
17190 89 61 0.2047
17190 89 66 0.2047
17310 59 60 0.2756
17310 30 70 0.2756
17310 59 66 0.2756
17340 29 72 0.2913
17370 90 72 0.2283
17370 90 77 0.2283
17370 90 68 0.189
17460 90 60 0.1654
17460 90 68 0.1969
17460 90 66 0.1969
17610 15 56 0.1969
17625 15 61 0.1969
17685 15 56 0.2047
17700 15 60 0.2047
17715 14 65 0.2047
17790 14 56 0.2205
17805 15 61 0.2047
17865 14 56 0.2126
17880 15 60 0.2126
17895 15 65 0.2126
17910 90 68 0.2362
17910 90 71 0.2598
18000 90 73 0.2283
18000 90 64 0.2126
18150 15 68 0.1969
18165 14 73 0.1969
18225 15 68 0.2047
18240 14 72 0.2047
18255 15 77 0.2047
18330 15 68 0.2205
18345 15 73 0.2047
18405 15 68 0.2126
18420 15 72 0.2126
18435 15 77 0.2126
18450 90 83 0.2598
18450 179 80 0.2362
18540 89 85 0.2677
18630 90 83 0.2598
18630 270 80 0.2362
18720 90 85 0.2677
18810 90 88 0.2913
18900 269 89 0.2913
18900 269 92 0.315
19166 183 80 0.189
19167 182 85 0.2047
19168 181 89 0.2205
19170 180 92 0.2677
30 240 65 0.2835
30 240 68 0.3386
270 270 69 0.2835
270 270 66 0.2362
540 270 65 0.2598
540 270 68 0.3071
810 269 63 0.252
810 269 66 0.2992
1080 180 63 0.2913
1080 180 61 0.2441
1260 90 60 0.2205
1260 89 63 0.2598
1350 179 58 0.2362
1350 179 61 0.2598
1530 90 57 0.2205
1530 90 60 0.2598
1620 180 56 0.2205
1620 269 58 0.2598
1800 89 54 0.2992
1889 180 53 0.2047
1889 89 56 0.2441
2070 44 51 0.1811
2070 89 54 0.2205
2115 75 44 0.2205
2160 30 37 0.2362
2220 210 65 0.2362
2220 210 68 0.2835
2430 179 42 0.2205
2430 179 49 0.2598
2460 240 61 0.2126
2460 240 58 0.1732
2460 240 54 0.1732
2460 240 49 0.1732
2700 179 41 0.2362
2700 179 49 0.2835
2730 59 53 0.2205
2730 59 56 0.2598
2790 89 65 0.2598
2790 89 61 0.2205
2879 90 56 0.2126
2879 90 61 0.252
2970 180 42 0.2205
2970 180 49 0.2598
3000 239 61 0.2126
3000 239 58 0.1732
3000 239 54 0.1732
3000 239 49 0.1732
3240 270 44 0.2835
3269 60 53 0.2205
3269 60 59 0.2598
3329 120 65 0.2598
3329 120 61 0.2205
3329 120 59 0.2205
3510 179 46 0.3071
3540 104 63 0.315
3540 239 53 0.252
3540 239 58 0.252
3644 135 61 0.2913
3779 180 27 0.2362
3779 180 39 0.2835
3825 104 70 0.252
3825 104 66 0.252
3825 135 65 0.252
3900 29 63 0.2441
3900 57 66 0.2441
3900 57 70 0.2441
3929 27 63 0.2441
3929 30 66 0.2441
3929 30 70 0.2441
3960 29 63 0.252
3960 29 66 0.252
3960 29 70 0.252
3990 29 61 0.2441
3990 29 66 0.2441
3990 29 70 0.2441
4019 27 61 0.2441
4019 27 66 0.2441
4019 27 70 0.2441
4050 29 61 0.2677
4050 29 66 0.2677
4050 29 70 0.2677
4079 30 60 0.252
4079 30 66 0.252
4079 30 70 0.252
4110 27 60 0.252
4110 27 66 0.252
4110 27 70 0.252
4140 45 60 0.2441
4140 45 66 0.2441
4140 45 70 0.2441
4185 44 61 0.2362
4185 44 66 0.2362
4185 44 70 0.2362
4230 89 58 0.2205
4230 89 61 0.2205
4230 89 66 0.2205
4320 180 46 0.2835
4320 180 27 0.2362
4320 180 39 0.2362
4365 104 70 0.2677
4365 104 66 0.2677
4365 132 65 0.2677
4440 57 66 0.2677
4440 29 75 0.2677
4440 57 70 0.2677
4470 30 65 0.252
4470 30 66 0.252
4470 30 70 0.252
4500 27 63 0.2598
4500 27 66 0.2598
4500 27 70 0.2598
4530 30 65 0.252
4530 30 66 0.252
4530 30 70 0.252
4560 29 63 0.252
4560 29 66 0.252
4560 29 70 0.252
4590 27 61 0.2756
4590 27 66 0.2756
4590 27 70 0.2756
4620 30 63 0.2598
4620 30 66 0.2598
4620 30 70 0.2598
4650 27 61 0.2598
4650 27 66 0.2598
4650 27 70 0.2598
4680 45 60 0.252
4680 45 66 0.252
4680 45 70 0.252
4725 44 61 0.2441
4725 44 66 0.2441
4725 44 70 0.2441
4770 90 58 0.2362
4770 90 63 0.2362
4770 90 66 0.2362
4860 179 32 0.2756
4860 179 44 0.3307
4905 45 54 0.378
4950 89 63 0.3071
4950 89 60 0.2598
4950 44 56 0.2992
4995 45 60 0.3937
5040 89 66 0.315
5040 89 63 0.2677
5040 45 58 0.3071
5085 44 54 0.3465
5130 180 33 0.2756
5130 180 45 0.3307
5160 29 63 0.2362
5160 29 60 0.2362
5160 29 54 0.2362
5190 28 63 0.2362
5190 28 60 0.2362
5190 28 54 0.2362
5220 30 63 0.2598
5220 30 60 0.2598
5220 30 54 0.2598
5250 27 63 0.2441
5250 27 60 0.2441
5250 27 54 0.2441
5280 30 56 0.2677
5280 30 60 0.2677
5280 30 63 0.2677
5310 89 54 0.2598
5310 89 60 0.2598
5310 89 63 0.2598
5400 179 34 0.3071
5400 179 46 0.3622
5445 90 61 0.2992
5445 90 58 0.2992
5445 45 54 0.315
5490 45 56 0.3543
5535 44 61 0.3465
5580 89 66 0.3386
5580 89 61 0.3386
5580 45 58 0.3386
5625 44 54 0.3228
5670 180 36 0.2992
5670 180 48 0.3543
5700 29 63 0.2598
5700 29 58 0.2598
5700 29 54 0.2598
5730 28 63 0.2598
5730 28 58 0.2598
5730 28 54 0.2598
5759 30 63 0.2756
5759 30 58 0.2756
5759 30 54 0.2756
5790 27 63 0.2677
5790 27 58 0.2677
5790 27 54 0.2677
5820 30 56 0.2835
5820 30 60 0.2835
5820 30 65 0.2835
5850 89 54 0.2756
5850 89 58 0.2756
5850 89 63 0.2756
5940 179 37 0.3386
5940 179 49 0.4016
5984 90 61 0.3228
5984 90 58 0.3228
5984 45 54 0.3465
6030 45 56 0.3858
6075 44 63 0.4016
6120 89 70 0.3701
6120 89 66 0.3701
6120 45 61 0.3701
6165 44 58 0.3858
6209 180 39 0.3228
6209 180 51 0.3858
6240 29 63 0.315
6240 29 58 0.315
6240 29 54 0.315
6270 28 63 0.315
6270 28 58 0.315
6270 28 54 0.315
6300 29 63 0.3386
6300 29 58 0.3386
6300 29 54 0.3386
6330 27 63 0.3228
6330 27 58 0.3228
6330 27 54 0.3228
6359 30 56 0.3307
6359 30 60 0.3307
6359 30 65 0.3307
6390 27 63 0.3307
6390 27 58 0.3307
6390 27 54 0.3307
6420 29 61 0.3386
6420 29 66 0.3386
6420 29 70 0.3386
6450 14 63 0.3543
6450 14 66 0.3543
6450 14 70 0.3543
6464 180 65 0.2992
6467 177 68 0.3071
6469 175 73 0.315
6472 172 77 0.3307
6645 89 64 0.2598
6647 87 68 0.2677
6649 85 70 0.2677
6651 83 73 0.2835
6653 81 76 0.2913
6734 179 63 0.2598
6737 177 66 0.2677
6739 175 68 0.2677
6741 173 73 0.2835
6743 171 75 0.2913
6914 105 56 0.2126
6917 102 63 0.2205
6919 100 66 0.2362
6922 97 72 0.2441
7020 44 37 0.252
7034 15 44 0.2362
7050 14 49 0.2362
7064 15 53 0.2362
7080 15 56 0.2362
7095 14 61 0.2362
7109 45 41 0.2598
7125 14 48 0.2047
7139 15 53 0.2126
7155 15 56 0.2205
7170 14 60 0.2362
7184 15 65 0.2441
7200 45 44 0.2677
7214 15 52 0.252
7230 15 56 0.252
7245 14 59 0.252
7259 15 64 0.252
7275 14 68 0.252
7289 45 37 0.2598
7305 15 44 0.2362
7320 14 49 0.2362
7334 15 53 0.2362
7350 14 56 0.2362
7364 15 61 0.2362
7380 45 41 0.2598
7395 14 48 0.2362
7409 15 53 0.2362
7425 14 56 0.2441
7439 15 60 0.252
7455 15 65 0.252
7470 44 44 0.2677
7484 15 52 0.252
7500 14 56 0.252
7514 15 59 0.252
7545 14 64 0.252
7559 15 37 0.2598
7575 14 44 0.2598
7589 15 49 0.2598
7605 15 53 0.2598
7620 14 56 0.2598
7634 15 61 0.2598
7650 14 65 0.2677
7664 15 68 0.2677
7680 15 65 0.2677
7695 14 61 0.2677
7709 15 56 0.2677
7725 14 53 0.2835
7739 15 56 0.2835
7755 15 53 0.2835
7770 14 49 0.2835
7784 15 44 0.2835
7800 14 49 0.2835
7814 15 44 0.2913
7830 15 39 0.2913
7845 14 46 0.2913
7859 15 51 0.2913
7875 14 55 0.2913
7889 15 58 0.2913
7905 15 63 0.2913
7934 15 63 0.2835
7950 14 58 0.2835
7964 15 55 0.2677
7980 15 51 0.2677
7995 14 46 0.2677
8009 15 39 0.2598
8025 14 46 0.2598
8039 15 51 0.2598
8055 15 55 0.2598
8070 14 51 0.2598
8084 15 46 0.2598
8100 89 44 0.2913
8114 15 51 0.2598
8130 15 54 0.2598
8145 14 58 0.2598
8159 15 60 0.2598
8175 14 66 0.2598
8189 90 42 0.2992
8205 15 49 0.252
8220 14 54 0.2598
8235 15 58 0.2677
8250 14 61 0.2677
8265 15 66 0.2835
8280 90 41 0.315
8295 14 48 0.2835
8310 15 53 0.2913
8325 14 56 0.2992
8340 30 60 0.3071
8371 89 44 0.2913
8386 15 51 0.2598
8401 15 54 0.2598
8416 14 58 0.2598
8431 15 60 0.2598
8446 14 66 0.2677
8461 90 42 0.3071
8476 15 49 0.2677
8491 14 54 0.2913
8506 15 58 0.2992
8521 14 61 0.2992
8536 15 66 0.3071
8551 90 41 0.3465
8566 14 48 0.3071
8581 15 53 0.315
8596 14 56 0.3386
8611 30 60 0.3465
8640 90 39 0.3543
8655 15 46 0.315
8670 14 51 0.315
8685 15 54 0.315
8700 14 58 0.315
8715 15 63 0.315
8730 14 66 0.4724
8775 45 65 0.4567
8820 44 62 0.4488
8865 45 63 0.4567
8910 45 62 0.4331
8925 14 66 0.3386
8940 15 70 0.3386
8955 15 70 0.3386
8970 14 78 0.3386
8985 90 82 0.3386
9000 45 63 0.3937
9015 15 66 0.2992
9030 15 70 0.2992
9045 14 70 0.2992
9060 15 78 0.2992
9075 14 82 0.2992
9090 15 60 0.3465
9090 45 56 0.3465
9105 15 64 0.2913
9120 14 68 0.2835
9135 15 72 0.2677
9150 14 76 0.2677
9165 14 80 0.2598
9180 90 49 0.3386
9195 14 56 0.2913
9210 15 61 0.2913
9225 14 65 0.2913
9240 15 68 0.2913
9255 15 73 0.2913
9270 14 56 0.3622
9270 89 53 0.3071
9285 15 60 0.2992
9300 14 65 0.315
9315 15 68 0.3307
9330 15 72 0.3465
9345 14 77 0.3622
9360 15 59 0.3937
9360 90 56 0.3307
9375 14 64 0.3386
9390 15 68 0.3386
9405 15 71 0.3386
9420 14 76 0.3386
9435 14 80 0.3386
9450 89 49 0.378
9465 15 56 0.3386
9480 15 61 0.3386
9495 14 65 0.3386
9510 15 68 0.3386
9525 14 73 0.3386
9540 15 56 0.4016
9540 90 53 0.3386
9555 15 60 0.315
9570 14 65 0.3307
9585 15 68 0.3386
9600 14 72 0.3465
9615 15 77 0.3543
9630 15 59 0.4252
9630 90 56 0.3543
9645 14 64 0.3543
9660 15 68 0.3543
9675 14 71 0.3543
9690 15 80 0.3543
9705 15 76 0.3543
9720 44 59 0.3465
9720 14 61 0.4094
9735 15 64 0.3937
9750 14 68 0.3937
9765 45 71 0.3937
9810 45 61 0.3465
9810 15 64 0.4094
9825 14 68 0.3937
9840 15 71 0.3937
9855 45 73 0.3937
9900 45 64 0.3622
9900 14 68 0.4331
9915 15 71 0.4094
9930 15 73 0.4094
9945 44 76 0.4094
9990 45 68 0.4488
10005 15 69 0.4252
10020 14 73 0.4252
10080 45 66 0.4409
10095 14 69 0.4094
10110 15 73 0.4094
10170 14 66 0.4409
10170 44 65 0.3701
10185 15 69 0.4094
10200 14 73 0.4094
10260 45 64 0.4409
10275 14 66 0.4094
10290 15 69 0.4094
10350 14 66 0.4409
10350 45 63 0.3701
10365 15 69 0.4094
10380 15 73 0.4094
10440 15 64 0.4409
10440 45 61 0.3701
10455 15 69 0.4094
10470 14 73 0.4094
10485 15 76 0.4094
10530 45 59 0.4409
10545 14 63 0.4094
10560 15 66 0.4094
10620 44 57 0.4409
10635 15 61 0.4094
10650 14 64 0.4094
10710 45 56 0.4409
10725 14 61 0.4094
10740 15 64 0.4094
10755 15 69 0.4094
10800 270 54 0.4409
10815 15 61 0.3386
10830 15 64 0.3543
10845 14 66 0.3622
10860 15 69 0.3858
10875 14 73 0.3937
10890 15 76 0.3937
10905 15 78 0.3937
10920 14 76 0.3858
10935 15 73 0.378
10950 14 69 0.3622
10965 15 66 0.3622
10980 15 64 0.3386
10995 14 66 0.3307
11010 15 64 0.315
11025 14 61 0.3071
11040 15 57 0.2992
11055 15 54 0.2913
11070 14 42 0.3386
11085 15 49 0.2992
11100 14 52 0.3071
11115 15 54 0.315
11130 15 57 0.3307
11145 14 61 0.3386
11160 15 64 0.3307
11175 14 61 0.3307
11190 15 57 0.315
11205 15 54 0.315
11220 14 52 0.3071
11235 15 49 0.2992
11250 14 42 0.2913
11265 15 49 0.2677
11280 15 42 0.2913
11295 14 49 0.2677
11310 15 42 0.2913
11325 14 49 0.2677
11340 15 44 0.252
11355 15 51 0.2441
11370 14 44 0.2598
11385 15 51 0.2441
11400 14 44 0.2598
11415 15 51 0.252
11430 15 44 0.2677
11445 14 51 0.252
11460 15 44 0.2677
11475 14 51 0.2677
11490 15 44 0.2835
11505 14 51 0.2677
11519 15 44 0.2598
11535 15 51 0.2441
11550 14 44 0.2598
11565 15 51 0.2441
11580 14 44 0.2598
11594 15 51 0.2441
11610 15 44 0.252
11625 14 51 0.2441
11640 15 44 0.2598
11655 14 51 0.2441
11669 15 44 0.2598
11685 15 51 0.252
11700 14 44 0.2677
11715 15 51 0.252
11730 14 44 0.2677
11744 15 51 0.2598
11760 15 44 0.2835
11775 14 51 0.2677
11790 15 44 0.2598
11805 14 51 0.2441
11819 15 44 0.2598
11835 15 51 0.2441
11850 14 44 0.2598
11865 15 51 0.2441
11880 14 44 0.2913
11894 15 39 0.2598
11910 15 44 0.2913
11925 14 51 0.2835
11940 15 44 0.2913
11955 14 51 0.2835
11969 15 56 0.3071
11985 15 51 0.2677
12000 14 56 0.2913
12015 15 63 0.2677
12030 14 56 0.2835
12044 15 51 0.2677
12060 15 56 0.2913
12075 14 51 0.2677
12090 15 44 0.2677
12105 14 51 0.2598
12119 15 44 0.2677
12135 15 39 0.2598
12150 14 44 0.2913
12165 15 39 0.2598
12180 14 44 0.2913
12194 15 51 0.2835
12210 15 44 0.2913
12225 14 51 0.2835
12240 15 56 0.3071
12255 14 51 0.2677
12269 15 56 0.2913
12285 15 63 0.2677
12300 14 56 0.2835
12315 15 51 0.2677
12330 14 56 0.2913
12344 15 51 0.2913
12360 15 56 0.2677
12375 14 51 0.2598
12390 15 56 0.2677
12405 14 51 0.2598
12419 180 61 0.315
12419 60 54 0.315
12480 29 56 0.3071
12510 59 58 0.3307
12569 30 61 0.315
12600 89 60 0.315
12615 15 63 0.2362
12630 14 66 0.2362
12644 15 70 0.2362
12690 179 61 0.315
12690 60 54 0.315
12750 29 56 0.3071
12780 60 58 0.3307
12840 29 61 0.315
12869 90 60 0.315
12885 15 63 0.2362
12900 15 66 0.2362
12915 14 70 0.2362
12960 105 66 0.3465
12975 15 70 0.2913
12990 14 73 0.2913
13050 104 66 0.2835
13065 14 70 0.252
13079 15 73 0.252
13140 89 66 0.2913
13154 15 70 0.2441
13169 15 73 0.2441
13229 105 66 0.3071
13244 15 69 0.2362
13260 15 73 0.2362
13319 105 66 0.2677
13335 15 69 0.2362
13350 15 73 0.2205
13410 90 66 0.2677
13425 15 69 0.2205
13440 14 73 0.2205
13500 179 65 0.252
13515 14 68 0.252
13529 15 72 0.252
13544 15 77 0.252
13560 15 80 0.252
13575 15 84 0.252
13679 90 65 0.2283
13769 180 65 0.2362
13785 15 69 0.2362
13800 15 72 0.2283
13815 14 75 0.2205
13829 15 77 0.2126
13844 15 81 0.2126
13950 90 65 0.2205
14040 179 65 0.2283
14054 15 68 0.2283
14069 15 70 0.2205
14085 15 73 0.2205
14100 15 77 0.2126
14115 14 80 0.2126
14219 90 65 0.2205
14310 180 63 0.2205
14325 15 66 0.2205
14340 14 68 0.2047
14354 15 72 0.1969
14369 15 75 0.1969
14385 15 78 0.1811
14490 89 63 0.2126
14579 180 61 0.252
14594 15 63 0.252
14610 15 66 0.252
14625 15 70 0.252
14640 14 73 0.252
14654 15 75 0.252
14729 120 60 0.189
14737 112 63 0.189
14744 105 65 0.189
14752 97 68 0.189
14760 90 72 0.189
14850 179 48 0.2362
14865 14 54 0.2362
14879 15 58 0.2283
14894 15 60 0.2283
14910 15 63 0.2205
14925 15 66 0.2205
14940 89 70 0.2283
15029 90 63 0.2283
15029 90 60 0.2283
15029 90 53 0.2283
15119 180 56 0.2362
15135 15 58 0.2205
15150 15 61 0.2205
15165 14 65 0.2126
15179 15 68 0.2126
15194 15 70 0.2126
15277 112 54 0.2126
15285 105 58 0.2126
15292 97 61 0.2126
15300 90 63 0.2126
15390 179 53 0.2283
15404 15 56 0.2283
15419 15 58 0.2205
15435 15 61 0.2205
15450 15 65 0.2126
15465 14 68 0.2126
15569 45 51 0.252
15569 90 54 0.252
15569 90 60 0.252
15615 225 44 0.252
15660 180 37 0.2205
15719 209 65 0.2598
15719 209 68 0.2598
15750 179 59 0.2205
15929 180 42 0.2047
15929 180 49 0.2441
15960 240 61 0.1969
15960 240 58 0.1654
15960 240 54 0.1654
15960 240 49 0.1654
16200 179 44 0.2598
16229 60 53 0.2441
16229 60 56 0.2441
16290 179 59 0.2047
16290 89 65 0.2441
16290 89 61 0.2441
16379 90 61 0.2362
16470 180 46 0.2441
16500 150 63 0.1969
16500 240 58 0.1969
16500 240 53 0.1654
16650 90 61 0.2362
16740 269 41 0.2677
17010 180 39 0.2677
17100 90 51 0.1969
17190 89 63 0.2047
17280 180 44 0.2677
17325 44 51 0.2441
17370 90 80 0.1969
17460 90 56 0.1969
17550 90 37 0.2441
17565 14 44 0.2126
17580 15 49 0.2047
17595 15 53 0.2047
17640 89 41 0.2441
17655 15 48 0.2205
17670 15 53 0.2126
17730 90 37 0.2441
17745 15 44 0.2205
17760 15 49 0.2205
17775 15 53 0.2126
17820 90 41 0.2441
17835 15 48 0.2205
17850 15 53 0.2205
17910 180 44 0.2441
17925 15 52 0.2205
17940 14 56 0.2205
17955 15 59 0.2126
17970 15 64 0.2126
17985 15 66 0.2126
18000 90 68 0.2126
18090 89 49 0.2441
18105 15 56 0.2362
18120 15 61 0.2047
18135 15 65 0.2047
18180 90 53 0.2441
18195 15 60 0.2205
18210 15 65 0.2126
18270 90 49 0.2441
18285 15 56 0.2205
18300 15 61 0.2205
18315 14 65 0.2126
18360 90 53 0.2441
18375 15 60 0.2205
18390 14 65 0.2205
18450 179 56 0.2441
18465 14 59 0.1969
18480 15 64 0.1969
18495 15 68 0.189
18510 15 71 0.189
18525 104 76 0.1732
18630 180 56 0.2441
18645 15 59 0.1969
18660 15 64 0.1969
18675 15 68 0.189
18690 14 71 0.189
18705 105 76 0.1732
18810 90 44 0.2362
18900 179 37 0.2598
18915 14 44 0.2047
18930 15 49 0.189
18945 15 53 0.1732
18960 15 56 0.1654
18975 15 61 0.1575
18990 29 65 0.2126
19020 30 68 0.1732
19050 29 73 0.1732
19080 30 77 0.2126
19110 30 80 0.1732
19140 21 85 0.1732
19161 188 61 0.1575
19162 187 68 0.1732
19163 186 73 0.1732
19165 184 77 0.1969
