0 27 74 0.4961
0 13 67 0.315
13 13 71 0.2835
27 27 79 0.5118
27 13 67 0.3228
41 13 71 0.2992
54 27 83 0.5354
54 13 67 0.3386
68 13 71 0.3071
82 54 86 0.5591
82 13 67 0.3543
95 13 71 0.315
109 13 67 0.3543
123 13 71 0.3228
136 27 74 0.4961
136 13 67 0.3465
150 13 71 0.2992
164 27 76 0.5354
164 13 67 0.3543
178 13 72 0.315
191 27 84 0.4961
191 13 67 0.3543
205 13 72 0.2677
219 27 76 0.4567
219 13 67 0.3465
232 13 72 0.2677
246 27 74 0.4567
246 13 67 0.3386
260 13 71 0.2677
273 13 67 0.2992
287 13 71 0.252
301 13 67 0.2992
315 13 71 0.252
328 27 72 0.4016
328 13 62 0.2756
342 13 69 0.2441
356 27 81 0.3543
356 13 62 0.2756
369 13 69 0.2441
383 27 72 0.3543
383 13 62 0.2756
397 13 69 0.2441
410 13 71 0.4094
410 13 67 0.315
424 13 79 0.3465
438 13 72 0.4252
438 13 69 0.2913
452 13 79 0.3465
465 13 74 0.4173
465 13 71 0.3228
479 13 79 0.3543
493 13 72 0.4409
493 54 60 0.3543
506 13 76 0.3228
520 13 74 0.4094
534 13 72 0.3307
547 13 71 0.3858
547 27 62 0.252
561 13 69 0.315
575 27 67 0.3858
575 27 55 0.2913
602 13 50 0.2756
630 13 43 0.2913
657 27 74 0.4961
657 13 67 0.315
671 13 71 0.2835
684 27 79 0.5118
684 13 67 0.3228
698 13 71 0.2992
712 27 83 0.5354
712 13 67 0.3386
726 13 71 0.3071
739 54 86 0.5591
739 13 67 0.3543
753 13 71 0.315
767 13 67 0.3543
780 13 71 0.3228
794 27 74 0.4961
794 13 67 0.3465
808 13 71 0.2992
821 27 76 0.5354
821 13 67 0.3543
835 13 72 0.315
849 27 84 0.4961
849 13 67 0.3543
863 13 72 0.2992
876 27 76 0.4567
876 13 67 0.3543
890 13 72 0.2677
904 27 74 0.4567
904 13 67 0.3465
917 13 71 0.2362
931 13 67 0.3071
945 13 71 0.252
958 13 67 0.2992
972 13 71 0.252
986 27 72 0.4016
986 13 62 0.2756
999 13 69 0.2441
1013 27 81 0.3543
1013 13 62 0.2756
1027 13 69 0.2441
1041 27 72 0.3543
1041 13 62 0.2756
1054 13 69 0.2441
1068 13 71 0.4094
1068 13 67 0.315
1082 13 79 0.3465
1095 13 72 0.4252
1095 13 69 0.2913
1109 13 79 0.3465
1123 13 74 0.4173
1123 13 71 0.3228
1136 13 79 0.3543
1150 13 72 0.4409
1150 54 60 0.3543
1164 13 76 0.3228
1178 13 74 0.4094
1191 13 72 0.3307
1205 13 71 0.3858
1205 27 62 0.252
1219 13 69 0.315
1232 27 67 0.3858
1232 27 55 0.2913
1260 13 50 0.2756
1287 13 43 0.2913
1315 13 66 0.4409
1315 82 50 0.315
1328 13 62 0.378
1342 13 66 0.4409
1356 13 62 0.3701
1369 13 66 0.4409
1369 27 60 0.3071
1383 13 62 0.3858
1397 13 67 0.4409
1397 27 59 0.3543
1410 13 62 0.3937
1424 13 69 0.4646
1424 27 54 0.315
1438 13 62 0.4252
1452 13 71 0.4882
1452 27 55 0.3307
1465 13 62 0.4331
1479 13 72 0.5118
1479 27 57 0.4094
1493 13 62 0.4409
1506 13 72 0.5039
1506 27 54 0.3701
1520 13 62 0.4409
1534 13 71 0.4961
1534 27 55 0.3701
1547 13 62 0.4173
1561 13 69 0.4803
1561 54 50 0.4409
1561 54 54 0.4409
1575 13 74 0.3701
1589 13 66 0.4646
1602 13 69 0.3465
1616 27 62 0.4252
1643 13 66 0.5512
1643 54 62 0.5276
1643 54 50 0.4488
1657 13 74 0.4646
1671 13 66 0.5512
1684 13 74 0.4567
1698 13 66 0.5512
1698 27 48 0.4016
1698 27 60 0.4882
1712 13 74 0.4409
1726 13 67 0.5591
1726 27 47 0.4724
1726 27 59 0.5669
1739 13 74 0.4961
1753 13 69 0.5748
1753 27 45 0.4252
1753 27 57 0.5039
1767 13 74 0.4882
1780 13 71 0.6142
1780 27 43 0.4409
1780 27 55 0.5197
1794 13 74 0.5906
1808 13 72 0.6299
1808 54 42 0.4882
1808 54 54 0.5748
1821 13 74 0.5591
1835 13 72 0.5906
1849 13 74 0.5039
1863 13 71 0.5669
1863 27 43 0.3858
1863 27 55 0.4646
1876 13 74 0.4724
1890 13 69 0.5512
1890 54 38 0.4252
1890 54 50 0.5039
1904 13 74 0.4252
1917 13 66 0.5276
1931 13 69 0.3937
1945 27 62 0.4882
1972 27 74 0.3937
1972 13 67 0.252
1986 13 71 0.2205
1999 27 79 0.4094
1999 13 67 0.252
2013 13 71 0.2362
2027 27 83 0.4252
2027 13 67 0.2677
2041 13 71 0.2441
2054 54 86 0.4409
2054 13 67 0.2835
2068 13 71 0.252
2082 13 67 0.2835
2095 13 71 0.252
2109 27 74 0.3937
2109 13 67 0.2756
2123 13 71 0.2362
2136 27 76 0.4252
2136 13 67 0.2835
2150 13 72 0.252
2164 27 84 0.3937
2164 13 67 0.2835
2178 13 72 0.252
2191 27 76 0.3622
2191 13 67 0.3071
2205 13 72 0.2677
2219 27 74 0.3622
2219 13 67 0.2992
2232 13 71 0.2126
2246 13 67 0.252
2260 13 71 0.1969
2273 13 67 0.2362
2287 13 71 0.1969
2301 27 72 0.5354
2301 13 62 0.3701
2315 13 69 0.3228
2328 27 81 0.4724
2328 13 62 0.3701
2342 13 69 0.3228
2356 27 72 0.4724
2356 13 62 0.3701
2369 13 69 0.3228
2383 13 71 0.5512
2383 13 67 0.4252
2397 13 79 0.4646
2410 13 72 0.5669
2410 13 69 0.3858
2424 13 79 0.4646
2438 13 74 0.5591
2438 13 71 0.4331
2452 13 79 0.4724
2465 13 72 0.5906
2465 54 60 0.4724
2479 13 76 0.5039
2493 13 74 0.5512
2506 13 72 0.4882
2520 13 71 0.5197
2520 27 62 0.4016
2534 13 69 0.4646
2547 27 67 0.5827
2547 27 55 0.4488
2575 13 50 0.4252
2602 13 43 0.4331
2630 13 66 0.4409
2630 82 50 0.315
2643 13 62 0.378
2657 13 66 0.4409
2671 13 62 0.3701
2684 13 66 0.4409
2684 27 60 0.3071
2698 13 62 0.3858
2712 13 67 0.4409
2712 27 59 0.3543
2726 13 62 0.3937
2739 13 69 0.4646
2739 27 54 0.315
2753 13 62 0.4252
2767 13 71 0.4882
2767 27 55 0.3307
2780 13 62 0.4331
2794 13 72 0.5118
2794 27 57 0.4094
2808 13 62 0.4409
2821 13 72 0.5039
2821 27 54 0.3701
2835 13 62 0.4409
2849 13 71 0.4961
2849 27 55 0.3701
2863 13 62 0.4173
2876 13 69 0.4803
2876 54 50 0.4409
2876 54 54 0.4409
2890 13 74 0.3701
2904 13 66 0.4646
2917 13 69 0.3465
2931 27 62 0.4252
2958 13 66 0.5512
2958 54 62 0.5276
2958 54 50 0.4488
2972 13 74 0.4646
2986 13 66 0.5512
2999 13 74 0.4567
3013 13 66 0.5512
3013 27 48 0.4016
3013 27 60 0.4882
3027 13 74 0.4409
3041 13 67 0.5591
3041 27 47 0.4724
3041 27 59 0.5669
3054 13 74 0.4961
3068 13 69 0.5748
3068 27 45 0.4252
3068 27 57 0.5039
3082 13 74 0.4882
3095 13 71 0.6142
3095 27 43 0.4409
3095 27 55 0.5197
3109 13 74 0.5906
3123 13 72 0.6299
3123 54 42 0.4882
3123 54 54 0.5748
3136 13 74 0.5591
3150 13 72 0.5906
3164 13 74 0.5039
3178 13 71 0.5669
3178 27 43 0.3858
3178 27 55 0.4646
3191 13 74 0.4724
3205 13 69 0.5512
3205 54 38 0.4252
3205 54 50 0.5039
3219 13 74 0.4252
3232 13 66 0.5276
3246 13 69 0.3937
3260 27 62 0.4882
3287 27 74 0.3937
3287 13 67 0.252
3301 13 71 0.2205
3315 27 79 0.4094
3315 13 67 0.252
3328 13 71 0.2362
3342 27 83 0.4252
3342 13 67 0.2677
3356 13 71 0.2441
3369 54 86 0.4409
3369 13 67 0.2835
3383 13 71 0.252
3397 13 67 0.2835
3410 13 71 0.252
3424 27 74 0.3937
3424 13 67 0.2756
3438 13 71 0.2362
3452 27 76 0.4252
3452 13 67 0.2835
3465 13 72 0.252
3479 27 84 0.3937
3479 13 67 0.2835
3493 13 72 0.252
3506 27 76 0.3622
3506 13 67 0.3071
3520 13 72 0.2677
3534 27 74 0.3622
3534 13 67 0.2992
3547 13 71 0.2126
3561 13 67 0.252
3575 13 71 0.1969
3589 13 67 0.2362
3602 13 71 0.1969
3616 27 72 0.5354
3616 13 62 0.3701
3630 13 69 0.3228
3643 27 81 0.4724
3643 13 62 0.3701
3657 13 69 0.3228
3671 27 72 0.4724
3671 13 62 0.3701
3684 13 69 0.3228
3698 13 71 0.5512
3698 13 67 0.4252
3712 13 79 0.4646
3726 13 72 0.5669
3726 13 69 0.3858
3739 13 79 0.4646
3753 13 74 0.5591
3753 13 71 0.4331
3767 13 79 0.4724
3780 13 72 0.5906
3780 54 60 0.4724
3794 13 76 0.5039
3808 13 74 0.5512
3821 13 72 0.4882
3835 13 71 0.5197
3835 27 62 0.4016
3849 13 69 0.4646
3863 27 67 0.5827
3863 27 55 0.4488
3890 13 50 0.4252
3917 27 43 0.4331
