0 217 48 0.7087
0 217 36 0.5827
217 43 51 0.622
217 43 39 0.5197
260 43 56 0.6535
260 43 44 0.5512
304 43 58 0.5984
304 43 46 0.5039
347 43 60 0.6535
347 43 48 0.5512
391 43 56 0.5906
391 43 44 0.4961
434 43 63 0.5984
434 43 51 0.4961
478 43 70 0.5669
478 43 58 0.4331
521 43 72 0.5748
521 43 60 0.4567
564 43 68 0.5354
564 43 56 0.4252
608 43 75 0.5984
608 43 63 0.4882
651 43 82 0.5354
651 43 70 0.4252
695 43 84 0.5433
695 43 72 0.4488
738 43 79 0.4567
738 43 67 0.378
782 43 82 0.4646
782 43 70 0.4173
825 43 80 0.4173
825 43 68 0.2756
869 86 79 0.3858
869 86 67 0.252
956 43 78 0.3465
956 43 66 0.2126
1086 43 78 0.315
1086 43 66 0.2677
1129 43 79 0.3465
1129 43 67 0.2913
1173 43 78 0.3228
1173 43 66 0.2677
1216 43 77 0.3465
1216 43 65 0.2913
1260 43 78 0.3228
1260 43 66 0.2677
1303 28 81 0.3543
1303 28 69 0.2992
1332 28 79 0.3228
1332 28 67 0.2677
1361 28 75 0.3465
1361 28 63 0.2913
1390 65 75 0.3386
1390 65 63 0.2835
1455 21 74 0.3071
1455 21 62 0.2598
1477 28 77 0.315
1477 28 65 0.2677
1506 28 75 0.3071
1506 28 63 0.2598
1535 26 74 0.2598
1535 26 62 0.2047
1564 86 74 0.2441
1564 86 62 0.189
1912 130 72 0.3386
1912 173 55 0.3307
1912 173 51 0.3307
1912 173 60 0.3307
2042 43 67 0.3622
2086 347 50 0.3465
2107 325 55 0.378
2129 695 70 0.4882
2129 304 63 0.4409
2694 43 38 0.3622
2737 217 60 0.378
2781 173 62 0.3465
2824 43 66 0.3465
2868 43 70 0.3858
2911 43 69 0.3701
2955 260 67 0.3465
3042 86 58 0.2205
3042 86 62 0.2598
3042 86 43 0.2126
3129 86 58 0.2205
3129 86 62 0.2598
3129 86 43 0.2126
3215 260 74 0.3701
3302 86 62 0.2205
3302 86 67 0.2598
3302 86 58 0.1969
3389 86 62 0.2205
3389 86 67 0.2598
3389 86 58 0.1969
3476 260 72 0.3701
3563 86 60 0.1732
3563 86 63 0.1811
3563 86 67 0.2205
3563 86 57 0.1732
3650 86 60 0.1732
3650 86 63 0.1811
3650 86 67 0.2205
3650 86 57 0.1732
3780 217 60 0.378
3824 173 62 0.3465
3824 43 38 0.3622
3867 43 66 0.3465
3911 43 70 0.3858
3911 43 38 0.3622
3954 43 69 0.3701
3998 260 67 0.3465
4085 86 58 0.2205
4085 86 62 0.2598
4085 86 43 0.2126
4172 86 58 0.2205
4172 86 62 0.2598
4172 86 43 0.2126
4259 260 64 0.3465
4345 86 57 0.2205
4345 86 55 0.2205
4345 86 61 0.2598
4345 86 45 0.1969
4432 86 57 0.2205
4432 86 55 0.2205
4432 86 61 0.2598
4432 86 45 0.1969
4519 260 66 0.3465
4606 86 54 0.1575
4606 86 57 0.1811
4606 86 62 0.2205
4606 86 38 0.1496
4693 86 54 0.1575
4693 86 57 0.1811
4693 86 62 0.2205
4693 86 38 0.1496
4823 217 60 0.378
4867 173 62 0.3465
4867 86 50 0.3622
4910 43 66 0.3465
4954 43 70 0.3858
4954 86 50 0.3622
4997 43 69 0.3701
5041 260 67 0.3465
5128 86 58 0.2205
5128 86 62 0.2598
5128 86 43 0.2126
5215 86 58 0.2205
5215 86 62 0.2598
5215 86 43 0.2126
5302 260 79 0.4173
5388 86 70 0.2205
5388 86 67 0.2205
5388 86 73 0.2598
5388 86 64 0.1969
5475 86 70 0.2205
5475 86 67 0.2205
5475 86 73 0.2598
5475 86 64 0.1969
5562 260 77 0.3937
5649 86 70 0.2283
5649 86 72 0.2677
5649 86 65 0.2205
5736 86 70 0.2283
5736 86 72 0.2756
5736 86 65 0.2205
5823 260 63 0.378
5867 43 65 0.378
5910 173 69 0.3465
5910 86 41 0.3622
5953 43 75 0.3622
5997 43 74 0.4016
5997 86 41 0.3622
6062 19 73 0.3858
6084 260 73 0.3622
6171 86 63 0.1575
6171 86 65 0.1811
6171 86 69 0.2205
6171 86 46 0.1496
6258 86 63 0.1575
6258 86 65 0.1811
6258 86 69 0.2205
6258 86 46 0.1496
6345 260 74 0.3622
6431 86 65 0.1811
6431 86 62 0.1496
6431 86 70 0.2205
6431 86 58 0.1654
6518 86 65 0.1811
6518 86 62 0.1417
6518 86 70 0.2205
6518 86 58 0.1654
6605 260 72 0.3701
6692 86 63 0.2205
6692 86 67 0.2598
6692 86 57 0.2126
6779 86 63 0.2205
6779 86 67 0.2677
6779 86 57 0.2126
6910 217 60 0.378
6953 173 62 0.3465
6953 86 38 0.3622
6996 43 66 0.3465
7040 43 70 0.3858
7040 86 38 0.3622
7083 43 69 0.3701
7127 260 67 0.3465
7214 86 58 0.2205
7214 86 62 0.2598
7214 86 43 0.2126
7301 86 58 0.2205
7301 86 62 0.2598
7301 86 43 0.2126
7388 260 74 0.3701
7475 86 62 0.2205
7475 86 67 0.2598
7475 86 58 0.1969
7561 86 62 0.2205
7561 86 67 0.2598
7561 86 58 0.1969
7648 260 72 0.3701
7735 86 60 0.1811
7735 86 63 0.1811
7735 86 67 0.2205
7735 86 57 0.1732
7822 86 60 0.1811
7822 86 63 0.1811
7822 86 67 0.2205
7822 86 57 0.1732
7953 217 60 0.378
7996 173 62 0.3465
7996 86 38 0.3622
8039 43 66 0.3465
8083 43 70 0.3858
8083 86 38 0.3622
8126 43 69 0.3701
8170 260 67 0.3465
8257 86 58 0.2205
8257 86 62 0.2598
8257 86 43 0.2126
8344 86 58 0.2205
8344 86 62 0.2598
8344 86 43 0.2126
8431 260 64 0.3465
8518 86 57 0.1811
8518 86 55 0.1811
8518 86 61 0.2205
8518 86 45 0.1654
8604 86 57 0.1811
8604 86 55 0.1811
8604 86 61 0.2205
8604 86 45 0.1654
8691 260 66 0.3465
8778 86 54 0.1339
8778 86 57 0.1496
8778 86 62 0.1811
8778 86 38 0.1339
8865 86 54 0.1339
8865 86 57 0.1496
8865 86 62 0.1811
8865 86 38 0.1339
8996 217 60 0.378
9039 173 62 0.3465
9039 86 50 0.3622
9083 43 66 0.3465
9126 43 70 0.3858
9126 86 50 0.3622
9169 43 69 0.3701
9213 260 67 0.3465
9300 86 62 0.2205
9300 86 59 0.2205
9300 86 65 0.2598
9300 86 55 0.2126
9387 86 62 0.2205
9387 86 59 0.2205
9387 86 65 0.2598
9387 86 55 0.2126
9474 260 79 0.4567
9561 86 65 0.2205
9561 86 71 0.2441
9561 86 67 0.2441
9561 86 74 0.2835
9561 86 43 0.2205
9647 86 65 0.252
9647 86 71 0.252
9647 86 67 0.2205
9647 86 74 0.2913
9647 86 43 0.2205
9734 260 79 0.4882
9821 86 67 0.2598
9821 86 72 0.2598
9821 86 75 0.3071
9821 173 48 0.252
9821 86 36 0.2756
9908 86 67 0.2677
9908 86 72 0.2677
9908 86 75 0.315
9908 86 55 0.3386
9995 260 74 0.5197
10082 86 62 0.2756
10082 86 67 0.3228
10082 173 50 0.2441
10082 86 38 0.2677
10169 86 62 0.2835
10169 86 67 0.3307
10169 86 55 0.3465
10256 260 72 0.4567
10343 86 60 0.2756
10343 86 67 0.3228
10343 173 51 0.2598
10343 86 39 0.2835
10430 86 60 0.2677
10430 86 67 0.315
10430 86 55 0.3386
10517 260 67 0.4882
10604 86 58 0.2441
10604 86 62 0.2913
10604 173 50 0.2205
10604 86 38 0.2441
10691 86 58 0.2362
10691 86 62 0.2835
10691 86 55 0.2835
10777 260 79 0.4882
10777 43 47 0.4094
10821 43 48 0.3307
10864 86 67 0.2598
10864 86 72 0.2598
10864 86 75 0.3071
10864 43 50 0.3307
10908 43 48 0.3307
10951 86 67 0.2677
10951 86 72 0.2677
10951 86 75 0.315
10951 86 55 0.4016
11038 260 74 0.4646
11038 43 49 0.4173
11082 43 50 0.3386
11125 86 62 0.2756
11125 86 67 0.3228
11125 43 51 0.3701
11169 43 50 0.3307
11212 86 62 0.2835
11212 86 67 0.3307
11212 86 55 0.4094
11299 260 72 0.5039
11299 43 50 0.4488
11342 43 51 0.378
11386 86 60 0.2756
11386 86 67 0.3228
11386 43 53 0.378
11429 43 51 0.378
11473 86 60 0.2677
11473 86 67 0.315
11473 65 55 0.4252
11538 0 51 0.2835
11545 7 52 0.2835
11552 7 53 0.2756
11560 260 67 0.4882
11560 10 52 0.2756
11571 10 53 0.2835
11581 10 52 0.2835
11592 10 53 0.2913
11603 10 52 0.2913
11614 10 53 0.2992
11625 10 52 0.2992
11636 10 53 0.3071
11647 86 58 0.2441
11647 86 61 0.2913
11647 10 52 0.3071
11657 10 53 0.3071
11668 10 52 0.315
11679 10 53 0.315
11690 10 52 0.3307
11701 10 53 0.3307
11712 10 52 0.3386
11723 10 53 0.3386
11734 86 58 0.2362
11734 86 61 0.2835
11734 10 52 0.3465
11744 10 53 0.3465
11755 10 52 0.3622
11766 10 53 0.3622
11777 10 52 0.3701
11788 16 51 0.3701
11804 16 52 0.378
11820 260 65 0.4488
11820 347 53 0.4331
11907 86 58 0.2756
11907 86 62 0.3307
11994 86 58 0.2756
11994 86 62 0.3307
12081 336 74 0.4724
12168 86 65 0.2992
12168 86 62 0.2992
12168 86 70 0.3543
12168 86 40 0.2913
12168 86 52 0.3622
12255 86 65 0.2992
12255 86 62 0.2992
12255 86 70 0.3543
12255 86 41 0.2913
12255 86 53 0.3622
12342 86 63 0.4016
12342 86 69 0.4016
12342 347 42 0.3307
12342 347 54 0.4016
12418 10 74 0.4331
12429 86 63 0.378
12429 86 69 0.378
12429 86 72 0.4882
12516 86 63 0.3543
12516 86 69 0.3543
12516 86 71 0.4567
12603 86 63 0.3937
12603 86 69 0.3937
12603 86 72 0.5118
12690 86 63 0.3858
12690 86 69 0.3858
12690 86 74 0.5039
12690 86 41 0.2677
12690 86 53 0.315
12777 86 63 0.4016
12777 86 69 0.4016
12777 86 75 0.5197
12777 86 42 0.2913
12777 86 54 0.3465
12863 260 75 0.5591
12863 521 43 0.315
12863 521 55 0.378
12950 86 63 0.3858
12950 86 70 0.3858
13037 86 63 0.3858
13037 86 70 0.3858
13124 86 62 0.3386
13124 86 70 0.3386
13124 260 74 0.4409
13211 86 62 0.3386
13211 86 70 0.3386
13298 86 62 0.3386
13298 86 70 0.3386
13385 86 60 0.4016
13385 86 66 0.4016
13385 521 38 0.252
13385 521 50 0.2992
13461 10 70 0.3937
13472 86 60 0.378
13472 86 66 0.378
13472 86 69 0.4488
13559 86 60 0.3386
13559 86 66 0.3386
13559 86 68 0.4252
13646 86 60 0.378
13646 86 66 0.378
13646 86 69 0.4488
13733 86 60 0.3701
13733 86 66 0.3701
13733 86 70 0.4409
13820 86 60 0.3858
13820 86 66 0.3858
13820 86 72 0.4567
13906 260 72 0.5276
13906 521 39 0.2598
13906 521 51 0.3071
13993 86 60 0.3858
13993 86 67 0.3858
14080 86 60 0.3858
14080 86 67 0.3858
14167 86 58 0.3386
14167 86 67 0.3386
14167 260 70 0.4016
14254 86 58 0.3386
14254 86 67 0.3386
14341 86 58 0.3386
14341 86 67 0.3386
14428 86 63 0.3937
14428 86 67 0.3937
14428 260 69 0.4409
14428 260 36 0.3071
14428 260 48 0.3071
14515 86 63 0.3937
14515 86 67 0.3937
14602 86 63 0.3937
14602 86 67 0.3937
14689 86 62 0.3307
14689 86 66 0.3307
14689 217 69 0.4016
14689 260 38 0.2598
14689 260 50 0.3071
14776 86 62 0.3307
14776 86 66 0.3307
14863 86 62 0.3307
14863 86 66 0.3307
14906 21 69 0.4016
14928 108 57 0.4016
14939 97 64 0.4016
14950 434 69 0.4016
14950 86 37 0.2598
14950 86 49 0.3071
15036 86 52 0.2362
15036 86 57 0.2362
15036 86 64 0.2835
15123 86 52 0.2205
15123 86 57 0.2205
15123 86 64 0.2677
15210 86 52 0.2205
15210 86 57 0.2205
15210 86 64 0.2677
15297 86 52 0.2205
15297 86 57 0.2205
15297 86 64 0.2677
15384 108 69 0.5197
15384 86 52 0.2283
15384 86 57 0.2283
15384 86 64 0.2756
15471 86 36 0.2835
15471 86 48 0.3307
15493 21 70 0.4409
15514 21 69 0.4409
15536 21 68 0.4488
15558 21 69 0.4567
15558 86 53 0.2598
15558 86 57 0.2598
15558 86 63 0.2598
15558 86 65 0.3071
15580 21 79 0.4724
15601 21 76 0.4803
15623 21 77 0.4882
15645 21 77 0.4961
15645 86 53 0.2598
15645 86 57 0.2598
15645 86 63 0.2598
15645 86 65 0.3071
15667 21 91 0.5039
15688 21 89 0.5197
15710 21 88 0.5197
15732 14 87 0.5276
15732 86 53 0.2598
15732 86 57 0.2598
15732 86 63 0.2598
15732 86 65 0.3071
15746 14 84 0.4567
15761 14 81 0.4567
15775 14 82 0.4882
15790 14 86 0.4567
15804 14 84 0.4567
15819 14 82 0.5197
15819 86 53 0.2598
15819 86 57 0.2598
15819 86 63 0.2598
15819 86 65 0.3071
15833 14 79 0.4567
15848 14 77 0.4567
15862 14 74 0.4882
15877 14 75 0.4567
15891 14 76 0.4567
15906 14 77 0.4961
15906 86 53 0.2598
15906 86 57 0.2598
15906 86 63 0.2598
15906 86 65 0.3071
15920 14 78 0.4567
15935 14 81 0.4567
15949 14 79 0.4567
15964 14 77 0.4409
15978 14 75 0.4409
15993 43 73 0.5039
15993 86 34 0.2992
15993 86 46 0.3543
16079 260 74 0.5197
16079 86 50 0.2441
16079 86 53 0.2441
16079 86 58 0.3071
16166 86 53 0.2598
16166 86 58 0.2598
16166 86 62 0.3071
16253 86 39 0.315
16340 86 72 0.4409
16340 86 51 0.2441
16340 86 55 0.2441
16340 86 60 0.2913
16427 86 67 0.4488
16427 86 55 0.2441
16427 86 60 0.2441
16427 86 63 0.2913
16514 260 70 0.4882
16514 86 38 0.3307
16601 86 55 0.2283
16601 86 58 0.2283
16601 86 63 0.2756
16688 173 62 0.2756
16688 173 58 0.2283
16688 86 55 0.2283
16775 260 66 0.4173
16775 260 50 0.3071
16862 86 61 0.2756
16862 86 58 0.2283
16949 86 57 0.2362
16949 86 60 0.2835
17036 86 67 0.3701
17036 43 43 0.2835
17122 43 70 0.2205
17122 43 82 0.3937
17122 86 65 0.2205
17122 173 58 0.1496
17122 173 55 0.1496
17166 43 74 0.3543
17209 43 77 0.378
17209 86 63 0.2283
17253 130 75 0.3543
17296 43 42 0.2992
17383 43 69 0.2441
17383 43 81 0.3937
17383 86 63 0.2205
17383 173 54 0.1496
17383 173 57 0.1496
17427 43 73 0.3465
17470 43 75 0.3858
17470 86 62 0.2283
17514 130 74 0.3543
17557 43 43 0.2992
17644 43 70 0.2362
17644 43 82 0.3937
17644 86 65 0.2362
17644 173 58 0.1575
17644 173 55 0.1575
17687 43 74 0.378
17731 43 77 0.3937
17731 86 63 0.2362
17774 130 75 0.3701
17818 43 41 0.315
17905 43 68 0.252
17905 43 80 0.4016
17905 173 59 0.1575
17905 86 63 0.2362
17905 173 53 0.1575
17905 173 56 0.1575
17948 43 73 0.3701
17992 43 75 0.4094
17992 86 62 0.2362
18035 130 74 0.3701
18079 43 39 0.3228
18166 43 67 0.252
18166 43 79 0.4173
18166 86 62 0.252
18166 173 55 0.1654
18166 173 51 0.1654
18209 43 71 0.3937
18252 43 74 0.4173
18252 86 60 0.252
18296 130 72 0.3858
18339 43 36 0.3307
18426 43 60 0.3228
18426 43 72 0.4252
18426 86 58 0.2441
18426 173 51 0.2047
18470 43 68 0.3858
18513 43 70 0.4331
18513 86 57 0.252
18557 130 69 0.3858
18600 43 38 0.3386
18687 43 63 0.3386
18687 43 75 0.4331
18687 86 55 0.2598
18687 173 60 0.2205
18687 173 50 0.2205
18730 43 71 0.4173
18774 43 74 0.4409
18774 86 54 0.2598
18817 130 72 0.4094
18861 43 38 0.3465
18948 43 63 0.378
18948 86 67 0.4488
18948 86 57 0.2913
18991 43 62 0.4016
19035 43 61 0.4094
19035 86 66 0.3701
19035 86 69 0.4488
19035 86 50 0.2992
19078 43 60 0.4094
19122 86 58 0.4724
19122 86 67 0.4724
19122 86 70 0.5591
19122 43 55 0.4646
19122 43 43 0.4646
19209 173 70 0.4094
19209 173 82 0.5591
19209 86 65 0.3386
19209 173 55 0.2835
19252 43 74 0.5276
19295 43 77 0.5591
19295 86 58 0.2835
19295 86 63 0.3386
19339 130 75 0.5197
19382 43 54 0.4882
19382 43 42 0.4882
19469 173 69 0.4488
19469 173 81 0.5591
19469 86 63 0.3228
19469 173 54 0.2756
19513 43 73 0.5118
19556 43 75 0.5669
19556 86 57 0.2756
19556 86 62 0.3307
19600 130 74 0.5197
19643 43 55 0.4803
19643 43 43 0.4803
19730 173 70 0.4409
19730 173 82 0.5669
19730 86 65 0.3465
19730 173 55 0.2835
19774 43 74 0.5433
19817 43 77 0.5748
19817 86 58 0.2913
19817 86 63 0.3465
19860 43 75 0.5276
19904 43 53 0.4961
19904 43 41 0.4961
19991 173 68 0.4488
19991 173 80 0.5827
19991 86 63 0.3386
19991 173 53 0.2835
20034 43 73 0.5276
20078 43 75 0.5827
20078 86 56 0.2835
20078 86 59 0.2835
20078 86 62 0.3386
20121 43 74 0.5276
20165 43 51 0.4882
20165 43 39 0.4882
20252 173 67 0.4488
20252 173 79 0.5906
20252 86 62 0.3543
20252 173 51 0.2992
20295 43 71 0.5591
20338 43 74 0.5906
20338 86 55 0.2992
20338 86 60 0.3543
20382 43 72 0.5512
20425 43 48 0.5197
20425 43 36 0.5197
20512 173 60 0.4488
20512 173 72 0.5906
20512 86 58 0.3465
20512 173 48 0.2913
20556 43 68 0.5433
20599 43 70 0.5984
20599 86 51 0.2913
20599 86 57 0.3465
20643 43 69 0.5433
20686 43 38 0.5039
20773 173 63 0.4646
20773 173 75 0.5984
20773 86 45 0.3622
20773 86 55 0.3622
20817 43 71 0.5748
20860 43 74 0.6063
20860 86 48 0.3071
20860 86 54 0.3701
20903 43 72 0.5591
20947 43 38 0.5276
21034 173 54 0.6142
21034 173 66 0.6142
21034 86 45 0.4016
21034 86 51 0.4016
21077 43 61 0.5591
21121 43 63 0.5591
21121 86 48 0.4016
21121 130 50 0.4016
21164 43 62 0.5591
21208 43 67 0.622
21208 43 58 0.5276
21208 43 43 0.4016
21251 21 60 0.6142
21251 21 55 0.4173
21251 43 31 0.252
21251 43 43 0.2992
21273 21 58 0.5118
21295 21 57 0.5039
21316 21 55 0.5118
21338 43 58 0.6063
21338 43 67 0.6063
21338 43 50 0.4016
21338 43 43 0.2992
21382 21 60 0.6063
21382 21 55 0.4094
21382 86 43 0.252
21382 21 51 0.3386
21403 21 58 0.5039
21403 21 50 0.3543
21425 21 57 0.5039
21447 21 55 0.4961
21468 21 65 0.5433
21468 173 48 0.3386
21468 173 43 0.3386
21468 173 51 0.4016
21490 21 60 0.4094
21512 21 63 0.4252
21512 130 57 0.3858
21534 21 54 0.4331
21555 21 60 0.4488
21577 21 63 0.4567
21599 21 66 0.4724
21621 21 72 0.4882
21642 21 77 0.4961
21642 43 43 0.3386
21642 43 55 0.4016
21664 21 75 0.5118
21686 21 74 0.5276
21686 43 63 0.4331
21686 43 51 0.3622
21707 21 72 0.5354
21729 21 79 0.622
21729 21 70 0.5276
21729 21 50 0.3622
21729 21 62 0.4016
21773 21 67 0.4173
21773 21 72 0.6142
21773 86 43 0.252
21773 86 55 0.2992
21794 21 70 0.5118
21816 21 69 0.5039
21838 21 67 0.5118
21860 43 70 0.5433
21860 43 79 0.6063
21860 43 62 0.3543
21860 43 55 0.2992
21903 21 72 0.6063
21903 21 67 0.4094
21903 86 55 0.252
21903 21 63 0.3386
21925 21 70 0.5039
21925 21 62 0.3543
21946 21 69 0.5039
21968 21 67 0.4961
21990 21 77 0.5433
21990 173 60 0.3386
21990 173 55 0.3386
21990 173 63 0.4016
22012 21 72 0.4094
22033 21 75 0.4252
22033 130 69 0.3858
22055 21 66 0.4331
22077 21 72 0.4488
22099 21 75 0.4567
22120 21 78 0.4724
22142 21 84 0.4882
22164 21 89 0.4961
22164 43 55 0.3386
22164 43 67 0.4016
22185 21 87 0.5118
22207 21 86 0.5276
22207 43 75 0.4331
22207 43 63 0.3622
22229 21 84 0.5354
22251 21 91 0.5984
22251 21 82 0.5039
22251 21 67 0.4331
22251 21 74 0.4331
22316 21 91 0.4961
22316 21 96 0.5906
22338 21 94 0.5354
22359 21 86 0.5354
22381 21 94 0.5748
22381 21 90 0.4882
22381 43 75 0.5197
22381 43 63 0.2992
22381 43 66 0.2992
22381 43 69 0.378
22403 21 93 0.5276
22425 21 86 0.5197
22425 43 74 0.4094
22446 21 78 0.4724
22446 21 82 0.5591
22468 21 81 0.5039
22468 43 62 0.4094
22490 21 74 0.5039
22511 21 84 0.5197
22511 21 79 0.4409
22511 21 55 0.4331
22533 21 82 0.4724
22555 21 86 0.4724
22555 86 62 0.4016
22577 21 91 0.4882
22577 21 96 0.5827
22598 21 94 0.5354
22598 43 74 0.4016
22620 21 86 0.5433
22642 21 94 0.5591
22642 21 90 0.4724
22642 43 66 0.2992
22642 43 63 0.2992
22642 43 75 0.5197
22642 43 69 0.378
22664 21 93 0.5039
22685 21 86 0.4961
22685 43 74 0.3937
22707 21 78 0.4409
22707 21 82 0.5197
22729 21 81 0.4724
22729 43 62 0.4173
22750 21 74 0.4724
22772 21 79 0.4409
22772 21 84 0.5197
22772 43 55 0.4331
22794 21 82 0.4724
22816 21 86 0.4724
22837 21 91 0.4882
22837 21 96 0.5827
22859 21 94 0.5354
22859 43 50 0.4016
22881 21 86 0.5433
22903 21 94 0.5591
22903 21 90 0.4724
22903 43 54 0.2992
22903 43 63 0.5197
22903 43 57 0.378
22903 43 51 0.2992
22924 21 93 0.5039
22946 21 86 0.4961
22946 43 62 0.3937
22968 21 78 0.4409
22968 21 82 0.5197
22989 21 81 0.4724
22989 43 50 0.4173
23011 21 74 0.4724
23033 21 72 0.4646
23033 21 67 0.3937
23033 21 43 0.3858
23055 21 70 0.4252
23076 21 74 0.4252
23076 86 50 0.3543
23098 21 84 0.5197
23098 21 79 0.4331
23120 21 82 0.4803
23120 43 62 0.3543
23142 21 74 0.4882
23163 21 82 0.4961
23163 21 78 0.4252
23163 43 63 0.4488
23163 43 51 0.2677
23163 43 54 0.2677
23163 43 57 0.3307
23185 21 81 0.4488
23207 21 74 0.4409
23207 43 62 0.3543
23229 21 70 0.4646
23229 21 66 0.3937
23250 21 69 0.4252
23250 43 50 0.3701
23272 21 62 0.4252
23294 21 72 0.4646
23294 21 67 0.3937
23294 43 43 0.4567
23315 21 70 0.4252
23337 21 74 0.4252
23337 43 58 0.3543
23337 43 50 0.3543
23359 21 84 0.4646
23359 21 79 0.3858
23381 21 82 0.4252
23402 21 74 0.4331
23424 21 81 0.4409
23424 21 74 0.378
23424 43 37 0.3622
23424 43 49 0.4567
23446 21 79 0.4016
23468 21 70 0.3937
23468 43 38 0.3071
23468 43 50 0.3543
23489 21 75 0.4173
23489 21 70 0.3543
23511 21 74 0.378
23533 21 67 0.378
23554 21 72 0.3543
23554 21 67 0.2992
23554 43 43 0.3858
23554 43 31 0.3858
23576 21 70 0.315
23598 21 62 0.315
23598 43 46 0.2992
23620 21 62 0.3228
23620 21 69 0.3937
23641 21 67 0.3543
23663 21 58 0.3622
23685 21 63 0.3701
23685 21 58 0.315
23685 43 37 0.3858
23707 21 62 0.3386
23728 21 55 0.3307
23728 43 38 0.2992
23750 21 55 0.2992
23750 21 60 0.3543
23772 21 58 0.315
23793 21 50 0.315
23815 21 55 0.3543
23815 21 60 0.4173
23815 43 43 0.3858
23815 43 31 0.3858
23837 21 58 0.378
23859 21 50 0.378
23880 21 55 0.3622
23880 21 62 0.4331
23902 21 60 0.3937
23902 43 36 0.3543
23924 21 51 0.4016
23946 21 55 0.3543
23946 21 60 0.4252
23946 43 31 0.3858
23946 43 43 0.3858
23967 21 58 0.3937
23989 21 50 0.3937
24011 21 55 0.3543
24011 21 62 0.4173
24033 21 60 0.378
24033 43 36 0.3543
24054 21 51 0.378
24076 21 55 0.3543
24076 21 60 0.4173
24076 43 31 0.3858
24076 43 43 0.3858
24098 21 58 0.378
24119 21 50 0.378
24141 21 62 0.4331
24141 21 55 0.3622
24163 21 60 0.3937
24163 43 36 0.3543
24185 21 51 0.4016
24206 21 55 0.3543
24206 21 60 0.4252
24206 43 43 0.3858
24206 43 31 0.3858
24228 21 58 0.3937
24250 21 50 0.3937
24272 21 62 0.4173
24272 21 55 0.3543
24293 21 60 0.378
24293 43 36 0.3543
24315 21 51 0.378
24337 21 55 0.3937
24337 130 31 0.3228
24337 130 43 0.3858
24358 21 62 0.4016
24380 21 58 0.4094
24402 21 62 0.4173
24424 21 67 0.4331
24445 21 70 0.4409
24467 21 74 0.4488
24489 21 79 0.4567
24511 21 82 0.4646
24511 39 62 0.378
24511 39 67 0.4488
24532 21 86 0.4803
24554 21 91 0.4882
24554 39 62 0.4173
24554 39 55 0.3543
24576 21 98 0.4961
24597 21 94 0.4961
24597 86 62 0.378
24597 86 67 0.4488
24619 21 98 0.4724
24641 21 91 0.4646
24663 21 86 0.4567
24684 21 82 0.4567
24706 21 79 0.4488
24728 21 74 0.4409
24750 21 70 0.4409
24771 21 67 0.4331
24793 21 62 0.4252
24815 21 58 0.4173
24815 43 38 0.3858
24837 21 50 0.4173
24858 21 55 0.3858
24858 217 31 0.3465
24858 217 43 0.4094
24880 21 62 0.3937
24902 21 58 0.4094
24923 21 62 0.4252
24945 21 67 0.4331
24967 21 74 0.4488
24989 21 70 0.4488
25010 21 74 0.4409
25032 21 67 0.4252
25054 21 62 0.4173
25076 21 58 0.4016
25076 43 38 0.3701
25097 21 50 0.3858
25119 21 54 0.3858
25119 217 30 0.3465
25119 217 42 0.4094
25141 21 62 0.3937
25162 21 58 0.4094
25184 21 62 0.4252
25206 21 66 0.4331
25228 21 74 0.4488
25249 21 70 0.4488
25271 21 74 0.4409
25293 21 66 0.4252
25315 21 62 0.4173
25336 21 58 0.4016
25336 43 38 0.3701
25358 21 50 0.3858
25380 21 55 0.3937
25380 130 43 0.3858
25380 130 31 0.3228
25401 21 62 0.4016
25423 21 58 0.4094
25445 21 62 0.4173
25467 21 67 0.4331
25488 21 70 0.4409
25510 21 74 0.4488
25532 21 79 0.4567
25554 21 82 0.4646
25554 39 55 0.4488
25554 39 50 0.378
25575 21 86 0.4803
25597 21 91 0.4882
25597 39 43 0.3543
25597 39 50 0.4173
25619 21 98 0.4961
25641 21 94 0.4961
25641 86 50 0.378
25641 86 55 0.4488
25662 21 98 0.4724
25684 21 91 0.4646
25706 21 86 0.4567
25727 21 82 0.4567
25749 21 79 0.4488
25771 21 74 0.4409
25793 21 70 0.4409
25814 21 67 0.4331
25836 21 62 0.4252
25858 21 58 0.4173
25858 43 38 0.3858
25880 21 50 0.4173
25901 21 54 0.3858
25901 217 42 0.4094
25901 217 30 0.3465
25923 21 62 0.3937
25945 21 58 0.4094
25966 21 62 0.4252
25988 21 66 0.4331
26010 21 74 0.4488
26032 21 70 0.4488
26053 21 74 0.4409
26075 21 66 0.4252
26097 21 62 0.4173
26119 21 58 0.4016
26119 43 38 0.3701
26140 21 50 0.3858
26162 21 53 0.3858
26162 217 41 0.4094
26162 347 29 0.3465
26184 21 62 0.3937
26205 21 58 0.4094
26227 21 62 0.4252
26249 21 65 0.4331
26271 21 74 0.4488
26292 21 70 0.4488
26314 21 74 0.4409
26336 21 65 0.4252
26358 21 62 0.4173
26379 21 58 0.4016
26379 43 43 0.3701
26401 21 50 0.3858
26423 21 53 0.3937
26423 86 45 0.3858
26445 21 60 0.4016
26466 21 57 0.4094
26488 21 60 0.4173
26510 21 65 0.4331
26531 21 69 0.4409
26553 21 72 0.4488
26575 21 77 0.4567
26597 21 81 0.4646
26597 39 60 0.3465
26597 39 65 0.4094
26618 21 84 0.4803
26640 21 89 0.4882
26640 39 60 0.3465
26640 39 53 0.2835
26662 21 93 0.4961
26684 43 101 0.4961
26684 217 65 0.4094
26684 217 60 0.3465
26901 43 53 0.2756
26901 43 60 0.3228
26944 217 65 0.3622
26944 217 60 0.3071
27162 43 53 0.2441
27162 43 60 0.2835
27205 86 60 0.2677
27205 86 65 0.315
27292 43 53 0.2205
27292 43 60 0.2677
27335 43 65 0.2913
27335 43 60 0.2441
27379 41 53 0.2362
27379 41 60 0.2835
27422 304 60 0.2362
27422 304 65 0.2835
27466 86 34 0.2835
27553 86 46 0.2283
27640 86 56 0.2283
27727 260 62 0.2677
27727 173 67 0.3307
27727 86 53 0.2441
27813 86 60 0.2441
27900 86 67 0.2913
27900 86 58 0.2441
27987 347 63 0.3307
27987 86 39 0.2835
28074 86 46 0.2126
28161 86 51 0.2047
28248 86 55 0.252
28335 130 75 0.3937
28335 86 58 0.2441
28422 86 63 0.2441
28465 43 74 0.315
28509 260 67 0.2598
28509 260 72 0.3858
28509 86 60 0.2598
28596 86 63 0.2362
28683 86 53 0.1969
28770 173 74 0.378
28770 260 69 0.2913
28770 86 63 0.2598
28857 86 67 0.2362
28943 86 74 0.2913
28943 86 65 0.2362
29030 260 70 0.315
29030 86 46 0.2835
29117 86 53 0.2283
29204 86 58 0.2283
29291 173 82 0.4724
29291 86 62 0.252
29378 86 65 0.252
29465 86 82 0.4409
29465 86 70 0.252
29552 173 82 0.4646
29552 86 60 0.2835
29639 86 63 0.2362
29726 82 80 0.4331
29726 86 53 0.2362
29813 86 80 0.4646
29813 86 58 0.2598
29900 86 79 0.4409
29900 86 62 0.2047
29986 83 78 0.4331
29986 86 68 0.2205
30073 173 78 0.4567
30073 86 58 0.2835
30160 86 62 0.2283
30247 173 79 0.4409
30247 86 51 0.2283
30334 86 56 0.2205
30421 130 80 0.4882
30421 86 60 0.2283
30508 86 67 0.2283
30551 43 75 0.4409
30595 173 79 0.4646
30595 86 56 0.2835
30682 86 60 0.2441
30769 173 77 0.3937
30769 86 50 0.252
30856 86 55 0.2362
30943 130 79 0.4646
30943 86 59 0.2835
31029 86 65 0.2362
31073 43 74 0.4173
31116 86 77 0.4646
31116 86 55 0.2835
31203 86 75 0.4331
31203 86 60 0.2441
31290 86 74 0.4331
31290 86 48 0.2441
31377 28 72 0.4331
31377 86 53 0.2598
31406 28 74 0.3937
31435 28 72 0.3937
31464 43 71 0.4173
31464 86 57 0.2598
31508 43 72 0.3937
31551 43 74 0.3937
31551 86 63 0.2598
31594 32 75 0.3937
31627 271 60 0.2362
31638 260 65 0.2835
31638 86 53 0.2835
31725 86 56 0.2283
31812 86 46 0.2283
31899 260 62 0.2677
31899 173 67 0.3307
31899 86 56 0.2441
31986 86 60 0.2441
32073 86 67 0.2913
32073 86 58 0.2441
32159 347 63 0.3307
32159 86 39 0.2835
32246 86 46 0.2362
32333 86 51 0.2126
32420 86 55 0.2441
32507 130 75 0.4331
32507 86 58 0.2441
32594 86 63 0.2205
32637 43 74 0.3465
32681 260 67 0.2677
32681 260 72 0.4173
32681 86 60 0.2362
32768 86 63 0.2362
32855 86 53 0.1969
32942 260 69 0.315
32942 172 74 0.4094
32942 86 63 0.2598
33029 86 67 0.2362
33116 86 74 0.3701
33116 86 65 0.2362
33202 260 70 0.3858
33202 86 46 0.2835
33289 86 53 0.252
33376 86 58 0.252
33463 172 82 0.5197
33463 86 62 0.2677
33550 86 65 0.2913
33637 83 82 0.4724
33637 86 70 0.3307
33724 260 82 0.5354
33724 86 36 0.3465
33811 86 64 0.2362
33898 86 58 0.2047
33985 173 72 0.4803
33985 260 55 0.2362
34072 86 64 0.2126
34159 86 74 0.4331
34159 86 58 0.2126
34245 28 75 0.4724
34245 260 53 0.2835
34274 28 77 0.4173
34303 28 75 0.4173
34332 86 74 0.4094
34332 86 63 0.2441
34419 86 75 0.4331
34419 86 57 0.2441
34506 85 79 0.4409
34506 86 46 0.2835
34593 115 79 0.4803
34593 86 62 0.2441
34680 86 56 0.2441
34709 28 77 0.378
34738 25 75 0.378
34767 260 75 0.3937
34767 43 39 0.2992
34810 43 46 0.2047
34854 43 55 0.2441
34897 43 51 0.2126
34941 43 58 0.2441
34984 43 55 0.2126
35028 86 63 0.252
35115 43 67 0.2835
35158 43 68 0.2677
35202 28 70 0.2913
35231 28 74 0.2677
35260 28 72 0.2677
35288 260 70 0.3307
35288 43 39 0.252
35332 43 46 0.1732
35375 43 55 0.2047
35419 43 51 0.1732
35462 43 58 0.2047
35506 43 55 0.1732
35549 86 63 0.2126
35636 43 67 0.2835
35680 43 68 0.2677
35723 28 70 0.2913
35752 28 74 0.2677
35781 28 72 0.2677
35810 260 70 0.3307
35810 43 39 0.252
35853 43 46 0.1732
35897 43 56 0.2047
35940 43 53 0.1732
35984 43 58 0.2047
36027 43 56 0.1732
36071 86 62 0.2126
36158 43 65 0.2835
36201 43 68 0.2677
36245 28 70 0.2913
36274 28 74 0.2677
36303 28 72 0.2677
36332 115 70 0.3307
36332 43 39 0.252
36375 43 46 0.1969
36418 86 55 0.2205
36447 86 61 0.2677
36476 28 63 0.2677
36505 28 67 0.3071
36534 28 72 0.2677
36563 28 70 0.2756
36592 130 68 0.2992
36592 43 39 0.252
36636 43 51 0.1969
36679 86 56 0.2283
36723 86 59 0.2913
36766 43 63 0.2992
36810 43 65 0.2756
36853 260 67 0.3622
36853 43 39 0.252
36896 43 46 0.1732
36940 43 55 0.2047
36983 43 51 0.1732
37027 43 58 0.2047
37070 43 55 0.1732
37114 86 63 0.2126
37201 43 67 0.2835
37244 43 68 0.2677
37288 28 70 0.2913
37317 28 74 0.2677
37346 28 72 0.2677
37375 86 70 0.3307
37375 43 39 0.252
37418 43 46 0.1732
37461 260 82 0.4016
37461 43 55 0.2047
37505 43 51 0.1732
37548 43 58 0.2047
37592 43 55 0.1732
37635 86 63 0.2126
37751 28 67 0.2835
37780 28 68 0.2677
37809 28 70 0.2913
37838 28 74 0.2677
37867 28 72 0.2677
37896 86 70 0.3307
37896 43 39 0.252
37940 43 46 0.1732
37983 260 82 0.3937
37983 43 56 0.2047
38026 43 53 0.1732
38070 43 58 0.2047
38113 43 56 0.1732
38157 86 62 0.2126
38273 28 65 0.2835
38302 28 68 0.2677
38331 28 70 0.2913
38360 28 74 0.2677
38389 28 72 0.2677
38418 115 70 0.3307
38418 43 39 0.252
38461 43 46 0.1969
38504 86 55 0.2205
38533 86 61 0.2677
38562 28 63 0.2677
38591 28 67 0.3071
38620 28 72 0.2677
38649 28 70 0.2756
38678 130 68 0.2992
38678 43 39 0.252
38722 43 51 0.1969
38765 86 56 0.2283
38809 86 59 0.2913
38852 43 63 0.2992
38896 43 65 0.2756
38939 304 67 0.3622
38939 43 39 0.252
38983 43 46 0.1732
39026 43 55 0.2047
39069 43 51 0.1732
39113 43 58 0.2047
39156 43 55 0.1732
39200 86 63 0.2126
39243 43 67 0.2677
39287 43 70 0.2835
39330 43 79 0.2913
39374 43 77 0.315
39417 43 75 0.2913
39461 304 74 0.3622
39461 43 43 0.252
39504 43 50 0.1732
39548 43 58 0.2047
39591 43 55 0.1732
39634 43 62 0.2047
39678 43 58 0.1732
39721 86 67 0.2126
39765 43 70 0.2677
39808 43 74 0.2835
39852 43 82 0.2913
39895 43 74 0.315
39939 43 75 0.2913
39982 86 76 0.3622
39982 43 46 0.252
40026 43 53 0.1732
40069 217 77 0.3622
40069 43 62 0.2047
40112 43 58 0.1732
40156 43 65 0.2047
40199 43 62 0.1732
40243 86 70 0.2126
40286 43 74 0.3071
40330 43 77 0.3386
40373 43 86 0.3937
40417 43 84 0.3622
40460 43 82 0.3228
40504 43 80 0.3543
40504 43 50 0.2441
40547 43 81 0.315
40547 43 57 0.2047
40591 43 89 0.4016
40591 43 65 0.2441
40634 43 88 0.3622
40634 43 62 0.2047
40677 43 86 0.3543
40677 43 69 0.2441
40721 43 81 0.315
40721 43 65 0.2047
40764 43 74 0.315
40808 43 69 0.2835
40851 43 65 0.3071
40895 43 62 0.2677
40938 32 64 0.3071
40971 10 67 0.2441
40982 43 65 0.2835
41025 260 52 0.2205
41112 86 40 0.1969
41199 86 40 0.1969
41329 217 62 0.2992
41373 173 64 0.2913
41373 43 40 0.3071
41416 43 68 0.2913
41460 43 72 0.3228
41460 43 40 0.3071
41503 43 71 0.3071
41547 260 69 0.2913
41634 86 60 0.1811
41634 86 64 0.2205
41634 86 40 0.1732
41720 86 60 0.1811
41720 86 64 0.2205
41720 86 40 0.1732
41807 260 76 0.3228
41807 260 64 0.2677
41894 86 69 0.2205
41894 86 52 0.1654
41894 86 57 0.1654
41981 86 69 0.2205
41981 86 57 0.1654
41981 86 52 0.1654
42068 260 74 0.3071
42068 260 62 0.2677
42155 86 69 0.2205
42155 86 65 0.1811
42155 86 57 0.1732
42155 86 52 0.1732
42242 86 65 0.1811
42242 86 69 0.2205
42242 86 52 0.1732
42242 86 57 0.1732
42372 217 62 0.315
42416 173 64 0.2913
42416 43 40 0.3071
42459 43 68 0.2913
42503 43 72 0.3228
42503 43 40 0.3071
42546 43 71 0.3071
42590 260 69 0.2913
42677 86 60 0.1811
42677 86 64 0.2205
42677 86 40 0.1732
42764 86 60 0.1811
42764 86 64 0.2205
42764 86 40 0.1732
42850 260 66 0.2913
42850 260 54 0.2441
42937 86 64 0.2205
42937 86 57 0.1811
42937 86 60 0.1811
42937 86 40 0.1654
43024 86 64 0.2205
43024 86 57 0.1811
43024 86 60 0.1811
43024 86 40 0.1654
43111 260 68 0.2913
43111 260 56 0.2441
43198 86 59 0.1496
43198 86 64 0.1811
43198 86 40 0.126
43285 86 59 0.1496
43285 86 64 0.1811
43285 86 40 0.126
43415 217 62 0.315
43459 173 64 0.2913
43459 86 40 0.3071
43502 43 68 0.2913
43546 43 72 0.3228
43546 86 40 0.3071
43589 43 71 0.3071
43633 260 69 0.2913
43720 86 60 0.1811
43720 86 64 0.2205
43720 86 40 0.1732
43807 86 60 0.1811
43807 86 64 0.2205
43807 86 40 0.1732
43893 260 76 0.4173
43893 260 64 0.3228
43980 86 72 0.252
43980 86 69 0.2047
43980 86 60 0.189
43980 86 52 0.1496
43980 86 57 0.1496
44067 86 69 0.2047
44067 86 72 0.252
44067 86 52 0.1496
44067 86 60 0.189
44067 86 57 0.1496
44154 260 78 0.4173
44154 260 66 0.3228
44241 86 64 0.2047
44241 86 69 0.2047
44241 86 72 0.252
44241 86 52 0.1496
44241 86 60 0.189
44241 86 57 0.1496
44328 86 69 0.2047
44328 86 72 0.252
44328 86 64 0.2047
44328 86 60 0.189
44328 86 52 0.1496
44328 86 57 0.1496
44458 217 60 0.315
44502 173 64 0.2913
44502 86 40 0.3071
44545 43 68 0.2913
44589 43 71 0.3228
44589 86 40 0.3071
44632 43 69 0.3071
44676 260 69 0.2913
44763 86 64 0.2205
44763 86 60 0.1811
44763 86 40 0.1732
44850 86 60 0.1811
44850 86 64 0.2205
44850 86 40 0.1732
44936 260 78 0.4331
44936 260 66 0.3543
45023 86 64 0.2205
45023 86 69 0.2205
45023 86 72 0.2677
45023 86 52 0.1654
45023 86 60 0.2047
45023 86 57 0.1654
45110 86 64 0.2205
45110 86 69 0.2205
45110 86 72 0.2835
45110 86 57 0.1654
45110 86 52 0.1654
45110 86 60 0.2047
45197 260 80 0.4567
45197 260 68 0.3701
45284 86 69 0.2362
45284 86 72 0.2362
45284 86 75 0.2835
45284 86 52 0.1654
45284 86 60 0.2205
45284 86 57 0.1654
45371 86 75 0.2913
45371 86 72 0.2362
45371 86 69 0.2362
45371 86 57 0.1654
45371 86 52 0.1654
45371 86 60 0.2205
45458 173 78 0.4882
45458 173 66 0.3937
45545 86 69 0.2441
45545 86 75 0.3071
45545 86 72 0.2441
45545 86 57 0.1811
45545 86 52 0.1811
45545 86 60 0.2205
45675 39 80 0.5118
45675 39 68 0.4173
45719 260 80 0.5197
45719 260 68 0.4173
45806 86 75 0.3543
45806 86 72 0.2756
45806 86 69 0.2756
45806 86 52 0.1969
45806 86 60 0.252
45806 86 57 0.1969
45893 86 75 0.3543
45893 86 72 0.2756
45893 86 69 0.2756
45893 86 52 0.2047
45893 86 60 0.2598
45893 86 57 0.2047
45979 173 78 0.5433
45979 173 66 0.4488
46066 86 69 0.2992
46066 86 72 0.2992
46066 86 75 0.3701
46066 86 60 0.2677
46066 86 52 0.2126
46066 86 57 0.2126
46197 39 80 0.5591
46197 39 68 0.4646
46240 260 80 0.5827
46240 260 68 0.4646
46327 86 75 0.3937
46327 86 72 0.3071
46327 86 69 0.3071
46327 86 52 0.2283
46327 86 57 0.2283
46327 86 60 0.2835
46414 86 75 0.3937
46414 86 72 0.315
46414 86 69 0.315
46414 86 52 0.2283
46414 86 60 0.2913
46414 86 57 0.2283
46501 173 78 0.6378
46501 173 66 0.5118
46588 86 75 0.4173
46588 86 69 0.3307
46588 86 72 0.3307
46588 86 57 0.2441
46588 86 52 0.2441
46588 86 60 0.3071
46718 43 80 0.6063
46718 43 68 0.4803
46762 260 81 0.6142
46762 260 69 0.4961
46849 86 78 0.4488
46849 86 72 0.3701
46849 86 75 0.3701
46849 86 57 0.2677
46849 86 52 0.2677
46849 86 60 0.3228
46936 86 78 0.4646
46936 86 75 0.378
46936 86 72 0.378
46936 86 60 0.3622
46936 86 52 0.2677
46936 86 57 0.2677
47023 173 80 0.7402
47023 141 68 0.5827
47109 86 78 0.4961
47109 86 75 0.3937
47109 86 72 0.3937
47109 54 57 0.2756
47109 54 52 0.2756
47109 54 60 0.3622
47164 119 52 0.2756
47175 108 57 0.2835
47185 97 60 0.3622
47196 86 75 0.3937
47196 86 72 0.3937
47196 86 78 0.4803
47196 86 81 0.7874
47196 86 69 0.6299
47283 260 71 0.6457
47283 260 74 0.6457
47283 260 83 0.7795
47283 260 80 0.6457
47283 260 76 0.6457
47283 86 28 0.5512
47283 86 40 0.6614
47370 86 52 0.4803
47370 86 62 0.5669
47370 86 56 0.4803
47457 86 62 0.4803
47457 86 64 0.5748
47457 86 56 0.4803
47544 173 76 0.6378
47544 173 74 0.6378
47544 173 80 0.6378
47544 173 85 0.7559
47544 86 68 0.6614
47544 86 59 0.5512
47544 86 62 0.5512
47631 86 64 0.5669
47631 86 56 0.4803
47631 86 62 0.4803
47718 86 74 0.6063
47718 86 76 0.6063
47718 86 80 0.6063
47718 86 85 0.7165
47718 86 62 0.5748
47718 86 52 0.4803
47718 86 56 0.4803
47805 260 81 0.7559
47805 260 73 0.6378
47805 260 69 0.6378
47805 86 45 0.6614
47805 86 33 0.5512
47892 86 52 0.4803
47892 86 61 0.5748
47979 86 57 0.4882
47979 86 64 0.5827
48066 173 81 0.7008
48066 173 85 0.7008
48066 173 93 0.8268
48066 86 61 0.5512
48066 86 69 0.6614
48152 86 64 0.5748
48152 86 57 0.4803
48239 86 80 0.6693
48239 86 85 0.6693
48239 86 92 0.7953
48239 86 61 0.5748
48239 86 52 0.4803
48326 260 78 0.6693
48326 260 85 0.7008
48326 260 90 0.811
48326 86 47 0.6614
48326 86 35 0.5512
48413 86 59 0.5748
48413 86 54 0.4803
48500 86 63 0.5748
48500 86 57 0.4803
48587 173 83 0.6772
48587 173 87 0.6772
48587 173 92 0.8031
48587 86 66 0.6614
48587 86 59 0.5512
48674 86 57 0.4803
48674 86 63 0.5669
48761 86 92 0.7323
48761 86 87 0.622
48761 86 81 0.622
48761 86 59 0.5669
48761 86 54 0.4803
48848 260 88 0.811
48848 260 80 0.6929
48848 260 76 0.6929
48848 86 52 0.6614
48848 86 40 0.5512
48935 86 52 0.4882
48935 86 59 0.5827
49022 86 56 0.4882
49022 86 64 0.5827
49109 173 88 0.8898
49109 173 76 0.7559
49109 86 68 0.6614
49109 86 59 0.5512
49195 86 56 0.4882
49195 86 64 0.5827
49282 86 76 0.7559
49282 86 88 0.8898
49282 86 59 0.5827
49282 86 52 0.4882
49369 260 81 0.6772
49369 173 76 0.7402
49369 173 88 0.8898
49369 86 42 0.5512
49369 86 54 0.6614
49456 86 54 0.4882
49456 86 62 0.5827
49543 86 74 0.6457
49543 86 86 0.7638
49543 86 69 0.5827
49543 86 57 0.4882
49630 28 86 0.748
49630 28 74 0.6378
49630 86 35 0.5512
49630 86 47 0.6614
49659 28 76 0.622
49659 28 88 0.7323
49688 28 74 0.5906
49688 28 86 0.7087
49717 43 73 0.6457
49717 43 85 0.7638
49717 86 54 0.4882
49717 173 62 0.5827
49760 43 86 0.7323
49760 43 74 0.622
49804 43 90 0.7638
49804 43 78 0.6457
49804 86 69 0.5827
49804 86 59 0.4882
49847 43 88 0.7244
49847 43 76 0.6142
49891 173 74 0.7402
49891 260 80 0.6772
49891 173 86 0.8898
49891 86 52 0.6614
49891 86 40 0.5512
49978 86 52 0.4882
49978 86 61 0.5827
50065 86 73 0.6457
50065 86 85 0.7638
50065 86 56 0.4882
50065 86 68 0.5827
50152 28 85 0.748
50152 28 73 0.6378
50152 86 45 0.6614
50152 86 33 0.5512
50181 28 74 0.622
50181 28 86 0.7323
50210 28 73 0.5906
50210 28 85 0.7087
50239 43 72 0.6457
50239 43 84 0.7638
50239 173 61 0.5827
50239 86 52 0.4882
50282 43 85 0.7323
50282 43 73 0.622
50325 43 76 0.6457
50325 43 88 0.7638
50325 86 68 0.5827
50325 86 57 0.4882
50369 43 74 0.6142
50369 43 86 0.7244
50412 260 78 0.6772
50412 86 73 0.7402
50412 86 85 0.8661
50412 86 38 0.5512
50412 86 50 0.6614
50499 130 71 0.6457
50499 130 83 0.7638
50499 86 50 0.4882
50499 86 59 0.5827
50586 86 54 0.4882
50586 86 66 0.5827
50630 43 70 0.6457
50630 43 82 0.7638
50673 65 83 0.7638
50673 65 71 0.6457
50673 260 77 0.6772
50673 86 37 0.5512
50673 86 49 0.6614
50738 65 72 0.622
50738 65 84 0.7323
50760 86 61 0.5827
50760 86 56 0.4882
50803 65 85 0.7638
50803 65 73 0.6457
50847 86 65 0.5827
50847 86 59 0.4882
50869 65 68 0.6142
50869 65 80 0.7244
50934 173 73 0.6063
50934 173 78 0.6378
50934 86 71 0.7402
50934 86 83 0.8898
50934 86 42 0.6614
50934 86 30 0.5512
51021 130 81 0.7638
51021 173 69 0.6457
51021 173 54 0.4882
51021 86 61 0.5827
51108 86 57 0.4882
51108 86 66 0.5827
51151 21 80 0.7638
51173 10 78 0.6299
51184 10 80 0.622
51195 86 69 0.6457
51195 86 78 0.7638
51195 86 75 0.6457
51195 86 71 0.6457
51195 86 35 0.5512
51195 86 47 0.6614
51282 39 69 0.5591
51282 39 77 0.6614
51282 39 75 0.5591
51282 39 71 0.5591
51282 86 59 0.5827
51282 173 53 0.4882
51325 39 71 0.5827
51325 39 69 0.5827
51325 39 75 0.5827
51325 39 78 0.6929
51368 39 69 0.6063
51368 39 71 0.6063
51368 39 75 0.6063
51368 39 80 0.7165
51368 86 63 0.5827
51368 86 57 0.4882
51412 39 71 0.6299
51412 39 75 0.6299
51412 39 69 0.6299
51412 39 81 0.7402
51455 260 68 0.6457
51455 260 64 0.6457
51455 260 62 0.6457
51455 260 71 0.7795
51455 86 40 0.6614
51455 86 28 0.5512
51542 86 56 0.5669
51542 86 47 0.4803
51629 86 59 0.5748
51629 86 52 0.4803
51716 173 73 0.6378
51716 173 76 0.7559
51716 173 64 0.6378
51716 173 68 0.6378
51716 86 56 0.5512
51716 86 62 0.6614
51803 86 59 0.5669
51803 86 52 0.4803
51890 86 62 0.6063
51890 86 76 0.7165
51890 86 64 0.6063
51890 86 68 0.6063
51890 86 73 0.6063
51890 86 47 0.4803
51890 86 56 0.5748
51977 86 61 0.6378
51977 86 57 0.6378
51977 86 69 0.7559
51977 86 33 0.5512
51977 86 45 0.6614
52064 86 52 0.4803
52064 86 61 0.5748
52151 86 73 0.6378
52151 86 69 0.6378
52151 86 81 0.7559
52151 86 57 0.4882
52151 86 64 0.5827
52238 173 93 0.8268
52238 173 81 0.7008
52238 173 85 0.7008
52238 86 61 0.5512
52238 86 69 0.6614
52325 86 64 0.5748
52325 86 57 0.4803
52411 86 92 0.7953
52411 86 85 0.6693
52411 86 80 0.6693
52411 86 61 0.5748
52411 86 52 0.4803
52498 260 85 0.7008
52498 260 78 0.685
52498 260 90 0.811
52498 86 35 0.5512
52498 86 47 0.6614
52585 86 59 0.5748
52585 86 54 0.4803
52672 86 63 0.5748
52672 86 57 0.4803
52759 173 92 0.8031
52759 173 87 0.6772
52759 173 83 0.6772
52759 86 59 0.5512
52759 86 66 0.6614
52846 86 57 0.4803
52846 86 63 0.5669
52933 86 92 0.7323
52933 86 87 0.622
52933 86 81 0.622
52933 86 59 0.5669
52933 86 54 0.4803
53020 260 80 0.6929
53020 260 76 0.6929
53020 260 88 0.811
53020 86 52 0.6614
53020 86 40 0.5512
53107 86 52 0.4882
53107 86 59 0.5827
53194 86 56 0.4882
53194 86 64 0.5827
53281 239 88 0.7008
53281 239 100 0.8189
53281 86 59 0.5512
53281 86 68 0.6614
53368 86 56 0.4882
53368 86 64 0.5827
53455 86 59 0.5827
53455 86 52 0.4882
53520 21 88 0.7008
53520 21 100 0.8189
53541 43 88 0.685
53541 43 100 0.8189
53541 86 52 0.6614
53541 86 40 0.5512
53628 86 58 0.5827
53628 86 52 0.4882
53715 86 61 0.5827
53715 86 54 0.4882
53802 347 66 0.6299
53802 347 78 0.7402
53802 86 58 0.5512
53802 86 64 0.6614
53889 86 54 0.4882
53889 86 61 0.5827
53976 86 52 0.4882
53976 86 58 0.5827
54063 86 28 0.5512
54063 86 40 0.6614
54150 21 78 0.622
54150 21 66 0.5276
54150 86 52 0.4882
54150 86 58 0.5827
54172 21 68 0.5276
54172 21 80 0.622
54193 43 66 0.5512
54193 43 78 0.6535
54237 43 65 0.5039
54237 43 77 0.6063
54237 86 54 0.4882
54237 86 61 0.5827
54280 43 66 0.5276
54280 43 78 0.622
54324 43 68 0.5354
54324 43 80 0.6378
54324 86 64 0.6614
54324 86 58 0.5512
54367 43 70 0.5591
54367 43 82 0.6614
54411 43 71 0.5748
54411 43 83 0.6772
54411 86 61 0.5827
54411 86 54 0.4882
54454 43 73 0.5827
54454 43 85 0.7008
54498 43 86 0.7165
54498 43 74 0.6063
54498 86 52 0.4882
54498 86 58 0.5827
54541 43 76 0.6299
54541 43 88 0.7402
54584 43 78 0.7402
54584 43 90 0.8898
54584 86 40 0.5512
54584 86 52 0.6614
54671 86 52 0.4882
54671 86 60 0.5827
54758 86 56 0.4882
54758 86 63 0.5827
54845 173 68 0.6299
54845 173 80 0.7402
54845 86 66 0.6614
54845 86 60 0.5512
54932 86 56 0.4882
54932 86 63 0.5827
55019 86 80 0.7402
55019 86 68 0.6299
55019 86 52 0.4882
55019 86 60 0.5827
55106 173 68 0.622
55106 86 40 0.6614
55106 86 28 0.5512
55149 43 80 0.5827
55193 43 81 0.622
55193 86 52 0.4882
55193 86 59 0.5827
55236 43 80 0.5827
55280 43 67 0.5039
55280 43 79 0.6063
55280 86 56 0.4882
55280 86 63 0.5827
55323 43 68 0.5276
55323 43 80 0.622
55367 43 70 0.5354
55367 43 82 0.6378
55367 86 60 0.5512
55367 86 66 0.6614
55410 43 72 0.5591
55410 43 84 0.6614
55454 43 73 0.5748
55454 43 85 0.6772
55454 86 63 0.5827
55454 86 56 0.4882
55497 43 75 0.5827
55497 43 87 0.7008
55541 43 76 0.6063
55541 43 88 0.7165
55541 86 60 0.5827
55541 86 52 0.4882
55584 43 90 0.7402
55584 43 78 0.6299
55627 43 80 0.7402
55627 43 92 0.8898
55627 86 40 0.5512
55627 86 52 0.6614
55714 86 52 0.5827
55714 86 61 0.4882
55801 86 56 0.4882
55801 86 64 0.5827
55888 173 68 0.6299
55888 173 80 0.7402
55888 86 39 0.5512
55888 86 51 0.6614
55975 86 51 0.4882
55975 86 59 0.5827
56062 86 68 0.6299
56062 86 80 0.7402
56062 86 63 0.5827
56062 86 56 0.4882
56149 21 80 0.6299
56149 21 68 0.5354
56149 86 37 0.5512
56149 86 49 0.6614
56171 21 70 0.4882
56171 21 82 0.5827
56192 43 68 0.4882
56192 43 80 0.5827
56236 43 67 0.5039
56236 43 79 0.6063
56236 86 56 0.5827
56236 86 49 0.4882
56279 43 68 0.5276
56279 43 80 0.622
56323 43 82 0.6457
56323 43 70 0.5433
56323 86 61 0.5906
56323 86 52 0.4961
56366 43 71 0.5669
56366 43 83 0.6772
56410 43 73 0.5906
56410 43 85 0.7087
56410 86 32 0.5669
56410 86 44 0.6929
56453 43 75 0.6142
56453 43 87 0.7323
56497 43 89 0.748
56497 43 77 0.6378
56497 86 47 0.5197
56497 86 56 0.622
56540 43 79 0.6693
56540 43 91 0.7953
56584 43 80 0.6693
56584 43 92 0.7953
56584 86 51 0.5276
56584 86 59 0.6299
56627 43 82 0.6772
56627 43 94 0.8031
56670 21 83 0.7402
56670 21 95 0.8819
56670 43 41 0.6929
56670 43 29 0.5669
56714 21 92 0.6693
56714 21 95 0.6693
56736 21 89 0.622
56757 21 87 0.6142
56779 21 83 0.6063
56785 103 53 0.4094
56790 97 59 0.4252
56795 92 63 0.4409
56801 21 80 0.6299
56801 21 83 0.6299
56801 86 68 0.4646
56823 21 77 0.6142
56844 21 75 0.5748
56866 21 71 0.5748
56888 21 71 0.5827
56888 21 68 0.5827
56910 21 65 0.5039
56931 21 63 0.5039
56953 21 59 0.4961
56975 21 56 0.5433
56975 21 59 0.5433
56996 21 53 0.4803
57018 21 51 0.4724
57040 21 47 0.4724
57062 21 59 0.4724
57062 21 56 0.4724
57083 21 53 0.4882
57105 21 51 0.4094
57127 21 47 0.4094
57149 21 56 0.4094
57149 43 59 0.4094
57170 21 53 0.4016
57192 23 58 0.4094
57192 43 34 0.3465
57214 23 56 0.378
57235 23 59 0.4094
57235 43 50 0.2677
57257 23 53 0.3701
57279 23 58 0.3701
57301 23 56 0.3701
57322 23 59 0.4094
57322 43 34 0.3465
57344 23 53 0.3701
57366 23 58 0.4094
57366 43 50 0.2677
57388 23 56 0.3701
57409 23 59 0.3701
57431 23 53 0.3701
57453 23 58 0.4094
57453 43 34 0.3622
57474 23 56 0.378
57496 23 59 0.4094
57496 43 50 0.2677
57518 23 53 0.3701
57540 23 58 0.3701
57561 23 56 0.3701
57583 23 59 0.4094
57583 43 34 0.378
57605 23 53 0.3701
57627 23 58 0.4094
57627 43 50 0.2677
57648 23 56 0.3701
57670 23 59 0.3701
57692 23 53 0.3701
57714 23 58 0.4094
57714 43 50 0.3858
57735 23 56 0.378
57757 23 59 0.4173
57757 43 65 0.2677
57779 23 53 0.378
57800 23 58 0.378
57822 23 56 0.3858
57844 23 59 0.4331
57844 43 50 0.4094
57866 23 53 0.3937
57887 23 58 0.4409
57887 43 65 0.2835
57909 23 56 0.4016
57931 23 59 0.4016
57953 23 53 0.4094
57974 23 58 0.4567
57974 43 50 0.4173
57996 23 56 0.4252
58018 23 59 0.4646
58018 43 65 0.2992
58039 23 53 0.4252
58061 23 58 0.4252
58083 23 56 0.4252
58105 23 59 0.4803
58105 43 50 0.4331
58126 23 53 0.4331
58148 23 58 0.4882
58148 43 65 0.315
58170 23 56 0.4409
58192 23 59 0.4488
58213 23 53 0.4488
58235 43 58 0.5118
58235 43 34 0.3937
58278 23 58 0.5118
58300 23 62 0.4409
58322 23 59 0.5118
58344 23 62 0.4567
58365 23 61 0.5118
58365 43 56 0.3543
58365 43 53 0.2913
58365 43 46 0.2913
58387 23 65 0.4567
58409 23 62 0.5118
58431 23 68 0.4567
58452 23 64 0.5118
58474 23 68 0.4567
58496 23 65 0.5118
58496 43 53 0.2913
58496 43 62 0.3543
58496 43 56 0.2913
58518 23 71 0.4567
58539 23 67 0.5118
58561 23 71 0.4567
58583 23 68 0.5039
58604 23 74 0.4488
58626 23 70 0.4961
58626 43 62 0.2835
58626 43 56 0.2835
58626 43 65 0.3465
58648 23 74 0.4409
58670 23 71 0.4961
58691 23 74 0.4488
58713 23 73 0.4882
58735 23 77 0.4409
58757 23 74 0.4882
58757 43 68 0.3386
58757 43 58 0.2835
58757 43 65 0.2835
58778 23 80 0.4409
58800 23 76 0.4882
58822 23 80 0.4331
58843 23 77 0.4803
58865 23 83 0.4331
58887 23 79 0.4803
58887 43 65 0.2756
58887 43 68 0.2756
58887 43 74 0.3307
58909 23 83 0.4252
58930 23 80 0.4724
58952 23 86 0.4252
58974 23 82 0.4724
58996 23 86 0.4252
59017 23 83 0.4646
59017 43 68 0.3071
59017 43 74 0.3071
59017 43 77 0.3622
59039 23 86 0.4094
59061 23 85 0.4646
59082 23 89 0.4173
59104 23 86 0.4646
59126 23 92 0.4252
59148 23 88 0.4567
59148 43 80 0.3543
59148 43 77 0.2992
59148 43 70 0.2992
59169 23 92 0.4252
59191 23 89 0.4567
59213 23 95 0.4173
59235 23 91 0.4488
59256 23 95 0.4252
59278 23 94 0.4488
59278 391 77 0.2913
59278 391 80 0.2913
59278 391 86 0.3465
59300 23 92 0.4016
59322 23 95 0.4488
59343 23 89 0.4016
59365 23 94 0.4488
59387 23 92 0.4016
59408 23 96 0.4488
59430 23 89 0.3937
59452 23 94 0.4488
59474 23 92 0.4094
59495 23 97 0.4724
59517 23 89 0.4016
59539 23 94 0.4803
59561 23 92 0.4016
59582 23 98 0.4961
59604 23 89 0.4016
59626 23 94 0.4488
59647 23 92 0.4094
59669 23 99 0.4961
59669 130 84 0.3465
59669 130 75 0.2913
59669 130 80 0.2913
59691 23 89 0.4094
59713 23 94 0.4803
59734 23 92 0.4094
59756 23 100 0.4646
59778 23 89 0.4016
59800 23 101 0.4961
59800 130 75 0.2913
59800 130 84 0.3465
59800 173 80 0.2913
59821 23 98 0.4016
59843 23 97 0.4094
59865 23 100 0.4094
59886 23 99 0.4488
59908 23 96 0.4173
59930 23 95 0.4488
59930 43 74 0.2913
59930 43 82 0.3465
59952 23 98 0.4094
59973 23 97 0.4094
59995 23 94 0.4094
60017 23 93 0.4488
60039 23 96 0.4094
60060 23 95 0.4488
60082 23 92 0.4094
60104 23 91 0.4094
60126 23 94 0.4173
60147 23 92 0.4488
60169 23 89 0.4331
60191 23 86 0.4488
60212 23 82 0.4094
60234 23 81 0.4094
60256 23 82 0.4094
60278 23 80 0.4488
60299 23 82 0.4094
60321 23 78 0.4409
60321 21 51 0.3307
60343 23 79 0.378
60365 23 91 0.3701
60365 86 63 0.2205
60365 86 67 0.2205
60365 43 72 0.378
60386 23 86 0.3701
60408 23 87 0.4016
60408 43 70 0.2756
60430 23 83 0.3465
60451 23 84 0.3858
60451 21 46 0.3228
60473 23 79 0.3622
60495 23 82 0.3937
60495 86 62 0.1811
60495 86 68 0.2126
60495 43 57 0.2598
60517 23 80 0.378
60538 23 79 0.3701
60538 43 58 0.2598
60560 21 77 0.378
60582 23 78 0.4094
60582 21 51 0.3307
60604 23 79 0.3543
60625 23 91 0.3701
60625 86 67 0.2205
60625 86 63 0.2205
60625 43 72 0.378
60647 23 86 0.3543
60669 23 87 0.3937
60669 43 70 0.2756
60690 23 83 0.3543
60712 23 84 0.3858
60712 21 46 0.3228
60734 23 79 0.3622
60756 23 82 0.378
60756 86 62 0.1811
60756 43 57 0.2598
60756 86 68 0.2126
60777 23 80 0.378
60799 23 79 0.3701
60799 43 58 0.2598
60821 21 77 0.378
60843 23 78 0.4094
60843 21 51 0.3307
60864 23 79 0.3543
60886 23 91 0.3701
60886 86 58 0.2205
60886 86 63 0.2205
60886 43 68 0.378
60908 23 86 0.3622
60930 23 87 0.4094
60930 43 67 0.2835
60951 23 83 0.3701
60973 23 84 0.4094
60973 21 44 0.3386
60995 23 79 0.3858
61016 23 82 0.4094
61016 86 60 0.2283
61016 43 67 0.3937
61016 86 56 0.2283
61038 23 80 0.4173
61060 23 79 0.4094
61060 43 65 0.2913
61082 21 77 0.4252
61103 43 75 0.5039
61103 21 46 0.3543
61125 21 81 0.3858
61147 21 77 0.378
61147 43 63 0.3937
61147 86 53 0.2283
61147 86 56 0.2283
61169 43 74 0.4567
61190 21 81 0.378
61190 43 62 0.2835
61212 21 77 0.378
61234 43 72 0.4409
61234 21 46 0.3228
61255 21 81 0.378
61277 21 77 0.378
61277 86 53 0.2126
61277 86 56 0.2126
61277 43 60 0.3622
61299 43 70 0.4252
61321 21 81 0.3701
61321 43 58 0.2677
61342 21 77 0.3701
61364 23 78 0.4409
61364 21 51 0.3307
61386 23 79 0.378
61408 23 91 0.3701
61408 86 63 0.2205
61408 86 67 0.2205
61408 43 72 0.378
61429 23 86 0.3701
61451 23 87 0.4016
61451 43 70 0.2756
61473 23 83 0.3465
61494 23 84 0.4016
61494 21 46 0.3228
61516 23 79 0.3622
61538 23 82 0.3937
61538 43 57 0.2598
61538 86 68 0.2126
61538 86 62 0.1811
61560 23 80 0.378
61581 23 79 0.3701
61581 43 58 0.2598
61603 21 77 0.378
61625 23 78 0.4094
61625 21 51 0.3307
61647 23 79 0.3543
61668 23 91 0.3701
61668 43 72 0.378
61668 86 63 0.2205
61668 86 67 0.2205
61690 23 86 0.3543
61712 23 87 0.3937
61712 43 70 0.2756
61734 23 83 0.3543
61755 23 84 0.3858
61755 21 46 0.3228
61777 23 79 0.3622
61799 23 82 0.378
61799 86 62 0.1811
61799 86 68 0.2126
61799 43 57 0.2598
61820 23 80 0.378
61842 23 79 0.3701
61842 43 58 0.2598
61864 21 77 0.378
61886 23 78 0.4094
61886 21 51 0.3307
61907 23 79 0.3543
61929 23 91 0.3701
61929 86 67 0.2205
61929 43 77 0.378
61929 86 70 0.2205
61951 23 86 0.3622
61973 23 87 0.4094
61973 43 75 0.2835
61994 23 83 0.3701
62016 23 84 0.4094
62016 21 44 0.3386
62038 23 79 0.3858
62059 23 82 0.4094
62059 43 67 0.3937
62059 86 60 0.2283
62059 86 56 0.2283
62081 23 80 0.4173
62103 23 79 0.4094
62103 43 65 0.2913
62125 21 77 0.4252
62146 21 76 0.4409
62146 43 46 0.378
62168 21 75 0.4409
62190 21 74 0.4331
62212 21 73 0.4252
62233 21 72 0.4094
62233 43 62 0.2992
62233 43 56 0.2992
62233 43 53 0.2992
62255 21 71 0.4016
62277 21 70 0.3937
62277 43 56 0.2992
62277 43 53 0.2992
62277 43 62 0.2992
62298 21 69 0.3858
62320 21 72 0.3937
62320 43 53 0.2992
62320 43 56 0.2992
62320 43 62 0.2992
62342 21 70 0.3937
62364 21 69 0.378
62364 43 56 0.2992
62364 43 62 0.2992
62364 43 53 0.2992
62385 21 68 0.378
62407 23 67 0.3858
62407 43 58 0.3858
62407 43 61 0.4567
62407 43 51 0.3858
62429 23 68 0.3858
62451 23 69 0.3937
62472 23 70 0.4094
62472 21 51 0.3858
62472 21 39 0.3228
62494 23 72 0.4094
62494 21 51 0.3937
62494 21 39 0.3228
62516 23 70 0.4173
62538 23 68 0.4094
62538 21 56 0.3307
62538 21 60 0.4016
62559 23 70 0.4173
62581 23 71 0.4409
62581 21 43 0.3307
62581 21 55 0.4016
62603 23 72 0.4567
62624 23 73 0.4646
62624 21 42 0.3465
62624 21 54 0.4094
62646 21 72 0.4488
62668 23 69 0.3858
62668 43 57 0.3858
62668 43 63 0.4567
62690 23 70 0.3858
62711 23 71 0.3937
62733 23 72 0.4094
62733 21 53 0.3858
62733 21 41 0.3228
62755 23 74 0.4094
62755 21 41 0.3228
62755 21 53 0.3937
62777 23 72 0.4173
62798 23 70 0.4094
62798 21 62 0.4016
62798 21 58 0.3307
62820 23 72 0.4173
62842 23 73 0.4409
62842 21 45 0.3307
62842 21 57 0.4016
62863 23 74 0.4567
62885 23 75 0.4646
62885 21 44 0.3465
62885 21 56 0.4094
62907 23 74 0.4488
62929 23 71 0.3858
62929 43 59 0.3858
62929 43 65 0.4567
62950 23 72 0.3858
62972 23 73 0.3937
62994 23 74 0.4094
62994 21 43 0.3228
62994 21 55 0.3858
63016 23 75 0.4094
63016 21 43 0.3228
63016 21 55 0.3937
63037 23 74 0.4173
63059 23 72 0.4094
63059 21 63 0.4016
63059 21 60 0.3307
63081 23 73 0.4173
63102 23 74 0.4409
63102 43 48 0.4016
63102 43 36 0.3307
63124 23 75 0.4567
63146 23 76 0.4646
63168 23 77 0.4488
63189 23 79 0.5118
63189 43 56 0.3622
63189 43 63 0.4173
63211 23 77 0.5039
63233 23 76 0.4882
63233 43 47 0.4882
63255 23 75 0.4803
63276 23 74 0.4567
63298 23 73 0.4409
63320 23 72 0.4331
63320 43 56 0.3307
63320 43 62 0.4016
63342 23 71 0.4173
63363 23 70 0.4252
63363 43 46 0.4724
63385 23 69 0.4252
63407 23 70 0.4016
63428 23 68 0.3937
63450 43 67 0.4173
63450 43 51 0.2913
63450 43 39 0.2441
63494 21 58 0.4173
63494 43 43 0.2441
63494 43 55 0.2913
63515 21 70 0.3858
63537 21 62 0.4252
63537 43 56 0.2992
63537 43 44 0.252
63559 21 71 0.3937
63581 21 58 0.4331
63581 43 55 0.3622
63581 43 43 0.2992
63602 21 70 0.4016
63624 43 63 0.4724
63624 43 39 0.2598
63624 43 51 0.3071
63646 21 67 0.4252
63667 43 64 0.4961
63667 43 46 0.2677
63667 43 58 0.3228
63689 21 73 0.4173
63711 21 60 0.4646
63711 43 45 0.3071
63711 43 57 0.3858
63733 21 72 0.4094
63754 43 65 0.5197
63754 43 41 0.2835
63754 43 53 0.3465
63776 21 69 0.4094
63798 21 64 0.4803
63798 43 46 0.3543
63798 43 58 0.3543
63820 21 73 0.4331
63841 21 60 0.4961
63841 43 45 0.3465
63841 43 57 0.4173
63863 21 72 0.4409
63885 43 65 0.5512
63885 43 41 0.2992
63885 43 53 0.3701
63906 21 69 0.4803
63928 43 66 0.5354
63928 43 60 0.3858
63928 43 48 0.3071
63950 21 75 0.4803
63972 21 62 0.5512
63972 43 59 0.4646
63972 43 47 0.4094
63993 21 74 0.4803
64015 43 67 0.5906
64015 43 43 0.3386
64015 43 55 0.4094
64037 21 71 0.5276
64059 43 66 0.5984
64059 43 60 0.4173
64059 43 48 0.3386
64080 21 75 0.5354
64102 21 62 0.5906
64102 43 59 0.4961
64102 43 47 0.4252
64124 21 74 0.5354
64146 43 67 0.6299
64146 43 55 0.4331
64146 43 43 0.3622
64167 21 70 0.5433
64189 43 68 0.6299
64189 43 62 0.4331
64189 43 50 0.3701
64211 21 77 0.5591
64232 21 64 0.6299
64232 43 49 0.4409
64232 43 61 0.5354
64254 21 76 0.5906
64276 43 69 0.6772
64276 43 45 0.378
64276 43 57 0.4488
64298 21 73 0.5748
64319 43 70 0.7008
64319 43 52 0.4882
64319 43 64 0.5906
64341 21 79 0.5984
64363 21 66 0.7008
64363 43 51 0.3937
64363 43 63 0.4646
64385 21 78 0.622
64406 43 71 0.7165
64406 43 47 0.4724
64406 43 59 0.5827
64428 21 75 0.6457
64450 43 72 0.7323
64450 43 50 0.4173
64450 43 62 0.4882
64471 65 81 0.6693
64493 43 73 0.6457
64493 43 85 0.7717
64493 43 78 0.6457
64493 43 37 0.4803
64493 43 49 0.5748
64537 21 72 0.5039
64558 21 73 0.5039
64558 21 61 0.3465
64558 21 57 0.3465
64558 21 69 0.4173
64558 21 66 0.4173
64580 21 75 0.5118
64580 43 69 0.4331
64580 43 66 0.4331
64580 43 61 0.3622
64580 43 57 0.3622
64602 21 77 0.5197
64624 21 78 0.5276
64624 43 66 0.4409
64624 43 69 0.4409
64624 43 57 0.3701
64624 43 61 0.3701
64645 21 80 0.5276
64667 21 81 0.5354
64667 43 69 0.4567
64667 43 61 0.3858
64667 43 57 0.3858
64667 43 66 0.4567
64689 21 83 0.5433
64710 21 85 0.5512
64710 43 57 0.3937
64710 43 66 0.4646
64710 43 69 0.4646
64710 43 61 0.3937
64732 21 87 0.5591
64754 21 89 0.5591
64754 130 57 0.4724
64754 130 69 0.5669
64754 130 61 0.4724
64754 130 66 0.5669
64776 21 90 0.5669
64797 21 92 0.5748
64819 21 93 0.5827
64841 21 90 0.5906
64863 21 85 0.5906
64884 21 81 0.5984
64906 21 78 0.5984
64928 21 73 0.5827
64949 21 69 0.5669
64971 21 66 0.5591
64971 43 37 0.4567
64971 43 49 0.5433
64993 21 61 0.5433
65015 21 57 0.5197
65015 43 48 0.6772
65015 43 36 0.5748
65036 21 66 0.5276
65058 21 63 0.5354
65080 19 69 0.5433
65080 21 54 0.3543
65080 21 63 0.4173
65080 21 57 0.3543
65102 21 69 0.5512
65102 43 63 0.4331
65102 43 54 0.3701
65102 43 57 0.3701
65123 21 78 0.5669
65145 21 75 0.5748
65145 43 54 0.4252
65145 43 57 0.4252
65145 43 63 0.5118
65167 19 81 0.5827
65189 21 81 0.5906
65210 21 90 0.5984
65232 21 87 0.6063
65232 43 36 0.4724
65232 43 48 0.5669
65254 21 93 0.622
65275 21 90 0.6299
65275 43 35 0.5827
65275 43 47 0.6929
65297 21 93 0.6142
65319 21 87 0.6063
65341 21 81 0.5984
65341 21 63 0.4646
65341 21 54 0.3937
65341 21 57 0.3937
65362 21 78 0.5906
65362 43 63 0.4567
65362 43 54 0.3858
65362 43 57 0.3858
65384 21 81 0.5906
65406 21 75 0.5827
65406 43 57 0.378
65406 43 54 0.378
65406 43 63 0.4488
65428 21 69 0.5748
65449 21 66 0.5669
65471 21 69 0.5669
65493 21 63 0.5591
65493 43 47 0.5669
65493 43 35 0.4724
65514 21 57 0.5512
65536 43 70 0.5591
65536 43 58 0.5591
65536 43 67 0.5591
65536 43 63 0.5591
65536 43 46 0.6929
65536 43 34 0.5827
65580 23 57 0.3622
65601 23 58 0.3622
65623 23 60 0.3701
65645 23 62 0.3701
65667 23 63 0.378
65688 23 64 0.3858
65710 23 67 0.3858
65710 43 63 0.3465
65710 43 57 0.3465
65710 43 60 0.3465
65732 23 65 0.3937
65753 23 67 0.3937
65753 43 58 0.3386
65753 43 62 0.3386
65753 43 56 0.3386
65775 23 65 0.4016
65797 23 72 0.4094
65797 43 58 0.3701
65797 43 55 0.3701
65797 43 63 0.3701
65819 23 70 0.4094
65840 23 69 0.4173
65862 23 70 0.4173
65884 23 72 0.4252
65906 23 74 0.4252
65927 23 75 0.4331
65949 23 76 0.4409
65971 23 79 0.4409
65971 43 69 0.3622
65971 43 72 0.3622
65971 43 75 0.3622
65993 23 77 0.4488
66014 23 79 0.4488
66014 43 70 0.3622
66014 43 74 0.3622
66014 43 68 0.3622
66036 23 77 0.4567
66058 23 84 0.4646
66058 43 67 0.3622
66058 43 75 0.3622
66058 43 70 0.3622
66079 23 82 0.4646
66101 23 81 0.4724
66123 23 82 0.4724
66145 23 84 0.4803
66166 23 86 0.4803
66188 23 87 0.4882
66210 23 88 0.4961
66232 23 91 0.4961
66232 43 87 0.4409
66232 43 81 0.4409
66232 43 84 0.4409
66253 23 89 0.5039
66275 23 91 0.5039
66275 43 82 0.4409
66275 43 80 0.4409
66275 43 86 0.4409
66297 23 89 0.5118
66318 43 94 0.5197
66318 43 82 0.4488
66318 43 79 0.4488
66318 43 87 0.4488
66362 23 81 0.5039
66384 23 82 0.5118
66405 23 84 0.5118
66427 23 86 0.5197
66449 23 87 0.5276
66471 23 88 0.5354
66492 23 91 0.5591
66492 43 81 0.4567
66492 43 84 0.4567
66492 43 87 0.4567
66514 23 89 0.5354
66536 23 91 0.5591
66536 43 82 0.4567
66536 43 80 0.4567
66536 43 86 0.4567
66557 23 89 0.5354
66579 21 94 0.5354
66579 43 82 0.4646
66579 43 87 0.4646
66579 43 79 0.4646
66699 10 89 0.6063
66710 21 101 0.7008
66710 43 69 0.5669
66710 43 60 0.5669
66710 43 63 0.5669
66710 43 65 0.5669
66731 21 100 0.6614
66753 21 99 0.6535
66775 21 98 0.6457
66797 21 96 0.6378
66818 21 94 0.622
66840 21 93 0.6142
66862 21 91 0.6063
66883 21 89 0.5984
66905 21 88 0.5906
66927 21 87 0.5827
66949 21 86 0.5748
66970 21 84 0.5669
66992 21 82 0.5591
67014 21 81 0.5512
67036 21 79 0.5433
67057 21 77 0.5354
67079 21 76 0.5276
67084 59 47 0.5433
67090 54 51 0.5748
67095 48 56 0.6063
67101 21 75 0.5197
67101 43 63 0.6299
67122 21 73 0.5118
67144 21 71 0.5039
67166 21 70 0.4961
67188 21 68 0.4882
67209 21 66 0.4803
67231 21 65 0.4724
67253 21 63 0.4646
67275 21 61 0.4567
67296 21 59 0.4488
67318 21 58 0.4409
67340 21 56 0.4331
67361 21 54 0.4488
67361 43 35 0.7165
67383 21 53 0.4646
67405 21 51 0.4882
67427 21 49 0.5039
67448 21 47 0.5197
67470 21 46 0.5354
67492 21 44 0.5512
67514 21 42 0.5669
67535 21 41 0.5906
67557 21 39 0.6063
67579 21 37 0.622
67601 21 35 0.6378
67622 43 34 0.6299
67666 43 41 0.4331
67709 43 46 0.4331
67753 43 50 0.4331
67796 43 46 0.4331
67840 43 41 0.4331
67883 173 67 0.6142
67883 173 62 0.5197
67883 173 58 0.5197
67883 43 34 0.5197
67926 43 41 0.4331
67970 43 46 0.4331
68013 43 53 0.4331
68057 86 62 0.4803
68057 86 56 0.4803
68057 86 67 0.5748
68057 43 46 0.4331
68100 43 41 0.4331
68144 86 55 0.5118
68144 86 63 0.5984
68144 43 39 0.4724
68187 43 46 0.4252
68231 43 51 0.4252
68274 43 55 0.4252
68318 260 63 0.5197
68318 260 67 0.5197
68318 260 75 0.6142
68318 43 51 0.4252
68361 43 46 0.4173
68405 43 39 0.4724
68448 43 48 0.4173
68491 43 51 0.4173
68535 43 58 0.4173
68578 86 74 0.5748
68578 86 70 0.4803
68578 86 63 0.4803
68578 43 51 0.4173
68622 43 48 0.4173
68665 260 63 0.5118
68665 260 70 0.5118
68665 260 72 0.6063
68665 43 41 0.4724
68709 43 48 0.4094
68752 43 51 0.4094
68796 43 58 0.4173
68839 43 51 0.4173
68883 43 48 0.4173
68926 173 65 0.5276
68926 173 74 0.622
68926 173 69 0.5276
68926 43 41 0.4724
68969 43 48 0.4173
69013 43 51 0.4173
69056 43 57 0.4252
69100 86 63 0.4961
69100 86 69 0.4961
69100 86 74 0.5827
69100 43 51 0.4252
69143 43 48 0.4252
69187 86 62 0.4646
69187 86 70 0.5591
69187 43 46 0.4646
69230 43 53 0.4016
69274 43 58 0.4016
69317 43 62 0.4016
69361 43 58 0.4016
69404 43 53 0.4016
69448 173 70 0.5039
69448 173 82 0.5906
69448 43 46 0.4252
69491 43 53 0.4016
69534 43 58 0.4016
69578 43 65 0.4016
69621 86 71 0.5118
69621 86 83 0.6063
69621 43 58 0.4016
69665 43 53 0.4016
69708 32 72 0.5118
69708 32 84 0.6063
69708 43 46 0.4567
69752 43 55 0.3701
69760 32 85 0.5669
69760 32 82 0.4724
69795 43 60 0.378
69813 32 76 0.4803
69813 32 84 0.5748
69839 43 64 0.3937
69865 32 82 0.4961
69865 32 83 0.5827
69882 43 60 0.4016
69917 30 76 0.5276
69917 30 84 0.622
69926 43 55 0.4173
69947 21 80 0.4488
69947 21 84 0.5433
69969 43 80 0.5748
69969 43 92 0.685
69969 43 46 0.4252
70013 43 56 0.4016
70056 43 60 0.4016
70099 43 65 0.4016
70143 43 60 0.4016
70186 43 84 0.6378
70186 43 75 0.5433
70186 43 56 0.4016
70230 32 74 0.5118
70230 32 82 0.6063
70230 43 46 0.4567
70273 43 53 0.3701
70282 32 80 0.4724
70282 32 84 0.5669
70317 43 56 0.378
70334 32 82 0.5748
70334 32 74 0.4803
70360 43 62 0.3937
70386 32 81 0.5827
70386 32 80 0.4961
70404 43 56 0.4016
70438 30 82 0.622
70438 30 74 0.5276
70447 43 53 0.4173
70469 21 82 0.5433
70469 21 79 0.4488
70491 43 79 0.5748
70491 43 91 0.685
70491 43 46 0.4252
70534 43 51 0.4016
70577 43 55 0.4016
70621 43 63 0.4016
70664 43 55 0.4016
70708 43 74 0.5433
70708 43 82 0.6378
70708 43 51 0.4016
70751 32 72 0.5118
70751 32 80 0.6063
70751 43 46 0.4567
70795 43 51 0.3701
70803 32 75 0.4724
70803 32 82 0.5669
70838 43 56 0.378
70856 32 72 0.4803
70856 32 80 0.5748
70882 43 60 0.3937
70908 32 75 0.4961
70908 32 79 0.5827
70925 43 56 0.4016
70960 30 80 0.622
70960 30 72 0.5276
70969 43 51 0.4173
70990 21 77 0.4488
70990 21 80 0.5433
71012 43 89 0.685
71012 43 77 0.5748
71012 43 46 0.4252
71056 43 53 0.4016
71099 43 56 0.4016
71142 43 62 0.4016
71186 86 80 0.6142
71186 86 77 0.6142
71186 43 56 0.4016
71229 43 53 0.4016
71273 65 79 0.6142
71273 65 77 0.5197
71273 43 47 0.4252
71316 43 53 0.378
71338 21 82 0.5591
71360 130 77 0.5433
71360 130 80 0.6378
71360 43 55 0.378
71403 43 62 0.378
71447 43 55 0.378
71490 43 79 0.5906
71490 43 77 0.5039
71490 43 53 0.378
71534 83 75 0.4961
71534 83 79 0.5827
71534 43 48 0.4252
71577 43 51 0.3622
71621 83 75 0.5276
71621 83 80 0.622
71621 43 55 0.378
71664 43 63 0.4016
71707 83 81 0.6614
71707 83 75 0.5591
71707 43 54 0.4173
71751 43 51 0.3858
71794 260 68 0.5591
71794 260 70 0.5591
71794 260 77 0.5591
71794 260 82 0.6614
71794 43 50 0.6299
71838 43 56 0.4331
71881 43 58 0.4331
71925 43 65 0.4331
71968 43 58 0.4331
72012 43 56 0.4331
72055 173 68 0.5197
72055 173 70 0.5197
72055 173 74 0.5197
72055 173 79 0.5197
72055 173 82 0.6142
72055 43 46 0.5197
72099 43 53 0.4331
72142 43 58 0.4331
72185 43 62 0.4331
72229 86 68 0.4803
72229 86 79 0.4803
72229 86 82 0.5748
72229 86 70 0.4803
72229 86 74 0.4803
72229 43 58 0.4331
72272 43 53 0.4331
72316 86 67 0.5118
72316 86 75 0.5984
72316 43 39 0.4724
72359 43 46 0.4252
72403 43 51 0.4252
72446 43 55 0.4252
72490 43 58 0.4252
72533 43 63 0.4173
72577 173 79 0.5669
72577 173 87 0.6772
72577 173 75 0.5669
72577 43 67 0.4724
72620 43 63 0.4173
72664 43 58 0.4173
72707 43 55 0.4173
72750 86 86 0.6299
72750 86 82 0.5276
72750 86 75 0.5276
72750 43 51 0.4173
72794 43 46 0.4173
72837 260 82 0.5591
72837 260 75 0.5591
72837 260 84 0.6693
72837 43 41 0.4724
72881 43 48 0.4094
72924 43 51 0.4094
72968 43 58 0.4173
73011 43 51 0.4173
73055 43 48 0.4173
73098 173 86 0.685
73098 173 81 0.5748
73098 173 77 0.5748
73098 43 41 0.4724
73142 43 48 0.4173
73185 43 51 0.4173
73229 43 57 0.4252
73272 86 86 0.6378
73272 86 81 0.5433
73272 86 75 0.5433
73272 43 51 0.4252
73315 43 48 0.4252
73359 86 74 0.5118
73359 86 82 0.6063
73359 43 34 0.4646
73402 43 46 0.4173
73446 43 53 0.4331
73489 43 58 0.4488
73533 43 62 0.4567
73576 43 65 0.4724
73620 173 82 0.6142
73620 173 94 0.7402
73620 43 74 0.4803
73663 43 70 0.4646
73707 43 65 0.4488
73750 43 62 0.4331
73793 43 58 0.4173
73837 41 82 0.5827
73837 41 94 0.6929
73837 43 53 0.4016
73880 173 82 0.6142
73880 173 94 0.7402
73880 43 46 0.4488
73924 43 52 0.3858
73967 43 55 0.3858
74011 43 60 0.3858
74054 43 55 0.3858
74098 43 52 0.3858
74141 86 60 0.5118
74141 173 72 0.6063
74141 43 46 0.3701
74185 43 52 0.3701
74228 43 55 0.4173
74272 43 60 0.3701
74315 86 62 0.4803
74315 86 74 0.5748
74315 43 55 0.3701
74358 43 52 0.3701
74402 65 63 0.4488
74402 16 75 0.5433
74402 43 46 0.4331
74418 16 77 0.5433
74435 32 75 0.5433
74445 43 53 0.3622
74467 65 62 0.4173
74467 65 74 0.5039
74489 43 57 0.3622
74532 65 63 0.4173
74532 65 75 0.5039
74532 43 60 0.3622
74576 43 57 0.3701
74597 65 79 0.5039
74597 65 67 0.4173
74597 65 74 0.4173
74619 43 53 0.3701
74663 173 74 0.4724
74663 86 68 0.5197
74663 202 79 0.5669
74663 43 46 0.4094
74706 43 53 0.3701
74750 86 70 0.5197
74750 43 56 0.3701
74793 43 62 0.3701
74837 86 68 0.4803
74837 43 56 0.3701
74865 28 77 0.4803
74880 43 53 0.3701
74894 25 75 0.4803
74923 260 67 0.5354
74923 260 75 0.5354
74923 43 39 0.4488
74967 43 46 0.315
75010 43 51 0.378
75054 43 55 0.3307
75097 43 51 0.4252
75141 43 46 0.3937
75184 43 39 0.4331
75228 43 46 0.3543
75271 43 51 0.3543
75300 28 67 0.4803
75315 43 58 0.3543
75329 28 68 0.4488
75358 28 70 0.4961
75358 43 51 0.3543
75387 28 74 0.5354
75401 43 46 0.3543
75416 28 72 0.4961
75445 260 70 0.5512
75445 43 39 0.3937
75488 43 46 0.2913
75532 43 51 0.4016
75575 43 55 0.3622
75619 43 51 0.4331
75662 43 46 0.3858
75706 43 39 0.3937
75749 43 46 0.315
75793 43 51 0.315
75822 28 67 0.4488
75836 43 58 0.315
75851 28 68 0.4724
75880 28 70 0.5118
75880 43 51 0.315
75908 28 74 0.5354
75923 43 46 0.315
75937 28 72 0.4803
75966 260 70 0.5512
75966 43 39 0.4252
76010 43 46 0.2913
76053 43 50 0.3701
76097 43 56 0.2913
76140 43 50 0.3937
76184 43 46 0.3622
76227 43 39 0.3701
76271 43 46 0.315
76314 43 50 0.315
76343 28 65 0.4252
76358 43 58 0.315
76372 28 68 0.4646
76401 28 70 0.5039
76401 43 50 0.315
76430 28 74 0.5354
76444 43 46 0.315
76459 28 72 0.4961
76488 86 70 0.5512
76488 43 39 0.4252
76531 43 46 0.3307
76575 43 51 0.3858
76604 86 61 0.4488
76618 43 55 0.3307
76633 28 63 0.4409
76662 28 67 0.4724
76662 43 51 0.3307
76691 28 72 0.5118
76705 43 46 0.3307
76720 28 70 0.4646
76749 130 68 0.5118
76749 43 39 0.3622
76792 43 47 0.3307
76836 43 51 0.3307
76879 86 59 0.4724
76879 43 56 0.3307
76923 43 63 0.4882
76923 43 51 0.3307
76966 43 65 0.4488
76966 43 47 0.3307
77009 86 67 0.5512
77009 43 39 0.4252
77053 43 46 0.2913
77096 43 51 0.3465
77140 43 55 0.2913
77183 43 51 0.3465
77227 43 46 0.2913
77270 43 39 0.3701
77314 43 46 0.2913
77357 43 51 0.2913
77386 28 67 0.4803
77401 43 58 0.2913
77415 28 68 0.4567
77444 28 70 0.5039
77444 43 51 0.2913
77473 28 74 0.5354
77488 43 46 0.2913
77502 28 72 0.4567
77531 21 70 0.5669
77531 43 39 0.4252
77574 21 82 0.5669
77574 43 46 0.2913
77618 43 94 0.685
77618 43 51 0.3465
77661 43 55 0.2913
77705 43 51 0.3465
77748 43 46 0.2913
77792 43 39 0.3228
77835 43 46 0.2283
77879 43 51 0.2283
77908 28 67 0.2992
77922 43 58 0.2283
77937 28 68 0.3307
77966 28 70 0.3622
77966 43 51 0.2283
77995 28 74 0.3937
78009 43 46 0.2283
78024 28 72 0.3543
78052 21 70 0.4409
78052 43 39 0.3386
78096 21 82 0.4409
78096 43 46 0.2283
78139 43 94 0.5276
78139 43 50 0.2756
78183 43 56 0.2283
78226 43 50 0.2756
78270 43 46 0.2283
78313 43 39 0.2913
78357 43 46 0.2283
78400 43 50 0.2283
78429 28 65 0.3071
78444 43 58 0.2283
78458 28 68 0.3307
78487 28 70 0.3543
78487 43 50 0.2283
78516 28 74 0.378
78531 43 46 0.2283
78545 28 72 0.3543
78574 115 70 0.4409
78574 43 39 0.3386
78617 43 46 0.2598
78661 43 51 0.2598
78690 86 61 0.3071
78704 43 55 0.2598
78719 28 63 0.3386
78748 28 67 0.3622
78748 43 51 0.2598
78777 28 72 0.3937
78791 43 46 0.2598
78806 28 70 0.3622
78835 130 68 0.4016
78835 43 39 0.2992
78878 43 47 0.2598
78922 43 51 0.2598
78965 86 59 0.3858
78965 43 56 0.2598
79009 43 63 0.4016
79009 43 51 0.2598
79052 43 65 0.3622
79052 43 47 0.2598
79096 304 67 0.4882
79096 43 39 0.3386
79139 43 46 0.2283
79182 43 51 0.2756
79226 43 55 0.2283
79269 43 51 0.2756
79313 43 46 0.2283
79356 43 39 0.3228
79400 43 67 0.4016
79400 43 46 0.2598
79443 43 70 0.4252
79443 43 51 0.2598
79487 43 79 0.4331
79487 43 58 0.2598
79530 43 77 0.4724
79530 43 51 0.2598
79574 43 75 0.4331
79574 43 46 0.2598
79617 304 70 0.5197
79617 43 39 0.3543
79660 43 46 0.2598
79704 43 51 0.2756
79747 43 55 0.2756
79791 43 51 0.2756
79834 43 46 0.2598
79878 43 39 0.3228
79921 43 67 0.4016
79921 43 46 0.2598
79965 43 70 0.4252
79965 43 51 0.2598
80008 43 79 0.4331
80008 43 58 0.2598
80052 43 77 0.4724
80052 43 51 0.2047
80095 43 75 0.4331
80095 43 46 0.1969
80139 304 74 0.5197
80139 43 43 0.378
80182 43 50 0.2598
80225 43 55 0.2441
80269 43 58 0.2677
80312 43 62 0.2913
80356 43 58 0.315
80399 43 67 0.3543
80443 43 70 0.4016
80443 43 62 0.315
80486 43 74 0.4252
80486 43 58 0.3071
80530 43 82 0.4331
80530 43 55 0.2992
80573 43 81 0.4724
80573 43 50 0.2913
80617 43 79 0.4331
80617 43 43 0.2756
80660 304 74 0.5433
80660 43 31 0.3307
80704 43 43 0.252
80747 43 50 0.2677
80790 43 55 0.2913
80834 43 58 0.3071
80877 43 62 0.3228
80921 43 70 0.3307
80964 43 70 0.4016
80964 43 67 0.3228
81008 43 74 0.4252
81008 43 62 0.3071
81051 43 82 0.4331
81051 43 58 0.2992
81095 43 81 0.4724
81095 43 55 0.2835
81138 43 79 0.4331
81138 43 50 0.2756
81182 43 74 0.4646
81182 43 43 0.2913
81225 43 70 0.4331
81225 43 50 0.2598
81268 43 74 0.4252
81268 86 62 0.2598
81312 43 82 0.4173
81355 43 81 0.4409
81399 43 79 0.4016
81442 43 74 0.4409
81486 43 70 0.4016
81529 43 74 0.4016
81573 43 82 0.4252
81616 43 81 0.3937
81660 43 79 0.3858
81703 43 74 0.378
81747 43 81 0.3543
81790 43 84 0.4094
81833 43 82 0.3701
81877 43 79 0.3937
81920 43 75 0.3622
81964 43 70 0.3543
82007 43 67 0.3543
82051 43 60 0.3386
82094 43 62 0.3307
82138 43 65 0.3228
82181 43 63 0.3071
82225 260 50 0.2205
82312 86 38 0.1969
82398 86 38 0.1969
82529 217 60 0.2992
82572 173 62 0.2913
82572 86 38 0.3071
82616 43 66 0.2913
82659 43 70 0.3228
82659 86 38 0.3071
82703 43 69 0.3071
82746 260 67 0.2913
82833 86 62 0.2205
82833 86 58 0.1811
82833 86 38 0.1732
82920 86 58 0.1811
82920 86 62 0.2205
82920 86 38 0.1732
83007 260 74 0.3228
83007 260 62 0.2677
83094 86 67 0.2205
83094 86 50 0.1654
83094 86 55 0.1654
83181 86 67 0.2205
83181 86 55 0.1654
83181 86 50 0.1654
83268 260 72 0.3071
83268 260 60 0.2677
83355 86 67 0.2205
83355 86 63 0.1811
83355 86 55 0.1732
83355 86 50 0.1732
83441 86 67 0.2205
83441 86 63 0.1811
83441 86 50 0.1732
83441 86 55 0.1732
83572 217 60 0.315
83615 173 62 0.2913
83615 86 38 0.3071
83659 43 66 0.2913
83702 43 70 0.3228
83702 86 38 0.3071
83746 43 69 0.3071
83789 260 67 0.2913
83876 86 62 0.2205
83876 86 58 0.1811
83876 86 38 0.1732
83963 86 58 0.1811
83963 86 62 0.2205
83963 86 38 0.1732
84050 260 64 0.2913
84137 86 57 0.1811
84137 86 55 0.1811
84137 86 61 0.2205
84137 86 38 0.1654
84224 86 57 0.1811
84224 86 61 0.2205
84224 86 55 0.1811
84224 86 38 0.1654
84311 260 66 0.2913
84398 86 62 0.1811
84398 86 57 0.1496
84398 86 54 0.1496
84398 86 38 0.126
84484 86 54 0.1496
84484 86 57 0.1496
84484 86 62 0.1811
84484 86 38 0.126
84615 217 60 0.315
84658 173 62 0.2913
84658 86 38 0.3071
84702 43 66 0.2913
84745 43 70 0.3228
84745 86 38 0.3071
84789 43 69 0.3071
84832 260 67 0.2913
84919 86 58 0.1811
84919 86 62 0.2205
84919 86 38 0.1732
85006 86 58 0.1811
85006 86 62 0.2205
85006 86 38 0.1732
85093 260 74 0.4567
85093 260 62 0.3386
85180 86 67 0.2283
85180 86 70 0.2835
85180 86 55 0.1654
85180 86 58 0.2126
85180 86 50 0.1654
85267 86 67 0.2283
85267 86 70 0.2835
85267 86 58 0.2126
85267 86 55 0.1654
85267 86 50 0.1654
85354 260 76 0.4646
85354 260 64 0.3543
85441 86 67 0.2283
85441 86 70 0.2835
85441 86 58 0.2126
85441 86 50 0.1654
85441 86 55 0.1654
85528 86 67 0.2283
85528 86 70 0.2835
85528 86 55 0.1654
85528 86 50 0.1654
85528 86 58 0.2126
85658 217 58 0.315
85701 173 61 0.2913
85701 86 38 0.3071
85745 43 64 0.2913
85788 43 69 0.3228
85788 86 38 0.3071
85832 43 67 0.3071
85875 260 67 0.2913
85962 86 61 0.2126
85962 86 58 0.2126
85962 86 64 0.2598
85962 86 38 0.2047
86049 86 58 0.2126
86049 86 64 0.2598
86049 86 61 0.2126
86049 86 38 0.2047
86136 260 76 0.4882
86136 260 64 0.378
86223 86 73 0.3071
86223 86 70 0.252
86223 86 67 0.252
86223 86 58 0.2283
86223 86 55 0.189
86223 86 50 0.189
86310 86 73 0.3228
86310 86 70 0.252
86310 86 67 0.252
86310 86 55 0.189
86310 86 50 0.189
86310 86 58 0.2283
86397 260 78 0.5039
86397 260 66 0.4094
86484 86 67 0.2756
86484 86 70 0.2756
86484 86 73 0.3228
86484 86 58 0.252
86484 86 50 0.189
86484 86 55 0.189
86571 86 67 0.2756
86571 86 70 0.2756
86571 86 73 0.3386
86571 86 55 0.189
86571 86 58 0.252
86571 86 50 0.189
86657 173 76 0.4961
86657 173 64 0.4016
86744 86 73 0.3465
86744 86 70 0.2835
86744 86 67 0.2835
86744 86 55 0.2047
86744 86 58 0.252
86744 86 50 0.2047
86875 39 78 0.5276
86875 39 66 0.4173
86918 260 78 0.5276
86918 260 66 0.4173
87005 86 73 0.3701
87005 86 67 0.2913
87005 86 70 0.2913
87005 86 50 0.2047
87005 86 55 0.2047
87005 86 58 0.2756
87092 86 70 0.2913
87092 86 67 0.2913
87092 86 73 0.3701
87092 86 55 0.2126
87092 86 58 0.2835
87092 86 50 0.2126
87179 173 76 0.5748
87179 173 64 0.4409
87266 86 67 0.315
87266 86 70 0.315
87266 86 73 0.3937
87266 86 50 0.2126
87266 86 58 0.2835
87266 86 55 0.2126
87396 39 78 0.5748
87396 39 66 0.4409
87440 260 78 0.5748
87440 260 66 0.4409
87527 86 73 0.4094
87527 86 70 0.3228
87527 86 67 0.3228
87527 86 58 0.2913
87527 86 55 0.2283
87527 86 50 0.2283
87614 86 70 0.3386
87614 86 67 0.3386
87614 86 73 0.4094
87614 86 50 0.2283
87614 86 55 0.2283
87614 86 58 0.3071
87700 173 76 0.5906
87700 173 64 0.4724
87787 86 67 0.3701
87787 86 70 0.3701
87787 86 73 0.4646
87787 86 55 0.2756
87787 86 58 0.3465
87787 86 50 0.2756
87918 43 78 0.6063
87918 43 66 0.5197
87961 260 81 0.6299
87961 260 69 0.5433
88048 86 73 0.4567
88048 86 70 0.4567
88048 86 76 0.5669
88048 86 64 0.4094
88048 86 58 0.3307
88048 86 61 0.3307
88135 86 76 0.5748
88135 86 73 0.4567
88135 86 70 0.4567
88135 86 58 0.3307
88135 86 64 0.4331
88135 86 61 0.3307
88222 173 79 0.6693
88222 173 67 0.5354
88309 86 70 0.4882
88309 86 76 0.622
88309 86 73 0.4882
88309 86 64 0.4488
88309 86 58 0.3543
88309 86 61 0.3543
88396 86 81 0.7323
88396 86 69 0.5906
88483 86 74 0.6772
88483 86 70 0.6772
88483 86 82 0.7953
88483 86 26 0.5512
88483 86 38 0.6457
88570 86 50 0.4409
88570 86 58 0.5197
88613 39 86 0.6299
88613 39 94 0.748
88657 39 96 0.7953
88657 39 87 0.6772
88657 86 62 0.5197
88657 86 55 0.4409
88700 39 86 0.6299
88700 39 94 0.748
88743 39 93 0.7638
88743 39 84 0.6457
88743 86 58 0.4409
88743 86 67 0.5197
88787 39 82 0.6299
88787 39 91 0.748
88830 39 81 0.6299
88830 39 90 0.7402
88830 86 55 0.4409
88830 86 62 0.5197
88874 39 82 0.622
88874 39 91 0.7323
88917 39 89 0.7323
88917 39 81 0.622
88917 86 58 0.622
88917 86 50 0.5276
88983 16 87 0.7244
88983 16 79 0.6142
89004 39 87 0.7165
89004 39 79 0.6063
89004 86 26 0.4409
89004 86 38 0.5197
89048 39 86 0.7087
89048 39 78 0.5906
89091 39 84 0.7008
89091 39 75 0.5827
89091 86 50 0.4409
89091 86 60 0.5197
89091 86 54 0.4409
89135 39 74 0.5748
89135 39 82 0.6772
89178 39 81 0.6693
89178 39 72 0.5669
89178 86 62 0.4646
89178 86 54 0.3858
89178 86 60 0.3858
89222 39 79 0.6535
89222 39 70 0.5512
89265 25 69 0.5669
89265 25 78 0.6693
89265 86 60 0.4331
89265 86 66 0.5039
89294 25 75 0.6693
89294 25 72 0.5669
89323 25 74 0.6772
89323 25 72 0.5748
89352 16 74 0.6929
89352 16 71 0.5827
89352 86 60 0.4567
89352 86 54 0.4567
89352 86 62 0.5433
89369 16 74 0.6929
89369 16 70 0.5827
89387 16 74 0.6929
89387 16 69 0.5827
89404 16 74 0.7008
89404 16 68 0.5827
89421 16 69 0.5827
89421 16 74 0.7008
89439 18 70 0.5906
89439 18 74 0.7087
89439 86 50 0.4803
89439 86 54 0.4803
89439 86 60 0.5748
89461 18 69 0.5906
89461 18 74 0.7087
89482 18 72 0.6063
89482 18 74 0.7165
89504 18 74 0.7165
89504 18 70 0.6063
89526 18 67 0.6693
89526 18 74 0.7165
89526 43 43 0.5748
89526 43 31 0.5748
89569 18 86 0.5748
89569 18 91 0.5748
89569 18 94 0.685
89591 18 81 0.5984
89613 43 62 0.4331
89613 43 67 0.5197
89613 43 58 0.4331
89634 18 86 0.5276
89634 18 91 0.622
89634 18 82 0.5276
89656 18 91 0.685
89656 18 86 0.5748
89656 18 82 0.5748
89656 21 46 0.4173
89678 18 78 0.5906
89700 43 67 0.5039
89700 43 58 0.4173
89700 43 62 0.4173
89721 18 79 0.5276
89721 18 82 0.5276
89721 18 86 0.622
89743 18 82 0.5748
89743 18 79 0.5748
89743 18 86 0.685
89743 21 50 0.4488
89765 18 73 0.6142
89787 43 67 0.5039
89787 43 62 0.4173
89787 43 58 0.4173
89808 18 82 0.6142
89808 18 79 0.5197
89808 18 74 0.5197
89830 18 74 0.5748
89830 18 79 0.5748
89830 18 82 0.685
89830 21 55 0.4252
89852 18 70 0.5906
89873 43 63 0.4173
89873 43 60 0.4173
89873 43 57 0.4173
89873 43 67 0.5039
89895 18 84 0.6142
89895 18 79 0.5197
89895 18 75 0.5197
89917 18 84 0.685
89917 18 79 0.5748
89917 18 75 0.5748
89917 21 45 0.4331
89939 18 74 0.5906
89960 18 73 0.5906
89960 43 60 0.4173
89960 43 67 0.5039
89960 43 63 0.4173
89982 18 72 0.5906
90004 18 79 0.5748
90004 18 84 0.685
90004 18 75 0.5748
90004 21 57 0.4331
90026 18 74 0.5827
90047 18 73 0.5984
90047 43 66 0.5039
90047 43 62 0.4173
90047 43 60 0.4173
90069 18 72 0.5984
90091 18 75 0.5748
90091 18 78 0.5748
90091 18 84 0.685
90091 21 50 0.4409
90112 18 74 0.5984
90134 18 73 0.5984
90134 43 60 0.4173
90134 43 66 0.4961
90134 43 62 0.4173
90156 18 72 0.5984
90178 18 74 0.5748
90178 18 78 0.5748
90178 18 81 0.685
90178 21 57 0.4409
90199 18 72 0.5984
90221 43 79 0.5748
90221 43 82 0.685
90221 43 70 0.5748
90221 43 74 0.5748
90221 43 55 0.4331
90221 43 62 0.4331
90221 43 67 0.5197
90265 18 86 0.5748
90265 18 94 0.685
90265 18 91 0.5748
90265 21 43 0.4173
90286 18 81 0.5984
90308 43 62 0.4331
90308 43 67 0.5197
90308 43 58 0.4331
90330 18 82 0.5276
90330 18 91 0.622
90330 18 86 0.5276
90351 18 91 0.685
90351 18 82 0.5748
90351 18 86 0.5748
90351 21 46 0.4173
90373 18 78 0.5906
90395 43 58 0.4173
90395 43 67 0.5039
90395 43 62 0.4173
90417 18 79 0.5276
90417 18 82 0.5276
90417 18 86 0.622
90438 18 79 0.5748
90438 18 82 0.5748
90438 18 86 0.685
90438 21 50 0.4488
90460 18 73 0.6142
90482 43 67 0.5039
90482 43 62 0.4173
90482 43 58 0.4173
90504 18 82 0.6142
90504 18 79 0.5197
90504 18 74 0.5197
90525 18 74 0.5748
90525 18 79 0.5748
90525 18 82 0.685
90525 21 55 0.4252
90547 18 70 0.5906
90569 43 63 0.4173
90569 43 60 0.4173
90569 43 57 0.4173
90569 43 67 0.5039
90591 18 79 0.5197
90591 18 75 0.5197
90591 18 84 0.6142
90612 18 84 0.685
90612 18 79 0.5748
90612 18 75 0.5748
90612 21 45 0.4331
90634 18 74 0.5906
90656 18 73 0.5906
90656 43 67 0.5039
90656 43 63 0.4173
90656 43 60 0.4173
90677 18 72 0.5906
90699 18 75 0.5748
90699 18 79 0.5748
90699 18 84 0.685
90699 21 57 0.4331
90721 18 74 0.5827
90743 18 73 0.5984
90743 43 62 0.4173
90743 43 66 0.5039
90743 43 60 0.4173
90764 18 72 0.5984
90786 18 84 0.685
90786 18 78 0.5748
90786 18 75 0.5748
90786 21 50 0.4409
90808 18 74 0.5984
90830 18 73 0.5984
90830 43 62 0.4173
90830 43 60 0.4173
90830 43 66 0.4961
90851 18 72 0.5984
90873 18 81 0.685
90873 18 78 0.5748
90873 18 74 0.5748
90873 21 57 0.4409
90895 18 72 0.5984
90916 43 74 0.5748
90916 43 70 0.5748
90916 43 79 0.5748
90916 43 82 0.685
90916 43 62 0.4173
90916 43 55 0.4173
90916 43 67 0.4961
90960 21 80 0.5512
90960 130 48 0.5118
90982 21 92 0.5669
90982 21 87 0.4724
91003 21 80 0.5669
91025 21 75 0.4961
91025 21 80 0.5906
91047 43 67 0.6063
91047 43 56 0.3701
91047 43 63 0.4409
91069 21 79 0.6063
91069 21 75 0.5118
91090 43 66 0.685
91090 21 50 0.4961
91112 21 69 0.5118
91112 21 78 0.6063
91134 21 78 0.6063
91134 43 57 0.378
91134 43 62 0.4488
91134 43 60 0.378
91155 21 90 0.6063
91155 21 81 0.5118
91177 43 79 0.685
91177 21 43 0.4961
91199 21 91 0.5906
91199 21 82 0.5039
91221 21 79 0.5906
91221 43 58 0.3701
91221 43 55 0.3701
91221 43 62 0.4331
91242 21 70 0.5039
91242 21 79 0.5906
91264 43 68 0.6063
91264 173 48 0.5118
91286 21 80 0.5669
91286 21 75 0.4724
91308 43 80 0.5827
91308 86 63 0.4173
91308 86 56 0.3465
91329 21 87 0.5118
91329 21 92 0.5984
91351 21 80 0.5984
91373 21 80 0.6142
91373 21 75 0.5118
91395 43 67 0.6063
91395 43 56 0.3701
91395 43 63 0.4409
91416 21 79 0.6063
91416 21 75 0.5118
91438 43 66 0.685
91438 21 50 0.4961
91460 21 78 0.6063
91460 21 69 0.5118
91481 21 78 0.6063
91481 43 62 0.4488
91481 43 60 0.378
91481 43 57 0.378
91503 21 81 0.5118
91503 21 90 0.6063
91525 43 79 0.685
91525 21 43 0.4961
91547 21 91 0.5906
91547 21 82 0.5039
91568 21 79 0.5906
91568 43 58 0.3701
91568 43 55 0.3701
91568 43 62 0.4331
91590 21 70 0.5039
91590 21 79 0.5906
91612 43 65 0.6063
91612 21 47 0.5118
91634 21 77 0.5591
91634 21 68 0.4646
91655 21 77 0.5512
91655 43 56 0.3386
91655 43 53 0.3386
91655 43 62 0.4016
91677 21 80 0.4646
91677 21 89 0.5591
91699 21 77 0.5354
91699 86 48 0.4724
91720 21 68 0.5197
91720 21 75 0.6063
91742 43 63 0.5433
91742 43 56 0.3307
91742 43 51 0.3307
91742 43 60 0.3937
91764 21 68 0.4488
91764 21 75 0.5433
91786 43 62 0.6063
91786 86 50 0.4409
91807 21 68 0.4488
91807 21 74 0.5433
91829 21 74 0.5433
91829 43 56 0.3386
91829 43 53 0.3386
91829 43 59 0.4016
91851 21 86 0.5433
91851 21 80 0.4488
91873 21 74 0.6063
91873 86 51 0.4409
91894 21 72 0.5276
91894 21 68 0.4409
91916 21 60 0.5276
91916 43 56 0.3858
91938 21 68 0.4409
91938 21 72 0.5276
91959 43 60 0.6063
91959 21 42 0.4409
91981 21 72 0.5433
91981 21 63 0.4488
92003 43 72 0.5433
92003 43 60 0.3386
92003 43 54 0.3386
92003 43 63 0.4016
92025 21 84 0.5433
92025 21 75 0.4488
92046 43 72 0.6063
92046 43 55 0.3386
92046 43 62 0.4173
92046 43 58 0.3386
92068 21 75 0.4409
92068 21 84 0.5276
92090 43 70 0.5276
92090 21 43 0.4409
92112 21 74 0.4409
92112 21 82 0.5276
92133 43 70 0.6063
92133 21 48 0.4409
92155 21 82 0.5433
92155 21 74 0.4488
92177 43 69 0.5433
92177 43 67 0.4016
92177 43 57 0.3386
92177 43 63 0.3386
92199 21 72 0.4488
92199 21 81 0.5433
92220 43 67 0.6063
92220 86 50 0.4409
92242 21 79 0.5276
92242 21 70 0.4409
92264 43 66 0.5276
92264 43 57 0.3386
92264 43 60 0.3386
92264 43 62 0.4016
92285 21 69 0.4409
92285 21 78 0.5276
92307 21 79 0.685
92307 21 67 0.5748
92307 21 70 0.5748
92307 21 55 0.4173
92307 21 62 0.4961
92308 21 58 0.4173
92351 43 80 0.5512
92351 130 48 0.5118
92372 21 92 0.5669
92372 21 87 0.4724
92394 21 80 0.5669
92416 21 75 0.4961
92416 21 80 0.5906
92438 43 67 0.6063
92438 43 56 0.3701
92438 43 63 0.4409
92459 21 75 0.5118
92459 21 79 0.6063
92481 43 66 0.685
92481 21 50 0.4961
92503 21 78 0.6063
92503 21 69 0.5118
92524 21 78 0.6063
92524 43 62 0.4488
92524 43 57 0.378
92524 43 60 0.378
92546 21 90 0.6063
92546 21 81 0.5118
92568 43 79 0.685
92568 21 43 0.4961
92590 21 82 0.5039
92590 21 91 0.5906
92611 21 79 0.5906
92611 43 58 0.3701
92611 43 55 0.3701
92611 43 62 0.4331
92633 21 70 0.5039
92633 21 79 0.5906
92655 43 68 0.6063
92655 173 48 0.5118
92677 21 75 0.4724
92677 21 80 0.5669
92698 43 80 0.5827
92698 130 56 0.3465
92698 130 63 0.4173
92720 21 92 0.5984
92720 21 87 0.5118
92742 21 80 0.5984
92742 43 50 0.5669
92763 21 75 0.5118
92763 21 80 0.6142
92785 43 67 0.6063
92785 43 51 0.5669
92807 21 79 0.6063
92807 21 72 0.5118
92829 43 66 0.685
92829 21 50 0.4961
92850 21 69 0.5118
92850 21 78 0.6063
92872 21 78 0.6063
92872 43 62 0.4488
92872 43 57 0.378
92872 43 60 0.378
92894 21 81 0.5118
92894 21 90 0.6063
92916 43 79 0.685
92916 21 43 0.4961
92937 21 91 0.5906
92937 21 82 0.5039
92959 21 79 0.5906
92959 43 62 0.4331
92959 43 55 0.3701
92959 43 58 0.3701
92981 21 70 0.5039
92981 21 79 0.5906
93003 43 65 0.6063
93003 21 47 0.5118
93003 21 35 0.4252
93024 21 68 0.4646
93024 21 77 0.5591
93046 21 77 0.5512
93046 43 53 0.3386
93046 43 62 0.4016
93046 43 56 0.3386
93068 21 80 0.4646
93068 21 89 0.5591
93089 21 77 0.5354
93089 21 48 0.4724
93089 21 36 0.4016
93111 21 67 0.5197
93111 21 75 0.6063
93133 43 63 0.5433
93133 43 60 0.3937
93133 43 51 0.3307
93133 43 55 0.3307
93155 21 67 0.4488
93155 21 75 0.5433
93176 43 62 0.6063
93176 21 38 0.4252
93176 21 50 0.5118
93198 21 66 0.4646
93198 21 74 0.5591
93220 21 74 0.5512
93220 43 54 0.3386
93220 43 57 0.4016
93242 21 78 0.4646
93242 21 86 0.5591
93263 21 74 0.5354
93263 21 40 0.4016
93263 21 52 0.4724
93285 21 73 0.6063
93285 21 64 0.5197
93307 43 61 0.5433
93307 43 58 0.3937
93307 43 55 0.3307
93328 21 73 0.5433
93328 21 64 0.4488
93350 43 60 0.6063
93350 21 54 0.5118
93350 21 42 0.4252
93372 21 63 0.4646
93372 21 72 0.5591
93394 43 72 0.5512
93394 43 60 0.3386
93394 43 63 0.4016
93394 43 54 0.3386
93415 21 75 0.4646
93415 21 84 0.5591
93437 43 71 0.5354
93437 43 55 0.3386
93437 43 60 0.3386
93437 43 63 0.4016
93459 21 83 0.5748
93459 21 75 0.5039
93481 43 72 0.5512
93481 21 43 0.378
93481 21 55 0.4567
93502 21 84 0.5512
93502 21 75 0.4567
93524 43 72 0.622
93524 21 44 0.4331
93524 21 56 0.5197
93546 21 84 0.5748
93546 21 75 0.4803
93567 43 75 0.5669
93567 43 63 0.3465
93567 43 67 0.4094
93567 43 56 0.3465
93589 21 78 0.4803
93589 21 87 0.5827
93611 43 74 0.5591
93611 43 57 0.3543
93611 43 67 0.4173
93611 43 63 0.3543
93633 21 78 0.5433
93633 21 86 0.6378
93654 43 75 0.5669
93654 21 45 0.3937
93654 21 57 0.4724
93676 21 78 0.4724
93676 21 87 0.5748
93698 43 75 0.6457
93698 21 58 0.5433
93698 21 46 0.4488
93720 21 78 0.4961
93720 21 87 0.5906
93741 43 78 0.5906
93741 43 63 0.3622
93741 43 58 0.3622
93741 43 66 0.4252
93763 21 82 0.5039
93763 21 90 0.5984
93785 43 77 0.5748
93785 43 69 0.4331
93785 43 59 0.3622
93785 43 63 0.3622
93807 21 89 0.6614
93807 21 80 0.5591
93828 43 78 0.5906
93828 21 47 0.4094
93828 21 59 0.4961
93850 21 90 0.5906
93850 21 81 0.4961
93872 43 78 0.6772
93872 21 48 0.4646
93872 21 60 0.5591
93893 21 81 0.5197
93893 21 90 0.6142
93915 43 81 0.6142
93915 86 66 0.3701
93915 86 62 0.3701
93915 86 60 0.3701
93915 86 69 0.4409
93937 21 93 0.622
93937 21 84 0.5197
93959 43 82 0.5984
93980 21 94 0.685
93980 21 86 0.5827
94002 43 84 0.6142
94002 43 60 0.4488
94002 43 66 0.378
94002 43 62 0.4488
94002 43 69 0.4488
94024 21 96 0.6142
94024 21 87 0.5118
94046 43 84 0.7008
94046 21 58 0.5827
94046 21 46 0.4803
94067 21 87 0.5354
94067 21 96 0.6378
94089 43 82 0.6299
94089 43 55 0.3858
94089 43 62 0.3858
94089 43 67 0.4567
94111 21 86 0.5354
94111 21 94 0.6378
94132 43 82 0.6063
94132 21 48 0.4252
94132 21 60 0.5197
94154 21 86 0.5906
94154 21 94 0.7008
94176 43 81 0.6142
94176 43 57 0.4252
94176 43 67 0.5197
94176 43 63 0.4252
94198 21 93 0.6142
94198 21 84 0.5197
94219 43 81 0.7008
94219 21 62 0.5827
94219 21 50 0.4803
94241 21 93 0.6378
94241 21 84 0.5354
94263 43 79 0.6299
94263 43 70 0.4567
94263 43 67 0.3858
94263 43 62 0.3858
94285 21 82 0.5354
94285 21 91 0.6378
94306 43 79 0.6063
94306 21 48 0.4252
94306 21 60 0.5197
94328 21 82 0.5906
94328 21 91 0.7008
94350 43 74 0.6142
94350 43 66 0.4252
94350 43 69 0.5197
94350 43 62 0.4252
94350 43 60 0.4252
94371 21 78 0.5197
94371 21 86 0.6142
94393 21 46 0.4094
94393 21 58 0.4803
94415 21 82 0.6063
94437 21 86 0.5591
94437 21 94 0.6614
94437 43 62 0.3622
94437 43 55 0.3622
94437 43 67 0.4252
94458 21 82 0.6299
94480 21 94 0.6457
94480 21 85 0.5512
94480 21 60 0.4567
94480 21 48 0.378
94502 21 82 0.622
94524 21 93 0.6693
94524 21 84 0.5669
94524 43 57 0.378
94524 43 63 0.378
94524 43 67 0.4488
94545 21 81 0.6378
94567 21 93 0.6929
94567 21 84 0.5827
94567 21 50 0.4409
94567 21 62 0.5354
94589 21 81 0.622
94611 21 82 0.5827
94611 21 91 0.685
94611 43 67 0.3858
94611 43 70 0.4567
94611 43 62 0.3858
94632 21 79 0.6299
94654 21 82 0.5906
94654 21 91 0.7008
94654 21 48 0.4016
94654 21 60 0.4724
94676 21 79 0.622
94697 21 86 0.7008
94697 21 78 0.5906
94697 43 62 0.3858
94697 43 69 0.3858
94697 43 66 0.3858
94697 43 60 0.3858
94719 21 74 0.6378
94741 21 58 0.685
94741 21 46 0.5748
94763 21 86 0.685
94784 21 91 0.6299
94784 21 94 0.6299
94784 21 98 0.748
94806 21 86 0.6772
94828 21 82 0.5748
94828 21 86 0.6772
94828 21 79 0.5748
94850 21 74 0.6142
94871 21 86 0.6929
94871 21 82 0.5827
94871 21 79 0.5827
94893 21 74 0.6142
94915 21 70 0.5433
94915 21 74 0.6378
94915 21 67 0.5433
94936 21 62 0.6063
94958 21 67 0.5512
94958 21 70 0.5512
94958 21 74 0.6457
94980 21 62 0.5984
95002 21 62 0.6457
95002 21 58 0.5512
95002 21 55 0.5512
95023 21 50 0.5827
95045 21 58 0.5512
95045 21 62 0.6457
95045 21 55 0.5512
95067 21 50 0.5039
95089 21 42 0.7323
95089 21 30 0.6142
95110 21 43 0.6378
95110 21 31 0.5433
95132 21 64 0.7087
95132 21 58 0.5906
95132 21 55 0.5906
95154 21 50 0.6063
95175 21 37 0.6142
95175 21 49 0.7323
95197 21 38 0.5669
95197 21 50 0.6693
95219 21 55 0.5906
95219 21 58 0.5906
95219 21 64 0.7087
95241 21 50 0.6378
95262 21 42 0.7323
95262 21 30 0.6142
95284 21 43 0.6378
95284 21 31 0.5433
95306 21 58 0.5906
95306 21 55 0.5906
95306 21 64 0.7087
95328 21 50 0.6063
95349 21 49 0.7323
95349 21 37 0.6142
95371 21 50 0.6693
95371 21 38 0.5669
95393 21 58 0.5906
95393 21 55 0.5906
95393 21 64 0.7087
95415 21 50 0.6378
95436 86 38 0.7638
95436 86 26 0.6378
95523 14 55 0.4252
95538 14 56 0.4252
95552 14 57 0.4331
95567 14 58 0.4331
95581 14 59 0.4409
95596 14 60 0.4409
95610 14 61 0.4409
95625 14 62 0.4488
95639 14 63 0.4488
95654 14 64 0.4567
95668 14 65 0.4567
95683 14 66 0.4567
95697 14 67 0.4646
95697 65 64 0.5433
95697 65 61 0.5433
95697 65 58 0.5433
95697 65 55 0.5433
95711 14 68 0.4646
95726 14 69 0.4724
95740 14 70 0.4724
95755 14 71 0.4724
95762 21 58 0.4882
95762 21 55 0.4882
95762 21 64 0.4882
95762 21 61 0.4882
95769 14 72 0.4803
95784 14 73 0.4803
95784 86 66 0.5433
95784 86 58 0.5433
95784 86 55 0.5433
95784 86 61 0.5433
95798 14 74 0.4961
95813 14 75 0.4961
95827 14 76 0.5039
95842 14 77 0.5039
95856 14 78 0.5039
95871 14 79 0.5118
95871 65 61 0.5433
95871 65 55 0.5433
95871 65 58 0.5433
95871 65 64 0.5433
95885 14 80 0.5118
95900 14 81 0.5197
95914 14 82 0.5197
95929 14 83 0.5197
95936 21 64 0.4882
95936 21 61 0.4882
95936 21 55 0.4882
95936 21 58 0.4882
95943 14 84 0.5276
95958 14 85 0.5276
95958 86 58 0.5433
95958 86 61 0.5433
95958 86 55 0.5433
95958 86 66 0.5433
95972 14 86 0.5354
95987 14 87 0.5354
96001 14 88 0.5354
96016 14 89 0.5433
96030 14 90 0.5433
96045 14 91 0.5512
96045 54 61 0.5433
96045 54 55 0.5433
96045 54 58 0.5433
96045 54 64 0.5433
96059 14 92 0.5512
96074 14 93 0.5512
96088 14 94 0.5591
96099 1075 50 0.5276
96103 14 95 0.5591
96110 1064 57 0.5354
96117 14 97 0.5669
96121 1053 60 0.5512
96132 21 99 0.6929
96132 630 67 0.6142
96153 21 98 0.6299
96175 21 101 0.6299
96197 21 99 0.6378
96219 21 98 0.622
96240 21 96 0.622
96262 21 95 0.622
96284 21 98 0.622
96305 21 96 0.622
96327 21 94 0.622
96349 21 93 0.622
96371 21 91 0.622
96392 21 90 0.622
96414 21 93 0.622
96436 21 91 0.622
96458 21 90 0.6614
96479 21 87 0.6299
96501 21 86 0.6299
96523 21 87 0.6299
96544 21 86 0.622
96566 21 89 0.622
96588 21 87 0.622
96610 21 86 0.6142
96631 21 84 0.6063
96653 21 83 0.6063
96675 21 86 0.5984
96697 21 84 0.5984
96718 21 82 0.5906
96740 21 81 0.5906
96762 21 79 0.5906
96762 412 66 0.6299
96783 21 78 0.5906
96805 21 81 0.5906
96827 21 79 0.5906
96849 21 78 0.5906
96870 21 75 0.5906
96892 21 74 0.5906
96914 21 75 0.5827
96936 21 74 0.5827
96957 21 77 0.5827
96979 21 75 0.5827
97001 21 74 0.5827
97022 21 72 0.5827
97044 21 71 0.5827
97066 21 74 0.5748
97088 21 72 0.5748
97109 21 70 0.5748
97131 21 69 0.5748
97153 21 67 0.5748
97175 21 66 0.5827
97196 21 63 0.5906
97218 21 62 0.5984
97240 21 60 0.5984
97262 21 58 0.5984
97283 21 57 0.622
97305 21 55 0.6378
97327 21 54 0.6535
97348 21 51 0.6614
97370 21 50 0.6614
97392 21 48 0.6693
97414 21 46 0.6772
97435 21 45 0.6929
97457 21 43 0.7008
97479 21 42 0.7165
97501 21 39 0.7323
97522 21 38 0.7402
97544 21 36 0.7402
97566 21 34 0.748
97587 21 33 0.7638
97609 195 31 0.9055
97805 21 45 0.5906
97805 21 33 0.5118
97826 21 46 0.5906
97826 21 34 0.5118
97848 21 48 0.5984
97848 21 36 0.5197
97870 21 50 0.6063
97870 21 38 0.5276
97892 21 52 0.6063
97892 21 40 0.5276
97913 21 54 0.6142
97913 21 42 0.5354
97935 21 55 0.6142
97935 21 43 0.5354
97957 21 57 0.622
97957 21 45 0.5433
97979 21 58 0.6299
97979 21 46 0.5433
98000 21 60 0.6299
98000 21 48 0.5512
98022 21 62 0.6378
98022 21 50 0.5512
98044 21 64 0.6378
98044 21 52 0.5591
98066 21 66 0.6457
98066 21 54 0.5669
98087 21 67 0.6535
98087 21 55 0.5669
98109 21 69 0.6535
98109 21 57 0.5748
98131 21 70 0.6614
98131 21 58 0.5748
98152 21 72 0.6614
98152 21 60 0.5827
98174 21 74 0.6693
98174 21 62 0.5827
98196 21 76 0.6772
98196 21 64 0.5906
98218 21 78 0.6772
98218 21 66 0.5984
98239 21 79 0.7008
98239 21 67 0.6535
98326 65 50 0.2441
98326 65 43 0.2047
98326 65 31 0.2047
98326 65 55 0.2441
98326 65 58 0.2992
98391 21 31 0.2047
98391 21 55 0.2441
98391 21 58 0.2992
98391 21 43 0.2047
98391 21 50 0.2441
98413 86 31 0.2047
98413 86 43 0.2047
98413 86 55 0.2441
98413 86 58 0.2992
98413 86 50 0.2441
98515 14 50 0.6614
98515 14 38 0.5906
98529 14 43 0.5591
98529 14 55 0.6299
98544 14 45 0.6063
98544 14 57 0.6693
98558 14 48 0.622
98558 14 60 0.7008
98573 12 46 0.5827
98573 12 58 0.6535
98587 21 46 0.6457
98587 21 58 0.7244
98674 108 46 0.6693
98674 108 31 0.622
98783 21 48 0.5591
98783 21 33 0.4094
98804 21 50 0.5591
98804 21 34 0.4094
98826 21 52 0.5591
98826 21 36 0.4173
98848 21 54 0.5669
98848 21 38 0.4173
98870 21 55 0.5669
98870 21 40 0.4252
98891 21 57 0.5669
98891 21 42 0.4252
98913 21 58 0.5748
98913 21 43 0.4331
98935 21 60 0.5748
98935 21 45 0.4331
98956 21 62 0.5748
98956 21 46 0.4409
98978 21 64 0.5827
98978 21 48 0.4409
99000 21 66 0.5827
99000 21 50 0.4488
99022 21 67 0.5827
99022 21 52 0.4488
99043 21 69 0.5906
99043 21 54 0.4567
99065 21 70 0.5906
99065 21 55 0.4567
99087 21 72 0.5906
99087 21 57 0.4646
99109 21 74 0.5984
99109 21 58 0.4724
99130 21 76 0.5984
99130 21 60 0.4724
99152 21 78 0.5984
99152 21 62 0.4803
99174 21 79 0.6063
99174 21 64 0.4803
99195 21 81 0.6063
99195 21 66 0.4882
99217 21 82 0.6063
99217 21 67 0.4882
99239 21 84 0.6142
99239 21 69 0.4961
99261 21 86 0.6142
99261 21 70 0.4961
99282 21 88 0.6142
99282 21 72 0.5039
99304 21 90 0.622
99304 21 74 0.5039
99326 21 91 0.622
99326 21 76 0.5118
99348 21 93 0.622
99348 21 78 0.5118
99369 21 94 0.685
99369 21 79 0.5512
99456 65 50 0.2913
99456 65 62 0.3543
99456 65 58 0.2913
99456 65 55 0.2913
99456 65 43 0.2047
99456 65 31 0.2047
99521 21 50 0.2913
99521 21 62 0.3543
99521 21 58 0.2913
99521 21 55 0.2913
99521 21 31 0.2047
99521 21 43 0.2047
99543 86 55 0.2913
99543 86 50 0.2913
99543 86 58 0.2913
99543 86 62 0.3543
99543 86 31 0.2047
99543 86 43 0.2047
99645 14 62 0.7402
99645 14 50 0.6772
99659 14 67 0.7402
99659 14 55 0.6772
99674 14 70 0.7795
99674 14 58 0.7008
99688 14 75 0.7874
99688 14 63 0.7087
99702 12 74 0.7402
99702 12 62 0.6772
99717 21 74 0.7402
99717 21 62 0.6772
99798 23 100 0.8189
99798 29 34 0.5827
99804 18 88 0.8583
99804 18 46 0.6063
99827 23 99 0.8346
99827 23 35 0.5984
99833 18 87 0.8504
99833 18 47 0.5984
99856 23 98 0.8189
99856 23 36 0.5906
99862 18 86 0.8425
99862 18 48 0.5906
99885 23 97 0.7874
99885 23 37 0.5827
99891 18 85 0.8346
99891 18 49 0.5827
99914 23 96 0.8031
99914 23 38 0.5748
99920 18 84 0.811
99920 18 50 0.5748
99943 23 95 0.811
99943 23 39 0.5906
99949 18 83 0.8031
99949 18 51 0.5669
99972 23 94 0.8031
99972 23 40 0.5827
99978 18 82 0.7953
99978 18 52 0.5748
100001 23 93 0.7953
100001 23 41 0.5669
100007 18 81 0.7874
100007 18 53 0.5669
100030 23 92 0.7795
100030 23 42 0.5669
100036 18 80 0.7795
100036 18 54 0.5669
100065 21 79 0.6929
100065 21 91 0.7717
100065 21 55 0.5669
100065 21 43 0.5197
100094 21 90 0.7638
100094 21 78 0.685
100094 21 42 0.5197
100094 21 54 0.5669
100123 21 89 0.7638
100123 21 77 0.685
100123 21 41 0.5118
100123 21 53 0.5591
100152 21 76 0.6772
100152 21 88 0.7559
100152 21 52 0.5512
100152 21 40 0.5039
100181 21 87 0.748
100181 21 75 0.6693
100181 21 51 0.5433
100181 21 39 0.4961
100210 21 74 0.6614
100210 21 86 0.7402
100210 21 50 0.5276
100210 21 38 0.4803
100238 21 85 0.7323
100238 21 73 0.6535
100238 21 49 0.5197
100238 21 37 0.4724
100267 21 84 0.7165
100267 21 72 0.6378
100267 21 48 0.5197
100267 21 36 0.4724
100296 21 83 0.748
100296 21 71 0.6693
100296 21 35 0.4724
100296 21 47 0.5197
100325 21 70 0.7008
100325 21 82 0.7795
100325 21 34 0.5276
100325 21 46 0.5748
100354 21 81 0.811
100354 21 69 0.7244
100354 21 33 0.5669
100354 21 45 0.622
100383 21 68 0.7638
100383 21 80 0.8504
100383 21 32 0.6063
100383 21 44 0.6614
100412 86 67 0.7559
100412 86 79 0.8898
100412 86 31 0.5591
100412 86 43 0.6535
100586 173 86 0.7244
100586 173 82 0.7244
100586 173 91 0.8504
100586 173 94 0.8504
100586 173 67 0.748
100586 173 55 0.6299
100586 173 62 0.6299
100760 173 55 0.9213
100760 173 43 0.748
100760 173 31 0.6299
