112 37 68 0.5512
131 18 67 0.3307
131 18 64 0.3307
150 37 69 0.5748
150 18 45 0.4724
150 18 33 0.4724
168 18 64 0.3307
168 18 67 0.3307
187 37 73 0.5984
206 18 69 0.3465
206 18 67 0.3465
225 37 78 0.6299
243 18 67 0.378
243 18 69 0.378
262 37 76 0.6299
262 37 49 0.4724
281 18 67 0.378
281 18 69 0.378
300 37 74 0.6142
300 150 45 0.5039
300 37 50 0.5039
318 18 62 0.3543
318 18 66 0.3543
337 37 69 0.5906
337 37 54 0.5354
356 18 62 0.3386
356 18 66 0.3386
375 37 59 0.5669
393 18 62 0.3543
393 18 66 0.3543
412 9 69 0.5984
412 37 57 0.5512
431 18 62 0.3701
431 18 66 0.3701
450 18 69 0.622
450 18 45 0.4724
468 18 61 0.4488
468 9 64 0.4488
468 9 55 0.3543
468 9 57 0.3543
487 37 61 0.5197
487 18 64 0.5197
487 18 55 0.3858
487 75 57 0.3858
506 18 66 0.4252
506 18 54 0.3543
525 37 67 0.5512
525 37 52 0.4724
543 18 61 0.3937
543 18 64 0.3937
562 37 71 0.5512
562 37 33 0.4094
562 187 45 0.4094
581 18 59 0.4016
581 18 67 0.4016
600 37 69 0.5354
600 37 38 0.4882
618 18 57 0.3622
618 18 66 0.3622
637 37 66 0.5118
637 37 42 0.4567
656 18 57 0.3386
656 18 62 0.3386
675 37 64 0.4961
675 75 45 0.4173
693 18 57 0.3228
693 18 61 0.3228
712 37 68 0.5512
731 18 64 0.378
731 18 67 0.378
731 18 33 0.4961
750 75 69 0.6457
750 150 45 0.4961
768 18 64 0.3543
768 18 67 0.3543
787 37 49 0.5433
806 18 55 0.378
806 18 57 0.378
825 37 54 0.5906
843 18 55 0.3543
843 18 57 0.3543
862 37 61 0.4252
862 37 52 0.5669
881 18 55 0.3543
881 18 57 0.3543
900 37 62 0.5748
900 112 38 0.4724
900 112 50 0.4724
918 18 57 0.3543
918 18 54 0.3543
937 37 66 0.5984
956 18 57 0.3622
956 18 62 0.3622
975 37 71 0.6299
993 18 66 0.378
993 18 62 0.378
1012 37 69 0.6299
1012 37 36 0.4409
1012 37 48 0.4409
1031 18 66 0.378
1031 18 62 0.378
1050 37 67 0.6299
1050 112 35 0.5197
1050 112 47 0.5197
1068 18 62 0.378
1068 18 55 0.378
1087 37 71 0.6535
1106 18 62 0.3937
1106 18 67 0.3937
1125 37 76 0.6929
1143 18 67 0.4094
1143 18 64 0.4094
1162 37 74 0.6693
1162 37 34 0.4016
1162 37 46 0.4016
1181 18 67 0.3858
1181 18 62 0.3858
1200 37 73 0.6378
1200 37 33 0.4252
1200 37 45 0.4252
1218 18 61 0.3543
1218 18 67 0.3543
1237 37 71 0.6063
1237 37 35 0.4016
1237 37 47 0.4016
1256 18 62 0.3543
1256 18 67 0.3543
1275 37 69 0.5591
1275 37 36 0.378
1275 37 48 0.378
1293 18 63 0.3307
1293 18 67 0.3307
1312 37 68 0.5512
1312 75 37 0.4724
1312 75 49 0.4724
1331 18 64 0.3307
1331 18 67 0.3307
1350 37 69 0.5748
1368 18 64 0.3307
1368 18 67 0.3307
1387 37 73 0.5984
1387 37 33 0.4724
1406 18 67 0.3465
1406 18 69 0.3465
1425 37 78 0.6299
1443 18 67 0.378
1443 18 69 0.378
1462 37 76 0.6299
1462 37 49 0.4724
1481 18 67 0.378
1481 18 69 0.378
1500 37 74 0.6142
1500 150 45 0.5039
1500 37 50 0.5039
1518 18 62 0.3543
1518 18 66 0.3543
1537 37 69 0.5906
1537 37 54 0.5354
1556 18 62 0.3386
1556 18 66 0.3386
1575 37 59 0.5669
1593 18 62 0.3543
1593 18 66 0.3543
1612 9 69 0.5984
1612 37 57 0.5512
1631 18 62 0.3701
1631 18 66 0.3701
1650 18 69 0.622
1650 18 45 0.4724
1668 18 61 0.4488
1668 9 64 0.4488
1668 9 55 0.3543
1668 9 57 0.3543
1687 37 61 0.5197
1687 18 64 0.5197
1687 18 55 0.3858
1687 75 57 0.3858
1706 18 66 0.4252
1706 18 54 0.3543
1725 37 67 0.5512
1725 37 52 0.4724
1743 18 61 0.3937
1743 18 64 0.3937
1762 37 71 0.5512
1762 37 33 0.4094
1762 187 45 0.4094
1781 18 59 0.3622
1781 18 67 0.3622
1800 37 69 0.5276
1800 37 38 0.4803
1818 18 57 0.3386
1818 18 66 0.3386
1837 37 66 0.5118
1837 37 42 0.4409
1856 18 57 0.3307
1856 18 62 0.3307
1875 37 64 0.4803
1875 75 45 0.4173
1893 18 57 0.3228
1893 18 61 0.3228
1912 37 68 0.5512
1931 18 64 0.378
1931 18 67 0.378
1931 18 33 0.4961
1950 75 69 0.6457
1950 150 45 0.4961
1968 18 64 0.3543
1968 18 67 0.3543
1987 37 49 0.5433
2006 18 55 0.378
2006 18 57 0.378
2025 37 54 0.5906
2043 18 55 0.3543
2043 18 57 0.3543
2062 37 61 0.4252
2062 37 52 0.5669
2081 18 55 0.3543
2081 18 57 0.3543
2100 37 62 0.5748
2100 112 38 0.4724
2100 112 50 0.4724
2118 18 57 0.3543
2118 18 54 0.3543
2137 37 66 0.5984
2156 18 57 0.3622
2156 18 62 0.3622
2175 37 71 0.6299
2193 18 66 0.378
2193 18 62 0.378
2212 37 69 0.6299
2212 37 36 0.4409
2212 37 48 0.4409
2231 18 66 0.378
2231 18 62 0.378
2250 37 67 0.6299
2250 112 35 0.5197
2250 112 47 0.5197
2268 18 62 0.378
2268 18 55 0.378
2287 37 71 0.6535
2306 18 62 0.3937
2306 18 67 0.3937
2325 37 76 0.6929
2343 18 67 0.4094
2343 18 64 0.4094
2362 37 74 0.6693
2362 37 34 0.4016
2362 37 46 0.4016
2381 18 67 0.3858
2381 18 62 0.3858
2400 37 73 0.5906
2400 37 33 0.3937
2400 37 45 0.3937
2418 18 61 0.3543
2418 18 67 0.3543
2437 37 71 0.5433
2437 37 35 0.378
2437 37 47 0.378
2456 18 62 0.3543
2456 18 67 0.3543
2475 37 69 0.4961
2475 37 37 0.3543
2475 37 49 0.3543
2493 18 63 0.3307
2493 18 67 0.3307
2512 37 69 0.4646
2512 150 36 0.3543
2512 150 48 0.3543
2531 18 67 0.2756
2531 18 64 0.2756
2550 37 70 0.4882
2568 18 67 0.2756
2568 18 64 0.2756
2587 37 76 0.5039
2606 18 67 0.2913
2606 18 70 0.2913
2625 37 81 0.5354
2643 18 67 0.315
2643 18 70 0.315
2662 37 79 0.5354
2662 37 52 0.4016
2681 18 70 0.315
2681 18 67 0.315
2700 37 77 0.5197
2700 150 48 0.4252
2700 37 53 0.4252
2718 18 69 0.2992
2718 18 65 0.2992
2737 37 72 0.4961
2737 37 57 0.4488
2756 18 65 0.2835
2756 18 69 0.2835
2775 37 62 0.4803
2793 18 69 0.2992
2793 18 65 0.2992
2812 9 72 0.5039
2812 37 60 0.4646
2831 18 65 0.3071
2831 18 69 0.3071
2850 18 72 0.5276
2850 18 48 0.4016
2868 18 67 0.378
2868 9 64 0.378
2868 9 58 0.2992
2868 9 62 0.2992
2887 18 67 0.4409
2887 37 64 0.4409
2887 75 62 0.3228
2887 18 58 0.3228
2906 18 69 0.3543
2906 18 57 0.2992
2925 37 70 0.4646
2925 37 55 0.4016
2943 18 67 0.3307
2943 18 64 0.3307
2962 37 74 0.4882
2962 37 48 0.3465
2962 37 36 0.3465
2981 18 60 0.3386
2981 18 70 0.3386
3000 37 72 0.4724
3000 75 53 0.4173
3000 37 41 0.4173
3018 18 60 0.3228
3018 18 69 0.3228
3037 37 69 0.4567
3037 37 45 0.378
3056 18 65 0.3071
3056 18 60 0.3071
3075 37 67 0.4409
3075 75 52 0.3622
3075 75 48 0.3622
3093 18 60 0.3071
3112 37 69 0.5197
3131 18 64 0.315
3131 18 67 0.315
3150 37 70 0.5591
3150 112 36 0.4488
3150 112 48 0.4488
3168 18 67 0.3465
3168 18 64 0.3465
3187 37 76 0.5906
3206 18 67 0.378
3206 18 70 0.378
3225 37 81 0.622
3243 18 67 0.3937
3243 18 70 0.3937
3262 37 79 0.5906
3262 37 37 0.3701
3262 37 49 0.3701
3281 18 70 0.378
3281 18 67 0.378
3300 37 78 0.5984
3300 37 38 0.3622
3300 37 50 0.3622
3318 18 66 0.3701
3318 18 69 0.3701
3337 37 73 0.5512
3337 37 40 0.3543
3337 37 52 0.3543
3356 18 67 0.3701
3356 18 69 0.3701
3375 37 76 0.5906
3375 37 41 0.3386
3375 37 53 0.3386
3393 18 64 0.3937
3393 18 69 0.3937
3412 37 74 0.5748
3412 37 42 0.3307
3412 37 54 0.3307
3431 18 62 0.3701
3431 18 69 0.3701
3450 37 71 0.5748
3450 37 43 0.3228
3450 37 55 0.3228
3468 18 62 0.3622
3468 18 67 0.3622
3487 37 66 0.4567
3487 37 45 0.2205
3487 37 57 0.2205
3506 18 60 0.2913
3506 18 62 0.2913
3525 37 69 0.4882
3525 37 46 0.2677
3525 37 58 0.2677
3543 18 57 0.2992
3543 18 62 0.2992
3562 37 67 0.4488
3562 37 47 0.2126
3562 37 59 0.2126
3581 18 55 0.2913
3581 18 62 0.2913
3600 37 66 0.4173
3600 150 45 0.2283
3618 18 57 0.2835
3618 18 62 0.2835
3637 37 64 0.3701
3637 37 33 0.189
3656 18 55 0.2677
3656 18 61 0.2677
3675 75 62 0.3543
3675 75 38 0.2047
3693 56 54 0.2047
3693 56 57 0.2047
3862 37 68 0.5512
3881 18 67 0.3307
3881 18 64 0.3307
3900 37 69 0.5827
3900 18 33 0.4724
3900 18 45 0.4724
3918 18 64 0.3307
3918 18 67 0.3307
3937 37 73 0.5984
3956 18 67 0.3465
3956 18 69 0.3465
3975 37 78 0.6535
3993 18 67 0.378
3993 18 69 0.378
4012 37 76 0.6299
4012 37 49 0.4724
4031 18 67 0.378
4031 18 69 0.378
4050 37 74 0.6142
4050 150 45 0.5039
4050 37 50 0.5039
4068 18 62 0.3543
4068 18 66 0.3543
4087 37 69 0.5906
4087 37 54 0.5433
4106 18 62 0.3386
4106 18 66 0.3386
4125 37 59 0.5748
4143 18 62 0.3543
4143 18 66 0.3543
4162 9 69 0.5984
4162 37 57 0.5512
4181 18 62 0.3701
4181 18 66 0.3701
4200 18 69 0.622
4200 18 45 0.4724
4218 18 61 0.4488
4218 9 64 0.4488
4218 9 55 0.3543
4218 9 57 0.3543
4237 37 61 0.5197
4237 18 64 0.5197
4237 18 55 0.3858
4237 75 57 0.3858
4256 18 66 0.4252
4256 18 54 0.3543
4275 37 67 0.5512
4275 37 52 0.4724
4293 18 61 0.3937
4293 18 64 0.3937
4312 37 71 0.5512
4312 37 33 0.4094
4312 187 45 0.4094
4331 18 59 0.4016
4331 18 67 0.4016
4350 37 69 0.5354
4350 37 38 0.4882
4368 18 57 0.3622
4368 18 66 0.3622
4387 37 66 0.5118
4387 37 42 0.4567
4406 18 57 0.3386
4406 18 62 0.3386
4425 37 64 0.4961
4425 75 45 0.4173
4443 18 57 0.3228
4443 18 61 0.3228
4462 37 68 0.5512
4481 18 64 0.378
4481 18 67 0.378
4481 18 33 0.4961
4500 75 69 0.6457
4500 150 45 0.4961
4518 18 64 0.3543
4518 18 67 0.3543
4537 37 49 0.5512
4556 18 55 0.378
4556 18 57 0.378
4575 37 54 0.5906
4593 18 55 0.3543
4593 18 57 0.3543
4612 37 61 0.4252
4612 37 52 0.5669
4631 18 55 0.3543
4631 18 57 0.3543
4650 37 62 0.5748
4650 112 38 0.4724
4650 112 50 0.4724
4668 18 57 0.3543
4668 18 54 0.3543
4687 37 66 0.5984
4706 18 57 0.3622
4706 18 62 0.3622
4725 37 71 0.6299
4743 18 66 0.378
4743 18 62 0.378
4762 37 69 0.6299
4762 37 36 0.4409
4762 37 48 0.4409
4781 18 66 0.378
4781 18 62 0.378
4800 37 67 0.6299
4800 112 35 0.5197
4800 112 47 0.5197
4818 18 62 0.378
4818 18 55 0.378
4837 37 71 0.6535
4856 18 62 0.3937
4856 18 67 0.3937
4875 37 76 0.6929
4893 18 67 0.4094
4893 18 64 0.4094
4912 37 74 0.6693
4912 37 34 0.4016
4912 37 46 0.4016
4931 18 67 0.3858
4931 18 62 0.3858
4950 37 73 0.6378
4950 37 33 0.4252
4950 37 45 0.4252
4968 18 61 0.3543
4968 18 67 0.3543
4987 37 71 0.6063
4987 37 35 0.4016
4987 37 47 0.4016
5006 18 62 0.3543
5006 18 67 0.3543
5025 37 69 0.5591
5025 37 36 0.378
5025 37 48 0.378
5043 18 63 0.3307
5043 18 67 0.3307
5062 37 68 0.5512
5062 75 37 0.4724
5062 75 49 0.4724
5081 18 64 0.3307
5081 18 67 0.3307
5100 37 69 0.5748
5118 18 64 0.3307
5118 18 67 0.3307
5137 37 73 0.5984
5137 37 33 0.4724
5156 18 67 0.3465
5156 18 69 0.3465
5175 37 78 0.6535
5193 18 67 0.378
5193 18 69 0.378
5212 37 76 0.6299
5212 37 49 0.4724
5231 18 67 0.378
5231 18 69 0.378
5250 37 74 0.6142
5250 150 45 0.5118
5250 37 50 0.5118
5268 18 62 0.3543
5268 18 66 0.3543
5287 37 69 0.5906
5287 37 54 0.5512
5306 18 62 0.3386
5306 18 66 0.3386
5325 37 59 0.5827
5343 18 62 0.3543
5343 18 66 0.3543
5362 9 69 0.5984
5362 37 57 0.5591
5381 18 62 0.3701
5381 18 66 0.3701
5400 18 69 0.622
5400 18 45 0.4724
5418 18 61 0.4488
5418 9 64 0.4488
5418 9 55 0.3543
5418 9 57 0.3543
5437 37 61 0.5197
5437 18 64 0.5197
5437 18 55 0.3858
5437 75 57 0.3858
5456 18 66 0.4252
5456 18 54 0.3543
5475 37 67 0.5512
5475 37 52 0.4724
5493 18 61 0.3937
5493 18 64 0.3937
5512 37 71 0.5512
5512 37 33 0.4094
5512 187 45 0.4094
5531 18 59 0.3622
5531 18 67 0.3622
5550 37 69 0.5276
5550 37 38 0.4803
5568 18 57 0.3386
5568 18 66 0.3386
5587 37 66 0.5118
5587 37 42 0.4409
5606 18 57 0.3307
5606 18 62 0.3307
5625 37 64 0.4803
5625 75 45 0.4173
5643 18 57 0.3228
5643 18 61 0.3228
5662 37 68 0.5512
5681 18 64 0.378
5681 18 67 0.378
5681 18 33 0.4961
5700 75 69 0.6457
5700 150 45 0.5118
5718 18 64 0.3543
5718 18 67 0.3543
5737 37 49 0.5591
5756 18 55 0.378
5756 18 57 0.378
5775 37 54 0.6063
5793 18 55 0.3543
5793 18 57 0.3543
5812 37 61 0.4252
5812 37 52 0.5669
5831 18 55 0.3543
5831 18 57 0.3543
5850 37 62 0.5748
5850 112 38 0.4724
5850 112 50 0.4724
5868 18 57 0.3543
5868 18 54 0.3543
5887 37 66 0.6063
5906 18 57 0.3622
5906 18 62 0.3622
5925 37 71 0.6614
5943 18 66 0.378
5943 18 62 0.378
5962 37 69 0.6299
5962 37 36 0.4409
5962 37 48 0.4409
5981 18 66 0.378
5981 18 62 0.378
6000 37 67 0.6299
6000 112 35 0.5197
6000 112 47 0.5197
6018 18 62 0.378
6018 18 55 0.378
6037 37 71 0.6693
6056 18 62 0.3937
6056 18 67 0.3937
6075 37 76 0.7087
6093 18 67 0.4094
6093 18 64 0.4094
6112 37 74 0.6693
6112 37 34 0.4016
6112 37 46 0.4016
6131 18 67 0.3858
6131 18 62 0.3858
6150 37 73 0.5906
6150 37 33 0.3937
6150 37 45 0.3937
6168 18 61 0.3543
6168 18 67 0.3543
6187 37 71 0.5433
6187 37 35 0.378
6187 37 47 0.378
6206 18 62 0.3543
6206 18 67 0.3543
6225 37 69 0.4961
6225 37 37 0.3543
6225 37 49 0.3543
6243 18 63 0.3307
6243 18 67 0.3307
6262 37 69 0.4646
6262 150 36 0.3543
6262 150 48 0.3543
6281 18 67 0.2756
6281 18 64 0.2756
6300 37 70 0.4882
6318 18 67 0.2756
6318 18 64 0.2756
6337 37 76 0.5039
6356 18 67 0.2913
6356 18 70 0.2913
6375 37 81 0.5354
6393 18 67 0.315
6393 18 70 0.315
6412 37 79 0.5354
6412 37 52 0.4016
6431 18 70 0.315
6431 18 67 0.315
6450 37 77 0.5197
6450 150 48 0.4252
6450 37 53 0.4252
6468 18 69 0.2992
6468 18 65 0.2992
6487 37 72 0.4961
6487 37 57 0.4567
6506 18 65 0.2835
6506 18 69 0.2835
6525 37 62 0.4961
6543 18 69 0.2992
6543 18 65 0.2992
6562 9 72 0.5039
6562 37 60 0.4646
6581 18 65 0.3071
6581 18 69 0.3071
6600 18 72 0.5276
6600 18 48 0.4016
6618 18 67 0.378
6618 9 64 0.378
6618 9 58 0.2992
6618 9 62 0.2992
6637 18 67 0.4409
6637 37 64 0.4409
6637 75 62 0.3228
6637 18 58 0.3228
6656 18 69 0.3543
6656 18 57 0.2992
6675 37 70 0.4646
6675 37 55 0.4016
6693 18 67 0.3307
6693 18 64 0.3307
6712 37 74 0.4882
6712 37 48 0.3465
6712 37 36 0.3465
6731 18 60 0.3386
6731 18 70 0.3386
6750 37 72 0.4724
6750 75 53 0.4173
6750 37 41 0.4173
6768 18 60 0.3228
6768 18 69 0.3228
6787 37 69 0.4567
6787 37 45 0.378
6806 18 65 0.3071
6806 18 60 0.3071
6825 37 67 0.4409
6825 75 52 0.3622
6825 75 48 0.3622
6843 18 60 0.3071
6862 37 69 0.5197
6881 18 64 0.315
6881 18 67 0.315
6900 37 70 0.5748
6900 112 36 0.4488
6900 112 48 0.4488
6918 18 67 0.3465
6918 18 64 0.3465
6937 37 76 0.6063
6956 18 67 0.378
6956 18 70 0.378
6975 37 81 0.6457
6993 18 67 0.3937
6993 18 70 0.3937
7012 37 79 0.5906
7012 37 37 0.3701
7012 37 49 0.3701
7031 18 70 0.378
7031 18 67 0.378
7050 37 78 0.5984
7050 37 38 0.3622
7050 37 50 0.3622
7068 18 66 0.3701
7068 18 69 0.3701
7087 37 73 0.5512
7087 37 40 0.3543
7087 37 52 0.3543
7106 18 67 0.3701
7106 18 69 0.3701
7125 37 76 0.5906
7125 37 41 0.3386
7125 37 53 0.3386
7143 18 64 0.3937
7143 18 69 0.3937
7162 37 74 0.5748
7162 37 42 0.3307
7162 37 54 0.3307
7181 18 62 0.3701
7181 18 69 0.3701
7200 37 71 0.5748
7200 37 43 0.3228
7200 37 55 0.3228
7218 18 62 0.3622
7218 18 67 0.3622
7237 37 66 0.4567
7237 37 45 0.2205
7237 37 57 0.2205
7256 18 60 0.2913
7256 18 62 0.2913
7275 37 69 0.4882
7275 37 46 0.2677
7275 37 58 0.2677
7293 18 57 0.2992
7293 18 62 0.2992
7312 37 67 0.4488
7312 37 47 0.2126
7312 37 59 0.2126
7331 18 55 0.2913
7331 18 62 0.2913
7350 37 66 0.4173
7350 150 45 0.2283
7368 18 57 0.2835
7368 18 62 0.2835
7387 37 64 0.3701
7387 37 33 0.189
7406 18 55 0.2677
7406 18 61 0.2677
7425 75 62 0.3543
7425 75 38 0.2047
7443 56 54 0.2047
7443 56 57 0.2047
