69 9 67 0.3937
73 3 72 0.3228
76 3 74 0.3228
79 9 75 0.5669
89 9 66 0.3701
99 9 72 0.3937
109 9 75 0.3937
119 9 74 0.5591
129 9 65 0.3543
139 9 71 0.3937
149 9 74 0.3937
159 9 72 0.5591
169 9 69 0.3622
179 9 66 0.3937
189 9 63 0.3937
229 9 67 0.3937
233 3 72 0.3228
236 3 74 0.3228
239 9 75 0.5669
249 9 66 0.3701
259 9 72 0.3937
269 9 75 0.3937
279 9 74 0.5591
289 9 65 0.3543
299 9 71 0.3937
309 9 74 0.3937
319 9 72 0.5591
329 9 69 0.3622
339 9 66 0.3937
349 9 63 0.3937
389 9 63 0.3937
392 3 67 0.3228
396 3 68 0.3228
399 9 70 0.5591
409 9 61 0.3307
419 9 67 0.3701
429 9 70 0.315
439 9 68 0.5197
449 9 60 0.315
459 9 65 0.3622
469 9 68 0.3307
479 9 67 0.5197
489 9 64 0.315
499 9 61 0.3543
509 9 58 0.315
549 9 58 0.3937
552 3 61 0.3228
555 3 64 0.3228
559 9 65 0.5276
569 9 56 0.3307
579 9 60 0.3701
589 9 65 0.315
599 9 62 0.5197
609 9 53 0.315
619 9 59 0.3622
629 9 62 0.3307
639 7 60 0.5197
647 7 55 0.315
655 7 51 0.3543
663 7 48 0.315
671 7 43 0.315
709 9 67 0.3937
712 3 72 0.3228
715 3 74 0.3228
719 9 75 0.5669
729 9 66 0.3701
739 9 72 0.3937
749 9 75 0.3937
759 9 74 0.5591
769 9 65 0.3543
779 9 71 0.3937
789 9 74 0.3937
798 9 72 0.5591
808 9 69 0.3622
818 9 66 0.3937
828 9 63 0.3937
868 9 67 0.3937
872 3 72 0.3228
875 3 74 0.3228
878 9 75 0.5669
888 9 66 0.3701
898 9 72 0.3937
908 9 75 0.3937
918 9 74 0.5591
928 9 65 0.3543
938 9 71 0.3937
948 9 74 0.3937
958 9 72 0.5591
968 9 69 0.3622
978 9 66 0.3937
988 9 63 0.3937
1028 9 63 0.3937
1032 3 67 0.3228
1035 3 68 0.3228
1038 9 70 0.5591
1048 9 61 0.3307
1058 9 67 0.3701
1068 9 70 0.315
1078 9 68 0.5197
1088 9 60 0.315
1098 9 65 0.3622
1108 9 68 0.3307
1118 9 67 0.5197
1128 9 64 0.315
1138 9 61 0.3543
1148 9 58 0.315
1188 9 58 0.3937
1191 3 61 0.3228
1195 3 64 0.3228
1198 9 65 0.5276
1208 9 56 0.3307
1218 9 60 0.3701
1228 9 65 0.315
1238 9 62 0.5197
1248 9 53 0.315
1258 9 59 0.3622
1268 9 62 0.3307
1278 7 60 0.5197
1286 7 55 0.315
1294 7 51 0.3543
1302 7 48 0.315
1310 7 43 0.315
1338 9 62 0.4646
1348 9 63 0.3386
1358 59 62 0.5276
1368 9 58 0.3228
1378 9 57 0.3622
1388 9 55 0.3071
1418 9 62 0.4488
1418 14 67 0.4488
1428 9 63 0.3622
1438 9 62 0.5512
1438 59 66 0.5512
1448 9 60 0.3465
1458 9 58 0.3543
1468 9 57 0.3543
1498 14 62 0.4882
1508 9 63 0.3543
1518 59 62 0.5669
1528 9 58 0.3228
1538 9 57 0.3622
1548 9 55 0.3071
1578 9 62 0.4173
1578 14 67 0.4173
1587 9 63 0.3622
1597 9 62 0.5433
1597 59 66 0.5433
1607 9 60 0.3465
1617 9 58 0.3543
1627 9 57 0.3543
1657 19 62 0.4488
1667 9 63 0.3543
1677 39 62 0.5354
1687 9 58 0.3228
1697 9 57 0.3622
1707 9 55 0.3071
1717 19 70 0.5433
1737 19 63 0.4173
1747 9 65 0.3622
1757 39 63 0.5512
1767 9 58 0.3228
1777 9 57 0.3622
1787 9 55 0.3071
1797 19 75 0.5984
1817 19 63 0.4173
1827 9 65 0.3622
1837 39 63 0.5512
1847 9 57 0.3228
1857 9 55 0.3622
1867 9 53 0.3071
1877 19 69 0.5748
1897 19 62 0.4173
1907 9 63 0.3622
1917 39 62 0.5512
1927 9 57 0.3228
1937 9 55 0.3622
1947 9 53 0.3071
1957 19 74 0.5984
1977 19 62 0.4173
1987 9 63 0.3622
1997 39 62 0.5512
2007 9 55 0.3228
2017 9 53 0.3622
2027 9 51 0.3071
2037 19 67 0.5748
2057 19 60 0.4173
2067 9 62 0.3622
2077 39 60 0.5512
2087 9 55 0.3228
2097 9 53 0.3622
2107 9 51 0.3071
2117 19 72 0.5984
2137 19 60 0.4173
2147 9 62 0.3622
2157 39 60 0.5512
2167 9 54 0.3228
2177 9 52 0.3622
2187 9 50 0.3071
2197 19 66 0.5748
2217 19 72 0.4173
2227 9 74 0.3622
2237 39 72 0.5512
2247 9 66 0.3228
2257 9 64 0.3622
2267 9 62 0.3071
2277 19 78 0.5748
2297 14 74 0.5039
2307 9 75 0.3701
2317 59 74 0.5748
2327 9 70 0.3543
2337 9 69 0.3937
2347 9 67 0.3307
2376 9 74 0.4882
2376 14 79 0.4882
2386 9 75 0.3937
2396 9 74 0.6063
2396 59 78 0.6063
2406 9 72 0.378
2416 9 70 0.3858
2426 9 69 0.3858
2456 14 74 0.5354
2466 9 75 0.3858
2476 59 74 0.622
2486 9 70 0.3543
2496 9 69 0.3937
2506 9 67 0.3307
2536 9 74 0.4567
2536 14 79 0.4567
2546 9 75 0.3937
2556 9 74 0.5906
2556 59 78 0.5906
2566 9 72 0.378
2576 9 70 0.3858
2586 9 69 0.3858
2616 19 74 0.4882
2626 9 75 0.3858
2636 39 74 0.5827
2646 9 70 0.3543
2656 9 69 0.3937
2666 9 67 0.3307
2676 19 82 0.5906
2696 19 75 0.4567
2706 9 77 0.3937
2716 39 75 0.6063
2726 9 70 0.3543
2736 9 69 0.3937
2746 9 67 0.3307
2756 19 87 0.6535
2776 19 75 0.4567
2786 9 77 0.3937
2796 39 75 0.6063
2806 9 69 0.3543
2816 9 67 0.3937
2826 9 65 0.3307
2836 19 81 0.5118
2856 19 74 0.4567
2866 9 75 0.3937
2876 39 74 0.6063
2886 9 69 0.3543
2896 9 67 0.3937
2906 9 65 0.3307
2916 19 86 0.6299
2936 19 74 0.4567
2946 9 75 0.3937
2956 39 74 0.6063
2966 9 67 0.3543
2976 9 65 0.3937
2986 9 63 0.3307
2996 19 79 0.5433
3016 19 72 0.4567
3026 9 74 0.3937
3036 39 72 0.6063
3046 9 67 0.3543
3056 9 65 0.3937
3066 9 63 0.3307
3076 19 84 0.6535
3096 19 72 0.4173
3106 9 74 0.3622
3116 39 72 0.5512
3126 9 66 0.3228
3136 9 64 0.3622
3146 9 62 0.3071
3156 19 78 0.5354
3175 19 72 0.4173
3185 9 74 0.3622
3195 39 72 0.5512
3205 9 66 0.3228
3215 9 64 0.3622
3225 9 62 0.3071
3235 19 84 0.5748
3265 9 74 0.4882
3269 3 79 0.4173
3272 3 81 0.4409
3275 9 82 0.622
3285 9 73 0.4016
3295 9 79 0.4331
3305 9 82 0.4331
3315 9 81 0.6142
3325 9 72 0.3858
3335 9 78 0.4331
3345 9 81 0.4331
3355 9 79 0.6142
3365 9 76 0.4803
3375 9 73 0.5118
3385 9 70 0.5433
3425 9 74 0.5039
3428 3 79 0.4409
3432 3 81 0.4567
3435 9 82 0.622
3445 9 73 0.4016
3455 9 79 0.4331
3465 9 82 0.4331
3475 9 81 0.6142
3485 9 72 0.3858
3495 9 78 0.4331
3505 9 81 0.4331
3515 9 79 0.6142
3525 9 76 0.4567
3535 9 73 0.4882
3545 9 70 0.5118
3585 9 70 0.4961
3588 3 74 0.4016
3592 3 75 0.4488
3595 9 77 0.6142
3605 9 68 0.3622
3615 9 74 0.4016
3625 9 77 0.3465
3635 9 75 0.5669
3645 9 67 0.3465
3655 9 72 0.3937
3665 9 75 0.3622
3675 9 74 0.5669
3685 9 71 0.3465
3695 9 68 0.3858
3705 9 65 0.3465
3739 15 65 0.4961
3744 5 68 0.3543
3749 5 71 0.4409
3755 9 72 0.5748
3765 9 63 0.3622
3775 9 67 0.4016
3785 9 72 0.3465
3795 9 69 0.5669
3805 9 60 0.3465
3815 9 66 0.3937
3825 9 69 0.3622
3835 7 67 0.5669
3843 7 62 0.4094
3851 7 58 0.4331
3859 7 55 0.4567
3867 7 50 0.4803
4214 9 60 0.4252
4224 9 59 0.3228
4234 11 60 0.4803
4244 9 62 0.3543
4254 11 60 0.4094
4264 9 62 0.3465
4274 11 58 0.4252
4284 9 60 0.3543
4294 11 57 0.3937
4304 9 58 0.3386
4314 9 55 0.4252
4324 9 57 0.3543
4334 9 58 0.3543
4344 9 62 0.4016
4354 9 67 0.3937
4364 9 69 0.4252
4374 9 70 0.4567
4384 9 66 0.3937
4394 11 67 0.4724
4404 9 66 0.3543
4414 11 67 0.4173
4424 9 62 0.3543
4434 11 63 0.4252
4444 9 62 0.3386
4454 11 63 0.378
4464 9 59 0.3307
4474 11 60 0.4094
4484 9 59 0.3543
4494 11 60 0.378
4504 9 55 0.3386
4514 11 59 0.4016
4524 9 55 0.3937
4534 11 67 0.5197
4544 9 66 0.3937
4554 11 67 0.5827
4564 9 68 0.4331
4574 11 65 0.4961
4584 9 67 0.4173
4594 11 63 0.5197
4604 9 65 0.4331
4614 11 62 0.4803
4624 9 63 0.4094
4634 9 60 0.5197
4644 9 62 0.4409
4654 9 63 0.4409
4664 9 67 0.4882
4674 9 72 0.4803
4684 9 74 0.5197
4694 9 75 0.5591
4704 9 66 0.4803
4714 9 74 0.5748
4724 9 67 0.4409
4734 9 70 0.5039
4743 9 74 0.4409
4753 9 72 0.5197
4763 9 63 0.4094
4773 9 69 0.4646
4783 9 72 0.4016
4793 9 66 0.4961
4803 9 60 0.4331
4813 9 62 0.4646
4823 9 66 0.4094
4833 19 59 0.4646
4833 19 67 0.5512
5173 9 60 0.4252
5183 9 59 0.3228
5193 11 60 0.4803
5203 9 62 0.3543
5213 11 60 0.4094
5223 9 62 0.3465
5233 11 58 0.4252
5243 9 60 0.3543
5253 11 57 0.3937
5263 9 58 0.3386
5273 9 55 0.4252
5283 9 57 0.3543
5293 9 58 0.3543
5303 9 62 0.4016
5313 9 67 0.3937
5323 9 69 0.4252
5333 9 70 0.4567
5343 9 66 0.3937
5353 11 67 0.4724
5363 9 66 0.3543
5373 11 67 0.4173
5383 9 62 0.3543
5393 11 63 0.4252
5403 9 62 0.3386
5413 11 63 0.378
5423 9 59 0.3307
5433 11 60 0.4094
5443 9 59 0.3543
5453 11 60 0.378
5463 9 55 0.3386
5473 11 59 0.4016
5483 9 55 0.3937
5493 11 67 0.5197
5503 9 66 0.3937
5513 11 67 0.5827
5523 9 68 0.4331
5532 11 65 0.4961
5542 9 67 0.4173
5552 11 63 0.5197
5562 9 65 0.4331
5572 11 62 0.4803
5582 9 63 0.4094
5592 9 60 0.5197
5602 9 62 0.4409
5612 9 63 0.4409
5622 9 67 0.4882
5632 9 72 0.4803
5642 9 74 0.5197
5652 9 75 0.5591
5662 9 66 0.4803
5672 9 74 0.5748
5682 9 67 0.4409
5692 9 70 0.5039
5702 9 74 0.4409
5712 9 72 0.5197
5722 9 63 0.4094
5732 9 69 0.4646
5742 9 72 0.4016
5752 9 66 0.4961
5762 9 60 0.4331
5772 9 62 0.4646
5782 9 66 0.4094
5792 19 59 0.4646
5792 19 67 0.5512
5812 9 72 0.4252
5822 9 71 0.3228
5832 9 72 0.4803
5842 9 73 0.3543
5852 9 70 0.4094
5862 9 72 0.3465
5872 9 68 0.4252
5882 9 70 0.3543
5892 9 67 0.3937
5902 9 68 0.3386
5912 9 65 0.4252
5922 9 67 0.3543
5932 9 68 0.3543
5942 9 72 0.4016
5952 9 77 0.3937
5962 9 79 0.4252
5972 9 80 0.4567
5982 9 75 0.3937
5992 9 74 0.4724
6002 9 75 0.3543
6012 9 72 0.4173
6022 9 74 0.3543
6032 9 70 0.4252
6042 9 72 0.3386
6052 9 69 0.378
6062 9 70 0.3307
6072 9 67 0.4252
6082 9 69 0.378
6092 9 70 0.378
6102 9 74 0.4016
6112 9 79 0.3937
6122 9 81 0.4252
6132 9 82 0.4567
6142 9 78 0.3937
6152 9 79 0.4724
6162 9 80 0.4173
6172 9 77 0.4724
6182 9 79 0.4016
6192 9 75 0.4803
6202 9 77 0.3937
6212 9 74 0.4331
6222 9 75 0.4094
6232 9 72 0.4803
6242 9 74 0.3937
6252 9 75 0.3937
6262 9 79 0.4331
6272 9 84 0.4409
6282 9 86 0.4724
6292 9 87 0.5118
6302 9 83 0.4409
6312 9 84 0.5591
6321 9 86 0.4252
6331 9 87 0.4961
6341 9 83 0.4173
6351 9 84 0.5354
6361 9 86 0.4173
6371 9 87 0.4646
6381 9 78 0.4016
6391 9 79 0.4724
6401 9 80 0.4331
6411 9 79 0.4961
6421 9 80 0.4724
6431 9 79 0.5197
6441 9 80 0.4803
6451 9 79 0.5039
6461 9 80 0.4331
6471 9 79 0.5197
6481 9 80 0.4724
6491 9 77 0.5118
6501 9 79 0.4488
6511 9 75 0.4961
6521 9 77 0.4252
6531 9 74 0.4961
6541 9 75 0.4252
6551 9 72 0.4803
6561 9 74 0.4409
6571 9 75 0.4724
6581 9 79 0.4961
6591 9 84 0.5118
6601 9 86 0.4961
6611 9 79 0.4567
6611 9 87 0.5354
6621 9 78 0.4803
6631 9 79 0.5197
6641 9 80 0.4724
6651 9 77 0.5118
6661 9 79 0.4488
6671 9 75 0.4961
6681 9 77 0.4252
6691 9 74 0.4961
6701 9 75 0.4252
6711 9 72 0.4803
6721 9 74 0.4409
6731 9 75 0.4724
6741 9 79 0.4961
6751 9 84 0.5118
6761 9 86 0.4094
6771 9 79 0.4882
6771 9 87 0.4882
6781 9 78 0.4331
6791 9 79 0.5276
6801 9 80 0.4094
6811 9 77 0.4488
6821 9 89 0.4094
6831 9 77 0.5354
6841 9 79 0.4094
6851 9 75 0.4488
6861 9 87 0.4252
6871 9 75 0.5354
6881 9 77 0.4252
6891 9 74 0.4567
6901 9 86 0.4252
6911 9 74 0.5433
6921 9 75 0.4331
6931 9 72 0.4567
6941 9 84 0.4331
6951 9 72 0.5512
6961 9 74 0.4331
6971 9 70 0.4331
6981 9 82 0.4331
6991 9 70 0.5748
7001 9 72 0.4331
7011 9 68 0.4331
7021 9 80 0.4331
7031 9 68 0.5984
7041 9 70 0.4409
7051 9 67 0.4488
7061 9 79 0.4488
7071 9 67 0.5591
7081 9 79 0.4331
7091 14 67 0.5984
7101 9 68 0.4331
7110 59 67 0.6063
7120 9 63 0.3701
7130 9 62 0.4094
7140 9 60 0.3465
7170 9 67 0.5118
7170 14 72 0.5118
7180 9 68 0.4094
7190 9 67 0.6299
7190 59 71 0.6299
7200 9 65 0.3937
7210 9 63 0.4016
7220 9 62 0.4016
7250 14 67 0.5591
7260 9 68 0.4016
7270 59 67 0.6457
7280 9 63 0.3701
7290 9 62 0.4094
7300 9 60 0.3465
7330 9 67 0.4724
7330 14 72 0.4724
7340 9 68 0.4094
7350 9 67 0.622
7350 59 71 0.622
7360 9 65 0.3937
7370 9 63 0.4016
7380 9 62 0.4016
7410 14 67 0.5118
7420 9 68 0.4016
7430 39 67 0.6142
7440 9 63 0.3701
7450 9 62 0.4094
7460 9 60 0.3465
7470 19 75 0.622
7490 19 68 0.4724
7500 9 70 0.4094
7510 39 68 0.6299
7520 9 63 0.3701
7530 9 65 0.4094
7540 9 60 0.3465
7550 19 80 0.685
7570 19 68 0.4724
7580 9 70 0.4094
7590 39 68 0.6299
7600 9 62 0.3701
7610 9 60 0.4094
7620 9 58 0.3465
7630 19 74 0.6535
7650 19 67 0.4646
7660 9 68 0.4016
7670 39 67 0.622
7680 9 62 0.3622
7690 9 63 0.3937
7700 9 58 0.3386
7710 19 79 0.6693
7730 19 67 0.4567
7740 9 68 0.3937
7750 39 67 0.6063
7760 9 60 0.3543
7770 9 58 0.3937
7780 9 56 0.3307
7790 19 72 0.622
7810 19 65 0.4488
7820 9 67 0.3858
7830 39 65 0.5984
7840 9 60 0.3465
7850 9 62 0.3858
7860 9 56 0.3228
7870 19 77 0.6378
7890 19 65 0.4409
7899 9 67 0.378
7909 39 65 0.5906
7919 9 59 0.3386
7929 9 57 0.378
7939 9 55 0.315
7949 19 71 0.6063
7969 19 65 0.4331
7979 9 67 0.3701
7989 39 65 0.5748
7999 9 59 0.3386
8009 9 62 0.3701
8019 9 55 0.315
8029 19 77 0.5906
8059 9 67 0.4094
8063 3 72 0.3386
8066 3 74 0.3386
8069 9 75 0.5906
8079 9 66 0.3858
8089 9 72 0.4094
8099 9 75 0.4094
8109 9 74 0.5827
8119 9 65 0.3701
8129 9 71 0.4094
8139 9 74 0.4094
8149 9 72 0.5827
8159 9 69 0.378
8169 9 66 0.4094
8179 9 63 0.4094
8219 9 67 0.4094
8222 3 72 0.3386
8226 3 74 0.3386
8229 9 75 0.5906
8239 9 66 0.3858
8249 9 72 0.4094
8259 9 75 0.4094
8269 9 74 0.5827
8279 9 65 0.3701
8289 9 71 0.4094
8299 9 74 0.4094
8309 9 72 0.5827
8319 9 69 0.378
8329 9 66 0.4094
8339 9 63 0.4094
8379 9 63 0.4094
8382 3 67 0.3386
8386 3 68 0.3386
8389 9 70 0.5827
8399 9 61 0.3465
8409 9 67 0.3858
8419 9 70 0.3307
8429 9 68 0.5433
8439 9 60 0.3307
8449 9 65 0.378
8459 9 68 0.3465
8469 9 67 0.5433
8479 9 64 0.3307
8489 9 61 0.3701
8499 9 58 0.3307
8533 15 58 0.4094
8538 5 61 0.3386
8543 5 64 0.3386
8549 9 65 0.5512
8559 9 56 0.3465
8569 9 60 0.3858
8579 9 65 0.3307
8589 9 62 0.5433
8599 9 53 0.3307
8609 9 59 0.378
8619 9 62 0.3465
8629 7 60 0.5433
8637 7 55 0.3307
8645 7 51 0.3701
8653 7 48 0.3307
8661 7 43 0.3307
8688 17 58 0.2913
8688 17 63 0.2913
8688 17 67 0.3465
8708 37 58 0.3307
8708 37 65 0.3307
8748 37 57 0.3071
8748 37 63 0.3071
8748 37 69 0.3701
8788 37 58 0.3307
8788 37 62 0.3307
8788 37 70 0.3937
8848 19 58 0.2913
8848 19 63 0.2913
8848 19 67 0.3465
8868 37 58 0.3307
8868 37 65 0.3307
8908 37 57 0.3071
8908 37 63 0.3071
8908 37 69 0.3701
8948 37 58 0.3307
8948 37 62 0.3307
8948 37 70 0.3937
9008 19 58 0.3543
9008 19 62 0.3543
9008 19 65 0.4173
9028 39 67 0.4488
9028 39 58 0.378
9028 39 63 0.378
9068 39 55 0.3307
9068 39 58 0.3307
9068 39 63 0.4016
9108 39 53 0.3858
9108 39 58 0.3858
9108 39 65 0.4567
9168 19 53 0.3543
9168 19 58 0.3543
9168 19 65 0.4252
9188 39 67 0.4646
9188 39 55 0.3937
9228 39 55 0.3307
9228 39 58 0.3307
9228 39 63 0.4016
9268 39 53 0.4016
9268 39 58 0.4016
9268 39 65 0.4724
9328 19 53 0.2756
9328 19 58 0.2756
9328 19 62 0.3307
9348 39 58 0.315
9348 39 63 0.378
9348 39 55 0.315
9388 39 53 0.2677
9388 39 60 0.2677
9388 39 63 0.3228
9428 39 53 0.315
9428 39 60 0.315
9428 39 62 0.378
9487 19 53 0.2283
9487 19 58 0.2283
9487 19 62 0.2756
9507 39 58 0.2835
9507 39 60 0.3386
9507 39 55 0.2835
9547 39 53 0.2441
9547 39 60 0.2913
9587 39 58 0.3386
9647 19 63 0.2992
9647 19 68 0.2992
9647 19 72 0.3543
9667 37 63 0.3228
9667 37 70 0.3858
9707 37 62 0.2835
9707 37 68 0.2835
9707 37 74 0.3386
9747 37 63 0.2992
9747 37 67 0.2992
9747 37 75 0.3622
9807 19 63 0.2835
9807 19 72 0.3386
9827 37 63 0.3307
9827 37 70 0.3937
9867 37 62 0.2913
9867 37 68 0.2913
9867 37 74 0.3465
9907 37 63 0.2992
9907 37 67 0.2992
9907 37 75 0.3543
9967 19 67 0.3071
9967 19 63 0.3071
9967 19 70 0.3071
9987 39 67 0.3543
9987 39 63 0.3543
9987 39 75 0.4173
10027 39 62 0.3543
10027 39 66 0.3543
10027 39 74 0.4173
10067 39 62 0.378
10067 39 67 0.378
10067 39 70 0.4488
10127 19 61 0.2677
10127 19 70 0.3228
10147 39 60 0.3071
10147 39 72 0.3701
10187 39 65 0.2677
10187 39 70 0.3228
10227 39 58 0.315
10227 39 64 0.315
10227 39 67 0.378
10286 19 58 0.2677
10286 19 64 0.2677
10286 19 67 0.3228
10306 39 65 0.3071
10306 39 60 0.3071
10306 39 68 0.3701
10346 29 56 0.2677
10346 39 62 0.2677
10346 39 65 0.3228
10376 9 57 0.2677
10386 39 58 0.315
10386 39 62 0.315
10386 39 67 0.378
10446 19 58 0.2677
10446 19 64 0.2677
10446 19 67 0.3228
10466 39 65 0.3071
10466 39 60 0.3071
10466 39 68 0.3701
10506 39 56 0.2677
10506 39 62 0.2677
10506 39 65 0.3228
10546 39 55 0.315
10546 39 63 0.378
10606 19 55 0.2677
10606 139 63 0.3228
10626 39 60 0.3071
10666 39 59 0.2677
10706 39 58 0.315
74 24 43 0.378
77 22 48 0.4252
79 19 57 0.4724
114 24 43 0.4331
117 22 50 0.4646
119 19 59 0.4961
154 24 43 0.4016
157 22 51 0.4252
159 19 60 0.4567
199 9 60 0.4094
209 9 57 0.4016
219 9 54 0.3937
229 9 51 0.3937
239 19 43 0.378
239 19 48 0.4094
239 19 57 0.4724
279 19 43 0.4016
279 19 50 0.4331
279 19 59 0.4724
319 19 43 0.3622
319 19 51 0.4016
319 19 60 0.4488
359 9 60 0.4094
369 9 57 0.4016
379 9 54 0.3937
389 9 51 0.3937
394 39 43 0.315
399 34 52 0.4567
434 39 43 0.3386
439 34 53 0.4961
474 44 43 0.3071
479 39 55 0.378
519 7 55 0.4094
527 7 52 0.4016
535 7 49 0.3937
543 7 46 0.3937
551 7 43 0.3937
559 39 31 0.4409
559 39 43 0.5512
599 39 31 0.4724
599 39 43 0.5512
639 39 36 0.4252
639 29 43 0.5276
679 39 36 0.6142
714 24 43 0.4488
716 22 48 0.4724
719 19 57 0.5039
754 24 43 0.4331
756 22 50 0.4567
759 19 59 0.4724
793 24 43 0.4331
796 22 51 0.4646
798 19 60 0.4961
838 9 60 0.4094
848 9 57 0.4016
858 9 54 0.3937
868 9 51 0.3937
878 19 43 0.378
878 19 48 0.4094
878 19 57 0.4724
918 19 43 0.4016
918 19 50 0.4331
918 19 59 0.4724
958 19 43 0.3622
958 19 51 0.4016
958 19 60 0.4488
998 9 60 0.4094
1008 9 57 0.4016
1018 9 54 0.3937
1028 9 51 0.3937
1033 39 43 0.315
1038 34 52 0.3937
1073 39 43 0.3386
1078 34 53 0.3937
1113 44 43 0.3071
1118 39 55 0.378
1158 7 55 0.4094
1166 7 52 0.4016
1174 7 49 0.3937
1182 7 46 0.3937
1190 7 43 0.3937
1198 39 31 0.4409
1198 39 43 0.5512
1238 39 31 0.4724
1238 39 43 0.5512
1278 39 36 0.4252
1278 29 43 0.5276
1318 39 36 0.6299
1358 39 43 0.4094
1398 39 50 0.3307
1438 39 38 0.4016
1478 39 50 0.3386
1518 39 43 0.4094
1558 39 50 0.3307
1597 39 38 0.4016
1637 39 50 0.3386
1677 39 43 0.5433
1717 39 50 0.3307
1757 39 36 0.5669
1797 39 48 0.3307
1837 39 41 0.5906
1877 39 48 0.3307
1917 39 34 0.6299
1957 39 46 0.3307
1997 39 39 0.5669
2037 39 46 0.3307
2077 39 33 0.5591
2117 39 45 0.3307
2157 39 38 0.5276
2197 39 45 0.3307
2237 39 38 0.5354
2277 39 57 0.3307
2317 39 43 0.4094
2317 39 55 0.4094
2357 39 62 0.3307
2396 39 62 0.4016
2396 39 50 0.4016
2436 39 62 0.3386
2476 39 67 0.4094
2476 39 55 0.4094
2516 39 62 0.3307
2556 39 62 0.4016
2556 39 50 0.4016
2596 39 62 0.3386
2636 39 43 0.4882
2636 39 55 0.4882
2676 39 62 0.3307
2716 39 48 0.4882
2756 39 60 0.3307
2796 39 41 0.4882
2836 39 60 0.3307
2876 39 46 0.4882
2916 39 58 0.3307
2956 39 39 0.4882
2996 39 58 0.3307
3036 39 45 0.5118
3076 39 57 0.3307
3116 39 50 0.5276
3156 39 57 0.3307
3195 39 38 0.5354
3195 39 50 0.5354
3235 39 57 0.3307
3275 19 50 0.3465
3275 19 55 0.378
3275 19 64 0.4331
3315 19 50 0.3701
3315 19 57 0.3937
3315 19 66 0.4331
3355 19 50 0.3307
3355 19 58 0.3701
3355 19 67 0.4094
3395 9 67 0.4803
3405 9 64 0.5197
3415 9 61 0.4331
3425 9 58 0.4331
3435 19 50 0.3465
3435 19 55 0.378
3435 19 64 0.4331
3475 19 50 0.3701
3475 19 57 0.3937
3475 19 66 0.4331
3515 19 50 0.3307
3515 19 58 0.3701
3515 19 67 0.4094
3555 9 67 0.4803
3565 9 64 0.5197
3575 9 61 0.4331
3585 9 58 0.4331
3590 39 50 0.3465
3595 34 59 0.4882
3630 39 50 0.3701
3635 34 60 0.4567
3670 44 50 0.3307
3675 39 62 0.4094
3715 7 62 0.4488
3723 7 59 0.4409
3731 7 56 0.4331
3739 7 53 0.4331
3747 7 50 0.4331
3755 39 38 0.3465
3755 39 50 0.4331
3795 39 38 0.3701
3795 39 50 0.4331
3835 39 43 0.3307
3835 29 50 0.4094
3875 19 43 0.6457
3895 11 55 0.4724
3905 9 54 0.3622
3915 11 55 0.5354
3925 9 56 0.3937
3935 11 53 0.4567
3945 9 55 0.3858
3954 11 51 0.4724
3964 9 53 0.3937
3974 11 50 0.4409
3984 9 51 0.378
3994 9 48 0.4724
4004 9 50 0.4016
4014 9 51 0.4016
4024 9 55 0.4488
4034 9 60 0.4409
4044 9 62 0.4724
4054 9 63 0.5118
4064 9 59 0.4409
4074 11 60 0.5276
4084 9 59 0.4016
4094 11 60 0.4646
4104 9 55 0.4016
4114 11 56 0.4724
4124 9 55 0.378
4134 11 56 0.4252
4144 9 52 0.3701
4154 11 53 0.4567
4164 9 52 0.3937
4174 11 53 0.4252
4184 9 50 0.378
4194 9 55 0.4488
4204 9 53 0.4409
4214 9 51 0.4331
4224 9 50 0.4252
4234 19 51 0.4331
4254 9 51 0.4173
4274 9 50 0.4646
4294 9 48 0.4173
4314 59 46 0.4646
4374 19 45 0.4173
4394 19 46 0.4803
4414 9 47 0.4331
4434 9 48 0.4803
4454 9 50 0.4331
4474 9 51 0.5118
4494 9 48 0.4331
4514 9 50 0.4331
4534 11 53 0.4567
4544 9 50 0.4094
4554 19 51 0.5039
4574 9 38 0.4331
4574 9 50 0.4331
4594 9 36 0.4803
4594 9 48 0.4803
4614 9 34 0.4331
4614 9 46 0.4331
4634 59 33 0.5197
4634 59 45 0.5197
4694 19 33 0.4409
4694 19 45 0.4409
4714 39 34 0.4803
4714 39 46 0.4803
4753 39 36 0.4724
4753 39 48 0.4724
4793 39 38 0.4961
4793 39 50 0.4961
4833 19 43 0.4252
4833 19 50 0.5039
4853 11 55 0.4724
4863 9 54 0.3622
4873 11 55 0.5354
4883 9 56 0.3937
4893 11 53 0.4567
4903 9 55 0.3858
4913 11 51 0.4724
4923 9 53 0.3937
4933 11 50 0.4409
4943 9 51 0.378
4953 9 48 0.4724
4963 9 50 0.4016
4973 9 51 0.4016
4983 9 55 0.4488
4993 9 60 0.4409
5003 9 62 0.4724
5013 9 63 0.5118
5023 9 59 0.4409
5033 11 60 0.5276
5043 9 59 0.4016
5053 11 60 0.4646
5063 9 55 0.4016
5073 11 56 0.4724
5083 9 55 0.378
5093 11 56 0.4252
5103 9 52 0.3701
5113 11 53 0.4567
5123 9 52 0.3937
5133 11 53 0.4252
5143 9 50 0.378
5153 9 55 0.4488
5163 9 53 0.4409
5173 9 51 0.4331
5183 9 50 0.4252
5193 19 51 0.4331
5213 9 51 0.4173
5233 9 50 0.4646
5253 9 48 0.4173
5273 59 46 0.4646
5333 19 45 0.4173
5353 19 46 0.4803
5373 9 47 0.4331
5393 9 48 0.4803
5413 9 50 0.4331
5433 9 51 0.5118
5453 9 48 0.4331
5473 9 50 0.4331
5493 11 53 0.4567
5503 9 50 0.4094
5513 19 51 0.5039
5532 9 38 0.4331
5532 9 50 0.4331
5552 9 36 0.4803
5552 9 48 0.4803
5572 9 34 0.4331
5572 9 46 0.4331
5592 59 33 0.5197
5592 59 45 0.5197
5652 19 33 0.4409
5652 19 45 0.4409
5672 39 34 0.4803
5672 39 46 0.4803
5712 39 36 0.4724
5712 39 48 0.4724
5752 39 38 0.4961
5752 39 50 0.4961
5792 19 43 0.4252
5792 19 50 0.5039
5832 19 36 0.5197
5852 39 48 0.4961
5892 19 52 0.5118
5912 99 53 0.5512
5932 39 41 0.4961
5972 19 44 0.4961
5992 99 46 0.5591
6012 19 53 0.4961
6032 19 55 0.5354
6052 19 57 0.5433
6072 99 58 0.5512
6092 39 46 0.4961
6132 19 50 0.4961
6152 99 51 0.5591
6172 19 59 0.4961
6192 19 60 0.5354
6212 19 62 0.5433
6232 99 63 0.5512
6252 39 51 0.4961
6292 19 55 0.4961
6312 39 56 0.5906
6331 39 63 0.5669
6331 39 60 0.4803
6351 39 57 0.5748
6371 19 66 0.5197
6371 19 63 0.4331
6371 19 60 0.3622
6391 19 59 0.3543
6391 19 62 0.3701
6391 19 67 0.4961
6391 19 65 0.4252
6411 19 60 0.378
6411 19 63 0.378
6411 19 68 0.4488
6431 19 62 0.3543
6431 19 65 0.3937
6431 19 67 0.3937
6431 19 71 0.4724
6451 19 63 0.4016
6451 19 67 0.4016
6451 19 72 0.4803
6471 19 67 0.4803
6471 19 65 0.4803
6471 19 74 0.5669
6491 39 55 0.4567
6491 39 67 0.5591
6531 19 55 0.4409
6531 39 67 0.5433
6551 19 60 0.4252
6571 19 63 0.5354
6591 19 69 0.5433
6611 19 72 0.5591
6631 19 65 0.4724
6631 19 62 0.3937
6631 19 71 0.5827
6651 39 55 0.4882
6651 39 67 0.5748
6691 19 55 0.4409
6691 39 67 0.5433
6711 19 60 0.4252
6731 19 63 0.5354
6751 19 69 0.5669
6771 19 72 0.5591
6791 19 62 0.3307
6791 19 65 0.4173
6791 19 71 0.5512
6811 19 55 0.5433
6831 19 63 0.3307
6831 19 67 0.4173
6831 19 72 0.5512
6851 19 55 0.5433
6871 19 65 0.4488
6871 19 68 0.5669
6891 19 55 0.5276
6911 39 63 0.4252
6911 39 67 0.5591
6931 39 55 0.5512
6951 39 62 0.4409
6951 39 65 0.5748
6971 39 55 0.5591
6991 39 60 0.4252
6991 39 63 0.5827
7011 39 55 0.5827
7031 19 59 0.4094
7031 19 62 0.5197
7051 39 55 0.685
7091 19 43 0.5039
7091 19 55 0.6299
7110 39 36 0.5984
7110 39 48 0.7087
7150 39 55 0.5748
7190 39 55 0.7008
7190 39 43 0.5906
7230 39 55 0.5906
7270 29 60 0.6929
7270 39 48 0.5827
7310 39 55 0.5906
7350 39 43 0.5906
7351 39 55 0.7008
7390 39 55 0.5984
7430 39 36 0.5276
7430 39 48 0.622
7470 39 55 0.4488
7510 39 53 0.6457
7510 39 41 0.5433
7550 39 53 0.4882
7590 39 34 0.5748
7590 39 46 0.6772
7630 39 53 0.4803
7670 39 51 0.7165
7670 39 39 0.6063
7710 39 51 0.4724
7750 39 32 0.5197
7750 39 44 0.622
7790 39 51 0.4488
7830 39 50 0.5984
7830 39 38 0.5039
7870 39 50 0.4409
7909 39 31 0.4803
7909 39 43 0.5669
7949 39 50 0.4409
7989 39 31 0.4724
7989 39 43 0.5591
8029 39 50 0.4488
8064 24 43 0.3937
8067 22 48 0.4409
8069 19 57 0.4961
8104 24 43 0.4488
8107 22 50 0.4803
8109 19 59 0.5197
8144 24 43 0.4173
8147 22 51 0.4409
8149 19 60 0.4724
8189 9 60 0.4252
8199 9 57 0.4173
8209 9 54 0.4094
8219 9 51 0.4094
8229 19 43 0.3937
8229 19 48 0.4252
8229 19 57 0.4961
8269 19 43 0.4173
8269 19 50 0.4488
8269 19 59 0.4961
8309 19 43 0.378
8309 19 51 0.4173
8309 19 60 0.4646
8349 9 60 0.4252
8359 9 57 0.4173
8369 9 54 0.4094
8379 9 51 0.4094
8384 39 43 0.3307
8389 34 52 0.4724
8424 39 43 0.3543
8429 34 53 0.5197
8464 44 43 0.315
8469 39 55 0.3937
8509 7 55 0.4252
8517 7 52 0.4173
8525 7 49 0.4094
8533 7 46 0.4094
8541 7 43 0.4094
8549 39 31 0.4567
8549 39 43 0.5748
8589 39 31 0.4961
8589 39 43 0.5748
8629 39 36 0.4409
8629 29 43 0.5512
8669 19 36 0.6378
8688 17 51 0.252
8688 17 55 0.2047
8708 37 50 0.2992
8708 37 53 0.252
8748 37 48 0.2756
8748 37 53 0.2283
8788 37 53 0.2677
8788 37 46 0.315
8848 19 51 0.2598
8848 19 55 0.2126
8868 37 50 0.2992
8868 37 53 0.252
8908 37 48 0.2756
8908 37 53 0.2283
8948 37 53 0.2677
8948 37 46 0.315
9008 19 46 0.2598
9008 19 53 0.3071
9028 39 39 0.2835
9028 39 51 0.3386
9068 39 51 0.2992
9068 39 43 0.252
9108 39 50 0.3622
9108 39 46 0.3071
9168 19 46 0.2677
9168 19 50 0.3228
9188 39 39 0.3071
9188 39 51 0.3622
9228 39 51 0.315
9228 39 43 0.2677
9268 39 50 0.378
9268 39 46 0.315
9328 19 46 0.189
9328 19 50 0.2283
9348 39 46 0.2283
9348 39 48 0.2756
9388 39 48 0.2441
9388 39 45 0.2047
9428 39 46 0.2756
9428 39 45 0.2283
9487 19 46 0.2126
9507 39 39 0.2283
9507 39 46 0.2756
9547 39 41 0.1969
9547 39 45 0.2362
9587 119 46 0.2835
9587 119 34 0.2362
9647 19 56 0.2677
9647 19 60 0.2205
9667 37 55 0.2992
9667 37 58 0.252
9707 37 53 0.2756
9707 37 58 0.2283
9747 37 58 0.252
9747 37 51 0.2992
9807 19 56 0.252
9807 19 60 0.2126
9827 37 55 0.2992
9827 37 58 0.252
9867 37 53 0.2598
9867 37 58 0.2205
9907 37 58 0.2598
9907 37 51 0.3071
9967 19 51 0.2677
9967 19 58 0.2677
9987 39 48 0.2835
9987 39 58 0.3386
10027 39 50 0.2756
10027 39 57 0.3307
10067 39 55 0.3543
10067 39 43 0.2992
10127 19 43 0.189
10127 19 51 0.2283
10147 39 44 0.2283
10147 39 51 0.2756
10187 39 46 0.2126
10187 39 50 0.252
10227 39 48 0.2677
10286 19 48 0.2283
10306 39 41 0.2756
10346 39 46 0.252
10386 39 43 0.2677
10446 19 48 0.2283
10466 39 41 0.2756
10506 39 46 0.252
10546 39 39 0.2677
10606 19 39 0.2283
10626 79 44 0.2756
10706 39 43 0.2677
10766 19 39 0.2047
10766 139 51 0.2047
10766 139 63 0.2047
10786 39 48 0.2677
10786 79 56 0.2441
10826 39 47 0.252
10866 39 46 0.2362
10866 39 55 0.1811
