98 36 69 0.3937
134 12 66 0.3543
147 12 74 0.3937
196 12 74 0.3701
245 24 74 0.3701
269 6 73 0.3701
275 6 74 0.3701
282 6 76 0.3701
288 6 74 0.3701
294 36 73 0.4016
331 12 76 0.4094
343 85 79 0.4409
429 12 76 0.4016
441 36 78 0.4567
478 12 74 0.4173
490 36 81 0.4567
527 12 78 0.4252
539 36 83 0.4646
576 12 79 0.378
588 49 78 0.4016
637 36 76 0.3071
686 36 69 0.3937
723 12 66 0.3543
735 12 74 0.3937
785 12 74 0.3701
834 24 74 0.3701
858 6 73 0.3701
864 6 74 0.3701
870 6 76 0.3701
877 6 74 0.3701
883 36 73 0.4567
919 12 76 0.4173
932 36 79 0.4567
969 12 76 0.4252
981 36 78 0.4646
1018 12 74 0.378
1030 12 71 0.4567
1079 12 76 0.4409
1128 24 73 0.3543
1128 49 67 0.3543
1152 6 74 0.4331
1159 6 73 0.378
1165 6 71 0.378
1171 6 73 0.378
1177 49 74 0.4567
1177 49 66 0.3858
1275 36 69 0.3937
1312 12 66 0.3543
1324 12 74 0.3937
1373 12 74 0.3701
1422 24 74 0.3701
1447 6 73 0.3701
1453 6 74 0.3701
1459 6 76 0.3701
1465 6 74 0.3701
1471 36 73 0.4016
1508 12 76 0.4094
1520 85 79 0.4409
1606 12 76 0.4016
1619 36 78 0.4567
1655 12 74 0.4173
1668 36 81 0.4567
1704 12 78 0.4252
1717 36 83 0.4646
1754 12 79 0.378
1766 49 78 0.4016
1815 36 76 0.3071
1864 36 69 0.3937
1901 12 66 0.3543
1913 12 74 0.3937
1962 12 74 0.3701
2011 24 74 0.3701
2036 6 73 0.3701
2042 6 74 0.3701
2048 6 76 0.3701
2054 6 74 0.3701
2060 36 73 0.4567
2097 12 76 0.4173
2109 36 79 0.4567
2146 12 76 0.4252
2158 36 78 0.4646
2195 12 74 0.378
2207 12 71 0.4567
2256 12 76 0.4409
2305 24 73 0.3543
2305 49 67 0.3543
2330 6 74 0.4331
2336 6 73 0.378
2342 6 71 0.378
2348 6 73 0.378
2355 49 74 0.4567
2355 49 66 0.3858
2453 36 81 0.4567
2489 12 78 0.4173
2502 36 86 0.4567
2539 12 81 0.4173
2551 36 83 0.4567
2588 12 80 0.4252
2600 36 81 0.4646
2637 12 76 0.378
2649 36 79 0.4567
2686 12 74 0.4252
2698 36 78 0.4646
2735 12 73 0.4488
2747 36 76 0.4961
2784 12 71 0.4094
2796 36 74 0.5118
2833 12 69 0.4803
2845 49 73 0.3937
2845 36 79 0.5197
2882 12 76 0.4567
2894 49 74 0.4409
2894 36 78 0.5118
2931 12 81 0.4488
2943 49 74 0.3701
2943 49 78 0.4409
2992 24 73 0.3307
2992 24 76 0.3937
3041 36 81 0.4567
3078 12 78 0.4173
3091 36 86 0.4567
3127 12 81 0.4173
3140 36 83 0.4567
3176 12 80 0.4252
3189 36 81 0.4646
3225 12 76 0.378
3238 36 79 0.4567
3275 12 74 0.4252
3287 36 78 0.4724
3324 12 73 0.4488
3336 36 76 0.4961
3373 12 71 0.4173
3385 36 74 0.5197
3422 12 69 0.4252
3434 49 78 0.5197
3483 6 76 0.3701
3489 6 78 0.3465
3495 6 76 0.3701
3501 6 78 0.3543
3508 6 76 0.3701
3514 6 78 0.3386
3520 4 76 0.3386
3524 4 74 0.3386
3528 4 76 0.3386
3532 49 74 0.5197
3630 36 81 0.4567
3667 12 78 0.4173
3679 36 86 0.4567
3716 12 81 0.4173
3728 36 83 0.4567
3765 12 80 0.4252
3777 36 81 0.4646
3814 12 76 0.378
3826 36 79 0.4567
3863 12 74 0.4252
3876 36 78 0.4646
3912 12 73 0.4488
3925 36 76 0.4961
3961 12 71 0.4094
3974 36 74 0.5118
4010 12 69 0.4803
4023 49 73 0.3937
4023 36 79 0.5197
4060 12 76 0.4567
4072 49 74 0.4409
4072 36 78 0.5118
4109 12 81 0.4488
4121 49 74 0.3701
4121 49 78 0.4409
4170 24 73 0.3307
4170 24 76 0.3937
4219 36 81 0.4567
4256 12 78 0.4173
4268 36 86 0.4567
4305 12 81 0.4173
4317 36 83 0.4567
4354 12 80 0.4252
4366 36 81 0.4646
4403 12 76 0.378
4415 36 79 0.4567
4452 12 74 0.4252
4464 36 78 0.4724
4501 12 73 0.4488
4513 36 76 0.4961
4550 12 71 0.4173
4562 36 74 0.5197
4599 12 69 0.4252
4611 49 78 0.5197
4661 6 76 0.3701
4667 6 78 0.3465
4673 6 76 0.3701
4679 6 78 0.3543
4685 6 76 0.3701
4691 6 78 0.3386
4697 4 76 0.3386
4701 4 74 0.3386
4706 4 76 0.3386
4710 49 74 0.5197
4808 12 67 0.4567
4820 12 65 0.4567
4832 12 64 0.4803
4845 12 62 0.5118
4857 85 74 0.5984
4943 12 69 0.4646
4955 36 77 0.5118
4992 11 69 0.4409
5004 36 69 0.4961
5041 12 68 0.4252
5053 85 67 0.5039
5139 12 64 0.4409
5151 36 65 0.5118
5188 12 62 0.4803
5200 36 69 0.5197
5237 12 65 0.4567
5249 36 70 0.5118
5286 11 62 0.3858
5298 49 62 0.3937
5347 24 61 0.3543
5397 12 70 0.4567
5409 12 69 0.4567
5421 12 67 0.4803
5433 12 65 0.5118
5446 36 72 0.5984
5482 12 69 0.4961
5495 36 77 0.5748
5531 12 72 0.5039
5544 36 81 0.5827
5580 11 77 0.5354
5593 36 82 0.6299
5630 12 77 0.5512
5642 36 86 0.6457
5679 12 77 0.5354
5691 36 88 0.6378
5728 12 79 0.5354
5740 36 89 0.6299
5777 12 77 0.4803
5789 49 81 0.5197
5838 6 79 0.3701
5844 6 81 0.3465
5850 6 79 0.3701
5856 6 81 0.3543
5863 6 79 0.3701
5869 6 81 0.3386
5875 4 79 0.3386
5879 4 77 0.3386
5883 4 79 0.3386
5887 85 77 0.5197
5985 12 67 0.4567
5998 12 65 0.4567
6010 12 64 0.4803
6022 12 62 0.5118
6034 85 74 0.5984
6120 12 69 0.4646
6132 36 77 0.5118
6169 11 69 0.4409
6182 36 69 0.4961
6218 12 68 0.4252
6231 85 67 0.5039
6316 12 64 0.4409
6329 36 65 0.5118
6366 12 62 0.4803
6378 36 69 0.5197
6415 12 65 0.4567
6427 36 70 0.5118
6464 11 62 0.3858
6476 49 62 0.3937
6525 24 61 0.3543
6574 12 70 0.4567
6586 12 69 0.4567
6599 12 67 0.4803
6611 12 65 0.5118
6623 36 72 0.5984
6660 12 69 0.4961
6672 36 77 0.5748
6709 12 72 0.5039
6721 36 81 0.5827
6758 11 77 0.5354
6770 36 82 0.6299
6807 12 77 0.5512
6819 36 86 0.6457
6856 12 77 0.5354
6868 36 88 0.6378
6905 12 79 0.5354
6917 36 89 0.6299
6954 12 77 0.4803
6967 49 81 0.5197
7016 6 79 0.3701
7022 6 81 0.3465
7028 6 79 0.3701
7034 6 81 0.3543
7040 6 79 0.3701
7046 6 81 0.3386
7052 4 79 0.3386
7056 4 77 0.3386
7061 4 79 0.3386
7065 85 77 0.5197
7163 12 82 0.3858
7175 12 81 0.3858
7187 12 79 0.4016
7200 12 77 0.4331
7212 85 84 0.5039
7298 12 75 0.3622
7310 36 77 0.4331
7347 11 75 0.3701
7359 36 74 0.4173
7396 12 81 0.3543
7408 36 86 0.4724
7445 12 81 0.3701
7457 36 82 0.4567
7494 12 79 0.3937
7506 36 84 0.4724
7543 12 79 0.4016
7555 36 81 0.4409
7592 12 77 0.3858
7604 24 82 0.4331
7629 12 79 0.378
7641 11 76 0.3228
7653 49 74 0.3307
7703 24 73 0.2992
7752 12 69 0.3701
7764 12 67 0.3858
7776 12 65 0.3937
7788 12 64 0.4094
7801 85 79 0.5039
7886 12 76 0.5039
7899 36 85 0.5827
7936 11 82 0.5354
7948 36 86 0.6299
7985 12 81 0.5512
7997 36 88 0.6457
8034 12 81 0.5354
8046 36 89 0.6378
8083 11 86 0.5354
8095 12 84 0.6299
8107 12 82 0.4803
8120 12 81 0.5354
8132 12 79 0.4803
8144 49 77 0.5197
8193 6 76 0.3701
8199 6 77 0.3465
8205 6 76 0.3701
8212 6 77 0.3543
8218 6 76 0.3701
8224 6 77 0.3386
8230 4 76 0.3386
8234 4 74 0.3386
8238 4 76 0.3386
8242 85 74 0.5197
8340 12 82 0.3858
8353 12 81 0.3858
8365 12 79 0.4016
8377 12 77 0.4331
8389 85 84 0.5039
8475 12 75 0.3622
8488 36 77 0.4331
8524 11 75 0.3701
8537 36 74 0.4173
8573 12 81 0.3543
8586 36 86 0.4724
8622 12 81 0.3701
8635 36 82 0.4567
8672 12 79 0.3937
8684 36 84 0.4724
8721 12 79 0.4016
8733 36 81 0.4409
8770 12 77 0.3858
8782 24 82 0.4331
8806 12 79 0.378
8819 11 76 0.3228
8831 49 74 0.3307
8880 24 73 0.2992
8929 12 69 0.3701
8941 12 67 0.3858
8954 12 65 0.3937
8966 12 64 0.4094
8978 85 79 0.5039
9064 12 76 0.5039
9076 36 85 0.5827
9113 11 82 0.5354
9125 36 86 0.6299
9162 12 81 0.5512
9174 36 88 0.6457
9211 12 81 0.5354
9223 36 89 0.6378
9260 11 86 0.5354
9273 12 84 0.6299
9285 12 82 0.4803
9297 12 81 0.5354
9309 12 79 0.4803
9322 49 77 0.5197
9371 6 76 0.3701
9377 6 77 0.3465
9383 6 76 0.3701
9389 6 77 0.3543
9395 6 76 0.3701
9401 6 77 0.3386
9407 4 76 0.3386
9412 4 74 0.3386
9416 4 76 0.3386
9420 85 74 0.5197
9518 12 67 0.3937
9530 12 66 0.3543
9542 12 64 0.3543
9555 12 62 0.3543
9567 6 74 0.3937
9591 6 74 0.3937
9641 12 74 0.3701
9665 12 76 0.4173
9677 12 74 0.378
9690 12 73 0.378
9702 12 74 0.378
9714 6 73 0.4016
9739 6 79 0.4094
9788 24 79 0.4409
9812 12 81 0.4016
9825 12 79 0.4016
9837 12 78 0.4016
9849 12 76 0.4016
9861 12 79 0.4567
9874 12 78 0.4173
9886 12 76 0.4173
9898 12 74 0.3858
9910 12 83 0.4882
9923 12 81 0.4409
9935 12 79 0.4409
9947 12 78 0.4252
9959 12 83 0.5118
9972 12 85 0.3858
9984 12 86 0.3622
9996 12 79 0.3386
10008 49 74 0.4016
10008 49 78 0.4016
10058 36 73 0.3071
10058 36 76 0.3071
10107 12 67 0.3937
10119 12 66 0.3543
10131 12 64 0.3543
10143 12 62 0.3543
10156 6 74 0.3937
10180 6 74 0.3937
10229 12 74 0.3701
10254 12 76 0.3858
10266 12 74 0.3386
10278 12 73 0.3386
10291 12 74 0.3386
10303 6 73 0.4016
10327 6 79 0.4094
10352 12 81 0.4409
10364 12 79 0.4016
10376 12 78 0.4016
10389 12 76 0.378
10401 12 79 0.4567
10413 12 78 0.4252
10426 12 76 0.4173
10438 12 74 0.4173
10450 12 83 0.5433
10462 12 85 0.4409
10475 12 86 0.4173
10487 12 79 0.4409
10499 12 78 0.4803
10511 12 79 0.4016
10524 12 81 0.4016
10536 12 74 0.4016
10548 12 76 0.4646
10560 12 78 0.378
10573 12 79 0.4173
10585 12 73 0.378
10597 49 74 0.4567
10695 12 67 0.3937
10708 12 66 0.3543
10720 12 64 0.3543
10732 12 62 0.3543
10744 6 74 0.3937
10769 6 74 0.3937
10818 12 74 0.3701
10843 12 76 0.4173
10855 12 74 0.378
10867 12 73 0.378
10879 12 74 0.378
10892 6 73 0.4016
10916 6 79 0.4094
10965 24 79 0.4409
10990 12 81 0.4016
11002 12 79 0.4016
11014 12 78 0.4016
11027 12 76 0.4016
11039 12 79 0.4567
11051 12 78 0.4173
11063 12 76 0.4173
11076 12 74 0.3858
11088 12 83 0.4646
11100 12 81 0.4252
11112 12 79 0.4252
11125 12 78 0.4803
11137 12 83 0.5354
11149 12 85 0.4724
11161 12 86 0.4252
11174 12 79 0.3386
11186 49 74 0.4016
11186 49 78 0.4016
11235 36 73 0.3071
11235 36 76 0.3071
11284 12 67 0.3937
11296 12 66 0.3543
11309 12 64 0.3543
11321 12 62 0.3543
11333 6 74 0.3937
11358 6 74 0.3937
11407 12 74 0.3701
11431 12 76 0.3858
11444 12 74 0.3386
11456 12 73 0.3386
11468 12 74 0.3386
11480 6 73 0.4016
11505 6 79 0.4094
11529 12 81 0.4409
11542 12 79 0.4016
11554 12 78 0.4016
11566 12 76 0.378
11579 12 79 0.4567
11591 12 78 0.4094
11603 12 76 0.4252
11615 12 74 0.4488
11628 12 83 0.5197
11640 12 85 0.4488
11652 12 86 0.4173
11664 12 79 0.4016
11677 12 78 0.4803
11689 12 79 0.4016
11701 12 81 0.4016
11713 12 74 0.4016
11726 12 76 0.4646
11738 12 78 0.378
11750 12 79 0.4173
11763 12 73 0.378
11775 49 74 0.4567
11873 12 67 0.3937
11885 12 66 0.3543
11897 12 64 0.3543
11910 12 62 0.3543
11922 6 74 0.3937
11947 6 74 0.3937
11996 12 68 0.3701
12020 12 69 0.4173
12032 12 71 0.378
12045 12 69 0.378
12057 12 64 0.378
12069 6 67 0.4016
12094 6 67 0.4094
12143 24 66 0.4409
12167 12 64 0.4016
12180 12 66 0.3701
12192 12 64 0.3701
12204 12 59 0.3701
12216 12 62 0.4173
12229 12 64 0.3622
12241 12 62 0.3622
12253 12 57 0.3622
12265 12 67 0.4252
12278 12 69 0.3622
12290 12 67 0.3622
12302 12 64 0.3386
12314 12 66 0.4331
12327 12 67 0.3622
12339 12 66 0.3622
12351 11 62 0.3622
12364 49 66 0.4016
12364 49 62 0.3386
12413 36 61 0.3071
12413 36 64 0.3071
12462 12 79 0.4961
12474 12 78 0.4409
12486 12 76 0.4409
12498 12 74 0.4409
12511 6 86 0.5512
12535 6 86 0.5276
12584 12 80 0.4173
12609 12 80 0.4567
12621 12 81 0.378
12633 12 83 0.378
12646 9 81 0.378
12658 12 81 0.4803
12670 12 79 0.3858
12682 12 78 0.3858
12695 9 79 0.3858
12707 12 79 0.4646
12719 12 78 0.378
12732 12 76 0.378
12744 9 78 0.378
12756 12 78 0.4567
12768 12 76 0.3701
12781 12 74 0.3701
12793 12 76 0.3701
12805 24 81 0.5354
12842 12 83 0.4252
12854 49 74 0.5197
12903 6 76 0.3701
12909 6 78 0.3465
12916 6 76 0.3701
12922 6 78 0.3543
12928 6 76 0.3701
12934 6 78 0.3386
12940 4 76 0.3386
12944 4 74 0.3386
12948 4 76 0.3386
12952 49 74 0.5197
13050 12 67 0.3937
13063 12 66 0.3543
13075 12 64 0.3543
13087 12 62 0.3543
13100 6 74 0.3937
13124 6 74 0.3937
13173 12 68 0.3701
13198 12 69 0.4173
13210 12 71 0.378
13222 12 69 0.378
13234 12 64 0.378
13247 6 67 0.4016
13271 6 67 0.4094
13320 24 66 0.4409
13345 12 64 0.4016
13357 12 66 0.3701
13369 12 64 0.3701
13382 12 59 0.3701
13394 12 62 0.4173
13406 12 64 0.3622
13418 12 62 0.3622
13431 12 57 0.3622
13443 12 67 0.4252
13455 12 69 0.3622
13467 12 67 0.3622
13480 12 64 0.3386
13492 12 66 0.4331
13504 12 67 0.3622
13517 12 66 0.3622
13529 11 62 0.3622
13541 49 66 0.4016
13541 49 62 0.3386
13590 36 61 0.3071
13590 36 64 0.3071
13639 12 79 0.4961
13651 12 78 0.4409
13664 12 76 0.4409
13676 12 74 0.4409
13688 6 86 0.5512
13713 6 86 0.5276
13762 12 80 0.4173
13786 12 80 0.4567
13799 12 81 0.378
13811 12 83 0.378
13823 9 81 0.378
13835 12 81 0.4803
13848 12 79 0.3858
13860 12 78 0.3858
13872 9 79 0.3858
13885 12 79 0.4646
13897 12 78 0.378
13909 12 76 0.378
13921 9 78 0.378
13934 12 78 0.4567
13946 12 76 0.3701
13958 12 74 0.3701
13970 12 76 0.3701
13983 24 81 0.5276
14019 12 83 0.4567
14032 49 74 0.5512
14081 6 76 0.3701
14087 6 78 0.3465
14093 6 76 0.3701
14099 6 78 0.3543
14105 6 76 0.3701
14111 6 78 0.3386
14118 4 76 0.3386
14122 4 74 0.3386
14126 4 76 0.3386
14130 49 74 0.5197
14228 12 67 0.4567
14240 12 65 0.4567
14253 12 64 0.4803
14265 12 62 0.5118
14277 73 74 0.6457
14351 49 76 0.5039
14400 49 77 0.5433
14449 49 69 0.5433
14498 49 68 0.5118
14547 49 67 0.5354
14596 49 65 0.5512
14645 24 69 0.5433
14670 12 69 0.5512
14682 4 70 0.4331
14686 4 69 0.3386
14690 4 67 0.3071
14694 12 69 0.4646
14706 11 70 0.3858
14719 49 62 0.3937
14768 24 61 0.3543
14817 12 70 0.4567
14829 12 69 0.4567
14841 12 67 0.4803
14854 12 65 0.5118
14866 12 74 0.6378
14878 12 72 0.4961
14890 12 70 0.4961
14903 12 69 0.4961
14915 12 79 0.6142
14927 12 77 0.5039
14939 12 76 0.5039
14952 12 77 0.5039
14964 12 82 0.622
14976 12 81 0.5197
14988 12 79 0.5276
15001 11 77 0.5276
15013 12 84 0.6772
15025 12 82 0.5512
15038 12 81 0.5512
15050 12 82 0.5512
15062 12 86 0.6772
15074 12 82 0.5433
15087 12 81 0.5433
15099 12 79 0.5433
15111 12 88 0.6693
15123 12 82 0.5354
15136 12 81 0.5354
15148 12 79 0.5354
15160 12 89 0.6299
15172 12 84 0.4803
15185 12 81 0.4803
15197 12 77 0.4803
15209 6 79 0.3543
15215 6 81 0.3071
15222 6 79 0.3622
15228 6 81 0.315
15234 6 79 0.378
15240 6 81 0.3543
15246 6 79 0.4016
15252 6 81 0.3622
15258 6 79 0.4016
15264 6 81 0.3701
15271 6 79 0.3701
15277 6 81 0.3543
15283 6 79 0.3701
15289 6 81 0.3386
15295 4 79 0.3386
15299 4 77 0.3386
15303 4 79 0.3386
15307 85 77 0.5197
15406 12 67 0.4567
15418 12 65 0.4567
15430 12 64 0.4803
15442 12 62 0.5118
15455 73 74 0.6457
15528 49 76 0.5039
15577 49 77 0.5433
15626 49 69 0.5433
15675 49 68 0.5118
15724 49 67 0.5354
15773 49 65 0.5512
15823 24 69 0.5433
15847 12 69 0.5512
15859 4 70 0.3937
15863 4 69 0.3307
15868 4 67 0.3071
15872 12 69 0.4646
15884 11 70 0.3858
15896 49 62 0.3937
15945 24 61 0.3543
15994 12 70 0.4567
16007 12 69 0.4567
16019 12 67 0.4803
16031 12 65 0.5118
16043 12 74 0.6378
16056 12 72 0.4961
16068 12 70 0.4961
16080 12 69 0.4961
16092 12 79 0.6142
16105 12 77 0.5039
16117 12 76 0.5039
16129 12 77 0.5039
16141 12 82 0.622
16154 12 81 0.5197
16166 12 79 0.5276
16178 11 77 0.5276
16191 12 84 0.6772
16203 12 82 0.5512
16215 12 81 0.5512
16227 12 82 0.5512
16240 12 86 0.6772
16252 12 82 0.5433
16264 12 81 0.5433
16276 12 79 0.5433
16289 12 88 0.6693
16301 12 82 0.5354
16313 12 81 0.5354
16325 12 79 0.5354
16338 12 89 0.6299
16350 12 84 0.4803
16362 12 81 0.4803
16375 12 77 0.4803
16387 6 79 0.3543
16393 6 81 0.3071
16399 6 79 0.3622
16405 6 81 0.315
16411 6 79 0.378
16417 6 81 0.3543
16424 6 79 0.4016
16430 6 81 0.3622
16436 6 79 0.4016
16442 6 81 0.3701
16448 6 79 0.3701
16454 6 81 0.3543
16460 6 79 0.3701
16467 6 81 0.3386
16473 4 79 0.3386
16477 4 77 0.3386
16481 4 79 0.3386
16485 85 77 0.5197
16583 12 82 0.3858
16595 12 81 0.3858
16608 12 79 0.4016
16620 12 77 0.4331
16632 61 84 0.5039
16693 12 75 0.3622
16706 12 74 0.3858
16718 12 75 0.3622
16730 12 77 0.4331
16742 12 75 0.3701
16755 12 74 0.3858
16767 11 75 0.3465
16779 12 74 0.4173
16792 12 81 0.3543
16804 12 82 0.3858
16816 12 81 0.3543
16828 12 86 0.4724
16841 12 84 0.3701
16853 12 82 0.4016
16865 12 81 0.3701
16877 12 82 0.4567
16890 12 79 0.3937
16902 12 81 0.4173
16914 12 82 0.3937
16926 12 84 0.4724
16939 12 82 0.4016
16951 12 81 0.4016
16963 12 79 0.3937
16976 12 81 0.4409
16988 12 77 0.3858
17000 12 76 0.3858
17012 12 74 0.3858
17025 12 82 0.4331
17037 12 79 0.378
17049 12 77 0.378
17061 11 76 0.3228
17074 49 74 0.3307
17123 24 73 0.2992
17172 12 69 0.3701
17184 12 67 0.3858
17196 12 65 0.3937
17209 12 64 0.4094
17221 61 79 0.5039
17282 12 81 0.5039
17294 12 79 0.5039
17307 12 76 0.5039
17319 12 85 0.5827
17331 12 86 0.5039
17344 12 85 0.5433
17356 11 82 0.5354
17368 12 86 0.6772
17380 12 88 0.5512
17393 12 86 0.5984
17405 12 81 0.5512
17417 12 88 0.6457
17429 12 89 0.5354
17442 12 88 0.6063
17454 12 81 0.5354
17466 12 89 0.6378
17478 12 86 0.5354
17491 12 85 0.5827
17503 12 86 0.5354
17515 12 84 0.6299
17528 12 82 0.4803
17540 12 81 0.5354
17552 12 79 0.4803
17564 49 77 0.5197
17613 6 76 0.3701
17620 6 77 0.3465
17626 6 76 0.3701
17632 6 77 0.3543
17638 6 76 0.3701
17644 6 77 0.3386
17650 4 76 0.3386
17654 4 74 0.3386
17658 4 76 0.3386
17662 85 74 0.5197
17761 12 82 0.3858
17773 12 81 0.3858
17785 12 79 0.4016
17797 12 77 0.4331
17810 61 84 0.5039
17871 12 75 0.3622
17883 12 74 0.3858
17895 12 75 0.3622
17908 12 77 0.4331
17920 12 75 0.3701
17932 12 74 0.3858
17945 11 75 0.3465
17957 12 74 0.4173
17969 12 81 0.3543
17981 12 82 0.3858
17994 12 81 0.3543
18006 12 86 0.4724
18018 12 84 0.3701
18030 12 82 0.4016
18043 12 81 0.3701
18055 12 82 0.4567
18067 12 79 0.3937
18079 12 81 0.4173
18092 12 82 0.3937
18104 12 84 0.4724
18116 12 82 0.4016
18129 12 81 0.4016
18141 12 79 0.3937
18153 12 81 0.4409
18165 12 77 0.3858
18178 12 76 0.3858
18190 12 74 0.3858
18202 12 82 0.4331
18214 12 79 0.378
18227 12 77 0.378
18239 11 76 0.3228
18251 49 74 0.3307
18300 24 73 0.2992
18349 12 69 0.3701
18362 12 67 0.3858
18374 12 65 0.3937
18386 12 64 0.4094
18398 61 79 0.5039
18460 12 81 0.5039
18472 12 79 0.5039
18484 12 76 0.5039
18497 12 85 0.5827
18509 12 86 0.5039
18521 12 85 0.5433
18533 11 82 0.5354
18546 12 86 0.6772
18558 12 88 0.5512
18570 12 86 0.5984
18582 12 81 0.5512
18595 12 88 0.6457
18607 12 89 0.5354
18619 12 88 0.6063
18631 12 81 0.5354
18644 12 89 0.6378
18656 12 86 0.5354
18668 12 85 0.5827
18681 12 86 0.5354
18693 12 84 0.6299
18705 12 82 0.4803
18717 12 81 0.5354
18730 12 79 0.4803
18742 49 77 0.5197
18791 6 76 0.3701
18797 6 77 0.3465
18803 6 76 0.3701
18809 6 77 0.3543
18815 6 76 0.3701
18822 6 77 0.3386
18828 4 76 0.3386
18832 4 74 0.3386
18836 4 76 0.3386
18840 85 74 0.5197
18938 36 69 0.3937
18975 12 66 0.3543
18987 9 74 0.3937
19036 9 74 0.3701
19085 24 74 0.3701
19110 6 73 0.3701
19116 6 74 0.3701
19122 6 76 0.3701
19128 6 74 0.3701
19134 36 73 0.4016
19171 12 76 0.4094
19183 85 79 0.4409
19269 12 76 0.4016
19282 36 78 0.4567
19318 12 74 0.4173
19331 36 81 0.4567
19367 12 78 0.4252
19380 36 83 0.4646
19416 12 79 0.378
19429 49 78 0.4016
19478 36 76 0.3071
19527 36 69 0.3937
19564 12 66 0.3543
19576 9 74 0.3937
19625 9 74 0.3701
19674 24 74 0.3701
19699 6 73 0.3701
19705 6 74 0.3701
19711 6 76 0.3701
19717 6 74 0.3701
19723 36 73 0.4567
19760 12 76 0.4173
19772 36 79 0.4567
19809 12 76 0.4252
19821 36 78 0.4646
19858 12 74 0.378
19870 12 71 0.4567
19919 12 76 0.4409
19968 24 73 0.3543
19968 49 67 0.3543
19993 6 74 0.4331
19999 6 73 0.378
20005 6 71 0.378
20011 6 73 0.378
20017 49 74 0.4567
20017 49 66 0.3858
20116 12 66 0.3937
20128 12 62 0.3543
20140 12 69 0.3543
20152 12 66 0.3543
20165 12 74 0.4409
20177 12 69 0.3543
20189 12 71 0.3543
20201 12 73 0.3543
20214 12 74 0.4331
20226 12 76 0.3543
20238 12 78 0.3543
20251 12 79 0.3543
20263 12 81 0.4803
20275 12 78 0.4094
20287 12 76 0.4094
20300 12 74 0.3937
20312 12 73 0.4252
20324 12 74 0.3543
20336 12 76 0.3543
20349 12 78 0.3543
20361 12 79 0.4016
20373 12 76 0.3701
20385 12 79 0.378
20398 12 81 0.3858
20410 12 83 0.4331
20422 12 79 0.3543
20435 12 78 0.3543
20447 12 76 0.3543
20459 12 78 0.4331
20471 12 74 0.4173
20484 12 76 0.4173
20496 12 78 0.4173
20508 12 79 0.5039
20520 12 81 0.4173
20533 12 83 0.4409
20545 12 85 0.4567
20557 12 86 0.5118
20569 12 83 0.4488
20582 12 81 0.3543
20594 12 79 0.3543
20606 49 74 0.3701
20606 49 78 0.4409
20655 24 73 0.3307
20655 24 76 0.3937
20704 12 66 0.3622
20717 12 62 0.3701
20729 12 69 0.3858
20741 12 66 0.4173
20753 12 74 0.4882
20766 12 69 0.3858
20778 12 71 0.3858
20790 12 73 0.3858
20803 12 74 0.4724
20815 12 76 0.378
20827 12 78 0.378
20839 12 79 0.378
20852 12 81 0.4803
20864 12 78 0.4094
20876 12 76 0.4094
20888 12 74 0.3937
20901 12 73 0.4252
20913 12 74 0.3543
20925 12 76 0.3543
20937 12 78 0.3543
20950 12 79 0.4409
20962 12 78 0.3701
20974 12 76 0.378
20986 12 74 0.3858
20999 12 73 0.4331
21011 12 71 0.3543
21023 12 69 0.3543
21036 12 67 0.3543
21048 12 66 0.4331
21060 12 69 0.3622
21072 12 67 0.3622
21085 12 66 0.3622
21097 12 64 0.4331
21109 12 71 0.3543
21121 12 69 0.3543
21134 12 67 0.3543
21146 12 66 0.4173
21158 12 64 0.3307
21170 12 62 0.3543
21183 12 61 0.2992
21195 49 62 0.4173
21293 12 78 0.4173
21305 12 74 0.4331
21318 12 81 0.4803
21330 12 78 0.4961
21342 12 86 0.5591
21354 12 81 0.4331
21367 12 78 0.4331
21379 12 74 0.4331
21391 15 71 0.5433
21404 12 74 0.4409
21416 12 76 0.4409
21428 12 80 0.4016
21440 15 73 0.5354
21453 12 76 0.4331
21465 12 85 0.4173
21477 12 88 0.4016
21489 15 71 0.4882
21502 12 74 0.4173
21514 12 79 0.4173
21526 12 83 0.4173
21538 15 69 0.4567
21551 12 73 0.3701
21563 12 78 0.3701
21575 12 81 0.3701
21588 15 67 0.4331
21600 12 71 0.378
21612 12 76 0.378
21624 12 79 0.3543
21637 15 66 0.4803
21649 12 69 0.3937
21661 12 74 0.3937
21673 12 78 0.3701
21686 15 64 0.4331
21698 12 67 0.3937
21710 12 73 0.3937
21722 12 79 0.378
21735 12 62 0.4252
21747 12 69 0.3622
21759 12 78 0.3622
21772 12 86 0.3701
21784 49 74 0.3701
21784 49 78 0.4409
21833 24 73 0.3307
21833 24 76 0.3937
21882 12 78 0.4094
21894 12 74 0.4488
21906 12 81 0.4803
21919 12 78 0.4803
21931 12 86 0.5748
21943 12 81 0.4488
21956 12 78 0.4488
21968 12 74 0.4488
21980 15 71 0.5118
21992 12 74 0.4173
22005 12 76 0.4173
22017 12 80 0.4173
22029 15 73 0.5039
22041 12 76 0.4173
22054 12 85 0.4173
22066 12 88 0.4173
22078 15 71 0.4803
22090 12 74 0.3858
22103 12 79 0.3858
22115 12 83 0.3622
22127 15 69 0.4488
22139 12 73 0.3386
22152 12 78 0.3386
22164 12 81 0.3386
22176 15 67 0.3937
22189 12 71 0.3543
22201 12 76 0.3543
22213 12 79 0.3543
22225 15 66 0.4803
22238 12 69 0.3937
22250 12 74 0.3937
22262 12 78 0.3701
22274 15 67 0.4252
22287 12 71 0.3386
22299 12 76 0.3386
22311 12 79 0.3307
22323 12 57 0.3937
22336 12 64 0.2992
22348 12 67 0.2992
22360 12 73 0.2992
22373 49 74 0.3937
22373 49 66 0.3937
22471 12 78 0.3071
22483 12 74 0.3228
22495 12 81 0.3543
22507 12 78 0.3701
22520 12 86 0.4173
22532 12 81 0.3228
22544 12 78 0.3228
22557 12 74 0.3228
22569 15 71 0.4016
22581 12 74 0.3307
22593 12 76 0.3307
22606 12 80 0.2992
22618 15 73 0.4016
22630 12 76 0.3228
22642 12 85 0.3071
22655 12 88 0.2992
22667 15 71 0.3622
22679 12 74 0.3071
22691 12 79 0.3071
22704 12 83 0.3071
22716 15 69 0.3386
22728 12 73 0.2756
22741 12 78 0.2756
22753 12 81 0.2756
22765 15 67 0.3228
22777 12 71 0.2835
22790 12 76 0.2835
22802 12 79 0.2598
22814 15 66 0.3543
22826 12 69 0.2913
22839 12 74 0.2913
22851 12 78 0.2756
22863 15 64 0.3228
22875 12 67 0.2913
22888 12 73 0.2913
22900 12 79 0.2835
22912 12 62 0.315
22925 12 69 0.2677
22937 12 78 0.2677
22949 12 86 0.2756
22961 49 74 0.2756
22961 49 78 0.3307
23010 24 73 0.2441
23010 24 76 0.2913
23059 12 78 0.3071
23072 12 74 0.3307
23084 12 81 0.3543
23096 12 78 0.3543
23109 12 86 0.4252
23121 12 81 0.3307
23133 12 78 0.3307
23145 12 74 0.3307
23158 15 71 0.378
23170 12 74 0.3071
23182 12 76 0.3071
23194 12 80 0.3071
23207 15 73 0.378
23219 12 76 0.3071
23231 12 85 0.3071
23243 12 88 0.3071
23256 15 71 0.3543
23268 12 74 0.2835
23280 12 79 0.2835
23292 12 83 0.2677
23305 15 69 0.3307
23317 12 73 0.252
23329 12 78 0.252
23342 12 81 0.252
23354 15 67 0.2913
23366 12 71 0.2598
23378 12 76 0.2598
23391 12 79 0.2598
23403 15 66 0.3543
23415 12 69 0.2913
23427 12 74 0.2913
23440 12 78 0.2756
23452 15 67 0.315
23464 12 71 0.252
23476 12 76 0.252
23489 12 79 0.2441
23501 12 57 0.2913
23513 12 64 0.2205
23526 12 67 0.2205
23538 12 73 0.2205
23550 49 74 0.2913
23550 49 66 0.2913
147 12 62 0.3622
196 12 66 0.3228
245 24 62 0.3228
294 49 69 0.3701
343 49 57 0.2992
392 49 61 0.2992
441 49 62 0.3543
490 49 66 0.3701
539 49 67 0.378
588 49 69 0.3071
637 36 57 0.2362
735 12 62 0.3622
785 12 66 0.3228
834 24 62 0.3228
883 49 69 0.3701
932 49 61 0.2992
981 49 62 0.3071
1030 98 55 0.3071
1030 98 67 0.3701
1128 49 64 0.315
1128 49 57 0.2677
1177 49 62 0.3622
1226 49 50 0.2205
1324 12 62 0.3622
1373 12 66 0.3228
1422 24 62 0.3228
1471 49 69 0.3701
1520 49 57 0.2992
1570 49 61 0.2992
1619 49 62 0.3543
1668 49 66 0.3701
1717 49 67 0.378
1766 49 69 0.3071
1815 36 57 0.2362
1913 12 62 0.3622
1962 12 66 0.3228
2011 24 62 0.3228
2060 49 69 0.3701
2109 49 61 0.2992
2158 49 62 0.3071
2207 98 55 0.3071
2207 98 67 0.3701
2305 49 64 0.315
2305 49 57 0.2677
2355 49 62 0.3622
2404 49 50 0.2677
2551 49 74 0.2992
2600 49 73 0.2913
2649 49 71 0.2992
2698 49 69 0.3071
2747 49 67 0.315
2796 49 66 0.3622
2845 49 64 0.378
2894 49 62 0.378
2943 49 69 0.3386
2992 24 57 0.2835
3140 49 74 0.2992
3189 49 73 0.2913
3238 49 71 0.2992
3287 49 69 0.3071
3336 49 67 0.3228
3385 49 66 0.3701
3434 49 69 0.3307
3483 49 57 0.2992
3532 49 62 0.3701
3581 36 50 0.2441
3728 49 74 0.2992
3777 49 73 0.2913
3826 49 71 0.2992
3876 49 69 0.3071
3925 49 67 0.315
3974 49 66 0.3622
4023 49 64 0.378
4072 49 62 0.378
4121 49 69 0.3386
4170 24 57 0.2835
4317 49 74 0.2992
4366 49 73 0.2913
4415 49 71 0.2992
4464 49 69 0.3071
4513 49 67 0.3228
4562 49 66 0.3701
4611 49 69 0.3307
4661 49 57 0.2992
4710 49 62 0.3701
4759 36 50 0.2441
4906 49 53 0.3701
4955 49 50 0.315
5004 98 52 0.378
5102 49 49 0.315
5151 49 50 0.3622
5200 49 41 0.378
5249 49 43 0.3228
5298 49 45 0.3386
5347 24 33 0.2835
5446 98 53 0.3071
5446 98 57 0.3071
5446 98 60 0.3701
5544 49 63 0.2677
5544 49 65 0.315
5593 98 65 0.4173
5593 49 62 0.3543
5642 49 58 0.3386
5691 49 58 0.4252
5691 49 55 0.3543
5740 49 57 0.4016
5740 49 60 0.4803
5789 49 60 0.3307
5838 49 48 0.2992
5887 49 53 0.3701
5936 36 41 0.2441
6083 49 53 0.3701
6132 49 50 0.315
6182 98 52 0.378
6280 49 49 0.315
6329 49 50 0.3622
6378 49 41 0.378
6427 49 43 0.3228
6476 49 45 0.3386
6525 24 33 0.2835
6623 98 53 0.3071
6623 98 57 0.3071
6623 98 60 0.3701
6721 49 63 0.2677
6721 49 65 0.315
6770 98 65 0.4173
6770 49 62 0.3543
6819 49 58 0.3386
6868 49 58 0.4252
6868 49 55 0.3543
6917 49 57 0.4016
6917 49 60 0.4803
6967 49 60 0.3307
7016 49 48 0.2992
7065 49 53 0.3701
7114 36 41 0.2441
7261 49 69 0.2283
7261 49 72 0.2756
7310 49 67 0.1969
7310 49 70 0.2362
7359 98 69 0.2835
7359 98 66 0.2362
7457 49 67 0.2205
7457 49 74 0.2677
7506 49 64 0.2598
7506 98 72 0.3071
7555 49 65 0.315
7604 49 67 0.2677
7604 49 55 0.2205
7653 73 57 0.1969
7653 73 64 0.2835
7850 49 58 0.2756
7850 49 61 0.3307
7899 49 55 0.2362
7899 49 58 0.2835
7948 49 53 0.3543
7948 49 62 0.4173
7948 49 57 0.3543
7997 49 52 0.3386
7997 49 55 0.3386
7997 49 61 0.3386
8046 49 50 0.3543
8046 49 62 0.4252
8046 49 53 0.3543
8095 49 55 0.4803
8144 49 57 0.3307
8193 49 45 0.2992
8242 49 50 0.3701
8291 36 38 0.2441
8438 49 69 0.2283
8438 49 72 0.2756
8488 49 67 0.1969
8488 49 70 0.2362
8537 98 69 0.2835
8537 98 66 0.2362
8635 49 67 0.2205
8635 49 74 0.2677
8684 49 64 0.2598
8684 98 72 0.3071
8733 49 65 0.315
8782 49 67 0.2677
8782 49 55 0.2205
8831 73 57 0.1969
8831 73 64 0.2835
9027 49 58 0.2756
9027 49 61 0.3307
9076 49 55 0.2362
9076 49 58 0.2835
9125 49 53 0.3543
9125 49 62 0.4173
9125 49 57 0.3543
9174 49 52 0.3386
9174 49 55 0.3386
9174 49 61 0.3386
9223 49 50 0.3543
9223 49 62 0.4252
9223 49 53 0.3543
9273 49 55 0.4803
9322 49 57 0.3307
9371 49 45 0.2992
9420 49 50 0.3701
9469 36 38 0.2441
9567 6 62 0.3622
9616 12 66 0.3228
9665 24 62 0.3228
9714 24 69 0.3701
9763 49 57 0.2992
9812 49 61 0.2992
9861 49 62 0.3543
9910 49 66 0.3701
9959 49 67 0.4331
10008 49 69 0.3071
10058 36 57 0.2362
10156 6 62 0.3622
10205 12 66 0.3228
10254 24 62 0.3228
10303 24 69 0.3701
10352 49 61 0.2992
10401 49 62 0.2992
10450 49 55 0.3543
10499 49 57 0.3701
10548 49 45 0.378
10597 49 50 0.3622
10646 49 38 0.2205
10744 6 62 0.3622
10794 12 66 0.3228
10843 24 62 0.3228
10892 24 69 0.3701
10941 49 57 0.2992
10990 49 61 0.2992
11039 49 62 0.3543
11088 49 66 0.3701
11137 49 67 0.378
11186 49 69 0.3071
11235 36 57 0.2362
11333 6 62 0.3622
11382 12 66 0.3228
11431 24 62 0.3228
11480 24 69 0.3701
11529 49 61 0.3386
11579 49 62 0.378
11628 49 55 0.3543
11677 49 57 0.3701
11726 49 45 0.378
11775 49 50 0.3622
11824 49 38 0.2205
11971 49 62 0.2992
12020 49 61 0.2913
12069 49 59 0.2992
12118 49 57 0.3071
12167 49 55 0.315
12216 49 54 0.3228
12265 49 52 0.3071
12314 49 50 0.3071
12364 49 57 0.3386
12413 24 45 0.2835
12560 49 74 0.2992
12609 49 73 0.2913
12658 49 71 0.2992
12707 49 69 0.3071
12756 49 67 0.315
12805 24 66 0.3701
12842 12 67 0.3465
12854 49 69 0.3307
12903 49 57 0.2992
12952 49 62 0.3701
13001 36 50 0.2441
13149 49 62 0.2992
13198 49 61 0.2913
13247 49 59 0.2992
13296 49 57 0.3071
13345 49 55 0.315
13394 49 54 0.3228
13443 49 52 0.3071
13492 49 50 0.3071
13541 49 57 0.3386
13590 24 45 0.2835
13737 49 74 0.2992
13786 49 73 0.2913
13835 49 71 0.2992
13885 49 69 0.3071
13934 49 67 0.315
13983 24 66 0.3701
14019 12 67 0.3465
14032 49 69 0.3307
14081 49 57 0.2992
14130 49 62 0.3701
14179 36 50 0.2441
14326 49 53 0.3701
14375 49 50 0.315
14424 49 52 0.378
14473 49 47 0.315
14522 49 49 0.315
14571 49 50 0.3622
14620 49 41 0.378
14670 49 43 0.3228
14719 49 45 0.3386
14768 24 33 0.2835
14866 98 53 0.3071
14866 98 57 0.3071
14866 98 60 0.3701
14964 49 63 0.2677
14964 49 65 0.315
15013 98 65 0.4173
15013 49 62 0.3543
15062 49 58 0.3701
15111 49 55 0.3858
15111 49 58 0.4567
15160 49 60 0.5354
15160 49 57 0.4488
15209 49 60 0.3307
15258 49 48 0.2992
15307 49 53 0.3701
15356 36 41 0.2441
15504 49 53 0.3701
15553 49 50 0.315
15602 49 52 0.378
15651 49 47 0.315
15700 49 49 0.315
15749 49 50 0.3622
15798 49 41 0.378
15847 49 43 0.3228
15896 49 45 0.3386
15945 24 33 0.2835
16043 98 53 0.3071
16043 98 57 0.3071
16043 98 60 0.3701
16141 49 63 0.2677
16141 49 65 0.315
16191 98 65 0.4173
16191 49 62 0.3543
16240 49 58 0.3701
16289 49 55 0.3858
16289 49 58 0.4567
16338 49 60 0.5354
16338 49 57 0.4488
16387 49 60 0.3307
16436 49 48 0.2992
16485 49 53 0.3701
16534 36 41 0.2441
16681 49 69 0.2283
16681 49 72 0.2756
16730 49 67 0.1969
16730 49 70 0.2362
16779 98 69 0.2835
16779 98 66 0.2362
16877 49 67 0.2205
16877 49 74 0.2677
16926 49 64 0.2598
16926 98 72 0.3071
16976 49 65 0.315
17025 49 67 0.2677
17025 49 55 0.2205
17074 73 57 0.1969
17074 73 64 0.2835
17270 49 58 0.2756
17270 49 61 0.3307
17319 49 55 0.2362
17319 49 58 0.2835
17368 49 53 0.3543
17368 49 62 0.4173
17368 49 57 0.3543
17417 49 52 0.3386
17417 49 55 0.3386
17417 49 61 0.3386
17466 49 50 0.3543
17466 49 62 0.4252
17466 49 53 0.3543
17515 49 55 0.4803
17564 49 57 0.3307
17613 49 45 0.2992
17662 49 50 0.3701
17711 36 38 0.2441
17859 49 69 0.2283
17859 49 72 0.2756
17908 49 67 0.1969
17908 49 70 0.2362
17957 98 69 0.2835
17957 98 66 0.2362
18055 49 67 0.2205
18055 49 74 0.2677
18104 49 64 0.2598
18104 98 72 0.3071
18153 49 65 0.315
18202 49 67 0.2677
18202 49 55 0.2205
18251 73 57 0.1969
18251 73 64 0.2835
18447 49 58 0.2756
18447 49 61 0.3307
18497 49 55 0.2362
18497 49 58 0.2835
18546 49 53 0.3543
18546 49 62 0.4173
18546 49 57 0.3543
18595 49 52 0.3386
18595 49 55 0.3386
18595 49 61 0.3386
18644 49 50 0.3543
18644 49 62 0.4252
18644 49 53 0.3543
18693 49 55 0.4803
18742 49 57 0.3307
18791 49 45 0.2992
18840 49 50 0.3701
18889 36 38 0.2441
18987 9 62 0.3622
19036 9 66 0.3228
19085 24 62 0.3228
19134 49 69 0.3701
19183 49 57 0.2992
19232 49 61 0.2992
19282 49 62 0.3543
19331 49 66 0.3701
19380 49 67 0.378
19429 49 69 0.3071
19478 36 57 0.2362
19576 9 62 0.3622
19625 9 66 0.3228
19674 24 62 0.3228
19723 49 69 0.3701
19772 49 61 0.2992
19821 49 62 0.3071
19870 98 55 0.3071
19870 98 67 0.3701
19968 49 64 0.315
19968 49 57 0.2677
20017 49 62 0.3622
20067 49 50 0.2205
20214 49 66 0.3228
20263 49 62 0.2913
20312 49 64 0.378
20361 49 61 0.3228
20410 49 57 0.3622
20459 49 62 0.3543
20508 49 59 0.4094
20557 49 55 0.3701
20606 49 57 0.3386
20655 24 45 0.2835
20803 49 66 0.3228
20852 49 62 0.3228
20901 49 64 0.4173
20950 49 57 0.3228
20999 49 61 0.2913
21048 49 62 0.3543
21097 49 55 0.3071
21146 49 57 0.3071
21146 49 45 0.3071
21195 49 50 0.3386
21244 24 38 0.2835
21784 49 57 0.3386
21833 24 45 0.2835
22373 49 62 0.3071
22422 24 50 0.2598
22961 49 57 0.252
23010 24 45 0.2126
23550 49 62 0.2283
23599 24 50 0.189
