0 8 90 0.7795
0 9 54 0.5906
0 9 61 0.5906
0 9 58 0.5906
0 9 66 0.7008
8 8 94 0.5984
17 8 85 0.5433
25 8 90 0.7323
25 9 54 0.5591
25 9 63 0.5591
25 9 59 0.5591
25 9 66 0.6614
34 8 87 0.622
43 8 90 0.5748
51 8 85 0.7244
51 9 54 0.5906
51 9 61 0.5906
51 9 58 0.5906
51 9 66 0.7008
60 8 90 0.6142
68 8 82 0.5591
77 8 85 0.6614
86 8 78 0.5669
94 8 82 0.5354
103 8 78 0.5827
103 9 42 0.378
103 9 54 0.4488
112 8 82 0.5039
120 8 73 0.4567
129 8 78 0.5591
129 9 66 0.4331
129 9 63 0.3622
129 9 59 0.3622
137 8 75 0.4961
146 8 78 0.4488
155 8 73 0.5433
155 9 66 0.4488
155 9 61 0.378
155 9 58 0.378
163 8 78 0.4409
172 8 70 0.4409
181 8 73 0.5276
189 8 66 0.4331
198 8 70 0.4173
206 8 61 0.5827
206 9 37 0.3701
206 9 49 0.4409
215 8 73 0.5433
224 8 68 0.4961
232 8 73 0.5906
232 9 65 0.4724
232 9 61 0.3937
232 9 56 0.3937
241 8 68 0.5276
249 8 80 0.4803
258 8 68 0.5906
258 9 63 0.4961
258 9 59 0.4173
258 9 56 0.4173
267 8 80 0.5354
275 8 75 0.4803
284 8 80 0.6378
284 9 44 0.5354
293 8 75 0.5827
301 8 87 0.5512
310 8 75 0.6457
310 77 49 0.5512
318 8 87 0.5748
327 8 80 0.5354
336 8 87 0.6772
336 25 63 0.5748
336 25 59 0.4882
336 25 56 0.4882
344 8 80 0.5433
353 8 92 0.5276
362 8 80 0.7008
362 25 61 0.6142
362 25 59 0.5039
362 25 56 0.5039
370 8 92 0.6063
379 8 85 0.5906
387 8 92 0.7244
396 8 85 0.6535
405 8 97 0.6142
413 8 90 0.7559
413 9 58 0.5748
413 9 66 0.685
413 9 61 0.5748
413 9 54 0.5748
422 8 94 0.6142
431 8 85 0.5906
439 8 90 0.748
439 9 66 0.6457
439 9 63 0.5433
439 9 59 0.5433
439 9 54 0.5433
448 8 87 0.6063
456 8 90 0.5827
465 8 85 0.748
465 9 66 0.685
465 9 61 0.5748
465 9 58 0.5748
465 9 54 0.5748
474 8 90 0.5984
482 8 82 0.5827
491 8 85 0.6693
499 8 78 0.5906
508 8 82 0.5512
517 8 78 0.5827
517 9 42 0.3701
517 9 54 0.4409
525 8 82 0.5433
534 8 73 0.5118
543 8 78 0.5827
543 9 66 0.378
543 9 63 0.315
543 9 59 0.315
551 8 75 0.5433
560 8 78 0.5197
568 8 73 0.5827
568 9 66 0.4488
568 9 61 0.378
568 9 58 0.378
577 8 78 0.5276
586 8 70 0.5512
594 8 73 0.5827
603 8 66 0.5118
612 8 70 0.5354
620 8 63 0.6063
620 25 47 0.5197
629 8 75 0.5433
637 8 68 0.5197
646 8 75 0.6063
646 51 63 0.5591
646 51 56 0.4724
655 8 68 0.5276
663 8 80 0.5591
672 8 75 0.6063
681 8 80 0.5827
689 8 75 0.5512
698 8 87 0.6457
698 22 47 0.5039
706 8 80 0.5748
715 8 92 0.5906
720 25 46 0.4488
722 24 53 0.4646
724 8 82 0.6929
724 22 62 0.6063
732 8 94 0.6142
741 8 82 0.5512
746 29 58 0.4409
748 27 65 0.4409
749 8 94 0.6378
749 25 74 0.5591
758 8 82 0.5906
767 8 94 0.5512
775 8 82 0.5354
784 8 94 0.4882
793 8 82 0.4173
801 8 94 0.4646
810 8 82 0.4173
818 8 94 0.3543
827 8 90 0.7559
827 9 66 0.6772
827 9 61 0.5669
827 9 58 0.5669
827 9 54 0.5669
836 8 94 0.5748
844 8 85 0.5276
853 8 90 0.7087
853 9 66 0.6063
853 9 63 0.5039
853 9 59 0.5039
853 9 54 0.5039
862 8 87 0.5276
870 8 90 0.4646
879 8 85 0.7323
879 9 66 0.6772
879 9 61 0.5669
879 9 58 0.5669
879 9 54 0.5669
887 8 90 0.5354
896 8 82 0.5197
905 8 85 0.6614
913 8 78 0.5197
922 8 82 0.4961
931 8 78 0.5827
931 9 54 0.4409
931 9 42 0.4409
939 8 82 0.5197
948 8 73 0.4961
956 8 78 0.5354
956 9 66 0.378
956 9 63 0.315
956 9 59 0.315
965 8 75 0.5118
974 8 78 0.4882
982 8 73 0.5827
982 9 66 0.4409
982 9 61 0.3701
982 9 58 0.3701
991 8 78 0.5118
999 8 70 0.4803
1008 8 73 0.5827
1017 8 66 0.5276
1025 8 70 0.5118
1034 8 61 0.5827
1034 9 37 0.4016
1034 9 49 0.4803
1043 8 73 0.5591
1051 8 68 0.5276
1060 8 73 0.5906
1060 9 65 0.4803
1060 9 61 0.4016
1060 9 56 0.4016
1068 8 68 0.5512
1077 8 80 0.5118
1086 8 68 0.5669
1086 9 63 0.4882
1086 9 59 0.4094
1086 9 56 0.4094
1094 8 80 0.5512
1103 8 75 0.5276
1112 8 80 0.6142
1112 9 44 0.5197
1120 8 75 0.5827
1129 8 87 0.5669
1137 8 75 0.6457
1137 77 49 0.5512
1146 8 87 0.6142
1155 8 80 0.6142
1163 8 87 0.6299
1163 25 63 0.5748
1163 25 59 0.4882
1163 25 56 0.4882
1172 8 80 0.6063
1181 8 92 0.5748
1189 8 80 0.6929
1189 25 61 0.6142
1189 25 59 0.5039
1189 25 56 0.5039
1198 8 92 0.6378
1206 8 85 0.5748
1215 8 92 0.7244
1224 8 85 0.6535
1232 8 97 0.6535
1241 8 90 0.7717
1241 9 66 0.685
1241 9 58 0.5748
1241 9 61 0.5748
1241 9 54 0.5748
1249 8 94 0.5827
1258 8 85 0.5512
1267 8 90 0.7323
1267 9 54 0.5433
1267 9 63 0.5433
1267 9 59 0.5433
1267 9 66 0.6378
1275 8 87 0.5669
1284 8 90 0.5748
1293 8 85 0.7559
1293 9 54 0.5748
1293 9 61 0.5748
1293 9 58 0.5748
1293 9 66 0.685
1301 8 90 0.5906
1310 8 82 0.5354
1318 8 85 0.6614
1327 8 78 0.5433
1336 8 82 0.5039
1344 8 78 0.5827
1344 9 42 0.3701
1344 9 54 0.4409
1353 8 82 0.5354
1362 8 73 0.4882
1370 8 78 0.5591
1370 9 59 0.3307
1370 9 66 0.3937
1370 9 63 0.3307
1379 8 75 0.5118
1387 8 78 0.5276
1396 8 73 0.5827
1396 9 66 0.4409
1396 9 61 0.3701
1396 9 58 0.3701
1405 8 78 0.5118
1413 8 70 0.4646
1422 8 73 0.5827
1431 8 66 0.5118
1439 8 70 0.4646
1448 8 63 0.6063
1448 12 48 0.4882
1456 8 75 0.5827
1465 8 68 0.5276
1474 8 75 0.6063
1474 51 66 0.5354
1474 51 56 0.4409
1482 8 68 0.5276
1491 8 80 0.5512
1499 8 75 0.5906
1508 8 80 0.5591
1517 8 75 0.5276
1525 8 87 0.6457
1525 12 44 0.5039
1534 8 80 0.622
1543 8 87 0.5827
1551 8 75 0.6693
1551 12 49 0.6142
1560 8 87 0.5827
1568 8 80 0.5591
1577 8 87 0.6929
1577 12 65 0.5591
1577 12 56 0.4724
1586 8 73 0.5984
1594 8 85 0.5669
1603 8 80 0.6378
1612 8 85 0.5748
1620 8 80 0.5276
1629 8 92 0.5512
1637 8 85 0.5197
1646 8 97 0.5039
1655 8 92 0.5669
1655 25 60 0.4094
1655 25 68 0.4882
1655 25 66 0.4094
1663 8 94 0.5276
1672 8 92 0.4803
1681 8 87 0.5669
1681 25 56 0.3937
1681 25 68 0.4724
1681 25 66 0.3937
1689 8 99 0.5276
1698 8 87 0.4567
1706 8 85 0.6142
1706 25 61 0.4409
1706 25 65 0.4409
1706 25 70 0.5354
1715 8 87 0.5827
1724 8 85 0.5354
1732 8 80 0.5906
1732 25 56 0.378
1732 25 65 0.378
1732 25 68 0.4646
1741 8 92 0.5591
1749 8 80 0.5197
1758 8 80 0.5669
1758 25 60 0.4094
1758 25 66 0.4094
1758 25 70 0.4882
1767 8 82 0.5276
1775 8 80 0.5118
1784 8 75 0.5669
1784 25 56 0.378
1784 25 68 0.4646
1784 25 66 0.4646
1793 8 87 0.5276
1801 8 75 0.5276
1810 8 73 0.5906
1810 25 61 0.4409
1810 25 65 0.5354
1818 8 75 0.5354
1827 8 73 0.5276
1836 34 68 0.5669
1836 25 56 0.4724
1862 12 48 0.4882
1870 8 75 0.5512
1879 8 80 0.5276
1887 8 82 0.5827
1887 12 66 0.5354
1887 12 63 0.4409
1887 12 56 0.4409
1896 8 80 0.5512
1905 8 75 0.5276
1913 8 73 0.5591
1913 12 65 0.4961
1913 12 61 0.4173
1913 12 56 0.4173
1922 8 80 0.5748
1931 8 85 0.5669
1939 8 87 0.5827
1939 12 49 0.4882
1948 8 85 0.5433
1956 8 82 0.5276
1965 8 80 0.5669
1965 12 44 0.4882
1974 8 87 0.5433
1982 8 92 0.5276
1991 8 94 0.5669
1991 12 66 0.4488
1991 12 60 0.378
1991 12 56 0.378
1999 8 92 0.5039
2008 8 87 0.4646
2017 8 85 0.6063
2017 12 37 0.4882
2025 8 92 0.5748
2034 8 97 0.5354
2043 8 99 0.5669
2043 12 65 0.4724
2043 12 61 0.3937
2043 12 56 0.3937
2051 8 97 0.5354
2060 8 94 0.5354
2068 8 92 0.5669
2068 25 44 0.4882
2077 8 94 0.5433
2086 8 92 0.4961
2094 8 87 0.5669
2094 25 60 0.3937
2094 25 68 0.4724
2094 25 66 0.3937
2103 8 99 0.5276
2112 8 87 0.5669
2120 8 85 0.6378
2120 25 61 0.4409
2120 25 65 0.4409
2120 25 70 0.5354
2129 8 87 0.5748
2137 8 85 0.5276
2146 8 80 0.6063
2146 25 56 0.3937
2146 25 65 0.3937
2146 25 68 0.4724
2155 8 92 0.5906
2163 8 80 0.5276
2172 8 80 0.622
2172 25 60 0.4409
2172 25 66 0.4409
2172 25 70 0.5354
2181 8 82 0.5512
2189 8 80 0.5118
2198 8 75 0.5748
2198 25 56 0.4094
2198 25 68 0.4882
2198 25 66 0.4094
2206 8 87 0.5354
2215 8 75 0.5118
2224 8 73 0.5906
2224 25 61 0.4331
2224 25 65 0.5039
2232 8 75 0.5433
2241 8 73 0.4961
2249 34 68 0.5906
2249 25 56 0.4882
2275 12 48 0.5354
2284 8 80 0.5276
2293 8 78 0.5039
2301 8 80 0.5906
2301 12 66 0.4882
2301 12 63 0.4094
2302 12 56 0.4094
2310 8 78 0.5354
2318 8 80 0.5118
2327 8 90 0.6457
2336 8 80 0.5591
2344 8 78 0.5118
2353 8 80 0.5827
2353 25 36 0.5512
2362 8 78 0.5276
2370 8 80 0.5039
2379 8 68 0.5039
2379 12 48 0.5669
2387 8 80 0.5354
2396 8 78 0.4961
2405 8 80 0.5591
2405 12 63 0.4488
2405 12 56 0.4488
2405 12 66 0.5433
2413 8 78 0.5118
2422 8 80 0.4882
2431 8 90 0.6378
2439 8 80 0.5276
2448 8 78 0.4961
2456 8 80 0.5433
2456 25 36 0.4646
2456 25 48 0.5512
2465 8 78 0.5276
2474 8 80 0.5039
2482 8 70 0.5512
2482 12 37 0.4961
2482 12 49 0.6063
2491 8 82 0.5827
2499 8 78 0.5197
2508 8 82 0.5827
2508 25 66 0.5748
2508 25 61 0.4882
2508 25 58 0.4882
2517 8 78 0.5512
2525 8 82 0.5197
2534 8 90 0.6535
2534 25 36 0.4882
2534 25 48 0.5748
2543 8 82 0.5591
2551 8 78 0.5354
2560 8 82 0.6063
2560 25 37 0.4803
2560 25 49 0.5669
2568 8 78 0.5669
2577 8 82 0.5276
2586 8 70 0.5748
2586 25 38 0.5433
2586 25 50 0.6378
2594 8 82 0.5906
2603 8 78 0.5669
2612 8 82 0.6142
2612 25 66 0.6063
2612 25 58 0.4961
2620 8 78 0.5669
2629 8 82 0.5276
2637 8 90 0.6693
2637 25 37 0.5039
2637 25 49 0.6142
2646 8 82 0.5827
2655 8 78 0.5591
2663 8 82 0.6299
2663 25 38 0.4961
2663 25 50 0.5906
2672 8 78 0.6063
2681 8 82 0.5827
2689 8 78 0.6299
2689 25 39 0.5512
2689 25 51 0.6457
2698 8 82 0.6063
2706 8 78 0.6142
2715 6 94 0.685
2715 51 66 0.6299
2715 51 58 0.5354
2724 8 82 0.5984
2732 8 78 0.5512
2741 6 92 0.7008
2749 8 82 0.5512
2758 8 78 0.5748
2767 6 90 0.7008
2767 25 39 0.5433
2767 25 51 0.6378
2775 8 82 0.6142
2784 8 78 0.5748
2793 8 85 0.6299
2793 25 40 0.5748
2793 25 52 0.6929
2801 8 82 0.5748
2810 8 78 0.5984
2818 6 94 0.7087
2818 51 66 0.6614
2818 51 58 0.5512
2827 8 82 0.5984
2836 8 78 0.622
2844 6 92 0.7402
2853 8 82 0.6063
2862 8 78 0.5984
2870 6 90 0.748
2870 25 40 0.5591
2870 25 52 0.6693
2879 8 82 0.5984
2887 8 78 0.622
2896 8 73 0.685
2896 12 41 0.6142
2896 12 53 0.7165
2905 8 85 0.6142
2913 8 82 0.5906
2922 8 85 0.6929
2922 25 65 0.6929
2922 25 61 0.5748
2922 25 58 0.5748
2931 8 85 0.5906
2939 8 97 0.6299
2948 8 94 0.7402
2948 25 40 0.6063
2948 25 52 0.7087
2956 8 97 0.6063
2965 8 85 0.5984
2974 8 85 0.7008
2974 25 41 0.6063
2974 25 53 0.7087
2982 8 82 0.6063
2991 8 85 0.6457
2999 8 73 0.7008
2999 12 42 0.6457
2999 12 54 0.7638
3008 8 85 0.6693
3017 8 82 0.6378
3025 8 85 0.7087
3025 12 61 0.622
3025 12 64 0.7402
3025 12 58 0.622
3034 8 85 0.6693
3043 8 97 0.6693
3051 8 94 0.7953
3051 25 41 0.6299
3051 25 53 0.748
3060 8 97 0.6772
3068 8 85 0.6614
3077 8 85 0.7323
3077 25 42 0.6142
3077 25 54 0.7165
3086 8 82 0.6693
3094 8 85 0.6299
3103 8 73 0.7402
3103 25 43 0.7008
3103 25 55 0.8268
3112 8 85 0.6693
3120 8 82 0.6378
3129 8 85 0.7402
3129 25 64 0.7559
3129 25 61 0.6378
3129 25 55 0.6378
3137 8 85 0.6614
3146 8 97 0.6299
3155 8 92 0.748
3155 25 44 0.6378
3155 25 56 0.7559
3163 8 97 0.6693
3172 8 85 0.6535
3181 8 85 0.748
3181 25 65 0.7559
3181 25 61 0.6378
3181 25 56 0.6378
3189 8 80 0.7087
3198 8 85 0.6772
3206 8 73 0.7638
3206 25 45 0.6772
3206 25 57 0.811
3215 8 85 0.7087
3224 8 78 0.6693
3232 8 85 0.7323
3232 25 66 0.7402
3232 25 63 0.622
3232 25 57 0.622
3241 8 73 0.685
3249 8 73 0.6614
3258 8 66 0.748
3267 8 73 0.7087
3275 8 61 0.6693
3284 8 61 0.7874
3284 25 33 0.7008
3284 25 45 0.8346
3293 8 54 0.7008
3301 8 61 0.6693
3310 8 51 0.5827
3310 103 32 0.7008
3310 103 44 0.8346
3318 8 54 0.5591
3327 8 61 0.5669
3336 8 63 0.6063
3344 8 54 0.5512
3353 8 61 0.5669
3362 8 63 0.6378
3370 8 66 0.6142
3379 8 61 0.5906
3387 8 63 0.6535
3396 8 66 0.6063
3405 8 73 0.5748
3413 8 63 0.685
3422 8 66 0.6299
3431 8 73 0.6063
3439 8 75 0.7008
3448 8 66 0.6142
3456 8 73 0.5906
3465 8 75 0.7008
3465 38 66 0.7874
3465 38 61 0.6535
3465 38 56 0.6535
3474 8 78 0.6142
3482 8 73 0.5984
3491 8 75 0.7008
3499 8 85 0.6142
3504 12 66 0.7244
3504 12 61 0.6063
3504 12 56 0.6063
3508 8 78 0.5906
3517 8 75 0.7008
3517 103 56 0.6535
3517 103 66 0.7874
3517 103 61 0.6535
3525 8 78 0.6378
3534 8 87 0.6772
3543 8 85 0.6693
3551 8 78 0.6142
3560 8 75 0.6614
3568 8 85 0.6378
3577 8 78 0.5984
3586 8 75 0.5591
3594 8 73 0.6142
3603 8 78 0.5591
3612 8 75 0.5906
3620 8 73 0.5827
3629 8 66 0.5433
3637 8 75 0.5669
3646 8 73 0.5591
3655 8 66 0.5197
3663 8 63 0.5433
3672 8 73 0.5276
3681 8 66 0.4803
3689 8 63 0.5118
3698 8 61 0.5039
3706 8 66 0.4646
3715 8 63 0.4882
3724 8 56 0.4094
3724 103 32 0.4094
3724 103 44 0.4882
3732 8 63 0.4252
3741 8 66 0.4252
3749 8 68 0.4409
3758 8 63 0.4409
3767 8 66 0.4252
3775 8 68 0.4567
3784 8 75 0.4567
3793 8 66 0.4409
3801 8 68 0.4724
3810 8 75 0.4724
3818 8 78 0.4567
3827 8 68 0.4882
3836 8 75 0.4567
3844 8 78 0.4882
3853 8 80 0.4882
3862 8 75 0.4252
3870 8 78 0.4567
3879 8 80 0.4882
3879 38 56 0.4094
3879 38 66 0.4094
3879 38 60 0.4094
3879 38 68 0.4882
3887 8 87 0.5118
3896 8 78 0.4724
3905 8 80 0.4882
3913 8 90 0.4567
3918 12 68 0.4488
3918 12 66 0.378
3918 12 60 0.378
3918 12 56 0.378
3922 8 87 0.4646
3931 8 80 0.4646
3931 86 68 0.4882
3931 103 66 0.4094
3931 103 60 0.4094
3931 103 56 0.4094
3939 8 78 0.4646
3948 8 87 0.4567
3956 8 80 0.4567
3965 8 78 0.4488
3974 8 75 0.4409
3982 8 80 0.4409
3991 8 78 0.4409
3999 8 75 0.4252
4008 25 68 0.4252
4017 8 78 0.4094
4025 8 75 0.4094
4034 8 68 0.4094
4043 8 66 0.4016
4051 8 75 0.4016
4060 8 68 0.3937
4068 8 66 0.3858
4077 8 63 0.3858
4086 8 68 0.378
4094 8 66 0.378
4103 8 63 0.378
4112 8 56 0.3622
4120 8 66 0.3622
4129 8 63 0.3465
4137 8 61 0.5118
4137 12 37 0.4961
4146 8 73 0.4646
4155 8 68 0.4331
4163 8 73 0.5118
4172 8 65 0.4646
4181 8 80 0.4567
4189 8 73 0.5512
4189 103 65 0.5512
4189 103 56 0.4646
4198 8 80 0.5197
4206 8 68 0.5197
4215 8 73 0.5512
4224 8 68 0.5197
4232 8 73 0.4882
4241 8 61 0.5118
4249 8 73 0.4961
4258 8 68 0.4567
4267 8 73 0.5118
4275 8 68 0.4961
4284 8 80 0.4488
4293 8 73 0.5118
4293 38 64 0.4961
4293 38 55 0.4173
4301 8 80 0.4646
4310 8 68 0.4331
4318 8 73 0.5118
4327 8 68 0.4961
4331 12 65 0.4961
4331 12 56 0.4173
4336 8 73 0.4567
4344 8 61 0.5118
4344 12 49 0.4961
4353 8 73 0.4567
4362 8 68 0.4409
4370 8 73 0.5118
4379 8 73 0.4567
4387 8 85 0.4331
4396 8 80 0.5591
4396 103 65 0.5669
4396 103 56 0.4803
4405 8 85 0.5039
4413 8 73 0.4882
4422 8 73 0.5591
4431 8 68 0.5276
4439 8 73 0.4882
4448 8 68 0.5118
4456 8 80 0.4646
4465 8 73 0.4252
4474 8 80 0.5118
4482 8 80 0.4567
4491 8 92 0.4646
4499 8 85 0.5118
4499 38 64 0.5906
4499 38 55 0.4961
4508 8 92 0.4488
4517 8 80 0.4724
4525 8 80 0.5118
4534 8 73 0.4961
4538 12 56 0.4488
4538 12 65 0.5433
4543 8 80 0.4409
4551 8 73 0.5118
4551 12 53 0.6063
4560 8 75 0.4882
4568 8 73 0.4488
4577 8 87 0.5039
4577 25 65 0.4961
4577 25 56 0.4173
4577 25 61 0.4173
4586 8 85 0.4803
4594 8 99 0.4803
4603 8 97 0.5748
4603 25 57 0.4646
4603 25 61 0.4646
4603 25 66 0.5512
4612 8 99 0.5118
4620 8 97 0.5197
4629 8 85 0.6299
4629 25 58 0.4882
4629 25 61 0.4882
4629 25 67 0.5906
4637 8 87 0.5906
4646 8 85 0.5512
4655 8 73 0.6378
4655 51 59 0.5512
4655 51 61 0.5512
4655 51 68 0.6614
4663 8 75 0.6063
4672 8 73 0.5748
4681 8 87 0.6142
4689 8 85 0.5512
4698 8 99 0.5827
4706 8 97 0.5748
4706 25 58 0.5039
4706 25 61 0.5039
4706 25 67 0.6063
4715 8 99 0.5512
4724 8 97 0.5197
4732 8 85 0.5512
4732 25 57 0.4803
4732 25 61 0.4803
4732 25 66 0.5669
4741 8 87 0.5276
4749 8 85 0.5197
4758 8 97 0.5118
4758 12 56 0.4488
4758 12 61 0.4488
4758 12 65 0.5433
4767 8 99 0.5118
4775 8 97 0.4882
4784 8 85 0.5197
4784 12 49 0.4961
4793 8 87 0.5433
4801 8 85 0.5118
4810 8 97 0.5591
4810 51 59 0.4409
4810 51 61 0.4409
4810 51 65 0.4409
4810 25 68 0.5197
4818 8 99 0.5354
4827 8 97 0.5669
4836 8 85 0.5906
4836 25 70 0.5591
4844 8 87 0.5669
4853 8 85 0.5354
4862 8 97 0.622
4862 103 59 0.5039
4862 103 61 0.5039
4862 103 65 0.5039
4862 51 71 0.6063
4870 8 99 0.5906
4879 8 97 0.5512
4887 8 85 0.5827
4896 8 87 0.5433
4905 8 85 0.5354
4913 8 97 0.5591
4913 25 70 0.5669
4922 8 99 0.5276
4931 8 97 0.5039
4939 8 85 0.5276
4939 25 68 0.5591
4948 8 87 0.5197
4956 8 85 0.5118
4965 8 90 0.7559
4965 9 54 0.5748
4965 9 66 0.685
4965 9 61 0.5748
4965 9 58 0.5748
4974 8 94 0.5512
4982 8 85 0.5512
4991 8 90 0.7244
4991 9 63 0.5512
4991 9 59 0.5512
4991 9 54 0.5512
4991 9 66 0.6535
4999 8 87 0.5827
5008 8 90 0.5512
5017 8 85 0.7638
5017 9 61 0.5748
5017 9 66 0.685
5017 9 58 0.5748
5017 9 54 0.5748
5025 8 90 0.5827
5034 8 82 0.5591
5043 8 85 0.6614
5051 8 78 0.5748
5060 8 82 0.5512
5068 8 78 0.5827
5068 9 42 0.3701
5068 9 54 0.4409
5077 8 82 0.5433
5086 8 73 0.5197
5094 8 78 0.5433
5094 9 66 0.4016
5094 9 63 0.3307
5094 9 59 0.3307
5103 8 75 0.5197
5112 8 78 0.4961
5120 8 73 0.5827
5120 9 66 0.4409
5120 9 61 0.3701
5120 9 58 0.3701
5129 8 78 0.5354
5137 8 70 0.4961
5146 8 73 0.5827
5155 8 66 0.5039
5163 8 70 0.4803
5172 8 61 0.5827
5172 9 37 0.378
5172 9 49 0.4646
5181 8 73 0.5669
5189 8 68 0.5276
5198 8 73 0.5906
5198 9 61 0.378
5198 9 65 0.4646
5198 9 56 0.378
5206 8 68 0.5197
5215 8 80 0.5276
5224 8 68 0.5669
5224 9 59 0.3937
5224 9 63 0.4724
5224 9 56 0.3937
5232 8 80 0.5748
5241 8 75 0.5591
5249 8 80 0.6142
5249 9 44 0.4882
5258 8 75 0.5984
5267 8 87 0.5669
5275 8 75 0.6457
5275 77 49 0.5197
5284 8 87 0.6063
5293 8 80 0.5669
5301 8 87 0.6772
5301 25 63 0.5512
5301 25 59 0.4646
5301 25 56 0.4646
5310 8 80 0.5827
5318 8 92 0.5906
5327 8 80 0.6929
5327 25 61 0.5748
5327 25 59 0.4882
5327 25 56 0.4882
5336 8 92 0.6378
5344 8 85 0.6063
5353 8 92 0.7008
5362 8 85 0.6693
5370 8 97 0.6535
5379 8 90 0.7638
5379 9 54 0.5748
5379 9 58 0.5748
5379 9 61 0.5748
5379 9 66 0.685
5387 8 94 0.5827
5396 8 85 0.5591
5405 8 90 0.7402
5405 9 66 0.6457
5405 9 63 0.5433
5405 9 59 0.5433
5405 9 54 0.5433
5413 8 87 0.5906
5422 8 90 0.5748
5431 8 85 0.748
5431 9 61 0.5748
5431 9 66 0.685
5431 9 58 0.5748
5431 9 54 0.5748
5439 8 90 0.5984
5448 8 82 0.5748
5456 8 85 0.6772
5465 8 78 0.6063
5474 8 82 0.5748
5482 8 78 0.5827
5482 9 42 0.378
5482 9 54 0.4646
5491 8 82 0.5197
5499 8 73 0.5039
5508 8 78 0.5512
5508 9 66 0.4331
5508 9 63 0.3622
5508 9 59 0.3622
5517 8 75 0.5276
5525 8 78 0.5276
5534 8 73 0.5827
5534 9 66 0.4646
5534 9 61 0.378
5534 9 58 0.378
5543 8 78 0.4882
5551 8 70 0.4331
5560 8 73 0.5827
5568 8 66 0.5039
5577 8 70 0.4724
5586 8 63 0.5827
5586 12 47 0.5197
5594 8 75 0.5591
5603 8 68 0.5276
5612 8 75 0.5827
5612 25 63 0.5197
5612 25 56 0.4409
5620 8 68 0.5669
5629 8 80 0.5276
5637 8 70 0.5827
5637 25 53 0.4646
5637 25 58 0.4646
5637 25 62 0.5512
5646 8 82 0.6693
5655 8 70 0.5669
5663 8 82 0.5827
5663 25 46 0.5197
5672 8 70 0.5512
5681 8 82 0.5197
5689 8 75 0.5827
5689 12 47 0.5197
5698 8 87 0.5512
5706 8 80 0.5512
5715 8 87 0.5591
5715 25 63 0.5197
5715 25 56 0.4409
5724 8 80 0.5433
5732 8 92 0.5433
5741 8 82 0.5669
5741 25 53 0.4882
5741 25 58 0.4882
5741 25 62 0.5748
5749 8 94 0.622
5758 8 82 0.5433
5767 8 94 0.5669
5767 12 46 0.5433
5775 8 82 0.5669
5784 8 94 0.5512
5793 8 82 0.5827
5793 12 47 0.6299
5801 8 94 0.5669
5810 8 87 0.5669
5818 8 94 0.5827
5818 12 68 0.5433
5818 12 59 0.4488
5818 12 63 0.4488
5827 8 80 0.5433
5836 8 92 0.5276
5844 8 80 0.5906
5844 12 49 0.6457
5853 8 92 0.5748
5862 8 85 0.5512
5870 8 92 0.6063
5870 12 66 0.5197
5870 12 61 0.4409
5870 12 58 0.4409
5879 8 78 0.5433
5887 8 90 0.5512
5896 8 73 0.6063
5896 12 47 0.6614
5905 8 85 0.5669
5913 8 80 0.5433
5922 8 85 0.6142
5922 12 59 0.4724
5922 12 65 0.4724
5922 12 61 0.4724
5922 12 68 0.5591
5931 8 80 0.5669
5939 8 92 0.5906
5948 8 78 0.6142
5948 12 46 0.6772
5956 8 90 0.5827
5965 8 85 0.5669
5974 8 90 0.6299
5974 12 61 0.4724
5974 12 70 0.5591
5974 12 58 0.4724
5974 12 66 0.4724
5982 8 85 0.5827
5991 8 97 0.6142
5999 8 82 0.6299
5999 12 47 0.6929
6008 8 94 0.5827
6017 8 87 0.5591
6025 8 94 0.6378
6025 12 68 0.5748
6025 12 63 0.4882
6025 12 59 0.4882
6034 8 80 0.622
6043 8 92 0.5984
6051 8 80 0.6457
6051 12 49 0.7008
6060 8 92 0.5984
6068 8 85 0.5748
6077 8 92 0.6457
6077 12 66 0.5748
6077 12 61 0.4882
6077 12 58 0.4882
6086 8 78 0.5827
6094 8 90 0.5512
6103 8 73 0.6535
6103 12 47 0.7165
6112 8 85 0.5827
6120 8 80 0.5591
6129 8 85 0.6535
6129 12 59 0.4961
6129 12 65 0.4961
6129 12 61 0.4961
6129 12 68 0.5906
6137 8 80 0.5984
6146 8 92 0.6457
6155 8 78 0.6772
6155 12 46 0.7402
6163 8 90 0.5984
6172 8 85 0.5748
6181 8 90 0.685
6181 12 58 0.4961
6181 12 66 0.4961
6181 12 61 0.4961
6181 12 70 0.5906
6189 8 85 0.622
6198 8 97 0.5906
6206 8 82 0.6535
6206 25 47 0.7402
6215 8 94 0.5827
6224 8 87 0.5906
6232 8 94 0.6772
6232 51 63 0.5512
6232 51 56 0.5512
6232 51 68 0.6457
6241 8 80 0.6063
6249 8 92 0.5827
6258 8 82 0.685
6267 8 94 0.6299
6275 8 87 0.5827
6284 8 94 0.6614
6284 25 47 0.7402
6293 8 80 0.6142
6301 8 92 0.5827
6310 8 82 0.7244
6310 25 48 0.8189
6318 8 94 0.6693
6327 8 87 0.6378
6336 8 94 0.7323
6336 51 68 0.6693
6336 51 63 0.5591
6336 51 66 0.5591
6336 51 56 0.5591
6344 8 80 0.6693
6353 8 92 0.7087
6362 8 82 0.7402
6370 8 94 0.6772
6379 8 87 0.6535
6387 8 94 0.7638
6387 25 48 0.7874
6396 8 80 0.6299
6405 8 92 0.6929
6413 8 85 0.7717
6413 25 49 0.8346
6422 8 94 0.7087
6431 8 80 0.685
6439 8 92 0.7874
6448 8 85 0.7087
6456 8 94 0.7244
6465 8 80 0.811
6465 51 61 0.6063
6465 51 66 0.6063
6465 51 56 0.6063
6465 51 68 0.7244
6474 8 92 0.7323
6482 8 85 0.6772
6491 8 94 0.7402
6499 8 80 0.7087
6508 8 92 0.6772
6517 8 85 0.7559
6517 51 73 0.7402
6517 51 66 0.622
6517 51 68 0.622
6525 8 94 0.7165
6534 8 80 0.6693
6543 8 92 0.7008
6551 8 85 0.6457
6560 8 94 0.5906
6568 8 80 0.6693
6577 8 92 0.6063
6586 8 85 0.5591
6594 8 94 0.5906
6603 8 80 0.5354
6612 8 92 0.5039
6616 1 37 0.3701
6617 106 49 0.3701
6618 105 56 0.3701
6619 104 61 0.3701
6620 8 99 0.4488
6620 103 66 0.4409
6633 4 97 0.4488
6637 8 94 0.4094
6646 8 92 0.4488
6655 8 90 0.4488
6663 8 87 0.4252
6672 8 85 0.4488
6681 8 82 0.4488
6689 8 80 0.4173
6698 8 78 0.4488
6706 8 75 0.4488
6715 8 73 0.4252
6724 51 68 0.5118
6724 103 49 0.2362
6724 103 59 0.2362
6724 51 66 0.4409
6724 103 49 0.4409
6724 51 63 0.3701
6724 103 56 0.2362
6775 38 70 0.5433
6775 51 65 0.4409
6775 51 61 0.3701
6814 12 68 0.5039
6827 25 66 0.5591
6827 103 54 0.378
6827 25 58 0.378
6827 51 66 0.4646
6853 25 61 0.3465
6879 8 92 0.4961
6879 25 59 0.3937
6879 25 68 0.4724
6887 8 94 0.4173
6896 8 92 0.4488
6905 8 85 0.4646
6905 25 56 0.3465
6905 25 65 0.4094
6913 8 97 0.4646
6922 8 85 0.4252
6931 8 85 0.4961
6931 25 66 0.4724
6931 25 58 0.3937
6931 103 54 0.3937
6939 8 87 0.4961
6948 8 85 0.4961
6956 8 78 0.4567
6956 25 61 0.3307
6965 8 90 0.4331
6974 8 78 0.4567
6982 8 80 0.4961
6982 25 59 0.3937
6982 25 68 0.4724
6991 8 82 0.4252
6999 8 80 0.4409
7008 34 73 0.6142
7008 25 65 0.4016
7008 25 56 0.3307
7034 25 54 0.4173
7034 25 66 0.4961
7034 25 58 0.4173
7043 8 78 0.4882
7051 8 80 0.4488
7060 8 82 0.5197
7068 8 80 0.5039
7077 8 78 0.4488
7086 8 73 0.4882
7086 25 63 0.4961
7086 25 53 0.4173
7086 25 59 0.4173
7094 8 80 0.5039
7103 8 85 0.4803
7112 8 87 0.5276
7112 25 49 0.378
7112 25 61 0.4488
7120 8 85 0.5118
7129 8 80 0.4646
7137 8 78 0.5197
7137 25 63 0.5197
7137 25 58 0.4409
7137 25 54 0.4409
7146 8 85 0.4961
7155 8 90 0.4646
7163 8 92 0.5039
7163 25 49 0.378
7163 25 61 0.4646
7172 8 90 0.5039
7181 8 87 0.4488
7189 8 85 0.5512
7189 25 59 0.4409
7189 25 53 0.4409
7189 25 63 0.5354
7198 8 92 0.5276
7206 8 97 0.5118
7215 8 99 0.5827
7215 25 61 0.4882
7215 25 49 0.4094
7224 8 97 0.5276
7232 8 92 0.4882
7241 8 90 0.4882
7241 25 66 0.4646
7241 103 54 0.378
7241 25 58 0.378
7249 8 92 0.4488
7258 8 90 0.4409
7267 8 85 0.4961
7267 25 61 0.3543
7275 8 97 0.4646
7284 8 85 0.4646
7293 8 85 0.4961
7293 25 68 0.4724
7293 25 59 0.3937
7301 8 87 0.4724
7310 8 85 0.4488
7318 8 80 0.4646
7318 25 56 0.3622
7318 25 65 0.4331
7327 8 92 0.4646
7336 8 80 0.4646
7344 8 80 0.4961
7344 25 58 0.4016
7344 25 66 0.4803
7344 103 54 0.4016
7353 8 82 0.4646
7362 8 80 0.4331
7370 8 78 0.4567
7370 25 61 0.3622
7379 8 90 0.4567
7387 8 78 0.4331
7396 60 73 0.4961
7396 25 59 0.4016
7396 25 68 0.4803
7422 25 56 0.3701
7422 25 65 0.4409
7448 25 58 0.4331
7448 25 66 0.5039
7448 25 54 0.4331
7456 8 78 0.5039
7465 8 80 0.4882
7474 8 82 0.5512
7474 25 61 0.4646
7482 8 80 0.5039
7491 8 78 0.4803
7499 8 73 0.5433
7499 25 63 0.5512
7499 25 59 0.4646
7499 25 53 0.4646
7508 8 80 0.5197
7517 8 85 0.5039
7525 8 87 0.5748
7525 25 49 0.4173
7525 25 61 0.4961
7534 8 85 0.5276
7543 8 80 0.5118
7551 8 78 0.5827
7551 25 54 0.5197
7551 25 63 0.622
7551 25 58 0.5197
7560 8 85 0.5591
7568 8 90 0.5512
7577 8 92 0.5984
7577 25 61 0.5669
7577 25 49 0.4803
7586 8 90 0.5512
7594 8 85 0.5512
7603 8 80 0.622
7603 25 53 0.5512
7603 25 59 0.5512
7603 25 63 0.6614
7612 8 85 0.6378
7620 8 92 0.6142
7629 8 94 0.6772
7629 22 61 0.6378
7629 22 49 0.5433
7637 8 92 0.6142
7646 8 85 0.5827
7651 54 54 0.5354
7653 53 61 0.5512
7655 8 94 0.685
7655 51 70 0.7087
7663 8 85 0.6063
7672 8 92 0.5591
7681 8 82 0.6535
7689 8 92 0.6142
7698 8 85 0.5512
7706 8 90 0.6535
7715 8 82 0.5984
7724 8 87 0.5669
7732 8 80 0.6535
7732 25 49 0.622
7732 25 59 0.622
7732 25 56 0.622
7732 25 65 0.7402
7741 8 85 0.5984
7749 8 73 0.5669
7758 8 82 0.6535
7758 51 54 0.6063
7758 51 58 0.6063
7758 51 66 0.7087
7767 8 73 0.6142
7775 8 80 0.5827
7784 8 70 0.6535
7793 8 80 0.5669
7801 8 73 0.5669
7810 8 78 0.6535
7818 8 70 0.6142
7827 8 75 0.5827
7836 8 68 0.6535
7836 25 37 0.6142
7836 25 47 0.6142
7836 25 53 0.7323
7844 8 73 0.6063
7853 8 61 0.5984
7862 8 70 0.685
7862 51 42 0.5906
7862 51 46 0.5906
7862 51 54 0.7008
7870 8 61 0.6457
7879 8 68 0.6063
7887 8 58 0.6929
7896 8 68 0.6063
7905 8 61 0.6378
7913 8 66 0.7323
7922 8 58 0.685
7931 8 63 0.6772
7939 8 56 0.7638
7939 25 37 0.6299
7948 8 61 0.7165
7956 8 49 0.6929
7965 8 58 0.7953
7965 25 30 0.5591
7965 25 42 0.6693
7974 8 54 0.7244
7982 8 63 0.685
7991 8 49 0.7953
7991 25 25 0.5354
7991 25 37 0.6299
7999 8 61 0.7244
8008 8 56 0.6772
8017 8 58 0.7953
8017 25 30 0.5591
8017 25 42 0.6693
8025 8 54 0.7323
8034 8 63 0.7008
8043 8 49 0.7953
8043 25 25 0.5354
8043 25 37 0.6299
8051 8 61 0.7323
8060 8 56 0.7008
8068 25 58 0.7953
8068 25 30 0.5591
8068 25 42 0.6693
8094 8 54 0.378
8094 8 58 0.4724
8103 8 56 0.4646
8112 8 54 0.4252
8120 8 66 0.4961
8120 8 63 0.3937
8129 8 61 0.4724
8137 8 58 0.4409
8146 8 70 0.5039
8146 8 66 0.3937
8146 8 42 0.4173
8155 8 63 0.4882
8155 8 49 0.378
8163 8 61 0.4567
8163 8 58 0.3622
8172 8 70 0.4094
8172 8 73 0.5197
8172 8 42 0.4409
8181 8 68 0.5039
8181 8 49 0.4016
8189 8 66 0.4567
8189 8 58 0.3858
8198 8 78 0.5433
8198 8 75 0.4331
8198 8 46 0.4488
8206 8 73 0.4646
8206 8 54 0.4094
8215 8 70 0.4646
8215 8 61 0.3858
8224 8 82 0.5512
8224 8 78 0.4331
8224 8 49 0.4646
8232 8 75 0.5118
8232 8 58 0.4094
8241 8 73 0.5039
8241 8 66 0.4016
8249 8 85 0.5591
8249 8 82 0.4409
8249 8 54 0.4803
8258 8 80 0.5276
8258 8 61 0.4252
8267 8 78 0.5276
8267 8 70 0.4016
8275 8 90 0.5748
8275 8 87 0.4567
8275 8 58 0.4803
8284 8 85 0.5276
8284 8 66 0.4409
8293 8 82 0.5118
8293 8 73 0.4252
8301 8 94 0.5906
8301 8 90 0.4646
8301 8 61 0.5118
8310 8 87 0.5433
8310 8 70 0.4567
8318 8 85 0.5197
8318 8 78 0.4409
8327 8 90 0.6142
8327 8 87 0.4882
8327 8 66 0.5276
8336 8 85 0.5512
8336 8 70 0.4646
8344 8 82 0.5433
8344 8 78 0.4567
8353 8 94 0.6142
8353 8 90 0.4882
8353 8 61 0.5354
8362 8 87 0.5591
8362 8 70 0.4724
8370 8 85 0.5512
8370 8 78 0.4646
8379 8 90 0.6378
8379 8 87 0.5039
8379 8 66 0.5669
8387 8 85 0.5827
8387 8 70 0.4803
8396 8 82 0.5748
8396 8 78 0.4646
8405 8 94 0.6378
8405 8 90 0.5039
8405 8 61 0.5669
8413 8 87 0.5906
8413 8 70 0.5118
8422 8 85 0.5827
8422 8 78 0.4961
8431 8 90 0.6457
8431 8 87 0.5118
8431 8 66 0.5748
8439 8 85 0.5906
8439 8 70 0.5276
8448 8 82 0.5906
8448 8 78 0.5197
8456 8 94 0.6693
8456 8 90 0.5276
8456 8 61 0.5906
8465 8 87 0.6063
8465 8 70 0.5433
8474 8 85 0.5906
8474 8 78 0.5433
8482 8 82 0.7008
8482 8 90 0.7008
8482 8 66 0.6378
8499 8 78 0.7402
8499 8 90 0.7402
8499 8 54 0.685
8499 8 66 0.685
8508 6 87 0.7402
8508 6 75 0.7402
8508 6 63 0.6535
8508 6 51 0.6535
8517 6 85 0.748
8517 6 73 0.748
8517 6 61 0.6693
8517 6 49 0.6693
8525 6 82 0.7559
8525 6 70 0.7559
8525 6 58 0.6772
8525 6 46 0.6772
8534 6 80 0.7638
8534 6 68 0.7638
8534 6 56 0.6772
8534 6 44 0.6772
8543 6 78 0.7717
8543 6 66 0.7717
8543 6 54 0.685
8543 6 42 0.685
8551 6 75 0.7717
8551 6 63 0.7717
8551 6 51 0.6929
8551 6 39 0.6929
8560 6 73 0.7874
8560 6 61 0.7874
8560 6 37 0.7008
8560 6 49 0.7008
8568 6 70 0.7953
8568 6 58 0.7953
8568 6 34 0.7008
8568 6 46 0.7008
8577 6 68 0.811
8577 6 56 0.811
8577 6 32 0.7244
8577 6 44 0.7244
8586 12 54 0.874
8586 12 66 0.874
8586 12 30 0.7795
8586 12 42 0.7795
8634 51 54 0.7323
8636 53 61 0.7717
8637 51 94 0.9291
8637 51 90 0.8504
8637 51 85 0.8504
8637 51 82 0.8504
8637 51 70 0.8504
8689 103 54 0.8819
8689 103 30 0.8031
8689 103 42 0.8031
