0 22 79 0.622
0 22 64 0.3937
23 23 60 0.2835
46 69 79 0.5591
46 23 64 0.3386
69 23 60 0.2992
92 23 64 0.4016
115 11 77 0.5591
115 23 60 0.315
126 11 76 0.5433
138 11 76 0.5512
138 23 64 0.3543
149 11 74 0.5039
161 11 72 0.5276
161 23 60 0.3386
172 11 71 0.5197
184 8 74 0.3701
184 23 64 0.4016
193 8 72 0.3858
201 8 74 0.4331
207 23 60 0.3543
210 8 72 0.4094
218 8 74 0.4488
227 8 72 0.4016
230 23 64 0.4016
236 8 74 0.4646
244 8 72 0.4409
253 11 74 0.4882
253 23 60 0.315
265 11 76 0.4961
276 46 67 0.5433
276 23 64 0.3307
299 23 60 0.2205
322 23 64 0.2598
345 23 60 0.2126
368 11 79 0.6063
368 23 64 0.4016
391 11 79 0.5748
391 23 60 0.2835
414 69 79 0.5433
414 23 64 0.3386
437 23 60 0.2835
461 23 64 0.3386
484 11 77 0.5039
484 23 60 0.2835
495 11 76 0.4803
507 11 76 0.5039
507 23 65 0.315
518 11 74 0.4724
530 11 72 0.4803
530 23 60 0.2835
541 11 71 0.4724
553 8 74 0.378
553 23 64 0.2992
561 8 72 0.3622
570 8 74 0.3937
576 23 60 0.2677
579 8 72 0.3858
587 8 74 0.4094
596 8 72 0.4252
599 23 64 0.3071
605 8 74 0.4252
613 8 72 0.4094
622 11 74 0.4488
622 23 60 0.2598
633 11 76 0.4803
645 46 67 0.4882
645 23 64 0.2677
668 23 60 0.2126
691 23 64 0.2441
714 23 60 0.2126
737 11 69 0.4252
737 23 65 0.2677
760 11 72 0.4173
760 23 60 0.2283
783 11 77 0.4252
783 23 65 0.2677
806 11 81 0.4094
806 23 60 0.2362
829 23 84 0.4567
829 23 65 0.2677
852 23 60 0.2047
875 23 65 0.2441
899 23 60 0.2047
922 11 67 0.4409
922 23 64 0.2835
945 11 72 0.4252
945 23 60 0.252
968 11 76 0.4409
968 23 64 0.2835
991 11 79 0.4173
991 23 60 0.2362
1014 23 84 0.4803
1014 23 64 0.2835
1037 23 60 0.2047
1060 23 64 0.252
1083 23 60 0.2126
1094 11 67 0.4961
1106 138 79 0.6535
1106 23 60 0.4488
1106 46 64 0.4488
1129 23 55 0.3937
1152 23 60 0.4488
1152 46 64 0.4488
1175 23 55 0.3937
1198 46 62 0.4252
1198 23 59 0.4252
1221 23 55 0.3622
1244 5 79 0.5354
1244 46 62 0.3937
1244 23 59 0.3937
1250 5 77 0.4724
1256 5 79 0.5354
1262 5 76 0.4803
1267 11 76 0.5984
1267 23 55 0.3622
1279 11 77 0.5591
1290 46 75 0.6142
1290 23 60 0.378
1313 23 48 0.3386
1337 46 76 0.5984
1337 23 52 0.378
1360 23 55 0.3386
1383 23 60 0.4488
1406 23 64 0.3701
1429 23 67 0.4094
1452 23 64 0.3622
1475 23 69 0.4488
1475 23 65 0.2913
1498 11 72 0.4488
1498 23 60 0.2205
1509 11 69 0.4094
1521 11 77 0.4488
1521 23 65 0.2913
1532 11 72 0.4016
1544 11 81 0.4331
1544 23 60 0.2283
1556 11 77 0.3937
1567 23 84 0.4961
1567 23 65 0.2913
1590 23 60 0.2283
1613 23 65 0.2598
1636 23 60 0.2283
1659 23 67 0.4646
1659 23 64 0.2913
1682 11 72 0.4646
1682 23 60 0.2283
1694 11 67 0.4173
1705 11 76 0.4646
1705 23 64 0.2913
1717 11 72 0.4094
1728 11 79 0.4488
1728 23 60 0.2205
1740 11 76 0.3937
1751 23 84 0.4961
1751 23 64 0.2913
1775 23 60 0.2126
1798 23 64 0.252
1821 23 60 0.2283
1844 23 81 0.6693
1844 46 64 0.378
1844 23 60 0.378
1867 23 79 0.5827
1867 23 55 0.3307
1890 11 77 0.622
1890 46 64 0.3543
1890 23 60 0.3543
1913 11 76 0.5748
1913 23 55 0.315
1936 23 76 0.6693
1936 23 62 0.378
1936 46 65 0.378
1959 23 74 0.5748
1959 23 55 0.3307
1982 11 72 0.622
1982 46 65 0.3543
1982 23 62 0.3543
2005 11 71 0.5748
2005 23 55 0.315
2028 13 72 0.6457
2028 92 60 0.4409
2028 92 64 0.4409
2040 13 67 0.5433
2051 13 69 0.5512
2063 13 71 0.5354
2074 13 72 0.5748
2086 13 74 0.5669
2097 13 76 0.5984
2109 13 77 0.5827
2120 13 79 0.6063
2132 13 81 0.5669
2143 13 83 0.6063
2155 11 84 0.5591
2166 11 79 0.5906
2189 11 79 0.5669
2213 46 55 0.3543
2213 46 64 0.3543
2224 11 79 0.4252
2236 11 81 0.4252
2247 11 79 0.4016
2259 46 55 0.3228
2259 46 62 0.3228
2270 11 77 0.4252
2282 11 79 0.4252
2293 11 77 0.4016
2305 46 60 0.3622
2305 46 55 0.3622
2316 11 76 0.4252
2328 11 77 0.4252
2339 11 76 0.3937
2351 46 59 0.3228
2351 46 55 0.3228
2362 11 74 0.4252
2374 11 76 0.4252
2385 11 74 0.4173
2397 13 72 0.622
2397 92 60 0.4567
2408 13 67 0.5669
2420 13 69 0.5984
2431 13 71 0.5748
2443 13 72 0.622
2455 13 74 0.5906
2466 13 76 0.6299
2478 13 77 0.5827
2489 13 79 0.6142
2501 13 81 0.5827
2512 13 83 0.622
2524 11 84 0.5669
2535 11 79 0.5906
2558 11 79 0.5669
2581 46 64 0.378
2581 46 55 0.378
2593 11 79 0.4252
2604 11 81 0.4252
2616 11 79 0.4016
2627 46 55 0.3543
2627 46 62 0.3543
2639 11 77 0.4252
2650 11 79 0.4252
2662 11 77 0.3937
2674 46 60 0.3701
2674 46 55 0.3701
2685 11 76 0.4252
2697 11 77 0.4252
2708 11 76 0.4016
2720 46 59 0.3543
2720 46 55 0.3543
2731 11 74 0.4252
2743 11 76 0.4252
2754 11 74 0.4016
2766 69 72 0.6378
2766 11 48 0.4567
2789 23 60 0.5039
2812 23 59 0.4409
2835 11 74 0.5748
2835 23 58 0.4409
2846 11 76 0.5354
2858 11 77 0.6457
2858 11 57 0.4646
2881 46 77 0.622
2881 23 57 0.4488
2904 23 55 0.4488
2927 11 79 0.5984
2927 23 53 0.4252
2939 11 81 0.5591
2950 23 79 0.6535
2950 23 52 0.4488
2973 23 76 0.6142
2996 11 84 0.6378
2996 23 48 0.4488
3019 11 84 0.622
3042 11 86 0.6142
3054 11 84 0.5591
3065 11 83 0.5827
3077 11 81 0.5354
3088 11 81 0.5433
3088 46 48 0.378
3088 46 60 0.378
3100 11 79 0.4961
3112 11 77 0.5276
3123 11 76 0.5039
3135 69 79 0.5354
3135 92 55 0.378
3135 69 64 0.378
3204 23 76 0.5276
3204 23 60 0.4252
3227 46 74 0.4803
3227 46 59 0.378
3250 23 43 0.5118
3273 23 47 0.5669
3296 23 50 0.5433
3319 23 73 0.4724
3319 23 55 0.3543
3342 23 74 0.4409
3342 23 59 0.3386
3365 11 72 0.4331
3365 23 62 0.3228
3377 11 71 0.4094
3388 11 69 0.4331
3400 11 67 0.4173
3411 23 73 0.4803
3411 23 55 0.3543
3434 23 74 0.4646
3434 23 59 0.3386
3457 11 72 0.4331
3457 23 62 0.3228
3469 11 71 0.4094
3480 11 69 0.4331
3492 11 67 0.4173
3503 23 75 0.5039
3503 23 55 0.3465
3526 23 76 0.4724
3526 23 60 0.315
3550 11 76 0.4961
3550 23 64 0.3386
3573 11 76 0.4488
3573 23 60 0.315
3596 46 76 0.4961
3596 23 55 0.3465
3619 23 60 0.315
3642 23 64 0.3386
3665 23 60 0.315
3676 11 69 0.5039
3688 69 81 0.6457
3688 23 54 0.4488
3711 23 57 0.4252
3734 23 60 0.3858
3757 7 79 0.5669
3765 7 78 0.5433
3772 7 76 0.5197
3780 23 74 0.6299
3780 23 54 0.4488
3803 11 86 0.5906
3803 23 57 0.4252
3826 11 86 0.6142
3826 23 60 0.4016
3849 11 86 0.5827
3872 57 86 0.6693
3872 23 55 0.4488
3895 23 59 0.4016
3918 11 62 0.4173
3930 11 83 0.5512
3941 11 86 0.5748
3941 11 62 0.3937
3953 11 83 0.5512
3964 46 79 0.5669
3964 23 55 0.4488
3988 23 59 0.3071
4011 11 62 0.3307
4034 11 62 0.2913
4057 23 73 0.4724
4057 23 55 0.3465
4080 23 74 0.4567
4080 23 59 0.3228
4103 11 72 0.4252
4103 23 62 0.3228
4114 11 71 0.4016
4126 11 69 0.4252
4137 11 67 0.4094
4149 11 73 0.4252
4149 23 55 0.3465
4160 11 74 0.4173
4172 11 76 0.4331
4172 23 59 0.3228
4183 11 74 0.4488
4195 11 72 0.4409
4195 23 62 0.3228
4207 11 71 0.4331
4218 11 69 0.4252
4230 11 67 0.4252
4241 23 75 0.5039
4241 23 55 0.3386
4264 23 76 0.4961
4264 23 60 0.315
4287 11 76 0.4961
4287 23 64 0.315
4310 11 76 0.4724
4310 23 60 0.315
4333 46 76 0.4961
4333 23 55 0.3543
4356 23 60 0.2992
4379 23 64 0.3307
4402 23 60 0.315
4426 13 81 0.6063
4426 184 54 0.4094
4426 184 60 0.4094
4426 184 62 0.4882
4426 184 57 0.4094
4437 13 83 0.5591
4449 13 84 0.6063
4460 13 83 0.5669
4472 13 81 0.6142
4483 13 79 0.5827
4495 13 78 0.6142
4506 13 76 0.5748
4518 13 74 0.5748
4529 13 78 0.5906
4541 13 81 0.6063
4552 13 79 0.5669
4564 13 78 0.5906
4575 13 76 0.5669
4587 13 74 0.5827
4598 13 72 0.5276
4610 23 71 0.6142
4610 15 55 0.4803
4625 15 59 0.4252
4641 15 67 0.4016
4656 5 74 0.5276
4656 15 57 0.4803
4662 5 72 0.4961
4668 5 74 0.5276
4671 15 60 0.4173
4673 5 72 0.4961
4679 11 71 0.5984
4687 15 67 0.3937
4691 11 72 0.5669
4702 23 74 0.6378
4702 15 59 0.4803
4717 15 62 0.4488
4733 15 67 0.3858
4748 15 55 0.4803
4764 15 59 0.378
4779 7 76 0.4173
4779 15 67 0.3543
4787 7 78 0.4173
4794 46 79 0.4803
4794 15 60 0.3386
4810 15 64 0.315
4825 15 67 0.2913
4840 34 79 0.4409
4840 15 60 0.3386
4856 15 64 0.315
4871 15 67 0.2992
4875 11 79 0.4252
4887 46 79 0.4409
4887 15 60 0.3386
4902 15 64 0.315
4917 15 67 0.2992
4933 11 78 0.4331
4933 15 60 0.3386
4944 11 76 0.4094
4948 15 64 0.3228
4956 11 74 0.4173
4963 15 67 0.3071
4967 11 72 0.4016
4979 23 71 0.6063
4979 15 55 0.4488
4994 15 59 0.3937
5009 15 67 0.3937
5025 5 74 0.5354
5025 15 57 0.4488
5031 5 72 0.4961
5036 5 74 0.5354
5040 15 60 0.4016
5042 5 72 0.4961
5048 11 71 0.5827
5056 15 67 0.378
5059 11 72 0.5669
5071 23 74 0.6457
5071 15 59 0.4488
5086 15 62 0.4094
5102 15 67 0.3622
5117 15 55 0.4488
5132 15 59 0.3937
5148 7 76 0.4173
5148 15 67 0.3701
5155 7 78 0.4016
5163 46 79 0.4803
5163 15 60 0.2992
5179 15 64 0.2835
5194 15 67 0.2835
5209 34 79 0.4331
5209 15 60 0.2992
5225 15 64 0.2835
5240 15 67 0.2835
5244 11 79 0.4252
5255 46 79 0.4331
5255 15 60 0.3543
5271 15 64 0.3386
5286 15 67 0.315
5301 11 78 0.4252
5301 15 60 0.3543
5313 11 76 0.4173
5317 15 64 0.3465
5325 11 74 0.4252
5332 15 67 0.3228
5336 11 72 0.3937
5348 11 71 0.622
5348 23 55 0.4803
5371 13 79 0.5512
5382 13 81 0.5669
5394 13 83 0.5984
5405 13 81 0.5669
5417 13 79 0.6063
5428 13 78 0.5669
5440 13 76 0.6063
5440 23 48 0.4803
5451 13 74 0.5669
5463 13 72 0.6063
5474 13 71 0.5669
5486 13 69 0.5827
5497 13 67 0.5669
5509 13 66 0.5906
5520 13 64 0.5433
5532 23 62 0.6378
5532 23 50 0.4961
5578 92 60 0.7008
5578 92 54 0.4173
5578 92 51 0.4173
5578 92 57 0.4961
5670 46 59 0.5669
5670 46 52 0.315
5670 46 55 0.378
5716 46 48 0.2835
5716 46 52 0.3386
5739 11 57 0.4331
5763 11 60 0.4331
5786 11 64 0.4173
5809 23 68 0.4331
5832 23 69 0.4173
5855 23 72 0.4331
5878 23 76 0.4252
5901 23 76 0.4961
5924 23 67 0.4331
5947 92 67 0.4331
5947 138 50 0.3465
5947 46 59 0.3465
5993 92 60 0.3465
6039 23 71 0.4409
6039 46 66 0.4409
6062 23 69 0.4252
6085 46 67 0.4252
6085 23 55 0.3622
6085 46 59 0.3622
6131 23 43 0.3465
6177 23 74 0.5906
6201 23 71 0.5276
6224 23 79 0.4252
6247 11 78 0.4173
6270 11 76 0.4016
6293 11 74 0.3858
6316 11 72 0.378
6339 11 71 0.3937
6362 23 69 0.4173
6408 23 71 0.4252
6454 23 74 0.4567
6477 23 73 0.4252
6500 23 72 0.4016
6500 46 54 0.315
6500 92 62 0.315
6546 23 71 0.4016
6546 46 55 0.3386
6569 23 72 0.4252
6592 23 74 0.4488
6615 11 75 0.4646
6639 5 78 0.378
6639 92 48 0.3386
6639 92 55 0.3386
6644 5 76 0.3858
6650 5 78 0.4016
6656 5 76 0.4252
6662 5 78 0.4409
6667 5 76 0.4567
6673 11 78 0.4567
6685 11 79 0.5354
6708 11 78 0.5039
6731 11 76 0.4961
6754 11 74 0.4646
6777 11 72 0.4724
6777 46 52 0.3386
6777 46 49 0.3386
6800 11 71 0.4409
6823 34 74 0.5039
6823 92 50 0.3386
6823 46 55 0.3386
6857 11 71 0.4646
6869 23 69 0.4331
6869 46 54 0.3228
6915 34 74 0.6772
6915 34 62 0.6063
6950 5 76 0.6378
6950 5 64 0.5512
6955 5 78 0.6142
6955 5 66 0.5197
6961 23 79 0.6772
6961 23 67 0.5591
6984 11 78 0.4882
6984 11 66 0.4409
7007 11 76 0.4882
7007 11 64 0.4409
7030 11 74 0.4567
7030 11 62 0.4094
7053 11 72 0.4882
7053 11 60 0.4409
7076 11 71 0.4488
7076 11 59 0.4094
7100 23 69 0.4961
7100 23 57 0.4488
7146 23 71 0.5512
7146 23 59 0.4882
7192 23 72 0.5669
7192 23 60 0.5276
7238 23 73 0.6142
7238 23 61 0.5118
7284 23 74 0.6535
7284 23 62 0.5512
7330 23 75 0.6535
7330 23 63 0.5197
7376 34 76 0.685
7376 46 64 0.5669
7411 11 64 0.6457
7422 34 72 0.5669
7422 46 48 0.3386
7422 46 57 0.3386
7457 11 69 0.5669
7468 46 67 0.5433
7468 92 50 0.3386
7468 46 59 0.3386
7509 5 71 0.4488
7514 46 66 0.4961
7514 46 69 0.4961
7514 46 60 0.3386
7561 46 67 0.5591
7561 23 55 0.4724
7584 23 59 0.3937
7607 23 62 0.4252
7618 11 79 0.5827
7630 11 81 0.6063
7630 23 59 0.378
7641 11 79 0.5748
7653 11 76 0.6142
7653 23 55 0.4409
7664 11 79 0.5827
7676 11 81 0.6063
7676 23 60 0.3543
7687 11 79 0.5827
7699 11 84 0.6378
7699 23 64 0.3858
7710 11 79 0.5984
7722 11 76 0.6142
7722 23 60 0.3701
7733 11 72 0.5748
7745 11 79 0.6535
7745 23 55 0.4409
7768 11 79 0.6378
7768 23 59 0.3937
7791 23 62 0.4252
7803 11 79 0.5748
7814 11 81 0.6063
7814 23 59 0.3701
7826 11 79 0.5748
7837 11 76 0.6142
7837 23 55 0.4409
7849 11 79 0.5827
7860 11 81 0.5984
7860 23 60 0.3937
7872 11 79 0.5827
7883 11 84 0.6378
7883 23 64 0.4252
7895 11 79 0.5906
7906 11 76 0.6063
7906 23 60 0.3858
7918 11 72 0.5748
7929 11 79 0.6614
7929 46 59 0.4409
7929 46 62 0.4409
7929 46 55 0.4409
7952 11 79 0.6457
7976 46 72 0.3228
7987 11 74 0.4331
7999 11 78 0.4331
8010 11 74 0.4173
8022 11 79 0.4646
8022 46 71 0.3465
8045 11 79 0.4646
8068 46 72 0.3386
8079 11 74 0.4252
8091 11 78 0.4252
8102 11 74 0.4094
8114 11 79 0.4646
8114 46 71 0.3543
8137 11 79 0.4646
8160 11 66 0.4094
8171 11 74 0.5276
8183 11 81 0.5591
8183 11 66 0.4252
8195 11 74 0.5433
8206 11 83 0.5906
8206 11 67 0.4488
8218 11 74 0.5748
8229 11 83 0.622
8229 11 67 0.4724
8241 11 74 0.5984
8252 11 84 0.6535
8252 11 69 0.4882
8264 11 74 0.6378
8275 11 84 0.6929
8275 11 69 0.5118
8287 11 74 0.6614
8298 23 86 0.7165
8298 46 71 0.5276
8321 23 83 0.622
8344 23 79 0.6614
8367 23 83 0.5748
8390 23 74 0.6142
8414 23 79 0.5512
8437 23 71 0.5669
8460 23 74 0.5354
8483 23 69 0.4724
8506 23 76 0.4961
8529 11 74 0.4961
8529 46 48 0.3465
8529 46 57 0.3465
8529 46 52 0.3465
8540 11 72 0.4724
8552 11 71 0.4961
8563 11 69 0.4724
8575 46 67 0.4961
8575 92 50 0.3465
8575 46 55 0.3465
8575 46 59 0.3465
8621 7 67 0.4961
8621 46 60 0.3465
8621 46 57 0.3465
8629 7 66 0.4724
8636 7 67 0.4961
8644 7 66 0.4724
8652 7 64 0.4961
8659 7 66 0.4724
8667 46 67 0.6063
8667 23 55 0.4016
8690 23 59 0.3622
8713 23 62 0.4252
8725 11 79 0.5827
8736 11 81 0.6063
8736 23 59 0.3858
8748 11 79 0.5906
8759 11 76 0.6378
8759 23 55 0.4252
8771 11 79 0.5906
8782 11 81 0.622
8782 23 60 0.3937
8794 11 79 0.5906
8805 11 84 0.6378
8805 23 64 0.4252
8817 11 79 0.6142
8828 11 76 0.622
8828 23 60 0.3937
8840 11 72 0.5906
8852 11 79 0.6614
8852 23 55 0.4567
8875 11 79 0.6378
8875 23 59 0.3937
8898 23 62 0.4252
8909 11 79 0.5906
8921 11 81 0.6063
8921 23 59 0.4252
8932 11 79 0.5748
8944 11 76 0.6378
8944 23 55 0.4252
8955 11 79 0.5906
8967 11 81 0.6142
8967 23 60 0.3937
8978 11 79 0.6063
8990 11 84 0.6378
8990 23 64 0.4252
9001 11 79 0.5984
9013 11 76 0.6142
9013 23 60 0.3937
9024 11 72 0.5906
9036 11 79 0.6614
9036 46 59 0.4567
9036 46 62 0.4567
9036 46 55 0.4567
9059 11 79 0.6457
9082 46 72 0.3386
9094 11 74 0.4252
9105 11 78 0.4252
9117 11 74 0.3937
9128 11 79 0.4409
9128 46 71 0.3543
9151 11 79 0.4488
9174 46 72 0.3386
9186 11 74 0.4252
9197 11 78 0.4252
9209 11 74 0.3937
9220 11 79 0.4488
9220 46 71 0.3543
9243 11 79 0.4488
9266 11 66 0.378
9278 11 74 0.5276
9289 11 81 0.5591
9289 11 66 0.4016
9301 11 74 0.5197
9313 11 83 0.5906
9313 11 67 0.4252
9324 11 74 0.5748
9336 11 83 0.6378
9336 11 67 0.4488
9347 11 74 0.6063
9359 11 84 0.6614
9359 11 69 0.4803
9370 11 74 0.6457
9382 11 84 0.7087
9382 11 69 0.5039
9393 11 74 0.6693
9405 11 86 0.7402
9405 46 71 0.5276
9416 11 83 0.6693
9428 11 86 0.7008
9439 11 83 0.6535
9451 11 79 0.685
9462 11 83 0.6378
9474 11 79 0.6693
9485 11 83 0.6378
9497 11 74 0.6772
9508 11 79 0.6299
9520 11 74 0.6378
9532 11 79 0.5827
9543 11 71 0.5748
9555 11 74 0.5354
9566 11 71 0.5354
9578 11 74 0.4961
9589 11 69 0.4252
9601 11 76 0.4016
9612 11 75 0.4252
9624 11 76 0.4094
9635 11 74 0.4252
9635 46 57 0.3465
9635 46 48 0.3465
9635 46 52 0.3465
9647 11 72 0.4016
9658 11 71 0.4252
9670 11 69 0.4094
9681 46 67 0.4961
9681 92 50 0.3465
9681 46 59 0.3465
9681 46 55 0.3465
9727 7 67 0.4961
9727 46 57 0.3465
9727 46 60 0.3465
9735 7 66 0.4646
9743 7 67 0.4961
9751 7 66 0.4646
9758 7 64 0.4961
9766 7 66 0.4724
9774 34 67 0.6772
9774 34 55 0.6142
9808 11 62 0.6378
9808 11 50 0.5669
9820 34 71 0.6772
9820 34 59 0.6142
9854 11 67 0.6378
9854 11 55 0.5669
9866 23 74 0.685
9866 23 62 0.6063
9912 13 81 0.4252
9923 13 79 0.4016
9935 13 78 0.4252
9946 13 76 0.4094
9958 23 74 0.4488
9958 23 55 0.3228
9958 23 59 0.3228
9958 23 50 0.3228
10004 13 76 0.4252
10016 13 74 0.4016
10027 13 72 0.4252
10039 13 71 0.4016
10050 23 69 0.4488
10050 23 50 0.3228
10050 23 54 0.3228
10050 23 60 0.3228
10096 13 74 0.4409
10108 13 72 0.4409
10119 13 71 0.4409
10131 13 69 0.4173
10142 11 67 0.6614
10142 11 55 0.5669
10154 11 62 0.6299
10154 11 50 0.5276
10165 11 67 0.6614
10165 11 55 0.5669
10177 11 62 0.6299
10177 11 50 0.5276
10189 11 71 0.6614
10189 11 59 0.5669
10200 11 67 0.6299
10200 11 55 0.5276
10212 11 71 0.6614
10212 11 59 0.5669
10223 11 67 0.6299
10223 11 55 0.5197
10235 23 74 0.6614
10235 23 62 0.5669
10281 13 81 0.4331
10292 13 79 0.4094
10304 13 78 0.4331
10315 13 76 0.4094
10327 11 74 0.4567
10327 23 59 0.3543
10327 23 50 0.3543
10327 23 55 0.3543
10350 11 74 0.4567
10373 13 76 0.4252
10384 13 74 0.4016
10396 13 72 0.4252
10408 13 71 0.3937
10419 11 69 0.4488
10419 23 54 0.3543
10419 23 60 0.3543
10419 23 50 0.3543
10442 11 69 0.4488
10465 13 74 0.4331
10477 13 72 0.4173
10488 13 71 0.4331
10500 13 69 0.4094
10511 46 67 0.4567
10511 46 59 0.3622
10511 46 55 0.3622
10557 23 62 0.4252
10557 23 71 0.4252
10557 23 55 0.3622
10603 23 59 0.4409
10603 23 67 0.4409
10603 23 43 0.3622
10696 22 79 0.622
10696 22 64 0.3937
10719 23 60 0.2835
10742 69 79 0.5591
10742 23 64 0.3386
10765 23 60 0.2992
10788 23 64 0.4016
10811 11 77 0.5591
10811 23 60 0.315
10822 11 76 0.5433
10834 11 76 0.5512
10834 23 64 0.3543
10846 11 74 0.5039
10857 11 72 0.5276
10857 23 60 0.3386
10869 11 71 0.5197
10880 8 74 0.3701
10880 23 64 0.4016
10889 8 72 0.3858
10897 8 74 0.4331
10903 23 60 0.3543
10906 8 72 0.4094
10915 8 74 0.4488
10923 8 72 0.4016
10926 23 64 0.4016
10932 8 74 0.4646
10941 8 72 0.4409
10949 11 74 0.4882
10949 23 60 0.315
10961 11 76 0.4961
10972 46 67 0.5433
10972 23 64 0.3307
10995 23 60 0.2205
11018 23 64 0.2598
11041 23 60 0.2126
11065 11 79 0.6063
11065 23 64 0.4016
11088 11 79 0.5748
11088 23 60 0.2835
11111 69 79 0.5433
11111 23 64 0.3386
11134 23 60 0.2835
11157 23 64 0.3386
11180 11 77 0.5039
11180 23 60 0.2835
11191 11 76 0.4803
11203 11 76 0.5039
11203 23 65 0.315
11214 11 74 0.4724
11226 11 72 0.4803
11226 23 60 0.2835
11237 11 71 0.4724
11249 8 74 0.378
11249 23 64 0.2992
11258 8 72 0.3622
11266 8 74 0.3937
11272 23 60 0.2677
11275 8 72 0.3858
11284 8 74 0.4094
11292 8 72 0.4252
11295 23 64 0.3071
11301 8 74 0.4252
11309 8 72 0.4094
11318 11 74 0.4488
11318 23 60 0.2598
11330 11 76 0.4803
11341 46 67 0.4882
11341 23 64 0.2677
11364 23 60 0.2126
11387 23 64 0.2441
11410 23 60 0.2126
11433 11 69 0.4252
11433 23 65 0.2677
11456 11 72 0.4173
11456 23 60 0.2283
11479 11 77 0.4252
11479 23 65 0.2677
11502 11 81 0.4094
11502 23 60 0.2362
11526 23 84 0.4567
11526 23 65 0.2677
11549 23 60 0.2047
11572 23 65 0.2441
11595 23 60 0.2047
11618 11 67 0.4409
11618 23 64 0.2835
11641 11 72 0.4252
11641 23 60 0.252
11664 11 76 0.4409
11664 23 64 0.2835
11687 11 79 0.4173
11687 23 60 0.2362
11710 23 84 0.4803
11710 23 64 0.2835
11733 23 60 0.2047
11756 23 64 0.252
11779 23 60 0.2126
11791 11 67 0.4961
11802 138 79 0.6772
11802 46 64 0.4488
11802 23 60 0.4488
11825 23 55 0.3937
11848 46 64 0.4488
11848 23 60 0.4488
11871 23 55 0.3937
11894 46 62 0.4252
11894 23 59 0.4252
11917 23 55 0.3622
11940 5 79 0.5354
11940 46 62 0.3937
11940 23 59 0.3937
11946 5 77 0.4724
11952 5 79 0.5354
11958 5 76 0.4803
11964 11 76 0.5984
11964 23 55 0.3622
11975 11 77 0.5591
11987 46 75 0.6142
11987 23 60 0.378
12010 23 48 0.3386
12033 46 76 0.5984
12033 23 52 0.378
12056 23 55 0.3386
12079 23 60 0.4488
12102 23 64 0.3701
12125 23 67 0.4094
12148 23 64 0.3622
12171 23 69 0.4488
12171 23 65 0.2913
12194 11 72 0.4488
12194 23 60 0.2205
12206 11 69 0.4094
12217 11 77 0.4488
12217 23 65 0.2913
12229 11 72 0.4016
12240 11 81 0.4331
12240 23 60 0.2283
12252 11 77 0.3937
12263 23 84 0.4961
12263 23 65 0.2913
12286 23 60 0.2283
12309 23 65 0.2598
12332 23 60 0.2283
12355 23 67 0.4646
12355 23 64 0.2913
12378 11 72 0.4646
12378 23 60 0.2283
12390 11 67 0.4173
12402 11 76 0.4646
12402 23 64 0.2913
12413 11 72 0.4094
12425 11 79 0.4488
12425 23 60 0.2205
12436 11 76 0.3937
12448 23 84 0.4961
12448 23 64 0.2913
12471 23 60 0.2126
12494 23 64 0.252
12517 23 60 0.2283
12540 23 81 0.6535
12540 46 64 0.378
12540 23 60 0.378
12563 23 79 0.5827
12563 23 55 0.3307
12586 11 77 0.622
12586 46 64 0.3543
12586 23 60 0.3543
12609 11 76 0.5748
12609 23 55 0.315
12632 23 76 0.6535
12632 46 65 0.378
12632 23 62 0.378
12655 23 74 0.5748
12655 23 55 0.3307
12678 11 72 0.622
12678 46 65 0.3543
12678 23 62 0.3543
12701 11 71 0.5748
12701 23 55 0.315
12724 13 72 0.6378
12724 92 64 0.4409
12724 92 60 0.4409
12736 13 67 0.5433
12747 13 69 0.5512
12759 13 71 0.5354
12770 13 72 0.5748
12782 13 74 0.5669
12793 13 76 0.5984
12805 13 77 0.5827
12816 13 79 0.6063
12828 13 81 0.5669
12840 13 83 0.6063
12851 11 84 0.5591
12863 11 79 0.5906
12886 11 79 0.5669
12909 46 64 0.3543
12909 46 55 0.3543
12920 11 79 0.4252
12932 11 81 0.4252
12943 11 79 0.4016
12955 46 62 0.3228
12955 46 55 0.3228
12966 11 77 0.4252
12978 11 79 0.4252
12989 11 77 0.4016
13001 46 60 0.3622
13001 46 55 0.3622
13012 11 76 0.4252
13024 11 77 0.4252
13035 11 76 0.3937
13047 46 59 0.3228
13047 46 55 0.3228
13059 11 74 0.4252
13070 11 76 0.4252
13082 11 74 0.4173
13093 13 72 0.622
13093 92 60 0.4567
13105 13 67 0.5669
13116 13 69 0.5984
13128 13 71 0.5748
13139 13 72 0.622
13151 13 74 0.5906
13162 13 76 0.6299
13174 13 77 0.5827
13185 13 79 0.6142
13197 13 81 0.5827
13208 13 83 0.622
13220 11 84 0.5669
13231 11 79 0.5906
13254 11 79 0.5669
13278 46 64 0.378
13278 46 55 0.378
13289 11 79 0.4252
13301 11 81 0.4252
13312 11 79 0.4016
13324 46 62 0.3543
13324 46 55 0.3543
13335 11 77 0.4252
13347 11 79 0.4252
13358 11 77 0.3937
13370 46 60 0.3701
13370 46 55 0.3701
13381 11 76 0.4252
13393 11 77 0.4252
13404 11 76 0.4016
13416 46 59 0.3543
13416 46 55 0.3543
13427 11 74 0.4252
13439 11 76 0.4252
13450 11 74 0.4016
13462 69 72 0.6378
13462 11 48 0.4567
13485 23 60 0.5039
13508 23 59 0.4409
13531 11 74 0.5748
13531 23 58 0.4409
13543 11 76 0.5354
13554 11 77 0.6457
13554 11 57 0.4646
13577 46 77 0.622
13577 23 57 0.4488
13600 23 55 0.4488
13623 11 79 0.5984
13623 23 53 0.4252
13635 11 81 0.5591
13646 23 79 0.6535
13646 23 52 0.4488
13669 23 76 0.6142
13692 11 84 0.6299
13692 23 48 0.4488
13715 11 84 0.622
13739 13 86 0.6299
13750 13 84 0.5591
13762 13 83 0.5984
13773 11 81 0.5591
13785 13 81 0.5591
13785 46 60 0.378
13785 46 48 0.378
13796 13 79 0.5276
13808 13 77 0.5354
13819 11 76 0.5039
13831 69 79 0.5354
13831 69 64 0.378
13831 92 55 0.378
13900 23 76 0.5276
13900 23 60 0.4252
13923 46 74 0.4803
13923 46 59 0.378
13946 23 43 0.5118
13969 23 47 0.5669
13992 23 50 0.5433
14015 23 73 0.4724
14015 23 55 0.3543
14038 23 74 0.4409
14038 23 59 0.3386
14061 11 72 0.4331
14061 23 62 0.3228
14073 11 71 0.4094
14084 11 69 0.4331
14096 11 67 0.4173
14107 23 73 0.4803
14107 23 55 0.3543
14130 23 74 0.4646
14130 23 59 0.3386
14153 11 72 0.4331
14153 23 62 0.3228
14165 11 71 0.4094
14177 11 69 0.4331
14188 11 67 0.4173
14200 23 75 0.5039
14200 23 55 0.3465
14223 23 76 0.4724
14223 23 60 0.315
14246 11 76 0.4961
14246 23 64 0.3386
14269 11 76 0.4488
14269 23 60 0.315
14292 46 76 0.4961
14292 23 55 0.3465
14315 23 60 0.315
14338 23 64 0.3386
14361 23 60 0.315
14372 11 69 0.5039
14384 69 81 0.6457
14384 23 54 0.4488
14407 23 57 0.4252
14430 23 60 0.3858
14453 7 79 0.5669
14461 7 78 0.5433
14469 7 76 0.5197
14476 23 74 0.6299
14476 23 54 0.4488
14499 11 86 0.5906
14499 23 57 0.4252
14522 11 86 0.6142
14522 23 60 0.4016
14545 11 86 0.5827
14568 57 86 0.6693
14568 23 55 0.4488
14591 23 59 0.4016
14615 11 62 0.4173
14626 11 83 0.5512
14638 11 86 0.5748
14638 11 62 0.3937
14649 11 83 0.5512
14661 46 79 0.5669
14661 23 55 0.4488
14684 23 59 0.3071
14707 11 62 0.3386
14730 11 62 0.2913
14753 23 73 0.4724
14753 23 55 0.3465
14776 23 74 0.4567
14776 23 59 0.3228
14799 11 72 0.4252
14799 23 62 0.3228
14810 11 71 0.4016
14822 11 69 0.4252
14834 11 67 0.4094
14845 11 73 0.4252
14845 23 55 0.3465
14857 11 74 0.4173
14868 11 76 0.4331
14868 23 59 0.3228
14880 11 74 0.4488
14891 11 72 0.4409
14891 23 62 0.3228
14903 11 71 0.4331
14914 11 69 0.4252
14926 11 67 0.4252
14937 23 75 0.5039
14937 23 55 0.3386
14960 23 76 0.4961
14960 23 60 0.315
14983 11 76 0.4961
14983 23 64 0.315
15006 11 76 0.4724
15006 23 60 0.315
15029 46 76 0.4961
15029 23 55 0.3543
15053 23 60 0.2992
15076 23 64 0.3307
15099 23 60 0.315
15122 13 81 0.6063
15122 184 54 0.4094
15122 184 57 0.4094
15122 184 60 0.4094
15122 184 62 0.4882
15133 13 83 0.5591
15145 13 84 0.6063
15156 13 83 0.5669
15168 13 81 0.6142
15179 13 79 0.5827
15191 13 78 0.6142
15202 13 76 0.5748
15214 13 74 0.5748
15225 13 78 0.5906
15237 13 81 0.6063
15248 13 79 0.5669
15260 13 78 0.5906
15272 13 76 0.5669
15283 13 74 0.5827
15295 13 72 0.5276
15306 23 71 0.6142
15306 15 55 0.4803
15321 15 59 0.4252
15337 15 67 0.4016
15352 5 74 0.5276
15352 15 57 0.4803
15358 5 72 0.4961
15364 5 74 0.5276
15368 15 60 0.4173
15369 5 72 0.4961
15375 11 71 0.5984
15383 15 67 0.3937
15387 11 72 0.5669
15398 23 74 0.6378
15398 15 59 0.4803
15414 15 62 0.4488
15429 15 67 0.3858
15444 15 55 0.4803
15460 15 59 0.378
15475 7 76 0.4173
15475 15 67 0.3543
15483 7 78 0.4173
15491 46 79 0.4803
15491 15 60 0.3386
15506 15 64 0.315
15521 15 67 0.2913
15537 34 79 0.4409
15537 15 60 0.3386
15552 15 64 0.315
15567 15 67 0.2992
15571 11 79 0.4252
15583 46 79 0.4409
15583 15 60 0.3386
15598 15 64 0.315
15613 15 67 0.2992
15629 11 78 0.4331
15629 15 60 0.3386
15640 11 76 0.4094
15644 15 64 0.3228
15652 11 74 0.4173
15660 15 67 0.3071
15663 11 72 0.4016
15675 23 71 0.6063
15675 15 55 0.4488
15690 15 59 0.3937
15706 15 67 0.3937
15721 5 74 0.5354
15721 15 57 0.4488
15727 5 72 0.4961
15733 5 74 0.5354
15736 15 60 0.4016
15738 5 72 0.4961
15744 11 71 0.5827
15752 15 67 0.378
15756 11 72 0.5669
15767 23 74 0.6457
15767 15 59 0.4488
15783 15 62 0.4094
15798 15 67 0.3622
15813 15 55 0.4488
15829 15 59 0.3937
15844 7 76 0.4173
15844 15 67 0.3701
15852 7 78 0.4016
15859 46 79 0.4803
15859 15 60 0.2992
15875 15 64 0.2835
15890 15 67 0.2835
15905 34 79 0.4331
15905 15 60 0.2992
15921 15 64 0.2835
15936 15 67 0.2835
15940 11 79 0.4252
15952 46 79 0.4331
15952 15 60 0.3543
15967 15 64 0.3386
15982 15 67 0.315
15998 11 78 0.4252
15998 15 60 0.3543
16009 11 76 0.4173
16013 15 64 0.3465
16021 11 74 0.4252
16028 15 67 0.3228
16032 11 72 0.3937
16044 11 71 0.622
16044 23 55 0.4803
16067 13 79 0.5512
16078 13 81 0.5669
16090 13 83 0.5984
16101 13 81 0.5669
16113 13 79 0.6063
16124 13 78 0.5669
16136 13 76 0.6063
16136 23 48 0.4803
16147 13 74 0.5669
16159 13 72 0.6063
16171 13 71 0.5669
16182 13 69 0.5827
16194 13 67 0.5669
16205 13 66 0.5906
16217 13 64 0.5433
16228 23 62 0.6378
16228 23 50 0.4961
16274 92 60 0.7008
16274 92 54 0.4961
16274 92 57 0.4961
16274 92 51 0.4961
16366 46 59 0.5669
16366 46 52 0.378
16366 46 55 0.378
16413 46 48 0.3386
16413 46 52 0.3386
16436 11 57 0.4331
16459 11 60 0.4331
16482 11 64 0.4173
16505 23 68 0.4331
16528 23 69 0.4173
16551 23 72 0.4331
16574 23 76 0.4252
16597 23 76 0.4961
16620 23 67 0.4331
16643 92 67 0.4331
16643 138 50 0.3465
16643 46 59 0.3465
16689 92 60 0.3465
16735 23 71 0.4409
16735 46 66 0.4409
16758 23 69 0.4252
16781 46 67 0.4252
16781 46 59 0.3622
16781 23 55 0.3622
16828 23 43 0.3465
16874 23 74 0.5906
16897 23 71 0.5276
16920 23 79 0.4252
16943 11 78 0.4173
16966 11 76 0.4016
16989 11 74 0.3858
17012 11 72 0.378
17035 11 71 0.3937
17058 23 69 0.4173
17104 23 71 0.4252
17150 23 74 0.4567
17173 23 73 0.4252
17196 23 72 0.4016
17196 92 62 0.315
17196 46 54 0.315
17242 23 71 0.4016
17242 46 55 0.3386
17266 23 72 0.4252
17289 23 74 0.4488
17312 11 75 0.4646
17335 5 78 0.378
17335 92 48 0.3386
17335 92 55 0.3386
17340 5 76 0.3858
17346 5 78 0.4016
17352 5 76 0.4252
17358 5 78 0.4409
17363 5 76 0.4567
17369 11 78 0.4567
17381 11 79 0.5354
17404 11 78 0.5039
17427 11 76 0.4961
17450 11 74 0.4646
17473 11 72 0.4724
17473 46 49 0.3386
17473 46 52 0.3386
17496 11 71 0.4409
17519 34 74 0.5039
17519 46 55 0.3386
17519 92 50 0.3386
17554 11 71 0.4646
17565 23 69 0.4331
17565 46 54 0.3228
17611 34 74 0.6772
17611 34 62 0.6063
17646 5 76 0.6378
17646 5 64 0.5512
17652 5 78 0.6142
17652 5 66 0.5197
17657 23 79 0.6772
17657 23 67 0.5591
17680 11 78 0.4882
17680 11 66 0.4409
17704 11 76 0.4882
17704 11 64 0.4409
17727 11 74 0.4567
17727 11 62 0.4094
17750 11 72 0.4882
17750 11 60 0.4409
17773 11 71 0.4488
17773 11 59 0.4094
17796 23 69 0.4961
17796 23 57 0.4488
17842 23 71 0.5512
17842 23 59 0.4882
17888 23 72 0.5669
17888 23 60 0.5276
17934 23 73 0.6142
17934 23 61 0.5118
17980 23 74 0.6299
17980 23 62 0.5512
18026 23 75 0.6535
18026 23 63 0.5197
18072 34 76 0.7087
18072 46 64 0.5669
18107 11 64 0.6457
18118 34 72 0.5669
18118 46 48 0.3386
18118 46 57 0.3386
18153 11 69 0.5669
18165 46 67 0.5433
18165 92 50 0.3386
18165 46 59 0.3386
18205 5 71 0.4488
18211 46 66 0.4961
18211 46 69 0.4961
18211 46 60 0.3386
18257 46 67 0.5591
18257 23 55 0.4724
18280 23 59 0.3937
18303 23 62 0.4252
18314 11 79 0.5827
18326 11 81 0.6063
18326 23 59 0.378
18337 11 79 0.5748
18349 11 76 0.6142
18349 23 55 0.4409
18360 11 79 0.5827
18372 11 81 0.6063
18372 23 60 0.3543
18384 11 79 0.5827
18395 11 84 0.6378
18395 23 64 0.3858
18407 11 79 0.5984
18418 11 76 0.6142
18418 23 60 0.3701
18430 11 72 0.5748
18441 11 79 0.6535
18441 23 55 0.4409
18464 11 79 0.6378
18464 23 59 0.3937
18487 23 62 0.4252
18499 11 79 0.5748
18510 11 81 0.6063
18510 23 59 0.3701
18522 11 79 0.5748
18533 11 76 0.6142
18533 23 55 0.4409
18545 11 79 0.5827
18556 11 81 0.5984
18556 23 60 0.3937
18568 11 79 0.5827
18579 11 84 0.6378
18579 23 64 0.4252
18591 11 79 0.5906
18603 11 76 0.6063
18603 23 60 0.3858
18614 11 72 0.5748
18626 11 79 0.6614
18626 46 62 0.4409
18626 46 59 0.4409
18626 46 55 0.4409
18649 11 79 0.6457
18672 46 72 0.3228
18683 11 74 0.4331
18695 11 78 0.4331
18706 11 74 0.4173
18718 11 79 0.4646
18718 46 71 0.3465
18741 11 79 0.4646
18764 46 72 0.3386
18775 11 74 0.4252
18787 11 78 0.4252
18798 11 74 0.4094
18810 11 79 0.4646
18810 46 71 0.3543
18833 11 79 0.4646
18856 11 66 0.4094
18868 11 74 0.5276
18879 11 81 0.5591
18879 11 66 0.4252
18891 11 74 0.5433
18902 11 83 0.5906
18902 11 67 0.4488
18914 11 74 0.5748
18925 11 83 0.622
18925 11 67 0.4724
18937 11 74 0.5984
18948 11 84 0.6535
18948 11 69 0.4882
18960 11 74 0.6378
18971 11 84 0.6929
18971 11 69 0.5118
18983 11 74 0.6614
18994 23 86 0.7165
18994 46 71 0.5276
19017 23 83 0.622
19041 23 79 0.6614
19064 23 83 0.5748
19087 23 74 0.6142
19110 23 79 0.5512
19133 23 71 0.5669
19156 23 74 0.5354
19179 23 69 0.4724
19202 23 76 0.4961
19225 11 74 0.4961
19225 46 48 0.3465
19225 46 52 0.3465
19225 46 57 0.3465
19236 11 72 0.4724
19248 11 71 0.4961
19260 11 69 0.4724
19271 46 67 0.4961
19271 92 50 0.3465
19271 46 59 0.3465
19271 46 55 0.3465
19317 7 67 0.4961
19317 46 57 0.3465
19317 46 60 0.3465
19325 7 66 0.4724
19333 7 67 0.4961
19340 7 66 0.4724
19348 7 64 0.4961
19356 7 66 0.4724
19363 46 67 0.6063
19363 23 55 0.4016
19386 23 59 0.3622
19409 23 62 0.4252
19421 11 79 0.5827
19432 11 81 0.6063
19432 23 59 0.3858
19444 11 79 0.5906
19455 11 76 0.6378
19455 23 55 0.4252
19467 11 79 0.5906
19479 11 81 0.622
19479 23 60 0.3937
19490 11 79 0.5906
19502 11 84 0.6378
19502 23 64 0.4252
19513 11 79 0.6142
19525 11 76 0.622
19525 23 60 0.3937
19536 11 72 0.5906
19548 11 79 0.6614
19548 23 55 0.4567
19571 11 79 0.6378
19571 23 59 0.3937
19594 23 62 0.4252
19605 11 79 0.5906
19617 11 81 0.6063
19617 23 59 0.4252
19628 11 79 0.5748
19640 11 76 0.6378
19640 23 55 0.4252
19651 11 79 0.5906
19663 11 81 0.6142
19663 23 60 0.3937
19674 11 79 0.6063
19686 11 84 0.6378
19686 23 64 0.4252
19698 11 79 0.5984
19709 11 76 0.6142
19709 23 60 0.3937
19721 11 72 0.5906
19732 11 79 0.6614
19732 46 62 0.4567
19732 46 59 0.4567
19732 46 55 0.4567
19755 11 79 0.6457
19778 46 72 0.3386
19790 11 74 0.4252
19801 11 78 0.4252
19813 11 74 0.3937
19824 11 79 0.4409
19824 46 71 0.3543
19847 11 79 0.4488
19870 46 72 0.3386
19882 11 74 0.4252
19893 11 78 0.4252
19905 11 74 0.3937
19917 11 79 0.4488
19917 46 71 0.3543
19940 11 79 0.4488
19963 11 66 0.378
19974 11 74 0.5276
19986 11 81 0.5591
19986 11 66 0.4016
19997 11 74 0.5197
20009 11 83 0.5906
20009 11 67 0.4252
20020 11 74 0.5748
20032 11 83 0.6378
20032 11 67 0.4488
20043 11 74 0.6063
20055 11 84 0.6614
20055 11 69 0.4803
20066 11 74 0.6457
20078 11 84 0.7087
20078 11 69 0.5039
20089 11 74 0.6693
20101 11 86 0.7402
20101 46 71 0.5276
20112 11 83 0.6693
20124 11 86 0.7008
20136 11 83 0.6535
20147 11 79 0.685
20159 11 83 0.6378
20170 11 79 0.6693
20182 11 83 0.6378
20193 11 74 0.6772
20205 11 79 0.6299
20216 11 74 0.6378
20228 11 79 0.5827
20239 11 71 0.5748
20251 11 74 0.5354
20262 11 71 0.5354
20274 11 74 0.4961
20285 11 69 0.4252
20297 11 76 0.4016
20308 11 75 0.4252
20320 11 76 0.4094
20331 11 74 0.4252
20331 46 57 0.3465
20331 46 52 0.3465
20331 46 48 0.3465
20343 11 72 0.4016
20355 11 71 0.4252
20366 11 69 0.4094
20378 46 67 0.4961
20378 46 59 0.3465
20378 92 50 0.3465
20378 46 55 0.3465
20424 7 67 0.4961
20424 46 60 0.3465
20424 46 57 0.3465
20431 7 66 0.4646
20439 7 67 0.4961
20447 7 66 0.4646
20454 7 64 0.4961
20462 7 66 0.4724
20470 34 67 0.6772
20470 34 55 0.6142
20504 11 62 0.6378
20504 11 50 0.5669
20516 34 71 0.6772
20516 34 59 0.6142
20550 11 67 0.6378
20550 11 55 0.5669
20562 23 74 0.685
20562 23 62 0.6063
20608 13 81 0.4252
20620 13 79 0.4016
20631 13 78 0.4252
20643 13 76 0.4094
20654 23 74 0.4488
20654 23 50 0.3228
20654 23 55 0.3228
20654 23 59 0.3228
20700 13 76 0.4252
20712 13 74 0.4016
20723 13 72 0.4252
20735 13 71 0.4016
20746 23 69 0.4488
20746 23 50 0.3228
20746 23 60 0.3228
20746 23 54 0.3228
20792 13 74 0.4409
20804 13 72 0.4409
20816 13 71 0.4409
20827 13 69 0.4173
20839 11 67 0.6614
20839 11 55 0.5669
20850 11 62 0.6299
20850 11 50 0.5276
20862 11 67 0.6614
20862 11 55 0.5669
20873 11 62 0.6299
20873 11 50 0.5276
20885 11 71 0.6614
20885 11 59 0.5669
20896 11 67 0.6299
20896 11 55 0.5276
20908 11 71 0.6614
20908 11 59 0.5669
20919 11 67 0.6299
20919 11 55 0.5197
20931 23 74 0.6614
20931 23 62 0.5669
20977 13 81 0.4331
20988 13 79 0.4094
21000 13 78 0.4331
21011 13 76 0.4094
21023 11 74 0.4567
21023 23 50 0.3543
21023 23 59 0.3543
21023 23 55 0.3543
21046 11 74 0.4567
21069 13 76 0.4252
21081 13 74 0.4016
21092 13 72 0.4252
21104 13 71 0.3937
21115 11 69 0.4488
21115 23 54 0.3543
21115 23 50 0.3543
21115 23 60 0.3543
21138 11 69 0.4488
21161 13 74 0.4331
21173 13 72 0.4173
21184 13 71 0.4331
21196 13 69 0.4094
21207 46 67 0.4567
21207 46 55 0.3622
21207 46 59 0.3622
21254 23 62 0.4252
21254 23 71 0.4252
21254 23 55 0.3622
21300 23 59 0.4409
21300 23 67 0.4409
21300 23 43 0.3622
21392 69 74 0.4016
21392 23 67 0.315
21415 23 71 0.2835
21438 23 67 0.2835
21461 23 75 0.4173
21461 23 71 0.2441
21484 23 76 0.4252
21484 23 67 0.315
21507 23 78 0.4331
21507 23 71 0.2835
21530 23 79 0.4409
21530 23 65 0.315
21553 23 71 0.4173
21553 23 68 0.2835
21576 23 74 0.4252
21576 23 64 0.315
21599 23 72 0.4173
21599 23 67 0.2835
21622 23 64 0.2992
21645 23 71 0.4016
21645 23 67 0.252
21668 23 72 0.4252
21668 23 64 0.315
21692 23 74 0.4331
21692 23 67 0.2835
21715 23 76 0.4409
21715 23 62 0.315
21738 23 68 0.3937
21738 23 65 0.2835
21761 23 71 0.4252
21761 23 60 0.315
21784 23 69 0.4016
21784 23 64 0.2756
21807 23 60 0.315
21830 23 68 0.4016
21830 23 64 0.2756
21853 23 69 0.4252
21853 23 60 0.315
21876 23 71 0.4252
21876 23 64 0.2756
21899 23 72 0.4409
21899 23 60 0.315
21922 23 66 0.3937
21922 23 63 0.2756
21945 23 69 0.4252
21945 23 59 0.2992
21968 23 67 0.4016
21968 23 62 0.2756
21991 23 76 0.5669
21991 23 60 0.2992
22014 23 66 0.4252
22014 23 62 0.2756
22037 23 69 0.4409
22037 23 59 0.2992
22060 23 67 0.4016
22060 23 62 0.2756
22083 23 76 0.5669
22083 23 60 0.2992
22106 23 66 0.4016
22106 23 62 0.2756
22130 23 69 0.4331
22130 23 59 0.2992
22153 23 67 0.3937
22153 23 62 0.2756
22176 23 75 0.5591
22176 23 60 0.2992
22199 23 66 0.4016
22199 23 63 0.2756
22222 23 69 0.4331
22222 23 59 0.2992
22245 23 67 0.4016
22245 23 62 0.2835
22268 23 75 0.5276
22268 23 60 0.2992
22291 23 66 0.3858
22291 23 63 0.2756
22314 23 67 0.5669
22314 92 59 0.3386
22314 92 62 0.3386
22337 13 69 0.5039
22349 13 71 0.5118
22360 13 72 0.5276
22372 13 74 0.5354
22383 13 76 0.5433
22395 13 78 0.5591
22406 13 79 0.5669
22418 13 81 0.5512
22429 13 83 0.5827
22441 13 78 0.5669
22452 13 79 0.5748
22464 13 74 0.5433
22475 13 76 0.5591
22487 13 71 0.5354
22498 92 74 0.6378
22498 23 50 0.4252
22521 23 59 0.3937
22544 23 55 0.4252
22568 23 59 0.3937
22591 8 74 0.4646
22591 23 50 0.4252
22599 8 72 0.4252
22608 8 74 0.4646
22614 23 57 0.3858
22616 8 72 0.4252
22625 8 74 0.4646
22634 8 72 0.4252
22637 23 54 0.4252
22642 8 74 0.4646
22651 8 72 0.4252
22660 11 71 0.4961
22660 23 57 0.3937
22671 11 72 0.4646
22683 92 71 0.5197
22683 23 55 0.3622
22706 23 59 0.3386
22729 23 62 0.3543
22752 23 59 0.315
22775 46 55 0.3937
22792 5 69 0.2992
22798 11 67 0.378
22810 11 66 0.3465
22821 5 67 0.4016
22844 5 71 0.4016
22867 46 76 0.4331
22867 23 55 0.315
22890 23 59 0.252
22913 46 74 0.4016
22913 23 62 0.2835
22936 23 59 0.2441
22959 46 55 0.315
22977 5 72 0.2913
22982 11 71 0.378
22994 11 69 0.3543
23005 5 71 0.4252
23029 5 74 0.4252
23052 46 79 0.5039
23052 23 55 0.315
23075 23 59 0.2835
23098 46 77 0.4409
23098 23 62 0.315
23121 23 59 0.2992
23144 46 55 0.3465
23161 5 76 0.4252
23167 11 74 0.5276
23178 11 73 0.4803
23190 5 74 0.5591
23213 5 77 0.5827
23236 23 84 0.5906
23236 46 56 0.5039
23259 46 83 0.5591
23282 46 59 0.5039
23305 46 86 0.6378
23328 46 62 0.5433
23351 46 80 0.5748
23374 46 65 0.5118
23397 46 83 0.6378
23420 46 59 0.5433
23443 46 74 0.6142
23467 46 57 0.4961
23490 46 77 0.6614
23513 46 56 0.5276
23536 46 76 0.6378
23559 46 64 0.4961
23582 23 74 0.5669
23605 109 72 0.4803
23605 23 57 0.2992
23628 23 60 0.2756
23651 23 64 0.2756
23674 23 60 0.2756
23697 23 57 0.2992
23714 5 74 0.3622
23720 11 72 0.4252
23720 23 60 0.2756
23732 11 71 0.378
23743 23 72 0.4252
23743 23 65 0.2756
23766 11 74 0.4173
23766 23 60 0.2756
23789 92 72 0.4409
23789 23 57 0.2992
23812 23 62 0.2756
23835 23 65 0.2756
23858 23 62 0.2756
23881 8 72 0.4252
23881 23 55 0.3386
23890 8 70 0.3858
23899 8 72 0.4331
23905 23 60 0.3071
23907 8 70 0.3937
23916 8 72 0.4331
23925 8 70 0.3858
23928 23 64 0.3071
23933 8 72 0.4331
23942 8 70 0.4016
23951 11 69 0.4646
23951 23 60 0.3071
23962 11 70 0.4252
23974 23 69 0.5354
23974 23 53 0.378
23997 46 72 0.5591
23997 23 60 0.3071
24020 23 65 0.4252
24043 46 77 0.5984
24043 23 60 0.3386
24066 23 53 0.4252
24089 46 81 0.6063
24089 23 57 0.378
24112 23 62 0.4646
24135 23 82 0.6142
24135 23 57 0.4016
24158 92 81 0.6535
24158 23 52 0.4646
24181 23 57 0.3622
24204 23 61 0.4016
24227 23 57 0.3543
24250 46 79 0.6063
24250 23 52 0.4409
24273 23 57 0.3543
24296 23 61 0.3937
24319 23 57 0.3543
24343 69 79 0.5512
24343 23 50 0.2835
24366 23 57 0.252
24389 23 60 0.252
24412 23 78 0.4803
24412 23 57 0.252
24435 23 77 0.4488
24435 23 50 0.2835
24458 23 55 0.2598
24481 23 59 0.2598
24504 23 55 0.2598
24527 69 77 0.4803
24527 23 48 0.2992
24550 23 55 0.2835
24573 23 60 0.2835
24596 23 76 0.4331
24596 23 55 0.2835
24619 23 75 0.4252
24619 23 48 0.2992
24642 23 55 0.2677
24665 23 60 0.2677
24688 23 55 0.2677
24711 23 75 0.4961
24711 23 53 0.3386
24734 23 74 0.4724
24734 23 56 0.2992
24757 11 74 0.4488
24757 23 60 0.2992
24781 11 74 0.4724
24781 23 56 0.2992
24804 46 74 0.4724
24804 23 53 0.3386
24827 23 56 0.2992
24850 46 74 0.4724
24850 23 60 0.2992
24873 23 56 0.2992
24896 40 74 0.4882
24896 23 54 0.3386
24919 23 57 0.3543
24936 5 77 0.5039
24942 86 75 0.5669
24942 23 60 0.378
24965 23 57 0.3543
24988 23 54 0.3386
25011 23 57 0.3071
25028 5 74 0.4488
25034 46 72 0.4961
25034 23 60 0.3071
25057 23 57 0.3071
25080 23 71 0.4252
25080 46 55 0.3071
25103 23 79 0.4252
25126 46 55 0.3228
25149 23 79 0.4409
25172 46 57 0.3543
25172 46 55 0.3543
25195 23 78 0.4488
25218 46 59 0.3622
25218 46 55 0.3622
25242 23 77 0.4724
25265 23 77 0.5039
25265 46 60 0.3937
25265 46 55 0.3937
25288 23 76 0.4803
25311 46 67 0.378
25311 46 55 0.378
25334 23 75 0.4646
25357 46 65 0.3622
25357 46 55 0.3622
25380 23 74 0.4409
25403 46 63 0.3465
25403 46 55 0.3465
25426 23 72 0.4252
25449 23 72 0.4724
25449 46 62 0.3543
25449 46 55 0.3543
25472 23 71 0.4252
25495 46 59 0.378
25495 46 55 0.378
25507 11 79 0.4409
25518 11 81 0.4724
25530 11 79 0.4331
25541 46 57 0.4016
25541 46 55 0.4016
25553 11 78 0.4803
25564 11 79 0.5197
25576 11 78 0.4724
25587 46 59 0.4252
25587 46 55 0.4252
25599 11 77 0.4961
25610 11 79 0.5512
25622 11 77 0.5118
25633 46 60 0.4488
25633 46 55 0.4488
25645 11 76 0.5748
25656 11 77 0.5984
25668 11 76 0.5591
25680 46 67 0.4803
25680 46 55 0.4803
25691 11 75 0.5748
25703 11 77 0.6299
25714 11 75 0.5748
25726 46 65 0.5039
25726 46 55 0.5039
25737 11 74 0.622
25749 11 75 0.6535
25760 11 74 0.622
25772 46 63 0.5276
25772 46 54 0.5276
25783 11 72 0.6457
25795 11 74 0.685
25806 11 72 0.6772
25818 11 71 0.6929
25818 46 55 0.5591
25818 46 62 0.5591
25835 5 72 0.5591
25841 11 71 0.5906
25852 11 69 0.5906
25864 23 71 0.622
25887 11 72 0.5984
25910 11 74 0.622
25927 5 76 0.5354
25933 11 74 0.5669
25945 11 73 0.5669
25956 23 74 0.622
25979 11 76 0.622
26002 46 77 0.5748
26002 46 62 0.2992
26002 46 55 0.2992
26060 11 79 0.4252
26071 11 76 0.4409
26071 23 61 0.2992
26083 11 79 0.4252
26094 46 77 0.4252
26094 46 62 0.2992
26094 46 55 0.2992
26152 11 79 0.4173
26164 11 76 0.4409
26164 23 61 0.2992
26175 11 79 0.4173
26187 46 77 0.4173
26187 46 62 0.2992
26187 46 55 0.2992
26244 11 79 0.4331
26256 11 76 0.4488
26256 23 61 0.315
26267 11 79 0.4803
26279 11 77 0.4961
26279 46 55 0.3543
26279 23 62 0.3543
26290 11 79 0.5197
26302 11 76 0.5512
26302 23 61 0.3858
26313 11 79 0.5354
26325 11 77 0.5906
26325 46 55 0.4252
26325 23 62 0.4252
26337 11 79 0.5748
26348 11 76 0.6378
26348 23 61 0.4646
26360 11 79 0.622
26371 23 77 0.6772
26371 92 62 0.4961
26371 92 55 0.4961
26394 11 76 0.5669
26417 11 74 0.6063
26440 11 72 0.5669
26463 11 71 0.4724
26486 11 72 0.4882
26486 11 57 0.4252
26509 11 74 0.4646
26509 11 59 0.4252
26532 11 76 0.4409
26532 11 60 0.4252
26556 11 77 0.4882
26556 11 62 0.4094
26579 11 76 0.4488
26579 11 60 0.4331
26602 11 74 0.4803
26602 11 59 0.4646
26625 11 76 0.5039
26625 11 60 0.4882
26648 11 77 0.5276
26648 11 62 0.5118
26671 11 76 0.5591
26671 11 61 0.5276
26694 11 77 0.5748
26694 11 62 0.5591
26717 11 78 0.6063
26717 11 63 0.5748
26740 23 79 0.6772
26740 23 64 0.3937
26763 23 60 0.3543
26786 69 79 0.6457
26786 23 64 0.4016
26809 23 60 0.3543
26832 23 64 0.4016
26855 11 77 0.5591
26855 23 60 0.315
26867 11 76 0.5433
26878 11 76 0.5512
26878 23 64 0.3543
26890 11 74 0.5197
26901 11 72 0.5276
26901 23 60 0.3386
26913 11 71 0.5197
26924 8 74 0.4094
26924 23 64 0.4016
26933 8 72 0.4016
26942 8 74 0.4331
26947 23 60 0.3543
26950 8 72 0.4094
26959 8 74 0.4488
26968 8 72 0.4173
26970 23 64 0.4016
26976 8 74 0.4646
26985 8 72 0.4567
26994 11 74 0.4882
26994 23 60 0.315
27005 11 76 0.5276
27017 46 67 0.5591
27017 23 64 0.3622
27040 23 60 0.2441
27063 23 64 0.2756
27086 23 60 0.2441
27109 11 79 0.6772
27109 23 64 0.4016
27132 11 79 0.6142
27132 23 60 0.2835
27155 69 79 0.5984
27155 23 64 0.3386
27178 23 60 0.2835
27201 23 64 0.3386
27224 11 77 0.5039
27224 23 60 0.2835
27236 11 76 0.4803
27247 11 76 0.5039
27247 23 65 0.315
27259 11 74 0.4803
27270 11 72 0.4803
27270 23 60 0.2835
27282 11 71 0.4724
27293 8 74 0.378
27293 23 64 0.2992
27302 8 72 0.3858
27310 8 74 0.3937
27316 23 60 0.2677
27319 8 72 0.3858
27328 8 74 0.4094
27336 8 72 0.3937
27339 23 64 0.3071
27345 8 74 0.4331
27354 8 72 0.4094
27362 11 74 0.4488
27362 23 60 0.2598
27374 11 76 0.4803
27385 46 67 0.5118
27385 23 64 0.2992
27408 23 60 0.2362
27431 23 64 0.2598
27455 23 60 0.2283
27478 11 69 0.4409
27478 23 65 0.2677
27501 11 72 0.4252
27501 23 60 0.2283
27524 11 77 0.4409
27524 23 65 0.2677
27547 11 81 0.4252
27547 23 60 0.2362
27570 11 84 0.5197
27570 23 65 0.2677
27593 11 89 0.5512
27593 23 60 0.2362
27616 23 65 0.2677
27639 23 60 0.2362
27662 11 67 0.4567
27662 23 64 0.2835
27685 11 72 0.4409
27685 23 60 0.252
27708 11 76 0.4567
27708 23 64 0.2835
27731 11 79 0.4331
27731 23 60 0.2362
27754 11 84 0.5197
27754 23 64 0.2835
27777 11 88 0.5827
27777 23 60 0.2362
27800 23 64 0.2835
27823 23 60 0.2362
27835 11 67 0.4961
27846 138 79 0.6614
27846 46 64 0.4488
27846 23 60 0.4488
27869 23 55 0.3937
27893 46 64 0.4488
27893 23 60 0.4488
27916 23 55 0.3937
27939 46 62 0.4252
27939 23 59 0.4252
27962 23 55 0.3622
27985 5 79 0.5354
27985 46 62 0.4016
27985 23 59 0.4016
27991 5 77 0.5039
27996 5 79 0.5354
28002 5 76 0.5039
28008 11 76 0.6063
28008 23 55 0.3465
28019 11 77 0.5748
28031 46 75 0.6142
28031 23 60 0.378
28054 23 48 0.3543
28077 46 76 0.5906
28077 23 52 0.378
28100 23 55 0.3543
28123 23 60 0.4488
28146 23 64 0.378
28169 23 67 0.4094
28192 23 64 0.378
28215 11 69 0.4803
28215 23 65 0.2913
28227 11 72 0.4488
28238 11 74 0.4803
28238 23 60 0.2205
28250 11 76 0.4409
28261 11 77 0.4803
28261 23 65 0.2913
28273 11 79 0.4567
28284 11 81 0.4803
28284 23 60 0.2283
28296 11 83 0.4488
28307 23 84 0.5669
28307 23 65 0.2913
28331 23 60 0.2126
28354 23 65 0.252
28377 23 60 0.2283
28400 11 67 0.4961
28400 23 64 0.2913
28411 11 72 0.4567
28423 11 74 0.4961
28423 23 60 0.2283
28434 11 76 0.4409
28446 11 77 0.4961
28446 23 64 0.2913
28457 11 79 0.4567
28469 11 81 0.4961
28469 23 60 0.2205
28480 11 83 0.4567
28492 23 84 0.5669
28492 23 64 0.2913
28515 23 60 0.2126
28538 23 64 0.2598
28561 23 60 0.2283
28584 23 81 0.6693
28584 46 64 0.4016
28584 23 60 0.4016
28607 23 79 0.622
28607 23 55 0.3543
28630 11 77 0.6457
28630 46 64 0.4016
28630 23 60 0.4016
28653 11 76 0.6142
28653 23 55 0.3543
28676 23 76 0.6693
28676 46 65 0.4016
28676 23 62 0.4016
28699 23 74 0.5827
28699 23 55 0.3386
28722 11 72 0.6063
28722 46 65 0.378
28722 23 62 0.378
28745 11 71 0.5984
28745 23 55 0.3543
28769 13 72 0.6063
28769 92 64 0.4409
28769 92 60 0.4409
28780 13 67 0.5354
28792 13 69 0.5669
28803 13 71 0.5512
28815 13 72 0.5906
28826 13 74 0.5748
28838 13 76 0.6142
28849 13 77 0.5984
28861 13 79 0.6299
28872 13 81 0.6063
28884 13 83 0.6142
28895 13 84 0.5906
28907 11 79 0.6378
28930 11 79 0.622
28953 46 64 0.3622
28953 46 55 0.3622
28964 11 79 0.4252
28976 11 81 0.4488
28988 11 79 0.4252
28999 46 62 0.315
28999 46 55 0.315
29011 11 77 0.4252
29022 11 79 0.4488
29034 11 77 0.4252
29045 46 60 0.3622
29045 46 55 0.3622
29057 11 76 0.4252
29068 11 77 0.4409
29080 11 76 0.4252
29091 46 59 0.3307
29091 46 55 0.3307
29103 11 74 0.4252
29114 11 76 0.4409
29126 11 74 0.4252
29137 13 72 0.6535
29137 92 60 0.4567
29149 13 67 0.5984
29160 13 69 0.622
29172 13 71 0.5906
29183 13 72 0.6378
29195 13 74 0.622
29207 13 76 0.6457
29218 13 77 0.6142
29230 13 79 0.6378
29241 13 81 0.5984
29253 13 83 0.6299
29264 13 84 0.5906
29276 11 79 0.6457
29299 11 79 0.6299
29322 46 64 0.3622
29322 46 55 0.3622
29333 11 79 0.4252
29345 11 81 0.4409
29356 11 79 0.4252
29368 46 62 0.3307
29368 46 55 0.3307
29379 11 77 0.4252
29391 11 79 0.4409
29402 11 77 0.4252
29414 46 60 0.3543
29414 46 55 0.3543
29426 11 76 0.4252
29437 11 77 0.4409
29449 11 76 0.4252
29460 46 59 0.3543
29460 46 55 0.3543
29472 11 74 0.4252
29483 11 76 0.4252
29495 11 74 0.4252
29506 11 72 0.6378
29506 11 48 0.4882
29529 46 72 0.6378
29529 23 60 0.5354
29552 23 59 0.4646
29575 11 74 0.5748
29575 23 58 0.4646
29587 11 76 0.5512
29598 11 77 0.6457
29598 11 57 0.4961
29621 46 77 0.622
29621 23 57 0.5276
29645 23 55 0.4803
29668 11 79 0.5984
29668 23 53 0.4803
29679 11 81 0.5984
29691 23 79 0.6535
29691 23 52 0.4724
29714 23 76 0.6299
29737 11 84 0.6535
29737 23 48 0.4724
29760 11 84 0.6299
29783 13 86 0.6614
29794 13 84 0.5984
29806 13 83 0.6142
29817 11 81 0.5748
29829 13 81 0.5748
29829 46 60 0.4016
29829 46 48 0.4016
29840 13 79 0.5197
29852 13 77 0.5354
29863 11 76 0.5039
29875 69 79 0.5354
29875 69 64 0.4016
29875 92 55 0.4016
29944 23 76 0.5433
29944 23 60 0.4252
29967 46 74 0.5276
29967 46 59 0.4252
29990 23 43 0.5591
30013 23 47 0.5669
30036 23 50 0.5433
30059 23 73 0.4724
30059 23 55 0.3543
30082 23 74 0.4409
30082 23 59 0.3307
30106 11 72 0.4331
30106 23 62 0.315
30117 11 71 0.4094
30129 11 69 0.4331
30140 11 67 0.4173
30152 23 73 0.4803
30152 23 55 0.3543
30175 23 74 0.4646
30175 23 59 0.3386
30198 11 72 0.4331
30198 23 62 0.3228
30209 11 71 0.4252
30221 11 69 0.4331
30232 11 67 0.4173
30244 23 75 0.5039
30244 23 55 0.3465
30267 23 76 0.4803
30267 23 60 0.315
30290 11 76 0.4961
30290 23 64 0.3386
30313 11 76 0.4646
30313 23 60 0.3228
30336 46 76 0.4961
30336 23 55 0.3465
30359 23 60 0.315
30382 23 64 0.3386
30405 23 60 0.315
30417 11 69 0.4724
30428 69 81 0.685
30428 23 54 0.4488
30451 23 57 0.4016
30474 23 60 0.4252
30497 7 79 0.5984
30505 7 78 0.5669
30513 7 76 0.5984
30520 23 74 0.6614
30520 23 54 0.4488
30544 11 86 0.6457
30544 23 57 0.4016
30567 11 86 0.6457
30567 23 60 0.4252
30590 11 86 0.622
30613 57 86 0.7087
30613 23 53 0.4488
30636 23 57 0.4094
30659 23 59 0.4488
30670 11 83 0.5827
30682 11 86 0.6063
30682 23 62 0.4094
30693 11 83 0.5984
30705 23 79 0.6063
30705 46 65 0.4882
30728 23 71 0.4252
30728 23 74 0.4252
30751 23 72 0.4252
30751 23 76 0.4252
30751 23 64 0.3386
30774 23 74 0.3937
30774 23 77 0.3937
30774 23 62 0.3543
30797 23 78 0.4724
30797 23 60 0.3465
30820 23 79 0.4567
30820 23 64 0.3071
30843 11 77 0.4252
30843 23 67 0.3228
30855 11 76 0.4016
30866 11 74 0.4252
30878 11 72 0.4094
30889 11 78 0.4252
30889 23 60 0.3465
30901 11 79 0.4173
30912 11 81 0.4331
30912 23 64 0.3071
30924 11 79 0.4488
30935 11 77 0.4409
30935 23 67 0.3228
30947 11 76 0.4331
30958 11 74 0.4252
30970 11 72 0.4252
30982 23 80 0.4882
30982 23 60 0.3386
31005 23 81 0.4409
31005 23 65 0.2913
31028 11 81 0.4724
31028 23 69 0.315
31051 11 81 0.4409
31051 23 65 0.2992
31074 46 81 0.4961
31074 23 60 0.3543
31097 23 65 0.3071
31120 23 69 0.3228
31143 23 65 0.315
31166 13 86 0.6378
31166 184 59 0.4882
31166 184 62 0.4882
31166 184 65 0.4882
31166 184 67 0.4882
31177 13 88 0.6063
31189 13 89 0.6378
31201 13 88 0.6063
31212 13 86 0.622
31224 13 84 0.5748
31235 13 83 0.6063
31247 13 81 0.5906
31258 13 79 0.6142
31270 13 83 0.5748
31281 13 86 0.6378
31293 13 84 0.5827
31304 13 83 0.6378
31316 13 81 0.5906
31327 13 79 0.6378
31339 13 77 0.5984
31350 23 76 0.6772
31350 15 60 0.4803
31366 15 64 0.4488
31381 15 72 0.4173
31396 5 79 0.5591
31396 15 62 0.4803
31402 5 77 0.5197
31408 5 79 0.5591
31412 15 65 0.4488
31414 5 77 0.5276
31420 11 76 0.6378
31427 15 72 0.4173
31431 11 77 0.622
31443 23 79 0.7008
31443 15 64 0.4803
31458 15 67 0.4488
31473 15 72 0.4173
31489 15 60 0.4803
31504 15 64 0.378
31519 7 81 0.4173
31519 15 72 0.378
31527 7 83 0.3858
31535 46 84 0.4803
31535 15 65 0.3386
31550 15 69 0.315
31566 15 72 0.2992
31581 34 84 0.4409
31581 15 65 0.3386
31596 15 69 0.315
31612 15 72 0.3071
31615 11 84 0.4252
31627 46 84 0.4409
31627 15 65 0.3386
31642 15 69 0.3228
31658 15 72 0.315
31673 11 83 0.4331
31673 15 65 0.3386
31685 11 81 0.3937
31688 15 69 0.3228
31696 11 79 0.4173
31704 15 72 0.315
31708 11 77 0.4016
31719 23 76 0.6142
31719 15 60 0.4488
31735 15 64 0.4331
31750 15 72 0.3937
31765 5 79 0.5669
31765 15 62 0.4488
31771 5 77 0.5354
31777 5 79 0.5669
31781 15 65 0.4252
31783 5 77 0.5354
31788 11 76 0.6457
31796 15 72 0.4016
31800 11 77 0.622
31811 23 79 0.685
31811 15 64 0.4488
31827 15 67 0.4252
31842 15 72 0.4016
31858 15 60 0.4488
31873 15 64 0.4252
31888 7 81 0.4173
31888 15 72 0.3858
31896 7 83 0.378
31904 46 84 0.4803
31904 15 65 0.2992
31919 15 69 0.2835
31934 15 72 0.2835
31950 34 84 0.4331
31950 15 65 0.2992
31965 15 69 0.2835
31980 15 72 0.2835
31984 11 84 0.4094
31996 46 84 0.4331
31996 15 65 0.3386
32011 15 69 0.3071
32027 15 72 0.3071
32042 11 83 0.4252
32042 15 65 0.3386
32053 11 81 0.4094
32057 15 69 0.315
32065 11 79 0.4252
32073 15 72 0.315
32076 11 77 0.4173
32088 11 76 0.6535
32088 23 60 0.5039
32111 13 84 0.6142
32123 13 86 0.6142
32134 13 88 0.6378
32146 13 86 0.6142
32157 13 84 0.6378
32169 13 83 0.6142
32180 13 81 0.6378
32180 23 53 0.5039
32192 13 79 0.6142
32203 13 77 0.6378
32215 13 76 0.5984
32226 13 74 0.6378
32238 13 72 0.5984
32249 13 71 0.6378
32261 13 69 0.5748
32272 23 67 0.6693
32272 23 55 0.4724
32319 92 65 0.7087
32319 92 59 0.4646
32319 92 62 0.4646
32319 92 56 0.4646
32411 46 64 0.5984
32411 46 57 0.4016
32411 46 60 0.4016
32457 46 53 0.3386
32457 46 57 0.3386
32480 11 62 0.4331
32503 11 65 0.4252
32526 11 69 0.4173
32549 23 73 0.4331
32572 23 74 0.4252
32595 23 77 0.4331
32618 23 81 0.4173
32641 23 81 0.4803
32664 23 72 0.4331
32687 92 72 0.4252
32687 138 55 0.3465
32687 46 64 0.3465
32733 92 65 0.3465
32780 23 76 0.4409
32780 46 71 0.4409
32803 23 74 0.4252
32826 46 72 0.4252
32826 46 64 0.3622
32826 23 60 0.3622
32872 23 48 0.3465
32918 23 79 0.5984
32941 23 76 0.5669
32964 23 84 0.4488
32987 11 83 0.4173
33010 11 81 0.4016
33033 11 79 0.3858
33056 11 77 0.4252
33079 11 76 0.3937
33102 23 74 0.4173
33148 23 76 0.4252
33195 23 79 0.4567
33218 23 78 0.4252
33241 23 77 0.4252
33241 92 67 0.3386
33241 46 59 0.3386
33287 23 76 0.4016
33287 46 60 0.3386
33310 23 77 0.4252
33333 23 79 0.4488
33356 11 80 0.4646
33379 5 83 0.378
33379 92 53 0.3386
33379 92 60 0.3386
33385 5 81 0.3858
33390 5 83 0.4016
33396 5 81 0.4252
33402 5 83 0.4173
33408 5 81 0.4567
33414 11 83 0.4882
33425 11 84 0.5354
33448 11 83 0.4803
33471 11 81 0.4882
33494 11 79 0.4488
33517 11 77 0.4724
33517 46 54 0.315
33517 46 57 0.315
33540 11 76 0.4488
33563 34 79 0.5039
33563 46 60 0.3386
33563 92 55 0.3386
33598 11 76 0.4803
33609 23 74 0.4803
33609 46 59 0.315
33656 34 79 0.6772
33656 34 67 0.6063
33690 5 81 0.6378
33690 5 69 0.5354
33696 5 83 0.5984
33696 5 71 0.4961
33702 23 84 0.6693
33702 23 72 0.5433
33725 11 83 0.4882
33725 11 71 0.4409
33748 11 81 0.4882
33748 11 69 0.4409
33771 11 79 0.4724
33771 11 67 0.4094
33794 11 77 0.4882
33794 11 65 0.4409
33817 11 76 0.4646
33817 11 64 0.4094
33840 23 74 0.4961
33840 23 62 0.4488
33886 23 76 0.5512
33886 23 64 0.4882
33932 23 77 0.5669
33932 23 65 0.5276
33978 23 78 0.6142
33978 23 66 0.5433
34024 23 79 0.622
34024 23 67 0.5512
34071 23 80 0.6457
34071 23 68 0.5669
34117 34 81 0.6693
34117 46 69 0.6063
34151 11 69 0.622
34163 34 77 0.6614
34163 46 53 0.378
34163 46 62 0.378
34197 11 74 0.6378
34209 46 72 0.6063
34209 92 55 0.378
34209 46 64 0.378
34249 5 76 0.5039
34255 46 71 0.5591
34255 46 74 0.5591
34255 46 65 0.378
34301 46 72 0.5591
34301 23 60 0.4724
34324 23 64 0.4094
34347 23 67 0.4488
34359 11 72 0.5039
34370 11 74 0.5118
34370 23 64 0.4173
34382 11 76 0.5197
34393 4 79 0.5354
34393 23 60 0.4724
34396 4 77 0.4646
34399 4 79 0.5354
34402 2 77 0.4646
34405 11 76 0.5512
34416 11 77 0.5591
34416 23 65 0.4173
34428 11 79 0.5669
34439 4 83 0.5197
34439 23 69 0.4488
34442 4 81 0.4252
34445 4 83 0.5118
34448 2 81 0.4331
34451 11 79 0.5906
34462 11 81 0.5984
34462 23 65 0.4016
34474 11 83 0.6142
34485 11 84 0.685
34485 23 60 0.4724
34508 11 84 0.6614
34508 23 64 0.3701
34532 23 67 0.4252
34543 11 72 0.4961
34555 11 74 0.5118
34555 23 64 0.3858
34566 11 76 0.5197
34578 4 79 0.5039
34578 23 60 0.4724
34581 4 77 0.4252
34583 4 79 0.5039
34586 2 77 0.4173
34589 11 76 0.5512
34601 11 77 0.5669
34601 23 65 0.4173
34612 11 79 0.5669
34624 4 83 0.5039
34624 23 69 0.4488
34627 4 81 0.4173
34630 4 83 0.5039
34632 2 81 0.4173
34635 11 79 0.5984
34647 11 81 0.6142
34647 23 65 0.4094
34658 11 83 0.622
34670 11 84 0.6929
34670 46 67 0.4567
34670 46 64 0.4567
34670 46 60 0.4567
34693 11 84 0.6772
34716 92 67 0.3622
34716 46 65 0.3622
34727 11 79 0.4331
34739 11 83 0.4567
34751 11 79 0.4331
34762 11 84 0.4646
34762 46 64 0.3465
34785 11 84 0.4646
34808 92 67 0.3386
34808 46 65 0.3386
34820 11 79 0.4252
34831 11 83 0.4488
34843 11 79 0.4252
34854 11 84 0.4646
34854 46 64 0.3543
34877 11 84 0.5197
34900 23 65 0.4094
34900 23 67 0.4094
34912 11 79 0.5276
34923 11 83 0.5591
34923 23 65 0.4094
34923 23 67 0.4252
34935 11 79 0.5354
34946 11 84 0.5906
34946 23 64 0.4094
34946 23 67 0.4488
34958 11 79 0.5669
34970 11 84 0.622
34970 23 64 0.4094
34970 23 67 0.4724
34981 11 79 0.5906
34993 11 86 0.6535
34993 23 59 0.4094
34993 23 67 0.4882
35004 11 79 0.6378
35016 11 86 0.6929
35016 23 59 0.4094
35016 23 67 0.5118
35027 11 79 0.6535
35039 23 88 0.7165
35039 46 60 0.5276
35039 46 67 0.5276
35062 23 84 0.6299
35085 23 79 0.6457
35108 23 84 0.622
35131 23 76 0.6142
35154 23 79 0.5591
35177 23 72 0.5669
35200 23 76 0.5433
35223 23 69 0.4724
35246 23 81 0.4724
35269 11 79 0.4961
35269 46 53 0.3465
35269 46 57 0.3465
35269 46 62 0.3465
35281 11 77 0.4567
35292 11 76 0.4961
35304 11 74 0.4567
35315 46 72 0.4961
35315 92 55 0.3465
35315 46 64 0.3465
35315 46 60 0.3465
35361 7 72 0.4961
35361 46 62 0.3386
35361 46 65 0.3386
35369 7 71 0.4724
35377 7 72 0.4961
35384 7 71 0.4646
35392 7 69 0.4961
35400 7 71 0.4724
35408 46 72 0.5591
35408 23 60 0.4724
35431 23 64 0.4094
35454 23 67 0.4488
35465 11 72 0.5039
35477 11 74 0.5118
35477 23 64 0.4094
35488 11 76 0.5197
35500 2 79 0.5354
35500 23 60 0.4724
35503 2 77 0.4961
35505 2 79 0.5354
35508 2 77 0.5039
35511 11 76 0.5512
35523 11 77 0.5591
35523 23 65 0.4173
35534 11 79 0.5669
35546 2 83 0.5512
35546 23 69 0.4488
35549 2 81 0.5039
35552 2 83 0.5512
35554 2 81 0.5039
35557 11 79 0.5906
35569 11 81 0.5984
35569 23 65 0.4488
35580 11 83 0.6142
35592 11 84 0.6614
35592 23 60 0.4724
35615 11 84 0.6378
35615 23 64 0.4094
35638 23 67 0.4488
35650 11 72 0.4961
35661 11 74 0.5118
35661 23 64 0.4016
35673 11 76 0.5197
35684 2 79 0.5039
35684 23 60 0.4724
35687 2 77 0.4646
35690 2 79 0.5039
35693 2 77 0.4803
35696 11 76 0.5512
35707 11 77 0.5669
35707 23 65 0.4173
35719 11 79 0.5669
35730 2 83 0.5512
35730 23 69 0.4488
35733 2 81 0.5039
35736 2 83 0.5512
35739 2 81 0.5039
35742 11 79 0.5984
35753 11 81 0.6142
35753 23 65 0.4016
35765 11 83 0.622
35776 11 84 0.6614
35776 46 67 0.4724
35776 46 64 0.4724
35776 46 60 0.4724
35799 11 84 0.6299
35822 92 67 0.3622
35822 46 65 0.3622
35834 11 79 0.4331
35846 11 83 0.4646
35857 11 79 0.4331
35869 11 84 0.4646
35869 46 64 0.3465
35892 11 84 0.4646
35915 92 67 0.3307
35915 46 65 0.3307
35926 11 79 0.4252
35938 11 83 0.4409
35949 11 79 0.4252
35961 11 84 0.4646
35961 46 64 0.3543
35984 11 84 0.4646
36007 23 65 0.4094
36007 23 67 0.4094
36018 11 79 0.5276
36030 11 83 0.5591
36030 23 65 0.4094
36030 23 67 0.4252
36041 11 79 0.5354
36053 11 84 0.5906
36053 23 64 0.4094
36053 23 67 0.4488
36065 11 79 0.5748
36076 11 84 0.622
36076 23 64 0.4094
36076 23 67 0.4724
36088 11 79 0.6063
36099 11 86 0.6535
36099 23 59 0.4094
36099 23 67 0.4882
36111 11 79 0.6378
36122 11 86 0.6929
36122 23 59 0.4094
36122 23 67 0.5118
36134 11 79 0.6457
36145 11 88 0.6929
36145 46 60 0.5276
36145 46 67 0.5276
36157 11 84 0.6142
36168 11 88 0.6614
36180 11 84 0.6299
36191 11 79 0.6457
36203 11 84 0.5827
36214 11 79 0.622
36226 11 84 0.5591
36237 11 76 0.6142
36249 11 79 0.5591
36260 11 76 0.5984
36272 11 79 0.5591
36284 11 72 0.5669
36295 11 76 0.5276
36307 11 72 0.5591
36318 11 76 0.4961
36330 23 69 0.4724
36353 23 81 0.4961
36376 11 79 0.4961
36376 46 53 0.3465
36376 46 57 0.3465
36376 46 62 0.3465
36387 11 77 0.4567
36399 11 76 0.4961
36410 11 74 0.4724
36422 46 72 0.4961
36422 92 55 0.3465
36422 46 64 0.3465
36422 46 60 0.3465
36468 7 72 0.4961
36468 46 62 0.3228
36468 46 65 0.3228
36476 7 71 0.4646
36483 7 72 0.4882
36491 7 71 0.4567
36499 7 69 0.4961
36506 7 71 0.4488
36514 34 72 0.6457
36514 34 60 0.6142
36549 11 67 0.6142
36549 11 55 0.5591
36560 34 76 0.6457
36560 34 64 0.5984
36595 11 72 0.5984
36595 11 60 0.5354
36606 23 79 0.6378
36606 23 67 0.5827
36652 13 86 0.4252
36664 13 84 0.3937
36675 13 83 0.4252
36687 13 81 0.3858
36698 23 79 0.4488
36698 23 55 0.3228
36698 23 60 0.3228
36698 23 64 0.3228
36745 13 81 0.4252
36756 13 79 0.3937
36768 13 77 0.4252
36779 13 76 0.3937
36791 23 74 0.4488
36791 23 55 0.3228
36791 23 65 0.3228
36791 23 59 0.3228
36837 13 79 0.4409
36848 13 77 0.4173
36860 13 76 0.4409
36871 13 74 0.4094
36883 11 72 0.6378
36883 11 60 0.5512
36894 11 67 0.5906
36894 11 55 0.5118
36906 11 72 0.6457
36906 11 60 0.5512
36917 11 67 0.6142
36917 11 55 0.5118
36929 11 76 0.6457
36929 11 64 0.5512
36940 11 72 0.6142
36940 11 60 0.5039
36952 11 76 0.6457
36952 11 64 0.5591
36964 11 72 0.5984
36964 11 60 0.5118
36975 23 79 0.6457
36975 23 67 0.5591
37021 13 86 0.4331
37033 13 84 0.4173
37044 13 83 0.4331
37056 13 81 0.4173
37067 11 79 0.4567
37067 23 55 0.3543
37067 23 64 0.3543
37067 23 60 0.3543
37090 11 79 0.4567
37113 13 81 0.4252
37125 13 79 0.3937
37136 13 77 0.4252
37148 13 76 0.3937
37159 11 74 0.4488
37159 23 59 0.3543
37159 23 55 0.3543
37159 23 65 0.3543
37183 11 74 0.4488
37206 13 79 0.4331
37217 13 77 0.4016
37229 13 76 0.4331
37240 13 74 0.4016
37252 46 72 0.4882
37252 23 64 0.4016
37275 23 60 0.3228
37298 23 64 0.4016
37321 23 80 0.4488
37321 23 60 0.3228
37344 23 81 0.4882
37344 23 65 0.4016
37367 23 83 0.5039
37367 23 60 0.3228
37390 23 84 0.5512
37390 23 67 0.4016
37413 23 76 0.4882
37413 23 60 0.3228
37436 23 79 0.5197
37436 23 69 0.4016
37459 23 77 0.4882
37459 23 60 0.3386
37482 23 70 0.4016
37505 23 76 0.4331
37505 23 60 0.3386
37528 23 77 0.4724
37528 23 69 0.4016
37551 23 79 0.4882
37551 23 60 0.3386
37574 23 81 0.5118
37574 23 67 0.4016
37597 23 73 0.4488
37597 23 60 0.3386
37621 23 76 0.4961
37621 23 65 0.4016
37644 23 74 0.4488
37644 23 60 0.3386
37667 23 64 0.4016
37690 23 73 0.3858
37690 23 60 0.2756
37713 23 74 0.4094
37713 23 65 0.315
37736 23 76 0.4252
37736 23 60 0.2913
37759 23 77 0.4488
37759 23 62 0.315
37782 23 71 0.3858
37782 23 60 0.2835
37805 23 74 0.3937
37805 23 64 0.3071
37828 23 72 0.3858
37828 23 60 0.2835
37851 23 81 0.5512
37851 23 65 0.315
37874 23 71 0.3858
37874 23 60 0.2677
37897 23 74 0.4016
37897 23 64 0.315
37920 23 72 0.3858
37920 23 60 0.2992
37943 23 81 0.5512
37943 23 65 0.3228
37966 23 71 0.3858
37966 23 60 0.2677
37989 23 64 0.3228
38012 11 74 0.3858
38012 23 60 0.2913
38024 11 72 0.3386
38035 23 65 0.315
38059 11 80 0.4488
38059 23 60 0.2598
38070 11 71 0.3386
38082 23 64 0.3228
38105 11 74 0.4016
38105 23 60 0.2913
38116 11 72 0.3386
38128 23 65 0.3228
38151 11 80 0.4331
38151 23 60 0.2756
38162 11 71 0.3228
38174 92 65 0.3543
38174 92 67 0.3543
38174 92 71 0.4252
38174 92 74 0.4252
38174 138 48 0.2598
38174 138 60 0.3071
38266 46 64 0.2677
38266 46 67 0.2677
38266 46 72 0.315
38358 69 74 0.4016
38358 23 67 0.315
38381 23 71 0.2835
38404 23 67 0.2835
38427 23 75 0.4173
38427 23 71 0.2441
38450 23 76 0.4252
38450 23 67 0.315
38473 23 78 0.4331
38473 23 71 0.2835
38497 23 79 0.4409
38497 23 65 0.315
38520 23 71 0.4173
38520 23 68 0.2835
38543 23 74 0.4252
38543 23 64 0.315
38566 23 72 0.4173
38566 23 67 0.2835
38589 23 64 0.2992
38612 23 71 0.4016
38612 23 67 0.252
38635 23 72 0.4252
38635 23 64 0.315
38658 23 74 0.4331
38658 23 67 0.2835
38681 23 76 0.4409
38681 23 62 0.315
38704 23 68 0.3937
38704 23 65 0.2835
38727 23 71 0.4252
38727 23 60 0.315
38750 23 69 0.4016
38750 23 64 0.2756
38773 23 60 0.315
38796 23 68 0.4016
38796 23 64 0.2756
38819 23 69 0.4252
38819 23 60 0.315
38842 23 71 0.4252
38842 23 64 0.2756
38865 23 72 0.4409
38865 23 60 0.315
38888 23 66 0.3937
38888 23 63 0.2756
38911 23 69 0.4252
38911 23 59 0.2992
38934 23 67 0.4016
38934 23 62 0.2756
38958 23 76 0.5669
38958 23 60 0.2992
38981 23 66 0.4252
38981 23 62 0.2756
39004 23 69 0.4409
39004 23 59 0.2992
39027 23 67 0.4016
39027 23 62 0.2756
39050 23 76 0.5669
39050 23 60 0.2992
39073 23 66 0.4016
39073 23 62 0.2756
39096 23 69 0.4331
39096 23 59 0.2992
39119 23 67 0.3937
39119 23 62 0.2756
39142 23 75 0.5591
39142 23 60 0.2992
39165 23 66 0.4016
39165 23 63 0.2756
39188 23 69 0.4331
39188 23 59 0.2992
39211 23 67 0.4016
39211 23 62 0.2835
39234 23 75 0.5276
39234 23 60 0.2992
39257 23 66 0.3858
39257 23 63 0.2756
39280 23 67 0.5669
39280 92 59 0.3386
39280 92 62 0.3386
39303 13 69 0.5039
39315 13 71 0.5118
39326 13 72 0.5276
39338 13 74 0.5354
39349 13 76 0.5433
39361 13 78 0.5591
39372 13 79 0.5669
39384 13 81 0.5512
39396 13 83 0.5827
39407 13 78 0.5669
39419 13 79 0.5748
39430 13 74 0.5433
39442 13 76 0.5591
39453 13 71 0.5354
39465 92 74 0.622
39465 23 50 0.4252
39488 23 59 0.3937
39511 23 55 0.4252
39534 23 59 0.3937
39557 8 74 0.4646
39557 23 50 0.4252
39566 8 72 0.4252
39574 8 74 0.4646
39580 23 57 0.3858
39583 8 72 0.4252
39591 8 74 0.4646
39600 8 72 0.4252
39603 23 54 0.4252
39609 8 74 0.4646
39617 8 72 0.4252
39626 11 71 0.4961
39626 23 57 0.3937
39638 11 72 0.4646
39649 92 71 0.5197
39649 23 55 0.3622
39672 23 59 0.3386
39695 23 62 0.3543
39718 23 59 0.315
39741 46 55 0.3937
39759 5 69 0.2992
39764 11 67 0.378
39776 11 66 0.3465
39787 5 67 0.4016
39810 5 71 0.4016
39834 46 76 0.4331
39834 23 55 0.315
39857 23 59 0.252
39880 46 74 0.4016
39880 23 62 0.2835
39903 23 59 0.2441
39926 46 55 0.315
39943 5 72 0.2913
39949 11 71 0.378
39960 11 69 0.3543
39972 5 71 0.4252
39995 5 74 0.4252
40018 46 79 0.5039
40018 23 55 0.315
40041 23 59 0.2835
40064 46 77 0.4409
40064 23 62 0.315
40087 23 59 0.2992
40110 46 55 0.3465
40127 5 76 0.4252
40133 11 74 0.5276
40145 11 73 0.4803
40156 5 74 0.5591
40179 5 77 0.5827
40202 23 84 0.5906
40202 46 56 0.5039
40225 46 83 0.5591
40248 46 59 0.5039
40272 46 86 0.6378
40295 46 62 0.5433
40318 46 80 0.5748
40341 46 65 0.5118
40364 46 83 0.6457
40387 46 59 0.5433
40410 46 74 0.6299
40433 46 57 0.4961
40456 46 77 0.6614
40479 46 56 0.5276
40502 46 76 0.6063
40525 46 64 0.4961
40548 23 74 0.5669
40571 109 72 0.4803
40571 23 57 0.2992
40594 23 60 0.2756
40617 23 64 0.2756
40640 23 60 0.2756
40663 23 57 0.2992
40681 5 74 0.3622
40686 11 72 0.4252
40686 23 60 0.2756
40698 11 71 0.378
40710 23 72 0.4252
40710 23 65 0.2756
40733 11 74 0.4173
40733 23 60 0.2756
40756 92 72 0.4409
40756 23 57 0.2992
40779 23 62 0.2756
40802 23 65 0.2756
40825 23 62 0.2756
40848 8 72 0.4252
40848 23 55 0.3386
40856 8 70 0.3858
40865 8 72 0.4331
40871 23 60 0.3071
40874 8 70 0.3937
40882 8 72 0.4331
40891 8 70 0.3858
40894 23 64 0.3071
40900 8 72 0.4331
40908 8 70 0.4016
40917 11 69 0.4646
40917 23 60 0.3071
40929 11 70 0.4252
40940 23 69 0.5354
40940 23 53 0.378
40963 46 72 0.5591
40963 23 60 0.3071
40986 23 65 0.4252
41009 46 77 0.5984
41009 23 60 0.3386
41032 23 53 0.4252
41055 46 81 0.6378
41055 23 57 0.378
41078 23 62 0.4646
41101 23 82 0.6378
41101 23 57 0.4016
41124 92 81 0.685
41124 23 52 0.4646
41147 23 57 0.3622
41171 23 61 0.4016
41194 23 57 0.3543
41217 46 79 0.6378
41217 23 52 0.4409
41240 23 57 0.3543
41263 23 61 0.3937
41286 23 57 0.3543
41309 69 79 0.5512
41309 23 50 0.2835
41332 23 57 0.252
41355 23 60 0.252
41378 23 78 0.4803
41378 23 57 0.252
41401 23 77 0.4488
41401 23 50 0.2835
41424 23 55 0.2598
41447 23 59 0.2598
41470 23 55 0.2598
41493 69 77 0.4803
41493 23 48 0.2992
41516 23 55 0.2835
41539 23 60 0.2835
41562 23 76 0.4331
41562 23 55 0.2835
41585 23 75 0.4252
41585 23 48 0.2992
41609 23 55 0.2677
41632 23 60 0.2677
41655 23 55 0.2677
41678 23 75 0.4961
41678 23 53 0.3386
41701 23 74 0.4724
41701 23 56 0.2992
41724 11 74 0.4488
41724 23 60 0.2992
41747 11 74 0.4724
41747 23 56 0.2992
41770 46 74 0.4724
41770 23 53 0.3386
41793 23 56 0.2992
41816 46 74 0.4724
41816 23 60 0.2992
41839 23 56 0.2992
41862 40 74 0.4882
41862 23 54 0.3386
41885 23 57 0.3543
41902 5 77 0.5039
41908 86 75 0.5669
41908 23 60 0.378
41931 23 57 0.3543
41954 23 54 0.3386
41977 23 57 0.3071
41995 5 74 0.4488
42000 46 72 0.4961
42000 23 60 0.3071
42023 23 57 0.3071
42047 23 71 0.4252
42047 46 55 0.3071
42070 23 79 0.4252
42093 46 55 0.3228
42116 23 79 0.4409
42139 46 57 0.3543
42139 46 55 0.3543
42162 23 78 0.4488
42185 46 59 0.3622
42185 46 55 0.3622
42208 23 77 0.4724
42231 23 77 0.5039
42231 46 60 0.3937
42231 46 55 0.3937
42254 23 76 0.4803
42277 46 67 0.378
42277 46 55 0.378
42300 23 75 0.4646
42323 46 65 0.3622
42323 46 55 0.3622
42346 23 74 0.4409
42369 46 63 0.3465
42369 46 55 0.3465
42392 23 72 0.4252
42415 23 72 0.4724
42415 46 62 0.3543
42415 46 55 0.3543
42438 23 71 0.4252
42461 46 59 0.378
42461 46 55 0.378
42473 11 79 0.4409
42485 11 81 0.4724
42496 11 79 0.4331
42508 46 57 0.4016
42508 46 55 0.4016
42519 11 78 0.4803
42531 11 79 0.5197
42542 11 78 0.4724
42554 46 59 0.4252
42554 46 55 0.4252
42565 11 77 0.4961
42577 11 79 0.5512
42588 11 77 0.5118
42600 46 60 0.4488
42600 46 55 0.4488
42611 11 76 0.5748
42623 11 77 0.5984
42634 11 76 0.5591
42646 46 67 0.4803
42646 46 55 0.4803
42657 11 75 0.5748
42669 11 77 0.6299
42680 11 75 0.5748
42692 46 65 0.5039
42692 46 55 0.5039
42704 11 74 0.622
42715 11 75 0.6535
42727 11 74 0.622
42738 46 63 0.5276
42738 46 54 0.5276
42750 11 72 0.6457
42761 11 74 0.685
42773 11 72 0.6772
42784 11 71 0.6929
42784 46 55 0.5591
42784 46 62 0.5591
42801 5 72 0.5591
42807 11 71 0.5906
42819 11 69 0.5906
42830 23 71 0.622
42853 11 72 0.5984
42876 11 74 0.622
42894 5 76 0.5354
42899 11 74 0.5669
42911 11 73 0.5669
42923 23 74 0.622
42946 11 76 0.622
42969 46 77 0.5748
42969 46 62 0.2992
42969 46 55 0.2992
43026 11 79 0.4252
43038 11 76 0.4409
43038 23 61 0.2992
43049 11 79 0.4252
43061 46 77 0.4252
43061 46 62 0.2992
43061 46 55 0.2992
43118 11 79 0.4173
43130 11 76 0.4409
43130 23 61 0.2992
43142 11 79 0.4173
43153 46 77 0.4173
43153 46 62 0.2992
43153 46 55 0.2992
43211 11 79 0.4331
43222 11 76 0.4488
43222 23 61 0.315
43234 11 79 0.4803
43245 11 77 0.4961
43245 46 55 0.3543
43245 23 62 0.3543
43257 11 79 0.5197
43268 11 76 0.5512
43268 23 61 0.3858
43280 11 79 0.5354
43291 11 77 0.5906
43291 46 55 0.4252
43291 23 62 0.4252
43303 11 79 0.5748
43314 11 76 0.6378
43314 23 61 0.4646
43326 11 79 0.622
43337 23 77 0.6772
43337 92 62 0.4961
43337 92 55 0.4961
43361 11 76 0.5669
43384 11 74 0.6063
43407 11 72 0.5669
43430 11 71 0.4724
43453 11 72 0.4882
43453 11 57 0.4252
43476 11 74 0.4646
43476 11 59 0.4252
43499 11 76 0.4409
43499 11 60 0.4252
43522 11 77 0.4882
43522 11 62 0.4094
43545 11 76 0.4488
43545 11 60 0.4331
43568 11 74 0.4803
43568 11 59 0.4646
43591 11 76 0.5039
43591 11 60 0.4882
43614 11 77 0.5276
43614 11 62 0.5118
43637 11 76 0.5591
43637 11 61 0.5276
43660 11 77 0.5748
43660 11 62 0.5591
43683 11 78 0.6063
43683 11 63 0.5748
43706 23 79 0.6772
43706 23 64 0.3937
43729 23 60 0.3543
43752 69 79 0.6457
43752 23 64 0.4016
43775 23 60 0.3543
43798 23 64 0.4016
43822 11 77 0.5591
43822 23 60 0.315
43833 11 76 0.5433
43845 11 76 0.5512
43845 23 64 0.3543
43856 11 74 0.5197
43868 11 72 0.5276
43868 23 60 0.3386
43879 11 71 0.5197
43891 8 74 0.4094
43891 23 64 0.4016
43899 8 72 0.4016
43908 8 74 0.4331
43914 23 60 0.3543
43917 8 72 0.4094
43925 8 74 0.4488
43934 8 72 0.4173
43937 23 64 0.4016
43943 8 74 0.4646
43951 8 72 0.4567
43960 11 74 0.4882
43960 23 60 0.315
43971 11 76 0.5276
43983 46 67 0.5591
43983 23 64 0.3622
44006 23 60 0.2441
44029 23 64 0.2756
44052 23 60 0.2441
44075 11 79 0.6772
44075 23 64 0.4016
44098 11 79 0.6142
44098 23 60 0.2835
44121 69 79 0.5984
44121 23 64 0.3386
44144 23 60 0.2835
44167 23 64 0.3386
44190 11 77 0.5039
44190 23 60 0.2835
44202 11 76 0.4803
44213 11 76 0.5039
44213 23 65 0.315
44225 11 74 0.4803
44236 11 72 0.4803
44236 23 60 0.2835
44248 11 71 0.4724
44260 8 74 0.378
44260 23 64 0.2992
44268 8 72 0.3858
44277 8 74 0.3937
44283 23 60 0.2677
44285 8 72 0.3858
44294 8 74 0.4094
44303 8 72 0.3937
44306 23 64 0.3071
44311 8 74 0.4331
44320 8 72 0.4094
44329 11 74 0.4488
44329 23 60 0.2598
44340 11 76 0.4803
44352 46 67 0.5118
44352 23 64 0.2992
44375 23 60 0.2362
44398 23 64 0.2598
44421 23 60 0.2283
44444 11 69 0.4409
44444 23 65 0.2677
44467 11 72 0.4252
44467 23 60 0.2283
44490 11 77 0.4409
44490 23 65 0.2677
44513 11 81 0.4252
44513 23 60 0.2362
44536 11 84 0.5197
44536 23 65 0.2677
44559 11 89 0.5512
44559 23 60 0.2362
44582 23 65 0.2677
44605 23 60 0.2362
44628 11 67 0.4567
44628 23 64 0.2835
44651 11 72 0.4409
44651 23 60 0.252
44674 11 76 0.4567
44674 23 64 0.2835
44698 11 79 0.4331
44698 23 60 0.2362
44721 11 84 0.5197
44721 23 64 0.2835
44744 11 88 0.5827
44744 23 60 0.2362
44767 23 64 0.2835
44790 23 60 0.2362
44801 11 67 0.4961
44813 138 79 0.685
44813 46 64 0.4488
44813 23 60 0.4488
44836 23 55 0.3937
44859 46 64 0.4488
44859 23 60 0.4488
44882 23 55 0.3937
44905 46 62 0.4252
44905 23 59 0.4252
44928 23 55 0.3622
44951 5 79 0.5354
44951 46 62 0.4016
44951 23 59 0.4016
44957 5 77 0.5039
44963 5 79 0.5354
44968 5 76 0.5039
44974 11 76 0.6063
44974 23 55 0.3465
44986 11 77 0.5748
44997 46 75 0.6142
44997 23 60 0.378
45020 23 48 0.3543
45043 46 76 0.5906
45043 23 52 0.378
45066 23 55 0.3543
45089 23 60 0.4488
45112 23 64 0.378
45136 23 67 0.4094
45159 23 64 0.378
45182 11 69 0.4803
45182 23 65 0.2913
45193 11 72 0.4488
45205 11 74 0.4803
45205 23 60 0.2205
45216 11 76 0.4409
45228 11 77 0.4803
45228 23 65 0.2913
45239 11 79 0.4567
45251 11 81 0.4803
45251 23 60 0.2283
45262 11 83 0.4488
45274 23 84 0.5669
45274 23 65 0.2913
45297 23 60 0.2126
45320 23 65 0.252
45343 23 60 0.2283
45366 11 67 0.4961
45366 23 64 0.2913
45378 11 72 0.4567
45389 11 74 0.4961
45389 23 60 0.2283
45401 11 76 0.4409
45412 11 77 0.4961
45412 23 64 0.2913
45424 11 79 0.4567
45435 11 81 0.4961
45435 23 60 0.2205
45447 11 83 0.4567
45458 23 84 0.5669
45458 23 64 0.2913
45481 23 60 0.2126
45504 23 64 0.2598
45527 23 60 0.2283
45550 23 81 0.6693
45550 46 64 0.4016
45550 23 60 0.4016
45574 23 79 0.622
45574 23 55 0.3543
45597 11 77 0.6457
45597 46 64 0.4016
45597 23 60 0.4016
45620 11 76 0.6142
45620 23 55 0.3543
45643 23 76 0.6693
45643 46 65 0.4016
45643 23 62 0.4016
45666 23 74 0.5827
45666 23 55 0.3386
45689 11 72 0.6063
45689 46 65 0.378
45689 23 62 0.378
45712 11 71 0.5984
45712 23 55 0.3543
45735 13 72 0.6063
45735 92 64 0.4409
45735 92 60 0.4409
45746 13 67 0.5354
45758 13 69 0.5669
45769 13 71 0.5512
45781 13 72 0.5906
45792 13 74 0.5748
45804 13 76 0.6142
45816 13 77 0.5984
45827 13 79 0.6299
45839 13 81 0.6063
45850 13 83 0.6142
45862 11 84 0.5906
45873 11 79 0.6378
45896 11 79 0.622
45919 46 64 0.3622
45919 46 55 0.3622
45931 11 79 0.4252
45942 11 81 0.4488
45954 11 79 0.4252
45965 46 62 0.315
45965 46 55 0.315
45977 11 77 0.4252
45988 11 79 0.4488
46000 11 77 0.4252
46011 46 60 0.3622
46011 46 55 0.3622
46023 11 76 0.4252
46035 11 77 0.4409
46046 11 76 0.4252
46058 46 59 0.3307
46058 46 55 0.3307
46069 11 74 0.4252
46081 11 76 0.4409
46092 11 74 0.4252
46104 13 72 0.6535
46104 92 60 0.4567
46115 13 67 0.5984
46127 13 69 0.622
46138 13 71 0.5906
46150 13 72 0.6378
46161 13 74 0.622
46173 13 76 0.6457
46184 13 77 0.6142
46196 13 79 0.6378
46207 13 81 0.5984
46219 13 83 0.6299
46230 11 84 0.5906
46242 11 79 0.6457
46265 11 79 0.6299
46288 46 64 0.3622
46288 46 55 0.3622
46300 11 79 0.4252
46311 11 81 0.4409
46323 11 79 0.4252
46334 46 62 0.3307
46334 46 55 0.3307
46346 11 77 0.4252
46357 11 79 0.4409
46369 11 77 0.4252
46380 46 60 0.3543
46380 46 55 0.3543
46392 11 76 0.4252
46403 11 77 0.4409
46415 11 76 0.4252
46426 46 59 0.3543
46426 46 55 0.3543
46438 11 74 0.4252
46449 11 76 0.4252
46461 11 74 0.4252
46473 11 72 0.6378
46473 11 48 0.4882
46496 46 72 0.6378
46496 23 60 0.5354
46519 23 59 0.4646
46542 11 74 0.5748
46542 23 58 0.4646
46553 11 76 0.5512
46565 11 77 0.6457
46565 11 57 0.4961
46588 46 77 0.622
46588 23 57 0.5276
46611 23 55 0.4803
46634 11 79 0.5984
46634 23 53 0.4803
46645 11 81 0.5984
46657 23 79 0.6535
46657 23 52 0.4724
46680 23 76 0.6063
46703 11 84 0.6457
46703 23 48 0.4724
46726 11 84 0.6142
46749 11 86 0.6378
46761 11 84 0.5984
46772 11 83 0.6142
46784 11 81 0.5748
46795 11 81 0.5748
46795 46 60 0.4016
46795 46 48 0.4016
46807 11 79 0.5197
46818 11 77 0.5354
46830 11 76 0.5039
46841 69 79 0.5354
46841 69 64 0.4016
46841 92 55 0.4016
46911 23 76 0.5433
46911 23 60 0.4252
46934 46 74 0.5276
46934 46 59 0.4252
46957 23 43 0.5591
46980 23 47 0.5669
47003 23 50 0.5433
47026 23 73 0.4724
47026 23 55 0.3543
47049 23 74 0.4409
47049 23 59 0.3307
47072 11 72 0.4331
47072 23 62 0.315
47083 11 71 0.4094
47095 11 69 0.4331
47106 11 67 0.4173
47118 23 73 0.4803
47118 23 55 0.3543
47141 23 74 0.4646
47141 23 59 0.3386
47164 11 72 0.4331
47164 23 62 0.3228
47176 11 71 0.4252
47187 11 69 0.4331
47199 11 67 0.4173
47210 23 75 0.5039
47210 23 55 0.3465
47233 23 76 0.4803
47233 23 60 0.315
47256 11 76 0.4961
47256 23 64 0.3386
47279 11 76 0.4646
47279 23 60 0.3228
47302 46 76 0.4961
47302 23 55 0.3465
47325 23 60 0.315
47349 23 64 0.3386
47372 23 60 0.315
47383 11 69 0.4724
47395 69 81 0.685
47395 23 54 0.4488
47418 23 57 0.4016
47441 23 60 0.4252
47464 7 79 0.5984
47471 7 78 0.5669
47479 7 76 0.5984
47487 23 74 0.6614
47487 23 54 0.4488
47510 11 86 0.6457
47510 23 57 0.4016
47533 11 86 0.6457
47533 23 60 0.4252
47556 11 86 0.622
47579 57 86 0.7087
47579 23 53 0.4488
47602 23 57 0.4094
47625 23 59 0.4488
47637 11 83 0.5827
47648 11 86 0.6063
47648 23 62 0.4094
47660 11 83 0.5984
47671 23 79 0.6063
47671 46 65 0.4882
47694 23 71 0.4252
47694 23 74 0.4252
47717 23 72 0.4252
47717 23 76 0.4252
47717 23 64 0.3386
47740 23 74 0.3937
47740 23 77 0.3937
47740 23 62 0.3543
47763 23 78 0.4724
47763 23 60 0.3465
47787 23 79 0.4567
47787 23 64 0.3071
47810 11 77 0.4252
47810 23 67 0.3228
47821 11 76 0.4016
47833 11 74 0.4252
47844 11 72 0.4094
47856 11 78 0.4252
47856 23 60 0.3465
47867 11 79 0.4173
47879 11 81 0.4331
47879 23 64 0.3071
47890 11 79 0.4488
47902 11 77 0.4409
47902 23 67 0.3228
47913 11 76 0.4331
47925 11 74 0.4252
47936 11 72 0.4252
47948 23 80 0.4882
47948 23 60 0.3386
47971 23 81 0.4409
47971 23 65 0.2913
47994 11 81 0.4724
47994 23 69 0.315
48017 11 81 0.4409
48017 23 65 0.2992
48040 46 81 0.4961
48040 23 60 0.3543
48063 23 65 0.3071
48086 23 69 0.3228
48109 23 65 0.315
48132 13 86 0.6378
48132 184 59 0.4094
48132 184 62 0.4094
48132 184 65 0.4094
48132 184 67 0.4882
48144 13 88 0.6063
48155 13 89 0.6378
48167 13 88 0.6063
48178 13 86 0.622
48190 13 84 0.5748
48201 13 83 0.6063
48213 13 81 0.5906
48224 13 79 0.6142
48236 13 83 0.5748
48248 13 86 0.6378
48259 13 84 0.5827
48271 13 83 0.6378
48282 13 81 0.5906
48294 13 79 0.6378
48305 13 77 0.5984
48317 23 76 0.6772
48317 15 60 0.4803
48332 15 64 0.4488
48347 15 72 0.4173
48363 5 79 0.5591
48363 15 62 0.4803
48369 5 77 0.5197
48374 5 79 0.5591
48378 15 65 0.4488
48380 5 77 0.5276
48386 11 76 0.6378
48394 15 72 0.4173
48397 11 77 0.622
48409 23 79 0.7008
48409 15 64 0.4803
48424 15 67 0.4488
48440 15 72 0.4173
48455 15 60 0.4803
48470 15 64 0.378
48486 7 81 0.4173
48486 15 72 0.378
48493 7 83 0.3858
48501 46 84 0.4803
48501 15 65 0.3386
48516 15 69 0.315
48532 15 72 0.2992
48547 34 84 0.4409
48547 15 65 0.3386
48563 15 69 0.315
48578 15 72 0.3071
48582 11 84 0.4252
48593 46 84 0.4409
48593 15 65 0.3386
48609 15 69 0.3228
48624 15 72 0.315
48639 11 83 0.4331
48639 15 65 0.3386
48651 11 81 0.3937
48655 15 69 0.3228
48662 11 79 0.4173
48670 15 72 0.315
48674 11 77 0.4016
48686 23 76 0.6142
48686 15 60 0.4488
48701 15 64 0.4331
48716 15 72 0.3937
48732 5 79 0.5669
48732 15 62 0.4488
48737 5 77 0.5354
48743 5 79 0.5669
48747 15 65 0.4252
48749 5 77 0.5354
48755 11 76 0.6457
48762 15 72 0.4016
48766 11 77 0.622
48778 23 79 0.685
48778 15 64 0.4488
48793 15 67 0.4252
48808 15 72 0.4016
48824 15 60 0.4488
48839 15 64 0.4252
48855 7 81 0.4173
48855 15 72 0.3858
48862 7 83 0.378
48870 46 84 0.4803
48870 15 65 0.2992
48885 15 69 0.2835
48901 15 72 0.2835
48916 34 84 0.4331
48916 15 65 0.2992
48931 15 69 0.2835
48947 15 72 0.2835
48951 11 84 0.4094
48962 46 84 0.4331
48962 15 65 0.3386
48978 15 69 0.3071
48993 15 72 0.3071
49008 11 83 0.4252
49008 15 65 0.3386
49020 11 81 0.4094
49024 15 69 0.315
49031 11 79 0.4252
49039 15 72 0.315
49043 11 77 0.4173
49054 11 76 0.6693
49054 23 60 0.5039
49077 11 84 0.6142
49089 11 86 0.6142
49100 11 88 0.6378
49112 11 86 0.6142
49124 11 84 0.6378
49135 11 83 0.6142
49147 11 81 0.6378
49147 23 53 0.5039
49158 11 79 0.6142
49170 11 77 0.6378
49181 11 76 0.5984
49193 11 74 0.6378
49204 11 72 0.5984
49216 11 71 0.6378
49227 11 69 0.5748
49239 23 67 0.6693
49239 23 55 0.4724
49285 92 65 0.7087
49285 92 59 0.3937
49285 92 62 0.4646
49285 92 56 0.3937
49377 46 64 0.5984
49377 46 57 0.3386
49377 46 60 0.4016
49423 46 53 0.2835
49423 46 57 0.3386
49446 11 62 0.4331
49469 11 65 0.4252
49492 11 69 0.4173
49515 23 73 0.4331
49538 23 74 0.4252
49562 23 77 0.4331
49585 23 81 0.4173
49608 23 81 0.4803
49631 23 72 0.4331
49654 92 72 0.4252
49654 138 55 0.3465
49654 46 64 0.3465
49700 92 65 0.3465
49746 23 76 0.4409
49746 46 71 0.4409
49769 23 74 0.4252
49792 46 72 0.4252
49792 46 64 0.3622
49792 23 60 0.3622
49838 23 48 0.3465
49884 23 79 0.5906
49907 23 76 0.5669
49930 23 84 0.4488
49953 11 83 0.4173
49976 11 81 0.4016
50000 11 79 0.3858
50023 11 77 0.4252
50046 11 76 0.3937
50069 23 74 0.4173
50115 23 76 0.4252
50161 23 79 0.4567
50184 23 78 0.4252
50207 23 77 0.4252
50207 92 67 0.3386
50207 46 59 0.3386
50253 23 76 0.4016
50253 46 60 0.3386
50276 23 77 0.4252
50299 23 79 0.4488
50322 11 80 0.4646
50345 5 83 0.378
50345 92 53 0.3386
50345 92 60 0.3386
50351 5 81 0.3858
50357 5 83 0.4016
50363 5 81 0.4252
50368 5 83 0.4173
50374 5 81 0.4567
50380 11 83 0.4882
50391 11 84 0.5354
50414 11 83 0.4803
50437 11 81 0.4882
50461 11 79 0.4488
50484 11 77 0.4724
50484 46 54 0.315
50484 46 57 0.315
50507 11 76 0.4488
50530 34 79 0.5039
50530 46 60 0.3386
50530 92 55 0.3386
50564 11 76 0.4803
50576 23 74 0.4803
50576 46 59 0.315
50622 34 79 0.6772
50622 34 67 0.6063
50656 5 81 0.6378
50656 5 69 0.5354
50662 5 83 0.5984
50662 5 71 0.4961
50668 23 84 0.6693
50668 23 72 0.5433
50691 11 83 0.4882
50691 11 71 0.4409
50714 11 81 0.4882
50714 11 69 0.4409
50737 11 79 0.4724
50737 11 67 0.4094
50760 11 77 0.4882
50760 11 65 0.4409
50783 11 76 0.4646
50783 11 64 0.4094
50806 23 74 0.4961
50806 23 62 0.4488
50852 23 76 0.5512
50852 23 64 0.4882
50899 23 77 0.5669
50899 23 65 0.5276
50945 23 78 0.6142
50945 23 66 0.5433
50991 23 79 0.6378
50991 23 67 0.5512
51037 23 80 0.6142
51037 23 68 0.5669
51083 34 81 0.6772
51083 46 69 0.6063
51118 11 69 0.6378
51129 34 77 0.6535
51129 46 53 0.378
51129 46 62 0.378
51164 11 74 0.6378
51175 46 72 0.6063
51175 92 55 0.378
51175 46 64 0.378
51216 5 76 0.5039
51221 46 71 0.5591
51221 46 74 0.5591
51221 46 65 0.378
51267 46 72 0.5591
51267 23 60 0.4724
51290 23 64 0.4094
51313 23 67 0.4488
51325 11 72 0.5039
51337 11 74 0.5118
51337 23 64 0.4173
51348 11 76 0.5197
51360 4 79 0.5354
51360 23 60 0.4724
51362 4 77 0.4646
51365 4 79 0.5354
51368 2 77 0.4646
51371 11 76 0.5512
51383 11 77 0.5591
51383 23 65 0.4173
51394 11 79 0.5669
51406 4 83 0.5197
51406 23 69 0.4488
51409 4 81 0.4252
51411 4 83 0.5118
51414 2 81 0.4331
51417 11 79 0.5906
51429 11 81 0.5984
51429 23 65 0.4016
51440 11 83 0.6142
51452 11 84 0.685
51452 23 60 0.4724
51475 11 84 0.6614
51475 23 64 0.3701
51498 23 67 0.4252
51509 11 72 0.4961
51521 11 74 0.5118
51521 23 64 0.3858
51532 11 76 0.5197
51544 4 79 0.5039
51544 23 60 0.4724
51547 4 77 0.4252
51550 4 79 0.5039
51553 2 77 0.4173
51556 11 76 0.5512
51567 11 77 0.5669
51567 23 65 0.4173
51579 11 79 0.5669
51590 4 83 0.5039
51590 23 69 0.4488
51593 4 81 0.4173
51596 4 83 0.5039
51599 2 81 0.4173
51602 11 79 0.5984
51613 11 81 0.6142
51613 23 65 0.4094
51625 11 83 0.622
51636 11 84 0.6929
51636 46 67 0.4567
51636 46 64 0.4567
51636 46 60 0.4567
51659 11 84 0.6772
51682 92 67 0.3622
51682 46 65 0.3622
51694 11 79 0.4331
51705 11 83 0.4567
51717 11 79 0.4331
51728 11 84 0.4646
51728 46 64 0.3465
51751 11 84 0.4646
51775 92 67 0.3386
51775 46 65 0.3386
51786 11 79 0.4252
51798 11 83 0.4488
51809 11 79 0.4252
51821 11 84 0.4646
51821 46 64 0.3543
51844 11 84 0.5197
51867 23 65 0.4094
51867 23 67 0.4094
51878 11 79 0.5276
51890 11 83 0.5591
51890 23 65 0.4094
51890 23 67 0.4252
51901 11 79 0.5354
51913 11 84 0.5906
51913 23 64 0.4094
51913 23 67 0.4488
51924 11 79 0.5669
51936 11 84 0.622
51936 23 64 0.4094
51936 23 67 0.4724
51947 11 79 0.5906
51959 11 86 0.6535
51959 23 59 0.4094
51959 23 67 0.4882
51970 11 79 0.6378
51982 11 86 0.6929
51982 23 59 0.4094
51982 23 67 0.5118
51994 11 79 0.6535
52005 23 88 0.7165
52005 46 60 0.5276
52005 46 67 0.5276
52028 23 84 0.6299
52051 23 79 0.6457
52074 23 84 0.622
52097 23 76 0.6142
52120 23 79 0.5591
52143 23 72 0.5669
52166 23 76 0.5433
52189 23 69 0.4724
52213 23 81 0.4724
52236 11 79 0.4961
52236 46 53 0.3465
52236 46 57 0.3465
52236 46 62 0.3465
52247 11 77 0.4567
52259 11 76 0.4961
52270 11 74 0.4567
52282 46 72 0.4961
52282 92 55 0.3465
52282 46 64 0.3465
52282 46 60 0.3465
52328 7 72 0.4961
52328 46 62 0.3386
52328 46 65 0.3386
52335 7 71 0.4724
52343 7 72 0.4961
52351 7 71 0.4646
52359 7 69 0.4961
52366 7 71 0.4724
52374 46 72 0.5591
52374 23 60 0.4724
52397 23 64 0.4094
52420 23 67 0.4488
52432 11 72 0.5039
52443 11 74 0.5118
52443 23 64 0.4094
52455 11 76 0.5197
52466 2 79 0.5354
52466 23 60 0.4724
52469 2 77 0.4961
52472 2 79 0.5354
52475 2 77 0.5039
52478 11 76 0.5512
52489 11 77 0.5591
52489 23 65 0.4173
52501 11 79 0.5669
52512 2 83 0.5512
52512 23 69 0.4488
52515 2 81 0.5039
52518 2 83 0.5512
52521 2 81 0.5039
52524 11 79 0.5906
52535 11 81 0.5984
52535 23 65 0.4488
52547 11 83 0.6142
52558 11 84 0.685
52558 23 60 0.4724
52581 11 84 0.6693
52581 23 64 0.4094
52604 23 67 0.4488
52616 11 72 0.4961
52627 11 74 0.5118
52627 23 64 0.4016
52639 11 76 0.5197
52650 2 79 0.5039
52650 23 60 0.4724
52653 2 77 0.4646
52656 2 79 0.5039
52659 2 77 0.4803
52662 11 76 0.5512
52674 11 77 0.5669
52674 23 65 0.4173
52685 11 79 0.5669
52697 2 83 0.5512
52697 23 69 0.4488
52699 2 81 0.5039
52702 2 83 0.5512
52705 2 81 0.5039
52708 11 79 0.5984
52720 11 81 0.6142
52720 23 65 0.4016
52731 11 83 0.622
52743 11 84 0.6772
52743 46 67 0.4724
52743 46 64 0.4724
52743 46 60 0.4724
52766 11 84 0.6614
52789 92 67 0.3622
52789 46 65 0.3622
52800 11 79 0.4331
52812 11 83 0.4646
52823 11 79 0.4331
52835 11 84 0.4646
52835 46 64 0.3465
52858 11 84 0.4646
52881 92 67 0.3307
52881 46 65 0.3307
52893 11 79 0.4252
52904 11 83 0.4409
52916 11 79 0.4252
52927 11 84 0.4646
52927 46 64 0.3543
52950 11 84 0.4646
52973 23 65 0.4094
52973 23 67 0.4094
52985 11 79 0.5276
52996 11 83 0.5591
52996 23 65 0.4094
52996 23 67 0.4252
53008 11 79 0.5354
53019 11 84 0.5906
53019 23 64 0.4094
53019 23 67 0.4488
53031 11 79 0.5748
53042 11 84 0.622
53042 23 64 0.4094
53042 23 67 0.4724
53054 11 79 0.6063
53065 11 86 0.6535
53065 23 59 0.4094
53065 23 67 0.4882
53077 11 79 0.6378
53088 11 86 0.6929
53088 23 59 0.4094
53088 23 67 0.5118
53100 11 79 0.6457
53112 11 88 0.6929
53112 46 60 0.5276
53112 46 67 0.5276
53123 11 84 0.6142
53135 11 88 0.6614
53146 11 84 0.6299
53158 11 79 0.6457
53169 11 84 0.5827
53181 11 79 0.622
53192 11 84 0.5591
53204 11 76 0.6142
53215 11 79 0.5591
53227 11 76 0.5984
53238 11 79 0.5591
53250 11 72 0.5669
53261 11 76 0.5276
53273 11 72 0.5591
53284 11 76 0.4961
53296 23 69 0.4724
53319 23 81 0.4961
53342 11 79 0.4961
53342 46 53 0.3465
53342 46 57 0.3465
53342 46 62 0.3465
53354 11 77 0.4567
53365 11 76 0.4961
53377 11 74 0.4724
53388 46 72 0.4961
53388 92 55 0.3465
53388 46 64 0.3465
53388 46 60 0.3465
53434 7 72 0.4961
53434 46 62 0.3228
53434 46 65 0.3228
53442 7 71 0.4646
53450 7 72 0.4882
53457 7 71 0.4567
53465 7 69 0.4961
53473 7 71 0.4488
53480 34 72 0.6457
53480 34 60 0.6142
53515 11 67 0.6142
53515 11 55 0.5591
53526 34 76 0.6457
53526 34 64 0.5984
53561 11 72 0.5984
53561 11 60 0.5354
53573 23 79 0.6378
53573 23 67 0.5827
53619 13 86 0.4252
53630 13 84 0.3937
53642 13 83 0.4252
53653 13 81 0.3858
53665 23 79 0.4488
53665 23 55 0.3228
53665 23 60 0.3228
53665 23 64 0.3228
53711 13 81 0.4252
53722 13 79 0.3937
53734 13 77 0.4252
53745 13 76 0.3937
53757 23 74 0.4488
53757 23 55 0.3228
53757 23 65 0.3228
53757 23 59 0.3228
53803 13 79 0.4409
53815 13 77 0.4173
53826 13 76 0.4409
53838 13 74 0.4094
53849 11 72 0.6378
53849 11 60 0.5512
53861 11 67 0.5906
53861 11 55 0.5118
53872 11 72 0.6457
53872 11 60 0.5512
53884 11 67 0.6142
53884 11 55 0.5118
53895 11 76 0.6457
53895 11 64 0.5512
53907 11 72 0.6142
53907 11 60 0.5039
53918 11 76 0.6457
53918 11 64 0.5591
53930 11 72 0.5984
53930 11 60 0.5118
53941 23 79 0.6457
53941 23 67 0.5591
53988 13 86 0.4331
53999 13 84 0.4173
54011 13 83 0.4331
54022 13 81 0.4173
54034 11 79 0.4567
54034 23 55 0.3543
54034 23 64 0.3543
54034 23 60 0.3543
54057 11 79 0.4567
54080 13 81 0.4252
54091 13 79 0.3937
54103 13 77 0.4252
54114 13 76 0.3937
54126 11 74 0.4488
54126 23 59 0.3543
54126 23 55 0.3543
54126 23 65 0.3543
54149 11 74 0.4488
54172 13 79 0.4331
54183 13 77 0.4016
54195 13 76 0.4331
54207 13 74 0.4016
54218 46 72 0.4882
54218 23 64 0.4016
54241 23 60 0.3228
54264 23 64 0.4016
54287 23 80 0.4488
54287 23 60 0.3228
54310 23 81 0.4882
54310 23 65 0.4016
54333 23 83 0.5039
54333 23 60 0.3228
54356 23 84 0.5354
54356 23 67 0.4016
54379 23 76 0.4882
54379 23 60 0.3228
54402 23 79 0.5197
54402 23 69 0.4016
54426 23 77 0.4882
54426 23 60 0.3386
54449 23 70 0.4016
54472 23 76 0.4331
54472 23 60 0.3386
54495 23 77 0.4724
54495 23 69 0.4016
54518 23 79 0.4882
54518 23 60 0.3386
54541 23 81 0.5118
54541 23 67 0.4016
54564 23 73 0.4488
54564 23 60 0.3386
54587 23 76 0.4961
54587 23 65 0.4016
54610 23 74 0.4488
54610 23 60 0.3386
54633 23 64 0.4016
54656 23 73 0.3858
54656 23 60 0.2756
54679 23 74 0.4094
54679 23 65 0.315
54702 23 76 0.4252
54702 23 60 0.2913
54725 23 77 0.4488
54725 23 62 0.315
54748 23 71 0.3858
54748 23 60 0.2835
54771 23 74 0.3937
54771 23 64 0.3071
54794 23 72 0.3858
54794 23 60 0.2835
54817 23 81 0.5512
54817 23 65 0.315
54840 23 71 0.3858
54840 23 60 0.2677
54863 23 74 0.4016
54863 23 64 0.315
54887 23 72 0.3858
54887 23 60 0.2992
54910 23 81 0.5512
54910 23 65 0.3228
54933 23 71 0.3858
54933 23 60 0.2677
54956 23 64 0.3228
54979 11 74 0.3858
54979 23 60 0.2913
54990 11 72 0.3386
55002 23 65 0.315
55025 11 80 0.4488
55025 23 60 0.2598
55036 11 71 0.3386
55048 23 64 0.3228
55071 11 74 0.4016
55071 23 60 0.2913
55082 11 72 0.3386
55094 23 65 0.3228
55117 11 80 0.4252
55117 23 60 0.2756
55129 11 71 0.3228
55140 92 65 0.3543
55140 92 67 0.3543
55140 92 71 0.4252
55140 92 74 0.4252
55140 138 48 0.2598
55140 138 60 0.3071
55232 46 64 0.2362
55232 46 67 0.2362
55232 46 72 0.2835
