0 213 77 0.4094
0 35 34 0.3937
35 35 53 0.315
71 35 52 0.252
71 35 55 0.315
106 35 51 0.252
106 35 57 0.3228
142 35 50 0.2756
142 35 58 0.3465
177 35 48 0.2756
177 35 60 0.3543
213 130 74 0.4094
213 35 46 0.3937
248 35 53 0.2205
248 35 62 0.2835
284 35 52 0.2756
284 35 55 0.3465
319 35 51 0.2913
319 35 57 0.3701
343 14 77 0.4173
355 71 75 0.4646
355 35 50 0.315
355 35 58 0.3937
390 35 46 0.315
426 213 74 0.4331
426 35 39 0.3937
461 35 55 0.3071
497 35 57 0.315
497 35 54 0.252
532 35 53 0.2441
532 35 59 0.3071
568 35 51 0.2756
568 35 60 0.3465
603 35 50 0.2835
603 35 62 0.3701
639 142 67 0.4094
639 35 48 0.3937
674 35 63 0.3228
674 35 55 0.252
710 35 54 0.2756
710 35 57 0.3465
745 35 53 0.2913
745 35 59 0.3701
781 35 51 0.315
781 35 60 0.3937
816 35 63 0.4094
816 35 48 0.3228
852 71 69 0.4488
852 35 41 0.3937
887 35 66 0.3307
887 35 58 0.2598
923 71 75 0.4567
923 35 65 0.3386
923 35 57 0.2677
958 35 56 0.2441
958 35 60 0.3071
994 71 75 0.4409
994 35 63 0.315
994 35 55 0.252
1029 35 58 0.2913
1029 35 54 0.2283
1065 62 75 0.4567
1065 35 41 0.3937
1100 35 63 0.3228
1100 35 54 0.252
1118 8 75 0.3858
1124 8 77 0.4016
1130 8 75 0.4252
1136 71 74 0.4331
1136 35 62 0.3543
1136 35 53 0.2835
1171 35 52 0.2441
1171 35 55 0.3071
1207 71 75 0.4409
1207 35 51 0.2441
1207 35 57 0.3071
1242 35 53 0.2835
1278 195 79 0.4488
1278 35 46 0.3937
1313 35 53 0.3228
1349 35 52 0.252
1349 35 55 0.3228
1384 35 51 0.2205
1384 35 57 0.2835
1420 35 50 0.252
1420 35 58 0.3228
1455 35 48 0.2205
1455 35 60 0.2835
1473 17 77 0.378
1491 142 74 0.4094
1491 35 46 0.3937
1526 35 53 0.2205
1526 35 62 0.2835
1562 35 52 0.252
1562 35 55 0.3228
1597 35 51 0.2205
1597 35 57 0.2835
1633 35 50 0.252
1633 35 58 0.3228
1668 35 48 0.2283
1668 35 60 0.2913
1704 213 82 0.5512
1704 35 43 0.3937
1739 35 62 0.3307
1775 35 61 0.2598
1775 35 64 0.3307
1810 35 60 0.2598
1810 35 66 0.3386
1846 35 58 0.2835
1846 35 67 0.3622
1881 35 57 0.2913
1881 35 69 0.378
1917 195 70 0.4803
1917 35 46 0.3937
1952 35 58 0.315
1988 35 57 0.252
1988 35 60 0.315
2023 35 56 0.252
2023 35 62 0.3228
2059 35 55 0.2756
2059 35 63 0.3465
2094 35 53 0.2992
2094 35 65 0.378
2112 17 70 0.4252
2130 213 79 0.5197
2130 35 39 0.3937
2165 35 55 0.315
2201 35 54 0.252
2201 35 57 0.315
2236 35 53 0.252
2236 35 59 0.3228
2272 35 51 0.2756
2272 35 60 0.3465
2307 35 50 0.2835
2307 35 62 0.3622
2343 34 67 0.4724
2343 35 48 0.3937
2378 7 67 0.3858
2378 35 55 0.252
2378 35 63 0.315
2385 7 69 0.3858
2392 7 67 0.3858
2399 7 66 0.3858
2407 7 67 0.4016
2414 71 75 0.4488
2414 35 54 0.252
2414 35 57 0.315
2449 35 53 0.252
2449 35 59 0.3228
2485 71 72 0.4331
2485 35 51 0.2756
2485 35 60 0.3465
2520 35 48 0.2756
2520 35 63 0.3543
2556 35 69 0.4331
2556 35 41 0.3937
2591 35 77 0.3937
2591 35 86 0.4961
2591 35 74 0.3937
2591 35 65 0.315
2627 35 79 0.4724
2627 35 76 0.378
2627 35 67 0.378
2627 35 64 0.2992
2662 35 81 0.4567
2662 35 75 0.3622
2662 35 69 0.3622
2662 35 63 0.2835
2698 35 74 0.3465
2698 35 82 0.4331
2698 35 62 0.2756
2698 35 70 0.3465
2733 35 73 0.3228
2733 35 77 0.4094
2733 35 65 0.3228
2733 35 61 0.252
2769 35 80 0.4724
2769 35 72 0.378
2769 35 60 0.2992
2769 35 68 0.378
2804 35 70 0.3622
2804 35 78 0.4567
2804 35 66 0.3622
2804 35 58 0.2835
2840 35 72 0.4488
2840 35 69 0.3543
2840 35 57 0.2835
2840 35 60 0.3543
2875 35 68 0.3386
2875 35 74 0.4331
2875 35 56 0.2677
2875 35 62 0.3465
2911 35 67 0.3307
2911 35 75 0.4252
2911 35 63 0.3386
2911 35 55 0.2598
2946 35 70 0.4094
2946 35 66 0.3228
2946 35 54 0.252
2946 35 58 0.3228
2982 35 46 0.3937
3017 35 65 0.3386
3017 35 74 0.4331
3017 35 53 0.2677
3017 35 62 0.3386
3053 35 67 0.4252
3053 35 64 0.3386
3053 35 52 0.2677
3053 35 55 0.3386
3088 35 63 0.3228
3088 35 69 0.4094
3088 35 51 0.252
3088 35 57 0.3228
3124 35 62 0.315
3124 35 70 0.3937
3124 35 50 0.252
3124 35 58 0.315
3159 35 65 0.3701
3159 35 53 0.2913
3195 35 58 0.4016
3195 35 46 0.3937
3230 35 53 0.2756
3230 35 62 0.3465
3266 35 52 0.252
3266 35 55 0.3228
3301 35 51 0.2362
3301 35 57 0.2992
3337 35 50 0.2283
3337 35 58 0.2835
3372 35 46 0.252
3408 213 70 0.6063
3408 213 73 0.6063
3408 213 82 0.7087
3408 35 30 0.5039
3443 35 49 0.3228
3443 35 58 0.3858
3479 35 61 0.4173
3479 35 54 0.3465
3514 35 63 0.378
3514 35 58 0.315
3550 35 54 0.3622
3550 35 61 0.4331
3585 35 49 0.3307
3585 35 58 0.3937
3621 142 70 0.5591
3621 142 66 0.5591
3621 142 78 0.6614
3621 35 54 0.3465
3621 35 61 0.4173
3656 35 58 0.3228
3656 35 63 0.3858
3692 35 61 0.4173
3692 35 54 0.3465
3727 35 58 0.378
3727 35 49 0.315
3763 71 71 0.5197
3763 71 83 0.6142
3763 71 75 0.5197
3763 35 54 0.3622
3763 35 61 0.4331
3798 35 58 0.3307
3798 35 63 0.3937
3834 213 70 0.5591
3834 213 73 0.5591
3834 213 82 0.6614
3834 35 54 0.3465
3834 35 61 0.4173
3869 35 49 0.3228
3869 35 58 0.3858
3905 35 61 0.4173
3905 35 54 0.3465
3940 35 63 0.378
3940 35 58 0.315
3976 35 54 0.3622
3976 35 61 0.4331
4011 35 49 0.3307
4011 35 58 0.3937
4047 213 70 0.5354
4047 213 78 0.6299
4047 213 66 0.5354
4047 35 61 0.4173
4047 35 54 0.3465
4082 35 63 0.3858
4082 35 58 0.3228
4118 35 61 0.4173
4118 35 54 0.3465
4153 35 58 0.378
4153 35 49 0.315
4189 35 54 0.3622
4189 35 61 0.4331
4224 35 58 0.3307
4224 35 63 0.3937
4260 142 73 0.5984
4260 142 85 0.7087
4260 142 82 0.5984
4260 35 54 0.3465
4260 35 61 0.4173
4295 35 49 0.3228
4295 35 58 0.3858
4331 35 61 0.4173
4331 35 54 0.3465
4366 35 58 0.315
4366 35 63 0.378
4402 71 82 0.685
4402 71 70 0.5748
4402 71 78 0.5748
4402 35 54 0.3622
4402 35 61 0.4331
4437 35 49 0.3307
4437 35 58 0.3937
4473 142 90 0.7323
4473 142 78 0.6142
4473 142 82 0.6142
4473 35 54 0.3465
4473 35 61 0.4173
4508 35 63 0.3858
4508 35 58 0.3228
4544 35 61 0.4173
4544 35 54 0.3465
4579 35 58 0.378
4579 35 49 0.315
4615 53 85 0.6614
4615 53 82 0.5748
4615 53 73 0.5433
4615 35 61 0.4331
4615 35 54 0.3622
4650 35 58 0.315
4650 35 63 0.378
4668 17 80 0.5354
4668 17 83 0.622
4668 17 71 0.5354
4686 71 71 0.5276
4686 71 80 0.5276
4686 71 83 0.622
4686 35 54 0.3386
4686 35 61 0.4016
4721 35 49 0.2913
4721 35 58 0.3622
4757 71 78 0.4803
4757 71 70 0.4803
4757 71 82 0.5591
4757 35 54 0.3071
4757 35 61 0.378
4792 35 58 0.2677
4792 35 63 0.3307
4828 35 54 0.2835
4828 35 61 0.3465
4863 35 58 0.3307
4863 35 49 0.2677
4899 35 54 0.2835
4899 35 61 0.3465
4934 35 58 0.2598
4934 35 63 0.315
4970 35 61 0.3465
4970 35 54 0.2835
5005 35 58 0.3071
5005 35 49 0.2598
5041 35 54 0.2913
5041 35 61 0.3622
5076 35 58 0.2677
5076 35 63 0.3307
5112 213 70 0.3386
5112 213 82 0.4016
5112 213 73 0.3386
5112 35 54 0.1969
5112 35 64 0.2126
5147 35 58 0.1811
5147 35 61 0.2126
5183 35 66 0.2283
5183 35 54 0.1969
5218 35 63 0.2126
5218 35 58 0.1811
5254 35 54 0.2047
5254 35 64 0.2362
5289 35 58 0.189
5289 35 61 0.2205
5325 142 66 0.3071
5325 142 70 0.3071
5325 142 78 0.378
5325 35 54 0.2283
5360 35 58 0.1811
5360 35 63 0.2126
5396 35 64 0.2283
5396 35 54 0.1969
5431 35 61 0.2126
5431 35 58 0.1811
5467 71 75 0.2913
5467 71 83 0.3465
5467 71 71 0.2913
5467 35 54 0.2047
5467 35 66 0.2362
5502 35 58 0.189
5502 35 63 0.2205
5538 213 70 0.3071
5538 213 73 0.3071
5538 213 82 0.378
5538 35 54 0.1969
5538 35 64 0.2126
5573 35 58 0.1811
5573 35 61 0.2126
5609 35 66 0.2283
5609 35 54 0.1969
5644 35 63 0.2126
5644 35 58 0.1811
5680 35 54 0.2047
5680 35 64 0.2362
5715 35 58 0.189
5715 35 61 0.2205
5751 213 70 0.2992
5751 177 66 0.2992
5751 213 78 0.3622
5751 35 54 0.2283
5786 35 58 0.1811
5786 35 63 0.2126
5822 35 64 0.2283
5822 35 54 0.1969
5857 35 61 0.2126
5857 35 58 0.1811
5893 35 54 0.2047
5893 71 66 0.2362
5928 35 58 0.189
5928 35 63 0.2205
5964 142 73 0.3386
5964 142 82 0.3386
5964 142 85 0.4016
5964 35 54 0.1969
5964 35 64 0.2126
5999 35 58 0.1811
5999 35 61 0.2126
6035 35 66 0.2283
6035 35 54 0.1969
6071 35 63 0.2126
6071 35 58 0.1811
6106 71 70 0.315
6106 71 82 0.3858
6106 71 78 0.315
6106 35 54 0.2047
6106 35 64 0.2362
6142 35 58 0.189
6142 35 61 0.2205
6177 142 82 0.3465
6177 142 78 0.3465
6177 142 90 0.4094
6177 35 66 0.2283
6177 35 54 0.1969
6213 35 58 0.1811
6213 35 63 0.2126
6248 35 64 0.2283
6248 35 54 0.1969
6284 35 61 0.2126
6284 35 58 0.1811
6319 53 85 0.378
6319 53 82 0.315
6319 53 73 0.2992
6319 35 54 0.2047
6319 35 66 0.2362
6355 35 58 0.189
6355 35 63 0.2205
6372 17 80 0.2992
6372 17 71 0.2992
6372 17 83 0.3622
6390 71 71 0.2992
6390 71 83 0.3622
6390 71 80 0.2992
6390 35 54 0.1969
6390 35 64 0.2126
6426 35 58 0.1811
6426 35 61 0.2126
6461 71 70 0.2992
6461 71 78 0.2992
6461 71 82 0.3465
6461 35 66 0.2283
6461 35 54 0.1969
6497 35 63 0.2126
6497 35 58 0.1811
6532 35 54 0.2047
6532 35 64 0.2362
6568 35 58 0.189
6568 35 61 0.2205
6603 35 66 0.2677
6603 35 54 0.2283
6639 35 58 0.2283
6639 35 63 0.2598
6674 35 64 0.315
6674 35 54 0.2598
6710 35 61 0.3071
6710 35 58 0.252
6745 35 54 0.2992
6745 35 64 0.3622
6781 35 58 0.2913
6781 35 60 0.3543
6816 71 77 0.4882
6816 35 29 0.4488
6852 35 65 0.3622
6852 35 53 0.315
6887 35 64 0.2835
6887 35 67 0.3622
6887 35 52 0.252
6887 35 55 0.315
6923 35 63 0.2913
6923 35 69 0.378
6923 35 51 0.252
6923 35 57 0.3307
6958 35 70 0.4094
6958 35 62 0.3228
6958 35 50 0.2835
6958 35 58 0.3543
6994 35 72 0.3937
6994 35 60 0.3543
6994 35 48 0.3071
7029 35 74 0.4724
7029 35 41 0.4173
7065 35 65 0.3858
7065 35 53 0.3307
7100 35 64 0.2992
7100 35 67 0.3858
7100 35 52 0.2677
7100 35 55 0.3386
7136 35 63 0.3071
7136 35 69 0.4016
7136 35 51 0.2756
7136 35 57 0.3543
7171 35 70 0.4331
7171 35 62 0.3465
7171 35 50 0.2992
7171 35 58 0.378
7207 35 74 0.4173
7207 35 53 0.3307
7242 71 79 0.5039
7242 35 41 0.4409
7278 35 67 0.4094
7278 35 55 0.3543
7313 35 69 0.4094
7313 35 66 0.3228
7313 35 54 0.2835
7313 35 57 0.3622
7349 35 71 0.4252
7349 35 65 0.3228
7349 35 53 0.2913
7349 35 59 0.3701
7384 35 72 0.4567
7384 35 63 0.3622
7384 35 51 0.315
7384 35 60 0.4016
7420 35 74 0.4409
7420 35 62 0.3937
7420 35 50 0.3465
7455 71 75 0.5827
7455 35 41 0.5197
7491 35 67 0.4724
7491 35 55 0.4094
7526 35 69 0.4882
7526 35 66 0.3701
7526 35 54 0.3386
7526 35 57 0.4173
7562 35 65 0.3858
7562 35 71 0.4961
7562 35 53 0.3386
7562 35 59 0.4409
7597 35 63 0.4331
7597 35 72 0.5512
7597 35 51 0.378
7597 35 60 0.4803
7633 35 75 0.5354
7633 35 55 0.4173
7668 71 81 0.6378
7668 35 41 0.5669
7704 35 69 0.5197
7704 35 57 0.4488
7739 35 68 0.4173
7739 35 71 0.5276
7739 35 56 0.3622
7739 35 59 0.4646
7775 35 73 0.5591
7775 35 67 0.4173
7775 35 55 0.3701
7775 35 61 0.4882
7810 35 65 0.4803
7810 35 74 0.5984
7810 35 53 0.4173
7810 35 62 0.5276
7846 35 77 0.5827
7846 35 57 0.4646
7881 71 82 0.7087
7881 35 41 0.622
7917 35 70 0.5748
7917 35 58 0.4961
7952 35 69 0.4567
7952 35 72 0.5906
7952 35 57 0.4094
7952 35 60 0.5118
7988 35 74 0.5984
7988 35 68 0.4567
7988 35 56 0.4094
7988 35 62 0.5276
8023 35 67 0.5197
8023 35 75 0.6535
8023 35 55 0.4488
8023 35 63 0.5748
8059 35 66 0.5748
8059 35 78 0.6378
8059 35 54 0.5039
8094 35 29 0.6693
8094 35 41 0.7953
8130 35 77 0.6614
8130 35 65 0.5276
8165 35 82 0.622
8165 35 78 0.622
8165 35 87 0.7244
8165 35 70 0.4882
8165 35 66 0.4882
8165 35 75 0.5748
8201 35 77 0.6693
8201 35 65 0.5276
8236 35 82 0.6063
8236 35 78 0.6063
8236 35 87 0.7165
8236 35 66 0.4803
8236 35 70 0.4803
8236 35 75 0.5669
8272 35 77 0.6772
8272 35 65 0.5433
8307 35 78 0.6457
8307 35 87 0.7559
8307 35 82 0.6457
8307 35 70 0.5197
8307 35 66 0.5197
8307 35 75 0.6063
8343 35 77 0.7008
8343 35 65 0.5512
8378 35 78 0.6299
8378 35 87 0.748
8378 35 82 0.6299
8378 35 66 0.4961
8378 35 70 0.4961
8378 35 75 0.5906
8414 35 77 0.7165
8414 35 65 0.5591
8449 35 82 0.6693
8449 35 78 0.6693
8449 35 87 0.7953
8449 35 70 0.5354
8449 35 66 0.5354
8449 35 75 0.6299
8485 35 77 0.7323
8485 35 65 0.5748
8520 35 78 0.622
8520 35 87 0.7874
8520 35 69 0.4331
8520 35 66 0.4331
8520 35 75 0.5433
8556 35 86 0.7244
8556 35 77 0.5748
8556 35 74 0.4961
8556 35 65 0.3937
8591 35 79 0.7008
8591 35 76 0.5512
8591 35 64 0.3858
8591 35 67 0.4882
8627 35 75 0.4724
8627 35 81 0.6142
8627 35 63 0.3228
8627 35 69 0.4331
8662 35 82 0.6693
8662 35 74 0.5276
8662 35 62 0.3622
8662 35 70 0.4646
8698 35 73 0.4646
8698 35 77 0.5984
8698 35 61 0.315
8698 35 65 0.4173
8733 35 72 0.4961
8733 35 80 0.6299
8733 35 60 0.3386
8733 35 68 0.4409
8769 35 78 0.5984
8769 35 70 0.4646
8769 35 58 0.315
8769 35 66 0.4173
8804 35 69 0.4646
8804 35 72 0.5906
8804 35 57 0.315
8804 35 60 0.4094
8840 35 74 0.5669
8840 35 68 0.4488
8840 35 56 0.2992
8840 35 62 0.3937
8875 35 67 0.4724
8875 35 75 0.5984
8875 35 55 0.3228
8875 35 63 0.4252
8911 35 66 0.4331
8911 35 70 0.5433
8911 35 54 0.2992
8911 35 58 0.3701
8946 35 73 0.6142
8946 35 65 0.4882
8946 35 53 0.3386
8946 35 61 0.4252
8982 35 64 0.4331
8982 35 72 0.5512
8982 35 52 0.252
8982 35 60 0.3937
9017 35 67 0.5512
9017 35 63 0.4252
9017 35 51 0.2835
9017 35 55 0.3858
9053 35 62 0.4173
9053 35 68 0.5197
9053 35 50 0.2835
9053 35 56 0.3543
9088 35 61 0.4331
9088 35 69 0.5512
9088 35 49 0.2835
9088 35 57 0.378
9124 35 63 0.5118
9124 35 60 0.4094
9124 35 48 0.2835
9124 35 51 0.3543
9159 35 58 0.4488
9159 35 66 0.5748
9159 35 46 0.2913
9159 35 54 0.3858
9195 35 65 0.5118
9195 35 57 0.4094
9195 35 45 0.2835
9195 35 53 0.3543
9230 35 56 0.4331
9230 35 60 0.5512
9230 35 44 0.2913
9230 35 48 0.378
9266 35 55 0.3701
9266 35 62 0.4724
9266 35 43 0.252
9266 35 50 0.315
9301 71 63 0.5433
9301 35 54 0.4094
9301 35 42 0.2913
9301 35 51 0.3543
9337 35 53 0.3937
9337 35 57 0.4882
9337 35 41 0.2756
9372 35 58 0.4488
9372 35 62 0.5748
9372 35 53 0.4488
9372 35 34 0.3937
9408 35 52 0.3386
9443 35 53 0.3701
9479 35 58 0.3386
9514 35 57 0.3386
9550 35 55 0.3386
9585 35 41 0.4331
9621 35 66 0.3465
9621 35 75 0.4409
9621 35 54 0.2756
9621 35 63 0.3465
9656 35 69 0.4252
9656 35 65 0.3386
9656 35 53 0.2677
9656 35 57 0.3386
9692 35 64 0.3071
9692 35 70 0.3937
9692 35 52 0.2441
9692 35 58 0.3071
9727 71 63 0.315
9727 71 72 0.3937
9727 35 51 0.252
9727 35 60 0.315
9763 35 66 0.3701
9763 35 54 0.2913
9798 71 62 0.3543
9798 71 65 0.3543
9798 71 70 0.3543
9798 71 74 0.4567
9798 35 46 0.3937
9834 35 52 0.3386
9869 35 53 0.3622
9905 35 58 0.3071
9940 35 57 0.3386
9976 35 55 0.2913
10011 35 41 0.4252
10047 35 75 0.4409
10047 35 66 0.3465
10047 35 54 0.2756
10047 35 63 0.3465
10082 35 65 0.3386
10082 35 69 0.4252
10082 35 53 0.2677
10082 35 57 0.3386
10118 35 70 0.3937
10118 35 64 0.3071
10118 35 52 0.2441
10118 35 58 0.3071
10153 71 63 0.315
10153 71 72 0.3937
10153 35 51 0.252
10153 35 60 0.315
10189 35 66 0.3701
10189 35 54 0.2913
10224 71 65 0.3543
10224 71 70 0.3543
10224 71 62 0.3543
10224 71 74 0.4567
10224 35 34 0.3937
10260 35 40 0.3386
10295 35 41 0.3622
10331 35 46 0.3071
10366 35 45 0.3386
10402 35 43 0.2913
10437 213 67 0.4567
10437 106 62 0.4567
10437 213 55 0.3858
10437 106 58 0.3858
10437 142 31 0.3701
10544 35 60 0.4252
10579 35 63 0.4567
10579 71 33 0.3465
10615 35 62 0.4016
10650 213 58 0.378
10650 213 53 0.378
10650 142 62 0.4488
10650 213 65 0.4488
10650 35 34 0.3937
10686 35 40 0.3386
10721 35 41 0.3622
10757 35 46 0.3071
10792 35 45 0.3386
10828 35 43 0.2913
10863 106 58 0.3858
10863 106 62 0.4567
10863 213 55 0.3858
10863 213 67 0.4567
10863 142 31 0.3701
10970 35 60 0.4252
11005 35 63 0.4567
11005 71 33 0.3465
11041 35 62 0.4016
11076 639 53 0.378
11076 639 58 0.378
11076 639 62 0.4488
11076 639 65 0.4488
11076 35 34 0.3937
11112 35 40 0.3386
11147 35 41 0.3622
11183 35 46 0.3071
11218 35 45 0.3386
11254 35 43 0.2913
11289 35 34 0.3937
11325 35 40 0.3386
11360 35 41 0.3937
11396 35 46 0.3386
11431 35 45 0.4016
11467 35 43 0.378
11502 35 34 0.3937
11538 35 40 0.3386
11573 35 41 0.3937
11607 35 48 0.3386
11644 35 45 0.4016
11680 35 46 0.378
11715 35 51 0.4409
11751 35 49 0.4173
11786 35 50 0.4803
11822 35 55 0.4331
11857 35 52 0.4882
11893 35 53 0.4567
11928 71 62 0.5433
12142 213 60 0.4724
12142 213 53 0.4724
12142 213 63 0.5591
12142 213 65 0.5591
12142 213 41 0.4173
12142 213 29 0.3543
12355 213 65 0.5591
12355 213 58 0.4803
12355 213 62 0.5669
12355 213 53 0.4803
12355 213 34 0.3622
12355 213 46 0.4331
