100 20 59 0.3622
100 20 62 0.4331
120 19 59 0.3858
120 19 62 0.4646
140 19 55 0.4331
160 18 62 0.3937
160 18 67 0.3937
160 18 71 0.4646
180 60 62 0.4094
180 60 67 0.4094
180 60 71 0.4961
240 39 59 0.3228
240 39 67 0.3858
280 19 62 0.378
280 19 71 0.4488
300 20 62 0.3858
300 20 71 0.4646
320 20 59 0.3622
320 20 67 0.4331
340 18 71 0.4094
340 18 74 0.4094
340 18 79 0.4961
360 60 71 0.4252
360 60 74 0.4252
360 60 79 0.5118
420 40 67 0.3228
420 40 71 0.3228
420 40 74 0.3858
460 20 79 0.5118
460 20 86 0.6063
480 19 79 0.5512
480 19 86 0.6457
500 20 74 0.4803
500 20 83 0.5748
520 19 71 0.4803
520 19 79 0.5748
540 20 71 0.4961
540 20 79 0.5984
560 20 67 0.4331
560 20 74 0.5197
580 19 62 0.4331
580 19 71 0.5197
600 60 67 0.4803
600 60 74 0.5748
660 39 60 0.2992
660 39 62 0.2992
660 39 66 0.2992
660 39 69 0.3543
700 20 71 0.3465
720 100 59 0.2598
720 100 62 0.2835
720 100 67 0.3386
820 19 62 0.4252
840 40 62 0.378
840 40 67 0.4488
880 19 62 0.378
880 19 66 0.4488
900 100 62 0.378
900 100 69 0.4488
1000 20 67 0.4488
1020 40 67 0.4094
1020 40 72 0.4803
1060 19 67 0.378
1060 19 71 0.4488
1080 100 64 0.4016
1080 100 67 0.4016
1080 100 76 0.4724
1180 19 67 0.4252
1180 19 74 0.5118
1200 40 67 0.4567
1200 40 74 0.5433
1240 20 66 0.4252
1240 20 74 0.5118
1260 100 67 0.4646
1260 39 79 0.5433
1300 20 74 0.5039
1320 40 71 0.5039
1360 14 62 0.3543
1360 14 67 0.4173
1375 5 69 0.4016
1380 40 61 0.3701
1380 19 67 0.4331
1400 20 66 0.4094
1420 19 61 0.2913
1420 19 67 0.3543
1440 100 62 0.3307
1440 59 71 0.3858
1500 40 69 0.3622
1540 20 60 0.3071
1540 20 62 0.4252
1560 39 59 0.378
1560 39 62 0.378
1560 39 67 0.4488
1600 19 57 0.378
1600 19 62 0.378
1600 19 66 0.4488
1620 100 60 0.378
1620 100 62 0.378
1620 100 69 0.4488
1720 20 59 0.4173
1720 20 62 0.4173
1720 20 67 0.5118
1740 39 60 0.4646
1740 39 67 0.4646
1740 39 72 0.5512
1780 19 59 0.4252
1780 19 67 0.4252
1780 19 71 0.5118
1800 100 64 0.4567
1800 100 67 0.4567
1800 100 76 0.5433
1900 20 62 0.4803
1900 20 67 0.4803
1900 20 74 0.5827
1920 39 74 0.5197
1920 39 67 0.5197
1920 39 79 0.6142
1960 19 72 0.4803
1960 19 67 0.4803
1960 19 79 0.5827
1980 40 71 0.5276
1980 40 79 0.6142
2020 19 67 0.4488
2020 19 71 0.4488
2020 19 74 0.5433
2040 39 62 0.4488
2040 39 67 0.4488
2040 39 71 0.5433
2080 19 62 0.315
2080 19 67 0.315
2080 19 71 0.3701
2100 60 66 0.3307
2100 60 62 0.3307
2100 60 60 0.3307
2100 40 72 0.3858
2140 19 69 0.3543
2160 60 59 0.2992
2160 60 62 0.3307
2160 60 67 0.3858
2260 19 59 0.2677
2260 19 62 0.2677
2260 19 67 0.3228
2280 40 57 0.3071
2280 40 62 0.3071
2280 40 66 0.3622
2320 19 59 0.2677
2320 19 62 0.2677
2320 19 67 0.3228
2340 159 62 0.3071
2340 39 71 0.3622
2380 19 60 0.2677
2380 19 69 0.3228
2400 100 57 0.2677
2400 100 66 0.3228
2500 20 59 0.2835
2500 20 62 0.2835
2500 20 67 0.3386
2520 159 62 0.2992
2520 39 71 0.3543
2560 19 60 0.2677
2560 19 69 0.3228
2580 100 57 0.2677
2580 100 66 0.3228
2680 19 59 0.378
2680 19 62 0.378
2680 19 67 0.4488
2700 40 65 0.4409
2700 40 74 0.5197
2740 19 65 0.4488
2740 19 74 0.5276
2760 39 64 0.4488
2760 39 65 0.4882
2760 39 72 0.5433
2800 20 62 0.4252
2800 20 65 0.4252
2800 20 71 0.5039
2820 39 60 0.3701
2820 39 64 0.3701
2820 39 69 0.4409
2860 18 59 0.2992
2860 18 62 0.2992
2860 18 64 0.2992
2860 18 68 0.3543
2880 60 59 0.3071
2880 60 62 0.3071
2880 100 64 0.3071
2880 60 68 0.3622
2940 39 60 0.2677
2940 39 69 0.3228
2980 19 64 0.2677
2980 19 72 0.3228
3000 40 62 0.3071
3000 40 71 0.3622
3040 19 64 0.2677
3040 19 72 0.3228
3060 100 67 0.3071
3060 39 76 0.3622
3100 20 65 0.2677
3100 20 74 0.3228
3120 100 62 0.2756
3120 100 71 0.3307
3160 19 67 0.3071
3180 40 67 0.3465
3220 19 64 0.315
3220 19 67 0.315
3220 19 72 0.378
3240 100 67 0.3465
3240 40 76 0.4094
3280 19 65 0.3228
3280 19 74 0.3858
3300 100 62 0.3228
3300 100 71 0.3937
3340 20 67 0.378
3360 39 67 0.4252
3400 20 64 0.5039
3400 20 67 0.5039
3400 20 72 0.5984
3420 39 76 0.5197
3420 39 79 0.6063
3460 20 74 0.5276
3460 20 78 0.6142
3480 39 72 0.5433
3480 39 76 0.5984
3520 19 71 0.4803
3520 19 74 0.5827
3540 40 69 0.4567
3540 40 72 0.5512
3580 19 67 0.3071
3580 19 71 0.3701
3600 60 71 0.3071
3600 60 74 0.3622
3660 39 66 0.2677
3660 39 69 0.3228
3700 20 60 0.3071
3700 20 62 0.4252
3720 39 59 0.378
3720 39 62 0.378
3720 39 67 0.4488
3760 20 57 0.378
3760 20 62 0.378
3760 20 66 0.4488
3780 100 60 0.378
3780 100 62 0.378
3780 100 69 0.4488
3880 19 59 0.4016
3880 19 62 0.4016
3880 19 67 0.4882
3900 40 64 0.4488
3900 40 67 0.4488
3900 40 72 0.5276
3940 19 62 0.4094
3940 19 67 0.4094
3940 19 71 0.4882
3960 100 64 0.4409
3960 100 67 0.4409
3960 100 76 0.5197
4060 20 67 0.4252
4060 20 74 0.5118
4080 39 67 0.4567
4080 39 64 0.4567
4080 39 74 0.5433
4120 20 66 0.4252
4120 20 74 0.5118
4140 100 67 0.4646
4140 39 79 0.5827
4180 19 74 0.5039
4200 40 71 0.5039
4240 14 62 0.3543
4240 14 67 0.4173
4255 4 69 0.3858
4260 39 61 0.3465
4260 20 67 0.4094
4280 19 66 0.3858
4300 20 61 0.3071
4300 20 67 0.3701
4320 100 62 0.3465
4320 60 71 0.3937
4380 39 69 0.3858
4420 20 62 0.3465
4420 20 69 0.4094
4440 39 62 0.3701
4440 39 71 0.4409
4480 19 62 0.3543
4480 19 72 0.4488
4500 100 62 0.3858
4500 40 76 0.4803
4540 19 74 0.4173
4560 39 71 0.4173
4600 20 62 0.3622
4600 20 69 0.4252
4620 39 62 0.3858
4620 39 71 0.4567
4660 20 62 0.3701
4660 20 72 0.4646
4680 100 62 0.4016
4680 39 76 0.5039
4720 20 74 0.4331
4740 39 71 0.4331
4780 19 67 0.5591
4800 40 69 0.4961
4800 40 76 0.5354
4800 40 67 0.4961
4800 40 79 0.6142
4840 19 69 0.4567
4840 19 76 0.5039
4840 19 67 0.4567
4840 19 79 0.5906
4860 60 67 0.5039
4860 60 74 0.5433
4860 60 79 0.6299
4920 39 71 0.4331
4920 39 74 0.5276
4960 20 67 0.3543
4960 20 71 0.4173
4980 60 66 0.3701
4980 19 72 0.4331
5000 20 76 0.3937
5020 20 74 0.3937
5040 59 66 0.3701
5040 59 72 0.4331
5100 40 67 0.3622
5100 40 71 0.4173
5140 18 62 0.3465
5140 18 69 0.4094
5160 20 62 0.3701
5160 20 69 0.4409
5180 19 62 0.3701
5180 19 71 0.4409
5200 20 62 0.3543
5200 20 72 0.4488
5220 79 62 0.4016
5220 39 76 0.5039
5260 20 74 0.4331
5280 19 71 0.4331
5300 20 62 0.3465
5300 20 69 0.4252
5320 20 62 0.3543
5320 20 68 0.4409
5340 19 62 0.4016
5340 19 69 0.4724
5360 20 62 0.4016
5360 20 71 0.4724
5380 19 62 0.3858
5380 19 72 0.4803
5400 100 62 0.4173
5400 40 76 0.5276
5440 19 74 0.4488
5460 39 71 0.4488
5500 20 67 0.5591
5520 39 69 0.4961
5520 39 76 0.5354
5520 39 67 0.4961
5520 39 79 0.6142
5560 20 69 0.4567
5560 20 76 0.5039
5560 20 67 0.4567
5560 20 79 0.5906
5580 60 67 0.5039
5580 60 71 0.5433
5580 60 79 0.6299
5640 39 71 0.4488
5640 39 74 0.5512
5680 19 83 0.5669
5700 40 79 0.5512
5740 19 74 0.5354
5740 19 78 0.5354
5760 39 72 0.5197
5760 39 76 0.5197
5800 20 71 0.5039
5800 20 74 0.5039
5820 39 67 0.4724
5820 39 72 0.4724
5860 20 67 0.4803
5860 20 71 0.4803
5880 39 64 0.4567
5880 39 67 0.4567
5880 39 69 0.4567
5920 18 76 0.4567
5940 59 76 0.4567
6000 40 69 0.4094
6060 39 72 0.4094
6060 39 66 0.3465
6100 20 66 0.3228
6100 20 71 0.3858
6120 100 66 0.3228
6120 120 69 0.3858
6220 20 59 0.3622
6220 20 62 0.4331
6240 39 67 0.4724
6240 19 59 0.3858
6240 19 62 0.4646
6260 20 55 0.4331
6280 18 62 0.3937
6280 18 67 0.3937
6280 18 71 0.4646
6300 60 62 0.4094
6300 60 67 0.4094
6300 60 71 0.4961
6360 39 59 0.3228
6360 39 67 0.3858
6400 20 62 0.4094
6400 20 71 0.4882
6420 20 62 0.4173
6420 20 71 0.5039
6440 20 59 0.3937
6440 20 67 0.4724
6460 18 71 0.4488
6460 18 74 0.4488
6460 18 79 0.5433
6480 60 71 0.4646
6480 60 74 0.4646
6480 60 79 0.5591
6540 39 67 0.3543
6540 39 71 0.3543
6540 39 74 0.4252
6580 20 79 0.5118
6580 20 86 0.6063
6600 20 79 0.5512
6600 20 86 0.6457
6620 20 74 0.4803
6620 20 83 0.5748
6640 18 71 0.4803
6640 18 79 0.5748
6660 19 71 0.4961
6660 19 79 0.5984
6680 20 67 0.4331
6680 20 74 0.5197
6700 20 62 0.4331
6700 20 71 0.5197
6720 59 67 0.4803
6720 59 74 0.5748
6780 40 60 0.2992
6780 40 62 0.2992
6780 40 66 0.2992
6780 40 69 0.3543
6820 20 71 0.3465
6840 100 59 0.2835
6840 100 62 0.2835
6840 100 67 0.3386
120 39 31 0.2677
120 39 43 0.315
180 100 31 0.2756
180 100 43 0.3307
300 40 31 0.2677
300 40 43 0.315
360 100 31 0.315
360 100 43 0.378
460 20 71 0.4173
480 19 71 0.4409
500 20 67 0.4094
520 20 62 0.4094
540 20 62 0.4488
560 20 59 0.4016
580 19 55 0.4016
600 60 50 0.3622
600 60 59 0.4252
660 39 38 0.252
660 39 50 0.2992
720 40 31 0.2205
720 40 43 0.2598
820 19 50 0.3071
840 40 47 0.2756
840 40 50 0.2756
840 40 55 0.3386
880 19 45 0.252
880 19 50 0.252
880 19 54 0.2992
900 100 48 0.2756
900 100 50 0.2756
900 100 57 0.3386
1000 20 47 0.2756
1000 20 50 0.2756
1000 20 55 0.3386
1020 40 52 0.2992
1020 40 55 0.2992
1020 40 60 0.3622
1060 19 50 0.2756
1060 19 55 0.2756
1060 19 59 0.3386
1080 100 60 0.3701
1180 19 62 0.3701
1180 19 59 0.3071
1200 40 62 0.3858
1200 40 59 0.315
1240 20 62 0.378
1240 20 60 0.315
1240 20 57 0.315
1260 100 55 0.3465
1260 100 62 0.4094
1260 100 59 0.3465
1360 19 55 0.2598
1360 19 59 0.3071
1380 40 52 0.2835
1380 40 55 0.3465
1420 19 52 0.2205
1420 19 55 0.2677
1440 100 50 0.2283
1440 59 55 0.252
1440 59 59 0.3071
1500 40 54 0.2126
1500 40 57 0.252
1560 59 43 0.2756
1560 59 50 0.3386
1620 100 38 0.2756
1620 100 50 0.3386
1720 20 43 0.3071
1720 20 50 0.3858
1740 39 52 0.3386
1740 39 55 0.3386
1780 19 50 0.3071
1780 19 55 0.3071
1800 100 48 0.3622
1800 100 55 0.3622
1800 100 60 0.4173
1900 20 47 0.3465
1900 20 59 0.4173
1900 20 55 0.3465
1920 39 52 0.3622
1920 39 62 0.4331
1920 39 55 0.3622
1960 19 60 0.4252
1960 19 55 0.3622
1960 19 52 0.3622
1980 100 50 0.3937
1980 100 59 0.4646
1980 100 55 0.3937
2100 60 38 0.252
2100 100 50 0.3071
2160 39 43 0.2362
2200 15 50 0.252
2220 39 50 0.2835
2260 19 50 0.2598
2280 40 50 0.2835
2320 19 50 0.2677
2340 100 38 0.2362
2340 39 50 0.2835
2380 19 50 0.2598
2400 40 50 0.2835
2440 14 38 0.2126
2440 14 50 0.2598
2460 39 38 0.2362
2460 39 50 0.2835
2500 20 38 0.2126
2500 20 50 0.2598
2520 100 38 0.2362
2520 39 50 0.2835
2560 19 50 0.2598
2580 40 50 0.2835
2620 14 38 0.2126
2620 14 50 0.2677
2640 39 38 0.252
2640 39 50 0.2913
2680 19 38 0.2283
2680 19 50 0.2835
2700 100 38 0.3071
2700 40 50 0.3622
2740 19 50 0.315
2760 39 50 0.3622
2800 20 38 0.2677
2800 20 50 0.3228
2820 39 40 0.2677
2820 39 52 0.315
2860 18 40 0.2441
2860 18 52 0.2913
2880 60 40 0.2677
2880 100 52 0.315
2940 39 45 0.252
2980 19 52 0.2913
3000 40 52 0.315
3040 19 52 0.2992
3060 100 43 0.2677
3060 39 55 0.315
3100 20 55 0.2913
3120 39 55 0.3228
3160 14 43 0.252
3160 14 55 0.3071
3180 40 43 0.2913
3180 40 55 0.3465
3220 19 48 0.2756
3220 19 55 0.3307
3240 100 43 0.3071
3240 40 55 0.3622
3280 19 55 0.3465
3300 39 55 0.3858
3340 15 43 0.2992
3340 15 55 0.378
3360 39 43 0.3622
3360 39 55 0.4252
3400 20 48 0.3465
3400 20 55 0.4173
3420 39 64 0.3937
3420 39 67 0.4646
3460 20 62 0.4094
3460 20 66 0.4724
3480 39 64 0.4882
3480 39 60 0.4252
3520 19 59 0.3701
3520 19 62 0.4331
3540 40 60 0.4252
3540 40 57 0.3622
3580 19 49 0.2441
3580 19 59 0.2913
3580 19 55 0.2441
3600 60 59 0.2677
3600 60 62 0.315
3600 100 50 0.2677
3660 39 57 0.252
3660 39 54 0.252
3820 20 38 0.2756
3820 20 50 0.3386
3840 59 38 0.2756
3840 59 50 0.3386
3900 60 38 0.3228
3900 100 50 0.3228
3960 100 60 0.4016
4000 20 50 0.4173
4020 60 50 0.4173
4060 20 62 0.3701
4060 20 59 0.3071
4080 100 50 0.315
4080 39 61 0.3858
4080 39 58 0.315
4120 20 60 0.378
4120 20 57 0.315
4140 119 59 0.4331
4140 119 55 0.4331
4180 19 50 0.4331
4200 60 50 0.4331
4260 60 50 0.2677
4260 60 52 0.2677
4260 60 55 0.2677
4260 60 57 0.3228
4320 100 50 0.2441
4320 60 55 0.2677
4320 60 59 0.3228
4380 39 54 0.2205
4380 39 57 0.2677
4420 20 48 0.2756
4420 20 54 0.3622
4440 39 48 0.2835
4440 39 55 0.378
4480 19 48 0.2835
4480 19 57 0.3858
4500 100 47 0.3465
4500 40 60 0.378
4540 19 59 0.3465
4560 39 55 0.3465
4600 20 48 0.2835
4600 20 54 0.378
4620 39 48 0.2913
4620 39 55 0.3937
4660 20 48 0.2913
4660 20 57 0.4016
4680 100 47 0.3622
4680 39 60 0.3937
4720 20 59 0.3622
4740 39 55 0.3622
4780 19 55 0.4016
4800 40 48 0.3465
4800 40 57 0.4173
4800 40 55 0.3465
4840 19 57 0.4094
4840 19 55 0.3465
4840 19 48 0.3465
4860 100 50 0.378
4860 100 59 0.4409
4860 100 55 0.378
4960 20 55 0.3386
4980 19 57 0.3465
4980 60 50 0.2835
5000 20 60 0.315
5020 20 59 0.315
5040 59 50 0.315
5040 59 57 0.2835
5100 40 55 0.2835
5140 18 48 0.2756
5140 18 54 0.3622
5160 20 48 0.2835
5160 20 54 0.378
5180 19 48 0.2835
5180 19 55 0.378
5200 20 48 0.2835
5200 20 57 0.3858
5220 79 47 0.3622
5220 39 60 0.3937
5260 20 59 0.3622
5280 19 55 0.3622
5300 20 48 0.2598
5300 20 54 0.378
5320 20 48 0.2677
5320 20 53 0.3937
5340 19 48 0.2992
5340 19 54 0.4094
5360 20 48 0.2992
5360 20 55 0.4094
5380 19 48 0.2992
5380 19 57 0.4173
5400 100 47 0.378
5400 40 60 0.3937
5440 19 59 0.378
5460 39 55 0.378
5500 20 49 0.3465
5500 20 55 0.3465
5500 20 57 0.4016
5520 39 49 0.3465
5520 39 57 0.4173
5520 39 55 0.3465
5560 20 57 0.4094
5560 20 55 0.3465
5560 20 49 0.3465
5580 100 50 0.378
5580 100 59 0.4409
5580 100 55 0.378
5800 20 67 0.4724
5820 39 64 0.4724
5860 20 62 0.4488
5880 39 61 0.4488
5920 18 61 0.4488
5920 18 64 0.4488
5920 18 67 0.4488
5940 100 61 0.4173
5940 100 64 0.4173
5940 100 67 0.4173
6060 39 50 0.2677
6060 39 57 0.315
6100 20 50 0.2677
6100 20 62 0.315
6120 100 50 0.2441
6120 100 60 0.2913
6240 39 31 0.2677
6240 39 43 0.315
6300 100 31 0.2756
6300 100 43 0.3307
6420 40 31 0.2913
6420 40 43 0.3465
6480 100 38 0.4094
6580 20 62 0.3543
6580 20 71 0.4173
6600 20 62 0.3701
6600 20 71 0.4409
6620 20 67 0.4094
6640 18 62 0.4094
6660 19 50 0.3937
6660 19 62 0.4488
6680 20 59 0.4016
6700 20 55 0.4016
6720 59 59 0.4252
6780 40 38 0.252
6780 40 50 0.2992
6840 100 31 0.2362
6840 100 43 0.2835
