0 21 75 0.3386
21 21 80 0.2913
43 21 87 0.2913
65 21 90 0.2913
86 21 87 0.315
108 21 80 0.2677
130 10 73 0.3307
141 10 80 0.2913
152 10 85 0.2913
163 10 88 0.2913
173 21 75 0.3307
195 21 80 0.2913
217 21 87 0.2913
239 21 90 0.2913
260 21 87 0.315
282 21 80 0.2677
304 10 73 0.315
315 10 80 0.2913
326 10 85 0.2913
336 10 88 0.2913
347 21 75 0.3386
369 21 80 0.2835
391 21 87 0.2913
413 21 90 0.3071
434 21 80 0.3701
456 21 87 0.3071
478 21 92 0.3071
500 21 95 0.3071
521 21 80 0.3701
543 21 85 0.315
565 21 92 0.315
586 21 97 0.315
608 21 92 0.3543
630 21 85 0.315
652 10 78 0.3622
663 10 84 0.315
673 10 88 0.315
684 10 92 0.315
695 21 80 0.3622
717 21 85 0.315
739 21 92 0.315
760 21 97 0.315
782 21 92 0.3543
804 21 85 0.315
826 10 78 0.3543
836 10 84 0.315
847 10 88 0.315
858 10 92 0.315
869 21 80 0.378
891 21 85 0.3307
913 21 92 0.3386
934 21 97 0.3386
956 21 78 0.378
978 21 84 0.3307
1000 21 88 0.3307
1021 21 92 0.315
1043 10 74 0.3622
1054 10 80 0.3543
1065 10 84 0.3543
1076 10 88 0.3543
1086 10 85 0.3701
1097 10 81 0.3622
1108 10 77 0.3543
1119 10 71 0.3386
1130 10 68 0.3543
1141 10 74 0.3307
1152 10 78 0.3307
1163 10 82 0.3386
1173 10 79 0.3622
1184 10 75 0.3543
1195 10 71 0.3386
1206 10 65 0.315
1217 21 62 0.3937
1239 21 68 0.3386
1260 21 72 0.3465
1282 21 76 0.3465
1304 21 72 0.3701
1326 21 68 0.315
1347 10 65 0.3622
1347 10 67 0.3622
1358 10 71 0.315
1369 10 74 0.315
1380 10 79 0.315
1391 21 62 0.3858
1413 21 68 0.315
1434 21 72 0.315
1456 21 76 0.315
1478 21 72 0.3543
1500 21 68 0.315
1521 10 65 0.3543
1521 10 67 0.3543
1532 10 71 0.315
1543 10 74 0.315
1554 10 79 0.315
1565 21 62 0.3701
1586 21 68 0.315
1608 21 72 0.315
1630 21 76 0.315
1652 21 72 0.3701
1673 21 68 0.315
1695 21 62 0.315
1717 21 64 0.315
1739 10 62 0.3543
1750 10 60 0.2913
1760 10 62 0.2913
1771 10 64 0.2913
1793 10 68 0.2913
1804 10 70 0.2992
1815 10 72 0.3071
1826 10 74 0.315
1836 10 76 0.3307
1847 10 78 0.3465
1858 5 80 0.3543
1864 5 83 0.3071
1864 5 79 0.2598
1869 5 71 0.3465
1875 5 73 0.3386
1880 5 75 0.3386
1885 5 77 0.3307
1891 5 79 0.315
1896 5 81 0.315
1902 5 83 0.3071
1907 2 85 0.2992
1910 2 87 0.2913
1910 2 80 0.2756
1913 21 75 0.3386
1934 21 80 0.2913
1956 21 87 0.2913
1978 21 90 0.2913
2000 21 87 0.315
2021 21 80 0.2677
2043 10 73 0.3307
2054 10 80 0.2913
2065 10 85 0.2913
2076 10 88 0.2913
2086 21 75 0.3307
2108 21 80 0.2913
2130 21 87 0.2913
2152 21 90 0.2913
2173 21 87 0.315
2195 21 80 0.2677
2217 10 73 0.315
2228 10 80 0.2913
2239 10 85 0.2913
2250 10 88 0.2913
2260 21 75 0.3386
2282 21 80 0.2835
2304 21 87 0.2913
2326 21 90 0.3071
2347 21 80 0.3701
2369 21 87 0.3071
2391 21 92 0.3071
2413 21 95 0.3071
2434 21 88 0.4173
2456 21 83 0.3701
2478 21 76 0.3701
2500 21 71 0.3701
2521 21 81 0.4016
2543 21 76 0.3386
2565 10 69 0.4094
2576 10 64 0.3701
2586 10 69 0.3701
2597 10 76 0.3701
2608 21 88 0.4094
2630 21 83 0.3701
2652 21 76 0.3701
2673 21 71 0.3701
2695 21 81 0.4016
2717 21 76 0.3386
2739 10 69 0.4016
2750 10 64 0.3701
2760 10 69 0.3701
2771 10 76 0.3701
2782 21 88 0.4173
2804 21 83 0.3701
2826 21 76 0.3701
2847 21 71 0.3701
2869 21 81 0.4016
2891 21 76 0.3386
2913 21 69 0.4094
2934 21 64 0.378
2956 21 66 0.4409
2978 21 68 0.3858
3000 21 73 0.3937
3021 21 78 0.3937
3043 21 68 0.4488
3065 21 73 0.3937
3086 21 78 0.3937
3108 21 85 0.3937
3152 21 73 0.4094
3152 21 80 0.4094
3173 21 85 0.4094
3173 21 92 0.4094
3195 21 73 0.4094
3195 21 80 0.4094
3228 10 85 0.5118
3239 10 92 0.5433
3250 10 97 0.5433
3260 10 104 0.5906
3271 10 97 0.5433
3282 10 92 0.5433
3293 10 85 0.5197
3318 14 78 0.4094
3333 14 80 0.4331
3347 14 85 0.4724
3362 14 90 0.4331
3376 14 85 0.4331
3391 10 80 0.4961
3402 10 85 0.4488
3413 10 80 0.4646
3423 10 85 0.4567
3434 10 90 0.5512
3445 10 97 0.5118
3456 10 90 0.5512
3467 10 97 0.4961
3500 21 73 0.4094
3500 21 80 0.4094
3521 21 85 0.4094
3521 21 92 0.4094
3543 21 73 0.4094
3543 21 80 0.4094
3576 10 74 0.4803
3586 10 81 0.4803
3597 10 86 0.4961
3608 10 93 0.5669
3619 10 86 0.5118
3630 10 81 0.5197
3641 10 74 0.5039
3673 21 80 0.5748
3673 21 85 0.5748
3695 21 97 0.622
3695 21 92 0.622
3717 21 80 0.5984
3717 21 85 0.5984
3750 10 81 0.5433
3760 10 86 0.5669
3771 10 93 0.5827
3782 10 98 0.6457
3793 10 93 0.5827
3804 10 86 0.5906
3815 10 81 0.5748
3847 21 85 0.6378
3847 21 92 0.6378
3869 21 104 0.6929
3869 21 97 0.6929
3891 21 85 0.6457
3891 21 92 0.6457
3923 10 86 0.5748
3934 10 93 0.5984
3945 10 98 0.5906
3956 10 105 0.6693
3967 10 98 0.6063
3978 10 93 0.5984
3989 10 86 0.5984
4010 10 81 0.5669
4021 10 86 0.5669
4032 10 93 0.5669
4043 10 98 0.6299
4054 10 93 0.5748
4065 10 86 0.5748
4076 10 81 0.5669
4097 10 74 0.5197
4108 10 81 0.5354
4119 10 86 0.5354
4130 10 93 0.5984
4141 10 86 0.5433
4152 10 81 0.5354
4163 10 74 0.5354
4184 10 69 0.4803
4195 10 74 0.5039
4206 10 81 0.5039
4217 10 86 0.5669
4228 10 81 0.5118
4239 10 74 0.5118
4250 10 69 0.5039
4275 14 68 0.4567
4275 14 73 0.4567
4289 14 80 0.5039
4318 14 68 0.4488
4318 14 73 0.4488
4333 14 80 0.5039
4362 14 68 0.4567
4362 14 73 0.4567
4376 14 80 0.5039
4405 14 68 0.4567
4405 14 73 0.4567
4420 14 80 0.5039
4449 14 68 0.4567
4449 14 73 0.4567
4463 14 80 0.5039
4492 14 68 0.4567
4492 14 73 0.4567
4507 14 80 0.5039
4536 14 68 0.4567
4536 14 73 0.4567
4550 14 80 0.5039
4579 14 68 0.4488
4579 14 73 0.4488
4594 14 80 0.5039
4619 32 61 0.4409
4630 10 68 0.4567
4641 10 73 0.4724
4652 10 80 0.4803
4663 10 73 0.4567
4673 10 68 0.4488
4684 10 61 0.4331
4706 10 61 0.4173
4717 10 68 0.4331
4728 10 73 0.4488
4739 10 80 0.4567
4750 10 73 0.4331
4760 10 68 0.4252
4771 10 61 0.4094
4793 10 61 0.4173
4804 10 68 0.4252
4815 10 73 0.4409
4826 10 80 0.4488
4836 10 73 0.4331
4847 10 68 0.4252
4858 10 61 0.4094
4880 10 61 0.4016
4891 10 68 0.4173
4902 10 73 0.4173
4913 10 80 0.4094
4923 10 73 0.3937
4934 10 68 0.3858
4945 10 61 0.3701
4967 10 49 0.3937
4978 10 56 0.3937
4989 10 61 0.3937
5010 10 56 0.4094
5021 10 61 0.4094
5032 10 68 0.4094
5054 10 61 0.4252
5065 10 68 0.4252
5076 10 73 0.4331
5097 10 68 0.4409
5108 10 73 0.4409
5119 10 80 0.4488
5141 32 73 0.4173
5152 10 80 0.4094
5163 10 85 0.4094
5184 32 73 0.4094
5195 10 80 0.4016
5206 10 85 0.4016
5228 32 73 0.3937
5239 10 80 0.3937
5250 10 85 0.3937
5271 32 73 0.3858
5282 10 80 0.378
5293 10 85 0.378
5315 32 73 0.3701
5326 10 80 0.3701
5336 10 85 0.3701
5358 32 73 0.3622
5369 10 80 0.3622
5380 10 85 0.3543
5402 32 73 0.3543
5413 10 80 0.3543
5423 10 85 0.3465
5445 32 73 0.3465
5456 10 80 0.3386
5467 10 85 0.3386
5478 7 59 0.2362
5485 7 61 0.2441
5492 7 64 0.2441
5500 7 66 0.252
5507 7 71 0.2598
5507 7 69 0.2598
5514 7 78 0.2677
5514 7 76 0.2677
5521 14 83 0.2677
5521 14 81 0.1969
5536 14 78 0.2441
5536 14 76 0.1969
5550 14 71 0.2441
5550 14 69 0.1969
5565 14 69 0.2047
5565 14 71 0.2598
5579 14 76 0.2047
5579 14 78 0.2598
5594 14 81 0.2047
5594 14 83 0.2598
5608 14 83 0.2835
5608 14 81 0.2205
5623 14 78 0.2441
5623 14 76 0.1969
5637 14 71 0.2441
5637 14 69 0.1969
5652 14 69 0.2047
5652 14 71 0.2598
5666 14 76 0.2047
5666 14 78 0.2598
5681 14 81 0.2047
5681 14 83 0.2598
5695 14 83 0.2835
5695 14 81 0.2205
5710 14 78 0.2362
5710 14 76 0.189
5724 14 71 0.2283
5724 14 69 0.189
5739 14 69 0.189
5739 14 71 0.2441
5753 14 76 0.189
5753 14 78 0.2362
5768 14 81 0.1811
5768 14 83 0.2362
5782 14 83 0.252
5782 14 81 0.2047
5797 14 78 0.2205
5797 14 76 0.1732
5811 14 71 0.2126
5811 14 69 0.1654
5826 14 69 0.1732
5826 14 71 0.2205
5840 14 76 0.1654
5840 14 78 0.2205
5855 14 81 0.1654
5855 14 83 0.2126
5869 14 83 0.2835
5869 14 81 0.2205
5884 14 78 0.2441
5884 14 76 0.1969
5898 14 71 0.2441
5898 14 69 0.1969
5913 14 69 0.2047
5913 14 71 0.2598
5927 14 76 0.2047
5927 14 78 0.2598
5942 14 81 0.2047
5942 14 83 0.2598
5956 14 83 0.2835
5956 14 81 0.2205
5971 14 78 0.2441
5971 14 76 0.1969
5985 14 71 0.2441
5985 14 69 0.1969
6000 14 69 0.2047
6000 14 71 0.2598
6014 14 76 0.2047
6014 14 78 0.2598
6028 14 81 0.2047
6028 14 83 0.2598
6043 14 83 0.2835
6043 14 81 0.2205
6057 14 78 0.2362
6057 14 76 0.189
6072 14 71 0.2283
6072 14 69 0.189
6086 14 69 0.189
6086 14 71 0.2441
6101 14 76 0.189
6101 14 78 0.2362
6115 14 81 0.1811
6115 14 83 0.2362
6130 14 83 0.252
6130 14 81 0.2047
6144 14 78 0.2205
6144 14 76 0.1732
6159 14 71 0.2126
6159 14 69 0.1654
6173 14 69 0.1732
6173 14 71 0.2205
6188 14 76 0.1654
6188 14 78 0.2205
6202 14 81 0.1654
6202 14 83 0.2126
6217 43 78 0.2913
6217 43 85 0.3858
6217 43 73 0.2913
6260 43 80 0.2677
6260 43 87 0.3543
6260 43 75 0.2677
6304 43 78 0.2677
6304 43 85 0.3543
6304 43 73 0.2677
6347 21 83 0.2913
6347 21 78 0.2913
6347 21 90 0.3858
6369 21 80 0.2677
6369 21 75 0.2677
6369 21 87 0.3543
6391 43 78 0.2677
6391 43 73 0.2677
6391 43 85 0.3543
6434 43 73 0.2362
6434 43 68 0.2362
6434 43 80 0.2992
6478 43 73 0.2441
6478 43 68 0.2441
6478 43 80 0.315
6521 43 71 0.2205
6521 43 78 0.2913
6521 43 66 0.2205
6565 43 69 0.3071
6565 32 64 0.3071
6565 43 76 0.4016
6608 21 73 0.2756
6608 21 66 0.2756
6608 21 78 0.3701
6630 10 64 0.2756
6630 21 69 0.2756
6630 21 76 0.3701
6652 86 66 0.2756
6652 10 61 0.2756
6652 86 73 0.3701
6739 43 69 0.3071
6739 43 64 0.3071
6739 43 76 0.4016
6782 21 73 0.2756
6782 21 66 0.2756
6782 21 78 0.3701
6804 21 64 0.2756
6804 21 69 0.2756
6804 21 76 0.3701
6826 21 61 0.2756
6826 21 66 0.2756
6826 21 73 0.3701
6847 21 66 0.2756
6847 21 59 0.2756
6847 21 71 0.3701
6869 43 66 0.3071
6869 43 61 0.3071
6869 43 73 0.4016
6913 43 69 0.3465
6913 43 64 0.3465
6913 43 76 0.4409
6956 43 73 0.3071
6956 43 66 0.3071
6956 43 78 0.4094
7000 43 69 0.3071
7000 43 64 0.3071
7000 43 76 0.4173
7043 43 61 0.315
7043 43 66 0.315
7043 43 73 0.4331
7086 86 64 0.3858
7086 86 59 0.3858
7086 86 71 0.4961
7173 86 61 0.4094
7173 86 66 0.4094
7173 86 73 0.5276
7260 43 61 0.2913
7260 43 67 0.2913
7260 43 73 0.3622
7304 43 63 0.2677
7304 43 70 0.2677
7304 43 75 0.315
7347 43 64 0.2992
7347 43 71 0.2992
7347 43 76 0.3701
7391 43 69 0.2677
7391 43 74 0.2677
7391 43 81 0.315
7434 21 61 0.3465
7434 21 67 0.3465
7434 21 73 0.4094
7456 21 63 0.3307
7456 21 70 0.3858
7456 21 75 0.3858
7478 21 67 0.3701
7478 21 73 0.4331
7500 21 63 0.3307
7500 21 70 0.3307
7500 21 75 0.3937
7521 43 64 0.3858
7521 43 71 0.3858
7521 43 76 0.4567
7565 43 69 0.3622
7565 43 74 0.3622
7565 43 81 0.4252
7608 43 73 0.4724
7608 43 79 0.4724
7608 43 85 0.5748
7652 43 75 0.4724
7652 43 82 0.4724
7652 43 87 0.5669
7695 43 76 0.5039
7695 43 83 0.5039
7695 43 88 0.5906
7739 43 81 0.4724
7739 43 86 0.4724
7739 43 93 0.5669
7782 21 85 0.5748
7782 21 91 0.5748
7782 21 97 0.685
7804 21 87 0.5276
7804 21 94 0.5276
7804 21 99 0.622
7826 21 91 0.5669
7826 21 97 0.6772
7847 21 87 0.5354
7847 21 94 0.5354
7847 21 99 0.6299
7869 43 88 0.5984
7869 43 95 0.5984
7869 43 100 0.7087
7913 43 93 0.5512
7913 43 98 0.6457
7913 43 105 0.6457
7956 10 86 0.5591
7956 10 79 0.4724
7967 10 91 0.5118
7967 10 87 0.4331
7978 10 86 0.5591
7978 10 79 0.4724
7989 10 91 0.5197
7989 10 87 0.4331
8000 10 86 0.5591
8000 10 79 0.4724
8010 10 91 0.5118
8010 10 87 0.4331
8021 10 86 0.5591
8021 10 79 0.4724
8032 10 91 0.5197
8032 10 87 0.4331
8043 10 86 0.5669
8043 10 79 0.4803
8054 10 91 0.5197
8054 10 87 0.4331
8065 10 86 0.5669
8065 10 79 0.4803
8076 10 91 0.5276
8076 10 87 0.4409
8086 10 86 0.5669
8086 10 79 0.4803
8097 10 91 0.5197
8097 10 87 0.4331
8108 10 86 0.5669
8108 10 79 0.4803
8119 10 91 0.5197
8119 10 87 0.4331
8130 10 86 0.5669
8130 10 79 0.4803
8141 10 91 0.5197
8141 10 87 0.4331
8152 10 86 0.5669
8152 10 79 0.4803
8163 10 91 0.5118
8163 10 87 0.4331
8173 10 86 0.5669
8173 10 79 0.4803
8184 10 91 0.5276
8184 10 87 0.4409
8195 10 86 0.5669
8195 10 79 0.4803
8206 10 91 0.5197
8206 10 87 0.4331
8217 10 86 0.5669
8217 10 79 0.4803
8228 10 91 0.5276
8228 10 87 0.4409
8239 10 86 0.5669
8239 10 79 0.4803
8250 10 91 0.5197
8250 10 87 0.4331
8260 10 86 0.5669
8260 10 79 0.4803
8271 10 91 0.5354
8271 10 87 0.4488
8282 10 86 0.5669
8282 10 79 0.4803
8293 10 91 0.5197
8293 10 87 0.4331
8315 10 79 0.5197
8326 10 86 0.5748
8336 10 91 0.5276
8358 10 91 0.5276
8369 10 86 0.5669
8380 10 79 0.5197
8402 10 79 0.5197
8413 10 74 0.5039
8423 10 67 0.4567
8445 10 67 0.4488
8456 10 62 0.4803
8467 10 55 0.4331
8489 10 55 0.4488
8500 10 62 0.4803
8510 10 67 0.4409
8532 10 67 0.4567
8543 10 74 0.4961
8554 10 79 0.4567
8576 10 79 0.4724
8586 10 86 0.5039
8597 10 91 0.4646
8619 10 91 0.5039
8630 10 86 0.5354
8641 10 79 0.4961
8663 10 79 0.4646
8673 10 86 0.5039
8684 10 91 0.4488
8706 10 91 0.4409
8717 10 86 0.4646
8728 10 79 0.4252
8750 10 79 0.3937
8760 10 86 0.4331
8771 10 91 0.3937
8793 10 91 0.4173
8804 10 86 0.4409
8815 10 79 0.4094
8836 10 79 0.378
8847 10 86 0.4094
8858 10 91 0.378
8891 21 86 0.378
8934 16 79 0.3465
8934 16 86 0.3465
8956 16 91 0.3071
8978 16 79 0.3228
8978 16 86 0.3228
9000 21 73 0.189
9000 21 80 0.2205
9021 21 77 0.189
9021 21 82 0.2205
9043 21 77 0.189
9043 21 82 0.2205
9065 21 80 0.2205
9065 21 73 0.189
9086 21 71 0.189
9086 21 78 0.2205
9108 21 75 0.189
9108 21 80 0.2205
9130 21 75 0.189
9130 21 80 0.2205
9152 21 71 0.189
9152 21 78 0.2205
9173 21 73 0.189
9173 21 80 0.2205
9195 21 77 0.189
9195 21 82 0.2205
9217 21 77 0.2205
9217 21 82 0.2205
9239 21 80 0.2205
9239 21 73 0.189
9260 21 71 0.189
9260 21 78 0.2205
9282 21 75 0.189
9282 21 80 0.2205
9304 21 75 0.189
9304 21 80 0.2205
9326 21 71 0.189
9326 21 78 0.2205
9347 21 73 0.189
9347 21 80 0.2205
9369 21 77 0.2205
9369 21 82 0.2205
9391 21 77 0.2205
9391 21 82 0.2205
9413 21 80 0.2205
9413 21 73 0.2205
9434 21 71 0.189
9434 21 78 0.2205
9456 21 75 0.189
9456 21 80 0.2205
9478 21 75 0.189
9478 21 80 0.2205
9500 21 71 0.189
9500 21 78 0.2205
9521 21 69 0.189
9521 21 76 0.2205
9543 21 73 0.1811
9543 21 78 0.2205
9565 21 73 0.1732
9565 21 78 0.2126
9586 21 76 0.2126
9586 21 69 0.1732
9608 21 68 0.1654
9608 21 75 0.2047
9630 21 72 0.1654
9630 21 77 0.2047
9652 21 72 0.1496
9652 21 77 0.1969
9673 21 68 0.1496
9673 21 75 0.189
9695 21 82 0.2205
9695 21 72 0.189
9695 21 78 0.189
9717 21 70 0.2205
9739 21 72 0.189
9739 21 70 0.189
9739 21 78 0.2205
9760 21 68 0.2205
9782 21 76 0.189
9782 21 70 0.189
9782 21 80 0.2205
9804 21 68 0.2205
9826 21 76 0.189
9826 21 70 0.189
9826 21 68 0.189
9826 21 80 0.2205
9847 21 66 0.189
9847 21 78 0.2205
9869 21 82 0.2205
9869 21 72 0.189
9869 21 78 0.189
9891 21 70 0.2205
9913 21 72 0.189
9913 21 70 0.189
9913 21 78 0.2205
9934 21 68 0.2205
9956 21 76 0.189
9956 21 70 0.189
9956 21 80 0.2205
9978 21 68 0.2205
10000 21 76 0.189
10000 21 70 0.189
10000 21 68 0.189
10000 21 80 0.2205
10021 21 66 0.189
10021 21 78 0.2205
10043 21 82 0.2205
10043 21 72 0.189
10043 21 78 0.189
10065 21 70 0.2205
10086 21 72 0.189
10086 21 70 0.189
10086 21 78 0.2205
10108 21 68 0.2205
10130 21 76 0.189
10130 21 70 0.189
10130 21 80 0.2205
10152 21 68 0.2205
10173 21 70 0.189
10173 21 68 0.189
10173 21 76 0.2205
10195 21 66 0.2205
10217 21 78 0.2205
10217 21 68 0.189
10217 21 74 0.189
10239 21 66 0.2205
10260 21 68 0.189
10260 21 66 0.189
10260 21 74 0.2205
10282 21 64 0.2205
10304 21 74 0.1654
10304 21 70 0.1654
10304 21 77 0.1969
10326 21 65 0.1969
10347 21 62 0.1969
10369 21 65 0.1969
10391 21 78 0.2205
10391 21 68 0.189
10391 21 74 0.189
10413 21 66 0.2205
10434 21 68 0.1732
10434 21 66 0.1732
10434 21 74 0.2126
10456 21 64 0.189
10478 21 74 0.1654
10478 21 70 0.1654
10478 21 77 0.1969
10500 21 65 0.1969
10521 21 62 0.1969
10543 21 65 0.1811
10565 21 78 0.2205
10565 21 68 0.189
10565 21 74 0.189
10586 21 66 0.2205
10608 21 68 0.1732
10608 21 66 0.1732
10608 21 74 0.2126
10630 21 65 0.189
10652 21 74 0.1654
10652 21 70 0.1654
10652 21 77 0.1969
10673 21 65 0.1969
10695 21 62 0.1969
10717 21 65 0.1811
10739 21 56 0.2677
10739 21 62 0.2677
10739 21 66 0.315
10760 21 64 0.2677
10760 21 68 0.315
10782 10 66 0.2677
10782 10 71 0.315
10793 10 62 0.2835
10804 21 74 0.315
10804 21 68 0.2677
10826 21 68 0.3071
10826 21 74 0.3071
10826 21 78 0.3701
10847 21 76 0.3071
10847 21 80 0.3701
10869 10 78 0.3071
10869 10 83 0.3701
10880 10 74 0.315
10891 21 86 0.3701
10891 21 80 0.3071
10913 21 80 0.3543
10913 21 86 0.3543
10913 21 90 0.4173
10934 21 88 0.3543
10934 21 92 0.4173
10956 10 90 0.3543
10956 10 95 0.4173
10967 10 86 0.3622
10978 21 98 0.4173
10978 21 92 0.3543
11000 7 101 0.5039
11007 7 98 0.4567
11014 7 94 0.4488
11021 7 89 0.4331
11028 7 86 0.4252
11036 7 82 0.4173
11043 7 77 0.4094
11050 7 82 0.4094
11057 7 86 0.4173
11065 7 89 0.4331
11072 7 94 0.4409
11079 7 98 0.4567
11086 10 102 0.5197
11097 10 98 0.4331
11108 10 95 0.4409
11119 10 90 0.4409
11130 10 104 0.5276
11141 10 98 0.4409
11152 10 95 0.4409
11163 10 92 0.4409
11173 7 101 0.5197
11181 7 98 0.4567
11188 7 94 0.4488
11195 7 89 0.4488
11202 7 86 0.4409
11210 7 82 0.4331
11217 7 77 0.4173
11224 7 74 0.4173
11231 7 70 0.4173
11239 7 65 0.4094
11246 7 70 0.4173
11253 7 74 0.4331
11260 10 78 0.4961
11271 10 74 0.4567
11282 10 71 0.4488
11293 10 66 0.4331
11304 10 80 0.5039
11315 10 74 0.4488
11326 10 71 0.4409
11336 10 68 0.4331
11347 10 77 0.4488
11358 10 74 0.4409
11369 10 70 0.4331
11380 10 65 0.4252
11391 10 62 0.4173
11402 10 58 0.4094
11413 10 53 0.4016
11423 10 46 0.3937
11434 21 54 0.2677
11434 21 50 0.2677
11434 21 59 0.315
11456 21 61 0.315
11478 10 59 0.2677
11478 10 62 0.315
11489 10 54 0.2835
11500 21 66 0.315
11521 21 62 0.3071
11521 21 66 0.3071
11521 21 71 0.3701
11543 21 73 0.3701
11565 10 71 0.3071
11565 10 74 0.3701
11576 10 66 0.315
11586 21 78 0.3701
11608 21 74 0.3543
11608 21 78 0.3543
11608 21 83 0.4173
11630 21 85 0.4173
11652 10 83 0.3543
11652 10 86 0.4173
11663 10 78 0.3622
11673 21 90 0.4173
11695 7 98 0.5197
11702 7 95 0.4567
11710 7 91 0.4488
11717 7 86 0.4331
11724 7 83 0.4252
11731 7 79 0.4173
11739 7 74 0.4094
11746 7 79 0.4094
11753 7 83 0.4173
11760 7 86 0.4331
11768 7 91 0.4409
11775 7 95 0.4567
11782 10 99 0.5276
11793 10 94 0.4331
11804 10 90 0.4409
11815 10 87 0.4409
11826 10 101 0.5197
11836 10 94 0.4409
11847 10 90 0.4409
11858 10 89 0.4409
11869 7 98 0.5433
11876 7 95 0.4567
11884 7 91 0.4488
11891 7 86 0.4488
11898 7 83 0.4409
11905 7 79 0.4331
11913 7 74 0.4173
11920 7 71 0.4173
11927 7 67 0.4173
11934 7 62 0.4094
11942 7 67 0.4173
11949 7 71 0.4331
11956 10 75 0.5039
11967 10 70 0.4567
11978 10 66 0.4488
11989 10 63 0.4331
12000 10 77 0.4961
12010 10 70 0.4488
12021 10 66 0.4409
12032 10 65 0.4331
12043 7 74 0.4488
12050 7 71 0.4488
12057 7 67 0.4488
12065 7 62 0.4016
12072 7 59 0.4094
12079 7 55 0.4094
12086 10 50 0.4331
12097 10 55 0.4094
12108 10 59 0.4094
12119 10 62 0.3858
12130 5 58 0.2835
12135 5 59 0.2835
12141 5 61 0.2913
12146 5 62 0.2913
12152 5 66 0.2992
12157 5 67 0.2992
12163 5 70 0.3071
12168 5 71 0.3071
12173 5 73 0.315
12179 5 74 0.315
12184 5 78 0.3307
12190 5 79 0.3307
12195 5 82 0.3386
12201 5 83 0.3386
12206 5 85 0.3465
12211 5 86 0.3465
12217 43 86 0.4724
12228 10 79 0.2992
12239 10 77 0.2992
12250 10 74 0.2992
12260 43 85 0.4488
12271 10 79 0.2992
12282 10 77 0.2992
12293 10 73 0.2913
12304 43 79 0.4488
12315 10 77 0.2913
12326 10 71 0.2913
12336 10 67 0.2913
12347 43 80 0.4331
12358 10 77 0.2992
12369 10 71 0.2992
12380 10 68 0.2992
12391 86 83 0.4646
12402 10 79 0.3858
12413 10 76 0.3858
12423 10 71 0.3622
12434 10 75 0.3543
12445 10 76 0.3622
12456 10 77 0.3701
12467 10 78 0.378
12478 10 79 0.3858
12489 10 80 0.3937
12500 10 81 0.4094
12510 10 82 0.4173
12521 10 83 0.4252
12532 10 88 0.4331
12543 10 87 0.4409
12554 10 86 0.4488
12565 43 86 0.5197
12576 10 79 0.3307
12586 10 77 0.3307
12597 10 74 0.3307
12608 43 85 0.4961
12619 10 79 0.3307
12630 10 77 0.3307
12641 10 73 0.315
12652 43 79 0.4961
12663 10 77 0.315
12673 10 71 0.315
12684 10 67 0.315
12695 43 80 0.4724
12706 10 77 0.3307
12717 10 71 0.3307
12728 10 68 0.3307
12739 86 83 0.5118
12750 10 79 0.4094
12760 10 76 0.4094
12771 10 71 0.378
12782 10 75 0.3858
12793 10 76 0.3937
12804 10 77 0.4094
12815 10 78 0.4252
12826 10 79 0.4331
12836 10 80 0.4488
12847 10 81 0.4646
12858 10 82 0.4724
12869 10 83 0.4961
12880 10 88 0.5118
12891 10 87 0.5197
12902 10 86 0.5354
12913 43 86 0.6142
12923 10 83 0.3937
12934 10 77 0.3937
12945 10 74 0.3937
12956 43 85 0.5906
12967 10 83 0.3937
12978 10 77 0.3937
12989 10 73 0.378
13000 43 88 0.5906
13010 10 83 0.378
13021 10 77 0.378
13032 10 76 0.378
13043 43 86 0.5669
13054 10 83 0.3937
13065 10 77 0.3937
13076 10 74 0.3937
13086 43 86 0.6142
13097 10 83 0.3937
13108 10 77 0.3858
13119 10 74 0.3858
13130 43 85 0.5748
13141 10 83 0.378
13152 10 77 0.378
13163 10 73 0.3622
13173 43 86 0.5591
13184 10 83 0.3543
13195 10 77 0.3543
13206 10 74 0.3543
13217 43 88 0.5276
13228 10 83 0.3622
13239 10 77 0.3622
13250 10 76 0.3543
13260 43 91 0.5197
13271 10 84 0.3307
13282 10 82 0.3307
13293 10 79 0.3307
13304 43 90 0.4961
13315 10 84 0.3307
13326 10 82 0.3307
13336 10 78 0.315
13347 43 84 0.4961
13358 10 82 0.315
13369 10 76 0.315
13380 10 72 0.315
13391 43 85 0.4724
13402 10 82 0.3307
13413 10 76 0.3307
13423 10 73 0.3307
13434 86 88 0.5118
13445 10 84 0.4094
13456 10 81 0.4094
13467 10 76 0.378
13478 10 80 0.4094
13489 10 81 0.4252
13500 10 82 0.4331
13510 10 83 0.4488
13521 10 84 0.4646
13532 10 85 0.4803
13543 10 86 0.5039
13554 10 87 0.5118
13565 10 88 0.5276
13576 10 93 0.5433
13586 10 92 0.5591
13597 10 91 0.5748
13608 43 91 0.6142
13619 10 88 0.3937
13630 10 82 0.3937
13641 10 79 0.3937
13652 43 90 0.5906
13663 10 88 0.3937
13673 10 82 0.3937
13684 10 78 0.378
13695 43 93 0.5906
13706 10 88 0.4016
13717 10 82 0.4016
13728 10 81 0.4016
13739 43 91 0.5669
13750 10 88 0.4173
13760 10 82 0.4252
13771 10 79 0.4252
13782 43 91 0.6378
13793 10 88 0.4331
13804 10 82 0.4331
13815 10 79 0.4331
13826 43 90 0.6457
13836 10 88 0.4567
13847 10 82 0.4567
13858 10 78 0.4567
13869 43 91 0.685
13880 10 88 0.4646
13891 10 82 0.4646
13902 10 79 0.4646
13913 43 93 0.7087
13923 10 88 0.4724
13934 10 82 0.4803
13945 10 81 0.4961
13956 43 96 0.7165
13967 10 89 0.4803
13978 10 85 0.4803
13989 10 84 0.4803
14000 43 94 0.6929
14010 10 89 0.4961
14021 10 85 0.4961
14032 10 82 0.4803
14043 43 87 0.685
14054 10 85 0.4724
14065 10 84 0.4724
14076 10 75 0.4724
14086 43 88 0.6929
14097 10 85 0.4803
14108 10 80 0.4803
14119 10 76 0.4803
14130 86 91 0.7087
14141 10 89 0.5354
14152 10 83 0.5354
14163 10 79 0.4803
14173 10 80 0.5039
14184 10 81 0.5118
14195 10 82 0.5276
14206 10 83 0.5433
14217 10 84 0.5591
14228 10 85 0.5748
14239 10 86 0.5906
14250 10 87 0.6063
14260 10 88 0.622
14271 10 89 0.6378
14282 10 90 0.6614
14293 10 91 0.6772
14304 43 96 0.7087
14315 10 89 0.5039
14326 10 85 0.5118
14336 10 84 0.5118
14347 43 94 0.6772
14358 10 89 0.5118
14369 10 85 0.5118
14380 10 82 0.5118
14391 43 97 0.7165
14402 10 92 0.4646
14413 10 88 0.4724
14423 10 85 0.4724
14434 43 96 0.6929
14445 10 92 0.5039
14456 10 88 0.5039
14467 10 84 0.5039
14478 43 96 0.7165
14489 10 89 0.5276
14500 10 85 0.5276
14510 10 84 0.5276
14521 43 94 0.7087
14532 10 89 0.5276
14543 10 85 0.5276
14554 10 82 0.5276
14565 43 96 0.748
14576 10 92 0.5354
14586 10 88 0.5354
14597 10 84 0.5354
14608 43 97 0.7323
14619 10 92 0.5433
14630 10 88 0.5433
14641 10 85 0.5433
14652 43 98 0.7638
14663 10 91 0.5197
14673 10 87 0.5276
14684 10 86 0.5276
14695 43 96 0.7323
14706 10 91 0.5276
14717 10 87 0.5276
14728 10 84 0.5276
14739 43 99 0.7402
14750 10 94 0.4724
14760 10 90 0.4803
14771 10 87 0.4803
14782 43 98 0.7165
14793 10 94 0.5197
14804 10 90 0.5197
14815 10 86 0.5197
14826 43 98 0.7402
14836 10 91 0.5433
14847 10 87 0.5433
14858 10 86 0.5433
14869 43 96 0.7323
14880 10 91 0.5433
14891 10 87 0.5433
14902 10 84 0.5433
14913 43 98 0.7795
14923 10 94 0.5512
14934 10 90 0.5512
14945 10 86 0.5512
14956 43 99 0.7559
14967 10 94 0.5591
14978 10 90 0.5591
14989 10 87 0.5591
15000 43 101 0.7953
15010 10 94 0.5669
15021 10 90 0.5748
15032 10 89 0.5748
15043 43 99 0.7717
15054 10 95 0.5748
15065 10 91 0.5748
15076 10 87 0.5748
15086 43 102 0.8031
15097 10 96 0.5276
15108 10 92 0.5354
15119 10 90 0.5354
15130 43 101 0.7795
15141 10 97 0.5669
15152 10 93 0.5669
15163 10 89 0.5669
15173 43 101 0.7953
15184 10 94 0.5669
15195 10 90 0.5748
15206 10 89 0.5748
15217 43 99 0.7717
15228 10 95 0.5748
15239 10 91 0.5748
15250 10 87 0.5748
15260 43 102 0.8031
15271 10 96 0.5276
15282 10 92 0.5354
15293 10 90 0.5354
15304 43 101 0.7795
15315 10 97 0.5669
15326 10 93 0.5669
15336 10 89 0.5669
15347 43 101 0.7953
15358 10 94 0.5669
15369 10 90 0.5748
15380 10 89 0.5748
15391 43 99 0.7717
15402 10 95 0.5748
15413 10 91 0.5748
15423 10 87 0.5748
15434 43 102 0.8031
15445 10 96 0.5276
15456 10 92 0.5354
15467 10 90 0.5354
15478 43 101 0.7795
15489 10 97 0.5669
15500 10 93 0.5669
15510 10 89 0.5669
15521 43 101 0.7953
15532 10 94 0.5669
15543 10 90 0.5748
15554 10 89 0.5748
15565 43 99 0.7717
15576 10 95 0.5748
15586 10 91 0.5748
15597 10 87 0.5748
15608 43 101 0.8031
15619 10 96 0.5276
15630 10 92 0.5354
15641 10 89 0.5354
15652 43 102 0.7795
15663 10 97 0.5669
15673 10 93 0.5669
15684 10 90 0.5669
15695 86 99 0.7244
15695 86 94 0.6929
15695 86 106 0.8268
15782 8 68 0.5984
15791 8 70 0.6063
15800 8 73 0.622
15808 8 75 0.6299
15817 8 78 0.6457
15826 8 80 0.6614
15834 8 82 0.6772
15843 8 85 0.685
15852 8 87 0.7008
15860 8 90 0.7087
15869 5 85 0.5433
15869 5 82 0.4488
15869 5 80 0.4488
15875 5 94 0.5039
15875 5 92 0.4252
15875 5 90 0.4252
15875 5 87 0.4252
15880 5 85 0.5512
15880 5 82 0.4646
15880 5 80 0.4646
15885 5 94 0.5118
15885 5 92 0.4331
15885 5 90 0.4331
15885 5 87 0.4331
15891 5 85 0.5669
15891 5 82 0.4724
15891 5 80 0.4724
15896 5 94 0.5354
15896 5 92 0.4488
15896 5 90 0.4488
15896 5 87 0.4488
15902 5 85 0.5827
15902 5 82 0.4961
15902 5 80 0.4961
15907 5 94 0.5354
15907 5 92 0.4488
15907 5 90 0.4488
15907 5 87 0.4488
15913 5 85 0.5906
15913 5 82 0.4961
15913 5 80 0.4961
15918 5 94 0.5433
15918 5 92 0.4567
15918 5 90 0.4567
15918 5 87 0.4567
15923 5 85 0.5984
15923 5 82 0.5039
15923 5 80 0.5039
15929 5 94 0.5591
15929 5 92 0.4724
15929 5 90 0.4724
15929 5 87 0.4724
15934 5 85 0.622
15934 5 82 0.5276
15934 5 80 0.5276
15940 5 94 0.5669
15940 5 92 0.4961
15940 5 90 0.4961
15940 5 87 0.4961
15945 5 85 0.6299
15945 5 82 0.5354
15945 5 80 0.5354
15951 5 94 0.5827
15951 5 92 0.5039
15951 5 90 0.5039
15951 5 87 0.5039
15956 5 85 0.6378
15956 5 82 0.5433
15956 5 80 0.5433
15961 5 94 0.5827
15961 5 92 0.5039
15961 5 90 0.5039
15961 5 87 0.5039
15967 5 85 0.6378
15967 5 82 0.5433
15967 5 80 0.5433
15972 5 94 0.5748
15972 5 92 0.4961
15972 5 90 0.4961
15972 5 87 0.4961
15978 5 85 0.6299
15978 5 82 0.5354
15978 5 80 0.5354
15983 5 94 0.5669
15983 5 92 0.4803
15983 5 90 0.4803
15983 5 87 0.4803
15989 5 85 0.6299
15989 5 82 0.5276
15989 5 80 0.5276
15994 5 94 0.5512
15994 5 92 0.4646
15994 5 90 0.4646
15994 5 87 0.4646
16000 5 85 0.5984
16000 5 82 0.5039
16000 5 80 0.5039
16005 5 94 0.5512
16005 5 92 0.4646
16005 5 90 0.4646
16005 5 87 0.4646
16010 5 85 0.5984
16010 5 82 0.5118
16010 5 80 0.5118
16016 5 94 0.5433
16016 5 92 0.4567
16016 5 90 0.4567
16016 5 87 0.4567
16021 5 85 0.5906
16021 5 82 0.5039
16021 5 80 0.5039
16027 5 94 0.5433
16027 5 92 0.4567
16027 5 90 0.4567
16027 5 87 0.4567
16032 5 85 0.5906
16032 5 82 0.4961
16032 5 80 0.4961
16038 5 94 0.5276
16038 5 92 0.4409
16038 5 90 0.4409
16038 5 87 0.4409
16043 5 106 0.7717
16048 5 104 0.6772
16054 5 102 0.6693
16059 5 99 0.6693
16065 5 97 0.6614
16070 5 94 0.6614
16076 5 92 0.6457
16081 5 90 0.6378
16086 5 87 0.6378
16092 5 85 0.6299
16097 5 82 0.6299
16103 5 80 0.622
16108 5 78 0.6142
16114 5 75 0.6142
16119 5 73 0.6063
16125 5 69 0.6063
16130 5 68 0.5984
16135 5 66 0.5906
16141 5 63 0.5906
16146 5 61 0.5827
16152 4 58 0.5827
16156 4 56 0.5748
16160 4 54 0.5748
16165 4 51 0.5669
16169 4 49 0.5669
16184 10 49 0.5748
16195 10 51 0.5197
16206 10 54 0.5197
16217 10 58 0.5748
16228 10 54 0.5276
16239 10 51 0.5276
16250 10 49 0.5354
16271 10 49 0.5354
16282 10 51 0.5354
16293 10 54 0.5354
16304 10 58 0.5748
16315 10 54 0.5354
16326 10 51 0.5354
16336 10 49 0.5354
16695 43 63 0.4173
16695 32 58 0.2598
16739 43 65 0.378
16739 43 60 0.2283
16782 43 62 0.378
16782 32 57 0.2283
16826 21 66 0.2598
16826 21 69 0.4173
16847 21 57 0.2283
16847 21 62 0.378
16869 43 63 0.4173
16869 32 58 0.2598
16913 43 65 0.378
16913 43 60 0.2283
16956 43 62 0.378
16956 32 57 0.2283
17043 43 63 0.2598
17043 43 75 0.4331
17043 43 70 0.2598
17086 43 65 0.2283
17086 43 77 0.3937
17086 43 72 0.2283
17130 43 62 0.2283
17130 43 74 0.3937
17130 43 69 0.2283
17173 21 78 0.2992
17173 21 81 0.4724
17195 21 69 0.2756
17195 21 74 0.4252
17217 43 63 0.2598
17217 43 75 0.4331
17217 43 70 0.2598
17260 43 65 0.2283
17260 43 77 0.3937
17260 43 72 0.2283
17304 43 62 0.2283
17304 43 74 0.3937
17304 43 69 0.2283
17347 21 62 0.2047
17347 21 69 0.3465
17478 43 48 0.3858
17521 21 45 0.315
17652 32 60 0.4094
17695 10 60 0.2677
17695 10 62 0.3307
17706 10 66 0.3465
17717 10 69 0.3543
17728 10 74 0.3701
17739 10 68 0.4016
17750 10 75 0.4094
17760 10 78 0.4173
17771 10 80 0.4252
17782 10 72 0.3701
17782 10 74 0.4331
17793 10 78 0.4331
17804 10 81 0.4409
17815 10 86 0.4488
17826 10 80 0.4567
17836 10 87 0.4646
17847 10 90 0.4724
17858 10 92 0.4803
17869 10 84 0.4173
17869 10 86 0.4961
17880 10 90 0.5039
17891 10 93 0.5118
17902 10 98 0.5197
17913 10 85 0.6378
17913 10 78 0.6378
17923 10 93 0.4646
17923 10 86 0.3937
17923 10 84 0.3937
17934 10 81 0.5591
17945 10 93 0.4646
17945 10 86 0.3937
17945 10 84 0.3937
17956 10 73 0.6063
17956 10 66 0.6063
17967 10 81 0.4724
17967 10 74 0.4016
17967 10 72 0.4016
17978 10 69 0.5669
17989 10 81 0.4724
17989 10 74 0.4016
17989 10 72 0.4016
18010 10 62 0.3465
18010 10 66 0.3465
18010 10 69 0.4094
18021 10 61 0.4724
18032 10 60 0.4724
18043 10 59 0.5039
18054 10 58 0.4488
18065 10 57 0.4488
18076 10 56 0.4409
18097 10 50 0.3307
18097 10 54 0.3307
18097 10 57 0.3858
18108 10 49 0.378
18119 10 48 0.378
18130 10 47 0.4094
18141 10 46 0.3543
18152 10 45 0.3543
18163 10 44 0.3465
18173 43 60 0.2598
18173 43 65 0.4173
18217 43 62 0.2283
18217 43 67 0.378
18260 43 59 0.2283
18260 43 64 0.378
18304 21 68 0.2992
18304 21 71 0.4488
18326 21 59 0.2756
18326 21 64 0.4094
18347 43 65 0.2598
18347 43 77 0.4173
18347 43 72 0.2598
18391 43 67 0.2283
18391 43 79 0.378
18391 43 74 0.2283
18434 43 64 0.2283
18434 43 76 0.378
18434 43 71 0.2283
18478 21 64 0.2047
18478 21 71 0.3307
18608 32 50 0.4094
18652 10 64 0.3307
18652 10 62 0.3307
18663 10 68 0.3465
18673 10 71 0.3543
18684 10 76 0.3701
18695 10 68 0.4016
18706 10 75 0.4094
18717 10 80 0.4173
18728 10 83 0.4252
18739 10 74 0.3701
18739 10 76 0.4331
18750 10 80 0.4331
18760 10 83 0.4409
18771 10 88 0.4488
18782 10 80 0.4567
18793 10 87 0.4646
18804 10 92 0.4724
18815 10 95 0.4803
18826 10 86 0.4173
18826 10 88 0.4961
18836 10 92 0.5039
18847 10 95 0.5118
18858 10 100 0.5197
18869 10 87 0.6378
18869 10 80 0.6378
18880 10 95 0.4646
18880 10 88 0.3937
18880 10 86 0.3937
18891 10 83 0.5591
18902 10 95 0.4646
18902 10 88 0.3937
18902 10 86 0.3937
18913 10 75 0.6063
18913 10 68 0.6063
18923 10 83 0.4724
18923 10 76 0.4016
18923 10 74 0.4016
18934 10 71 0.5669
18945 10 83 0.4724
18945 10 76 0.4016
18945 10 74 0.4016
18967 10 64 0.3465
18967 10 68 0.3465
18967 10 71 0.4094
18978 10 63 0.4724
18989 10 62 0.4724
19000 10 61 0.5039
19010 10 60 0.4488
19021 10 59 0.4488
19032 10 58 0.4409
19054 10 52 0.3307
19054 10 56 0.3307
19054 10 59 0.3858
19065 10 51 0.378
19076 10 50 0.378
19086 10 49 0.4094
19097 10 48 0.3543
19108 10 47 0.3543
19119 10 46 0.3465
19130 43 61 0.3543
19130 43 66 0.4331
19173 43 63 0.3543
19173 43 68 0.4331
19217 43 60 0.3465
19217 43 65 0.4252
19260 21 65 0.252
19260 21 72 0.4488
19282 21 60 0.4173
19282 21 65 0.3701
19304 43 84 0.5118
19315 10 79 0.3937
19326 10 76 0.3937
19336 10 72 0.3937
19347 43 86 0.5354
19358 10 81 0.4173
19369 10 78 0.4016
19380 10 74 0.4016
19391 43 83 0.4803
19402 10 78 0.378
19413 10 74 0.378
19423 10 71 0.378
19434 43 78 0.4488
19445 10 74 0.3701
19456 10 73 0.3701
19467 10 71 0.3701
19478 43 78 0.4173
19478 43 85 0.5276
19521 43 80 0.4173
19521 43 87 0.5276
19565 43 79 0.3307
19565 86 80 0.4094
19565 86 84 0.5197
19608 21 77 0.4724
19630 21 72 0.4331
19652 43 90 0.5433
19663 10 85 0.4016
19673 10 82 0.3937
19684 10 78 0.3937
19695 43 92 0.5039
19706 10 87 0.3701
19717 10 84 0.3701
19728 10 80 0.3701
19739 43 93 0.4567
19750 10 88 0.3386
19760 10 85 0.3307
19771 10 79 0.2677
19771 10 81 0.3307
19782 21 90 0.3858
19782 43 95 0.4173
19804 21 81 0.2362
19804 21 83 0.2913
19826 21 75 0.3386
19847 21 80 0.2913
19869 21 87 0.2913
19891 21 90 0.2913
19913 21 87 0.315
19934 21 80 0.2677
19956 10 73 0.3307
19967 10 80 0.2913
19978 10 85 0.2913
19989 10 88 0.2913
20000 21 75 0.3307
20021 21 80 0.2913
20043 21 87 0.2913
20065 21 90 0.2913
20086 21 87 0.315
20108 21 80 0.2677
20130 10 73 0.315
20141 10 80 0.2913
20152 10 85 0.2913
20163 10 88 0.2913
20173 21 75 0.3386
20195 21 80 0.2835
20217 21 87 0.2913
20239 21 90 0.3071
20260 21 80 0.3701
20282 21 87 0.3071
20304 21 92 0.3071
20326 21 95 0.3071
20347 21 80 0.3701
20369 21 85 0.315
20391 21 92 0.315
20413 21 97 0.315
20434 21 92 0.3543
20456 21 85 0.315
20478 10 78 0.3622
20489 10 84 0.315
20500 10 88 0.315
20510 10 92 0.315
20521 21 80 0.3622
20543 21 85 0.315
20565 21 92 0.315
20586 21 97 0.315
20608 21 92 0.3543
20630 21 85 0.315
20652 10 78 0.3543
20663 10 84 0.315
20673 10 88 0.315
20684 10 92 0.315
20706 10 80 0.4094
20717 10 85 0.4094
20728 10 92 0.4094
20739 10 97 0.4252
20750 10 92 0.4016
20760 10 85 0.3937
20771 10 80 0.378
20793 10 73 0.3858
20804 10 80 0.3858
20815 10 85 0.3937
20826 10 92 0.4094
20836 10 85 0.4016
20847 10 80 0.3858
20858 10 73 0.3858
20880 10 68 0.4173
20891 10 73 0.4173
20902 10 80 0.4173
20913 10 85 0.4409
20923 10 80 0.4173
20934 10 73 0.4016
20945 10 68 0.4016
20967 10 61 0.3937
20978 10 68 0.4016
20989 10 73 0.4094
21000 10 80 0.4252
21010 10 73 0.4094
21021 10 68 0.4016
21032 10 61 0.3858
21054 10 56 0.3937
21065 10 61 0.3858
21076 10 68 0.3858
21086 10 73 0.4016
21097 10 68 0.378
21108 10 61 0.3622
21119 10 56 0.3622
21141 10 56 0.3465
21152 10 61 0.3465
21163 10 68 0.3543
21173 10 73 0.3622
21184 10 68 0.3465
21195 10 61 0.3386
21206 10 56 0.3307
21228 10 56 0.3543
21239 10 61 0.3465
21250 10 68 0.3465
21260 10 73 0.3622
21271 10 68 0.3386
21282 10 61 0.3307
21293 10 56 0.315
21315 10 56 0.3071
21326 10 61 0.2992
21336 10 68 0.3071
21347 10 73 0.315
21358 10 68 0.2992
21369 10 61 0.2913
21380 10 56 0.2835
21400 8 52 0.252
21408 8 57 0.252
21417 8 60 0.2598
21426 8 64 0.2598
21443 8 64 0.2677
21452 8 69 0.2756
21460 8 72 0.2835
21469 8 76 0.2835
21486 8 76 0.2913
21495 8 81 0.2992
21504 8 84 0.2992
21513 8 88 0.3071
21530 8 88 0.315
21539 8 93 0.315
21547 8 96 0.3307
21556 8 100 0.3307
21565 6 90 0.4016
21571 6 92 0.2913
21577 6 99 0.2913
21583 6 93 0.2913
21589 6 96 0.2913
21596 6 100 0.2913
21602 6 105 0.2913
21608 6 90 0.4016
21614 6 94 0.2992
21621 6 98 0.2992
21627 6 95 0.3071
21633 6 99 0.3071
21639 6 102 0.3071
21645 6 107 0.3071
21652 6 88 0.4094
21658 6 90 0.2913
21664 6 97 0.2913
21670 6 91 0.2913
21676 6 94 0.2913
21682 6 98 0.2913
21689 6 103 0.2913
21695 6 88 0.4016
21701 6 92 0.2835
21707 6 96 0.2835
21714 6 93 0.2835
21720 6 97 0.2835
21726 6 100 0.2913
21732 6 105 0.2913
21739 6 86 0.4016
21745 6 88 0.2913
21751 6 95 0.2913
21757 6 89 0.2913
21763 6 92 0.2913
21769 6 96 0.2913
21776 6 101 0.2913
21782 6 86 0.3937
21788 6 90 0.2913
21794 6 94 0.2913
21801 6 91 0.2913
21807 6 95 0.2913
21813 6 98 0.2913
21819 6 103 0.2913
21826 6 84 0.4016
21832 6 86 0.2913
21838 6 93 0.2913
21844 6 87 0.2913
21850 6 90 0.2913
21856 6 94 0.2913
21863 6 99 0.2913
21869 6 84 0.4094
21875 6 88 0.2913
21881 6 92 0.2913
21888 6 89 0.2913
21894 6 93 0.2913
21900 6 96 0.2913
21906 6 101 0.2913
21913 6 81 0.4094
21919 6 83 0.2913
21925 6 90 0.2913
21931 6 84 0.2913
21937 6 87 0.2913
21943 6 91 0.2913
21950 6 96 0.2913
21956 6 78 0.4094
21962 6 80 0.2913
21968 6 87 0.2913
21975 6 81 0.2913
21981 6 84 0.2913
21987 6 88 0.2913
21993 6 93 0.2913
22000 6 75 0.4094
22006 6 77 0.2913
22012 6 84 0.2913
22018 6 78 0.2913
22024 6 81 0.2913
22030 6 85 0.2913
22036 6 90 0.2913
22043 6 72 0.4094
22049 6 74 0.2913
22055 6 81 0.2913
22061 6 75 0.2913
22068 6 78 0.2913
22074 6 82 0.2913
22080 6 87 0.2913
22086 6 69 0.4094
22093 6 71 0.2913
22099 6 78 0.2913
22105 6 72 0.2913
22111 6 75 0.2913
22117 6 79 0.2913
22123 6 84 0.2913
22130 6 66 0.4094
22136 6 68 0.2913
22142 6 75 0.2913
22148 6 69 0.2913
22155 6 72 0.2913
22161 6 76 0.2913
22167 6 81 0.2913
22173 6 63 0.4094
22180 6 65 0.2913
22186 6 72 0.2913
22192 6 66 0.2913
22198 6 69 0.2913
22204 6 73 0.2913
22210 6 78 0.2913
22217 6 60 0.4094
22223 6 62 0.2913
22229 6 69 0.2913
22235 6 63 0.2913
22242 6 66 0.2913
22248 6 70 0.2913
22254 6 75 0.2913
22275 28 64 0.2913
22275 28 67 0.2913
22275 14 73 0.3701
22289 14 70 0.3622
22318 28 64 0.2598
22318 28 67 0.2598
22318 14 60 0.3386
22333 14 58 0.3386
22362 28 64 0.2677
22362 28 55 0.2677
22362 14 61 0.3386
22376 14 58 0.3307
22405 28 52 0.2441
22405 28 55 0.2441
22405 14 60 0.3071
22420 14 58 0.3071
22449 28 52 0.2362
22449 28 55 0.2362
22449 14 60 0.2992
22463 14 58 0.2992
22492 28 52 0.2362
22492 28 55 0.2362
22492 14 48 0.2913
22507 14 46 0.2835
22536 28 48 0.2126
22536 28 43 0.2126
22536 14 52 0.2756
22550 14 46 0.2677
22579 28 40 0.2047
22579 28 43 0.2047
22579 14 48 0.2598
22594 14 46 0.252
22623 28 40 0.1811
22623 28 43 0.1811
22623 14 48 0.2283
22637 14 46 0.2205
22666 28 40 0.1496
22666 28 43 0.1496
22666 14 36 0.2047
22681 14 34 0.2047
22710 28 40 0.1496
22710 28 43 0.1496
22710 14 36 0.2047
22724 14 34 0.2047
22753 28 40 0.1496
22753 28 43 0.1496
22753 14 36 0.2047
22768 14 34 0.2047
22797 28 40 0.1496
22797 28 43 0.1496
22797 14 36 0.2047
22811 14 34 0.2047
22840 28 40 0.1496
22840 28 43 0.1496
22840 14 36 0.2047
22855 14 34 0.2047
22884 28 40 0.1496
22884 28 43 0.1496
22884 14 36 0.2047
22898 14 34 0.2047
22927 28 40 0.1496
22927 28 43 0.1496
22927 14 36 0.2047
22942 14 34 0.2047
22956 6 30 0.2756
22962 6 34 0.2126
22968 6 37 0.2283
22975 6 36 0.2441
22981 6 40 0.2598
22987 6 43 0.2677
22993 6 48 0.2913
23000 6 42 0.4173
23006 6 46 0.315
23012 6 49 0.3386
23018 6 48 0.3465
23024 6 52 0.3622
23030 6 55 0.3701
23036 6 60 0.3858
23043 6 54 0.5118
23049 6 58 0.4094
23055 6 61 0.4173
23061 6 60 0.4252
23068 6 64 0.4409
23074 6 67 0.4488
23080 6 72 0.4646
23086 6 66 0.6299
23093 6 70 0.4961
23099 6 73 0.5039
23105 6 72 0.5197
23111 6 76 0.5276
23117 6 79 0.5354
23123 6 84 0.5512
23130 6 78 0.7402
23136 6 82 0.5906
23142 6 85 0.6063
23148 6 84 0.6378
23155 6 88 0.6614
23161 6 91 0.685
23167 6 96 0.7087
23173 8 97 0.8898
23173 8 94 0.7008
23173 8 90 0.7008
23182 8 96 0.6614
23191 8 91 0.6378
23200 8 88 0.6299
23208 8 84 0.622
23217 8 85 0.7165
23217 8 82 0.6063
23217 8 78 0.6063
23226 8 84 0.5748
23234 8 79 0.5827
23243 8 76 0.5748
23252 8 72 0.5984
23260 8 73 0.6378
23260 8 70 0.6378
23260 8 66 0.6378
23269 8 72 0.5591
23278 8 76 0.5748
23286 8 79 0.5906
23295 8 84 0.6142
23304 8 85 0.7323
23304 8 82 0.622
23304 8 78 0.622
23313 8 84 0.6457
23321 8 88 0.6614
23330 8 91 0.6772
23339 8 96 0.6929
23347 8 97 0.8346
23347 8 94 0.7008
23347 8 90 0.7008
23356 8 96 0.6772
23365 8 91 0.6772
23373 8 88 0.6772
23382 8 84 0.6772
23391 8 85 0.7165
23391 8 82 0.6063
23391 8 78 0.6063
23400 8 84 0.5039
23408 8 79 0.5039
23417 8 76 0.4803
23426 8 72 0.4803
23434 8 73 0.5039
23434 8 70 0.4173
23434 8 66 0.4173
23443 8 72 0.4646
23452 8 76 0.4567
23460 8 79 0.4567
23469 8 84 0.4488
23478 8 85 0.6378
23478 8 82 0.5433
23478 8 78 0.5433
23486 8 84 0.4803
23495 8 79 0.4646
23504 8 76 0.4646
23513 8 72 0.4646
23521 8 73 0.5591
23521 8 70 0.4646
23521 8 66 0.4646
23530 8 72 0.4567
23539 8 76 0.4409
23547 8 79 0.4409
23556 8 84 0.4409
23565 8 85 0.6063
23565 8 82 0.5118
23565 8 78 0.5118
23573 8 84 0.4488
23582 8 79 0.4488
23591 8 76 0.4488
23600 8 72 0.4567
23608 8 73 0.5591
23608 8 70 0.3937
23608 8 66 0.3937
23617 8 72 0.4409
23626 8 76 0.4331
23634 8 79 0.4331
23643 8 84 0.4803
23652 8 85 0.5984
23652 8 82 0.5039
23652 8 78 0.5039
23660 8 84 0.4409
23669 8 79 0.4409
23678 8 76 0.4331
23686 8 72 0.4331
23695 8 73 0.5354
23695 8 70 0.4409
23695 8 66 0.4409
23704 8 72 0.4331
23713 8 76 0.4173
23721 8 79 0.4173
23730 8 84 0.4173
23739 8 85 0.5591
23739 8 82 0.4646
23739 8 78 0.4646
23747 8 84 0.4094
23756 8 79 0.4173
23765 8 76 0.4173
23773 8 72 0.4173
23782 8 73 0.5118
23782 8 70 0.3622
23782 8 66 0.3622
23791 8 67 0.4094
23800 8 72 0.4094
23808 8 76 0.4094
23817 8 79 0.4094
23826 8 82 0.5591
23826 8 78 0.4646
23834 8 79 0.4094
23843 8 76 0.4173
23852 8 72 0.4173
23860 8 67 0.4173
23869 8 73 0.5118
23869 8 70 0.3622
23869 8 66 0.3622
23878 8 67 0.4094
23886 8 72 0.4094
23895 8 76 0.4094
23904 8 79 0.4094
23913 8 82 0.5512
23913 8 78 0.4567
23921 8 79 0.4094
23930 8 76 0.4094
23939 8 72 0.4094
23947 8 67 0.4094
23956 8 73 0.4961
23956 8 70 0.3543
23956 8 66 0.3543
23965 8 67 0.4016
23973 8 72 0.3937
23982 8 76 0.3937
23991 8 79 0.3937
24000 8 82 0.5354
24000 8 78 0.4488
24008 8 79 0.3937
24017 8 76 0.4016
24026 8 72 0.4016
24034 8 67 0.3937
24043 8 73 0.4724
24043 8 70 0.3386
24043 8 66 0.3386
24052 8 67 0.3858
24060 8 72 0.3858
24069 8 76 0.378
24078 8 79 0.378
24086 8 82 0.5197
24086 8 78 0.4331
24095 8 79 0.378
24104 8 76 0.3858
24113 8 72 0.3858
24121 8 67 0.3858
24130 8 70 0.4567
24130 8 66 0.3307
24139 8 67 0.3701
24147 8 72 0.3701
24156 8 76 0.3701
24165 8 79 0.3701
24173 8 78 0.5039
24173 8 73 0.4173
24182 8 79 0.3701
24191 8 76 0.3701
24200 8 72 0.3701
24208 8 67 0.3701
24217 8 70 0.4409
24217 8 66 0.315
24226 8 67 0.3622
24234 8 72 0.3622
24243 8 76 0.3622
24252 8 79 0.3622
24260 8 78 0.4803
24260 8 73 0.4016
24269 8 79 0.3622
24278 8 76 0.3622
24286 8 72 0.3622
24295 8 67 0.3622
24304 8 70 0.4331
24304 8 66 0.2992
24313 8 67 0.3543
24321 8 72 0.3465
24330 8 76 0.3465
24339 8 79 0.3465
24347 8 78 0.4646
24347 8 73 0.3937
24356 8 79 0.3465
24365 8 76 0.3543
24373 8 72 0.3543
24382 8 67 0.3543
24391 8 70 0.4094
24391 8 66 0.2913
24400 8 67 0.3307
24408 8 72 0.3307
24417 8 76 0.3228
24426 8 79 0.3228
24434 8 78 0.4409
24434 8 73 0.3701
24443 8 79 0.3228
24452 8 76 0.3307
24460 8 72 0.3307
24469 8 67 0.3307
24478 10 70 0.3858
24478 10 66 0.2756
24489 10 67 0.3071
24500 10 72 0.2992
24510 10 76 0.2992
24521 10 78 0.4094
24521 10 73 0.3386
24532 10 76 0.2913
24543 10 72 0.2913
24554 10 67 0.2913
24565 10 70 0.3622
24565 10 66 0.2441
24576 10 67 0.2835
24586 10 72 0.2677
24597 10 76 0.2677
24608 10 78 0.378
24608 10 73 0.315
24619 10 76 0.2677
24630 10 72 0.2677
24641 10 67 0.2598
24652 10 70 0.3228
24652 10 66 0.2283
24663 10 67 0.252
24673 10 72 0.252
24684 10 76 0.252
24695 10 78 0.3465
24695 10 73 0.2835
24706 10 76 0.2441
24717 10 72 0.2441
24728 10 67 0.2441
24739 10 70 0.2835
24739 10 66 0.1969
24750 10 67 0.2362
24760 10 72 0.2362
24771 10 76 0.2362
24782 10 78 0.315
24782 10 73 0.252
24793 10 76 0.2283
24804 10 72 0.2283
24815 10 67 0.2283
24826 21 65 0.189
24826 21 72 0.2205
24847 21 69 0.189
24847 21 74 0.2205
24869 21 69 0.189
24869 21 74 0.2205
24891 21 72 0.2205
24891 21 65 0.189
24913 21 63 0.189
24913 21 70 0.2205
24934 21 67 0.189
24934 21 72 0.2205
24956 21 67 0.189
24956 21 72 0.2205
24978 21 63 0.189
24978 21 70 0.2205
25000 21 65 0.189
25000 21 72 0.2205
25021 21 69 0.189
25021 21 74 0.2205
25043 21 69 0.2205
25043 21 74 0.2205
25065 21 72 0.2205
25065 21 65 0.189
25086 21 63 0.189
25086 21 70 0.2205
25108 21 67 0.189
25108 21 72 0.2205
25130 21 67 0.189
25130 21 72 0.2205
25152 21 63 0.189
25152 21 70 0.2205
25173 21 65 0.189
25173 21 72 0.2205
25195 21 69 0.2205
25195 21 74 0.2205
25217 21 69 0.2205
25217 21 74 0.2205
25239 21 72 0.2205
25239 21 65 0.2205
25260 21 63 0.189
25260 21 70 0.2205
25282 21 67 0.189
25282 21 72 0.2205
25304 21 67 0.189
25304 21 72 0.2205
25326 21 63 0.189
25326 21 70 0.2205
25347 21 61 0.189
25347 21 68 0.2205
25369 21 65 0.1811
25369 21 70 0.2205
25391 21 65 0.1732
25391 21 70 0.2126
25413 21 68 0.2126
25413 21 61 0.1732
25434 21 59 0.1654
25434 21 66 0.2047
25456 21 63 0.1654
25456 21 68 0.2047
25478 21 63 0.1496
25478 21 68 0.1969
25500 10 59 0.1496
25500 10 66 0.189
25521 21 61 0.1969
25521 21 66 0.2283
25521 43 73 0.3543
25543 21 63 0.1654
25543 21 68 0.2205
25565 21 68 0.2283
25565 43 75 0.315
25586 21 61 0.1654
25586 21 66 0.2205
25608 21 59 0.1811
25608 21 64 0.2441
25608 43 71 0.3386
25630 21 61 0.1732
25630 21 66 0.2283
25652 21 66 0.2598
25652 21 73 0.3071
25652 21 78 0.3622
25673 21 69 0.2283
25673 21 74 0.2283
25695 21 61 0.2598
25695 21 66 0.3071
25695 43 73 0.3386
25717 21 63 0.1732
25717 21 68 0.2362
25739 21 68 0.3071
25739 43 75 0.315
25760 21 61 0.1732
25760 21 66 0.2283
25782 21 59 0.1496
25782 21 64 0.2598
25782 43 71 0.3307
25804 21 61 0.1732
25804 21 66 0.2283
25826 21 66 0.2598
25826 21 73 0.3071
25826 21 78 0.3386
25847 21 69 0.2362
25847 21 74 0.2362
25869 21 61 0.2598
25869 21 66 0.3071
25869 43 73 0.3386
25891 21 63 0.1732
25891 21 68 0.2283
25913 21 68 0.2992
25913 43 75 0.3071
25934 21 61 0.1654
25934 21 66 0.2205
25956 21 59 0.1969
25956 21 64 0.252
25956 43 71 0.315
25978 21 61 0.1496
25978 21 66 0.2126
26000 21 66 0.2835
26000 43 73 0.2913
26021 21 59 0.1417
26021 21 64 0.2126
26043 21 57 0.2126
26043 21 62 0.2598
26043 43 69 0.2992
26065 21 59 0.1417
26065 21 64 0.2047
26086 21 64 0.2677
26086 43 71 0.2756
26108 21 60 0.2126
26130 434 60 0.189
26130 86 58 0.189
26130 86 64 0.189
26130 86 68 0.2205
26504 4 59 0.2756
26504 4 57 0.2756
26508 4 64 0.2835
26513 4 66 0.2913
26517 4 69 0.2913
26521 4 71 0.2992
26526 4 71 0.3071
26526 4 69 0.3071
26530 4 76 0.315
26534 4 78 0.3307
26539 4 81 0.3307
26543 4 83 0.3386
26547 4 81 0.3465
26547 4 83 0.3465
26552 4 88 0.3543
26556 4 90 0.3622
26560 4 93 0.3622
26565 7 95 0.3937
26565 7 93 0.3307
26572 7 88 0.2677
26572 7 90 0.315
26579 6 81 0.2677
26579 6 83 0.315
26586 7 83 0.3465
26586 7 81 0.2835
26594 7 76 0.2283
26594 7 78 0.2756
26601 6 69 0.2283
26601 6 71 0.2756
26608 7 71 0.3386
26608 7 69 0.2756
26615 7 76 0.2283
26615 7 78 0.2756
26623 6 81 0.2362
26623 6 83 0.2835
26630 7 83 0.3701
26630 7 81 0.3071
26637 7 88 0.2677
26637 7 90 0.315
26644 7 93 0.2677
26644 7 95 0.315
26652 7 95 0.3937
26652 7 93 0.3307
26659 7 88 0.2677
26659 7 90 0.315
26666 6 81 0.2677
26666 6 83 0.315
26673 7 83 0.3543
26673 7 81 0.2913
26681 7 76 0.2283
26681 7 78 0.2835
26688 6 69 0.2283
26688 6 71 0.2835
26695 7 71 0.3465
26695 7 69 0.2835
26702 7 76 0.2283
26702 7 78 0.2835
26710 6 81 0.2441
26710 6 83 0.2913
26717 7 83 0.378
26717 7 81 0.315
26724 7 88 0.2756
26724 7 90 0.3307
26731 7 93 0.2756
26731 7 95 0.3307
26739 7 95 0.4094
26739 7 93 0.3465
26746 7 88 0.2756
26746 7 90 0.3307
26753 6 81 0.2756
26753 6 83 0.3307
26760 7 83 0.3622
26760 7 81 0.2913
26768 7 76 0.2362
26768 7 78 0.2835
26775 6 69 0.2362
26775 6 71 0.2913
26782 7 71 0.3543
26782 7 69 0.2913
26789 7 76 0.2362
26789 7 78 0.2913
26797 6 81 0.2441
26797 6 83 0.2992
26804 7 83 0.3858
26804 7 81 0.3307
26811 7 88 0.2835
26811 7 90 0.3386
26818 7 93 0.2835
26818 7 95 0.3386
26826 7 95 0.4173
26826 7 93 0.3465
26833 7 88 0.2835
26833 7 90 0.3386
26840 6 81 0.2835
26840 6 83 0.3386
26847 7 83 0.3701
26847 7 81 0.2992
26855 7 76 0.2441
26855 7 78 0.2913
26862 6 69 0.2441
26862 6 71 0.2913
26869 7 71 0.3622
26869 7 69 0.2913
26876 7 76 0.2441
26876 7 78 0.2913
26884 6 81 0.252
26884 6 83 0.3071
26891 7 83 0.4016
26891 7 81 0.3386
26898 7 88 0.2835
26898 7 90 0.3465
26905 6 93 0.2835
26905 6 95 0.3465
26913 7 95 0.4252
26913 7 93 0.3622
26920 7 88 0.2913
26920 7 90 0.3465
26927 6 81 0.2913
26927 6 83 0.3543
26934 7 83 0.378
26934 7 81 0.3071
26942 7 76 0.252
26942 7 78 0.3071
26949 6 69 0.252
26949 6 71 0.3071
26956 7 71 0.378
26956 7 69 0.3071
26963 7 76 0.252
26963 7 78 0.3071
26971 6 81 0.2677
26971 6 83 0.3307
26978 7 83 0.4173
26978 7 81 0.3543
26985 7 88 0.3071
26985 7 90 0.3701
26992 7 93 0.3071
26992 7 95 0.3701
27000 7 95 0.4567
27000 7 93 0.378
27007 7 88 0.3071
27007 7 90 0.378
27014 6 81 0.3071
27014 6 83 0.378
27021 7 83 0.4016
27021 7 81 0.3386
27029 7 76 0.2677
27029 7 78 0.3307
27036 6 69 0.2677
27036 6 71 0.3307
27043 7 71 0.4016
27043 7 69 0.3386
27050 7 76 0.2677
27050 7 78 0.3386
27057 6 81 0.2835
27057 6 83 0.3465
27065 7 83 0.4488
27065 7 81 0.378
27072 7 88 0.3307
27072 7 90 0.3858
27079 7 93 0.3307
27079 7 95 0.3937
27086 7 95 0.4961
27086 7 93 0.4094
27094 7 88 0.3386
27094 7 90 0.3937
27101 6 81 0.3386
27101 6 83 0.3937
27108 7 83 0.4252
27108 7 81 0.3543
27115 7 76 0.2835
27115 7 78 0.3465
27123 6 69 0.2756
27123 6 71 0.3465
27130 7 71 0.4094
27130 7 69 0.3465
27137 7 76 0.2756
27137 7 78 0.3465
27144 6 81 0.2835
27144 6 83 0.3543
27152 7 83 0.4488
27152 7 81 0.3858
27159 7 88 0.3307
27159 7 90 0.3858
27166 7 93 0.3307
27166 7 95 0.3858
27173 7 95 0.4803
27173 7 93 0.4016
27181 7 88 0.3307
27181 7 90 0.3858
27188 6 81 0.3307
27188 6 83 0.3858
27195 7 83 0.4173
27195 7 81 0.3465
27202 7 76 0.2756
27202 7 78 0.3386
27210 6 69 0.2756
27210 6 71 0.3386
27217 7 71 0.4094
27217 7 69 0.3386
27224 7 76 0.2756
27224 7 78 0.3386
27231 6 81 0.2835
27231 6 83 0.3465
27239 7 83 0.4409
27239 7 81 0.3701
27246 7 88 0.315
27246 7 90 0.3858
27253 6 93 0.315
27253 6 95 0.3858
27260 5 93 0.4488
27266 5 90 0.4016
27271 5 88 0.3937
27277 5 85 0.3858
27282 5 81 0.3858
27288 5 78 0.378
27293 5 76 0.3701
27298 5 73 0.3622
27304 5 69 0.3622
27309 5 73 0.3622
27315 5 76 0.3701
27320 5 78 0.3858
27326 5 81 0.3937
27331 5 85 0.4016
27336 5 88 0.4173
27342 5 90 0.4252
27347 5 93 0.4488
27353 5 90 0.4016
27358 5 88 0.3937
27364 5 85 0.3858
27369 5 81 0.3858
27375 5 78 0.378
27380 5 76 0.3701
27385 5 73 0.3622
27391 5 69 0.3622
27396 5 73 0.3622
27402 5 76 0.3701
27407 5 78 0.3858
27413 5 81 0.3937
27418 5 85 0.4016
27423 5 88 0.4173
27429 5 90 0.4252
27434 5 93 0.4961
27440 5 90 0.4409
27445 5 88 0.4252
27451 5 85 0.4173
27456 5 81 0.4173
27461 5 78 0.4094
27467 5 76 0.4016
27472 5 73 0.3937
27478 5 69 0.3937
27483 5 73 0.3937
27489 5 76 0.4016
27494 5 78 0.4173
27500 5 81 0.4252
27505 5 85 0.4409
27510 5 88 0.4567
27516 5 90 0.4646
27521 5 93 0.4961
27527 5 90 0.4409
27532 5 88 0.4252
27538 5 85 0.4173
27543 5 81 0.4173
27548 5 78 0.4094
27554 5 76 0.4016
27559 5 73 0.3937
27565 5 69 0.3937
27570 5 73 0.3937
27576 5 76 0.4016
27581 5 78 0.4173
27586 5 81 0.4252
27592 5 85 0.4409
27597 5 88 0.4567
27603 5 90 0.4646
27608 5 93 0.5118
27614 5 90 0.4016
27619 5 88 0.3937
27625 5 85 0.3858
27630 5 81 0.3858
27635 5 78 0.378
27641 5 76 0.3701
27646 5 73 0.3622
27652 6 69 0.3622
27658 6 73 0.3622
27664 6 76 0.3701
27670 6 78 0.3858
27676 6 81 0.3937
27682 5 85 0.4016
27689 6 88 0.4173
27695 5 90 0.5118
27701 5 88 0.4016
27706 5 85 0.3937
27711 5 81 0.3858
27717 5 78 0.3858
27722 5 76 0.378
27728 5 73 0.3701
27733 5 69 0.3622
27739 6 66 0.3622
27745 6 69 0.3622
27751 6 73 0.3701
27757 6 76 0.3858
27763 6 78 0.3937
27769 5 81 0.4016
27776 6 85 0.4173
27782 5 88 0.5118
27788 5 85 0.4016
27793 5 81 0.3937
27798 5 78 0.3858
27804 5 76 0.3858
27809 5 73 0.378
27815 5 69 0.3701
27820 5 66 0.3622
27826 6 64 0.3622
27832 6 66 0.3622
27838 6 69 0.3701
27844 6 73 0.3858
27850 6 76 0.3937
27856 5 78 0.4016
27863 6 81 0.4173
27869 5 85 0.5039
27875 5 81 0.4016
27880 5 78 0.3937
27885 5 76 0.3858
27891 5 73 0.3858
27896 5 69 0.378
27902 5 66 0.3701
27907 5 64 0.3622
27913 5 61 0.3622
27918 5 64 0.3622
27923 5 66 0.3701
27929 5 69 0.3858
27934 5 73 0.3937
27940 5 76 0.4016
27945 5 78 0.4173
27951 5 81 0.4252
27956 5 83 0.5039
27961 5 80 0.4016
27967 5 76 0.3937
27972 5 73 0.3858
27978 5 71 0.3858
27983 5 68 0.378
27989 5 64 0.3701
27994 5 61 0.3622
28000 5 59 0.3622
28005 5 61 0.3622
28010 5 64 0.3701
28016 5 68 0.3858
28021 5 71 0.3937
28027 5 73 0.4016
28032 5 76 0.4173
28038 5 80 0.4252
28043 5 83 0.5039
28048 5 80 0.4016
28054 5 76 0.3937
28059 5 73 0.3858
28065 5 71 0.3858
28070 5 68 0.378
28076 5 64 0.3701
28081 5 61 0.3622
28086 5 59 0.3622
28092 5 61 0.3622
28097 5 64 0.3701
28103 5 68 0.3858
28108 5 71 0.3937
28114 5 73 0.4016
28119 5 76 0.4173
28125 5 80 0.4252
28130 5 83 0.5039
28135 5 80 0.4016
28141 5 76 0.3937
28146 5 73 0.3858
28152 5 71 0.3858
28157 5 68 0.378
28163 5 64 0.3701
28168 5 61 0.3622
28173 5 59 0.3622
28179 5 61 0.3622
28184 5 64 0.3701
28190 5 68 0.3858
28195 5 71 0.3937
28201 5 73 0.4016
28206 5 76 0.4173
28211 5 80 0.4252
28217 5 83 0.5039
28222 5 80 0.4016
28228 5 76 0.3937
28233 5 73 0.3858
28239 5 71 0.3858
28244 5 68 0.378
28250 5 64 0.3701
28255 5 61 0.3622
28260 5 59 0.3622
28266 5 61 0.3622
28271 5 64 0.3701
28277 5 68 0.3858
28282 5 71 0.3937
28288 5 73 0.4016
28293 5 76 0.4173
28298 5 80 0.4252
28304 5 83 0.5039
28309 5 80 0.4016
28315 5 76 0.3937
28320 5 73 0.3858
28326 5 71 0.378
28331 5 68 0.3701
28336 5 64 0.3622
28342 5 61 0.3543
28347 5 59 0.3543
28353 5 61 0.3543
28358 5 64 0.3543
28364 5 68 0.3701
28369 5 71 0.378
28375 5 73 0.3858
28380 5 76 0.3937
28385 5 80 0.4016
28391 5 83 0.4646
28396 5 80 0.378
28402 5 76 0.3701
28407 5 73 0.3622
28413 5 71 0.3622
28418 5 68 0.3543
28423 5 64 0.3465
28429 5 61 0.3307
28434 5 59 0.3307
28440 5 61 0.3307
28445 5 64 0.3386
28451 5 68 0.3543
28456 5 71 0.3622
28461 5 73 0.3622
28467 5 76 0.378
28472 5 80 0.3858
28478 5 83 0.4409
28483 5 80 0.3622
28489 5 76 0.3543
28494 5 73 0.3465
28500 5 71 0.3386
28505 5 68 0.3307
28510 5 64 0.3307
28516 5 61 0.3071
28521 5 59 0.3071
28527 5 61 0.3071
28532 5 64 0.315
28538 5 68 0.3307
28543 5 71 0.3386
28548 5 73 0.3465
28554 5 76 0.3543
28559 5 80 0.3622
28565 5 83 0.4173
28570 5 80 0.3386
28576 5 76 0.3307
28581 5 73 0.315
28586 5 71 0.315
28592 5 68 0.3071
28597 5 64 0.2992
28603 5 61 0.2913
28608 5 59 0.2913
28614 5 61 0.2913
28619 5 64 0.2913
28625 5 68 0.3071
28630 5 71 0.315
28635 5 73 0.315
28641 5 76 0.3386
28646 5 80 0.3465
28652 5 83 0.3622
28657 5 80 0.3622
28663 5 76 0.3543
28668 5 73 0.3465
28673 5 71 0.3386
28679 5 68 0.3307
28684 5 64 0.3307
28690 5 61 0.315
28717 5 59 0.2913
28722 5 61 0.2992
28728 5 64 0.315
28733 5 68 0.3307
28760 5 71 0.2913
28766 5 73 0.2913
28771 5 76 0.315
28777 5 80 0.3307
28804 5 88 0.2913
28809 5 92 0.2992
28815 5 95 0.3307
28820 5 97 0.3386
28826 43 87 0.2598
28826 43 92 0.2913
28826 43 99 0.3543
0 43 71 0.2677
0 43 64 0.2205
43 43 68 0.2047
43 43 76 0.2362
86 43 83 0.2362
86 43 76 0.2047
130 43 69 0.2047
130 43 76 0.2362
173 43 71 0.2677
173 43 64 0.2205
217 43 68 0.2047
217 43 76 0.2441
260 43 83 0.2441
260 43 76 0.2047
304 43 69 0.2047
304 43 76 0.2441
347 43 71 0.2677
347 43 64 0.2205
391 43 68 0.2047
391 43 76 0.2362
434 43 71 0.2205
434 43 76 0.2677
478 43 76 0.2047
478 43 83 0.2362
521 43 76 0.3071
521 43 69 0.2598
565 43 73 0.2126
565 43 81 0.252
608 32 88 0.252
608 32 81 0.2126
641 54 62 0.2047
646 48 66 0.2047
652 43 72 0.2362
695 43 76 0.2992
695 43 69 0.252
739 43 73 0.2205
739 43 81 0.2598
782 32 88 0.252
782 32 81 0.2126
815 54 62 0.2126
820 48 66 0.2126
826 43 72 0.252
869 43 76 0.2913
869 43 69 0.2441
913 43 73 0.2047
913 43 81 0.2362
956 43 66 0.2441
956 43 72 0.2913
1000 43 62 0.2047
1000 43 69 0.2362
1043 43 68 0.252
1043 43 58 0.2126
1086 43 55 0.2047
1086 43 65 0.2362
1130 43 52 0.2126
1130 43 62 0.252
1173 43 49 0.2047
1173 43 59 0.2362
1217 130 46 0.2283
1217 130 56 0.2756
1260 65 58 0.2835
1260 65 68 0.3465
1347 43 49 0.2126
1347 43 59 0.252
1391 130 46 0.2205
1391 130 56 0.2677
1434 65 58 0.2677
1434 65 68 0.315
1521 43 49 0.2126
1521 43 59 0.252
1565 173 46 0.2205
1565 173 56 0.2598
1608 86 58 0.2913
1608 86 68 0.3622
1695 86 58 0.2835
1695 86 68 0.3465
1782 43 56 0.2913
1782 43 60 0.2913
1782 43 66 0.3622
1826 43 64 0.3465
1826 43 54 0.2835
1826 43 58 0.2835
1869 43 53 0.2677
1869 43 57 0.2677
1869 43 63 0.315
1913 43 40 0.2205
1913 43 56 0.2677
1913 43 47 0.2205
1956 43 64 0.2047
1956 43 71 0.2362
2000 43 68 0.2047
2000 43 75 0.2362
2000 43 63 0.2047
2043 43 57 0.2047
2043 43 64 0.2362
2086 43 59 0.2205
2086 43 68 0.2677
2086 43 52 0.2205
2130 43 64 0.2047
2130 43 71 0.2441
2173 43 68 0.2047
2173 43 75 0.2441
2173 43 63 0.2047
2217 43 57 0.2047
2217 43 64 0.2441
2260 43 59 0.2205
2260 43 68 0.2677
2260 43 52 0.2205
2304 43 64 0.2047
2304 43 71 0.2362
2347 43 68 0.2205
2347 43 63 0.2205
2347 43 75 0.2677
2391 43 76 0.2047
2391 43 71 0.2047
2391 43 83 0.2362
2434 43 80 0.3386
2434 43 73 0.2756
2478 43 80 0.252
2478 43 85 0.2913
2521 43 73 0.2913
2521 43 66 0.252
2565 43 73 0.252
2565 43 78 0.2913
2608 43 80 0.3386
2608 43 73 0.2756
2652 43 80 0.252
2652 43 85 0.2992
2695 43 73 0.2992
2695 43 66 0.252
2739 43 73 0.252
2739 43 78 0.2992
2782 43 80 0.3386
2782 43 73 0.2756
2826 43 80 0.252
2826 43 85 0.2913
2869 43 73 0.3307
2869 43 66 0.2756
2913 43 73 0.252
2913 43 78 0.2913
2956 21 57 0.2677
2956 21 63 0.315
3000 86 63 0.315
3000 86 69 0.378
3086 43 63 0.2913
3086 43 66 0.2913
3086 43 75 0.3543
3130 43 56 0.4016
3130 43 49 0.4016
3173 43 61 0.2835
3173 43 68 0.3386
3217 43 68 0.3937
3217 43 61 0.3937
3260 43 73 0.2835
3260 43 80 0.3386
3304 43 74 0.4016
3304 43 69 0.4016
3347 43 74 0.2835
3347 43 81 0.3386
3391 43 81 0.3937
3391 43 74 0.3937
3434 43 78 0.2835
3434 43 86 0.3386
3478 43 68 0.4016
3478 43 61 0.4016
3521 43 68 0.2835
3521 43 73 0.3386
3565 43 73 0.3858
3565 43 80 0.4567
3608 43 71 0.2835
3608 43 78 0.3465
3652 43 61 0.3465
3652 43 68 0.4094
3695 43 68 0.3701
3695 43 73 0.4409
3739 43 80 0.4488
3739 43 85 0.5276
3782 43 78 0.3465
3782 43 83 0.4173
3826 43 73 0.4331
3826 43 80 0.5197
3869 43 80 0.4488
3869 43 85 0.5433
3913 43 85 0.5748
3913 43 92 0.6929
3956 43 83 0.4724
3956 43 90 0.5669
4000 43 80 0.5276
4000 43 85 0.6142
4043 43 78 0.4173
4043 43 83 0.5039
4086 43 73 0.4803
4086 43 80 0.5748
4130 43 71 0.3937
4130 43 78 0.4567
4173 43 68 0.4252
4173 43 73 0.5039
4217 43 66 0.3307
4217 43 71 0.3937
4260 173 37 0.5354
4260 173 44 0.5354
4304 10 71 0.4488
4347 10 68 0.4488
4391 10 66 0.4488
4434 10 68 0.5039
4478 10 71 0.4331
4521 10 68 0.4409
4565 10 66 0.4409
4608 10 61 0.4961
4652 10 59 0.4252
4652 10 64 0.4252
4695 10 56 0.4252
4695 10 64 0.4252
4739 10 54 0.4173
4739 10 64 0.4173
4782 10 56 0.4567
4782 10 64 0.4567
4826 10 59 0.3543
4826 10 64 0.3543
4869 10 56 0.4016
4869 10 64 0.4016
4913 10 54 0.3937
4913 10 64 0.3937
4956 10 49 0.3937
5000 10 56 0.3858
5043 10 61 0.4016
5086 10 68 0.4173
5130 10 73 0.4331
5173 10 73 0.4252
5217 10 73 0.4094
5260 10 73 0.3858
5304 10 73 0.3701
5347 10 73 0.3465
5391 10 73 0.3307
5434 10 73 0.2992
5521 32 85 0.3543
5521 32 73 0.252
5565 32 87 0.315
5565 32 75 0.2441
5608 32 85 0.315
5608 32 73 0.2441
5652 16 78 0.2756
5652 16 90 0.3622
5673 16 75 0.2441
5673 16 87 0.315
5695 32 73 0.2441
5695 32 85 0.315
5739 32 68 0.2205
5739 32 80 0.2835
5782 43 68 0.2205
5782 43 80 0.2913
5826 38 78 0.2677
5826 38 66 0.2047
5864 5 59 0.2283
5869 32 61 0.2756
5869 32 73 0.3622
5913 32 63 0.2441
5913 32 75 0.315
5956 32 61 0.2441
5956 32 73 0.315
6000 16 66 0.2677
6000 16 78 0.3543
6021 16 63 0.2441
6021 16 75 0.315
6043 32 61 0.2441
6043 32 73 0.315
6086 32 56 0.2205
6086 32 68 0.2913
6130 43 56 0.2126
6130 43 68 0.2756
6173 43 54 0.2047
6173 43 66 0.2598
6217 10 47 0.2598
6228 10 49 0.2205
6239 10 52 0.2205
6250 10 57 0.2205
6260 10 59 0.2598
6271 10 61 0.2205
6282 10 64 0.2205
6293 10 69 0.2205
6304 10 59 0.2598
6315 10 61 0.2205
6326 10 64 0.2205
6336 10 69 0.2205
6347 10 76 0.2756
6358 10 69 0.2205
6369 10 64 0.2205
6380 10 61 0.2205
6391 10 59 0.2913
6402 10 61 0.252
6413 10 64 0.252
6423 10 69 0.252
6434 10 59 0.2913
6445 10 61 0.2441
6456 10 64 0.2441
6467 10 69 0.2441
6478 10 59 0.2756
6489 10 61 0.2362
6500 10 64 0.2362
6510 10 69 0.2362
6521 10 59 0.2677
6532 10 61 0.2362
6543 10 64 0.2362
6554 10 69 0.2362
6565 43 56 0.315
6576 10 57 0.2677
6586 10 61 0.2677
6597 10 64 0.2677
6608 43 54 0.3465
6619 10 57 0.2677
6630 10 61 0.2677
6641 10 64 0.2677
6652 86 52 0.3465
6663 10 54 0.2677
6673 10 57 0.2677
6684 10 61 0.2677
6695 10 64 0.2677
6706 10 61 0.2677
6717 10 57 0.2677
6728 10 54 0.2677
6739 86 49 0.3386
6750 10 52 0.2677
6760 10 54 0.2677
6771 10 57 0.2677
6782 10 61 0.3465
6793 10 57 0.2677
6804 10 54 0.2677
6815 10 52 0.2677
6826 86 47 0.3386
6836 10 49 0.2677
6847 10 52 0.2677
6858 10 54 0.2677
6869 10 57 0.2677
6880 10 54 0.2677
6891 10 52 0.2677
6902 10 49 0.2677
6913 86 45 0.3543
6923 10 49 0.2913
6934 10 52 0.2913
6945 10 54 0.2913
6956 10 57 0.3465
6967 10 54 0.2992
6978 10 52 0.2992
6989 10 49 0.2992
7000 86 44 0.3937
7010 10 49 0.3071
7021 10 52 0.315
7032 10 54 0.315
7043 10 57 0.315
7054 10 54 0.315
7065 10 52 0.315
7076 10 49 0.3307
7086 86 42 0.4094
7097 10 45 0.3307
7108 10 49 0.3307
7119 10 52 0.3307
7130 10 54 0.378
7141 10 52 0.3465
7152 10 49 0.3465
7163 10 45 0.3465
7173 86 40 0.4331
7184 10 45 0.3465
7195 10 49 0.3622
7206 10 52 0.3622
7217 10 54 0.3622
7228 10 52 0.3622
7239 10 49 0.3622
7250 10 45 0.3622
7260 10 39 0.2677
7260 10 46 0.315
7271 10 51 0.2677
7282 10 53 0.2677
7293 10 55 0.2677
7304 10 61 0.315
7315 10 55 0.252
7326 10 53 0.252
7336 10 51 0.2598
7347 10 43 0.2677
7347 10 50 0.315
7358 10 53 0.2677
7369 10 57 0.2756
7380 10 59 0.2756
7391 10 65 0.315
7402 10 59 0.2756
7413 10 57 0.2756
7423 10 53 0.2756
7434 10 39 0.2677
7434 10 46 0.315
7445 10 51 0.2677
7456 10 53 0.2677
7467 10 55 0.2677
7478 10 61 0.3543
7489 10 55 0.2913
7500 10 53 0.2913
7510 10 51 0.2913
7521 10 43 0.315
7521 10 50 0.378
7532 10 53 0.3071
7543 10 57 0.3071
7554 10 59 0.3071
7565 10 65 0.3858
7576 10 59 0.3386
7586 10 57 0.3386
7597 10 53 0.3386
7608 10 58 0.4409
7608 10 51 0.3701
7619 10 63 0.3701
7630 10 65 0.3701
7641 10 67 0.3701
7652 10 73 0.4567
7663 10 67 0.3858
7673 10 65 0.3937
7684 10 63 0.4016
7695 10 55 0.4016
7695 10 62 0.4803
7706 10 65 0.4173
7717 10 69 0.4173
7728 10 71 0.4173
7739 10 77 0.5118
7750 10 71 0.4173
7760 10 69 0.4173
7771 10 65 0.4173
7782 10 63 0.4567
7782 10 70 0.5433
7793 10 75 0.4567
7804 10 77 0.4567
7815 10 79 0.4567
7826 10 85 0.5512
7836 10 79 0.4646
7847 10 77 0.4646
7858 10 75 0.4646
7869 10 67 0.4803
7869 10 74 0.5748
7880 10 77 0.4646
7891 10 81 0.4646
7902 10 83 0.4646
7913 10 89 0.5827
7923 10 83 0.4961
7934 10 81 0.4961
7945 10 77 0.4961
7956 43 63 0.6063
7956 43 70 0.6063
7956 43 75 0.7244
8000 43 94 0.7559
8130 43 82 0.7087
8130 43 75 0.5984
8173 43 94 0.7795
8304 10 82 0.6142
8304 10 75 0.5276
8347 10 94 0.5906
8347 10 87 0.4961
8391 10 82 0.6142
8391 10 75 0.5276
8434 10 63 0.4724
8434 10 70 0.5748
8478 10 51 0.4724
8478 10 58 0.5669
8521 10 63 0.4803
8521 10 70 0.5748
8565 10 82 0.5984
8565 10 75 0.5118
8608 10 94 0.5748
8608 10 87 0.4803
8652 10 82 0.5591
8652 10 75 0.4646
8695 10 94 0.5039
8695 10 87 0.4173
8739 10 82 0.4961
8739 10 75 0.4094
8782 10 94 0.4803
8782 10 87 0.4094
8826 10 82 0.4567
8826 10 75 0.3858
8869 10 94 0.4094
8869 10 87 0.3465
8913 10 82 0.3937
8913 10 74 0.3307
8956 10 94 0.3465
8956 10 87 0.2913
9000 32 87 0.3622
9000 32 83 0.2283
9043 32 89 0.315
9043 32 85 0.2047
9086 32 85 0.315
9086 32 81 0.2047
9130 16 87 0.2283
9130 16 92 0.3622
9152 16 81 0.2047
9152 16 85 0.315
9173 32 87 0.3622
9173 32 83 0.2283
9217 32 89 0.315
9217 32 85 0.2047
9260 32 85 0.315
9260 32 81 0.2047
9304 16 87 0.2283
9304 16 92 0.3622
9326 16 81 0.2047
9326 16 85 0.315
9347 32 87 0.3622
9347 32 83 0.2283
9391 32 89 0.315
9391 32 85 0.2047
9434 32 85 0.315
9434 32 81 0.2047
9478 32 83 0.2283
9478 32 87 0.3622
9521 32 83 0.3622
9521 32 79 0.2283
9565 32 85 0.2992
9565 32 81 0.1969
9608 32 82 0.2913
9608 32 78 0.189
9652 32 80 0.2047
9652 32 84 0.3071
9695 43 66 0.2756
9695 43 63 0.2283
9695 43 56 0.1811
9739 43 84 0.315
9739 43 80 0.2047
9782 43 64 0.2598
9782 43 61 0.2047
9782 43 54 0.2047
9826 43 82 0.2835
9826 43 87 0.3386
9869 43 66 0.2756
9869 43 63 0.2283
9869 43 56 0.1811
9913 43 84 0.315
9913 43 80 0.2047
9956 43 64 0.2598
9956 43 61 0.2047
9956 43 54 0.2047
10000 43 82 0.2835
10000 43 87 0.3386
10043 43 66 0.2756
10043 43 63 0.2283
10043 43 56 0.1811
10086 43 84 0.315
10086 43 80 0.2047
10130 43 64 0.2598
10130 43 61 0.2047
10130 43 54 0.2047
10173 43 78 0.2835
10173 43 82 0.3386
10217 43 62 0.2756
10217 43 59 0.2283
10217 43 52 0.1811
10260 43 80 0.315
10260 43 76 0.2047
10304 43 58 0.2283
10304 43 53 0.189
10304 43 46 0.189
10347 43 70 0.2913
10391 43 62 0.2756
10391 43 59 0.2283
10391 43 52 0.1811
10434 43 80 0.2913
10434 43 76 0.189
10478 43 58 0.2283
10478 43 53 0.189
10478 43 46 0.189
10521 43 70 0.2913
10565 43 62 0.2756
10565 43 59 0.2283
10565 43 53 0.1811
10608 43 80 0.2913
10608 43 76 0.189
10652 43 58 0.2283
10652 43 53 0.189
10652 43 46 0.189
10695 43 70 0.2913
10739 43 47 0.1575
10739 43 52 0.1575
10739 43 59 0.189
10782 43 61 0.2835
10826 43 59 0.1811
10826 43 64 0.1811
10826 43 71 0.2205
10869 43 73 0.2835
10913 43 71 0.2126
10913 43 76 0.2126
10913 43 83 0.252
10956 21 85 0.3307
10978 21 83 0.3307
11000 86 70 0.378
11021 7 86 0.3307
11021 7 82 0.2756
11021 21 77 0.2756
11065 21 86 0.3307
11065 21 82 0.2756
11065 21 77 0.2756
11086 86 68 0.378
11108 43 83 0.3307
11108 43 78 0.2756
11108 43 74 0.2756
11152 21 83 0.3307
11152 21 78 0.2756
11152 21 74 0.2756
11173 65 58 0.4094
11195 21 74 0.3307
11195 21 70 0.2756
11195 21 65 0.2756
11239 21 58 0.3307
11260 21 56 0.3937
11282 65 62 0.3701
11282 43 61 0.2756
11326 21 59 0.3307
11347 86 46 0.4252
11369 21 62 0.3307
11369 21 58 0.2756
11369 21 53 0.2756
11434 43 44 0.3937
11478 43 58 0.4016
11521 43 56 0.3622
11565 43 70 0.4094
11608 43 68 0.3701
11652 21 70 0.2756
11652 21 82 0.3307
11673 21 68 0.2756
11673 21 80 0.3307
11695 86 67 0.378
11717 21 83 0.3307
11717 21 79 0.2756
11717 21 74 0.2756
11760 21 83 0.3307
11760 21 79 0.2756
11760 21 74 0.2756
11782 86 60 0.378
11804 43 75 0.3307
11804 43 70 0.2756
11804 43 66 0.2756
11847 21 75 0.3307
11847 21 70 0.2756
11847 21 66 0.2756
11869 21 55 0.4094
11891 21 71 0.3307
11891 21 67 0.2756
11891 21 62 0.2756
11956 21 48 0.3937
11978 65 54 0.2992
11978 65 58 0.378
11978 43 53 0.2756
12021 21 51 0.3307
12043 21 43 0.4016
12065 7 59 0.3307
12065 7 55 0.2756
12065 21 50 0.2756
12217 28 61 0.3465
12246 28 65 0.2756
12275 28 71 0.2756
12304 43 73 0.3307
12347 43 65 0.2677
12391 21 61 0.3622
12413 21 64 0.2835
12434 21 67 0.2835
12456 21 71 0.2835
12478 43 76 0.3465
12521 43 71 0.2992
12565 28 61 0.378
12594 28 65 0.2992
12623 28 71 0.2992
12652 43 73 0.3622
12695 43 65 0.2913
12739 21 61 0.3937
12760 21 64 0.3071
12782 21 67 0.3071
12804 21 71 0.3071
12826 43 76 0.378
12869 43 71 0.3307
12913 173 49 0.4488
12978 21 61 0.2913
12978 21 65 0.2913
12978 21 71 0.3543
13000 43 65 0.3622
13000 43 64 0.3622
13000 43 71 0.4252
13043 43 62 0.3622
13043 43 65 0.3622
13043 43 71 0.3543
13086 173 49 0.4488
13130 43 61 0.2835
13130 43 65 0.2835
13130 43 71 0.3465
13173 43 65 0.3386
13173 43 62 0.3386
13173 43 71 0.4016
13217 43 64 0.3307
13217 43 65 0.3307
13217 43 71 0.315
13260 21 54 0.378
13282 21 61 0.3307
13304 21 64 0.315
13326 21 70 0.3071
13347 21 76 0.3622
13391 21 70 0.2913
13434 14 54 0.3937
13449 14 60 0.3307
13463 14 64 0.3307
13478 14 69 0.3307
13492 14 72 0.3307
13507 14 76 0.3307
13521 14 81 0.378
13536 14 76 0.315
13550 14 73 0.315
13565 14 69 0.315
13579 14 64 0.315
13594 14 60 0.315
13608 173 54 0.4488
13673 21 66 0.2913
13673 21 70 0.2913
13673 21 76 0.3543
13695 43 70 0.3622
13695 43 69 0.3622
13695 43 76 0.4252
13739 43 67 0.3622
13739 43 70 0.3622
13739 43 76 0.3543
13782 173 54 0.4646
13826 43 66 0.2992
13826 43 70 0.2992
13826 43 76 0.3622
13869 43 70 0.3543
13869 43 67 0.3543
13869 43 76 0.4252
13913 43 69 0.3543
13913 43 70 0.3543
13913 43 76 0.3465
13956 86 55 0.5512
13978 21 61 0.4567
14000 21 65 0.4567
14021 21 70 0.4567
14043 86 58 0.5354
14086 43 64 0.4724
14086 43 68 0.4724
14086 43 73 0.4724
14130 86 61 0.5906
14152 21 67 0.4803
14173 21 71 0.4803
14195 21 76 0.4803
14217 43 61 0.5591
14217 43 67 0.5591
14217 43 71 0.5591
14260 43 58 0.4646
14260 43 64 0.4646
14260 43 68 0.4646
14304 86 55 0.5669
14318 14 61 0.4094
14333 14 65 0.4724
14347 14 67 0.4803
14362 14 73 0.4803
14376 14 77 0.4803
14391 86 70 0.5512
14413 21 76 0.4567
14434 21 80 0.4567
14456 21 85 0.4567
14478 86 67 0.5354
14507 28 73 0.4724
14536 28 77 0.4724
14565 86 70 0.5512
14586 21 76 0.4646
14608 21 80 0.4646
14630 21 82 0.4646
14652 86 69 0.5827
14681 28 75 0.5118
14710 28 79 0.5118
14739 86 69 0.5669
14760 21 78 0.4646
14782 21 82 0.4646
14804 21 87 0.4646
14826 86 69 0.5512
14855 28 75 0.4803
14884 28 79 0.4803
14913 86 72 0.5669
14934 21 78 0.4724
14956 21 82 0.4724
14978 21 84 0.4724
15000 43 72 0.5984
15014 14 78 0.4488
15028 14 82 0.4567
15043 43 73 0.5906
15057 14 79 0.4488
15072 14 83 0.4567
15086 43 74 0.6142
15101 14 80 0.4488
15115 14 84 0.4567
15130 43 75 0.5984
15144 14 81 0.4488
15159 14 85 0.4488
15173 43 72 0.5984
15188 14 78 0.4409
15202 14 82 0.4409
15217 43 73 0.5906
15231 14 79 0.4567
15246 14 83 0.4567
15260 43 74 0.6142
15275 14 80 0.4567
15289 14 84 0.4567
15304 43 75 0.5984
15318 14 81 0.4567
15333 14 85 0.4567
15347 43 72 0.5984
15362 14 78 0.4409
15376 14 82 0.4409
15391 43 73 0.5906
15405 14 79 0.4488
15420 14 83 0.4567
15434 43 74 0.6142
15449 14 80 0.4488
15463 14 84 0.4488
15478 43 75 0.5984
15492 14 81 0.4567
15507 14 85 0.4567
15521 43 72 0.5984
15536 14 78 0.4567
15550 14 82 0.4567
15565 43 73 0.5906
15579 14 79 0.4646
15594 14 83 0.4646
15608 43 74 0.6142
15623 14 80 0.4567
15637 14 84 0.4567
15652 43 75 0.5984
15666 14 81 0.4567
15681 14 85 0.4488
15695 8 56 0.5354
15704 8 58 0.5433
15713 8 61 0.5512
15721 8 63 0.5669
15730 8 66 0.5748
15739 8 68 0.5827
15747 8 70 0.5906
15756 8 73 0.6063
15765 8 75 0.6142
15773 8 78 0.622
16173 21 44 0.7638
16217 21 32 0.6693
16260 434 21 0.7953
16347 10 32 0.5748
16358 10 49 0.4961
16369 10 51 0.4803
16380 10 54 0.4724
16391 10 58 0.5354
16402 10 54 0.4409
16413 10 51 0.4488
16423 10 49 0.4331
16434 10 44 0.5118
16445 10 49 0.4331
16456 10 51 0.4173
16467 10 54 0.4094
16478 10 58 0.4724
16489 10 54 0.4016
16500 10 51 0.3937
16510 10 49 0.3937
16521 10 44 0.4409
16532 10 49 0.3701
16543 10 51 0.3701
16554 10 54 0.3543
16565 10 58 0.4094
16576 10 54 0.3543
16586 10 51 0.3386
16597 10 49 0.3386
16608 10 44 0.3858
16619 10 49 0.3307
16630 10 51 0.315
16641 10 54 0.3071
16652 10 58 0.3543
16663 10 54 0.2992
16673 10 51 0.2992
16684 10 49 0.2913
16695 10 44 0.2913
16706 10 49 0.2441
16717 10 54 0.2441
16728 10 58 0.2441
16750 10 57 0.2362
16760 10 54 0.2362
16771 10 50 0.2362
16782 10 44 0.2913
16793 10 50 0.2441
16804 10 54 0.2441
16815 10 57 0.252
16826 10 60 0.2913
16836 10 57 0.2441
16847 10 54 0.2441
16858 10 50 0.2441
16869 10 44 0.2913
16880 10 49 0.2441
16891 10 54 0.2441
16902 10 58 0.2441
16923 10 57 0.2362
16934 10 54 0.2362
16945 10 50 0.2362
16956 10 44 0.2913
16967 10 50 0.2441
16978 10 54 0.2441
16989 10 57 0.252
17000 10 60 0.2913
17010 10 57 0.2441
17021 10 54 0.2441
17032 10 50 0.2441
17043 10 44 0.2913
17054 10 49 0.2441
17065 10 54 0.2441
17076 10 58 0.2441
17086 10 60 0.2913
17097 10 57 0.2362
17108 10 54 0.2362
17119 10 50 0.2362
17130 10 44 0.2913
17141 10 50 0.2441
17152 10 54 0.2441
17163 10 57 0.252
17173 10 60 0.2913
17184 10 57 0.2441
17195 10 54 0.2441
17206 10 50 0.2441
17217 10 44 0.2913
17228 10 49 0.2441
17239 10 54 0.2441
17250 10 58 0.2441
17260 10 60 0.2913
17271 10 57 0.2362
17282 10 54 0.2362
17293 10 50 0.2362
17304 10 44 0.2913
17315 10 50 0.2441
17326 10 54 0.2441
17336 10 57 0.252
17347 10 60 0.2913
17358 10 57 0.2441
17369 10 54 0.2441
17380 10 50 0.2441
17391 10 44 0.2913
17402 10 50 0.2598
17413 10 54 0.2598
17423 10 57 0.2598
17434 10 60 0.3071
17445 10 57 0.252
17456 10 54 0.252
17467 10 50 0.252
17478 10 44 0.3071
17489 10 50 0.2598
17500 10 54 0.2598
17510 10 57 0.2677
17521 10 60 0.3071
17532 10 57 0.2598
17543 10 54 0.2598
17554 10 50 0.2598
17565 10 44 0.3071
17576 10 50 0.2598
17586 10 54 0.2598
17597 10 57 0.2598
17608 10 60 0.3071
17619 10 57 0.252
17630 10 54 0.252
17641 10 50 0.252
17652 10 44 0.3071
17663 10 50 0.2598
17673 10 54 0.2598
17684 10 57 0.2677
17739 43 60 0.3543
17739 43 72 0.4331
17782 21 57 0.315
17782 21 69 0.3858
17826 43 72 0.3858
17826 43 84 0.4724
17869 21 69 0.3465
17869 21 81 0.4094
18000 21 56 0.5276
18043 21 44 0.3307
18086 21 32 0.4961
18130 21 21 0.252
18173 10 44 0.2913
18184 10 53 0.2441
18195 10 56 0.2441
18206 10 60 0.2441
18228 10 59 0.2362
18239 10 56 0.2362
18250 10 52 0.2362
18260 10 44 0.2913
18271 10 52 0.2441
18282 10 56 0.2441
18293 10 59 0.252
18304 10 62 0.2913
18315 10 59 0.2441
18326 10 56 0.2441
18336 10 52 0.2441
18347 10 44 0.2913
18358 10 53 0.2441
18369 10 56 0.2441
18380 10 60 0.2441
18391 10 62 0.2913
18402 10 59 0.2362
18413 10 56 0.2362
18423 10 52 0.2362
18434 10 44 0.2913
18445 10 52 0.2441
18456 10 56 0.2441
18467 10 59 0.252
18478 10 62 0.2913
18489 10 59 0.2441
18500 10 56 0.2441
18510 10 52 0.2441
18521 10 44 0.3071
18532 10 52 0.2598
18543 10 56 0.2598
18554 10 59 0.2598
18565 10 62 0.3071
18576 10 59 0.252
18586 10 56 0.252
18597 10 52 0.252
18608 10 44 0.3071
18619 10 52 0.2598
18630 10 56 0.2598
18641 10 59 0.2835
18652 21 47 0.3307
18695 43 62 0.3543
18695 43 74 0.4331
18739 21 59 0.315
18739 21 71 0.3858
18782 43 74 0.3858
18782 43 86 0.4724
18826 21 71 0.3465
18826 21 83 0.4094
18956 21 56 0.5276
19000 21 44 0.3307
19043 21 32 0.4961
19086 21 21 0.252
19130 10 44 0.3937
19141 10 49 0.3386
19152 10 54 0.3307
19163 10 58 0.3307
19184 10 60 0.3307
19195 10 56 0.3307
19206 10 51 0.3307
19217 10 44 0.4094
19228 10 53 0.315
19239 10 58 0.315
19250 10 62 0.315
19260 10 51 0.3465
19260 10 56 0.4094
19271 10 60 0.315
19282 10 53 0.2677
19282 10 58 0.315
19293 10 62 0.315
19304 65 55 0.3071
19304 65 60 0.3071
19304 65 64 0.3701
19326 152 32 0.3543
19326 152 44 0.4724
19369 43 57 0.2992
19369 43 62 0.2992
19369 43 66 0.3622
19413 21 68 0.2677
19413 21 64 0.2677
19413 21 59 0.2205
19434 21 66 0.2677
19434 21 62 0.2205
19434 21 57 0.2205
19456 21 68 0.2677
19456 21 64 0.2205
19456 21 59 0.2205
19478 10 56 0.4646
19489 10 61 0.4173
19500 10 66 0.4094
19510 10 70 0.4094
19532 10 72 0.4094
19543 10 68 0.4094
19554 10 63 0.4094
19565 10 56 0.4961
19576 10 65 0.4016
19586 10 70 0.4016
19597 10 74 0.4016
19608 10 63 0.315
19608 10 68 0.4488
19619 10 72 0.378
19630 10 65 0.2835
19630 10 70 0.3622
19641 10 74 0.378
19652 65 61 0.3071
19652 65 66 0.3071
19652 65 70 0.3701
19673 152 32 0.3071
19673 152 44 0.4094
19717 43 63 0.2598
19717 43 68 0.2598
19717 43 72 0.2992
19760 43 73 0.252
19760 43 69 0.252
19760 43 64 0.2047
19804 21 75 0.2126
19804 21 71 0.1811
19804 21 66 0.1811
19826 173 44 0.2677
19869 43 68 0.2047
19869 43 76 0.2362
19913 43 83 0.2362
19913 43 76 0.2047
19956 43 69 0.2047
19956 43 76 0.2362
20000 173 44 0.2677
20043 43 68 0.2047
20043 43 76 0.2441
20086 43 83 0.2441
20086 43 76 0.2047
20130 43 69 0.2047
20130 43 76 0.2441
20173 173 44 0.2677
20217 43 64 0.2047
20217 43 71 0.2362
20260 43 71 0.2205
20260 43 76 0.2677
20304 43 76 0.2047
20304 43 83 0.2362
20347 173 32 0.3071
20347 173 44 0.3071
20391 43 69 0.2126
20391 43 76 0.252
20434 43 88 0.252
20434 43 81 0.2126
20478 43 62 0.2047
20478 43 66 0.2047
20478 43 72 0.2362
20521 173 32 0.3071
20521 173 44 0.3071
20565 43 69 0.2205
20565 43 76 0.2598
20608 43 88 0.252
20608 43 81 0.2126
20652 43 62 0.2126
20652 43 66 0.2126
20652 43 72 0.252
20695 347 32 0.3701
20695 347 44 0.3701
20739 43 81 0.2362
20739 43 88 0.2756
20782 43 76 0.2992
20782 43 69 0.2441
20826 43 81 0.2756
20826 43 76 0.2362
20869 43 69 0.2992
20869 43 64 0.252
20913 43 69 0.2441
20913 43 76 0.2835
20956 43 57 0.252
20956 43 64 0.2992
21000 43 64 0.2441
21000 43 69 0.2835
21043 43 57 0.2835
21043 43 52 0.2362
21086 43 52 0.2205
21086 43 57 0.2598
21130 43 52 0.2205
21130 43 57 0.2677
21173 43 52 0.2126
21173 43 57 0.2441
21217 173 44 0.2835
21217 43 57 0.252
21217 43 52 0.2126
21260 43 52 0.1969
21260 43 57 0.2362
21304 43 52 0.1969
21304 43 57 0.2362
21347 43 52 0.189
21347 43 57 0.2205
21391 43 42 0.2283
21391 43 51 0.2283
21391 43 56 0.2283
21434 43 54 0.2362
21434 43 63 0.2362
21434 43 68 0.2362
21478 43 66 0.252
21478 43 75 0.252
21478 43 80 0.252
21521 43 78 0.2677
21521 43 87 0.2677
21521 43 92 0.2677
22260 43 54 0.4094
22304 43 66 0.378
22347 43 54 0.378
22391 43 66 0.3465
22434 43 42 0.3307
22478 43 54 0.3386
22521 43 42 0.2992
22565 43 54 0.2835
22608 43 30 0.252
22652 43 42 0.2205
22695 43 30 0.2205
22739 43 42 0.2205
22782 43 30 0.2205
22826 43 42 0.2205
22869 43 30 0.2205
22913 43 42 0.2205
24826 32 79 0.3622
24826 32 75 0.2283
24869 32 81 0.315
24869 32 77 0.2047
24913 32 77 0.315
24913 32 73 0.2047
24956 16 79 0.2283
24956 16 84 0.3622
24978 16 73 0.2047
24978 16 77 0.315
25000 32 79 0.3622
25000 32 75 0.2283
25043 32 81 0.315
25043 32 77 0.2047
25086 32 77 0.315
25086 32 73 0.2047
25130 16 79 0.2283
25130 16 84 0.3622
25152 16 73 0.2047
25152 16 77 0.315
25173 32 79 0.3622
25173 32 75 0.2283
25217 32 81 0.315
25217 32 77 0.2047
25260 32 77 0.315
25260 32 73 0.2047
25304 32 75 0.2047
25304 32 79 0.252
25347 32 75 0.2913
25347 32 71 0.2283
25391 32 77 0.2362
25391 32 73 0.189
25434 32 73 0.2677
25434 32 69 0.2126
25478 32 71 0.1654
25478 32 75 0.2126
25521 43 47 0.1969
25521 43 54 0.1969
25521 43 57 0.2283
25565 43 52 0.1811
25565 43 59 0.1811
25565 43 63 0.2126
25608 43 45 0.1811
25608 43 52 0.1811
25608 43 55 0.2205
25652 43 50 0.1732
25652 43 57 0.1732
25652 43 61 0.2047
25695 43 47 0.1969
25695 43 54 0.1969
25695 43 57 0.2283
25739 43 52 0.1732
25739 43 59 0.1732
25739 43 63 0.2047
25782 43 45 0.189
25782 43 52 0.189
25782 43 55 0.2205
25826 43 50 0.1732
25826 43 57 0.1732
25826 43 61 0.2047
25869 43 47 0.189
25869 43 54 0.189
25869 43 57 0.2205
25913 43 52 0.1496
25913 43 59 0.1496
25913 43 63 0.1969
25956 43 45 0.1732
25956 43 52 0.1732
25956 43 55 0.2047
26000 43 50 0.1417
26000 43 57 0.1417
26000 43 61 0.1811
26043 43 43 0.1811
26043 43 50 0.1811
26043 43 53 0.2126
26086 43 48 0.1417
26086 43 55 0.1417
26086 43 59 0.189
26130 86 42 0.1417
26130 86 49 0.1811
26500 21 35 0.2992
26500 21 47 0.2992
26521 21 61 0.3701
26543 21 73 0.2992
26565 32 85 0.4173
26565 32 73 0.315
26608 32 87 0.378
26608 32 75 0.2835
26652 32 85 0.378
26652 32 73 0.2835
26695 16 78 0.3307
26695 16 90 0.4252
26717 16 75 0.2913
26717 16 87 0.3858
26739 32 73 0.2913
26739 32 85 0.3937
26782 32 68 0.2598
26782 32 80 0.3543
26826 43 68 0.2756
26826 43 80 0.3622
26869 43 78 0.3307
26869 43 66 0.252
26913 32 61 0.3386
26913 32 73 0.4331
26956 32 63 0.3071
26956 32 75 0.4016
27000 32 61 0.315
27000 32 73 0.4173
27043 16 66 0.3622
27043 16 78 0.4724
27065 16 63 0.3386
27065 16 75 0.4409
27086 32 61 0.3465
27086 32 73 0.4488
27130 32 56 0.3071
27130 32 68 0.4016
27173 43 56 0.2835
27173 43 68 0.378
27217 43 54 0.2756
27217 43 66 0.3543
27260 43 64 0.4173
27304 21 66 0.3701
27326 21 64 0.3701
27347 86 61 0.4173
27434 43 64 0.4646
27478 21 66 0.4016
27500 21 64 0.4016
27521 21 61 0.4567
27543 21 59 0.4016
27565 43 61 0.4016
27608 43 64 0.4173
27652 43 66 0.3701
27695 43 64 0.4016
27739 43 61 0.3701
27782 86 59 0.3622
27869 86 61 0.3465
27956 10 61 0.3701
27956 10 73 0.4331
28000 10 63 0.3071
28000 10 75 0.3937
28043 10 56 0.2992
28043 10 68 0.4173
28086 10 71 0.3937
28130 10 61 0.2677
28130 10 73 0.4331
28173 10 63 0.2992
28173 10 75 0.4016
28217 10 56 0.2913
28217 10 68 0.4173
28260 10 71 0.4016
28304 10 61 0.315
28304 10 73 0.4331
28347 10 63 0.2992
28347 10 75 0.3937
28391 10 56 0.2598
28391 10 68 0.3937
28434 10 71 0.3701
28478 10 61 0.2677
28478 10 73 0.3858
28521 10 63 0.2677
28521 10 75 0.3622
28565 10 56 0.252
28565 10 68 0.3701
28608 10 71 0.3386
28695 5 47 0.2756
28701 5 49 0.2913
28706 5 52 0.3071
28711 5 56 0.3307
28739 5 59 0.2677
28744 5 61 0.2913
28750 5 64 0.2992
28755 5 68 0.3307
28782 5 71 0.2677
28788 5 73 0.2835
28793 5 76 0.2913
28798 5 80 0.3071
28826 43 40 0.1969
28826 43 47 0.2598
27260 130 45 0.2283
27260 130 52 0.2283
27260 86 56 0.2283
27260 86 57 0.2283
27260 86 61 0.2756
27347 86 54 0.2205
27347 86 57 0.2677
27391 195 45 0.2913
27391 195 52 0.3465
27434 86 56 0.2598
27434 86 57 0.2598
27434 86 61 0.3071
27521 86 54 0.2441
27521 86 57 0.2913
27586 195 45 0.315
27586 195 52 0.378
27608 86 56 0.252
27608 86 57 0.252
27608 86 61 0.3071
27695 86 54 0.2205
27695 86 57 0.2677
27782 86 44 0.252
27782 86 52 0.252
27782 86 57 0.3071
27869 81 42 0.2205
27869 81 52 0.2205
27869 81 57 0.2677
27951 875 40 0.2362
27951 875 47 0.2677
