0 13 76 0.3307
0 26 48 0.2205
13 13 74 0.3071
26 6 72 0.3307
26 26 52 0.189
52 6 72 0.3071
52 26 55 0.189
78 52 79 0.4646
78 26 48 0.2205
104 26 52 0.2047
130 13 77 0.3307
130 26 55 0.2047
143 13 76 0.2992
156 26 74 0.3622
156 26 48 0.2205
182 26 77 0.3307
182 26 50 0.1811
208 26 71 0.3071
208 26 53 0.1811
234 26 72 0.3543
234 26 48 0.2205
260 13 67 0.3307
260 26 52 0.2047
286 13 67 0.3307
286 26 55 0.2047
312 13 76 0.3307
312 26 48 0.2205
325 13 74 0.3071
338 6 72 0.3307
338 26 52 0.189
364 6 72 0.3071
364 26 55 0.189
390 52 79 0.4961
390 26 48 0.2205
416 26 52 0.2047
442 13 77 0.3307
442 26 55 0.2047
455 13 76 0.2992
468 13 74 0.3622
468 26 43 0.2205
481 13 76 0.315
494 13 77 0.3543
494 26 50 0.1811
507 13 76 0.3071
520 13 77 0.3071
520 26 55 0.1811
533 13 74 0.2835
546 26 72 0.3543
546 26 48 0.2205
572 26 52 0.1811
599 26 55 0.1811
625 13 76 0.5276
625 26 48 0.3543
638 13 74 0.4882
651 6 72 0.5276
651 26 52 0.3071
677 6 72 0.4961
677 26 55 0.3071
703 52 79 0.6142
703 26 48 0.3543
729 26 52 0.3228
755 13 77 0.5276
755 26 55 0.3228
768 13 76 0.4724
781 26 74 0.5827
781 26 48 0.3543
807 26 77 0.5276
807 26 50 0.2992
833 26 71 0.4961
833 26 53 0.2992
859 26 72 0.5591
859 26 48 0.3543
885 13 67 0.5276
885 26 52 0.3228
911 13 67 0.5276
911 26 55 0.3228
937 13 76 0.5276
937 26 48 0.3543
950 13 74 0.4882
963 6 72 0.5276
963 26 52 0.3071
989 6 72 0.4961
989 26 55 0.3071
1015 52 79 0.6142
1015 26 48 0.3543
1041 26 52 0.3228
1067 13 77 0.5276
1067 26 55 0.3228
1080 13 76 0.4724
1093 13 74 0.5827
1093 26 43 0.3543
1106 13 76 0.5039
1119 13 77 0.5591
1119 26 50 0.2992
1132 13 76 0.4961
1145 13 77 0.4961
1145 26 55 0.2992
1158 13 74 0.4567
1171 26 72 0.5591
1171 26 48 0.3543
1198 26 52 0.2992
1224 26 55 0.2992
1250 13 67 0.3307
1250 52 60 0.2205
1263 13 65 0.3071
1276 13 64 0.3307
1302 13 64 0.3071
1328 13 69 0.3307
1328 52 60 0.2205
1341 13 67 0.3071
1354 13 65 0.3307
1380 13 65 0.3071
1406 13 62 0.4961
1406 26 60 0.3543
1419 13 65 0.4488
1432 13 71 0.4961
1432 26 60 0.3071
1445 13 65 0.4331
1458 13 71 0.4882
1458 26 60 0.3071
1471 13 65 0.4331
1484 26 64 0.5354
1484 26 60 0.3543
1510 26 67 0.4331
1510 26 60 0.3071
1536 26 72 0.4961
1536 26 60 0.3071
1562 13 67 0.3307
1562 52 60 0.2205
1575 13 65 0.3071
1588 13 64 0.3307
1614 13 64 0.3071
1640 13 76 0.3307
1640 52 55 0.2205
1640 52 60 0.2205
1653 13 74 0.3071
1666 13 72 0.3307
1692 13 72 0.3071
1718 13 66 0.4961
1718 26 50 0.2992
1718 26 57 0.3543
1731 13 67 0.4488
1744 13 69 0.4961
1744 26 50 0.2598
1744 26 57 0.3071
1757 13 71 0.4331
1770 13 72 0.4882
1770 26 50 0.2598
1770 26 57 0.3071
1784 13 69 0.4331
1797 52 67 0.4961
1797 26 55 0.2992
1797 26 59 0.3543
1823 26 55 0.2598
1823 26 59 0.3071
1849 13 83 0.5039
1849 26 55 0.2598
1849 26 59 0.3071
1862 13 84 0.5276
1875 13 86 0.5591
1875 26 55 0.2992
1875 26 59 0.3543
1888 13 84 0.5197
1901 13 83 0.5354
1901 26 55 0.2598
1901 26 59 0.3071
1914 13 81 0.4961
1927 13 79 0.5118
1927 26 55 0.2598
1927 26 59 0.3071
1940 13 78 0.4961
1953 13 76 0.4961
1953 26 55 0.2992
1953 26 60 0.3543
1966 13 74 0.4803
1979 13 72 0.4961
1979 26 55 0.2598
1979 26 60 0.3071
1992 13 71 0.4724
2005 13 69 0.4961
2005 26 55 0.2598
2005 26 60 0.3071
2018 13 67 0.4882
2031 13 66 0.4961
2031 26 50 0.2992
2031 26 57 0.3543
2044 13 67 0.4488
2057 13 69 0.4961
2057 26 50 0.2598
2057 26 57 0.3071
2070 13 71 0.4331
2083 13 72 0.4882
2083 26 50 0.2598
2083 26 57 0.3071
2096 13 69 0.4331
2109 52 67 0.4961
2109 26 55 0.2992
2109 26 59 0.3543
2135 26 55 0.2598
2135 26 59 0.3071
2161 13 83 0.5039
2161 26 55 0.2598
2161 26 59 0.3071
2174 13 84 0.5276
2187 13 86 0.5591
2187 26 55 0.2992
2187 26 59 0.3543
2200 13 84 0.5197
2213 13 83 0.5354
2213 26 55 0.2598
2213 26 59 0.3071
2226 13 81 0.4961
2239 13 79 0.5118
2239 26 55 0.2598
2239 26 59 0.3071
2252 13 78 0.4961
2265 6 77 0.4961
2265 13 55 0.2992
2265 13 59 0.3543
2291 6 77 0.4646
2317 13 86 0.4646
2330 13 83 0.4173
2343 6 77 0.4961
2343 13 55 0.2992
2343 13 59 0.3543
2369 6 77 0.4803
2396 13 86 0.4882
2409 13 83 0.4488
2422 13 77 0.4961
2422 26 55 0.3228
2448 26 59 0.2992
2474 26 62 0.2677
2500 13 74 0.3701
2500 26 55 0.2362
2526 26 59 0.2283
2552 26 62 0.189
2578 13 71 0.3701
2591 13 67 0.3071
2604 13 69 0.315
2617 13 71 0.3307
2630 13 72 0.3465
2643 13 74 0.3543
2656 13 76 0.2913
2656 26 48 0.1969
2669 13 74 0.2756
2682 6 72 0.2913
2682 26 52 0.1654
2708 6 72 0.2756
2708 26 55 0.1654
2734 52 79 0.3701
2734 26 48 0.1969
2760 26 52 0.1811
2786 13 77 0.2913
2786 26 55 0.1811
2799 13 76 0.2677
2812 26 74 0.3228
2812 26 48 0.1969
2838 26 77 0.2913
2838 26 50 0.1575
2864 26 71 0.2756
2864 26 53 0.1575
2890 26 72 0.315
2890 26 48 0.1969
2916 13 67 0.2913
2916 26 52 0.1811
2942 13 67 0.2913
2942 26 55 0.1811
2969 13 76 0.2913
2969 26 48 0.1969
2982 13 74 0.2756
2995 6 72 0.2913
2995 26 52 0.1654
3021 6 72 0.2756
3021 26 55 0.1654
3047 52 79 0.3701
3047 26 48 0.1969
3073 26 52 0.1811
3099 13 77 0.2913
3099 26 55 0.1811
3112 13 76 0.2677
3125 13 74 0.3228
3125 26 43 0.1969
3138 13 76 0.2835
3151 13 77 0.315
3151 26 50 0.1575
3164 13 76 0.2756
3177 13 77 0.2756
3177 26 55 0.1575
3190 13 74 0.252
3203 26 72 0.315
3203 26 48 0.1969
3229 26 52 0.1575
3255 26 55 0.1575
3281 13 76 0.5276
3281 26 48 0.3543
3294 13 74 0.4882
3307 6 72 0.5276
3307 26 52 0.3071
3333 6 72 0.4961
3333 26 55 0.3071
3359 52 79 0.6142
3359 26 48 0.3543
3385 26 52 0.3228
3411 13 77 0.5276
3411 26 55 0.3228
3424 13 76 0.4724
3437 26 74 0.5827
3437 26 48 0.3543
3463 26 77 0.5276
3463 26 50 0.2992
3489 26 71 0.4961
3489 26 53 0.2992
3515 26 72 0.5591
3515 26 48 0.3543
3541 13 67 0.5276
3541 26 52 0.3228
3568 13 67 0.5276
3568 26 55 0.3228
3594 13 76 0.5276
3594 26 48 0.3543
3607 13 74 0.4882
3620 6 72 0.5276
3620 26 52 0.3071
3646 6 72 0.4961
3646 26 55 0.3071
3672 52 79 0.6142
3672 26 48 0.3543
3698 26 52 0.3228
3724 13 77 0.5276
3724 26 55 0.3228
3737 13 76 0.4724
3750 13 74 0.5827
3750 26 43 0.3543
3763 13 76 0.5039
3776 13 77 0.5591
3776 26 50 0.2992
3789 13 76 0.4961
3802 13 77 0.4961
3802 26 55 0.2992
3815 13 74 0.4567
3828 26 72 0.5591
3828 26 48 0.3543
3854 26 52 0.2992
3880 26 55 0.2992
3906 13 67 0.3307
3906 52 60 0.2205
3919 13 65 0.3071
3932 13 64 0.3307
3958 13 64 0.3071
3984 13 69 0.3307
3984 52 60 0.2205
3997 13 67 0.3071
4010 13 65 0.3307
4036 13 65 0.3071
4062 13 62 0.4961
4062 26 60 0.3543
4075 13 65 0.4488
4088 13 71 0.4961
4088 26 60 0.3071
4101 13 65 0.4331
4114 13 71 0.4882
4114 26 60 0.3071
4127 13 65 0.4331
4140 26 64 0.4961
4140 26 60 0.3543
4167 26 55 0.3071
4193 13 76 0.5039
4193 26 52 0.3071
4206 13 77 0.5276
4219 13 79 0.5591
4219 26 48 0.3543
4232 13 77 0.5197
4245 13 76 0.5354
4245 26 50 0.3071
4258 13 74 0.4961
4271 13 72 0.5118
4271 26 52 0.3071
4284 13 71 0.4961
4297 14 69 0.4961
4297 52 53 0.3543
4310 14 67 0.4803
4323 14 65 0.4961
4336 14 64 0.4724
4349 14 62 0.4961
4362 14 60 0.4882
4375 14 59 0.4961
4375 52 43 0.3543
4388 14 60 0.4488
4401 14 62 0.4961
4414 14 64 0.4331
4427 14 65 0.4882
4440 14 62 0.4331
4453 26 60 0.5591
4453 26 48 0.3543
4479 26 52 0.2992
4505 26 55 0.2992
4531 13 67 0.3307
4531 52 60 0.2205
4544 13 65 0.3071
4557 13 64 0.3307
4583 13 64 0.3071
4609 13 69 0.3307
4609 52 60 0.2205
4622 13 67 0.3071
4635 13 65 0.3307
4661 13 65 0.3071
4687 13 62 0.4961
4687 26 60 0.3543
4700 13 65 0.4488
4713 13 71 0.4961
4713 26 60 0.3071
4726 13 65 0.4331
4739 13 71 0.4882
4739 26 60 0.3071
4753 13 65 0.4331
4766 26 64 0.4961
4766 26 60 0.3543
4792 26 55 0.3071
4818 13 76 0.5039
4818 26 52 0.3071
4831 13 77 0.5276
4844 13 79 0.5591
4844 26 48 0.3543
4857 13 77 0.5197
4870 13 76 0.5354
4870 26 50 0.3071
4883 13 74 0.4961
4896 13 72 0.5118
4896 26 52 0.3071
4909 13 71 0.4961
4922 13 69 0.4961
4922 26 53 0.3701
4935 13 67 0.4803
4948 13 65 0.4961
4948 26 53 0.3071
4961 13 64 0.4724
4974 13 62 0.4961
4974 26 53 0.3071
4987 13 60 0.4882
5000 13 59 0.4961
5000 26 43 0.378
5013 13 60 0.4488
5026 13 62 0.4961
5026 26 43 0.3228
5039 13 64 0.4331
5052 13 65 0.4882
5052 26 43 0.3307
5065 13 62 0.4331
5078 26 60 0.5984
5078 26 48 0.4173
5104 26 52 0.315
5130 26 55 0.315
5156 26 67 0.5984
5156 26 64 0.5433
5156 26 48 0.4173
5182 26 52 0.315
5208 26 55 0.315
5234 26 67 0.5433
5234 26 72 0.5984
5234 26 64 0.5433
5234 26 48 0.4173
5260 26 52 0.315
5286 26 55 0.315
5312 26 79 0.5984
5312 26 76 0.5433
5312 26 48 0.4173
5339 26 52 0.315
5365 26 55 0.315
5391 52 79 0.5906
5391 52 84 0.6535
5391 52 76 0.5906
5391 52 48 0.4173
