0 81 64 0.4724
81 61 64 0.4724
142 20 64 0.4488
162 81 64 0.4724
244 81 65 0.4567
325 81 64 0.4724
406 81 60 0.4567
488 162 64 0.4724
650 81 64 0.2992
650 81 55 0.2205
650 81 60 0.2205
732 61 64 0.2992
732 61 55 0.2205
732 61 60 0.2205
793 20 55 0.2047
793 20 64 0.2835
793 20 60 0.2047
813 81 60 0.2205
813 81 55 0.2205
813 81 64 0.2992
894 81 65 0.2835
894 81 57 0.2047
894 81 60 0.2047
976 81 60 0.2047
976 81 55 0.2047
976 81 64 0.2835
1057 81 57 0.1969
1057 81 60 0.2677
1138 81 60 0.1732
1138 162 64 0.2441
1138 81 55 0.1732
1220 81 62 0.1496
1220 81 56 0.1496
1301 13 101 0.7559
1315 13 96 0.5591
1328 13 100 0.7165
1342 13 93 0.5591
1355 13 99 0.6614
1369 13 96 0.5591
1382 13 98 0.6457
1396 13 93 0.5433
1410 13 97 0.622
1423 13 93 0.5433
1436 13 96 0.622
1451 13 88 0.5433
1464 13 95 0.6142
1477 13 88 0.5591
1491 13 94 0.6142
1504 13 84 0.5591
1518 13 93 0.6142
1531 13 88 0.5591
1545 13 92 0.6142
1558 13 84 0.5433
1573 13 91 0.5591
1586 13 84 0.5433
1599 13 90 0.5591
1613 13 81 0.5433
1626 13 89 0.6142
1640 13 84 0.5591
1654 13 88 0.6142
1667 13 81 0.5591
1681 13 87 0.6142
1694 13 84 0.5591
1707 13 86 0.6142
1721 13 81 0.5433
1735 13 85 0.5591
1748 13 81 0.5433
1762 13 84 0.5591
1776 13 76 0.5433
1789 13 83 0.5591
1803 13 76 0.5433
1816 13 82 0.5591
1830 13 72 0.5433
1844 13 81 0.5591
1857 13 76 0.5433
1871 13 80 0.5591
1884 13 72 0.5433
1898 13 79 0.5591
1911 13 72 0.5433
1925 13 78 0.5591
1938 13 69 0.5433
1952 13 77 0.4409
1965 13 72 0.4016
1979 13 76 0.4409
1993 13 69 0.4409
2007 13 75 0.4409
2020 13 72 0.4016
2033 13 74 0.4409
2047 13 69 0.4016
2060 13 73 0.4409
2074 13 69 0.4016
2088 13 72 0.4409
2101 13 64 0.4016
2114 13 71 0.4409
2128 13 64 0.3937
2142 13 70 0.4331
2155 13 60 0.3858
2168 13 69 0.4173
2183 13 64 0.3701
2196 13 68 0.3937
2209 13 60 0.3622
2223 13 67 0.3858
2237 13 60 0.3622
2251 13 66 0.3701
2264 13 57 0.3543
2277 13 65 0.3701
2291 13 60 0.3543
2305 13 64 0.3701
2318 13 57 0.3543
2331 13 63 0.3622
2345 13 60 0.3465
2359 13 62 0.3543
2372 13 57 0.3307
2386 13 61 0.3543
2399 13 57 0.315
2413 13 60 0.3465
2426 13 52 0.3307
2440 13 59 0.3465
2453 13 52 0.3307
2467 13 58 0.3701
2480 13 48 0.3543
2494 13 57 0.3858
2508 13 52 0.3701
2521 13 56 0.4173
2535 13 48 0.3858
2549 13 57 0.4409
2562 13 52 0.4173
2575 13 60 0.4646
2589 13 53 0.4646
2603 13 64 0.4646
2616 13 59 0.4646
2630 13 62 0.4646
2643 13 65 0.4646
2656 13 76 0.4646
2671 13 71 0.4646
2684 13 74 0.4882
2698 13 77 0.5039
2711 13 88 0.5276
2724 13 83 0.5354
2738 13 86 0.5433
2751 13 77 0.5512
2766 13 86 0.5433
2779 13 81 0.5354
2792 13 84 0.5276
2806 13 77 0.5197
2820 13 74 0.5039
2833 13 69 0.4882
2846 13 72 0.4567
2860 13 65 0.4567
2874 13 62 0.4567
2887 13 57 0.4567
2900 13 60 0.4567
2915 13 53 0.4567
2928 13 64 0.4646
2941 13 59 0.4646
2955 13 62 0.4646
2969 13 65 0.4646
2982 13 76 0.4646
2996 13 71 0.4646
3010 13 74 0.5039
3023 13 77 0.5039
3036 13 88 0.5197
3050 13 83 0.5276
3064 13 86 0.5433
3077 13 76 0.5433
3091 13 86 0.5276
3104 13 81 0.5197
3118 13 84 0.5039
3131 13 76 0.4882
3145 13 74 0.4803
3159 13 69 0.4724
3172 13 72 0.4646
3186 13 64 0.4646
3199 13 62 0.4646
3213 13 57 0.4646
3227 13 60 0.4646
3240 13 59 0.4646
3253 13 69 0.4646
3267 13 64 0.4567
3281 13 68 0.4567
3294 13 71 0.4567
3308 13 81 0.4567
3321 13 76 0.4567
3334 13 80 0.4567
3349 13 83 0.4488
3362 13 93 0.4567
3375 13 88 0.4646
3389 13 92 0.4646
3403 13 83 0.4646
3416 13 92 0.4724
3430 13 87 0.4724
3443 13 90 0.4646
3456 13 83 0.4646
3470 13 80 0.4646
3484 13 75 0.4567
3498 13 78 0.4331
3511 13 71 0.4331
3525 13 68 0.4331
3538 13 63 0.4331
3552 13 66 0.4331
3565 13 59 0.4331
3578 13 69 0.4331
3593 13 64 0.4331
3606 13 68 0.4331
3620 13 71 0.4331
3633 13 81 0.4331
3646 13 76 0.4331
3660 13 80 0.4331
3674 13 83 0.4646
3688 13 93 0.4646
3701 13 88 0.4646
3714 13 92 0.4646
3728 13 83 0.4646
3741 40 100 0.6378
3904 13 101 0.7402
3917 13 96 0.5433
3931 13 100 0.7087
3944 13 93 0.5433
3959 13 99 0.6614
3972 13 96 0.5433
3985 13 98 0.6457
3999 13 93 0.5276
4013 13 97 0.622
4026 13 93 0.5276
4039 13 96 0.6142
4053 13 88 0.5276
4067 13 95 0.6063
4081 13 88 0.5433
4094 13 94 0.5906
4107 13 84 0.5433
4121 13 93 0.5748
4134 13 88 0.5433
4148 13 92 0.5748
4161 13 84 0.5276
4175 13 91 0.5433
4189 13 84 0.5276
4202 13 90 0.5433
4216 13 81 0.5276
4230 13 89 0.5748
4243 13 84 0.5433
4257 13 88 0.5748
4271 13 81 0.5433
4284 13 87 0.5748
4298 13 84 0.5433
4311 13 86 0.5748
4324 13 81 0.5276
4338 13 85 0.5433
4352 13 81 0.5276
4365 13 84 0.5433
4379 13 76 0.5276
4392 13 83 0.5433
4406 13 76 0.5276
4419 13 82 0.5433
4433 13 72 0.5276
4447 13 81 0.5433
4460 13 76 0.5276
4474 13 80 0.5433
4487 13 72 0.5276
4500 13 79 0.5433
4514 13 72 0.5276
4528 13 78 0.5433
4541 13 69 0.5276
4555 13 77 0.4409
4569 13 70 0.4409
4582 13 76 0.4409
4595 13 67 0.4016
4609 13 75 0.4409
4623 13 70 0.4016
4637 13 74 0.4409
4650 13 67 0.4016
4663 13 73 0.4409
4677 13 70 0.4016
4691 13 72 0.4409
4704 13 67 0.4016
4717 13 71 0.4409
4731 13 67 0.3937
4745 13 70 0.4331
4759 13 64 0.3858
4772 13 69 0.4173
4785 13 60 0.3701
4799 13 68 0.3937
4813 13 58 0.3622
4826 13 67 0.3858
4840 13 60 0.3622
4853 13 66 0.3701
4866 13 58 0.3543
4881 13 65 0.3701
4894 13 60 0.3543
4907 13 64 0.3701
4921 13 58 0.3543
4935 13 63 0.3622
4948 13 60 0.3465
4962 13 62 0.3543
4976 13 55 0.3307
4989 13 61 0.3543
5002 13 58 0.315
5016 13 60 0.3465
5029 13 55 0.3071
5043 13 59 0.3465
5057 13 55 0.3307
5070 13 60 0.3701
5084 13 58 0.3543
5097 13 61 0.3858
5111 13 55 0.3701
5124 13 62 0.4173
5138 13 58 0.3858
5152 13 63 0.4409
5165 13 55 0.4173
5178 13 64 0.4646
5192 13 58 0.4409
5205 13 69 0.4646
5219 13 64 0.4646
5233 13 67 0.4646
5247 13 70 0.4646
5260 13 81 0.4646
5273 13 76 0.4646
5287 13 79 0.4646
5300 13 82 0.4646
5314 13 93 0.4724
5328 13 88 0.4882
5341 13 91 0.5039
5355 13 82 0.5197
5369 13 93 0.5276
5382 13 87 0.5276
5396 13 91 0.5197
5409 13 82 0.5039
5423 13 81 0.5039
5436 13 75 0.4882
5449 13 79 0.4882
5464 13 70 0.4646
5476 13 69 0.4646
5490 13 63 0.4646
5504 13 67 0.4646
5518 13 58 0.4646
5531 13 69 0.4646
5545 13 62 0.4646
5558 13 67 0.4646
5572 13 70 0.4646
5585 13 81 0.4646
5599 13 74 0.4646
5612 13 79 0.4646
5626 13 82 0.4646
5639 13 93 0.4724
5653 13 86 0.4882
5667 13 91 0.5197
5680 13 82 0.5354
5694 13 93 0.5433
5707 13 85 0.5433
5721 13 91 0.5354
5734 13 82 0.5276
5748 13 81 0.5197
5762 13 73 0.5039
5775 13 79 0.4646
5789 13 70 0.4646
5802 13 69 0.4646
5816 13 61 0.4646
5829 13 67 0.4646
5843 13 58 0.4646
5856 13 69 0.4646
5870 13 60 0.4646
5883 13 67 0.4646
5897 13 58 0.4646
5911 13 72 0.4646
5924 13 69 0.4646
5938 13 70 0.4803
5951 13 67 0.4882
5965 13 81 0.5039
5979 13 72 0.5039
5992 13 79 0.5039
6005 13 70 0.5039
6020 13 84 0.5039
6033 13 81 0.5039
6046 13 82 0.4882
6060 13 79 0.4803
6073 13 93 0.4803
6087 13 84 0.4724
6101 13 91 0.4646
6114 13 82 0.4646
6127 13 96 0.4646
6141 13 93 0.4646
6154 13 94 0.4646
6168 13 91 0.4646
6181 13 98 0.4646
6196 13 93 0.4646
6209 13 96 0.4646
6223 13 89 0.4646
6236 13 92 0.4646
6250 13 89 0.4646
6263 13 93 0.4646
6276 13 84 0.4646
6291 13 88 0.4646
6304 13 84 0.4646
6317 13 89 0.4646
6331 13 81 0.4646
6344 13 85 0.4646
6358 13 81 0.4646
6372 13 86 0.4646
6385 13 77 0.4646
6399 13 80 0.4646
6412 13 77 0.4646
6426 13 81 0.4646
6440 13 74 0.4646
6453 13 76 0.4646
6467 13 74 0.4646
6480 13 77 0.4646
6494 13 69 0.4646
6507 13 76 0.4646
6521 13 71 0.4646
6534 13 74 0.4646
6548 13 77 0.4646
6561 13 88 0.4646
6575 13 83 0.4646
6588 13 86 0.4331
6602 13 89 0.4173
6616 13 100 0.4331
6629 13 95 0.4409
6643 13 98 0.4488
6656 13 89 0.4567
6670 13 93 0.4488
6683 13 89 0.4488
6697 13 91 0.4409
6710 13 83 0.4409
6724 13 81 0.4331
6738 13 77 0.4331
6752 13 79 0.4331
6765 13 71 0.4646
6779 13 88 0.4646
6792 13 79 0.4646
6805 13 86 0.4646
6819 13 77 0.4646
6832 13 83 0.4646
6847 13 79 0.4646
6859 13 84 0.4646
6873 13 76 0.4646
6887 13 87 0.4646
6901 13 84 0.4646
6913 13 88 0.4646
6927 13 79 0.4646
6941 13 90 0.4646
6954 13 88 0.4331
6968 13 91 0.4646
6981 13 84 0.4331
6996 13 94 0.4646
7009 13 91 0.4016
7022 13 95 0.4567
7035 13 88 0.4331
7050 13 96 0.4646
7063 13 91 0.4567
7076 13 97 0.4803
7090 13 88 0.4646
7104 13 98 0.5039
7118 13 91 0.4882
7131 13 99 0.5433
7144 13 88 0.5276
7158 13 100 0.7008
7172 13 95 0.5039
7185 13 99 0.5906
7199 13 91 0.5039
7212 13 98 0.5748
7226 13 95 0.5039
7239 13 97 0.4803
7252 13 91 0.4646
7266 13 96 0.4803
7280 13 91 0.4646
7293 13 95 0.4803
7307 13 88 0.4646
7321 13 94 0.5433
7334 13 91 0.5039
7348 13 93 0.5433
7362 13 88 0.5039
7375 13 92 0.5433
7389 13 88 0.5039
7402 13 91 0.5433
7416 13 84 0.4646
7429 13 90 0.4803
7443 13 84 0.4646
7456 13 89 0.4803
7469 13 79 0.4646
7483 13 88 0.5433
7497 13 83 0.5039
7510 13 87 0.5433
7524 13 79 0.5039
7537 13 86 0.5433
7551 13 83 0.5039
7565 13 85 0.4803
7578 13 79 0.4646
7592 13 84 0.4803
7605 13 79 0.4646
7619 13 83 0.4803
7633 13 76 0.4646
7646 13 82 0.5433
7660 13 79 0.5039
7673 13 81 0.5433
7687 13 76 0.5039
7700 13 80 0.5433
7714 13 76 0.5039
7727 13 79 0.5433
7741 13 71 0.4646
7755 13 78 0.4803
7768 13 71 0.4646
7781 13 77 0.4803
7795 13 67 0.4646
7809 13 76 0.4646
7822 13 71 0.4331
7836 13 75 0.4646
7849 13 67 0.4331
7863 13 74 0.4646
7877 13 71 0.4331
7890 13 73 0.4646
7904 13 67 0.4331
7917 13 72 0.4646
7931 13 67 0.4331
7944 13 71 0.4646
7957 13 64 0.4331
7971 13 70 0.4646
7985 13 67 0.4331
7999 13 69 0.4646
8012 13 64 0.4331
8026 13 68 0.4646
8039 13 64 0.4331
8052 13 67 0.4646
8067 13 60 0.4331
8080 13 66 0.4646
8094 13 60 0.4331
8107 13 65 0.4646
8121 13 55 0.4331
8134 13 64 0.4331
8148 13 59 0.3937
8161 13 63 0.4173
8175 13 55 0.3701
8188 13 62 0.3937
8202 13 59 0.3622
8215 13 61 0.3858
8229 13 55 0.3543
8242 13 60 0.3701
8256 13 55 0.3543
8269 13 59 0.3622
8283 13 52 0.3307
8296 13 58 0.3543
8310 13 55 0.3543
8324 13 57 0.3701
8338 13 47 0.3543
8351 13 56 0.3701
8365 13 52 0.3622
8378 13 55 0.3858
8392 13 47 0.3622
8406 13 54 0.3858
8419 13 52 0.3622
8433 13 55 0.3937
8446 13 48 0.3937
8459 13 59 0.4646
8473 13 54 0.4646
8487 13 57 0.4646
8500 13 60 0.4646
8514 13 71 0.4646
8527 13 66 0.4646
8541 13 69 0.4882
8554 13 72 0.5197
8568 13 83 0.5276
8581 13 78 0.5433
8595 13 81 0.5433
8608 13 72 0.5433
8622 13 81 0.5354
8635 13 76 0.5276
8649 13 79 0.5197
8663 13 72 0.4882
8676 13 69 0.4803
8690 13 64 0.4724
8703 13 67 0.4567
8717 13 60 0.4567
8731 13 57 0.4567
8744 13 52 0.4567
8758 13 55 0.4567
8772 13 48 0.4567
8785 13 59 0.4646
8799 13 54 0.4646
8812 13 57 0.4646
8826 13 60 0.4646
8839 13 71 0.4646
8852 13 66 0.4646
8867 13 69 0.5039
8880 13 72 0.5197
8893 13 83 0.5276
8907 13 78 0.5354
8920 13 81 0.5433
8934 13 71 0.5512
8948 13 81 0.5512
8961 13 76 0.5433
8975 13 79 0.5354
8988 13 71 0.5276
9001 13 69 0.5197
9015 13 64 0.5039
9029 13 67 0.4646
9042 13 59 0.4646
9056 13 57 0.4646
9070 13 52 0.4646
9083 13 55 0.4646
9097 13 54 0.4646
9110 13 64 0.4646
9124 13 59 0.4567
9138 13 63 0.4567
9151 13 66 0.4567
9164 13 76 0.4567
9178 13 71 0.4567
9191 13 75 0.4567
9205 13 78 0.4567
9219 13 88 0.4646
9232 13 83 0.4646
9246 13 87 0.4803
9259 13 78 0.4882
9273 13 87 0.5039
9286 13 82 0.5039
9300 13 85 0.4803
9314 13 78 0.4724
9327 13 75 0.4646
9341 13 70 0.4646
9354 13 73 0.4331
9368 13 66 0.4331
9381 13 63 0.4331
9395 13 58 0.4331
9409 13 61 0.4331
9422 13 54 0.4331
9436 13 63 0.4331
9449 13 59 0.4331
9462 13 63 0.4331
9476 13 66 0.4331
9489 13 76 0.4331
9503 13 71 0.4331
9517 13 75 0.4331
9531 13 78 0.4646
9544 13 88 0.4646
9558 13 83 0.4646
9571 13 87 0.4646
9585 13 78 0.4646
9598 40 95 0.6535
9761 13 96 0.7402
9774 13 91 0.5512
9788 13 95 0.7087
9802 13 88 0.5512
9815 13 94 0.6929
9829 13 91 0.5512
9842 13 93 0.6693
9856 13 88 0.5354
9869 13 92 0.6614
9883 13 88 0.5354
9896 13 91 0.6299
9911 13 83 0.5354
9924 13 90 0.6378
9937 13 83 0.5512
9951 13 89 0.6063
9965 13 79 0.5512
9978 13 88 0.6063
9991 13 83 0.5512
10005 13 87 0.6063
10019 13 79 0.5354
10032 13 86 0.5748
10045 13 79 0.5354
10059 13 85 0.5512
10073 13 76 0.5354
10086 13 84 0.6063
10100 13 79 0.5512
10113 13 83 0.6063
10127 13 76 0.5512
10140 13 82 0.6063
10154 13 79 0.5512
10168 13 81 0.6063
10182 13 76 0.5354
10195 13 80 0.5512
10208 13 76 0.5354
10222 13 79 0.5512
10236 13 71 0.5512
10249 13 78 0.5512
10263 13 71 0.5354
10276 13 77 0.5512
10290 13 67 0.5354
10304 13 76 0.5512
10317 13 71 0.5354
10330 13 75 0.5512
10344 13 67 0.5354
10357 13 74 0.5512
10371 13 67 0.5354
10385 13 73 0.5512
10398 13 64 0.5354
10411 13 72 0.4803
10425 13 67 0.4646
10439 13 71 0.4803
10453 13 64 0.4646
10466 13 70 0.4803
10480 13 67 0.4646
10493 13 69 0.4803
10507 13 64 0.4646
10521 13 68 0.4803
10534 13 64 0.4646
10547 13 67 0.4803
10560 13 59 0.4646
10575 13 66 0.4803
10588 13 59 0.4567
10602 13 65 0.4724
10615 13 55 0.4409
10629 13 64 0.4646
10642 13 59 0.4331
10656 13 63 0.4646
10669 13 54 0.4173
10682 13 62 0.4409
10696 13 55 0.4016
10710 13 61 0.4331
10723 13 53 0.3858
10737 13 60 0.4331
10751 13 55 0.3937
10765 13 59 0.4173
10777 13 53 0.3858
10792 13 58 0.3937
10805 13 55 0.3701
10819 13 57 0.3858
10832 13 50 0.3622
10846 13 56 0.3858
10860 13 53 0.3622
10873 13 55 0.3858
10887 13 47 0.3543
10900 13 54 0.3858
10914 13 53 0.3622
10927 13 55 0.4173
10941 13 47 0.3937
10954 13 56 0.4409
10968 13 53 0.4331
10981 13 57 0.4646
10994 13 50 0.4409
11008 13 58 0.4803
11022 13 55 0.4646
11035 13 59 0.5039
11049 13 53 0.5039
11063 13 64 0.5433
11076 13 59 0.5433
11090 13 62 0.5433
11103 13 65 0.5433
11116 13 76 0.5433
11131 13 71 0.5433
11144 13 74 0.5197
11157 13 77 0.5276
11171 13 88 0.5433
11185 13 83 0.5512
11198 13 86 0.5669
11212 13 77 0.5748
11225 13 88 0.6063
11239 13 82 0.5748
11253 13 86 0.5669
11265 13 77 0.5591
11279 13 76 0.5433
11293 13 70 0.5433
11306 13 74 0.5039
11320 13 65 0.5039
11333 13 64 0.5039
11347 13 58 0.5039
11361 13 62 0.5039
11374 13 53 0.5039
11388 13 64 0.5433
11402 13 57 0.5433
11415 13 62 0.5433
11429 13 65 0.5433
11442 13 76 0.5433
11455 13 69 0.5433
11470 13 74 0.5354
11483 13 77 0.5354
11496 13 88 0.5433
11510 13 81 0.5512
11523 13 86 0.5591
11537 13 77 0.5669
11550 13 88 0.5748
11564 13 80 0.5669
11578 13 86 0.5591
11591 13 77 0.5512
11605 13 76 0.5433
11618 13 68 0.5433
11631 13 74 0.5039
11646 13 65 0.5039
11659 13 64 0.5039
11672 13 56 0.5039
11686 13 62 0.5039
11700 13 53 0.5039
11713 13 64 0.5433
11727 13 55 0.5433
11740 13 62 0.5433
11754 13 53 0.5433
11767 13 67 0.5433
11781 13 64 0.5433
11795 13 65 0.5512
11808 13 62 0.5512
11821 13 76 0.5512
11835 13 67 0.5512
11849 13 74 0.5512
11863 13 65 0.5512
11876 13 79 0.5433
11890 13 76 0.5433
11903 13 77 0.5433
11917 13 74 0.5433
11930 13 88 0.5433
11944 13 79 0.5433
11958 13 86 0.5039
11971 13 77 0.4646
11985 13 91 0.4646
11998 13 88 0.4646
12012 13 89 0.4646
12025 13 86 0.4646
12039 13 93 0.4882
12052 13 88 0.4882
12066 13 91 0.4882
12080 13 84 0.4882
12093 13 100 0.5354
12106 13 91 0.4882
12120 13 98 0.5197
12134 13 88 0.4646
12147 13 96 0.4961
12160 13 92 0.4646
12174 13 95 0.4961
12188 13 88 0.4646
12202 13 94 0.4882
12215 13 89 0.4646
12228 13 92 0.4882
12242 13 85 0.4646
12255 13 90 0.4882
12269 13 85 0.4646
12282 13 89 0.4882
12297 13 80 0.4646
12310 13 87 0.4882
12323 13 80 0.4646
12337 13 85 0.4882
12351 13 77 0.4646
12364 13 85 0.4646
12377 13 78 0.4646
12391 13 84 0.4646
12405 13 76 0.4646
12418 13 79 0.4646
12432 13 72 0.4646
12445 13 80 0.4331
12459 13 76 0.4331
12472 13 78 0.4331
12486 13 72 0.4331
12500 13 79 0.4331
12514 13 76 0.4331
12527 13 81 0.4331
12540 13 71 0.4331
12554 13 78 0.4331
12568 13 77 0.4331
12581 13 79 0.4331
12594 13 71 0.4331
12608 13 83 0.4331
12621 13 77 0.4173
12636 13 88 0.4173
12649 13 79 0.4173
12662 13 86 0.4173
12676 13 77 0.4173
12690 13 86 0.4331
12703 13 79 0.3622
12717 13 84 0.4331
12730 13 76 0.3622
12744 13 81 0.4331
12758 13 76 0.3701
12771 13 79 0.4331
12784 13 72 0.3701
12798 13 77 0.4331
12811 13 72 0.3701
12825 13 76 0.4331
12839 13 67 0.3701
12852 13 81 0.4331
12866 13 76 0.3858
12879 13 79 0.4331
12893 13 72 0.3858
12907 13 77 0.4331
12920 13 72 0.3701
12934 13 76 0.4331
12947 13 67 0.3858
12961 13 81 0.4331
12974 13 76 0.3701
12988 13 79 0.4331
13001 13 72 0.3701
13015 81 76 0.5433
13015 81 79 0.6457
13096 61 76 0.5433
13096 61 79 0.6457
13096 61 67 0.5433
13157 20 76 0.4961
13157 20 67 0.4961
13157 20 79 0.6063
13177 81 67 0.5433
13177 81 79 0.6457
13177 81 76 0.5433
13259 81 76 0.5669
13259 81 69 0.5669
13259 81 81 0.6693
13340 81 79 0.6457
13340 81 67 0.5433
13340 81 76 0.5433
13421 81 73 0.4961
13421 81 67 0.4961
13421 81 76 0.6063
13503 162 67 0.4961
13503 162 79 0.6063
13503 162 76 0.4961
13665 81 79 0.5433
13665 81 82 0.6457
13747 61 70 0.5433
13747 61 79 0.5433
13747 61 82 0.6457
13808 20 70 0.4961
13808 20 79 0.4961
13808 20 82 0.6063
13828 81 82 0.6457
13828 81 70 0.5433
13828 81 79 0.5433
13909 81 72 0.5669
13909 81 84 0.6693
13909 81 79 0.5669
13991 81 70 0.5433
13991 81 79 0.5433
13991 81 82 0.6457
14072 81 79 0.6378
14072 81 70 0.5354
14072 81 76 0.5354
14154 162 79 0.5512
14154 162 70 0.5512
14154 162 82 0.6614
14317 13 96 0.5276
14330 13 87 0.4567
14343 13 94 0.4803
14357 13 85 0.4567
14370 13 92 0.4803
14384 13 87 0.4567
14398 13 91 0.4409
14411 13 85 0.4094
14425 13 89 0.4409
14438 13 85 0.4094
14452 13 87 0.4409
14465 13 79 0.4094
14479 13 89 0.4803
14493 13 84 0.4567
14507 13 87 0.4803
14519 13 80 0.4567
14533 13 85 0.4803
14547 13 80 0.4567
14561 13 84 0.4803
14574 13 75 0.4094
14587 13 82 0.4409
14601 13 75 0.4094
14615 13 80 0.4409
14628 13 72 0.4094
14642 13 84 0.4803
14655 13 75 0.4567
14669 13 82 0.4803
14683 13 73 0.4567
14696 13 81 0.4803
14709 13 75 0.4567
14723 13 82 0.4409
14737 13 73 0.4094
14751 13 85 0.4409
14764 13 75 0.4094
14777 13 79 0.4409
14791 13 73 0.4094
14804 13 82 0.4803
14818 13 75 0.4567
14831 13 80 0.4803
14845 13 72 0.4567
14858 13 79 0.4803
14872 13 75 0.4567
14886 13 80 0.4803
14899 13 72 0.4094
14912 13 82 0.4409
14926 13 75 0.4094
14940 13 80 0.4409
14953 13 72 0.4094
14967 13 92 0.3937
14981 13 83 0.378
14994 13 90 0.3937
15008 13 81 0.378
15022 13 88 0.3937
15035 13 83 0.378
15048 13 87 0.378
15062 13 81 0.3465
15076 13 85 0.378
15089 13 81 0.3465
15102 13 83 0.378
15116 13 78 0.3465
15129 13 88 0.3937
15144 13 80 0.378
15157 13 87 0.3937
15170 13 76 0.378
15184 13 85 0.3937
15197 13 80 0.378
15211 13 83 0.3937
15224 13 76 0.3465
15239 13 81 0.378
15251 13 76 0.3465
15265 13 80 0.378
15279 13 71 0.3465
15292 13 80 0.3937
15306 13 75 0.378
15320 13 78 0.3937
15334 13 69 0.378
15347 13 77 0.3937
15360 13 75 0.378
15373 13 78 0.378
15387 13 69 0.3465
15401 13 81 0.378
15414 13 71 0.3465
15428 13 75 0.378
15441 13 69 0.3465
15456 13 78 0.378
15469 13 71 0.3465
15482 13 77 0.3543
15496 13 68 0.3307
15509 13 76 0.3465
15523 13 71 0.3228
15537 13 75 0.3465
15550 13 68 0.3228
15564 13 74 0.3307
15578 13 71 0.315
15590 13 73 0.3307
15604 13 68 0.315
15618 13 73 0.4882
15631 13 68 0.4646
15645 13 71 0.4646
15659 13 62 0.4646
15672 13 73 0.4724
15685 13 68 0.4803
15699 13 71 0.4882
15713 13 74 0.5039
15727 13 85 0.5276
15740 13 80 0.5354
15753 13 83 0.5433
15767 13 86 0.5512
15780 13 97 0.5669
15794 13 92 0.5748
15808 13 95 0.5591
15822 13 86 0.5591
15834 13 85 0.5591
15849 13 80 0.5591
15862 13 83 0.5591
15875 13 74 0.5433
15889 13 73 0.5433
15902 13 68 0.5433
15916 13 71 0.5433
15930 13 62 0.5433
15943 13 74 0.5433
15956 13 67 0.5433
15971 13 72 0.5433
15984 13 60 0.5433
15997 13 77 0.5433
16011 13 72 0.5433
16025 13 75 0.5433
16038 13 67 0.4803
16052 13 80 0.4803
16065 13 75 0.4803
16079 13 79 0.4803
16092 13 72 0.4803
16106 13 84 0.4803
16120 13 79 0.4803
16133 13 83 0.4803
16147 13 75 0.4803
16160 13 82 0.4803
16174 13 79 0.4803
16187 13 81 0.4803
16201 13 76 0.4882
16214 13 80 0.5039
16228 13 76 0.5276
16241 13 79 0.5354
16255 13 72 0.5433
16268 13 77 0.5197
16283 13 72 0.4646
16295 13 75 0.4646
16310 13 66 0.4646
16322 13 77 0.4724
16337 13 72 0.4803
16350 13 75 0.4882
16363 13 78 0.5039
16377 13 89 0.5276
16391 13 84 0.5433
16404 13 87 0.5512
16418 13 90 0.5669
16431 13 101 0.5512
16444 13 96 0.4803
16459 13 99 0.5433
16472 13 90 0.5433
16485 13 89 0.5433
16499 13 84 0.5433
16513 13 87 0.5433
16526 13 78 0.5433
16540 13 77 0.5433
16553 13 72 0.5433
16567 13 75 0.5433
16580 13 66 0.5433
16594 13 78 0.5433
16608 13 71 0.5433
16621 13 76 0.5433
16635 13 64 0.5433
16648 13 81 0.5433
16661 13 76 0.5433
16676 13 79 0.5433
16689 13 71 0.4803
16703 13 84 0.4803
16716 13 79 0.4803
16730 13 83 0.4803
16743 13 76 0.4803
16757 13 88 0.5197
16770 13 83 0.5197
16784 13 87 0.5276
16798 13 79 0.5354
16811 13 86 0.5433
16825 13 83 0.5433
16838 13 85 0.5512
16852 13 79 0.5591
16865 13 84 0.5669
16879 13 79 0.5748
16892 13 83 0.5748
16906 13 76 0.5906
16919 13 82 0.5354
16933 13 76 0.5039
16946 13 81 0.5433
16960 13 70 0.5039
16973 13 80 0.5433
16987 13 76 0.5039
17001 13 79 0.5433
17014 13 70 0.5039
17027 13 81 0.5433
17041 13 76 0.5039
17055 13 79 0.5433
17069 13 70 0.5039
17082 13 79 0.5433
17096 13 72 0.5039
17109 13 78 0.5433
17123 13 69 0.5039
17136 13 77 0.5433
17150 13 72 0.5039
17164 13 78 0.5433
17177 13 69 0.5039
17191 13 79 0.5433
17204 13 71 0.5039
17218 13 78 0.5433
17231 13 69 0.5039
17245 13 78 0.5433
17258 13 71 0.5039
17272 13 77 0.5433
17285 13 67 0.5039
17299 13 76 0.5433
17313 13 71 0.5039
17326 13 76 0.5433
17340 13 67 0.5039
17353 13 77 0.5433
17366 13 69 0.5039
17380 13 76 0.5433
17394 13 67 0.5039
17407 13 76 0.5433
17421 13 69 0.5039
17435 13 73 0.5433
17448 13 65 0.5039
17462 13 74 0.5433
17476 13 69 0.5039
17489 13 74 0.5433
17502 13 64 0.5039
17516 13 71 0.5433
17529 13 69 0.5039
17543 13 72 0.5433
17556 13 64 0.5039
17570 13 72 0.5512
17584 13 69 0.5512
17598 13 71 0.5512
17611 13 65 0.5512
17624 13 72 0.5512
17638 13 69 0.5512
17652 13 71 0.5512
17665 13 77 0.5591
17678 13 84 0.5669
17693 13 81 0.5748
17705 13 83 0.5906
17719 13 89 0.6063
17733 13 96 0.6063
17746 13 93 0.6063
17759 13 95 0.5906
17773 13 89 0.5748
17787 13 84 0.5748
17801 13 81 0.5669
17814 13 83 0.5512
17827 13 77 0.5512
17841 13 72 0.5512
17855 13 69 0.5512
17868 13 71 0.5512
17882 13 65 0.5512
17895 13 71 0.5512
17909 13 66 0.5512
17923 13 69 0.5512
17936 13 60 0.5512
17950 13 71 0.5512
17963 13 66 0.5512
17977 13 69 0.5512
17990 13 72 0.5591
18004 13 83 0.5669
18018 13 78 0.5748
18031 13 81 0.5906
18045 13 84 0.6063
18059 13 95 0.622
18071 13 90 0.6142
18086 13 93 0.6063
18099 13 84 0.5906
18113 13 83 0.5669
18126 13 78 0.5591
18139 13 81 0.5512
18153 13 72 0.5512
18167 13 71 0.5512
18180 13 66 0.5512
18193 13 69 0.5512
18207 13 60 0.5512
18221 13 69 0.4646
18235 13 64 0.4646
18248 13 68 0.4646
18261 13 71 0.4724
18275 13 81 0.4724
18289 13 76 0.4803
18302 13 80 0.4882
18316 13 83 0.4882
18329 13 93 0.4961
18343 13 88 0.4961
18357 13 92 0.5039
18370 13 83 0.4961
18384 13 92 0.4961
18397 13 86 0.4961
18411 13 90 0.4961
18424 13 83 0.4961
18437 13 80 0.4882
18451 13 74 0.4882
18465 13 78 0.4882
18479 13 71 0.4803
18492 13 68 0.4803
18505 13 62 0.4803
18519 13 66 0.4803
18532 13 59 0.4803
18546 13 66 0.4724
18559 13 61 0.4646
18573 13 64 0.4646
18587 13 68 0.4724
18600 13 78 0.4724
18614 13 73 0.4803
18627 13 76 0.4882
18642 13 80 0.5197
18654 13 90 0.5197
18668 13 85 0.5197
18682 13 88 0.5197
18696 13 80 0.5197
18709 13 88 0.5197
18723 13 83 0.5039
18736 13 86 0.5039
18750 13 78 0.4961
18763 13 76 0.4961
18777 13 71 0.4882
18791 13 74 0.4882
18804 13 66 0.5276
18817 13 64 0.5039
18831 13 59 0.4882
18845 13 62 0.4882
18858 13 54 0.4803
18872 13 61 0.5591
18885 13 56 0.5197
18899 13 59 0.5591
18913 13 53 0.5276
18926 13 64 0.5591
18939 13 59 0.5354
18953 13 62 0.5591
18966 13 56 0.5197
18980 13 67 0.5591
18994 13 62 0.5354
19008 13 65 0.5591
19021 13 59 0.5354
19034 13 69 0.5591
19048 13 65 0.5591
19061 13 68 0.5591
19075 13 62 0.5591
19089 13 72 0.5591
19102 13 68 0.5591
19116 13 71 0.5591
19129 13 65 0.5591
19143 13 76 0.5591
19157 13 71 0.5591
19170 13 74 0.5591
19184 13 68 0.5591
19197 13 79 0.5591
19210 13 74 0.5591
19224 13 77 0.5748
19237 13 71 0.5906
19252 13 81 0.6063
19265 13 77 0.6063
19278 13 80 0.6063
19292 13 74 0.6142
19306 13 84 0.6142
19319 13 80 0.6142
19332 13 83 0.622
19346 13 77 0.622
19359 13 88 0.6063
19373 13 83 0.6063
19387 13 86 0.6063
19401 13 80 0.6063
19414 13 91 0.6063
19428 13 86 0.6063
19441 13 89 0.5906
19454 13 83 0.6063
19468 13 93 0.622
19481 13 89 0.6299
19495 13 92 0.6457
19509 13 86 0.6614
19522 16 101 0.7638
19535 16 95 0.6929
19549 16 100 0.7402
19563 16 92 0.6693
19577 16 99 0.7402
19590 16 95 0.6693
19604 16 98 0.7087
19617 16 92 0.6693
19631 16 97 0.7008
19645 16 92 0.6614
19658 16 96 0.7008
19672 16 89 0.6614
19685 16 95 0.7008
19699 16 89 0.6614
19712 16 94 0.7008
19726 16 86 0.6614
19740 16 93 0.7008
19752 16 89 0.6457
19766 16 92 0.6929
19780 16 83 0.6457
19794 16 91 0.6929
19807 16 86 0.6457
19820 16 90 0.6929
19834 16 80 0.6457
19848 16 89 0.6929
19861 16 83 0.6457
19875 16 88 0.6929
19888 16 80 0.6457
19902 16 87 0.6929
19916 16 83 0.6457
19930 16 86 0.6929
19943 16 79 0.6457
19956 16 85 0.6929
19970 16 79 0.6457
19983 16 84 0.6929
19997 40 77 0.6378
20010 20 83 0.811
20173 16 95 0.811
20187 16 89 0.6693
20200 16 94 0.7795
20214 16 86 0.6693
20227 16 93 0.7087
20241 16 89 0.6693
20255 16 92 0.7087
20268 16 86 0.6693
20281 16 91 0.7008
20295 16 86 0.6693
20309 16 90 0.7008
20322 16 83 0.6614
20336 16 89 0.7008
20349 16 83 0.6614
20363 16 88 0.7008
20377 16 80 0.6614
20390 16 87 0.7008
20404 16 83 0.6457
20417 16 86 0.6929
20430 16 77 0.6457
20444 16 85 0.6929
20458 16 80 0.6457
20472 16 84 0.6929
20485 16 74 0.6614
20499 16 83 0.6929
20512 16 77 0.6614
20526 16 82 0.6929
20540 16 74 0.6457
20553 16 81 0.6929
20566 16 77 0.6614
20580 16 80 0.6772
20594 16 74 0.6457
20607 16 79 0.6693
20621 16 74 0.6378
20634 16 78 0.6693
20648 13 71 0.6378
20661 24 77 0.7874
20661 20 74 0.7087
20662 20 68 0.7087
20824 13 77 0.4724
20837 13 74 0.4331
20851 13 76 0.4724
20864 40 68 0.4724
20986 13 77 0.4724
21000 13 74 0.4173
21014 13 76 0.4724
21027 40 68 0.4724
21149 13 77 0.4016
21163 13 74 0.4016
21176 13 76 0.4016
21190 13 68 0.4094
21204 13 77 0.4094
21217 13 74 0.4173
21231 13 76 0.4173
21245 13 68 0.4173
21258 13 77 0.4331
21271 13 74 0.4331
21285 13 76 0.4409
21299 13 68 0.4409
21312 13 77 0.4488
21325 13 74 0.4488
21339 13 76 0.4488
21352 13 68 0.4567
21366 13 77 0.4567
21380 13 74 0.4646
21393 13 76 0.4646
21407 13 68 0.4724
21420 13 77 0.4724
21434 13 74 0.4724
21447 13 76 0.4803
21461 13 68 0.4803
21475 13 77 0.4882
21488 13 74 0.4882
21502 13 76 0.4882
21515 13 68 0.4961
21528 13 77 0.4961
21543 13 74 0.5039
21556 13 76 0.5039
21569 13 68 0.5197
21583 13 77 0.5197
21597 13 74 0.5197
21610 13 76 0.5276
21624 13 68 0.5276
21637 13 77 0.5354
21651 13 74 0.5354
21665 13 76 0.5433
21678 13 68 0.5433
21691 13 77 0.5433
21705 13 74 0.5512
21718 13 76 0.5512
21732 13 68 0.5591
21746 13 77 0.5591
21760 13 74 0.5669
21773 13 76 0.5669
21786 13 68 0.5669
21800 13 77 0.5748
21814 13 74 0.5748
21827 13 76 0.5827
21840 13 68 0.5827
21855 13 77 0.5827
21868 13 74 0.5906
21881 13 76 0.5906
21895 13 80 0.6063
21908 13 89 0.6063
21922 13 86 0.6142
21936 13 88 0.6142
21949 13 92 0.6142
21963 13 101 0.622
21977 13 98 0.622
21990 13 100 0.6299
22003 13 92 0.6299
22017 13 101 0.6378
22030 13 98 0.6378
22044 13 100 0.6378
22057 13 92 0.6457
22071 13 101 0.6457
22084 13 98 0.6535
22098 13 100 0.6535
22111 13 92 0.6614
22125 13 101 0.7638
22139 13 96 0.6378
22152 13 100 0.7087
22166 13 93 0.5748
22180 13 99 0.7323
22194 13 96 0.5748
22207 13 98 0.6535
22220 13 93 0.5276
22234 13 97 0.622
22248 13 93 0.5276
22261 13 96 0.6142
22274 13 88 0.5276
22288 13 95 0.622
22301 13 88 0.5748
22315 13 94 0.622
22329 13 84 0.5748
22343 13 93 0.622
22356 13 88 0.5748
22370 13 92 0.622
22383 13 84 0.5276
22397 13 91 0.5591
22410 13 84 0.5276
22423 13 90 0.5591
22437 13 81 0.5276
22450 13 89 0.622
22465 13 84 0.5748
22478 13 88 0.622
22491 13 81 0.5748
22505 13 87 0.622
22518 13 84 0.5748
22532 13 86 0.622
22545 13 81 0.5276
22560 13 85 0.5591
22573 13 81 0.5276
22586 13 84 0.5591
22599 13 76 0.5276
22614 13 83 0.5591
22627 13 76 0.5276
22641 13 82 0.5591
22654 13 72 0.5276
22668 13 81 0.5591
22682 13 76 0.5276
22695 13 80 0.5591
22708 13 72 0.5276
22722 13 79 0.5591
22735 13 72 0.5276
22749 13 78 0.5591
22763 13 69 0.5276
22776 13 77 0.4173
22789 13 72 0.3858
22804 13 76 0.4173
22816 13 69 0.3858
22831 13 75 0.4173
22844 13 72 0.3858
22857 13 74 0.4173
22871 13 69 0.3858
22885 13 73 0.4173
22898 13 69 0.3858
22912 13 72 0.4173
22925 13 64 0.3858
22938 13 71 0.4173
22952 13 64 0.3858
22966 13 70 0.4016
22979 13 60 0.378
22993 13 69 0.3937
23006 13 64 0.3543
23020 13 68 0.3858
23034 13 60 0.3465
23047 13 67 0.3701
23061 13 60 0.3465
23075 13 66 0.3543
23088 13 57 0.3543
23101 13 65 0.3543
23115 13 60 0.3307
23129 13 64 0.3543
23142 13 57 0.3307
23156 13 63 0.3465
23169 13 60 0.315
23183 13 62 0.3307
23197 13 57 0.3071
23210 13 61 0.3307
23224 13 57 0.3071
23237 13 60 0.315
23250 13 52 0.2992
23264 13 59 0.315
23278 13 52 0.3071
23292 13 58 0.3543
23305 13 48 0.3307
23318 13 57 0.3701
23332 13 52 0.3543
23346 13 56 0.3937
23359 13 48 0.378
23373 13 57 0.4173
23386 13 52 0.3937
23399 13 60 0.4409
23413 13 53 0.4173
23426 13 64 0.4488
23440 13 59 0.4488
23454 13 62 0.4488
23468 13 65 0.4488
23481 13 76 0.4488
23495 13 71 0.4488
23509 13 74 0.4646
23522 13 77 0.4724
23535 13 88 0.4803
23549 13 83 0.4882
23563 13 86 0.5039
23576 13 77 0.5197
23590 13 86 0.5276
23603 13 81 0.5039
23617 13 84 0.4803
23631 13 77 0.4646
23644 13 74 0.4646
23657 13 69 0.4488
23671 13 72 0.4331
23684 13 65 0.4331
23698 13 62 0.4331
23711 13 57 0.4331
23725 13 60 0.4331
23739 13 53 0.4331
23752 13 64 0.4488
23765 13 59 0.4488
23779 13 62 0.4488
23793 13 65 0.4488
23807 13 76 0.4488
23820 13 71 0.4488
23834 13 74 0.4724
23847 13 77 0.4724
23860 13 88 0.4803
23874 13 83 0.5039
23887 13 86 0.5039
23902 13 76 0.5197
23915 13 86 0.5197
23928 13 81 0.5039
23942 13 84 0.4803
23955 13 76 0.4646
23970 13 74 0.4567
23983 13 69 0.4409
23996 13 72 0.4409
24009 13 64 0.4409
24024 13 62 0.4409
24037 13 57 0.4409
24051 13 60 0.4409
24064 13 59 0.4409
24078 13 69 0.4488
24092 13 64 0.4331
24104 13 68 0.4331
24118 13 71 0.4331
24132 13 81 0.4331
24145 13 76 0.4331
24159 13 80 0.4331
24173 13 83 0.4331
24186 13 93 0.4409
24199 13 88 0.4488
24213 13 92 0.4646
24227 13 83 0.4646
24240 13 92 0.4646
24254 13 87 0.4646
24268 13 90 0.4646
24281 13 83 0.4567
24295 13 80 0.4488
24308 13 75 0.4409
24322 13 78 0.4016
24335 13 71 0.4016
24349 13 68 0.4016
24362 13 63 0.4016
24376 13 66 0.4016
24389 13 59 0.4016
24403 13 69 0.4016
24417 13 64 0.4016
24430 13 68 0.4016
24444 13 71 0.4016
24457 13 81 0.4016
24471 13 76 0.4016
24484 13 80 0.4016
24498 13 83 0.4488
24511 13 93 0.4488
24525 13 88 0.4488
24539 13 92 0.4488
24553 13 83 0.4488
24566 40 100 0.5984
24729 13 101 0.7795
24742 13 96 0.5276
24755 13 100 0.7008
24769 13 93 0.5276
24783 13 99 0.6457
24796 13 96 0.5276
24810 13 98 0.622
24824 13 93 0.4882
24836 13 97 0.6063
24851 13 93 0.4882
24864 13 96 0.6063
24877 13 88 0.4882
24891 13 95 0.5827
24905 13 88 0.5276
24918 13 94 0.5906
24932 13 84 0.5276
24945 13 93 0.5906
24958 13 88 0.5276
24973 13 92 0.5748
24986 13 84 0.4882
24999 13 91 0.5512
25013 13 84 0.4882
25027 13 90 0.5276
25040 13 81 0.4882
25054 13 89 0.5512
25067 13 84 0.5276
25081 13 88 0.5512
25095 13 81 0.5276
25108 13 87 0.5512
25122 13 84 0.5276
25135 13 86 0.5512
25148 13 81 0.4882
25163 13 85 0.5276
25176 13 81 0.4882
25189 13 84 0.5276
25203 13 76 0.4882
25216 13 83 0.5276
25230 13 76 0.4882
25244 13 82 0.5276
25257 13 72 0.4882
25270 13 81 0.5276
25284 13 76 0.4882
25298 13 80 0.5276
25311 13 72 0.4882
25325 13 79 0.5276
25339 13 72 0.4882
25352 13 78 0.5276
25366 13 69 0.4882
25379 13 77 0.4173
25393 13 72 0.3858
25406 13 76 0.4173
25419 13 69 0.3858
25434 13 75 0.4173
25447 13 72 0.3858
25461 13 74 0.4173
25475 13 69 0.3858
25488 13 73 0.4173
25501 13 69 0.3858
25514 13 72 0.4173
25529 13 64 0.3858
25542 13 71 0.4173
25555 13 64 0.3858
25569 13 70 0.4016
25583 13 60 0.378
25596 13 69 0.3937
25609 13 64 0.3543
25623 13 68 0.3858
25637 13 60 0.3465
25650 13 67 0.3701
25664 13 60 0.3465
25678 13 66 0.3543
25691 13 57 0.3307
25704 13 65 0.3543
25718 13 60 0.3307
25732 13 64 0.3543
25745 13 57 0.3307
25759 13 63 0.3465
25772 13 60 0.315
25786 13 62 0.3307
25799 13 57 0.3071
25813 13 61 0.3307
25827 13 57 0.3071
25840 13 60 0.315
25854 13 52 0.2992
25868 13 59 0.315
25881 13 53 0.3071
25894 13 57 0.3543
25908 13 48 0.3307
25921 13 56 0.3701
25935 13 53 0.3543
25949 13 57 0.3937
25962 13 48 0.378
25975 13 59 0.4173
25990 13 52 0.3937
26003 13 60 0.4409
26016 13 48 0.4173
26030 13 60 0.4488
26044 13 53 0.4488
26057 12 59 0.4488
26071 13 59 0.4488
26084 13 72 0.4488
26098 13 65 0.4488
26111 12 71 0.4409
26125 13 71 0.4488
26139 13 84 0.4567
26152 13 77 0.4646
26165 12 83 0.4646
26179 13 83 0.4724
26193 13 96 0.4803
26206 13 90 0.4803
26219 13 95 0.4724
26233 13 83 0.4646
26247 13 84 0.4646
26260 13 78 0.4567
26274 13 83 0.4409
26288 13 71 0.4409
26301 13 72 0.4409
26315 13 66 0.4409
26328 13 71 0.4409
26342 13 59 0.4409
26356 13 74 0.4646
26369 13 67 0.4646
26382 12 73 0.4724
26396 13 73 0.4803
26409 13 86 0.4803
26423 13 77 0.5039
26437 12 85 0.5197
26450 13 85 0.5197
26464 13 98 0.5276
26478 13 91 0.5354
26491 13 97 0.5354
26505 13 85 0.5433
26518 13 99 0.5433
26531 13 94 0.5433
26545 13 98 0.5512
26559 13 86 0.5591
26572 13 87 0.5591
26586 13 82 0.5669
26599 13 86 0.5748
26613 13 74 0.5748
26627 13 75 0.5906
26640 13 70 0.6142
26654 13 74 0.6142
26667 13 62 0.622
26680 13 76 0.6142
26695 13 69 0.5669
26707 13 75 0.6142
26721 13 63 0.5669
26735 13 76 0.6142
26748 13 69 0.5669
26762 13 75 0.6378
26776 13 75 0.5906
26789 13 88 0.6772
26802 13 81 0.622
26816 13 87 0.6772
26830 13 87 0.6299
26844 13 100 0.6772
26857 13 93 0.6299
26870 13 99 0.6772
26884 13 87 0.6378
26897 13 88 0.6772
26912 13 81 0.6378
26925 13 87 0.6772
26938 13 75 0.6299
26952 13 88 0.6772
26966 13 81 0.6772
26979 12 87 0.6772
26992 13 87 0.6299
27006 13 100 0.6772
27019 13 93 0.6299
27033 13 99 0.6772
27047 13 87 0.6772
27061 13 88 0.6772
27074 13 81 0.6299
27087 13 87 0.6457
27101 13 75 0.6142
27114 13 88 0.6457
27129 13 81 0.6457
27142 12 87 0.6457
27155 13 87 0.6142
27169 13 100 0.6299
27182 13 93 0.5354
27196 13 99 0.5512
27209 13 87 0.4882
27223 13 100 0.5197
27236 13 93 0.4724
27250 13 99 0.4882
27263 13 87 0.4567
27278 13 100 0.4646
27291 13 93 0.4173
27304 13 99 0.4331
27317 13 87 0.3858
27332 13 100 0.4724
27345 13 95 0.4331
27359 13 99 0.4803
27372 13 93 0.4409
27385 13 100 0.4882
27400 13 95 0.4409
27413 13 99 0.4961
27426 13 93 0.4488
27440 13 100 0.5039
27453 13 95 0.4724
27467 13 99 0.5197
27481 13 93 0.4724
27494 13 100 0.5276
27508 13 95 0.4724
27521 13 99 0.5354
27534 13 93 0.4882
27549 13 100 0.5433
27562 13 95 0.4961
27575 13 99 0.5512
27589 13 93 0.5039
27603 13 100 0.5669
27617 13 95 0.5197
27630 13 99 0.5748
27644 13 93 0.5276
27657 13 100 0.5827
27671 13 95 0.5276
27684 13 99 0.5906
27698 13 93 0.5276
27711 13 100 0.6063
27725 13 95 0.5433
27738 13 99 0.6142
27752 13 93 0.5433
27766 13 100 0.622
27779 13 95 0.5433
27792 13 99 0.6299
27806 13 93 0.5433
27819 13 100 0.6378
27834 13 95 0.5512
27847 13 99 0.6457
27860 13 93 0.5827
27874 13 100 0.6614
27888 13 95 0.6142
27901 13 99 0.6772
27914 13 93 0.6142
27928 13 100 0.6929
27942 13 95 0.6299
27955 13 99 0.7008
27969 13 93 0.6378
27982 13 101 0.7008
27996 13 96 0.6457
28010 13 100 0.7008
28023 13 93 0.6457
28037 13 98 0.622
28050 13 93 0.5669
28064 13 96 0.622
28078 13 88 0.5906
28091 13 95 0.622
28104 13 88 0.5906
28118 13 93 0.622
28131 13 84 0.5669
28145 13 89 0.622
28158 13 84 0.5748
28172 13 88 0.622
28185 13 81 0.5669
28199 13 86 0.622
28212 13 81 0.5748
28226 13 84 0.622
28240 13 76 0.5669
28253 13 83 0.622
28267 13 76 0.5669
28281 13 81 0.622
28294 13 72 0.5669
28308 13 77 0.622
28321 13 72 0.5669
28335 13 76 0.622
28348 13 69 0.5669
28362 13 74 0.622
28375 13 69 0.5669
28389 13 72 0.622
28403 13 64 0.5748
28416 13 71 0.622
28430 13 64 0.5669
28443 13 69 0.622
28457 13 60 0.5669
28470 81 59 0.6378
28470 81 71 0.7559
28470 81 64 0.6378
28470 81 69 0.7559
28552 81 64 0.6378
28552 81 76 0.7559
28552 81 62 0.6378
28552 81 68 0.7559
28552 81 71 0.7559
28633 12 93 0.7874
28647 13 88 0.6457
28660 13 92 0.7323
28674 13 84 0.6614
28687 13 91 0.7323
28701 13 88 0.6457
28714 13 90 0.7323
28727 13 84 0.6535
28742 13 89 0.7323
28755 13 84 0.6535
28768 13 88 0.7323
28782 13 81 0.6535
28795 13 87 0.7323
28809 13 84 0.6457
28823 13 86 0.7323
28837 13 81 0.6457
28850 13 85 0.7323
28864 13 81 0.6457
28877 13 84 0.7323
28891 13 76 0.6457
28904 13 83 0.7323
28918 13 76 0.6457
28931 13 82 0.7323
28945 13 72 0.6457
28958 13 81 0.7323
28972 13 76 0.6378
28986 13 80 0.7323
28999 13 72 0.6457
29012 13 79 0.7323
29026 13 76 0.6457
29039 13 78 0.7323
29053 13 72 0.6457
29067 13 77 0.7323
29080 13 72 0.6457
29094 13 76 0.7323
29108 13 69 0.6457
29121 13 75 0.7323
29135 13 72 0.6457
29148 13 74 0.7323
29162 13 69 0.6457
29175 13 73 0.7323
29189 13 69 0.6457
29203 13 72 0.7323
29216 13 64 0.6299
29229 13 71 0.7244
29243 13 64 0.622
29256 13 70 0.7087
29271 13 60 0.622
29284 13 69 0.7008
29298 13 64 0.6063
29311 13 68 0.6929
29325 13 60 0.6063
29338 13 67 0.6772
29352 13 64 0.5906
29365 13 66 0.6693
29379 13 60 0.5827
29393 13 65 0.6614
29406 13 60 0.5748
29419 13 64 0.6378
29432 13 57 0.5669
29447 13 63 0.622
29460 13 60 0.5512
29474 13 62 0.6142
29487 13 57 0.5354
29500 13 61 0.5906
29514 13 57 0.5276
29528 13 60 0.5827
29541 13 52 0.4961
29555 13 59 0.5669
29569 13 52 0.4724
29582 13 58 0.5354
29596 13 48 0.4567
29609 13 57 0.7874
29623 13 52 0.7008
29636 13 56 0.7874
29650 13 48 0.7165
29663 13 55 0.7874
29677 13 52 0.7008
29690 13 54 0.7874
29704 13 48 0.7087
29718 13 53 0.7874
29731 13 48 0.7087
29745 13 52 0.7874
29758 13 45 0.7087
29772 13 51 0.7874
29786 13 48 0.6929
29799 13 50 0.7874
29813 13 45 0.6929
29826 13 49 0.7874
29840 13 45 0.6929
29853 13 48 0.7874
29867 13 40 0.6929
29880 13 47 0.7874
29894 13 40 0.6929
29908 13 46 0.7874
29921 13 40 0.6929
29934 81 45 0.9528
30016 61 57 0.6693
30016 61 60 0.6693
30016 61 69 0.7953
30016 61 64 0.7953
30077 20 57 0.6378
30077 20 64 0.7559
30077 20 60 0.6378
30077 20 69 0.7559
30097 81 57 0.6693
30097 81 64 0.7953
30097 81 60 0.6693
30097 81 69 0.7953
30178 81 57 0.6457
30178 81 65 0.7638
30178 81 62 0.6457
30178 81 69 0.7638
30260 162 57 0.6693
30260 162 64 0.7953
30260 162 60 0.6693
30260 162 69 0.7953
30422 162 57 0.6614
30422 162 62 0.7795
30422 162 59 0.6614
30422 162 69 0.7795
30585 329 57 0.6693
30585 410 64 0.7953
30585 370 60 0.6693
30585 471 69 0.7953
30748 24 45 0.5512
30768 24 47 0.5669
30789 24 48 0.5669
30809 24 50 0.5748
30829 24 52 0.5827
30850 24 54 0.5827
30870 24 56 0.5827
30891 426 57 0.5827
30911 24 59 0.5906
30931 386 60 0.6142
30951 24 62 0.6142
30971 346 64 0.622
30992 24 66 0.6299
31013 24 68 0.6299
31033 284 69 0.6378
31053 24 71 0.6378
31073 24 72 0.6378
31094 24 74 0.6457
31114 24 76 0.6614
31134 24 78 0.6614
31154 24 80 0.6693
31175 24 81 0.6693
31195 24 83 0.6772
31216 24 84 0.6929
31236 24 86 0.6929
31256 24 88 0.7008
31276 24 90 0.7087
31297 24 92 0.7087
31317 40 93 0.7638
650 81 48 0.189
732 61 48 0.189
793 20 48 0.1732
813 81 48 0.1969
894 81 41 0.189
976 81 36 0.189
1057 81 41 0.1732
1138 81 36 0.1575
1220 81 35 0.1417
1301 40 33 0.8819
1382 61 64 0.6929
1382 61 60 0.5827
1382 61 57 0.5827
1443 20 57 0.5512
1443 20 60 0.5512
1443 20 64 0.6457
1464 81 64 0.6929
1464 81 60 0.5827
1464 81 57 0.5827
1545 81 57 0.6063
1545 81 60 0.6063
1545 81 65 0.7244
1626 81 57 0.5827
1626 81 60 0.5827
1626 81 64 0.6929
1708 81 52 0.5512
1708 81 57 0.5512
1708 81 60 0.6457
1789 162 57 0.5512
1789 162 60 0.5512
1789 162 64 0.6457
1952 40 33 0.7795
2033 61 45 0.4567
2033 61 52 0.5433
2094 20 45 0.3937
2094 20 52 0.4803
2114 81 45 0.4724
2114 81 52 0.5512
2196 81 45 0.4094
2196 81 53 0.4882
2277 81 45 0.4331
2277 81 52 0.4961
2359 244 33 0.4724
2440 162 40 0.5354
2603 40 32 0.7795
2684 61 53 0.5197
2684 61 62 0.6063
2745 20 53 0.4803
2745 20 62 0.5748
2765 81 53 0.5197
2765 81 60 0.6063
2847 81 33 0.5512
2847 81 45 0.6614
2928 40 32 0.5748
2928 40 44 0.6772
3009 27 55 0.6063
3009 27 62 0.5197
3036 27 53 0.5669
3036 27 62 0.4724
3063 27 52 0.5748
3063 27 62 0.4803
3091 81 52 0.6063
3091 81 60 0.5197
3172 81 33 0.5354
3172 81 45 0.6378
3253 40 35 0.5197
3253 40 47 0.6063
3335 81 56 0.4724
3335 81 59 0.4724
3335 27 64 0.5512
3362 27 68 0.5197
3389 27 73 0.5512
3416 81 59 0.4724
3416 81 63 0.4724
3416 81 71 0.5512
3416 81 69 0.5512
3497 81 47 0.5197
3497 81 59 0.6063
3579 40 40 0.5197
3579 40 52 0.6063
3660 27 68 0.5276
3660 27 59 0.4409
3687 27 67 0.4567
3687 27 58 0.3858
3714 27 68 0.4961
3714 27 59 0.4331
3741 40 52 0.4961
3741 40 56 0.4961
3741 40 64 0.5669
3904 40 33 0.7874
3985 61 64 0.6614
3985 61 60 0.5512
3985 61 57 0.5512
4046 20 57 0.5276
4046 20 60 0.5276
4046 20 64 0.622
4067 81 64 0.6614
4067 81 60 0.5512
4067 81 57 0.5512
4148 81 57 0.5827
4148 81 60 0.5827
4148 81 65 0.6929
4229 81 57 0.5512
4229 81 60 0.5512
4229 81 64 0.6614
4311 81 52 0.5276
4311 81 57 0.5276
4311 81 60 0.622
4392 162 57 0.5276
4392 162 60 0.5276
4392 162 64 0.622
4555 40 24 0.5512
4555 40 36 0.6299
4636 61 43 0.4567
4636 61 52 0.5433
4697 20 43 0.3937
4697 20 52 0.4803
4718 81 43 0.4724
4718 81 52 0.5512
4799 81 43 0.4094
4799 81 53 0.4882
4880 81 43 0.3858
4880 81 52 0.4567
4962 81 48 0.4567
4962 244 36 0.4331
5043 162 52 0.4567
5043 162 43 0.3858
5206 40 36 0.5827
5287 27 64 0.4331
5287 27 58 0.4331
5287 27 55 0.4803
5314 27 47 0.4882
5341 27 48 0.4961
5368 81 49 0.5433
5368 81 63 0.4567
5368 81 58 0.4567
5368 81 55 0.4567
5450 81 37 0.4724
5450 81 49 0.5669
5531 40 38 0.5197
5531 40 50 0.6063
5612 27 64 0.4331
5612 27 58 0.4331
5612 27 55 0.4961
5639 27 47 0.4961
5667 20 49 0.4961
5686 88 51 0.5512
5689 86 55 0.5512
5691 83 58 0.4567
5694 81 63 0.4567
5775 81 39 0.4724
5775 81 51 0.5669
5856 40 40 0.6299
5856 40 52 0.6299
5938 61 60 0.6929
5999 20 60 0.622
6019 81 60 0.6929
6100 81 36 0.4331
6100 81 48 0.4961
6182 40 41 0.4567
6182 40 53 0.5512
6263 61 69 0.5827
6324 183 57 0.5276
6344 61 62 0.5512
6344 162 53 0.5512
6405 20 64 0.5276
6426 81 65 0.5512
6507 40 31 0.6063
6507 40 43 0.6063
6588 81 55 0.5512
6588 27 59 0.5512
6616 27 65 0.4961
6643 27 69 0.4961
6670 81 67 0.5512
6751 81 55 0.5354
6751 81 59 0.5354
6751 81 65 0.5354
6832 40 36 0.5669
6832 40 48 0.5669
6893 101 48 0.4331
6904 91 55 0.4331
6914 81 64 0.4961
7158 40 40 0.7087
7158 40 28 0.7087
7239 61 59 0.6063
7239 61 55 0.5197
7239 61 52 0.5197
7300 20 52 0.4724
7300 20 55 0.4724
7300 20 59 0.5669
7321 81 59 0.6063
7321 81 55 0.5197
7321 81 52 0.5197
7402 81 52 0.5276
7402 81 55 0.5276
7402 81 60 0.6299
7483 81 52 0.5197
7483 81 55 0.5197
7483 81 59 0.6063
7565 81 52 0.4724
7565 81 55 0.5669
7565 81 47 0.4724
7646 162 52 0.4724
7646 162 59 0.5669
7646 162 55 0.4724
7809 40 28 0.5827
7890 61 40 0.4567
7890 61 47 0.5433
7951 20 47 0.4803
7951 20 40 0.3937
7971 81 40 0.4724
7971 81 47 0.5512
8053 81 40 0.4094
8053 81 48 0.4882
8134 81 40 0.4331
8134 81 47 0.4961
8215 244 28 0.4331
8297 162 35 0.4567
8459 40 27 0.5512
8541 61 60 0.6063
8541 61 51 0.6063
8602 20 60 0.5748
8602 20 51 0.5748
8622 81 52 0.6063
8622 81 60 0.6063
8703 81 28 0.5197
8703 81 40 0.6063
8785 40 27 0.5276
8785 40 39 0.5276
8866 27 62 0.6063
8866 27 51 0.6063
8893 40 60 0.5669
8893 40 51 0.5669
8934 13 51 0.5748
8934 13 59 0.5748
8947 81 59 0.6063
8947 81 52 0.6063
9029 81 28 0.5276
9029 81 40 0.622
9110 40 42 0.5433
9110 40 30 0.5433
9191 27 59 0.5512
9191 81 54 0.4724
9219 27 63 0.5197
9246 27 68 0.5512
9273 81 58 0.4724
9273 81 66 0.5512
9273 81 64 0.5512
9273 81 54 0.4724
9354 81 42 0.6063
9354 81 30 0.5197
9436 40 35 0.5197
9436 40 47 0.6063
9517 27 54 0.4409
9517 27 63 0.5276
9544 27 53 0.3858
9544 27 62 0.4567
9571 27 63 0.4961
9571 27 54 0.4331
9598 40 51 0.5118
9598 40 59 0.5984
9598 40 47 0.5118
9761 40 40 0.7087
9842 61 59 0.6063
9842 61 55 0.5197
9842 61 52 0.5197
9903 20 52 0.4724
9903 20 55 0.4724
9903 20 59 0.5669
9924 81 59 0.6063
9924 81 55 0.5197
9924 81 52 0.5197
10005 81 52 0.5276
10005 81 55 0.5276
10005 81 60 0.6299
10086 81 52 0.5197
10086 81 55 0.5197
10086 81 59 0.6063
10168 81 47 0.4724
10168 81 52 0.4724
10168 81 55 0.5669
10249 162 52 0.4724
10249 162 55 0.4724
10249 162 59 0.5669
10412 40 31 0.4882
10493 325 38 0.4567
10493 61 47 0.5433
10554 20 47 0.4803
10574 81 47 0.5512
10656 81 48 0.4882
10737 81 47 0.5748
10818 244 31 0.5433
10900 162 38 0.5197
11062 40 31 0.5906
11144 27 59 0.6457
11144 27 50 0.5512
11171 27 42 0.5748
11198 27 43 0.622
11225 81 44 0.6457
11225 81 58 0.6457
11225 81 50 0.5512
11306 81 32 0.6772
11388 40 33 0.6378
11469 27 62 0.6299
11469 27 53 0.5276
11496 27 44 0.5748
11523 27 45 0.622
11550 81 46 0.6457
11550 81 62 0.6457
11550 81 56 0.5512
11550 81 53 0.5512
11632 81 34 0.7402
11713 40 35 0.7087
11795 61 55 0.7559
11856 20 55 0.6772
11876 81 55 0.7559
11957 81 31 0.4331
11957 81 43 0.4331
12039 40 36 0.4724
12039 40 48 0.4724
12120 27 52 0.4488
12147 27 60 0.4488
12174 27 68 0.4488
12201 40 41 0.4488
12283 27 53 0.378
12283 27 56 0.4488
12310 27 61 0.4488
12337 27 68 0.4488
12364 40 43 0.5354
12445 27 55 0.4094
12445 27 60 0.4882
12472 27 64 0.4488
12499 27 67 0.4488
12527 40 43 0.4882
12608 81 65 0.4488
12608 81 55 0.4488
12608 81 62 0.4488
12608 81 67 0.4488
12684 86 48 0.4724
12687 83 55 0.4724
12689 81 64 0.4724
13015 13 69 0.5197
13029 13 64 0.4803
13042 13 67 0.5197
13056 13 61 0.4803
13069 13 65 0.5197
13082 13 61 0.4803
13096 13 64 0.5197
13110 13 58 0.4803
13124 13 62 0.5197
13137 13 58 0.4803
13150 13 61 0.5197
13164 13 55 0.4803
13178 13 60 0.5197
13191 13 55 0.4803
13205 13 58 0.5197
13218 13 52 0.4803
13232 13 57 0.5197
13245 13 52 0.4803
13259 13 55 0.5197
13272 13 49 0.4803
13286 13 53 0.4803
13299 13 49 0.4488
13313 13 52 0.4803
13326 13 46 0.4488
13340 13 50 0.4803
13353 13 46 0.4803
13367 13 49 0.5197
13381 13 43 0.4803
13394 13 48 0.5197
13408 13 43 0.4803
13422 13 46 0.5197
13435 13 40 0.4488
13449 13 45 0.4803
13462 13 40 0.4488
13476 13 43 0.4803
13489 13 37 0.4488
13503 13 41 0.4803
13516 13 37 0.4488
13530 13 40 0.4803
13543 13 34 0.4488
13557 13 38 0.4803
13571 13 34 0.4488
13584 13 37 0.4803
13597 13 31 0.4488
13612 13 36 0.4803
13625 13 31 0.4488
13639 13 34 0.4803
13652 13 28 0.4488
13666 13 72 0.5197
13679 13 67 0.4803
13693 13 70 0.5197
13706 13 64 0.4803
13720 13 69 0.5197
13733 13 64 0.4803
13747 13 67 0.5197
13760 13 61 0.4803
13774 13 65 0.5197
13788 13 61 0.4803
13801 13 64 0.5197
13814 13 58 0.4803
13829 13 62 0.5197
13842 13 58 0.4803
13855 13 61 0.5197
13869 13 55 0.4803
13883 13 60 0.5197
13896 13 55 0.4803
13909 13 58 0.5197
13923 13 52 0.4488
13936 13 57 0.4803
13950 13 52 0.4488
13963 13 55 0.4803
13977 13 49 0.4488
13991 13 53 0.4803
14005 13 49 0.4803
14018 13 52 0.5197
14032 13 46 0.4803
14045 13 50 0.5197
14058 13 46 0.4803
14073 13 49 0.5197
14086 13 43 0.4488
14100 13 48 0.4803
14113 13 43 0.4488
14126 13 46 0.4803
14140 13 40 0.4488
14154 13 45 0.4803
14167 13 40 0.4488
14181 13 43 0.4803
14194 13 37 0.4488
14208 13 41 0.4803
14221 13 37 0.4488
14235 13 40 0.4803
14248 13 34 0.4488
14262 13 38 0.4803
14275 13 34 0.4488
14289 13 37 0.4803
14303 13 31 0.4488
14316 40 39 0.5827
14317 40 27 0.5827
14398 61 63 0.5039
14459 20 63 0.4803
14479 81 51 0.4331
14479 81 60 0.4331
14479 81 63 0.5197
14560 61 68 0.5039
14621 20 60 0.4803
14642 244 51 0.3937
14642 81 63 0.4803
14723 61 58 0.5039
14784 20 63 0.4803
14804 81 44 0.3937
14804 81 60 0.4803
14967 40 35 0.378
14967 40 47 0.378
15048 61 59 0.4173
15109 20 59 0.3937
15130 81 47 0.3622
15130 81 56 0.3622
15130 81 59 0.4331
15211 40 64 0.4173
15272 20 56 0.3937
15292 162 47 0.3307
15292 81 59 0.3937
15374 27 54 0.3937
15401 27 56 0.3307
15428 22 57 0.378
15450 86 40 0.2992
15452 83 47 0.2992
15455 81 56 0.3543
15618 81 40 0.5512
15618 81 52 0.5512
15699 27 35 0.4567
15699 27 47 0.5512
15726 27 32 0.4331
15726 27 44 0.5197
15753 27 35 0.4882
15753 27 47 0.5827
15780 30 28 0.5276
15780 30 40 0.622
15841 20 40 0.5197
15841 20 52 0.6063
15862 61 42 0.5512
15862 61 54 0.6614
15923 20 40 0.5276
15923 20 52 0.622
15943 81 39 0.5748
15943 81 51 0.6772
16024 81 36 0.4882
16024 81 48 0.5827
16106 81 39 0.5433
16106 81 51 0.6457
16187 27 41 0.5197
16187 27 53 0.6063
16214 27 42 0.4567
16214 27 54 0.5512
16241 27 43 0.4882
16241 27 55 0.5827
16268 81 44 0.5197
16268 81 56 0.6063
16350 27 39 0.5276
16350 27 51 0.622
16377 27 36 0.4567
16377 27 48 0.5512
16404 27 39 0.4882
16404 27 51 0.5827
16431 30 32 0.5276
16431 30 44 0.622
16492 20 44 0.5197
16492 20 56 0.6063
16513 61 46 0.5512
16513 61 58 0.6614
16574 20 44 0.5276
16574 20 56 0.622
16594 81 43 0.5748
16594 81 55 0.6772
16675 81 40 0.4882
16675 81 52 0.5827
16757 81 43 0.5433
16757 81 55 0.6457
16838 27 45 0.5197
16838 27 57 0.6063
16865 27 46 0.5276
16865 27 58 0.622
16892 27 47 0.5433
16892 27 59 0.6457
16919 81 48 0.5906
16919 81 60 0.7087
16996 86 36 0.4961
16998 83 43 0.4961
17001 81 52 0.6457
17077 86 41 0.5276
17079 83 48 0.5354
17082 81 57 0.7008
17161 83 35 0.4724
17163 81 54 0.6457
17240 86 40 0.4882
17242 83 47 0.4961
17245 81 55 0.7087
17321 86 45 0.4331
17323 83 52 0.4409
17326 81 61 0.6457
17402 86 50 0.4882
17405 83 57 0.5197
17407 81 62 0.7008
17484 86 45 0.4331
17486 83 52 0.4331
17489 81 60 0.6457
17570 40 38 0.6299
17570 40 50 0.7402
17651 81 53 0.6063
17651 81 65 0.7087
17733 40 46 0.5827
17733 40 58 0.6929
17794 20 48 0.622
17794 20 60 0.7323
17814 81 47 0.5827
17814 81 59 0.7008
17895 40 39 0.6299
17895 40 51 0.7402
17977 81 54 0.6063
17977 81 66 0.7087
18058 40 45 0.5827
18058 40 57 0.6929
18119 20 50 0.622
18119 20 62 0.7323
18139 81 48 0.5827
18139 81 60 0.7008
18221 325 52 0.4882
18221 40 40 0.4882
18302 61 59 0.6299
18363 20 64 0.6063
18383 162 62 0.6063
18546 40 28 0.4803
18546 40 40 0.4803
18627 61 56 0.6299
18688 20 61 0.6063
18709 162 59 0.6063
18872 650 40 0.5827
18953 61 53 0.622
19014 20 53 0.6063
19034 81 53 0.6063
19116 81 55 0.6299
19197 81 53 0.622
19278 81 50 0.622
19360 162 53 0.6063
19522 13 40 0.6457
19536 16 47 0.5512
19549 16 44 0.622
19563 16 50 0.5354
19577 16 44 0.5827
19590 16 50 0.5354
19603 16 47 0.5827
19617 16 53 0.5197
19631 16 47 0.5827
19644 16 53 0.5276
19658 16 50 0.5827
19671 16 56 0.5197
19685 16 50 0.5827
19698 16 56 0.5197
19712 16 53 0.5827
19726 16 59 0.5197
19739 16 53 0.5748
19753 16 59 0.4961
19767 16 56 0.5748
19780 16 62 0.4961
19794 16 56 0.5669
19807 16 62 0.4961
19821 16 59 0.5669
19834 16 65 0.4961
19847 16 59 0.5669
19861 16 65 0.5039
19875 16 62 0.5669
19888 16 68 0.4961
19902 16 62 0.5669
19915 16 68 0.4961
19929 16 65 0.5669
19942 16 71 0.4961
19956 16 65 0.5669
19970 16 71 0.4961
19983 16 68 0.5669
19997 40 74 0.4961
20010 20 80 0.6929
20173 16 35 0.6457
20187 16 41 0.5276
20200 16 38 0.622
20214 16 44 0.5276
20227 16 38 0.622
20241 16 44 0.5276
20255 16 41 0.5827
20268 16 47 0.5276
20281 16 41 0.5827
20296 16 47 0.5354
20308 16 44 0.5827
20322 16 50 0.5276
20336 16 44 0.5827
20349 16 50 0.5197
20363 16 47 0.5827
20376 16 53 0.5039
20390 16 47 0.5748
20404 16 53 0.5197
20417 16 50 0.5748
20431 16 56 0.5039
20444 16 50 0.5669
20458 16 56 0.5039
20471 16 53 0.5669
20485 16 59 0.5039
20498 16 53 0.5748
20512 16 59 0.5039
20526 16 56 0.5669
20539 16 62 0.5039
20552 16 56 0.5669
20566 16 62 0.4961
20580 16 59 0.5669
20594 16 65 0.4961
20607 16 59 0.5669
20620 16 65 0.4961
20634 56 62 0.5669
20648 13 68 0.4961
20661 20 65 0.5591
20661 20 71 0.6378
20824 13 65 0.4724
20837 13 62 0.4173
20851 13 64 0.4724
20864 40 59 0.4724
20986 13 65 0.4724
21000 13 62 0.4094
21014 13 64 0.4724
21027 40 59 0.4724
21149 13 65 0.378
21163 13 62 0.378
21177 13 64 0.378
21190 13 59 0.3858
21204 13 65 0.3858
21217 13 62 0.3937
21231 13 64 0.3937
21244 13 59 0.3937
21258 13 65 0.4016
21271 13 62 0.4016
21285 13 64 0.4094
21298 13 59 0.4094
21312 13 65 0.4173
21326 13 62 0.4173
21339 13 64 0.4173
21353 13 59 0.4331
21366 13 65 0.4331
21379 13 62 0.4409
21393 13 64 0.4409
21407 13 59 0.4409
21421 13 65 0.4488
21434 13 62 0.4488
21448 13 64 0.4567
21461 13 59 0.4567
21474 16 65 0.4646
21489 16 64 0.4646
21502 16 63 0.4646
21515 16 62 0.4724
21529 16 61 0.4724
21542 16 60 0.4803
21556 16 59 0.4803
21569 16 58 0.4882
21583 16 57 0.4882
21597 16 56 0.4882
21610 16 55 0.4961
21623 16 54 0.4961
21638 16 53 0.5039
21650 16 52 0.5039
21664 16 51 0.5039
21678 16 50 0.5197
21691 16 49 0.5197
21705 16 48 0.5276
21718 16 47 0.5276
21732 16 46 0.5354
21746 16 45 0.5354
21760 16 44 0.5354
21773 16 43 0.5433
21787 16 42 0.5433
21800 13 41 0.5512
21813 13 40 0.5512
21827 13 39 0.5512
21841 13 40 0.5591
21854 13 41 0.5591
21868 13 40 0.5669
21881 13 39 0.5669
21895 13 40 0.5748
21908 13 41 0.5748
21922 13 40 0.5748
21935 13 39 0.5827
21949 13 40 0.5827
21962 13 41 0.5906
21977 13 40 0.5906
21990 13 39 0.6063
22004 13 40 0.6063
22017 13 41 0.6063
22031 13 40 0.6142
22044 13 39 0.6142
22058 13 40 0.622
22072 13 41 0.622
22085 13 40 0.622
22098 13 39 0.6299
22111 13 40 0.6299
22125 40 33 0.937
22207 61 64 0.7244
22207 61 60 0.6063
22207 61 57 0.6063
22268 20 57 0.5748
22268 20 60 0.5748
22268 20 64 0.6772
22288 81 64 0.7244
22288 81 60 0.6063
22288 81 57 0.6063
22369 81 57 0.6457
22369 81 60 0.6457
22369 81 65 0.7638
22451 81 57 0.6063
22451 81 60 0.6063
22451 81 64 0.7244
22532 81 52 0.5748
22532 81 57 0.5748
22532 81 60 0.6772
22613 162 57 0.5748
22613 162 60 0.5748
22613 162 64 0.6772
22776 40 33 0.5669
22857 61 45 0.3858
22857 61 52 0.5433
22918 20 45 0.3307
22918 20 52 0.4803
22939 81 45 0.3937
22939 81 52 0.5512
23020 81 45 0.3307
23020 81 53 0.4882
23101 81 45 0.3228
23101 81 52 0.4567
23183 244 33 0.4331
23264 162 40 0.4567
23427 40 32 0.5433
23508 61 53 0.5197
23508 61 62 0.6063
23569 20 53 0.4803
23569 20 62 0.5748
23590 81 53 0.5197
23590 81 60 0.6063
23671 81 33 0.6063
23671 81 45 0.6063
23752 40 32 0.5197
23752 40 44 0.5197
23834 27 55 0.5748
23834 27 62 0.5197
23861 27 53 0.5669
23861 27 62 0.4724
23888 27 52 0.5748
23888 27 62 0.4803
23915 81 52 0.6063
23915 81 60 0.5197
23996 81 33 0.5276
23996 81 45 0.622
24078 40 35 0.5354
24078 40 47 0.5354
24159 81 56 0.4724
24159 81 59 0.4724
24159 27 64 0.5512
24186 27 68 0.5197
24213 27 73 0.5512
24240 81 59 0.4724
24240 81 63 0.4724
24240 81 71 0.5512
24240 81 69 0.5512
24322 81 47 0.5197
24322 81 59 0.6063
24403 40 40 0.5197
24403 40 52 0.6063
24484 27 68 0.5276
24484 27 59 0.4409
24511 27 67 0.4567
24511 27 58 0.3858
24539 27 68 0.4961
24539 27 59 0.4331
24566 40 52 0.5118
24566 40 56 0.5118
24566 40 64 0.5827
24728 40 33 0.7795
24810 61 64 0.6614
24810 61 60 0.5512
24810 61 57 0.5512
24871 20 57 0.5276
24871 20 60 0.5276
24871 20 64 0.622
24891 81 64 0.6614
24891 81 60 0.5512
24891 81 57 0.5512
24972 81 57 0.5827
24972 81 60 0.5827
24972 81 65 0.6929
25054 81 57 0.5512
25054 81 60 0.5512
25054 81 64 0.6614
25135 81 52 0.5276
25135 81 57 0.5276
25135 81 60 0.622
25216 162 57 0.5276
25216 162 60 0.5276
25216 162 64 0.622
25379 40 31 0.5433
25460 61 43 0.4567
25460 61 52 0.5433
25521 20 43 0.3937
25521 20 52 0.4803
25542 244 43 0.4724
25542 81 52 0.5512
25623 81 53 0.4882
25704 162 43 0.4567
25704 81 52 0.4567
25786 81 48 0.4567
25867 81 41 0.4567
25949 81 40 0.4567
26030 40 38 0.4961
26111 27 65 0.4961
26111 27 57 0.4961
26138 27 49 0.4882
26165 27 50 0.4961
26193 81 51 0.5433
26193 81 66 0.4567
26193 81 57 0.4567
26274 81 39 0.5669
26355 40 40 0.5748
26437 27 67 0.5276
26437 27 58 0.622
26464 27 51 0.622
26491 27 52 0.622
26518 81 53 0.6378
26518 81 70 0.5354
26518 81 58 0.5354
26518 81 62 0.5354
26599 81 41 0.5512
26599 81 53 0.6457
26681 40 29 0.6299
26681 40 41 0.7559
26762 61 53 0.7008
26762 61 65 0.7008
26823 20 53 0.7008
26823 20 65 0.7008
26843 81 53 0.7008
26843 81 65 0.7008
26925 81 53 0.5906
26925 81 60 0.5906
26925 81 67 0.7087
27006 81 53 0.7402
27006 81 65 0.7402
27087 81 48 0.7087
27087 81 60 0.7087
27169 162 53 0.7244
27169 162 65 0.7244
27331 13 41 0.4567
27345 13 47 0.3543
27359 13 45 0.4173
27372 13 51 0.3622
27386 13 45 0.4331
27400 13 51 0.3858
27413 13 47 0.4409
27426 13 53 0.3858
27440 13 47 0.4409
27453 13 53 0.3937
27467 13 51 0.4488
27481 13 57 0.3937
27494 13 51 0.4567
27508 13 57 0.3937
27522 13 53 0.4567
27535 13 59 0.4016
27548 13 53 0.4724
27562 13 59 0.4016
27576 13 57 0.4803
27589 13 63 0.4094
27603 13 57 0.4803
27616 13 63 0.4331
27630 13 59 0.4882
27643 13 65 0.4173
27657 13 59 0.4882
27670 13 65 0.4409
27684 13 63 0.4961
27697 13 69 0.4409
27711 13 63 0.5039
27725 13 69 0.4488
27738 13 65 0.5039
27751 13 71 0.4567
27765 13 65 0.5197
27779 13 71 0.4567
27793 13 69 0.5276
27806 13 75 0.4567
27820 13 69 0.5276
27833 13 75 0.4567
27847 13 71 0.5354
27860 13 77 0.4724
27874 13 71 0.5433
27887 13 77 0.4882
27901 13 75 0.5433
27915 13 81 0.4882
27928 13 75 0.5512
27941 13 81 0.4961
27955 13 77 0.5669
27969 13 83 0.4961
27982 40 69 0.7008
27982 40 76 0.7008
27982 40 64 0.7008
27982 40 72 0.7008
28037 13 86 0.622
28050 13 81 0.5433
28063 13 84 0.622
28077 13 76 0.5512
28091 13 83 0.622
28104 13 76 0.5591
28118 13 81 0.622
28132 13 72 0.5512
28145 13 77 0.622
28159 13 72 0.5512
28172 13 76 0.622
28186 13 69 0.5512
28199 13 74 0.622
28212 13 69 0.5669
28226 13 72 0.622
28240 13 64 0.5512
28253 13 71 0.622
28267 13 64 0.5591
28280 13 69 0.622
28294 13 60 0.5591
28307 13 65 0.622
28321 13 60 0.5591
28335 13 64 0.622
28348 13 57 0.5591
28362 13 62 0.622
28376 13 57 0.5591
28389 13 60 0.622
28403 13 52 0.5591
28416 13 59 0.622
28430 13 52 0.5512
28443 13 57 0.622
28457 13 48 0.5512
28470 81 40 0.5748
28470 81 52 0.6772
28552 81 28 0.5748
28552 81 40 0.6772
28633 20 33 0.7953
28653 20 40 0.6063
28673 20 48 0.6063
28694 20 40 0.6063
28715 20 33 0.6929
28735 20 40 0.6063
28755 20 48 0.6063
28776 20 40 0.6063
28795 20 33 0.7638
28816 20 40 0.6063
28837 20 48 0.6063
28857 20 40 0.6063
28877 20 33 0.7008
28897 20 40 0.6063
28917 20 48 0.6063
28938 20 40 0.6063
28959 20 33 0.7953
28979 20 40 0.6063
28999 20 48 0.6063
29019 20 40 0.6063
29040 20 28 0.7953
29060 20 40 0.6063
29080 20 48 0.6063
29100 20 40 0.6063
29121 20 33 0.7559
29141 20 40 0.6063
29162 20 48 0.6063
29182 20 40 0.6063
29202 20 48 0.6535
29223 20 40 0.5748
29243 20 48 0.5591
29263 20 40 0.5512
29284 20 33 0.6142
29304 20 40 0.5354
29325 20 48 0.5276
29345 20 40 0.5197
29365 20 33 0.5669
29386 20 40 0.4961
29406 20 48 0.4882
29427 20 40 0.4803
29446 20 33 0.5433
29467 20 40 0.4724
29488 20 48 0.4646
29508 20 40 0.4567
29528 20 33 0.4961
29548 20 40 0.4094
29569 20 48 0.4016
29589 20 40 0.3937
29610 18 45 0.7008
29636 18 44 0.6614
29663 18 43 0.6929
29691 18 42 0.7008
29718 18 41 0.6535
29745 18 40 0.6614
29772 18 39 0.7008
29799 18 38 0.6614
29826 18 37 0.6614
29853 18 36 0.7008
29880 18 35 0.6535
29908 18 34 0.6535
29934 81 33 0.8189
30016 61 33 0.5984
30016 61 40 0.7087
30016 61 45 0.7087
30077 20 33 0.5748
30077 20 40 0.6772
30077 20 45 0.6772
30097 81 33 0.5984
30097 81 40 0.7087
30097 81 45 0.7087
30178 81 33 0.5827
30178 81 38 0.6929
30178 81 45 0.6929
30260 162 33 0.5984
30260 162 40 0.7087
30260 162 45 0.7087
30422 162 33 0.5827
30422 162 41 0.6929
30422 162 45 0.6929
30585 187 33 0.5984
30585 268 40 0.7087
30585 329 45 0.7087
30748 569 33 0.5354
30768 24 35 0.5354
30788 24 36 0.5433
30809 24 38 0.5433
30830 487 40 0.5512
30850 24 42 0.5669
30870 24 44 0.5669
30890 427 45 0.5748
30911 24 47 0.5748
30931 24 48 0.5827
30951 24 50 0.5827
30972 24 52 0.5827
30992 24 54 0.5906
31012 24 56 0.5906
31033 24 57 0.6142
31053 24 59 0.6142
31073 24 60 0.622
31093 24 62 0.6299
31114 24 64 0.6299
31134 24 66 0.6378
31155 24 68 0.6378
31175 24 69 0.6378
31196 24 71 0.6378
31216 24 72 0.6457
31236 24 74 0.6614
31256 24 76 0.6614
31277 24 78 0.6693
31297 24 80 0.6693
31317 40 81 0.7323
