106 11 62 0.2126
118 11 60 0.315
118 11 66 0.315
142 11 58 0.3543
142 11 67 0.3543
177 11 66 0.2126
189 11 62 0.3307
189 11 69 0.3307
213 11 67 0.3543
213 11 70 0.3543
249 11 69 0.2047
260 11 67 0.3543
260 11 72 0.3543
284 11 70 0.3543
284 11 74 0.3543
320 11 75 0.2047
332 23 72 0.2756
332 23 79 0.3307
355 23 70 0.2756
355 23 74 0.3307
391 11 67 0.2205
403 11 62 0.3543
403 11 70 0.3543
426 11 69 0.3701
462 11 69 0.2835
474 11 63 0.3543
474 11 72 0.3543
498 11 70 0.3622
533 11 66 0.2283
545 11 60 0.2835
545 11 69 0.2835
569 11 58 0.3307
569 11 67 0.3307
604 11 60 0.1732
616 11 57 0.2835
616 11 63 0.2835
640 11 58 0.2835
640 11 62 0.2835
675 11 62 0.2126
687 11 60 0.315
687 11 66 0.315
711 11 58 0.3543
711 11 67 0.3543
747 11 66 0.2126
758 11 62 0.3307
758 11 69 0.3307
782 11 67 0.3543
782 11 70 0.3543
818 11 69 0.2047
830 11 67 0.3543
830 11 72 0.3543
853 11 70 0.3543
853 11 74 0.3543
889 11 75 0.2047
901 23 72 0.2756
901 23 79 0.3307
924 23 70 0.2756
924 23 74 0.3307
960 11 67 0.2205
972 11 62 0.3543
972 11 70 0.3543
996 11 69 0.3701
1031 11 69 0.2835
1043 11 63 0.3543
1043 11 72 0.3543
1067 11 70 0.3622
1102 11 66 0.2283
1114 11 60 0.2835
1114 11 69 0.2835
1138 11 58 0.3307
1138 11 67 0.3307
1173 11 58 0.2756
1185 23 62 0.3228
1209 11 55 0.3071
1245 11 58 0.2126
1256 11 55 0.315
1256 11 62 0.315
1280 11 54 0.3543
1280 11 62 0.3543
1316 11 58 0.2126
1328 11 55 0.3307
1328 11 64 0.3307
1351 11 57 0.3543
1351 11 66 0.3543
1387 11 62 0.2047
1399 11 58 0.3543
1399 11 67 0.3543
1422 11 60 0.3543
1422 11 69 0.3543
1458 11 65 0.2047
1470 11 62 0.3622
1470 11 71 0.3622
1494 11 63 0.3937
1494 11 72 0.3937
1529 11 68 0.2205
1541 11 65 0.3543
1541 11 74 0.3543
1565 11 63 0.3543
1565 11 72 0.3701
1600 11 67 0.2835
1612 11 62 0.3543
1612 11 71 0.3543
1636 11 63 0.3543
1636 11 72 0.3622
1671 11 68 0.2283
1683 11 65 0.2835
1683 11 74 0.2835
1707 11 63 0.3307
1707 11 72 0.3307
1743 11 67 0.1732
1754 11 62 0.2835
1754 11 71 0.2835
1778 11 63 0.2835
1778 11 72 0.2835
1814 11 62 0.2126
1826 11 58 0.315
1826 11 65 0.315
1849 11 57 0.3543
1849 11 65 0.3543
1885 11 63 0.2126
1897 11 58 0.3307
1897 11 67 0.3307
1920 11 60 0.3543
1920 11 69 0.3543
1956 11 65 0.2047
1968 11 62 0.3543
1968 11 70 0.3543
1992 11 63 0.3543
1992 11 72 0.3543
2027 11 68 0.2047
2039 11 65 0.3937
2039 11 74 0.3937
2063 11 67 0.3937
2063 11 75 0.3937
2098 11 71 0.2205
2110 11 68 0.3937
2110 11 77 0.3937
2134 11 72 0.4252
2134 11 67 0.4252
2134 11 75 0.4252
2169 11 68 0.3307
2181 11 65 0.4016
2181 11 74 0.4016
2205 11 69 0.3543
2205 11 63 0.3543
2205 11 72 0.3622
2241 11 67 0.2283
2252 11 64 0.2835
2252 11 70 0.2835
2276 11 66 0.3307
2276 11 69 0.3307
2312 11 64 0.1732
2324 11 61 0.2835
2324 11 67 0.2835
2347 11 62 0.2835
2347 11 66 0.2835
2383 11 62 0.2126
2395 11 60 0.315
2395 11 66 0.315
2418 11 58 0.3543
2418 11 67 0.3543
2454 11 66 0.2126
2466 11 62 0.3307
2466 11 69 0.3307
2490 11 67 0.3543
2490 11 70 0.3543
2525 11 69 0.2047
2537 11 67 0.3543
2537 11 72 0.3543
2561 11 70 0.3543
2561 11 74 0.3543
2596 11 75 0.2047
2608 23 72 0.2756
2608 23 79 0.3307
2632 23 70 0.2756
2632 23 74 0.3307
2667 11 67 0.2205
2679 11 62 0.3543
2679 11 70 0.3543
2703 11 69 0.3701
2739 11 69 0.2835
2750 11 63 0.3543
2750 11 72 0.3543
2774 11 70 0.3622
2810 11 66 0.2283
2822 11 60 0.2835
2822 11 69 0.2835
2845 11 58 0.3307
2845 11 67 0.3307
2881 11 60 0.1732
2893 11 57 0.2835
2893 11 63 0.2835
2916 11 58 0.2835
2916 11 62 0.2835
2952 11 62 0.2126
2964 11 60 0.315
2964 11 66 0.315
2988 11 58 0.3543
2988 11 67 0.3543
3023 11 66 0.2126
3035 11 62 0.3307
3035 11 69 0.3307
3059 11 67 0.3543
3059 11 70 0.3543
3094 11 69 0.2047
3106 11 67 0.3543
3106 11 72 0.3543
3130 11 70 0.3543
3130 11 74 0.3543
3166 11 75 0.2047
3177 23 72 0.3937
3177 23 79 0.3937
3201 23 70 0.3937
3201 23 74 0.3937
3237 11 67 0.2205
3249 11 62 0.3543
3249 11 70 0.3543
3272 11 69 0.3701
3308 11 69 0.2835
3320 11 63 0.3543
3320 11 72 0.3543
3343 11 70 0.3622
3379 11 66 0.2283
3391 11 60 0.2835
3391 11 69 0.2835
3415 11 58 0.3307
3415 11 67 0.3307
3450 11 58 0.2756
3462 23 62 0.3228
3486 11 55 0.3071
3521 11 58 0.2126
3533 11 55 0.315
3533 11 62 0.315
3557 11 54 0.3543
3557 11 62 0.3543
3592 11 58 0.2126
3604 11 55 0.3307
3604 11 64 0.3307
3628 11 57 0.3543
3628 11 66 0.3543
3664 11 62 0.2047
3675 11 58 0.3543
3675 11 67 0.3543
3699 11 60 0.3543
3699 11 69 0.3543
3735 11 65 0.2047
3747 11 62 0.3622
3747 11 71 0.3622
3770 11 63 0.3937
3770 11 72 0.3937
3806 11 68 0.2205
3818 11 65 0.3543
3818 11 74 0.3543
3841 11 63 0.3543
3841 11 72 0.3701
3877 11 67 0.2835
3889 11 62 0.3543
3889 11 71 0.3543
3913 11 63 0.3543
3913 11 72 0.3622
3948 11 68 0.2283
3960 11 65 0.2835
3960 11 74 0.2835
3984 11 63 0.3307
3984 11 72 0.3307
4019 11 67 0.1732
4031 11 62 0.2835
4031 11 71 0.2835
4055 11 63 0.2835
4055 11 72 0.2835
4090 11 62 0.2126
4102 11 58 0.315
4102 11 65 0.315
4126 11 57 0.3543
4126 11 65 0.3543
4162 11 63 0.2126
4173 11 58 0.3307
4173 11 67 0.3307
4197 11 60 0.3543
4197 11 69 0.3543
4233 11 65 0.2047
4245 11 62 0.3543
4245 11 70 0.3543
4268 11 63 0.3543
4268 11 72 0.3543
4304 11 68 0.2047
4316 11 65 0.3937
4316 11 74 0.3937
4339 11 67 0.3937
4339 11 75 0.3937
4375 11 71 0.2205
4387 11 68 0.3937
4387 11 77 0.3937
4411 11 72 0.4252
4411 11 67 0.4252
4411 11 75 0.4252
4446 11 68 0.3307
4458 11 65 0.4016
4458 11 74 0.4016
4482 11 69 0.3543
4482 11 63 0.3543
4482 11 72 0.3622
4517 11 67 0.2283
4529 11 64 0.2835
4529 11 70 0.2835
4553 11 66 0.3307
4553 11 69 0.3307
4588 11 64 0.1732
4600 11 61 0.2835
4600 11 67 0.2835
4624 11 62 0.2835
4624 11 66 0.2835
4660 11 62 0.2126
4671 11 60 0.315
4671 11 66 0.315
4695 11 58 0.3543
4695 11 67 0.3543
4731 8 66 0.2126
4743 8 62 0.3307
4743 8 69 0.3307
4766 8 67 0.3543
4766 8 70 0.3543
4802 11 69 0.2047
4814 11 67 0.3543
4814 11 72 0.3543
4837 11 70 0.3543
4837 11 74 0.3543
4873 11 75 0.2047
4885 23 72 0.2756
4885 23 79 0.3307
4909 23 70 0.2756
4909 23 74 0.3307
4944 11 67 0.2205
4956 11 62 0.3543
4956 11 70 0.3543
4980 11 69 0.3701
5015 11 69 0.2835
5027 11 63 0.3543
5027 11 72 0.3543
5051 11 70 0.3622
5086 11 66 0.2283
5098 11 60 0.2835
5098 11 69 0.2835
5122 11 58 0.3307
5122 11 67 0.3307
5158 11 60 0.1732
5169 11 57 0.2835
5169 11 63 0.2835
5193 11 58 0.2835
5193 11 62 0.2835
5229 11 62 0.2126
5241 11 60 0.315
5241 11 66 0.315
5264 11 58 0.3543
5264 11 67 0.3543
5300 11 66 0.2126
5312 11 62 0.3307
5312 11 69 0.3307
5335 11 67 0.3543
5335 11 70 0.3543
5371 11 69 0.2047
5383 11 67 0.3543
5383 11 72 0.3543
5407 11 70 0.3543
5407 11 74 0.3543
5442 11 75 0.2047
5454 23 72 0.2756
5454 23 79 0.3307
5478 23 70 0.2756
5478 23 74 0.3307
5513 11 67 0.2205
5525 11 62 0.3543
5525 11 70 0.3543
5549 11 69 0.3701
5584 11 69 0.2835
5596 11 63 0.3543
5596 11 72 0.3543
5620 11 70 0.3622
5656 11 66 0.2283
5667 11 60 0.2835
5667 11 69 0.2835
5691 11 58 0.3307
5691 11 67 0.3307
5727 11 58 0.2756
5739 23 62 0.3228
5762 11 55 0.3071
5798 11 53 0.2441
5810 23 58 0.3622
5833 23 50 0.4016
5869 11 65 0.2598
5878 26 70 0.3622
5905 23 62 0.3386
5940 11 55 0.2283
5949 26 58 0.3307
5976 23 48 0.4016
6011 11 67 0.2441
6020 26 70 0.4567
6047 23 60 0.4252
6083 11 55 0.2283
6091 26 58 0.4331
6118 23 48 0.4016
6154 11 67 0.2441
6163 26 70 0.4094
6189 23 60 0.4016
6225 11 53 0.2835
6234 26 57 0.3858
6260 23 48 0.4016
6296 11 65 0.2441
6305 26 69 0.378
6332 23 60 0.3228
6367 11 53 0.2283
6376 26 58 0.3307
6403 23 50 0.4016
6438 11 65 0.2598
6447 26 70 0.4488
6474 23 62 0.3386
6509 11 55 0.2283
6518 26 58 0.3937
6545 23 48 0.4016
6581 11 67 0.2441
6589 26 70 0.4567
6616 23 60 0.4252
6652 11 55 0.2283
6661 26 58 0.4331
6687 23 48 0.4016
6723 11 67 0.2441
6732 26 70 0.4488
6758 23 60 0.4016
6794 11 53 0.2835
6803 26 57 0.3858
6830 23 48 0.4016
6865 11 65 0.2441
6874 26 69 0.378
6901 23 60 0.3228
6936 11 58 0.2283
6945 26 62 0.3307
6972 23 53 0.4016
7007 11 70 0.2598
7016 26 74 0.4488
7043 23 65 0.3386
7079 11 59 0.2283
7087 26 62 0.3937
7114 23 53 0.4016
7150 11 71 0.2441
7159 26 74 0.4567
7185 23 65 0.4252
7221 11 59 0.2283
7230 26 62 0.4331
7256 23 55 0.4016
7292 11 71 0.2441
7301 26 74 0.4488
7328 23 67 0.4016
7363 11 60 0.2835
7372 26 63 0.3858
7399 23 55 0.4016
7434 11 72 0.2441
7443 26 75 0.378
7470 23 67 0.3228
7505 11 60 0.2283
7514 26 63 0.3307
7541 23 55 0.4016
7577 11 72 0.2598
7585 26 75 0.4488
7612 23 67 0.3386
7648 11 61 0.2283
7657 26 64 0.3937
7683 23 55 0.4016
7719 11 73 0.2441
7728 26 76 0.4567
7754 23 67 0.4252
7790 11 61 0.2283
7799 26 64 0.4331
7826 23 57 0.4016
7861 11 73 0.2441
7870 26 76 0.4488
7897 23 69 0.4016
7932 11 57 0.2835
7941 26 62 0.3858
7968 23 50 0.4016
8003 11 69 0.2441
8012 26 74 0.378
8039 23 62 0.3228
8075 11 53 0.2283
8083 26 58 0.3307
8110 23 50 0.4016
8146 11 65 0.2598
8155 26 70 0.4488
8181 23 62 0.3386
8217 11 54 0.2283
8226 26 58 0.3937
8252 23 48 0.4016
8288 11 66 0.2441
8297 26 70 0.4567
8324 23 60 0.4252
8359 11 54 0.2283
8368 26 58 0.4331
8395 23 48 0.4882
8430 11 66 0.2598
8439 26 70 0.4488
8501 11 53 0.2283
8510 26 58 0.4488
8537 23 46 0.4882
8573 11 65 0.2441
8582 26 70 0.4882
8608 23 58 0.4409
8644 11 58 0.3071
8653 26 62 0.4331
8679 23 53 0.4016
8715 11 70 0.2598
8724 26 74 0.4488
8750 23 65 0.3386
8786 11 58 0.2283
8795 26 62 0.3937
8822 23 52 0.4016
8857 11 70 0.2441
8866 26 74 0.4567
8893 23 64 0.4252
8928 11 58 0.2283
8937 26 62 0.4331
8964 23 52 0.4882
8999 11 70 0.2598
9008 26 74 0.4488
9071 11 57 0.2283
9080 26 62 0.4488
9106 23 50 0.4882
9142 11 69 0.2441
9151 26 74 0.4882
9177 23 62 0.4409
9213 11 67 0.3071
9225 11 65 0.3622
9225 11 71 0.3622
9249 11 63 0.4016
9249 11 72 0.4016
9284 11 71 0.2441
9296 11 67 0.378
9296 11 74 0.378
9320 11 72 0.4016
9320 11 75 0.4016
9355 11 74 0.2283
9367 11 72 0.4016
9367 11 77 0.4016
9391 11 75 0.4016
9391 11 79 0.4016
9426 11 80 0.2283
9438 23 77 0.315
9438 23 84 0.378
9462 23 75 0.315
9462 23 79 0.378
9498 11 72 0.252
9509 11 67 0.4016
9509 11 75 0.4016
9533 11 74 0.4252
9569 11 74 0.3228
9581 11 68 0.4016
9581 11 77 0.4016
9604 11 75 0.4094
9640 11 71 0.2598
9652 11 65 0.3228
9652 11 74 0.3228
9675 11 63 0.378
9675 11 72 0.378
9711 11 65 0.1969
9723 11 62 0.3228
9723 11 68 0.3228
9747 11 63 0.3228
9747 11 67 0.3228
9782 11 67 0.2441
9794 11 60 0.3622
9794 11 66 0.3622
9818 11 58 0.4016
9818 11 67 0.4016
9853 11 66 0.2441
9865 11 62 0.378
9865 11 69 0.378
9889 11 67 0.4016
9889 11 70 0.4016
9924 11 69 0.2283
9936 11 67 0.4016
9936 11 72 0.4016
9960 11 70 0.4016
9960 11 74 0.4016
9996 11 75 0.2283
10007 23 72 0.378
10007 23 79 0.4488
10031 23 70 0.378
10031 23 74 0.4488
10067 11 67 0.252
10079 11 62 0.4016
10079 11 70 0.4016
10102 11 69 0.4252
10138 11 69 0.3228
10150 11 63 0.4016
10150 11 72 0.4016
10173 11 70 0.4094
10209 11 66 0.2598
10221 11 60 0.3228
10221 11 69 0.3228
10245 11 58 0.378
10245 11 67 0.378
10280 11 58 0.315
10292 23 62 0.3701
10316 11 55 0.3465
10351 11 58 0.2441
10363 11 55 0.3622
10363 11 62 0.3622
10387 11 54 0.4016
10387 11 62 0.4016
10422 11 58 0.2441
10434 11 55 0.378
10434 11 64 0.378
10458 11 57 0.4016
10458 11 66 0.4016
10494 11 62 0.2283
10505 11 58 0.4016
10505 11 67 0.4016
10529 11 60 0.4016
10529 11 69 0.4016
10565 11 65 0.2283
10577 11 62 0.4094
10577 11 71 0.4094
10600 11 63 0.4488
10600 11 72 0.4488
10636 11 68 0.252
10648 11 65 0.4016
10648 11 74 0.4016
10671 11 63 0.4016
10671 11 72 0.4252
10707 11 67 0.3228
10719 11 62 0.4016
10719 11 71 0.4016
10743 11 63 0.4016
10743 11 72 0.4094
10778 11 68 0.2598
10790 11 65 0.3228
10790 11 74 0.3228
10814 11 63 0.378
10814 11 72 0.378
10849 11 67 0.1969
10861 11 62 0.3228
10861 11 71 0.3228
10885 11 63 0.3228
10885 11 72 0.3228
10920 11 62 0.2441
10932 11 58 0.3622
10932 11 65 0.3622
10956 11 57 0.4016
10956 11 65 0.4016
10992 11 63 0.2441
11003 11 58 0.378
11003 11 67 0.378
11027 11 60 0.4016
11027 11 69 0.4016
11063 11 65 0.2283
11075 11 62 0.4016
11075 11 70 0.4016
11098 11 63 0.4016
11098 11 72 0.4016
11134 11 68 0.2283
11146 11 65 0.4488
11146 11 74 0.4488
11169 11 67 0.4488
11169 11 75 0.4488
11205 11 71 0.252
11217 11 68 0.4488
11217 11 77 0.4488
11241 11 72 0.4882
11241 11 67 0.4882
11241 11 75 0.4882
11276 11 68 0.3701
11288 11 65 0.4488
11288 11 74 0.4488
11312 11 69 0.3858
11312 11 63 0.3858
11312 11 72 0.4016
11347 11 67 0.2441
11359 11 64 0.2992
11359 11 70 0.2992
11383 11 66 0.3465
11383 11 69 0.3465
11418 11 64 0.1732
11430 11 61 0.2913
11430 11 67 0.2913
11454 11 62 0.2835
11454 11 66 0.2835
11490 11 62 0.2126
11501 11 60 0.315
11501 11 66 0.315
11525 11 58 0.3543
11525 11 67 0.3543
11561 11 66 0.2126
11573 11 62 0.3307
11573 11 69 0.3307
11596 11 67 0.3543
11596 11 70 0.3543
11632 11 69 0.2047
11644 11 67 0.3543
11644 11 72 0.3543
11667 11 70 0.3543
11667 11 74 0.3543
11703 11 75 0.2047
11715 23 72 0.2756
11715 23 79 0.3307
11739 23 70 0.2756
11739 23 74 0.3307
11774 11 67 0.2205
11786 11 62 0.3543
11786 11 70 0.3543
11810 11 69 0.3701
11845 11 69 0.2835
11857 11 63 0.3543
11857 11 72 0.3543
11881 11 70 0.3622
11916 11 66 0.2283
11928 11 60 0.2835
11928 11 69 0.2835
11952 11 58 0.3307
11952 11 67 0.3307
11988 11 60 0.1732
11999 11 57 0.2835
11999 11 63 0.2835
12023 11 58 0.2835
12023 11 62 0.2835
12059 11 62 0.2126
12071 11 60 0.315
12071 11 66 0.315
12094 11 58 0.3543
12094 11 67 0.3543
12130 11 66 0.2126
12142 11 62 0.3307
12142 11 69 0.3307
12166 11 67 0.3543
12166 11 70 0.3543
12201 11 69 0.2047
12213 11 67 0.3543
12213 11 72 0.3543
12237 11 70 0.3543
12237 11 74 0.3543
12272 11 75 0.2047
12284 23 72 0.2756
12284 23 79 0.3307
12308 23 70 0.2756
12308 23 74 0.3307
12343 11 67 0.2205
12355 11 62 0.3543
12355 11 70 0.3543
12379 11 69 0.3701
12415 11 69 0.2835
12426 11 63 0.3543
12426 11 72 0.3543
12450 11 70 0.3622
12486 11 66 0.2283
12498 11 60 0.2835
12498 11 69 0.2835
12521 11 58 0.3307
12521 11 67 0.3307
12557 11 58 0.2756
12569 23 62 0.3228
12592 11 55 0.3071
12628 11 45 0.6378
12640 23 45 0.5984
12664 106 45 0.6142
12699 11 53 0.5512
12699 11 50 0.4646
12711 23 50 0.4803
12711 23 53 0.5669
12735 35 50 0.5118
12735 35 53 0.6063
12770 11 57 0.5827
12782 23 57 0.5591
12806 94 57 0.5984
12841 11 69 0.5039
12841 11 65 0.4252
12853 23 65 0.4252
12853 23 69 0.5039
12877 23 65 0.4646
12877 23 69 0.5512
12913 11 45 0.5984
12924 23 45 0.5984
12948 106 45 0.6142
12984 11 55 0.5512
12984 11 52 0.4646
12996 23 52 0.4803
12996 23 55 0.5669
13019 35 52 0.5118
13019 35 55 0.6063
13055 11 57 0.5984
13067 23 57 0.5984
13090 94 57 0.622
13126 11 69 0.5039
13126 11 67 0.4252
13138 23 67 0.4252
13138 23 69 0.5039
13162 23 67 0.4646
13162 23 69 0.5512
13197 11 45 0.5906
13209 23 45 0.5984
13233 94 45 0.6142
13268 11 53 0.5512
13268 11 50 0.4646
13280 23 50 0.4803
13280 23 53 0.5669
13304 23 50 0.5118
13304 23 53 0.6063
13339 11 57 0.5827
13351 23 57 0.5906
13375 94 57 0.622
13411 11 69 0.5039
13411 11 65 0.4252
13422 23 65 0.4252
13422 23 69 0.5039
13446 23 65 0.4646
13446 23 69 0.5512
13482 11 53 0.5669
13494 23 53 0.5669
13517 94 53 0.6142
13553 11 62 0.5512
13553 11 59 0.4646
13565 23 59 0.4803
13565 23 62 0.5669
13588 23 59 0.5118
13588 23 62 0.6063
13624 5 60 0.5118
13624 5 67 0.6063
13636 11 60 0.5197
13636 11 67 0.6142
13660 23 67 0.6063
13660 23 60 0.5118
13695 11 72 0.6063
13695 11 60 0.5039
13707 23 60 0.5039
13707 23 72 0.6063
13731 23 60 0.5512
13731 23 72 0.6614
13766 11 48 0.5748
13778 23 48 0.5354
13802 71 48 0.6457
13837 35 57 0.5512
13837 35 53 0.4646
13873 71 50 0.6457
13909 35 57 0.5512
13909 35 53 0.4646
13944 71 48 0.6142
13980 35 60 0.5512
13980 35 57 0.4646
14051 11 60 0.6063
14063 23 72 0.5591
14086 71 48 0.6457
14122 35 55 0.5512
14122 35 52 0.4646
14158 71 50 0.6457
14193 35 55 0.5512
14193 35 52 0.4646
14229 71 48 0.6142
14264 35 60 0.5512
14264 35 55 0.4646
14335 11 60 0.6063
14347 23 72 0.5591
14371 71 48 0.6457
14407 35 57 0.5512
14407 35 53 0.4646
14442 71 50 0.6457
14478 35 53 0.4646
14478 35 57 0.5512
14513 71 51 0.6142
14549 35 60 0.5512
14549 35 54 0.4646
14620 11 60 0.6063
14632 23 72 0.5591
14656 71 53 0.6142
14691 11 62 0.5512
14691 11 59 0.4646
14762 11 65 0.6063
14774 23 79 0.5433
14774 23 74 0.4803
14798 71 52 0.6142
14833 11 60 0.5512
14833 11 55 0.4646
14869 23 72 0.6535
14905 11 48 0.5748
14916 23 48 0.5354
14940 71 48 0.6457
14976 35 57 0.5512
14976 35 53 0.4646
15011 71 50 0.6457
15047 35 57 0.5512
15047 35 53 0.4646
15082 71 48 0.6142
15118 35 60 0.5512
15118 35 57 0.4646
15189 11 60 0.6063
15201 23 72 0.5591
15225 71 48 0.6457
15260 35 55 0.5512
15260 35 52 0.4646
15296 71 50 0.6457
15332 35 55 0.5512
15332 35 52 0.4646
15367 71 48 0.6142
15403 35 60 0.5512
15403 35 55 0.4646
15474 11 60 0.6063
15486 23 72 0.5591
15509 71 48 0.6457
15545 35 57 0.5512
15545 35 53 0.4646
15581 71 50 0.6457
15616 35 53 0.4646
15616 35 57 0.5512
15652 71 51 0.6142
15687 35 60 0.5512
15687 35 54 0.4646
15758 11 60 0.6063
15770 23 72 0.5591
15795 71 53 0.6142
15830 11 62 0.5512
15830 11 59 0.4646
15901 11 65 0.6063
15913 23 79 0.5433
15913 23 74 0.4803
15936 71 52 0.6142
15972 11 60 0.5512
15972 11 55 0.4646
16007 23 72 0.6535
16043 11 48 0.6378
16055 23 48 0.5984
16079 106 48 0.6142
16114 11 57 0.5512
16114 11 54 0.4646
16126 23 54 0.4803
16126 23 57 0.5669
16150 35 54 0.5118
16150 35 57 0.6063
16185 11 60 0.5827
16197 23 60 0.5591
16221 94 60 0.5984
16256 11 69 0.5039
16256 11 66 0.4252
16268 23 66 0.4252
16268 23 69 0.5039
16292 23 66 0.4646
16292 23 69 0.5512
16328 11 50 0.5984
16339 23 50 0.5984
16363 106 50 0.6142
16399 11 58 0.5512
16399 11 55 0.4646
16411 23 55 0.4803
16411 23 58 0.5669
16434 35 55 0.5118
16434 35 58 0.6063
16470 11 62 0.5984
16482 23 62 0.5984
16505 94 62 0.622
16541 11 70 0.5039
16541 11 67 0.4252
16553 23 67 0.4252
16553 23 70 0.5039
16577 23 67 0.4646
16577 23 70 0.5512
16612 11 52 0.5906
16624 23 52 0.5984
16648 94 52 0.6142
16683 11 62 0.5512
16683 11 59 0.4646
16695 23 59 0.4803
16695 23 62 0.5669
16719 23 59 0.5118
16719 23 62 0.6063
16754 11 62 0.5827
16766 23 62 0.5906
16790 94 62 0.622
16826 11 71 0.5039
16826 11 68 0.4252
16837 23 68 0.4252
16837 23 71 0.5039
16861 23 68 0.4646
16861 23 71 0.5512
16897 11 52 0.5669
16909 23 52 0.5669
16932 94 52 0.6142
16968 11 60 0.5512
16968 11 57 0.4646
16980 23 57 0.4803
16980 23 60 0.5669
17003 23 57 0.5118
17003 23 60 0.6063
17039 11 60 0.6063
17051 23 60 0.6142
17075 94 60 0.6063
17110 11 72 0.5433
17110 11 69 0.4488
17122 23 69 0.4488
17122 23 72 0.5433
17146 23 69 0.4961
17146 23 72 0.5906
17181 11 57 0.4961
17193 23 57 0.5039
17217 71 57 0.5197
17252 5 65 0.4252
17252 5 62 0.3543
17264 11 62 0.3543
17264 11 65 0.4252
17288 11 62 0.4094
17288 11 65 0.4882
17324 5 57 0.4331
17335 11 57 0.4331
17359 71 57 0.4961
17395 5 65 0.4252
17395 5 62 0.2992
17407 11 62 0.2992
17407 11 65 0.4252
17430 11 62 0.3307
17430 11 65 0.4646
17466 5 65 0.4961
17478 11 65 0.5039
17501 71 65 0.5197
17537 5 74 0.4252
17537 5 71 0.3543
17549 11 71 0.3543
17549 11 74 0.4252
17573 11 71 0.4094
17573 11 74 0.4882
17608 5 65 0.4331
17620 11 65 0.4331
17644 71 65 0.4961
17679 5 74 0.4252
17679 5 71 0.2992
17691 11 71 0.2992
17691 11 74 0.4252
17715 11 71 0.3307
17715 11 74 0.4646
17750 5 56 0.4961
17762 11 56 0.5039
17786 71 56 0.5197
17822 5 64 0.4252
17822 5 62 0.3543
17833 11 62 0.3543
17833 11 64 0.4252
17857 11 62 0.4094
17857 11 64 0.4882
17893 5 56 0.4331
17905 11 56 0.4331
17928 71 56 0.4961
17964 5 64 0.4252
17964 5 62 0.2992
17976 11 62 0.2992
17976 11 64 0.4252
17999 11 62 0.3307
17999 11 64 0.4646
18035 5 62 0.4961
18047 11 62 0.5039
18071 71 62 0.5197
18106 5 71 0.4252
18106 5 68 0.3543
18118 11 68 0.3543
18118 11 71 0.4252
18142 11 68 0.4094
18142 11 71 0.4882
18177 5 62 0.4094
18189 11 62 0.4016
18213 71 62 0.4331
18249 5 71 0.3386
18249 5 68 0.2362
18260 11 68 0.2283
18260 11 71 0.3307
18284 11 68 0.2362
18284 11 71 0.3386
18320 11 52 0.5039
18332 23 52 0.4724
18355 106 52 0.4882
18391 11 60 0.4409
18391 11 57 0.3701
18403 23 57 0.378
18403 23 60 0.4488
18426 35 57 0.4094
18426 35 60 0.4803
18462 11 60 0.3858
18474 23 60 0.378
18498 94 60 0.4016
18533 11 72 0.4016
18533 11 69 0.3386
18545 23 69 0.3386
18545 23 72 0.4016
18569 23 69 0.3701
18569 23 72 0.4409
18604 11 52 0.5669
18616 23 52 0.5669
18640 106 52 0.5827
18675 11 62 0.5197
18675 11 59 0.4409
18687 23 59 0.4488
18687 23 62 0.5354
18711 35 59 0.4803
18711 35 62 0.5748
18747 11 62 0.4724
18758 23 62 0.4724
18782 94 62 0.4961
18818 11 74 0.4724
18818 11 71 0.4016
18830 23 71 0.4016
18830 23 74 0.4724
18853 23 71 0.4409
18853 23 74 0.5197
18889 11 52 0.5906
18901 23 52 0.5984
18924 94 52 0.6142
18960 11 60 0.5512
18960 11 57 0.4646
18972 23 57 0.4803
18972 23 60 0.5669
18996 23 57 0.5118
18996 23 60 0.6063
19031 11 64 0.5827
19043 23 64 0.5906
19067 94 64 0.622
19102 11 76 0.5039
19102 11 72 0.4252
19114 23 72 0.4252
19114 23 76 0.5039
19138 23 72 0.4646
19138 23 76 0.5512
19173 11 60 0.5669
19185 23 60 0.5669
19209 94 60 0.6142
19245 11 69 0.5512
19245 11 66 0.4646
19256 23 66 0.4803
19256 23 69 0.5669
19280 23 66 0.5118
19280 23 69 0.6063
19316 5 67 0.5118
19316 5 74 0.6063
19328 11 67 0.5197
19328 11 74 0.6142
19351 23 74 0.6063
19351 23 67 0.5118
19387 11 79 0.6063
19387 11 67 0.5039
19399 23 67 0.5039
19399 23 79 0.6063
19422 11 67 0.5512
19422 11 79 0.6614
19458 11 67 0.3543
19470 11 65 0.3543
19470 11 71 0.3543
19494 11 63 0.3937
19494 11 72 0.3937
19529 11 71 0.2441
19541 11 67 0.3701
19541 11 74 0.3701
19565 11 72 0.3937
19565 11 75 0.3937
19600 11 74 0.2283
19612 11 72 0.3937
19612 11 77 0.3937
19636 11 75 0.3937
19636 11 79 0.3937
19671 11 80 0.2283
19683 23 77 0.3071
19683 23 84 0.3701
19707 23 75 0.3071
19707 23 79 0.3701
19743 11 72 0.252
19754 11 67 0.3937
19754 11 75 0.3937
19778 11 74 0.4173
19814 11 74 0.315
19826 11 68 0.3937
19826 11 77 0.3937
19849 11 75 0.4094
19885 11 71 0.2598
19897 11 65 0.3228
19897 11 74 0.3228
19920 11 63 0.3701
19920 11 72 0.3701
19956 11 65 0.1969
19968 11 62 0.3228
19968 11 68 0.3228
19992 11 63 0.315
19992 11 67 0.315
20027 11 62 0.2362
20039 11 60 0.3543
20039 11 66 0.3543
20063 11 58 0.3937
20063 11 67 0.3937
20098 11 66 0.2441
20110 11 62 0.3701
20110 11 69 0.3701
20134 11 67 0.3937
20134 11 70 0.3937
20169 11 69 0.2283
20181 11 67 0.3937
20181 11 72 0.3937
20205 11 70 0.3937
20205 11 74 0.3937
20241 11 75 0.2283
20252 23 72 0.3071
20252 23 79 0.3701
20276 23 70 0.3071
20276 23 74 0.3701
20312 11 67 0.252
20324 11 62 0.3937
20324 11 70 0.3937
20347 11 69 0.4173
20383 11 69 0.315
20395 11 63 0.3937
20395 11 72 0.3937
20418 11 70 0.4094
20454 11 66 0.2598
20466 11 60 0.3228
20466 11 69 0.3228
20490 11 58 0.3701
20490 11 67 0.3701
20525 11 60 0.1969
20537 11 57 0.3228
20537 11 63 0.3228
20561 11 58 0.315
20561 11 62 0.315
20596 11 62 0.2362
20608 11 60 0.3543
20608 11 66 0.3543
20632 11 58 0.3937
20632 11 67 0.3937
20667 11 66 0.2441
20679 11 62 0.3701
20679 11 69 0.3701
20703 11 67 0.3937
20703 11 70 0.3937
20739 11 69 0.2283
20750 11 67 0.3937
20750 11 72 0.3937
20774 11 70 0.3937
20774 11 74 0.3937
20810 11 75 0.2283
20822 23 72 0.3701
20822 23 79 0.4409
20845 23 70 0.3701
20845 23 74 0.4409
20881 11 67 0.252
20893 11 62 0.3937
20893 11 70 0.3937
20916 11 69 0.4173
20952 11 69 0.315
20964 11 63 0.3937
20964 11 72 0.3937
20988 11 70 0.4094
21023 11 66 0.2598
21035 11 60 0.3228
21035 11 69 0.3228
21059 11 58 0.3701
21059 11 67 0.3701
21094 11 58 0.3071
21106 23 62 0.3622
21130 11 55 0.3465
21165 11 58 0.2362
21177 11 55 0.3543
21177 11 62 0.3543
21201 11 54 0.3937
21201 11 62 0.3937
21237 11 58 0.2441
21248 11 55 0.3701
21248 11 64 0.3701
21272 11 57 0.3937
21272 11 66 0.3937
21308 11 62 0.2283
21320 11 58 0.3937
21320 11 67 0.3937
21343 11 60 0.3937
21343 11 69 0.3937
21379 11 65 0.2283
21391 11 62 0.4094
21391 11 71 0.4094
21415 11 63 0.4409
21415 11 72 0.4409
21450 11 68 0.252
21462 11 65 0.3937
21462 11 74 0.3937
21486 11 63 0.3937
21486 11 72 0.4173
21521 11 67 0.315
21533 11 62 0.3937
21533 11 71 0.3937
21557 11 63 0.3937
21557 11 72 0.4094
21592 11 68 0.2598
21604 11 65 0.3228
21604 11 74 0.3228
21628 11 63 0.3701
21628 11 72 0.3701
21664 11 67 0.1969
21675 11 62 0.3228
21675 11 71 0.3228
21699 11 63 0.315
21699 11 72 0.315
21735 11 62 0.2362
21747 11 58 0.3543
21747 11 65 0.3543
21770 11 57 0.3937
21770 11 65 0.3937
21806 11 63 0.2441
21818 11 58 0.3701
21818 11 67 0.3701
21841 11 60 0.3937
21841 11 69 0.3937
21877 11 65 0.2283
21889 11 62 0.3937
21889 11 70 0.3937
21913 11 63 0.3937
21913 11 72 0.3937
21948 11 68 0.2283
21960 11 65 0.4409
21960 11 74 0.4409
21984 11 67 0.4409
21984 11 75 0.4409
22019 11 71 0.252
22031 11 68 0.4409
22031 11 77 0.4409
22055 11 72 0.4803
22055 11 67 0.4803
22055 11 75 0.4803
22090 11 68 0.3701
22102 11 65 0.4488
22102 11 74 0.4488
22126 11 69 0.3937
22126 11 63 0.3937
22126 11 72 0.4094
22162 11 67 0.2598
22173 11 64 0.3228
22173 11 70 0.3228
22197 11 66 0.3622
22197 11 69 0.3622
22233 11 64 0.189
22245 11 61 0.3071
22245 11 67 0.3071
22268 11 62 0.2913
22268 11 66 0.2913
22304 11 62 0.2126
22316 11 60 0.315
22316 11 66 0.315
22339 11 58 0.3543
22339 11 67 0.3543
22375 11 66 0.2126
22387 11 62 0.3307
22387 11 69 0.3307
22411 11 67 0.3543
22411 11 70 0.3543
22446 11 69 0.2047
22458 11 67 0.3543
22458 11 72 0.3543
22482 11 70 0.3543
22482 11 74 0.3543
22517 11 75 0.2047
22529 23 72 0.2598
22529 23 79 0.315
22553 23 70 0.2598
22553 23 74 0.315
22588 11 67 0.2205
22600 11 62 0.3543
22600 11 70 0.3543
22624 11 69 0.3701
22660 11 69 0.2835
22671 11 63 0.3543
22671 11 72 0.3543
22695 11 70 0.3622
22731 11 66 0.2283
22743 11 60 0.2835
22743 11 69 0.2835
22766 11 58 0.3307
22766 11 67 0.3307
22802 11 60 0.1732
22814 11 57 0.2835
22814 11 63 0.2835
22837 11 58 0.2835
22837 11 62 0.2835
22873 11 62 0.2126
22885 11 60 0.315
22885 11 66 0.315
22909 11 58 0.3543
22909 11 67 0.3543
22944 11 66 0.2126
22956 11 62 0.3307
22956 11 69 0.3307
22980 11 67 0.3543
22980 11 70 0.3543
23015 11 69 0.2047
23027 11 67 0.3543
23027 11 72 0.3543
23051 11 70 0.3543
23051 11 74 0.3543
23086 11 75 0.1969
23098 23 72 0.2441
23098 23 79 0.3071
23122 23 70 0.2362
23122 23 74 0.2992
23158 11 67 0.2126
23169 11 62 0.3386
23169 11 70 0.3386
23193 11 69 0.3543
23229 11 69 0.2598
23241 11 63 0.3307
23241 11 72 0.3307
23264 11 62 0.315
23264 11 70 0.3386
23300 11 66 0.2126
23312 11 60 0.2598
23312 11 69 0.2598
23335 11 58 0.2677
23335 11 67 0.315
23371 11 60 0.2126
23383 11 57 0.2598
23383 11 63 0.3071
23407 11 58 0.252
23407 11 62 0.2992
23442 11 57 0.2126
23454 11 54 0.2126
23454 11 60 0.2598
142 260 31 0.3228
142 355 43 0.3228
403 23 31 0.2598
426 47 36 0.3307
474 23 33 0.2835
498 498 38 0.3386
545 23 26 0.2756
569 260 31 0.3386
830 142 31 0.2598
972 23 31 0.2598
996 47 36 0.3307
1043 23 33 0.2835
1067 166 38 0.3386
1114 23 26 0.2756
1138 94 31 0.3386
1280 260 38 0.3228
1280 260 50 0.3228
1541 355 31 0.2598
1541 355 43 0.2598
1897 142 38 0.3228
1897 142 50 0.3701
2039 166 34 0.2598
2039 166 46 0.2992
2205 47 36 0.2126
2205 47 48 0.2126
2252 23 37 0.1969
2252 23 49 0.1969
2276 118 38 0.2126
2276 118 50 0.2598
2395 11 38 0.2126
2395 11 50 0.2126
2418 11 31 0.252
2418 11 43 0.3228
2466 11 31 0.2126
2466 11 43 0.2756
2490 11 31 0.252
2490 11 43 0.3228
2537 142 31 0.252
2537 237 43 0.3228
2679 23 31 0.2598
2703 47 36 0.3307
2750 23 33 0.2835
2774 498 38 0.3386
2822 23 26 0.2756
2845 189 31 0.3386
3035 71 31 0.2598
3106 142 31 0.2598
3249 23 31 0.2598
3272 47 36 0.3307
3320 23 33 0.2835
3343 166 38 0.3386
3391 23 26 0.2756
3415 94 31 0.3386
3557 260 38 0.3228
3557 260 50 0.3228
3818 355 31 0.2598
3818 355 43 0.2598
4173 142 38 0.3228
4173 142 50 0.3858
4316 166 34 0.2598
4316 166 46 0.3307
4482 47 36 0.2126
4482 47 48 0.2126
4529 23 37 0.1969
4529 23 49 0.1969
4553 118 38 0.2126
4553 118 50 0.2598
4671 11 38 0.2126
4671 11 50 0.2126
4695 11 31 0.252
4695 11 43 0.3228
4743 8 31 0.2126
4743 8 43 0.2756
4766 8 31 0.252
4766 8 43 0.3228
4814 142 31 0.252
4814 237 43 0.3228
4956 23 31 0.2598
4980 47 36 0.3307
5027 23 33 0.2835
5051 498 38 0.3386
5098 23 26 0.2756
5122 189 31 0.3386
5312 71 31 0.3307
5383 142 31 0.3307
5525 23 31 0.2598
5549 47 36 0.3307
5596 23 33 0.2835
5620 166 38 0.3386
5667 23 26 0.2756
5691 94 31 0.3386
5828 71 34 0.3386
5833 65 46 0.4016
5899 35 36 0.3858
5905 29 48 0.4567
5934 35 38 0.4016
5940 29 50 0.4882
5970 71 39 0.4252
5976 65 51 0.5039
6041 106 46 0.378
6047 71 58 0.4488
6148 35 43 0.3858
6154 29 55 0.4567
6183 35 39 0.4016
6189 29 51 0.4882
6219 35 36 0.3701
6225 29 48 0.4409
6254 71 41 0.3307
6260 65 53 0.4016
6326 71 29 0.2598
6332 65 41 0.4094
6397 71 34 0.3386
6403 65 46 0.4016
6468 35 36 0.3858
6474 29 48 0.4567
6503 35 38 0.4016
6509 29 50 0.4882
6539 71 39 0.4252
6545 65 51 0.5039
6610 106 46 0.378
6616 71 58 0.4488
6717 35 43 0.3858
6723 29 55 0.4567
6752 35 39 0.4016
6758 29 51 0.4882
6788 35 36 0.3701
6794 29 48 0.4409
6824 71 41 0.3307
6830 65 53 0.4016
6895 71 29 0.2598
6901 65 41 0.4094
6966 71 38 0.3386
6972 65 50 0.4016
7037 35 39 0.3858
7043 29 51 0.4567
7073 35 41 0.4016
7079 29 53 0.4882
7108 71 43 0.4252
7114 65 55 0.5039
7179 106 50 0.378
7185 71 62 0.4488
7286 35 47 0.3858
7292 29 59 0.4567
7322 35 43 0.4016
7328 29 55 0.4882
7357 35 41 0.3701
7363 29 53 0.4409
7393 71 39 0.3307
7399 65 51 0.4016
7464 71 36 0.2598
7470 65 48 0.4094
7535 71 39 0.3386
7541 65 51 0.4016
7606 35 41 0.3858
7612 29 53 0.4567
7642 35 43 0.4016
7648 29 55 0.4882
7677 71 45 0.4252
7683 65 57 0.5039
7749 106 52 0.378
7754 71 64 0.4488
7855 35 49 0.3858
7861 29 61 0.4567
7891 35 45 0.4016
7897 29 57 0.4882
7926 35 43 0.3701
7932 29 55 0.4409
7962 71 42 0.3307
7968 65 54 0.4016
8033 71 38 0.2598
8039 65 50 0.4094
8104 71 34 0.3386
8110 65 46 0.4016
8175 35 36 0.3858
8181 29 48 0.4567
8211 35 38 0.4016
8217 29 50 0.4882
8247 71 39 0.4252
8252 65 51 0.5039
8318 106 46 0.378
8324 71 58 0.4882
8460 35 48 0.3858
8466 29 60 0.4961
8537 136 50 0.4252
8537 136 62 0.5039
8673 71 38 0.3386
8679 65 50 0.4016
8745 35 39 0.3858
8750 29 51 0.4567
8780 35 41 0.4016
8786 29 53 0.4882
8816 71 43 0.4252
8822 65 55 0.5039
8887 142 50 0.378
8893 71 62 0.4882
9029 77 52 0.3858
9035 72 64 0.4961
9106 106 54 0.4252
9106 106 66 0.5039
9213 177 55 0.4252
9249 260 48 0.3701
9249 355 60 0.3701
9509 23 48 0.2913
9533 47 53 0.378
9581 23 50 0.3228
9604 213 55 0.3858
9652 426 43 0.315
9675 118 48 0.3858
9794 308 50 0.3937
9818 355 55 0.3858
10079 23 43 0.2913
10102 47 48 0.378
10150 23 45 0.3228
10173 332 50 0.3858
10221 284 38 0.315
10505 426 31 0.2913
10505 426 43 0.2913
10932 142 41 0.3701
10932 142 53 0.4252
11075 237 34 0.2913
11075 237 46 0.3937
11312 47 36 0.2283
11312 47 48 0.2283
11359 23 37 0.2126
11359 23 49 0.2126
11383 260 38 0.2205
11383 260 50 0.2677
11644 142 31 0.252
11644 237 43 0.3228
11786 23 31 0.2598
11810 47 36 0.3307
11857 23 33 0.2835
11881 498 38 0.3386
11928 237 26 0.2756
12166 189 31 0.378
12355 23 31 0.2598
12379 47 36 0.3307
12426 23 33 0.2835
12450 166 38 0.3386
12498 23 26 0.2756
12521 94 31 0.3386
12664 47 26 0.5512
12699 11 58 0.4331
12711 23 58 0.4803
12735 35 58 0.5197
12841 11 45 0.4016
12841 11 50 0.4803
12853 23 45 0.3858
12853 23 50 0.4567
12877 23 45 0.4173
12877 23 50 0.4961
12948 47 37 0.5512
12948 47 25 0.5512
12984 11 58 0.4331
12996 23 58 0.4803
13019 35 58 0.5197
13126 11 45 0.4016
13126 11 52 0.4803
13138 23 45 0.3858
13138 23 52 0.4567
13162 23 45 0.4173
13162 23 52 0.4961
13233 47 38 0.5512
13233 47 26 0.5512
13268 11 64 0.4331
13280 23 64 0.4803
13304 23 64 0.5197
13339 11 62 0.4803
13351 23 62 0.4567
13375 94 62 0.4882
13411 11 50 0.4016
13411 11 53 0.4803
13422 23 50 0.3858
13422 23 53 0.4567
13446 23 50 0.4173
13446 23 53 0.4961
13517 47 43 0.5512
13517 47 31 0.5512
13553 11 67 0.4331
13565 23 67 0.4803
13588 23 67 0.5197
13624 5 48 0.4409
13624 5 52 0.5276
13636 11 48 0.4173
13636 11 52 0.4961
13660 23 48 0.4488
13660 23 52 0.5354
13695 11 36 0.4803
13695 11 48 0.5748
13707 23 36 0.4567
13707 23 48 0.5433
13731 23 36 0.4961
13731 23 48 0.5906
13802 47 29 0.4882
13802 47 41 0.5748
13849 71 60 0.6535
13920 23 62 0.6457
13944 142 30 0.4882
13944 142 42 0.5748
13992 23 51 0.6063
14015 71 63 0.622
14086 47 31 0.4882
14087 47 43 0.5748
14134 71 60 0.6535
14205 23 62 0.6457
14229 142 34 0.4882
14229 142 46 0.5748
14276 23 52 0.6063
14300 71 64 0.622
14371 47 45 0.5748
14371 47 33 0.4882
14418 71 60 0.6535
14490 23 62 0.6457
14513 142 32 0.4882
14513 142 44 0.5748
14561 23 51 0.6063
14584 71 63 0.622
14656 142 31 0.4882
14656 142 43 0.5748
14703 23 55 0.6063
14727 71 67 0.622
14798 47 36 0.4882
14798 47 48 0.5748
14845 23 64 0.6063
14940 47 29 0.4882
14940 47 41 0.5748
14988 71 60 0.6535
15059 23 62 0.6457
15082 142 30 0.4882
15082 142 42 0.5748
15130 23 51 0.6063
15154 71 63 0.622
15225 47 31 0.4882
15225 47 43 0.5748
15272 71 60 0.6535
15343 23 62 0.6457
15367 142 34 0.4882
15367 142 46 0.5748
15415 23 52 0.6063
15438 71 64 0.622
15509 47 45 0.5748
15509 47 33 0.4882
15557 71 60 0.6535
15628 23 62 0.6457
15652 142 32 0.4882
15652 142 44 0.5748
15699 23 51 0.6063
15723 71 63 0.622
15794 142 31 0.4882
15794 142 43 0.5748
15841 23 55 0.6063
15865 71 67 0.622
15936 47 36 0.4882
15936 47 48 0.5748
15984 23 64 0.6063
16079 23 36 0.5512
16079 23 24 0.4961
16114 11 63 0.4331
16126 23 63 0.4803
16150 35 63 0.5197
16185 11 62 0.4646
16197 23 62 0.4409
16221 94 62 0.5276
16256 11 50 0.4016
16256 11 54 0.4803
16268 23 50 0.3858
16268 23 54 0.4567
16292 23 50 0.4173
16292 23 54 0.4961
16363 23 43 0.5512
16363 23 31 0.5512
16399 11 63 0.4331
16411 23 63 0.4803
16434 35 63 0.5197
16541 11 50 0.4016
16541 11 55 0.4803
16553 23 50 0.3858
16553 23 55 0.4567
16577 23 50 0.4173
16577 23 55 0.4961
16648 23 50 0.5512
16648 23 38 0.5512
16683 11 65 0.4331
16695 23 65 0.4803
16719 35 65 0.5197
16754 11 64 0.4803
16766 23 64 0.4567
16790 94 64 0.4882
16826 11 52 0.4016
16826 11 56 0.4803
16837 23 52 0.3858
16837 23 56 0.4567
16861 23 52 0.4173
16861 23 56 0.4961
16932 23 48 0.5512
16932 23 36 0.5512
16968 11 65 0.4331
16980 23 65 0.4803
17003 35 65 0.5197
17039 11 64 0.5276
17051 23 64 0.4961
17075 94 64 0.4882
17110 11 52 0.4252
17111 11 57 0.5118
17122 23 52 0.4094
17122 23 57 0.4882
17146 23 57 0.5276
17146 23 52 0.4409
17217 23 50 0.5512
17217 23 38 0.5512
17252 5 71 0.5197
17264 11 71 0.5276
17288 17 71 0.5984
17324 5 77 0.5512
17335 11 77 0.5512
17359 71 77 0.6142
17395 5 71 0.5512
17407 11 71 0.5827
17430 11 71 0.5906
17501 23 47 0.5512
17501 23 35 0.5512
17537 5 59 0.5197
17549 11 59 0.5276
17573 17 59 0.5984
17608 5 69 0.5512
17620 11 69 0.5512
17644 71 69 0.6142
17679 5 59 0.5512
17691 11 59 0.5827
17715 11 59 0.5906
17786 23 52 0.5512
17786 23 40 0.5512
17822 5 71 0.5197
17833 11 71 0.5276
17857 17 71 0.5984
17893 5 76 0.5512
17905 11 76 0.5512
17928 71 76 0.6142
17964 5 71 0.5512
17976 11 71 0.5827
17999 11 71 0.5906
18071 23 40 0.5512
18071 23 28 0.5512
18106 5 52 0.5197
18118 11 52 0.5276
18142 17 52 0.5984
18177 5 64 0.5197
18189 11 64 0.5118
18213 71 64 0.5354
18249 5 52 0.4409
18260 11 52 0.4488
18284 11 52 0.4252
18355 23 45 0.4409
18355 23 33 0.4409
18391 11 65 0.3465
18403 23 65 0.378
18426 35 65 0.4094
18462 11 64 0.4646
18474 23 64 0.4409
18498 94 64 0.4724
18533 11 52 0.315
18533 11 57 0.378
18545 23 52 0.3071
18545 23 57 0.3622
18569 23 52 0.3307
18569 23 57 0.3937
18640 47 44 0.5197
18640 47 32 0.5197
18675 11 65 0.4094
18687 23 65 0.4488
18711 35 65 0.4882
18747 11 64 0.5669
18758 23 64 0.5669
18782 71 64 0.5906
18818 11 52 0.378
18818 11 56 0.4488
18830 23 52 0.3622
18830 23 56 0.4331
18853 23 52 0.3937
18853 23 56 0.4646
18924 47 45 0.5512
18924 47 33 0.5512
18960 11 71 0.4331
18972 23 71 0.4803
18996 35 71 0.5197
19031 11 69 0.4803
19043 23 69 0.4567
19067 94 69 0.4882
19102 11 57 0.4016
19102 11 60 0.4803
19114 23 57 0.3858
19114 23 60 0.4567
19138 23 57 0.4173
19138 23 60 0.4961
19209 47 50 0.5512
19209 47 38 0.5512
19245 11 74 0.4331
19256 23 74 0.4803
19280 23 74 0.5197
19316 5 55 0.4409
19316 5 59 0.5276
19328 11 55 0.4173
19328 11 59 0.4961
19351 23 55 0.4488
19351 23 59 0.5354
19387 11 43 0.4803
19387 11 55 0.5748
19399 23 43 0.4567
19399 23 55 0.5433
19422 403 43 0.4961
19422 403 55 0.5906
19826 71 41 0.3228
19826 71 53 0.3543
19897 142 55 0.4016
19897 426 43 0.3071
20039 166 50 0.378
20063 355 55 0.3622
20324 23 43 0.2913
20347 47 48 0.3701
20395 23 45 0.3228
20418 260 50 0.378
20466 213 38 0.3071
20679 213 43 0.2913
20679 213 31 0.2913
20893 23 31 0.2913
20916 47 36 0.3701
20964 23 33 0.3228
20988 118 38 0.378
21035 71 26 0.3071
21201 189 38 0.3622
21201 189 50 0.3622
21391 355 31 0.3386
21391 355 43 0.378
21747 142 41 0.3622
21747 142 53 0.4252
21889 237 34 0.2913
21889 237 46 0.3543
22126 47 36 0.2441
22126 47 48 0.2441
22173 23 37 0.2205
22173 23 49 0.2205
22197 189 38 0.2362
22197 189 50 0.2835
22387 213 31 0.3071
22387 308 43 0.4016
22600 23 31 0.2598
22624 47 36 0.3307
22671 23 33 0.2835
22695 498 38 0.3386
22743 237 26 0.2756
22980 189 31 0.3543
23169 23 31 0.2441
23193 71 36 0.3071
23241 23 33 0.2677
23264 71 38 0.3071
23312 23 26 0.2441
23335 47 31 0.3071
23478 11 55 0.2677
23478 11 58 0.315
23513 11 54 0.2126
23525 11 50 0.2598
23525 11 57 0.3071
23549 11 51 0.252
23549 11 55 0.2992
23584 11 48 0.2126
23596 11 45 0.2126
23596 11 51 0.2598
23620 11 46 0.2677
23620 11 50 0.315
23656 11 45 0.2126
23667 11 42 0.252
23667 11 48 0.2992
23691 11 43 0.2441
23691 11 46 0.2913
23727 11 42 0.2047
23739 11 38 0.2047
23739 11 45 0.2441
23762 11 39 0.252
23762 11 43 0.2913
23798 11 36 0.2047
23810 11 33 0.2362
23810 11 39 0.2835
23833 11 34 0.2283
23833 11 38 0.2756
23869 11 33 0.189
23881 11 30 0.1969
23881 11 36 0.2283
23905 11 31 0.2283
23905 11 34 0.2283
23976 11 26 0.1969
24047 11 31 0.2047
