0 22 78 0.622
0 22 74 0.622
0 45 81 0.6929
0 45 54 0.5039
0 22 57 0.5827
0 45 50 0.5039
22 22 69 0.5827
22 22 62 0.4724
45 45 76 0.6614
45 22 70 0.5906
45 22 74 0.5906
45 45 55 0.4882
45 22 58 0.5591
45 45 50 0.4882
68 22 64 0.5433
68 22 62 0.4331
91 45 81 0.6929
91 22 74 0.622
91 22 78 0.622
91 45 54 0.5039
91 45 50 0.5039
91 22 57 0.5827
114 22 69 0.5906
114 22 62 0.4803
137 45 76 0.6614
137 22 70 0.5906
137 22 74 0.5906
137 22 58 0.5591
137 45 50 0.4882
137 45 55 0.4882
160 22 64 0.5512
160 22 62 0.4173
183 5 74 0.5669
183 91 62 0.4961
183 91 69 0.5512
183 91 66 0.5512
183 91 60 0.4961
194 5 76 0.5276
206 5 74 0.5591
217 5 76 0.5276
229 11 78 0.5669
251 11 78 0.5354
274 22 76 0.5748
274 45 67 0.5197
274 45 74 0.5197
274 5 58 0.5512
286 5 57 0.5197
297 22 79 0.5433
297 5 55 0.5512
309 5 54 0.5276
320 22 73 0.5039
320 45 76 0.5669
320 22 52 0.5669
343 22 69 0.5354
343 22 57 0.5197
366 45 81 0.6929
366 22 74 0.622
366 22 78 0.622
366 22 57 0.5827
366 45 54 0.5039
366 45 50 0.5039
389 22 69 0.5906
389 22 62 0.4882
412 45 76 0.6614
412 22 70 0.5906
412 22 74 0.5906
412 45 55 0.4882
412 45 50 0.4882
412 22 58 0.5591
435 22 64 0.5748
435 22 62 0.4646
458 45 81 0.6929
458 22 74 0.622
458 22 78 0.622
458 22 57 0.5827
458 45 54 0.5039
458 45 50 0.5039
480 22 69 0.5906
480 22 62 0.4882
503 45 76 0.6614
503 22 70 0.5906
503 22 74 0.5906
503 45 55 0.4882
503 45 50 0.4882
503 22 58 0.5591
526 22 64 0.5669
526 22 62 0.4331
549 5 74 0.6063
549 91 62 0.4961
549 91 60 0.4961
549 91 66 0.5512
549 91 69 0.5512
561 5 76 0.5748
572 5 74 0.6142
583 5 76 0.5748
595 11 78 0.6299
618 11 78 0.5669
641 5 74 0.6299
641 5 76 0.6299
641 5 58 0.4724
641 5 62 0.4724
652 5 78 0.6378
664 5 79 0.6535
664 5 58 0.5197
675 5 81 0.6693
675 5 57 0.5354
687 22 82 0.6772
687 22 55 0.5591
732 45 51 0.3228
732 45 43 0.3228
744 11 61 0.3307
744 11 63 0.3307
755 22 58 0.2913
767 11 61 0.3307
767 11 63 0.3307
778 45 60 0.3701
778 45 56 0.3386
801 22 72 0.3307
801 22 63 0.3307
801 22 51 0.2913
801 22 44 0.2913
824 45 53 0.3465
824 45 45 0.3465
835 11 63 0.3622
835 11 65 0.3622
847 22 60 0.315
858 11 63 0.3622
858 11 65 0.3622
870 45 62 0.4094
870 45 58 0.378
893 22 74 0.3701
893 22 65 0.3228
893 22 46 0.315
893 22 53 0.315
916 45 62 0.3858
916 22 47 0.3543
916 45 55 0.3543
938 22 67 0.2992
938 22 74 0.3228
938 22 65 0.2992
938 22 59 0.2992
961 45 63 0.3937
961 45 55 0.3701
961 22 48 0.3701
984 22 75 0.3386
984 22 67 0.2992
984 22 60 0.3071
1007 45 65 0.4252
1007 45 55 0.3858
1007 22 50 0.3858
1030 22 71 0.2992
1030 22 79 0.3386
1030 22 62 0.3228
1053 45 63 0.4173
1053 45 55 0.3701
1053 22 48 0.3701
1076 22 75 0.3543
1076 22 67 0.315
1076 22 60 0.315
1099 45 47 0.3622
1099 45 55 0.3622
1110 11 65 0.3701
1110 11 67 0.3701
1122 22 62 0.3307
1133 11 65 0.378
1133 11 67 0.378
1145 45 64 0.4173
1145 45 60 0.4016
1167 22 76 0.378
1167 22 67 0.3386
1167 22 55 0.3307
1167 22 48 0.3307
1190 45 49 0.4094
1190 45 57 0.4094
1202 11 67 0.4173
1202 11 69 0.4173
1213 22 64 0.3622
1225 11 67 0.4173
1225 11 69 0.4173
1236 45 65 0.4567
1236 45 62 0.4252
1259 22 77 0.4173
1259 22 69 0.3701
1259 22 50 0.3701
1259 22 57 0.3701
1282 45 64 0.4567
1282 45 57 0.4252
1282 22 49 0.4252
1305 22 67 0.3465
1305 22 76 0.3858
1305 22 69 0.3465
1305 22 61 0.3622
1328 45 65 0.4646
1328 45 57 0.4409
1328 22 50 0.4409
1351 22 77 0.4094
1351 22 69 0.3622
1351 22 62 0.3701
1374 45 67 0.5118
1374 45 57 0.4488
1374 22 52 0.4488
1396 22 73 0.3622
1396 22 81 0.4173
1396 22 64 0.3858
1419 45 65 0.4882
1419 22 50 0.4409
1419 45 57 0.4409
1442 22 77 0.4331
1442 22 69 0.378
1442 22 62 0.378
1465 45 64 0.5197
1465 22 49 0.4567
1465 45 57 0.4567
1488 22 69 0.3937
1488 22 76 0.4488
1488 22 67 0.3937
1488 22 61 0.3858
1511 45 65 0.5197
1511 45 57 0.4803
1511 22 50 0.4803
1534 22 77 0.4488
1534 22 69 0.3937
1534 22 62 0.4094
1557 45 69 0.5512
1557 45 59 0.4961
1557 22 51 0.4961
1580 22 78 0.3937
1580 22 83 0.4488
1580 22 63 0.4173
1603 45 67 0.5276
1603 45 59 0.4724
1603 22 52 0.4724
1625 22 79 0.4646
1625 22 71 0.4173
1625 22 64 0.4094
1648 45 66 0.5591
1648 45 59 0.5039
1648 22 51 0.5039
1671 22 71 0.4488
1671 22 78 0.5039
1671 22 69 0.4488
1671 22 63 0.4252
1694 45 67 0.5827
1694 45 59 0.5197
1694 22 52 0.5197
1717 22 79 0.5039
1717 22 71 0.4567
1717 22 64 0.4409
1740 45 71 0.5984
1740 45 61 0.5276
1740 22 53 0.5276
1763 22 80 0.4567
1763 22 85 0.5118
1763 22 65 0.4488
1786 45 69 0.5906
1786 45 61 0.5118
1786 22 54 0.5118
1809 22 81 0.5276
1809 22 73 0.4724
1809 22 66 0.4409
1832 45 72 0.6457
1832 45 62 0.5669
1832 22 54 0.5669
1854 22 81 0.4724
1854 22 86 0.5433
1854 22 66 0.4724
1877 45 71 0.6142
1877 45 62 0.5512
1877 22 55 0.5512
1900 22 83 0.5669
1900 22 74 0.5118
1900 22 67 0.4724
1923 45 72 0.6535
1923 22 54 0.5748
1923 45 62 0.5748
1946 22 81 0.4803
1946 22 86 0.5512
1946 22 66 0.4803
1969 45 71 0.622
1969 22 55 0.5591
1969 45 62 0.5591
1992 22 83 0.5512
1992 22 74 0.4803
1992 22 67 0.4724
2015 5 88 0.6772
2015 11 70 0.5433
2015 11 74 0.6063
2015 11 67 0.5433
2026 5 86 0.5827
2038 5 82 0.6299
2049 5 81 0.5669
2061 11 79 0.6063
2061 5 76 0.622
2072 5 74 0.5591
2083 5 70 0.5827
2095 5 69 0.5354
2106 5 64 0.5827
2106 11 67 0.6457
2118 5 62 0.4961
2129 5 58 0.5512
2141 5 57 0.5039
2152 11 55 0.5906
2152 5 52 0.5591
2164 5 50 0.4882
2175 5 46 0.5197
2187 5 45 0.4567
2198 11 43 0.5906
2221 11 43 0.5433
2244 68 62 0.5669
2244 68 64 0.5669
2244 11 44 0.5827
2255 11 45 0.4882
2267 11 46 0.5354
2278 11 44 0.4724
2290 22 45 0.5748
2312 17 61 0.6299
2312 17 64 0.6299
2312 17 69 0.6299
2312 17 45 0.5591
2312 17 55 0.5591
2335 22 62 0.6772
2335 22 69 0.6772
2335 22 74 0.6772
2335 22 54 0.6063
2335 22 50 0.6063
2381 5 78 0.6142
2393 5 76 0.5591
2404 5 74 0.5748
2416 5 73 0.5354
2427 22 71 0.5906
2427 22 66 0.4488
2427 22 59 0.3937
2427 22 62 0.3937
2450 22 73 0.5197
2473 45 61 0.6063
2473 5 54 0.5512
2484 5 52 0.4724
2496 22 70 0.5433
2496 22 66 0.5433
2496 5 50 0.4882
2507 5 49 0.4567
2519 45 62 0.6063
2519 11 47 0.5433
2541 22 71 0.5433
2541 22 66 0.5433
2564 45 61 0.5591
2564 45 59 0.4094
2564 22 55 0.3701
2576 11 73 0.4094
2587 11 67 0.4646
2587 22 47 0.3465
2599 11 71 0.4331
2610 45 62 0.5197
2610 45 59 0.4331
2610 22 54 0.378
2622 11 74 0.4646
2633 11 66 0.4882
2633 22 45 0.3543
2645 11 71 0.4646
2656 45 67 0.5748
2656 22 55 0.3858
2656 22 52 0.3858
2656 45 59 0.4409
2667 11 79 0.4724
2679 11 71 0.5197
2679 22 47 0.3622
2690 11 76 0.4646
2702 45 66 0.5512
2702 22 50 0.3228
2702 45 59 0.3701
2702 22 54 0.3228
2713 11 78 0.4173
2725 11 71 0.4567
2725 22 47 0.2835
2736 11 74 0.4094
2748 5 78 0.5748
2759 5 76 0.5276
2770 5 74 0.5512
2782 5 73 0.4961
2793 22 71 0.5906
2793 22 66 0.4488
2793 22 59 0.3937
2793 22 62 0.3937
2816 22 73 0.5197
2839 45 61 0.6063
2839 5 54 0.5039
2851 5 52 0.4567
2862 22 70 0.5433
2862 22 66 0.5433
2862 5 50 0.4882
2874 5 49 0.4567
2885 45 62 0.6063
2885 11 47 0.4961
2908 22 71 0.5433
2908 22 66 0.5433
2931 45 61 0.5591
2931 22 55 0.3701
2931 45 59 0.4094
2942 11 73 0.4094
2954 11 67 0.4646
2954 22 47 0.3465
2965 11 71 0.4331
2977 45 62 0.5197
2977 22 54 0.378
2977 45 59 0.4331
2988 11 74 0.4646
2999 11 66 0.4882
2999 22 45 0.3543
3011 11 71 0.4646
3022 45 67 0.5748
3022 22 55 0.3858
3022 22 52 0.3858
3022 45 59 0.4409
3034 11 79 0.4724
3045 11 71 0.5197
3045 22 47 0.3622
3057 11 76 0.4646
3068 45 66 0.5512
3068 22 50 0.3228
3068 45 59 0.3701
3068 22 54 0.3228
3080 11 78 0.4173
3091 11 71 0.4567
3091 22 47 0.2835
3103 11 74 0.4094
3114 5 47 0.4646
3125 5 49 0.4173
3137 45 59 0.378
3137 45 62 0.378
3137 5 50 0.4331
3148 5 52 0.3937
3160 5 53 0.4488
3183 45 59 0.4094
3183 45 62 0.4094
3183 22 54 0.4567
3206 22 57 0.4724
3229 45 59 0.4016
3229 45 62 0.4016
3229 22 56 0.4331
3251 22 55 0.4488
3274 5 59 0.3465
3274 5 62 0.3465
3274 5 54 0.4016
3297 5 71 0.5039
3297 45 53 0.4016
3309 5 70 0.4567
3320 5 69 0.4724
3320 45 62 0.3465
3320 45 59 0.3465
3332 5 68 0.4331
3343 5 67 0.4882
3343 45 52 0.4016
3366 22 68 0.4961
3366 45 59 0.3307
3366 45 62 0.3307
3389 22 73 0.5669
3389 45 50 0.4016
3412 22 71 0.4724
3412 22 59 0.3465
3412 22 64 0.3465
3412 22 56 0.3465
3435 22 63 0.4882
3435 45 49 0.4016
3458 5 64 0.4409
3458 5 57 0.3465
3458 5 52 0.3465
3458 5 61 0.3465
3480 5 49 0.4646
3492 5 50 0.4173
3503 45 61 0.378
3503 45 64 0.378
3503 5 52 0.4331
3515 5 54 0.3937
3526 5 55 0.4488
3549 45 61 0.4094
3549 45 64 0.4094
3549 22 56 0.4567
3572 22 59 0.4724
3595 45 61 0.4016
3595 45 64 0.4016
3595 22 58 0.4331
3618 22 57 0.4488
3641 11 61 0.3465
3641 11 64 0.3465
3641 11 56 0.4016
3664 5 73 0.5039
3664 45 55 0.4016
3675 5 72 0.4567
3687 5 71 0.4724
3687 45 61 0.3465
3687 45 64 0.3465
3698 5 70 0.4331
3709 5 69 0.4882
3709 45 54 0.4016
3732 22 70 0.4961
3732 45 64 0.3307
3732 45 61 0.3307
3755 22 74 0.5669
3755 45 52 0.4016
3778 22 73 0.4724
3778 22 61 0.3465
3778 22 66 0.3465
3778 22 58 0.3465
3801 22 65 0.4882
3801 45 50 0.4016
3824 5 66 0.4409
3824 5 59 0.3465
3824 5 54 0.3465
3824 5 62 0.3465
3847 5 71 0.6535
3847 5 47 0.5827
3858 5 73 0.5827
3858 5 49 0.5039
3870 5 74 0.6299
3870 5 50 0.5512
3881 5 76 0.5748
3881 5 52 0.4882
3893 5 78 0.6693
3893 5 54 0.5906
3916 17 74 0.5512
3916 17 71 0.5512
3916 17 67 0.5512
3916 17 79 0.6299
3916 17 47 0.4724
3916 17 50 0.4724
3916 17 55 0.5276
3916 17 43 0.4724
3938 45 65 0.6614
3938 45 41 0.5591
3961 22 77 0.6142
3961 22 53 0.5039
3984 45 66 0.6693
3984 45 42 0.5669
4007 22 78 0.6063
4007 22 54 0.4961
4030 5 71 0.6535
4030 5 47 0.5827
4041 5 73 0.6063
4041 5 49 0.4961
4053 5 74 0.6299
4053 5 50 0.5512
4064 5 76 0.5906
4064 5 52 0.5039
4076 5 78 0.6693
4076 5 54 0.5906
4099 17 67 0.5512
4099 17 71 0.5512
4099 17 74 0.5512
4099 17 79 0.6299
4099 17 47 0.4724
4099 17 43 0.4724
4099 17 55 0.5276
4099 17 50 0.4724
4122 45 65 0.6614
4122 45 41 0.5591
4145 22 77 0.6142
4145 22 53 0.5039
4167 45 66 0.6693
4167 45 42 0.5669
4190 22 78 0.6063
4190 22 54 0.4961
4213 5 74 0.6535
4213 5 50 0.5827
4225 5 76 0.5827
4225 5 52 0.4803
4236 5 78 0.6299
4236 5 54 0.5433
4248 5 79 0.5906
4248 5 55 0.4724
4259 5 81 0.6693
4259 5 57 0.5906
4282 17 70 0.5591
4282 17 82 0.6378
4282 17 77 0.5591
4282 17 74 0.5591
4282 17 46 0.4803
4282 17 53 0.4803
4282 17 50 0.4803
4282 17 58 0.5433
4305 45 68 0.6614
4305 45 44 0.5591
4328 22 80 0.6142
4328 22 56 0.5039
4351 45 69 0.6693
4351 45 45 0.5669
4374 22 81 0.6063
4374 22 57 0.4961
4396 5 74 0.6535
4396 5 50 0.5827
4408 5 76 0.5906
4408 5 52 0.5039
4419 5 78 0.6299
4419 5 54 0.5512
4431 5 79 0.5906
4431 5 55 0.5039
4442 5 81 0.6693
4442 5 57 0.5906
4465 17 77 0.5591
4465 17 82 0.6378
4465 17 70 0.5591
4465 17 74 0.5591
4465 17 50 0.4803
4465 17 53 0.4803
4465 17 58 0.5433
4465 17 46 0.4803
4488 45 68 0.6614
4488 45 44 0.5591
4511 22 80 0.6142
4511 22 56 0.5039
4534 45 69 0.6693
4534 45 45 0.5669
4557 22 81 0.6063
4557 22 57 0.4961
4580 45 68 0.6614
4580 45 44 0.5591
4603 22 80 0.6142
4603 22 56 0.5039
4625 45 69 0.6693
4625 45 45 0.5669
4648 22 81 0.6063
4648 22 57 0.4961
4671 45 70 0.6614
4671 45 46 0.5591
4694 22 82 0.6142
4694 22 58 0.5039
4717 45 64 0.6693
4717 45 40 0.5669
4740 22 76 0.6063
4740 22 52 0.4961
4763 45 67 0.6614
4763 45 43 0.5591
4786 22 79 0.6142
4786 22 55 0.5039
4809 45 58 0.6693
4809 45 34 0.5669
4832 22 70 0.6063
4832 22 46 0.4961
4854 45 62 0.6614
4854 45 38 0.5591
4877 22 74 0.6142
4877 22 50 0.5039
4900 45 57 0.6693
4900 45 33 0.5669
4923 22 69 0.6063
4923 22 45 0.4961
4946 13 44 0.5354
4958 13 45 0.4646
4969 13 48 0.4882
4980 11 49 0.4488
4992 13 51 0.5433
5003 13 52 0.4803
5015 13 56 0.5197
5026 11 57 0.4724
5038 13 56 0.5591
5049 13 57 0.4961
5061 13 60 0.5433
5072 11 61 0.4961
5083 13 63 0.5669
5095 13 64 0.5039
5106 13 68 0.5512
5118 11 69 0.5039
5129 13 68 0.5748
5141 13 69 0.4882
5152 13 72 0.5512
5164 11 73 0.4803
5175 13 75 0.5827
5187 13 76 0.5039
5198 13 80 0.5827
5209 11 81 0.5433
5221 13 80 0.5827
5232 13 81 0.5197
5244 13 84 0.5748
5255 11 85 0.5039
5267 13 87 0.6063
5278 13 88 0.5276
5290 13 92 0.5906
5301 11 93 0.5276
5313 45 81 0.6929
5313 22 74 0.622
5313 22 78 0.622
5313 45 54 0.5039
5313 22 57 0.5827
5313 45 50 0.5039
5335 22 69 0.5669
5335 22 62 0.4803
5358 22 74 0.5906
5358 22 70 0.5906
5358 45 76 0.6614
5358 22 58 0.5591
5358 45 50 0.4882
5358 45 55 0.4882
5381 22 64 0.5512
5381 22 62 0.4409
5404 22 78 0.622
5404 22 74 0.622
5404 45 81 0.6929
5404 22 57 0.5827
5404 45 50 0.5039
5404 45 54 0.5039
5427 22 69 0.5827
5427 22 62 0.4803
5450 22 74 0.5906
5450 22 70 0.5906
5450 45 76 0.6614
5450 22 58 0.5591
5450 45 50 0.4882
5450 45 55 0.4882
5473 22 64 0.5512
5473 22 62 0.4409
5496 5 74 0.5669
5496 91 62 0.4961
5496 91 69 0.5512
5496 91 66 0.5512
5496 91 60 0.4961
5507 5 76 0.5276
5519 5 74 0.5512
5530 5 76 0.5197
5541 11 78 0.5669
5564 11 78 0.5354
5587 45 74 0.5197
5587 45 67 0.5197
5587 22 76 0.5748
5587 5 58 0.5512
5599 5 57 0.4724
5610 22 79 0.5433
5610 5 55 0.5276
5622 5 54 0.4724
5633 22 73 0.5039
5633 45 76 0.5669
5633 22 52 0.5669
5656 22 69 0.5354
5656 22 57 0.5197
5679 45 81 0.6929
5679 22 74 0.622
5679 22 78 0.622
5679 22 57 0.5827
5679 45 54 0.5039
5679 45 50 0.5039
5702 22 69 0.5748
5702 22 62 0.4803
5725 45 76 0.6614
5725 22 70 0.5906
5725 22 74 0.5906
5725 45 55 0.4882
5725 45 50 0.4882
5725 22 58 0.5591
5748 22 64 0.5512
5748 22 62 0.4173
5770 45 81 0.6929
5770 22 74 0.622
5770 22 78 0.622
5770 22 57 0.5827
5770 45 54 0.5039
5770 45 50 0.5039
5793 22 69 0.5748
5793 22 62 0.4724
5816 45 76 0.6614
5816 22 70 0.5906
5816 22 74 0.5906
5816 45 55 0.4882
5816 45 50 0.4882
5816 22 58 0.5591
5839 22 64 0.5433
5839 22 62 0.4173
5862 5 74 0.6063
5862 91 62 0.4961
5862 91 60 0.4961
5862 91 66 0.5512
5862 91 69 0.5512
5874 5 76 0.5591
5885 5 74 0.6063
5896 5 76 0.5512
5908 11 78 0.6299
5931 11 78 0.5669
5954 5 74 0.6299
5954 5 76 0.6299
5954 5 58 0.4724
5954 5 62 0.4724
5965 5 78 0.6378
5977 5 79 0.6535
5977 5 58 0.5197
5988 5 81 0.6693
5988 5 57 0.5354
5999 22 82 0.6772
5999 22 55 0.5591
6045 45 43 0.3228
6045 45 51 0.3228
6057 11 61 0.3307
6057 11 63 0.3307
6068 22 58 0.2913
6080 11 61 0.3307
6080 11 63 0.3307
6091 45 60 0.3701
6091 45 56 0.3386
6114 22 72 0.3307
6114 22 63 0.3307
6114 22 51 0.2913
6114 22 44 0.2913
6137 45 45 0.3465
6137 45 53 0.3465
6148 11 63 0.3622
6148 11 65 0.3622
6160 22 60 0.315
6171 11 63 0.3622
6171 11 65 0.3622
6183 45 62 0.4094
6183 45 58 0.378
6206 22 74 0.3701
6206 22 65 0.3228
6206 22 46 0.315
6206 22 53 0.315
6229 45 62 0.3858
6229 45 55 0.3543
6229 45 47 0.3543
6251 22 65 0.2992
6251 22 74 0.3228
6251 22 67 0.2992
6251 22 59 0.2992
6274 45 63 0.3937
6274 45 55 0.3701
6274 45 48 0.3701
6297 22 75 0.3386
6297 22 67 0.2992
6297 22 60 0.3071
6320 45 65 0.4252
6320 45 55 0.3858
6320 45 50 0.3858
6343 22 71 0.2992
6343 22 79 0.3386
6343 22 62 0.3228
6366 45 63 0.4173
6366 45 48 0.3701
6366 45 55 0.3701
6389 22 75 0.3543
6389 22 67 0.315
6389 22 60 0.315
6412 45 47 0.3622
6412 45 55 0.3622
6423 11 65 0.3701
6423 11 67 0.3701
6435 22 62 0.3307
6446 11 65 0.378
6446 11 67 0.378
6458 45 64 0.4173
6458 45 60 0.4016
6480 22 76 0.378
6480 22 67 0.3386
6480 22 55 0.3307
6480 22 48 0.3307
6503 45 57 0.4094
6503 45 49 0.4094
6515 11 67 0.4173
6515 11 69 0.4173
6526 22 64 0.3622
6538 11 67 0.4173
6538 11 69 0.4173
6549 45 65 0.4567
6549 45 62 0.4252
6572 22 77 0.4173
6572 22 69 0.3701
6572 22 57 0.3701
6572 22 50 0.3701
6595 45 64 0.4567
6595 45 57 0.4252
6595 22 49 0.4252
6618 22 67 0.3465
6618 22 76 0.3858
6618 22 69 0.3465
6618 22 61 0.3622
6641 45 65 0.4646
6641 45 57 0.4409
6641 22 50 0.4409
6664 22 77 0.4094
6664 22 69 0.3622
6664 22 62 0.3701
6687 45 67 0.5118
6687 45 57 0.4488
6687 22 52 0.4488
6709 22 73 0.3622
6709 22 81 0.4173
6709 22 64 0.3858
6732 45 65 0.4882
6732 45 57 0.4409
6732 22 50 0.4409
6755 22 77 0.4331
6755 22 69 0.378
6755 22 62 0.378
6778 45 64 0.5197
6778 45 57 0.4567
6778 22 49 0.4567
6801 22 67 0.3937
6801 22 76 0.4488
6801 22 69 0.3937
6801 22 61 0.3858
6824 45 65 0.5197
6824 45 57 0.4803
6824 22 50 0.4803
6847 22 77 0.4488
6847 22 69 0.3937
6847 22 62 0.4094
6870 45 69 0.5512
6870 22 51 0.4961
6870 45 59 0.4961
6893 22 78 0.3937
6893 22 83 0.4488
6893 22 63 0.4173
6916 45 67 0.5276
6916 22 52 0.4724
6916 45 59 0.4724
6938 22 79 0.4646
6938 22 71 0.4173
6938 22 64 0.4094
6961 45 66 0.5591
6961 45 59 0.5039
6961 22 51 0.5039
6984 22 71 0.4488
6984 22 78 0.5039
6984 22 69 0.4488
6984 22 63 0.4252
7007 45 67 0.5827
7007 45 59 0.5197
7007 22 52 0.5197
7030 22 79 0.5039
7030 22 71 0.4567
7030 22 64 0.4409
7053 45 71 0.5984
7053 45 61 0.5276
7053 22 53 0.5276
7076 22 80 0.4567
7076 22 85 0.5118
7076 22 65 0.4488
7099 45 69 0.5906
7099 22 54 0.5118
7099 45 61 0.5118
7122 22 81 0.5276
7122 22 73 0.4724
7122 22 66 0.4409
7145 45 72 0.6457
7145 22 54 0.5669
7145 45 62 0.5669
7167 22 81 0.4724
7167 22 86 0.5433
7167 22 66 0.4724
7190 45 71 0.6142
7190 22 55 0.5512
7190 45 62 0.5512
7213 22 83 0.5669
7213 22 74 0.5118
7213 22 67 0.4724
7236 45 72 0.6535
7236 22 54 0.5748
7236 45 62 0.5748
7259 22 81 0.4803
7259 22 86 0.5512
7259 22 66 0.4803
7282 45 71 0.622
7282 45 62 0.5591
7282 22 55 0.5591
7305 22 83 0.5512
7305 22 74 0.4803
7305 22 67 0.4724
7328 5 88 0.6772
7328 11 70 0.5433
7328 11 67 0.5433
7328 11 74 0.6063
7339 5 86 0.5827
7351 5 82 0.6142
7362 5 81 0.5906
7374 11 79 0.6063
7374 5 76 0.6299
7385 5 74 0.5591
7396 5 70 0.5906
7408 5 69 0.5276
7419 5 64 0.5827
7419 11 67 0.6457
7431 5 62 0.5039
7442 5 58 0.5591
7454 5 57 0.5039
7465 11 55 0.5906
7465 5 52 0.5591
7477 5 50 0.4882
7488 5 46 0.5354
7499 5 45 0.4803
7511 11 43 0.5906
7534 11 43 0.5433
7557 68 62 0.5669
7557 68 64 0.5669
7557 11 44 0.5827
7568 11 45 0.5197
7580 11 46 0.5748
7591 11 44 0.5039
7603 22 45 0.5748
7625 17 61 0.6299
7625 17 64 0.6299
7625 17 69 0.6299
7625 17 55 0.5591
7625 17 45 0.5591
7648 22 74 0.6772
7648 22 69 0.6772
7648 22 62 0.6772
7648 22 54 0.6063
7648 22 50 0.6063
7694 45 78 0.7165
7694 91 86 0.7165
7694 91 74 0.6378
7694 45 54 0.5748
7694 91 46 0.5039
7694 91 58 0.5748
7740 45 79 0.622
7740 45 55 0.4488
7786 45 76 0.7008
7786 91 84 0.7008
7786 91 72 0.622
7786 45 56 0.5433
7786 91 60 0.5433
7786 91 48 0.4882
7832 45 77 0.6378
7832 45 57 0.4646
7877 34 69 0.622
7877 34 81 0.7008
7877 45 77 0.7008
7877 45 49 0.4961
7877 45 61 0.5512
7877 45 57 0.5512
7912 11 70 0.5039
7912 11 82 0.5669
7923 22 67 0.5512
7923 22 77 0.622
7923 22 79 0.622
7923 22 50 0.4409
7923 22 58 0.4961
7923 22 62 0.4961
7969 45 58 0.5276
7969 45 64 0.5906
7969 45 69 0.5906
7969 45 48 0.4331
7969 45 55 0.4882
8015 22 57 0.4173
8015 22 65 0.4724
8015 22 41 0.3465
8015 22 48 0.3937
8061 22 29 0.2756
8061 22 41 0.3071
8083 22 57 0.3071
8083 22 60 0.3465
8106 91 58 0.3465
8106 22 65 0.3858
8106 91 41 0.2913
8106 91 48 0.2913
8106 91 55 0.3228
8129 22 64 0.315
8152 22 62 0.3228
8175 22 64 0.2992
8198 45 57 0.2598
8198 45 65 0.2913
8198 45 41 0.2047
8198 45 48 0.2047
8198 45 53 0.2283
8244 22 65 0.2992
8244 22 69 0.2992
8244 22 72 0.3307
8267 22 48 0.2913
8290 91 58 0.315
8290 91 61 0.3543
8290 22 53 0.315
8312 22 52 0.2756
8335 22 50 0.2992
8358 22 52 0.2756
8381 45 57 0.2205
8381 45 60 0.2441
8381 45 53 0.2835
8427 22 57 0.315
8450 22 62 0.3858
8450 22 50 0.3622
8473 22 73 0.4094
8473 22 69 0.4094
8473 22 41 0.315
8496 22 74 0.3858
8519 22 58 0.3701
8541 22 62 0.4567
8541 22 50 0.4016
8564 22 70 0.4803
8564 22 73 0.4803
8564 22 43 0.378
8587 22 74 0.4567
8610 22 59 0.4409
8633 22 64 0.5197
8633 22 52 0.4646
8656 22 75 0.5827
8656 22 71 0.5827
8656 22 44 0.4331
8679 22 76 0.5354
8702 22 61 0.4882
8725 22 64 0.6299
8725 22 52 0.5354
8748 22 75 0.6614
8748 22 69 0.6614
8748 22 73 0.6614
8748 22 45 0.4961
8770 22 76 0.6299
8793 45 78 0.7165
8793 91 86 0.7165
8793 91 74 0.6378
8793 45 54 0.5748
8793 91 46 0.5039
8793 91 58 0.5748
8839 45 79 0.6535
8839 45 55 0.4882
8885 45 76 0.7008
8885 91 84 0.7008
8885 91 72 0.622
8885 45 56 0.5433
8885 91 60 0.5433
8885 91 48 0.4882
8931 45 77 0.622
8931 45 57 0.4724
8977 34 69 0.622
8977 34 81 0.7008
8977 45 77 0.7008
8977 45 49 0.4961
8977 45 61 0.5512
8977 45 57 0.5512
9011 11 70 0.5039
9011 11 82 0.5669
9022 22 67 0.5512
9022 22 77 0.622
9022 22 79 0.622
9022 22 50 0.4409
9022 22 58 0.4961
9022 22 62 0.4961
9068 45 58 0.5276
9068 45 64 0.5906
9068 45 69 0.5906
9068 45 48 0.4331
9068 45 55 0.4882
9114 22 57 0.4173
9114 22 65 0.4724
9114 22 41 0.3465
9114 22 48 0.3937
9160 22 29 0.2756
9160 22 41 0.3071
9183 22 57 0.3071
9183 22 60 0.3465
9206 91 58 0.3465
9206 22 65 0.3858
9206 91 41 0.2913
9206 91 48 0.2913
9206 91 55 0.3228
9229 22 64 0.315
9251 22 62 0.3228
9274 22 64 0.2992
9297 45 57 0.2598
9297 45 65 0.2913
9297 45 41 0.2047
9297 45 48 0.2047
9297 45 53 0.2283
9343 22 65 0.2992
9343 22 69 0.2992
9343 22 72 0.3307
9366 22 48 0.2913
9389 91 58 0.315
9389 91 61 0.3543
9389 22 53 0.315
9412 22 52 0.2756
9435 22 50 0.2992
9458 22 52 0.2756
9480 45 57 0.2205
9480 45 60 0.2441
9480 45 53 0.2835
9526 22 57 0.315
9549 22 62 0.378
9549 22 50 0.3622
9572 22 73 0.3937
9572 22 69 0.3937
9572 22 41 0.315
9595 22 74 0.378
9618 22 58 0.3701
9641 22 62 0.4409
9641 22 50 0.4016
9664 22 70 0.4646
9664 22 73 0.4646
9664 22 43 0.378
9687 22 74 0.4488
9709 22 59 0.4409
9732 22 64 0.5039
9732 22 52 0.4646
9755 22 75 0.5433
9755 22 71 0.5433
9755 22 44 0.4331
9778 22 76 0.5197
9801 22 61 0.4882
9824 22 64 0.5591
9824 22 52 0.5354
9847 22 75 0.6142
9847 22 69 0.6142
9847 22 73 0.6142
9847 22 45 0.4961
9870 22 76 0.5669
9893 45 85 0.7008
9893 91 89 0.622
9893 91 77 0.5906
9893 91 53 0.5039
9893 45 45 0.5039
9893 45 57 0.5748
9938 45 86 0.7008
9938 45 46 0.4567
9938 45 58 0.5197
9984 45 75 0.7008
9984 91 79 0.7008
9984 91 67 0.622
9984 91 55 0.5039
9984 45 47 0.4882
9984 45 59 0.5433
10030 45 76 0.6693
10030 45 48 0.4488
10030 45 60 0.5039
10076 34 72 0.622
10076 34 84 0.7008
10076 45 80 0.6378
10076 91 60 0.4961
10076 45 52 0.4961
10076 45 64 0.5512
10110 11 71 0.5039
10110 11 83 0.5669
10122 22 69 0.5512
10122 22 81 0.622
10122 22 53 0.4409
10122 22 65 0.4961
10167 34 65 0.622
10167 34 77 0.7008
10167 45 73 0.6378
10167 45 57 0.5512
10202 11 64 0.5039
10202 11 76 0.5669
10213 22 62 0.5512
10213 22 74 0.622
10213 22 58 0.4961
10259 45 58 0.3071
10282 22 62 0.3465
10305 91 60 0.3465
10305 22 67 0.3858
10305 91 57 0.3228
10328 22 66 0.315
10351 22 64 0.3228
10351 68 50 0.3228
10374 22 66 0.2992
10396 22 58 0.2598
10396 22 62 0.2598
10396 22 67 0.2913
10396 22 43 0.2047
10396 22 55 0.2283
10442 45 70 0.3071
10465 22 74 0.3465
10488 91 72 0.3465
10488 22 79 0.3858
10488 91 69 0.3228
10511 22 78 0.315
10534 22 76 0.3228
10534 68 62 0.3228
10557 22 78 0.2992
10580 22 70 0.2598
10580 22 74 0.2598
10580 22 79 0.2913
10580 22 55 0.2047
10580 22 67 0.2283
10625 45 87 0.7165
10625 91 91 0.6693
10625 91 79 0.6378
10625 91 55 0.5039
10625 45 47 0.5039
10625 45 59 0.5748
10671 45 88 0.6772
10671 45 48 0.4567
10671 45 60 0.5197
10717 45 77 0.7008
10717 91 81 0.7008
10717 91 69 0.622
10717 91 57 0.5039
10717 45 49 0.4882
10717 45 61 0.5433
10763 45 78 0.6693
10763 45 50 0.4488
10763 45 62 0.5039
10809 34 74 0.622
10809 34 86 0.7008
10809 45 82 0.6378
10809 91 62 0.4961
10809 45 54 0.4961
10809 45 66 0.5512
10843 11 73 0.5039
10843 11 85 0.5669
10854 22 71 0.5512
10854 22 83 0.622
10854 22 55 0.4409
10854 22 67 0.4961
10900 34 67 0.622
10900 34 79 0.7008
10900 45 75 0.6378
10900 45 59 0.5512
10935 11 66 0.5039
10935 11 78 0.5669
10946 22 64 0.5512
10946 22 76 0.622
10946 22 60 0.4961
10992 45 60 0.3071
11015 22 64 0.3465
11038 91 62 0.3465
11038 22 69 0.3858
11038 91 59 0.3228
11061 22 68 0.315
11083 22 66 0.3228
11083 68 52 0.3228
11106 22 68 0.2992
11129 22 60 0.2598
11129 22 64 0.2598
11129 22 69 0.2913
11129 22 45 0.2047
11129 22 57 0.2283
11175 45 72 0.3071
11198 22 76 0.3465
11221 91 74 0.3465
11221 22 81 0.3858
11221 91 71 0.3228
11244 22 80 0.315
11267 22 78 0.3228
11267 68 64 0.3228
11290 22 80 0.2992
11312 22 72 0.2598
11312 22 76 0.2598
11312 22 81 0.2913
11312 22 57 0.2047
11312 22 69 0.2283
11358 45 72 0.3071
11370 11 76 0.3858
11381 11 81 0.4173
11393 11 88 0.3858
11404 45 80 0.3937
11404 45 74 0.3937
11404 45 76 0.3937
11404 45 71 0.3858
11427 22 57 0.2756
11427 22 64 0.2756
11450 45 69 0.3071
11461 11 72 0.3858
11473 11 76 0.4173
11484 11 81 0.3858
11496 45 76 0.3937
11496 45 71 0.3937
11496 45 74 0.3937
11496 45 68 0.3858
11519 22 57 0.2756
11519 22 64 0.2756
11541 45 72 0.3071
11553 11 76 0.3858
11564 11 81 0.4173
11576 11 88 0.3858
11587 45 80 0.3937
11587 45 74 0.3937
11587 45 76 0.3937
11587 45 71 0.3858
11610 22 57 0.2756
11610 22 64 0.2756
11633 45 69 0.3071
11645 11 72 0.3858
11656 11 76 0.4173
11667 11 81 0.3858
11679 45 76 0.3937
11679 45 71 0.3937
11679 45 74 0.3937
11679 45 68 0.3858
11702 22 57 0.2756
11702 22 64 0.2756
11725 11 81 0.4409
11725 22 57 0.3071
11736 11 88 0.3622
11748 11 90 0.4094
11748 11 73 0.3858
11759 11 88 0.378
11770 11 80 0.4409
11770 11 74 0.4094
11782 11 88 0.3622
11793 11 90 0.4173
11793 11 64 0.2756
11805 11 88 0.378
11816 11 83 0.4409
11816 11 57 0.3071
11828 11 88 0.3622
11839 11 90 0.4094
11839 11 68 0.3858
11851 11 88 0.378
11862 11 85 0.4409
11862 11 69 0.4094
11874 11 88 0.3622
11885 11 90 0.4173
11885 11 64 0.2756
11896 11 88 0.378
11908 11 69 0.4409
11908 11 57 0.3071
11919 11 76 0.3622
11931 11 78 0.4094
11931 11 61 0.3858
11942 11 76 0.378
11954 11 68 0.4409
11954 11 62 0.4094
11965 11 76 0.3622
11977 11 78 0.4173
11977 11 52 0.2756
11988 11 76 0.378
11999 11 71 0.4409
11999 11 45 0.3071
12011 11 76 0.3622
12022 11 78 0.4094
12022 11 56 0.3858
12034 11 76 0.378
12045 11 73 0.4409
12045 11 57 0.4094
12057 11 76 0.3622
12068 11 78 0.4173
12068 11 61 0.2756
12080 11 76 0.378
12091 45 66 0.5512
12091 13 69 0.4567
12103 13 73 0.378
12114 13 74 0.4331
12125 11 73 0.3937
12137 11 65 0.5039
12148 13 69 0.378
12160 11 64 0.4882
12160 13 73 0.4409
12171 11 69 0.3937
12183 11 62 0.5039
12194 13 64 0.378
12206 13 69 0.378
12206 11 61 0.4803
12217 11 64 0.3937
12229 11 61 0.4567
12229 11 45 0.4961
12240 13 64 0.378
12251 13 66 0.4331
12251 11 49 0.4567
12263 11 64 0.3937
12274 45 54 0.5039
12274 11 57 0.4567
12286 13 61 0.378
12297 13 62 0.4331
12309 11 61 0.3937
12320 11 53 0.4646
12332 13 57 0.378
12343 11 52 0.4488
12343 13 61 0.4409
12354 11 57 0.3937
12366 11 50 0.4646
12377 13 52 0.378
12389 13 57 0.378
12389 11 49 0.4409
12400 11 52 0.3937
12412 11 47 0.4646
12423 13 49 0.378
12435 11 45 0.4409
12435 13 52 0.4331
12446 11 49 0.3937
12458 11 44 0.4646
12469 13 49 0.378
12480 13 52 0.378
12480 11 45 0.4409
12492 11 49 0.4016
12503 11 47 0.4803
12515 13 49 0.3858
12526 11 45 0.4567
12526 13 52 0.4488
12538 11 49 0.4094
12549 11 44 0.4961
12561 13 49 0.4016
12572 13 52 0.4016
12572 11 45 0.4724
12583 11 49 0.4331
12595 11 47 0.5197
12606 13 49 0.4173
12618 11 45 0.4882
12618 13 52 0.4803
12629 11 49 0.4488
12641 13 44 0.5354
12652 13 45 0.4488
12664 13 48 0.4961
12675 11 49 0.4488
12687 13 51 0.5433
12698 13 52 0.4803
12709 13 56 0.5197
12721 11 57 0.4646
12732 13 56 0.5591
12744 13 57 0.4803
12755 13 60 0.5197
12767 11 61 0.4646
12778 13 63 0.5669
12790 13 64 0.4961
12801 13 68 0.5433
12812 11 69 0.5039
12824 13 68 0.5827
12835 13 69 0.4961
12847 13 72 0.5591
12858 11 73 0.4961
12870 13 75 0.5906
12881 13 76 0.5039
12893 13 80 0.5669
12904 11 81 0.5039
12916 13 80 0.6142
12927 13 81 0.5276
12938 13 84 0.5827
12950 11 85 0.5276
12961 13 87 0.622
12973 13 88 0.5591
12984 13 92 0.6063
12996 11 93 0.5669
13007 22 78 0.622
13007 22 74 0.622
13007 45 81 0.6929
13007 45 50 0.5039
13007 45 54 0.5039
13007 22 57 0.5827
13030 22 69 0.5827
13030 22 62 0.4724
13053 45 76 0.6614
13053 22 70 0.5906
13053 22 74 0.5906
13053 22 58 0.5591
13053 45 55 0.4882
13053 45 50 0.4882
13076 22 64 0.5433
13076 22 62 0.4173
13099 45 81 0.6929
13099 22 74 0.622
13099 22 78 0.622
13099 22 57 0.5827
13099 45 54 0.5039
13099 45 50 0.5039
13122 22 69 0.5827
13122 22 62 0.4646
13145 45 76 0.6614
13145 22 70 0.5906
13145 22 74 0.5906
13145 22 58 0.5591
13145 45 55 0.4882
13145 45 50 0.4882
13167 22 64 0.5827
13167 22 62 0.4331
13190 5 74 0.5669
13190 91 60 0.4961
13190 91 62 0.4961
13190 91 69 0.5512
13190 91 66 0.5512
13202 5 76 0.4882
13213 5 74 0.5433
13225 5 76 0.4961
13236 11 78 0.5669
13259 11 78 0.5354
13282 45 74 0.5197
13282 45 67 0.5197
13282 22 76 0.5748
13282 5 58 0.5512
13293 5 57 0.4803
13305 22 79 0.5433
13305 5 55 0.5276
13316 5 54 0.4803
13328 22 73 0.5039
13328 45 76 0.5669
13328 22 52 0.5669
13351 22 69 0.5354
13351 22 57 0.5197
13374 45 81 0.6929
13374 22 74 0.622
13374 22 78 0.622
13374 22 57 0.5827
13374 45 54 0.5039
13374 45 50 0.5039
13396 22 69 0.5827
13396 22 62 0.4724
13419 45 76 0.6614
13419 22 70 0.5906
13419 22 74 0.5906
13419 22 58 0.5591
13419 45 55 0.4882
13419 45 50 0.4882
13442 22 64 0.5512
13442 22 62 0.4409
13465 45 81 0.6929
13465 22 74 0.622
13465 22 78 0.622
13465 22 57 0.5827
13465 45 54 0.5039
13465 45 50 0.5039
13488 22 69 0.5827
13488 22 62 0.4724
13511 45 76 0.6614
13511 22 70 0.5906
13511 22 74 0.5906
13511 22 58 0.5591
13511 45 55 0.4882
13511 45 50 0.4882
13534 22 64 0.5591
13534 22 62 0.4331
13557 5 74 0.6063
13557 91 60 0.4961
13557 91 62 0.4961
13557 91 69 0.5512
13557 91 66 0.5512
13568 5 76 0.5669
13580 5 74 0.6063
13591 5 76 0.5591
13603 11 78 0.6299
13625 11 78 0.5669
13648 5 74 0.6299
13648 5 76 0.6299
13648 5 62 0.4724
13648 5 58 0.4724
13660 5 78 0.6378
13671 5 79 0.6535
13671 5 58 0.5197
13683 5 81 0.6693
13683 5 57 0.5354
13694 22 82 0.6772
13694 22 55 0.5591
13740 45 43 0.3228
13740 45 51 0.3228
13751 11 61 0.3307
13751 11 63 0.3307
13763 22 58 0.2913
13774 11 61 0.3307
13774 11 63 0.3307
13786 45 60 0.3701
13786 45 56 0.3386
13809 22 72 0.3307
13809 22 63 0.3307
13809 22 44 0.2913
13809 22 51 0.2913
13832 45 45 0.3465
13832 45 53 0.3465
13843 11 63 0.3622
13843 11 65 0.3622
13854 22 60 0.315
13866 11 63 0.3622
13866 11 65 0.3622
13877 45 62 0.4094
13877 45 58 0.378
13900 22 74 0.3701
13900 22 65 0.3228
13900 22 46 0.315
13900 22 53 0.315
13923 45 62 0.3858
13923 22 47 0.3543
13923 45 55 0.3543
13946 22 67 0.2992
13946 22 74 0.3228
13946 22 65 0.2992
13946 22 59 0.2992
13969 45 63 0.3937
13969 22 48 0.3701
13969 45 55 0.3701
13992 22 75 0.3386
13992 22 67 0.2992
13992 22 60 0.3071
14015 45 65 0.4252
14015 22 50 0.3858
14015 45 55 0.3858
14038 22 71 0.2992
14038 22 79 0.3386
14038 22 62 0.3228
14061 45 63 0.4173
14061 22 48 0.3701
14061 45 55 0.3701
14083 22 75 0.3543
14083 22 67 0.315
14083 22 60 0.315
14106 45 47 0.3622
14106 45 55 0.3622
14118 11 65 0.3701
14118 11 67 0.3701
14129 22 62 0.3307
14141 11 65 0.378
14141 11 67 0.378
14152 45 64 0.4173
14152 45 60 0.4016
14175 22 76 0.378
14175 22 67 0.3386
14175 22 48 0.3307
14175 22 55 0.3307
14198 45 49 0.4094
14198 45 57 0.4094
14209 11 67 0.4173
14209 11 69 0.4173
14221 22 64 0.3622
14232 11 67 0.4173
14232 11 69 0.4173
14244 45 65 0.4567
14244 45 62 0.4252
14267 22 77 0.4173
14267 22 69 0.3701
14267 22 50 0.3701
14267 22 57 0.3701
14290 45 64 0.4567
14290 22 49 0.4252
14290 45 57 0.4252
14312 22 69 0.3465
14312 22 76 0.3858
14312 22 67 0.3465
14312 22 61 0.3622
14335 45 65 0.4646
14335 22 50 0.4409
14335 45 57 0.4409
14358 22 77 0.4094
14358 22 69 0.3622
14358 22 62 0.3701
14381 45 67 0.5118
14381 22 52 0.4488
14381 45 57 0.4488
14404 22 73 0.3622
14404 22 81 0.4173
14404 22 64 0.3858
14427 45 65 0.4882
14427 22 50 0.4409
14427 45 57 0.4409
14450 22 77 0.4331
14450 22 69 0.378
14450 22 62 0.378
14473 45 64 0.5197
14473 22 49 0.4567
14473 45 57 0.4567
14496 22 69 0.3937
14496 22 76 0.4488
14496 22 67 0.3937
14496 22 61 0.3858
14519 45 65 0.5197
14519 22 50 0.4803
14519 45 57 0.4803
14541 22 77 0.4488
14541 22 69 0.3937
14541 22 62 0.4094
14564 45 69 0.5512
14564 22 51 0.4961
14564 45 59 0.4961
14587 22 78 0.3937
14587 22 83 0.4488
14587 22 63 0.4173
14610 45 67 0.5276
14610 22 52 0.4724
14610 45 59 0.4724
14633 22 79 0.4646
14633 22 71 0.4173
14633 22 64 0.4094
14656 45 66 0.5591
14656 22 51 0.5039
14656 45 59 0.5039
14679 22 71 0.4488
14679 22 78 0.5039
14679 22 69 0.4488
14679 22 63 0.4252
14702 45 67 0.5827
14702 22 52 0.5197
14702 45 59 0.5197
14725 22 79 0.5039
14725 22 71 0.4567
14725 22 64 0.4409
14748 45 71 0.5984
14748 22 53 0.5276
14748 45 61 0.5276
14770 22 80 0.4567
14770 22 85 0.5118
14770 22 65 0.4488
14793 45 69 0.5906
14793 22 54 0.5118
14793 45 61 0.5118
14816 22 81 0.5276
14816 22 73 0.4724
14816 22 66 0.4409
14839 45 72 0.6457
14839 22 54 0.5669
14839 45 62 0.5669
14862 22 81 0.4724
14862 22 86 0.5433
14862 22 66 0.4724
14885 45 71 0.6142
14885 22 55 0.5512
14885 45 62 0.5512
14908 22 83 0.5669
14908 22 74 0.5118
14908 22 67 0.4724
14931 45 72 0.6535
14931 22 54 0.5748
14931 45 62 0.5748
14954 22 81 0.4803
14954 22 86 0.5512
14954 22 66 0.4803
14977 45 71 0.622
14977 22 55 0.5591
14977 45 62 0.5591
14999 22 83 0.5512
14999 22 74 0.4803
14999 22 67 0.4724
15022 5 88 0.6772
15022 11 67 0.5433
15022 11 70 0.5433
15022 11 74 0.6063
15034 5 86 0.5748
15045 5 82 0.6299
15057 5 81 0.5591
15068 11 79 0.6063
15068 5 76 0.6299
15080 5 74 0.5591
15091 5 70 0.5827
15103 5 69 0.5591
15114 5 76 0.5827
15114 11 67 0.6457
15125 5 74 0.5276
15137 5 70 0.5669
15148 5 69 0.5039
15160 11 67 0.5906
15160 5 64 0.5591
15171 5 62 0.4724
15183 5 58 0.5276
15194 5 57 0.4803
15206 5 64 0.5827
15206 11 55 0.5827
15217 5 62 0.4961
15228 5 58 0.5512
15240 5 57 0.4724
15251 11 55 0.5906
15251 5 52 0.5591
15263 5 50 0.4882
15274 5 46 0.5276
15286 5 45 0.4803
15297 5 52 0.5827
15297 11 43 0.5591
15309 5 50 0.5039
15320 5 46 0.5512
15332 5 45 0.5039
15343 11 43 0.5906
15343 5 40 0.5433
15354 5 38 0.4646
15366 5 34 0.5039
15377 5 33 0.4331
15389 11 31 0.4961
15412 11 31 0.4882
15435 11 31 0.4961
15446 11 33 0.4409
15458 11 34 0.4646
15469 11 31 0.4173
15480 11 33 0.4803
15503 11 33 0.4646
15526 22 34 0.4961
15549 22 31 0.4567
15572 183 50 0.4409
15572 183 52 0.4409
15572 183 64 0.4882
15572 183 62 0.4882
15618 45 31 0.4409
15618 45 43 0.4409
15664 45 33 0.4646
15664 45 45 0.4646
15709 45 34 0.4331
15709 45 46 0.4331
15755 11 43 0.3858
15778 11 43 0.3465
15801 11 43 0.3858
15812 11 45 0.3307
15824 11 46 0.3858
15835 11 43 0.3228
15847 11 45 0.3858
15870 11 45 0.3307
15893 22 46 0.3858
15916 22 43 0.3543
15938 183 62 0.3858
15938 183 64 0.3858
15938 183 76 0.4409
15938 183 74 0.4409
15984 45 43 0.3307
15984 45 55 0.3307
16030 45 45 0.378
16030 45 57 0.378
16076 45 46 0.3465
16076 45 58 0.3465
16122 183 74 0.3228
16122 183 76 0.3228
16122 183 88 0.3543
16122 183 86 0.3543
16167 45 55 0.2756
16167 45 67 0.2756
16213 45 57 0.3071
16213 45 69 0.3071
16259 45 58 0.2835
16259 45 70 0.2835
16396 11 79 0.7638
16396 11 43 0.6693
16419 11 79 0.6929
16419 11 43 0.6063
16442 13 79 0.7559
16442 13 43 0.6614
16454 13 81 0.6535
16454 13 45 0.5669
16465 13 82 0.6929
16465 13 46 0.622
16477 11 79 0.622
16477 11 43 0.5669
16488 11 80 0.7953
16488 11 44 0.6772
16511 11 81 0.7323
16511 11 45 0.6457
16534 22 74 0.7795
16534 22 78 0.7795
16534 22 86 0.874
16534 22 50 0.7165
16534 22 45 0.6378
16534 22 38 0.6378
