0 30 44 0.2913
30 60 68 0.4646
30 30 56 0.2126
30 30 60 0.252
30 30 51 0.2126
60 30 63 0.3071
60 30 51 0.189
60 30 60 0.2126
60 30 56 0.189
91 60 70 0.4488
91 30 39 0.3465
121 30 63 0.2205
121 30 68 0.2441
121 30 51 0.1496
121 30 60 0.1732
121 30 56 0.1496
152 30 72 0.4488
152 30 51 0.2047
152 30 60 0.2283
152 30 56 0.2047
182 30 46 0.3071
213 60 73 0.4961
213 30 61 0.2677
213 30 55 0.2362
213 30 51 0.2362
243 30 63 0.2677
243 30 67 0.2992
243 30 61 0.1969
243 30 55 0.1732
243 30 51 0.1732
273 60 72 0.4882
273 30 39 0.3071
304 30 67 0.2756
304 30 63 0.2362
304 30 61 0.1811
304 30 55 0.1575
304 30 51 0.1575
334 30 70 0.4016
334 30 51 0.2126
334 30 55 0.2126
334 30 61 0.252
365 30 44 0.3937
395 60 72 0.4961
395 30 56 0.2598
395 30 60 0.2835
395 30 51 0.2598
426 30 68 0.3307
426 30 63 0.2992
426 30 60 0.2598
426 30 56 0.2126
426 30 51 0.2126
456 60 73 0.5354
456 30 39 0.4331
487 30 63 0.2913
487 30 68 0.3228
487 30 56 0.2126
487 30 60 0.252
487 30 54 0.2126
517 30 75 0.5591
517 30 56 0.2677
517 30 60 0.2913
517 30 54 0.2677
547 20 77 0.5748
547 20 44 0.4488
568 30 53 0.2441
570 28 56 0.2913
572 26 59 0.3465
574 24 68 0.4016
576 22 74 0.4409
578 20 79 0.5827
599 39 53 0.2598
601 38 56 0.315
603 36 59 0.3543
604 34 68 0.4016
606 32 74 0.4409
608 30 80 0.6063
639 91 75 0.6378
639 30 44 0.4961
669 30 72 0.3465
669 30 68 0.2992
669 30 63 0.2992
669 30 56 0.1732
669 30 60 0.1969
669 30 51 0.1732
700 30 72 0.3386
700 30 68 0.2992
700 30 63 0.2992
700 30 56 0.1732
700 30 60 0.1969
700 30 51 0.1732
730 30 45 0.2913
760 15 78 0.4646
760 30 53 0.2126
760 30 63 0.252
760 30 60 0.2126
776 15 77 0.4409
791 15 75 0.4646
791 30 63 0.2126
791 30 60 0.189
791 30 53 0.189
806 15 78 0.4409
821 45 77 0.4882
821 30 46 0.2913
852 30 58 0.2126
852 30 61 0.252
852 30 53 0.2126
867 15 73 0.4646
882 15 70 0.4331
882 30 61 0.2126
882 30 58 0.189
882 30 53 0.189
897 15 65 0.3937
913 30 43 0.2913
943 15 76 0.4646
943 30 58 0.2126
943 30 61 0.252
943 30 51 0.2126
958 15 75 0.4409
974 15 73 0.4646
974 30 61 0.2126
974 30 58 0.189
974 30 51 0.189
989 15 76 0.4409
1004 45 75 0.4882
1004 30 44 0.2913
1034 30 51 0.2126
1034 30 60 0.252
1034 30 56 0.2126
1050 15 72 0.4646
1065 15 68 0.4488
1065 30 60 0.2126
1065 30 56 0.189
1065 30 51 0.189
1080 15 63 0.4094
1095 30 42 0.2913
1126 30 60 0.2756
1126 30 63 0.3071
1126 60 68 0.4646
1126 30 56 0.2835
1126 30 54 0.2441
1156 30 60 0.2756
1156 30 63 0.3071
1156 30 54 0.2126
1156 30 56 0.2362
1187 60 67 0.4961
1187 30 41 0.3465
1217 30 60 0.2441
1217 30 65 0.2835
1217 30 56 0.2205
1217 30 53 0.1969
1247 30 60 0.2441
1247 30 65 0.2835
1247 30 68 0.4646
1247 30 53 0.2283
1247 30 56 0.2598
1278 45 70 0.5354
1278 30 40 0.2913
1308 30 62 0.2441
1308 30 68 0.2835
1308 30 52 0.2441
1308 30 56 0.2835
1324 15 71 0.4803
1339 30 62 0.2441
1339 30 68 0.2835
1339 15 70 0.4646
1339 30 52 0.2126
1339 30 56 0.2362
1354 15 71 0.4094
1369 91 67 0.4646
1369 30 39 0.2913
1400 30 61 0.2835
1400 30 63 0.315
1400 30 51 0.2283
1400 30 58 0.2677
1430 30 61 0.2756
1430 30 63 0.3071
1430 30 58 0.2205
1430 30 51 0.1969
1461 30 44 0.2913
1491 60 68 0.4646
1491 30 56 0.2126
1491 30 60 0.252
1491 30 51 0.2126
1521 30 63 0.3071
1521 30 51 0.189
1521 30 60 0.2126
1521 30 56 0.189
1552 60 70 0.4567
1552 30 39 0.3465
1582 30 63 0.2205
1582 30 68 0.2441
1582 30 51 0.1496
1582 30 60 0.1732
1582 30 56 0.1496
1613 30 72 0.4488
1613 30 51 0.2047
1613 30 60 0.2283
1613 30 56 0.2047
1643 30 46 0.3071
1674 60 73 0.4961
1674 30 61 0.2677
1674 30 55 0.2362
1674 30 51 0.2362
1704 30 63 0.2677
1704 30 67 0.2992
1704 30 61 0.1969
1704 30 55 0.1732
1704 30 51 0.1732
1734 60 72 0.4882
1734 30 39 0.3071
1765 30 67 0.2756
1765 30 63 0.2362
1765 30 61 0.1811
1765 30 55 0.1575
1765 30 51 0.1575
1795 30 70 0.4016
1795 30 51 0.2126
1795 30 55 0.2126
1795 30 61 0.252
1826 30 44 0.2992
1856 60 72 0.4961
1856 30 56 0.2362
1856 30 60 0.2677
1856 30 51 0.2362
1887 30 68 0.3307
1887 30 63 0.2992
1887 30 60 0.2362
1887 30 56 0.2047
1887 30 51 0.2047
1917 60 73 0.5354
1917 30 39 0.4331
1948 30 63 0.2913
1948 30 68 0.3228
1948 30 56 0.2126
1948 30 60 0.252
1948 30 54 0.2126
1978 30 75 0.5591
1978 30 56 0.2677
1978 30 60 0.2913
1978 30 54 0.2677
2008 20 77 0.5748
2008 20 44 0.4409
2029 30 53 0.2283
2031 28 56 0.2835
2033 26 59 0.3465
2035 24 68 0.378
2037 22 74 0.4409
2039 20 79 0.5827
2060 39 53 0.2598
2062 38 56 0.3071
2064 36 59 0.3543
2065 34 68 0.378
2067 32 74 0.4331
2069 30 80 0.6063
2100 91 75 0.6378
2100 30 44 0.4646
2130 30 63 0.2992
2130 30 68 0.2992
2130 30 72 0.3465
2130 30 56 0.1732
2130 30 60 0.1969
2130 30 51 0.1732
2161 30 63 0.2992
2161 30 68 0.2992
2161 30 72 0.3386
2161 30 56 0.1732
2161 30 60 0.1969
2161 30 51 0.1732
2191 30 45 0.2913
2221 15 78 0.4646
2221 30 53 0.2441
2221 30 63 0.2835
2221 30 60 0.2441
2237 15 77 0.4409
2252 15 75 0.4646
2252 30 63 0.2362
2252 30 60 0.2126
2252 30 53 0.2126
2267 15 78 0.4409
2282 45 77 0.4882
2282 30 46 0.2913
2313 30 58 0.2441
2313 30 61 0.2835
2313 30 53 0.2441
2328 15 73 0.4646
2343 15 70 0.4331
2343 30 61 0.2362
2343 30 58 0.2126
2343 30 53 0.2126
2358 15 65 0.3937
2374 30 47 0.3307
2404 15 80 0.5197
2404 30 55 0.2598
2404 30 62 0.2598
2404 30 65 0.2913
2419 15 79 0.4803
2435 15 77 0.5039
2435 30 65 0.2441
2435 30 62 0.2205
2435 30 55 0.2205
2450 15 80 0.4724
2465 45 79 0.5354
2465 30 48 0.2992
2495 30 55 0.2598
2495 30 64 0.2913
2495 30 60 0.2598
2511 15 76 0.4803
2526 15 72 0.4646
2526 30 64 0.2441
2526 30 60 0.2205
2526 30 55 0.2205
2541 15 67 0.4331
2556 30 48 0.3465
2587 60 74 0.5512
2587 30 56 0.2913
2587 30 62 0.3307
2587 30 60 0.2913
2617 30 66 0.3622
2617 30 72 0.3622
2617 30 62 0.2835
2617 30 60 0.2441
2617 30 56 0.2441
2648 60 76 0.5512
2648 30 48 0.3543
2678 30 67 0.2677
2678 30 72 0.2913
2678 30 55 0.2047
2678 30 60 0.2047
2678 30 64 0.2283
2709 30 79 0.5512
2709 30 60 0.2756
2709 30 64 0.2992
2709 30 55 0.2756
2739 30 48 0.3622
2769 60 74 0.5906
2769 30 53 0.3071
2769 30 56 0.3071
2769 30 62 0.3543
2800 30 65 0.3071
2800 30 71 0.3543
2800 30 53 0.2283
2800 30 62 0.2677
2800 30 56 0.2283
2830 60 76 0.5748
2830 30 48 0.3622
2861 60 67 0.315
2861 60 64 0.2835
2861 30 55 0.2126
2861 30 60 0.2362
2891 30 72 0.4803
2891 30 60 0.3307
2891 30 55 0.2913
2922 30 48 0.3543
2952 60 74 0.5591
2952 30 60 0.3071
2952 30 62 0.3543
2952 30 56 0.3071
2982 30 72 0.3937
2982 30 66 0.3543
2982 30 62 0.3071
2982 30 60 0.2756
2982 30 56 0.2756
3013 60 76 0.5748
3013 30 48 0.3465
3043 30 67 0.3465
3043 30 72 0.378
3043 30 60 0.2756
3043 30 64 0.2992
3043 30 55 0.2756
3074 30 79 0.5433
3074 30 60 0.2992
3074 30 64 0.3386
3074 30 55 0.2992
3104 45 74 0.5748
3104 30 48 0.3465
3135 30 65 0.3071
3135 30 71 0.3228
3135 30 53 0.2756
3135 30 62 0.3071
3135 30 56 0.2756
3150 15 76 0.5512
3165 30 65 0.3543
3165 30 71 0.3465
3165 15 74 0.5039
3165 30 62 0.2835
3165 30 56 0.2441
3165 30 53 0.2441
3180 15 76 0.4724
3196 45 72 0.5197
3196 30 48 0.3465
3226 30 60 0.2283
3226 30 64 0.2677
3226 30 55 0.2283
3241 15 76 0.4331
3256 15 75 0.4567
3272 15 76 0.4409
3287 45 72 0.5197
3287 30 48 0.3465
3317 30 55 0.2283
3317 30 64 0.2677
3317 30 60 0.2283
3332 15 76 0.4331
3348 15 75 0.4567
3363 15 76 0.4409
3378 15 72 0.5197
3378 30 48 0.3465
3393 15 76 0.4331
3409 15 75 0.4567
3409 30 60 0.2283
3409 30 64 0.2677
3409 30 55 0.2283
3424 15 76 0.4331
3439 15 72 0.4882
3454 15 76 0.4409
3469 15 75 0.4646
3485 15 76 0.4331
3500 15 72 0.4961
3515 15 76 0.4331
3530 15 75 0.4567
3546 15 76 0.4409
3561 15 73 0.4646
3561 30 58 0.3465
3576 15 77 0.4331
3591 15 76 0.5039
3591 30 61 0.2598
3591 30 65 0.2913
3606 15 77 0.4409
3622 15 73 0.4724
3622 30 61 0.2677
3622 30 65 0.2992
3637 15 77 0.4567
3652 15 76 0.4882
3652 30 56 0.3622
3667 15 77 0.4567
3682 15 73 0.5354
3683 30 65 0.2992
3683 30 61 0.2677
3683 30 58 0.2677
3698 15 77 0.4724
3713 15 76 0.4961
3713 30 65 0.3071
3713 30 61 0.2756
3713 30 58 0.2756
3728 15 77 0.4882
3743 91 71 0.5276
3743 30 55 0.3858
3759 15 77 0.4882
3773 15 76 0.5669
3774 30 62 0.2835
3774 30 59 0.2835
3774 30 65 0.315
3789 15 77 0.4961
3804 15 80 0.5906
3804 30 65 0.3228
3804 30 62 0.2835
3804 30 59 0.2835
3820 15 79 0.5591
3835 45 75 0.6457
3835 30 48 0.4331
3865 30 67 0.3465
3865 30 60 0.3465
3865 30 55 0.3465
3880 15 76 0.5512
3896 15 79 0.5669
3896 30 60 0.3858
3896 30 55 0.3858
3896 30 67 0.3858
3911 15 84 0.5354
3926 91 69 0.5276
3926 30 53 0.3858
3941 15 75 0.4882
3956 15 74 0.5669
3956 30 65 0.315
3956 30 60 0.2835
3956 30 57 0.2835
3972 15 75 0.4961
3987 15 78 0.5433
3987 30 65 0.3228
3987 30 60 0.2835
3987 30 57 0.2835
4002 15 77 0.5197
4017 45 72 0.5591
4017 30 46 0.4094
4048 30 61 0.3071
4048 30 58 0.3071
4048 30 65 0.3071
4063 15 73 0.5433
4078 15 77 0.5354
4078 30 61 0.3465
4078 30 58 0.3465
4078 30 65 0.3465
4093 15 82 0.5039
4109 45 69 0.5669
4109 30 49 0.378
4139 30 65 0.3071
4139 30 58 0.3071
4139 30 61 0.3071
4154 15 70 0.5276
4170 15 73 0.5512
4170 30 65 0.3071
4170 30 58 0.3071
4170 30 61 0.3071
4185 15 80 0.5197
4200 15 79 0.5197
4200 30 51 0.378
4215 15 77 0.4724
4230 15 75 0.4803
4230 30 61 0.2756
4230 30 63 0.3071
4230 30 58 0.2756
4246 15 74 0.4409
4261 15 77 0.4646
4261 30 61 0.2835
4261 30 63 0.315
4261 30 58 0.2835
4276 15 75 0.4409
4291 15 73 0.4646
4291 30 58 0.3543
4307 15 77 0.4331
4322 15 76 0.5039
4322 30 65 0.2992
4322 30 61 0.2677
4337 15 77 0.4409
4352 15 73 0.4724
4352 30 61 0.2756
4352 30 65 0.3071
4367 15 77 0.4567
4383 15 76 0.4882
4383 30 56 0.378
4398 15 77 0.4567
4412 15 73 0.5354
4413 30 61 0.2835
4413 30 58 0.2835
4413 30 65 0.315
4428 15 77 0.4724
4443 15 76 0.4961
4443 30 61 0.2913
4443 30 58 0.2913
4443 30 65 0.3228
4459 15 77 0.4882
4474 91 71 0.5276
4474 30 55 0.4094
4489 15 77 0.4882
4504 15 76 0.5669
4504 30 65 0.3386
4504 30 59 0.3071
4504 30 62 0.3071
4520 15 77 0.4961
4535 15 80 0.5906
4535 30 62 0.3071
4535 30 59 0.3071
4535 30 65 0.3465
4550 15 79 0.5591
4565 45 75 0.6457
4565 30 48 0.4567
4596 30 60 0.3858
4596 30 55 0.3858
4596 30 67 0.3858
4611 15 76 0.5433
4626 15 79 0.5669
4626 30 67 0.3858
4626 30 60 0.3858
4626 30 55 0.3858
4641 15 84 0.5433
4657 91 69 0.5276
4657 30 53 0.3858
4672 15 75 0.4882
4687 15 74 0.5669
4687 30 60 0.2835
4687 30 57 0.2835
4687 30 65 0.315
4702 15 75 0.4961
4717 15 78 0.5433
4717 30 65 0.3228
4717 30 60 0.2835
4717 30 57 0.2835
4733 15 77 0.5197
4748 45 72 0.5827
4748 30 46 0.4094
4778 30 61 0.3071
4778 30 58 0.3071
4778 30 65 0.3071
4794 15 73 0.5276
4809 15 77 0.5512
4809 30 61 0.3465
4809 30 58 0.3465
4809 30 65 0.3465
4824 15 82 0.5039
4839 45 69 0.5354
4839 30 49 0.378
4870 30 65 0.3071
4870 30 58 0.3071
4870 30 61 0.3071
4885 15 70 0.4724
4900 15 72 0.4882
4900 30 61 0.3071
4900 30 58 0.3071
4900 30 65 0.3071
4915 15 73 0.4646
4931 45 66 0.4961
4931 30 51 0.3543
4961 30 61 0.2913
4961 30 58 0.2913
4961 30 63 0.2913
4976 15 67 0.4488
4991 15 69 0.4646
4991 30 63 0.2913
4991 30 58 0.2913
4991 30 61 0.2913
5007 15 70 0.4409
5022 30 44 0.2913
5052 60 68 0.4646
5052 30 51 0.2126
5052 30 56 0.2126
5052 30 60 0.252
5083 30 63 0.3071
5083 30 51 0.189
5083 30 60 0.2126
5083 30 56 0.189
5113 60 70 0.4646
5113 30 39 0.3465
5144 30 63 0.2205
5144 30 68 0.2441
5144 30 51 0.1496
5144 30 56 0.1496
5144 30 60 0.1732
5174 30 72 0.4646
5174 30 51 0.2047
5174 30 56 0.2047
5174 30 60 0.2283
5204 30 46 0.3071
5235 60 73 0.4961
5235 30 51 0.2362
5235 30 61 0.2677
5235 30 55 0.2362
5265 30 63 0.2677
5265 30 67 0.2992
5265 30 51 0.1732
5265 30 61 0.1969
5265 30 55 0.1732
5296 60 72 0.4882
5296 30 39 0.3071
5326 30 67 0.2756
5326 30 63 0.2362
5326 30 61 0.1811
5326 30 51 0.1575
5326 30 55 0.1575
5357 30 70 0.4016
5357 30 61 0.252
5357 30 51 0.2126
5357 30 55 0.2126
5387 30 44 0.4016
5418 60 72 0.4961
5418 30 51 0.2598
5418 30 56 0.2598
5418 30 60 0.2835
5448 30 68 0.3307
5448 30 63 0.2992
5448 30 51 0.2126
5448 30 60 0.2598
5448 30 56 0.2126
5478 60 73 0.5354
5478 30 39 0.4646
5509 30 63 0.2913
5509 30 68 0.3228
5509 30 54 0.2126
5509 30 56 0.2126
5509 30 60 0.252
5539 30 75 0.5591
5539 30 54 0.2677
5539 30 56 0.2677
5539 30 60 0.2913
5570 20 77 0.5748
5570 20 44 0.4094
5591 30 53 0.2441
5593 28 56 0.2913
5594 26 59 0.3465
5596 24 68 0.4016
5598 22 74 0.4409
5600 20 79 0.5827
5621 39 53 0.2598
5623 38 56 0.315
5625 36 59 0.3543
5627 34 68 0.4016
5629 32 74 0.4409
5631 30 80 0.6063
5661 91 75 0.6378
5661 30 44 0.4488
5691 30 63 0.2992
5691 30 68 0.2992
5691 30 72 0.3465
5691 30 51 0.1732
5691 30 56 0.1732
5691 30 60 0.1969
5722 30 63 0.2992
5722 30 68 0.2992
5722 30 72 0.3386
5722 30 51 0.1732
5722 30 56 0.1732
5722 30 60 0.1969
5752 30 45 0.2913
5783 15 78 0.4646
5783 30 53 0.2441
5783 30 60 0.2441
5783 30 63 0.2835
5798 15 77 0.4409
5813 15 75 0.4646
5813 30 53 0.2126
5813 30 63 0.2362
5813 30 60 0.2126
5828 15 78 0.4409
5844 45 77 0.4882
5844 30 46 0.2913
5874 30 53 0.2441
5874 30 58 0.2441
5874 30 61 0.2835
5889 15 73 0.4646
5905 15 70 0.4331
5905 30 53 0.2126
5905 30 61 0.2362
5905 30 58 0.2126
5920 15 65 0.3937
5935 30 43 0.2913
5965 15 76 0.4646
5965 30 51 0.2441
5965 30 58 0.2441
5965 30 61 0.2835
5981 15 75 0.4409
5996 15 73 0.4646
5996 30 51 0.2126
5996 30 61 0.2362
5996 30 58 0.2126
6011 15 76 0.4409
6026 45 75 0.4882
6026 30 44 0.2913
6057 30 51 0.2441
6057 30 56 0.2441
6057 30 60 0.2835
6072 15 72 0.4646
6087 15 68 0.4488
6087 30 51 0.2126
6087 30 60 0.2362
6087 30 56 0.2126
6102 15 63 0.4094
6118 30 42 0.2913
6148 30 60 0.2756
6148 30 63 0.3071
6148 60 68 0.4646
6148 30 54 0.2441
6148 30 56 0.2835
6178 30 60 0.2756
6178 30 63 0.3071
6178 30 56 0.2362
6178 30 54 0.2126
6209 60 67 0.4961
6209 30 41 0.3465
6239 30 60 0.2441
6239 30 65 0.2835
6239 30 53 0.1969
6239 30 56 0.2205
6270 30 60 0.2441
6270 30 65 0.2835
6270 30 68 0.4646
6270 30 53 0.2283
6270 30 56 0.2598
6300 45 70 0.5354
6300 30 40 0.2913
6331 30 62 0.2441
6331 30 68 0.2835
6331 30 52 0.2441
6331 30 56 0.2835
6346 15 71 0.4803
6361 30 62 0.2441
6361 30 68 0.2835
6361 15 70 0.4646
6361 30 52 0.2126
6361 30 56 0.2362
6376 15 71 0.4094
6392 91 67 0.4646
6392 30 39 0.2913
6422 30 61 0.2835
6422 30 63 0.315
6422 30 51 0.2283
6422 30 58 0.2677
6452 30 61 0.2756
6452 30 63 0.3071
6452 30 58 0.2205
6452 30 51 0.1969
6483 30 44 0.2913
6513 60 68 0.4646
6513 30 51 0.2126
6513 30 56 0.2126
6513 30 60 0.252
6544 30 63 0.3071
6544 30 51 0.189
6544 30 60 0.2126
6544 30 56 0.189
6574 60 70 0.4646
6574 30 39 0.3465
6605 30 63 0.2205
6605 30 68 0.2441
6605 30 51 0.1496
6605 30 56 0.1496
6605 30 60 0.1732
6635 30 72 0.4409
6635 30 51 0.2047
6635 30 56 0.2047
6635 30 60 0.2283
6665 30 46 0.3071
6696 60 73 0.4961
6696 30 51 0.2362
6696 30 61 0.2677
6696 30 55 0.2362
6726 30 63 0.2677
6726 30 67 0.2992
6726 30 51 0.1732
6726 30 61 0.1969
6726 30 55 0.1732
6757 60 72 0.4882
6757 30 39 0.3071
6787 30 67 0.2756
6787 30 63 0.2362
6787 30 61 0.1811
6787 30 51 0.1575
6787 30 55 0.1575
6818 30 70 0.4016
6818 30 61 0.252
6818 30 51 0.2126
6818 30 55 0.2126
6848 30 44 0.2992
6879 60 72 0.4961
6879 30 51 0.2362
6879 30 56 0.2362
6879 30 60 0.2677
6909 30 68 0.3307
6909 30 63 0.2992
6909 30 51 0.2047
6909 30 60 0.2362
6909 30 56 0.2047
6939 60 73 0.5354
6939 30 39 0.4331
6970 30 63 0.2913
6970 30 68 0.3228
6970 30 54 0.2126
6970 30 56 0.2126
6970 30 60 0.252
7000 30 75 0.5591
7000 30 54 0.2677
7000 30 56 0.2677
7000 30 60 0.2913
7031 20 77 0.5748
7031 20 44 0.4488
7052 30 53 0.2283
7054 28 56 0.2835
7055 26 59 0.3465
7057 24 68 0.378
7059 22 74 0.4409
7061 20 79 0.5827
7082 39 53 0.2598
7084 38 56 0.3071
7086 36 59 0.3543
7088 34 68 0.378
7090 32 74 0.4331
7092 30 80 0.6063
7122 91 75 0.6378
7122 30 44 0.4961
7153 30 63 0.2992
7153 30 68 0.2992
7153 30 72 0.3465
7153 30 51 0.1732
7153 30 56 0.1732
7153 30 60 0.1969
7183 30 63 0.2992
7183 30 68 0.2992
7183 30 72 0.3386
7183 30 51 0.1732
7183 30 56 0.1732
7183 30 60 0.1969
7213 30 45 0.2913
7244 15 78 0.4646
7244 30 53 0.2441
7244 30 60 0.2441
7244 30 63 0.2835
7259 15 77 0.4409
7274 15 75 0.4646
7274 30 53 0.2126
7274 30 63 0.2362
7274 30 60 0.2126
7289 15 78 0.4409
7305 45 77 0.4882
7305 30 46 0.2913
7335 30 53 0.2441
7335 30 58 0.2441
7335 30 61 0.2835
7350 15 73 0.4646
7366 15 70 0.4331
7366 30 53 0.2126
7366 30 61 0.2362
7366 30 58 0.2126
7381 15 65 0.3937
7396 30 47 0.3307
7426 15 80 0.5197
7426 30 65 0.2913
7426 30 55 0.2598
7426 30 62 0.2598
7442 15 79 0.4803
7457 15 77 0.5039
7457 30 55 0.2205
7457 30 65 0.2441
7457 30 62 0.2205
7472 15 80 0.4724
7487 45 79 0.5354
7487 30 48 0.2992
7518 30 55 0.2598
7518 30 60 0.2598
7518 30 64 0.2913
7533 15 76 0.4803
7548 15 72 0.4646
7548 30 55 0.2205
7548 30 64 0.2441
7548 30 60 0.2205
7563 15 67 0.4331
7579 30 49 0.3543
7609 15 82 0.5512
7609 30 65 0.3071
7609 30 58 0.2756
7609 30 61 0.2756
7624 15 80 0.5039
7640 15 79 0.5433
7640 30 58 0.2283
7640 30 65 0.2677
7640 30 61 0.2283
7655 15 82 0.4961
7670 45 80 0.5669
7670 30 50 0.315
7700 30 56 0.2756
7700 30 59 0.2756
7700 30 65 0.3071
7716 15 77 0.5039
7731 15 71 0.4882
7731 30 56 0.2283
7731 30 65 0.2677
7731 30 59 0.2283
7746 15 68 0.4567
7761 45 77 0.5039
7761 30 51 0.2835
7792 30 55 0.2362
7792 30 61 0.2362
7792 30 63 0.2756
7807 15 73 0.4567
7822 15 70 0.4409
7822 30 55 0.2047
7822 30 63 0.2283
7822 30 61 0.2047
7837 15 67 0.4016
7853 45 70 0.4567
7853 30 44 0.2441
7883 30 51 0.2126
7883 30 56 0.2126
7883 30 60 0.2362
7898 15 68 0.4016
7913 15 63 0.3858
7913 30 51 0.1811
7913 30 60 0.2047
7913 30 56 0.1811
7929 15 60 0.3622
7944 45 59 0.3701
7974 121 68 0.4016
7974 91 52 0.3071
7990 15 58 0.3465
8005 15 61 0.3701
8020 15 58 0.3307
8035 91 59 0.3622
8066 91 51 0.3701
8096 91 66 0.4016
8127 91 59 0.3701
8157 91 49 0.3543
8187 76 64 0.4016
8218 91 59 0.3701
8248 60 47 0.378
8263 15 63 0.3622
8279 15 62 0.3858
8294 15 63 0.3701
8309 45 59 0.3701
8340 121 68 0.4016
8340 91 52 0.3071
8355 15 58 0.3465
8370 15 61 0.3701
8385 15 58 0.3307
8400 91 59 0.3622
8431 91 51 0.3701
8461 197 66 0.4016
8492 91 59 0.3701
8522 91 49 0.3543
8553 76 76 0.5354
8583 91 59 0.3701
8614 60 47 0.378
8629 15 75 0.4409
8644 15 71 0.4646
8659 15 66 0.4331
8674 45 59 0.3701
8705 121 68 0.4016
8705 91 52 0.3071
8720 15 58 0.3465
8735 15 61 0.3701
8751 15 58 0.3307
8766 91 59 0.3622
8796 91 51 0.3701
8827 91 66 0.4016
8857 91 59 0.3701
8887 91 49 0.3543
8918 76 64 0.4016
8948 91 59 0.3701
8979 60 47 0.378
8994 15 63 0.3622
9009 15 62 0.3858
9024 15 63 0.3701
9040 45 59 0.3701
9070 121 68 0.4016
9070 91 52 0.3071
9085 15 58 0.3465
9101 15 61 0.3701
9116 15 58 0.3307
9131 91 59 0.3622
9161 91 51 0.3701
9192 91 66 0.4016
9222 91 58 0.3701
9253 60 51 0.3543
9283 45 67 0.4961
9314 30 44 0.4016
9329 15 75 0.4961
9344 15 71 0.5039
9344 30 51 0.2835
9344 30 56 0.2835
9344 30 59 0.3307
9359 15 70 0.4803
9374 30 68 0.4882
9405 45 69 0.5748
9405 30 54 0.4488
9435 60 61 0.3622
9435 60 57 0.3622
9435 60 66 0.4094
9451 15 73 0.5354
9466 15 78 0.5669
9481 15 81 0.5354
9496 91 73 0.5039
9496 60 68 0.5276
9496 60 80 0.5906
9496 30 52 0.4488
9527 60 57 0.3543
9527 60 61 0.4016
9557 30 66 0.5039
9557 30 78 0.5669
9588 45 51 0.4488
9618 60 59 0.4094
9618 60 66 0.4094
9618 60 69 0.4094
9618 60 71 0.4094
9633 15 49 0.4173
9648 15 52 0.4567
9664 15 51 0.4173
9679 7 61 0.4961
9679 7 66 0.4961
9679 7 69 0.4961
9679 7 73 0.5512
9679 7 49 0.4409
9709 7 63 0.4488
9709 7 66 0.4488
9709 7 69 0.4488
9709 7 75 0.5039
9709 7 48 0.4094
9740 7 64 0.4331
9740 7 68 0.4331
9740 7 76 0.4882
9740 7 47 0.4094
9770 45 66 0.4961
9770 30 46 0.4094
9801 60 61 0.3465
9801 60 52 0.3071
9801 60 54 0.3071
9816 15 65 0.4488
9831 15 68 0.5039
9846 15 66 0.4567
9862 30 75 0.4961
9862 30 45 0.3937
9892 30 73 0.4803
9892 60 51 0.2677
9892 60 54 0.2677
9892 60 59 0.3071
9922 30 71 0.4803
9953 45 44 0.4409
9983 60 59 0.4173
9983 60 64 0.4173
9983 60 71 0.4173
9998 15 43 0.4016
10014 15 45 0.4488
10028 15 44 0.4094
10044 30 49 0.4409
10075 60 56 0.378
10075 60 64 0.378
10075 60 68 0.4173
10075 30 47 0.4173
10105 30 40 0.4173
10135 45 69 0.5748
10135 30 54 0.4488
10166 60 61 0.3622
10166 60 57 0.3622
10166 60 66 0.4094
10181 15 73 0.5354
10196 15 78 0.5669
10212 15 81 0.5354
10227 91 73 0.5039
10227 60 68 0.5276
10227 60 80 0.5906
10227 30 52 0.4488
10257 60 57 0.3543
10257 60 61 0.4016
10288 30 66 0.5039
10288 30 78 0.5669
10318 45 51 0.4488
10349 60 59 0.4094
10349 60 66 0.4094
10349 60 69 0.4094
10349 60 71 0.4094
10364 15 49 0.4173
10379 15 52 0.4567
10394 15 51 0.4173
10409 7 61 0.4961
10409 7 66 0.4961
10409 7 69 0.4961
10409 7 73 0.5512
10409 7 49 0.4409
10440 7 63 0.4488
10440 7 66 0.4488
10440 7 69 0.4488
10440 7 75 0.5039
10440 7 48 0.4094
10470 7 64 0.4331
10470 7 68 0.4331
10470 7 76 0.4882
10470 7 47 0.4094
10501 45 66 0.4961
10501 30 46 0.4094
10531 60 61 0.3465
10531 60 52 0.3071
10531 60 54 0.3071
10546 15 65 0.4488
10562 15 68 0.5039
10577 15 66 0.4567
10592 30 75 0.4961
10592 30 45 0.3937
10622 30 73 0.4803
10622 60 51 0.2677
10622 60 54 0.2677
10622 60 59 0.3071
10653 30 71 0.4803
10683 45 44 0.4409
10714 60 59 0.4173
10714 60 64 0.4173
10714 60 71 0.4173
10728 15 43 0.4016
10744 15 45 0.4488
10759 15 44 0.4094
10775 7 51 0.4409
10805 7 64 0.4488
10805 7 66 0.4488
10805 7 70 0.4488
10805 7 49 0.4094
10836 7 63 0.4331
10836 7 66 0.4331
10836 7 71 0.4882
10836 7 47 0.4094
10866 45 59 0.3701
10896 121 68 0.4016
10896 91 52 0.3071
10912 15 58 0.3465
10927 15 61 0.3701
10942 15 58 0.3307
10957 91 59 0.3622
10988 91 51 0.3701
11018 91 66 0.4016
11049 91 59 0.3701
11079 91 49 0.3543
11109 76 64 0.4016
11140 91 59 0.3701
11170 60 47 0.378
11186 15 63 0.3622
11201 15 62 0.3858
11216 15 63 0.3701
11231 45 59 0.3701
11262 121 68 0.4016
11262 91 52 0.3071
11277 15 58 0.3465
11292 15 61 0.3701
11307 15 58 0.3307
11323 91 59 0.3622
11353 91 51 0.3701
11383 197 66 0.4016
11414 91 59 0.3701
11444 91 49 0.3543
11475 76 76 0.5354
11505 91 59 0.3701
11536 60 47 0.378
11551 15 75 0.3937
11566 15 71 0.4331
11581 15 66 0.3701
11596 45 59 0.3701
11627 121 68 0.4016
11627 91 52 0.3071
11642 15 58 0.3465
11657 15 61 0.3701
11673 15 58 0.3307
11688 91 59 0.3622
11718 91 51 0.3701
11749 91 66 0.4016
11779 91 59 0.3701
11810 91 49 0.3543
11840 76 64 0.4016
11870 91 59 0.3701
11901 60 47 0.378
11916 15 63 0.3622
11931 15 62 0.3858
11947 15 63 0.3701
11962 45 59 0.3701
11992 121 68 0.4016
11992 91 52 0.3071
12007 15 58 0.3465
12023 15 61 0.3701
12038 15 58 0.3307
12053 91 59 0.3622
12084 91 51 0.3701
12114 91 66 0.4409
12144 91 58 0.3937
12144 91 61 0.3937
12175 91 51 0.378
12205 91 67 0.4646
12236 91 59 0.4094
12236 91 63 0.4094
12266 91 51 0.3858
12297 30 68 0.4646
12327 91 55 0.3701
12327 91 61 0.3701
12327 91 63 0.4094
12357 91 51 0.3858
12373 15 70 0.4331
12388 15 71 0.4646
12403 15 70 0.4409
12418 60 73 0.4724
12418 91 56 0.3228
12418 91 59 0.3228
12418 91 63 0.3701
12449 60 51 0.3858
12479 30 71 0.4409
12510 91 59 0.3465
12510 91 63 0.3465
12510 91 68 0.3858
12540 60 51 0.4016
12555 15 74 0.4488
12571 15 76 0.4803
12586 15 74 0.4567
12601 60 76 0.4961
12601 91 58 0.3465
12601 91 61 0.3465
12601 91 67 0.3858
12631 60 51 0.4016
12662 30 75 0.4567
12692 91 55 0.3228
12692 91 61 0.3228
12692 91 63 0.3701
12723 91 51 0.3858
12738 15 70 0.4331
12753 15 71 0.4646
12768 15 70 0.4409
12784 60 73 0.4724
12784 91 56 0.3228
12784 91 59 0.3228
12784 91 63 0.3701
12814 60 51 0.3858
12844 30 71 0.4409
12875 91 59 0.3465
12875 91 63 0.3465
12875 91 68 0.3858
12905 60 51 0.4016
12921 15 74 0.4488
12936 15 76 0.4803
12951 15 74 0.4567
12966 45 76 0.5276
12966 91 58 0.3465
12966 91 61 0.3465
12966 91 67 0.3858
12997 60 51 0.4016
13012 15 75 0.4567
13027 15 74 0.4882
13042 15 75 0.4567
13058 45 76 0.5276
13058 91 58 0.3465
13058 91 61 0.3465
13058 91 67 0.3858
13088 60 51 0.4016
13103 15 75 0.4567
13118 15 74 0.4882
13134 15 75 0.4567
13149 15 82 0.5512
13164 15 80 0.5433
13179 15 79 0.5354
13195 15 76 0.5276
13210 15 75 0.5039
13225 15 73 0.4882
13240 15 76 0.5354
13255 15 75 0.5276
13271 15 73 0.5197
13286 15 71 0.5039
13301 15 70 0.5039
13316 15 68 0.4961
13331 15 67 0.4724
13347 15 68 0.4724
13362 15 69 0.4646
13377 15 70 0.4567
13392 15 71 0.4488
13408 15 72 0.4488
13423 15 73 0.4646
13438 15 72 0.4173
13453 15 75 0.4567
13468 15 73 0.4409
13484 15 72 0.4173
13499 15 70 0.4016
13514 30 44 0.2913
13545 60 68 0.4646
13545 30 51 0.2126
13545 30 56 0.2126
13545 30 60 0.252
13575 30 63 0.3071
13575 30 51 0.189
13575 30 60 0.2126
13575 30 56 0.189
13605 60 70 0.4646
13605 30 39 0.3465
13636 30 63 0.2205
13636 30 68 0.2441
13636 30 51 0.1496
13636 30 56 0.1496
13636 30 60 0.1732
13666 30 72 0.4488
13666 30 51 0.2047
13666 30 56 0.2047
13666 30 60 0.2283
13697 30 46 0.3071
13727 60 73 0.4961
13727 30 51 0.2362
13727 30 61 0.2677
13727 30 55 0.2362
13758 30 63 0.2677
13758 30 67 0.2992
13758 30 51 0.1732
13758 30 61 0.1969
13758 30 55 0.1732
13788 60 72 0.4882
13788 30 39 0.3071
13818 30 67 0.2756
13818 30 63 0.2362
13818 30 61 0.1811
13818 30 51 0.1575
13818 30 55 0.1575
13849 30 70 0.4016
13849 30 61 0.252
13849 30 51 0.2126
13849 30 55 0.2126
13879 30 44 0.2992
13910 60 72 0.4961
13910 30 51 0.2362
13910 30 56 0.2362
13910 30 60 0.2677
13940 30 68 0.3307
13940 30 63 0.2992
13940 30 51 0.2047
13940 30 60 0.2362
13940 30 56 0.2047
13971 60 73 0.5354
13971 30 39 0.4331
14001 30 63 0.2913
14001 30 68 0.3228
14001 30 54 0.2126
14001 30 56 0.2126
14001 30 60 0.252
14032 30 75 0.5591
14032 30 54 0.2677
14032 30 56 0.2677
14032 30 60 0.2913
14062 20 77 0.5748
14062 20 44 0.4409
14083 30 53 0.2441
14085 28 56 0.2913
14087 26 59 0.3465
14089 24 68 0.4016
14091 22 74 0.4409
14092 20 79 0.5827
14113 39 53 0.2598
14115 38 56 0.315
14117 36 59 0.3543
14119 34 68 0.4016
14121 32 74 0.4409
14123 30 80 0.6063
14153 91 75 0.6378
14153 30 44 0.4724
14184 30 63 0.2992
14184 30 68 0.2992
14184 30 72 0.3465
14184 30 51 0.1732
14184 30 56 0.1732
14184 30 60 0.1969
14214 30 63 0.2992
14214 30 68 0.2992
14214 30 72 0.3386
14214 30 51 0.1732
14214 30 56 0.1732
14214 30 60 0.1969
14245 30 45 0.2913
14275 15 78 0.4646
14275 30 53 0.2441
14275 30 60 0.2441
14275 30 63 0.2835
14290 15 77 0.4409
14306 15 75 0.4646
14306 30 53 0.2126
14306 30 63 0.2362
14306 30 60 0.2126
14321 15 78 0.4409
14336 45 77 0.4882
14336 30 46 0.2913
14366 30 53 0.2441
14366 30 58 0.2441
14366 30 61 0.2835
14382 15 73 0.4646
14397 15 70 0.4331
14397 30 53 0.2126
14397 30 61 0.2362
14397 30 58 0.2126
14412 15 65 0.3937
14427 30 43 0.2913
14458 15 76 0.4646
14458 30 51 0.2441
14458 30 58 0.2441
14458 30 61 0.2835
14473 15 75 0.4409
14488 15 73 0.4646
14488 30 51 0.2126
14488 30 61 0.2362
14488 30 58 0.2126
14503 15 76 0.4409
14519 45 75 0.4882
14519 30 44 0.2913
14549 30 51 0.2441
14549 30 56 0.2441
14549 30 60 0.2835
14564 15 72 0.4646
14579 15 68 0.4488
14579 30 51 0.2126
14579 30 60 0.2362
14579 30 56 0.2126
14595 15 63 0.4094
14610 30 42 0.2913
14640 30 60 0.2756
14640 30 63 0.3071
14640 60 68 0.4646
14640 30 54 0.2441
14640 30 56 0.2835
14671 30 60 0.2756
14671 30 63 0.3071
14671 30 56 0.2362
14671 30 54 0.2126
14701 60 67 0.4961
14701 30 41 0.3465
14732 30 60 0.2441
14732 30 65 0.2835
14732 30 53 0.1969
14732 30 56 0.2205
14762 30 60 0.2441
14762 30 65 0.2835
14762 30 68 0.4646
14762 30 53 0.2283
14762 30 56 0.2598
14793 45 70 0.5354
14793 30 40 0.2913
14823 30 62 0.2441
14823 30 68 0.2835
14823 30 52 0.2441
14823 30 56 0.2835
14838 15 71 0.4803
14853 30 62 0.2441
14853 30 68 0.2835
14853 15 70 0.4646
14853 30 52 0.2126
14853 30 56 0.2362
14869 15 71 0.4094
14884 91 67 0.4646
14884 30 39 0.2913
14914 30 61 0.2835
14914 30 63 0.315
14914 30 51 0.2283
14914 30 58 0.2677
14945 30 61 0.2756
14945 30 63 0.3071
14945 30 58 0.2205
14945 30 51 0.1969
14975 30 44 0.2913
15006 60 68 0.4646
15006 30 51 0.2126
15006 30 56 0.2126
15006 30 60 0.252
15036 30 63 0.3071
15036 30 51 0.189
15036 30 60 0.2126
15036 30 56 0.189
15066 60 70 0.4488
15066 30 39 0.3465
15097 30 63 0.2205
15097 30 68 0.2441
15097 30 51 0.1496
15097 30 56 0.1496
15097 30 60 0.1732
15127 30 72 0.4488
15127 30 51 0.2047
15127 30 56 0.2047
15127 30 60 0.2283
15158 30 46 0.3071
15188 60 73 0.4961
15188 30 51 0.2362
15188 30 61 0.2677
15188 30 55 0.2362
15219 30 63 0.2677
15219 30 67 0.2992
15219 30 51 0.1732
15219 30 61 0.1969
15219 30 55 0.1732
15249 60 72 0.4882
15249 30 39 0.3071
15280 30 67 0.2756
15280 30 63 0.2362
15280 30 61 0.1811
15280 30 51 0.1575
15280 30 55 0.1575
15310 30 70 0.4016
15310 30 61 0.252
15310 30 51 0.2126
15310 30 55 0.2126
15340 30 44 0.2992
15371 60 72 0.4961
15371 30 51 0.2362
15371 30 56 0.2362
15371 30 60 0.2677
15401 30 68 0.3307
15401 30 63 0.2992
15401 30 51 0.2047
15401 30 60 0.2362
15401 30 56 0.2047
15432 60 73 0.5354
15432 30 39 0.4331
15462 30 63 0.2913
15462 30 68 0.3228
15462 30 54 0.2126
15462 30 56 0.2126
15462 30 60 0.252
15493 30 75 0.5591
15493 30 54 0.2677
15493 30 56 0.2677
15493 30 60 0.2913
15523 20 77 0.5748
15523 20 44 0.4724
15544 30 53 0.2283
15546 28 56 0.2835
15548 26 59 0.3465
15550 24 68 0.378
15552 22 74 0.4409
15553 20 79 0.5827
15574 39 53 0.2598
15576 38 56 0.3071
15578 36 59 0.3543
15580 34 68 0.378
15582 32 74 0.4331
15584 30 80 0.6063
15614 91 75 0.6378
15614 30 44 0.4961
15645 30 63 0.2992
15645 30 68 0.2992
15645 30 72 0.3465
15645 30 51 0.1732
15645 30 56 0.1732
15645 30 60 0.1969
15675 30 63 0.2992
15675 30 68 0.2992
15675 30 72 0.3386
15675 30 51 0.1732
15675 30 56 0.1732
15675 30 60 0.1969
15706 30 45 0.2913
15736 15 78 0.4646
15736 30 53 0.2441
15736 30 60 0.2441
15736 30 63 0.2835
15751 15 77 0.4409
15767 15 75 0.4646
15767 30 53 0.2126
15767 30 63 0.2362
15767 30 60 0.2126
15782 15 78 0.4409
15797 45 77 0.4882
15797 30 46 0.2913
15827 30 53 0.2441
15827 30 58 0.2441
15827 30 61 0.2835
15843 15 73 0.4646
15858 15 70 0.4331
15858 30 53 0.2126
15858 30 61 0.2362
15858 30 58 0.2126
15873 15 65 0.3937
15888 30 47 0.3307
15919 15 80 0.5197
15919 30 65 0.2913
15919 30 55 0.2598
15919 30 62 0.2598
15934 15 79 0.4803
15949 15 77 0.5039
15949 30 55 0.2205
15949 30 65 0.2441
15949 30 62 0.2205
15964 15 80 0.4724
15980 45 79 0.5354
15980 30 48 0.2992
16010 30 55 0.2598
16010 30 60 0.2598
16010 30 64 0.2913
16025 15 76 0.4803
16040 15 72 0.4646
16040 30 55 0.2205
16040 30 64 0.2441
16040 30 60 0.2205
16056 15 67 0.4331
16071 30 48 0.3465
16101 60 74 0.5512
16101 30 56 0.2913
16101 30 60 0.2913
16101 30 62 0.3307
16132 30 66 0.3622
16132 30 72 0.3622
16132 30 56 0.2441
16132 30 62 0.2835
16132 30 60 0.2441
16162 60 76 0.5512
16162 30 48 0.3543
16193 30 67 0.2677
16193 30 72 0.2913
16193 30 55 0.2047
16193 30 60 0.2047
16193 30 64 0.2283
16223 30 79 0.5512
16223 30 55 0.2756
16223 30 60 0.2756
16223 30 64 0.2992
16254 30 48 0.3622
16284 60 74 0.5906
16284 30 53 0.3071
16284 30 62 0.3543
16284 30 56 0.3071
16314 30 65 0.3071
16314 30 71 0.3543
16314 30 53 0.2283
16314 30 62 0.2677
16314 30 56 0.2283
16345 60 76 0.5748
16345 30 48 0.3622
16375 60 67 0.315
16375 60 64 0.2835
16375 30 60 0.2362
16375 30 55 0.2126
16406 30 72 0.4803
16406 30 60 0.3307
16406 30 55 0.2913
16436 30 48 0.3543
16467 60 74 0.5591
16467 30 56 0.3071
16467 30 60 0.3071
16467 30 62 0.3543
16497 30 72 0.3937
16497 30 66 0.3543
16497 30 56 0.2756
16497 30 62 0.3071
16497 30 60 0.2756
16527 60 76 0.5748
16527 30 48 0.3465
16558 30 67 0.3465
16558 30 72 0.378
16558 30 55 0.2756
16558 30 60 0.2756
16558 30 64 0.2992
16588 30 79 0.5433
16588 30 55 0.315
16588 30 60 0.315
16588 30 64 0.3622
16619 45 74 0.5748
16619 30 48 0.3465
16649 30 65 0.3307
16649 30 71 0.3465
16649 30 53 0.2913
16649 30 56 0.2913
16649 30 62 0.3307
16664 15 76 0.5512
16680 30 65 0.3543
16680 30 71 0.3465
16680 15 74 0.5039
16680 30 53 0.2441
16680 30 62 0.2835
16680 30 56 0.2441
16695 15 76 0.4724
16710 45 72 0.5197
16710 30 48 0.3465
16741 30 55 0.2283
16741 30 60 0.2283
16741 30 64 0.2677
16756 15 76 0.4331
16771 15 75 0.4567
16786 15 76 0.4409
16801 45 72 0.5197
16801 30 48 0.3465
16832 30 55 0.2283
16832 30 60 0.2283
16832 30 64 0.2677
16847 15 76 0.4331
16862 15 75 0.4567
16878 15 76 0.4409
16893 15 72 0.5197
16893 30 48 0.3465
16908 15 76 0.4331
16923 15 75 0.4567
16923 30 55 0.2283
16923 30 60 0.2283
16923 30 64 0.2677
16938 15 76 0.4331
16954 15 72 0.4882
16969 15 76 0.4409
16984 15 75 0.4646
16999 15 76 0.4331
17015 15 72 0.4961
17030 15 76 0.4331
17045 15 75 0.4567
17060 15 76 0.4409
17075 15 73 0.4646
17075 30 58 0.3465
17091 15 77 0.4331
17106 15 76 0.5039
17106 30 65 0.2913
17106 30 61 0.2598
17121 15 77 0.4409
17136 15 73 0.4724
17136 30 65 0.2992
17136 30 61 0.2677
17151 15 77 0.4567
17167 15 76 0.4882
17167 30 56 0.3622
17182 15 77 0.4567
17196 15 73 0.5354
17197 30 65 0.2992
17197 30 61 0.2677
17197 30 58 0.2677
17212 15 77 0.4724
17228 15 76 0.4961
17228 30 65 0.3071
17228 30 61 0.2756
17228 30 58 0.2756
17243 15 77 0.4882
17258 91 71 0.5276
17258 30 55 0.3858
17273 15 77 0.4882
17288 15 76 0.5669
17288 30 65 0.315
17288 30 62 0.2835
17288 30 59 0.2835
17304 15 77 0.4961
17319 15 80 0.5906
17319 30 65 0.3228
17319 30 62 0.2835
17319 30 59 0.2835
17334 15 79 0.5591
17349 45 75 0.6457
17349 30 48 0.4331
17380 30 67 0.3465
17380 30 60 0.3465
17380 30 55 0.3465
17395 15 76 0.5512
17410 15 79 0.5669
17410 30 67 0.3858
17410 30 60 0.3858
17410 30 55 0.3858
17425 15 84 0.5354
17441 91 69 0.5276
17441 30 53 0.3858
17456 15 75 0.4882
17471 15 74 0.5669
17471 30 65 0.315
17471 30 60 0.2835
17471 30 57 0.2835
17486 15 75 0.4961
17502 15 78 0.5512
17502 30 65 0.3228
17502 30 60 0.2835
17502 30 57 0.2835
17517 15 77 0.5197
17532 45 72 0.5669
17532 30 46 0.4094
17562 30 65 0.3071
17562 30 61 0.3071
17562 30 58 0.3071
17578 15 73 0.5354
17593 15 77 0.5433
17593 30 65 0.3465
17593 30 61 0.3465
17593 30 58 0.3465
17608 15 82 0.5276
17623 45 69 0.5669
17623 30 49 0.378
17654 30 65 0.3071
17654 30 61 0.3071
17654 30 58 0.3071
17669 15 70 0.5276
17684 15 73 0.5512
17684 30 65 0.3071
17684 30 61 0.3071
17684 30 58 0.3071
17699 15 80 0.5197
17715 15 79 0.5197
17715 30 51 0.378
17730 15 77 0.4724
17745 15 75 0.4803
17745 30 58 0.2756
17745 30 61 0.2756
17745 30 63 0.3071
17760 15 74 0.4409
17775 15 77 0.4646
17775 30 58 0.2756
17775 30 61 0.2756
17775 30 63 0.3071
17791 15 75 0.4409
17806 15 73 0.4646
17806 30 58 0.3465
17821 15 77 0.4331
17836 15 76 0.5039
17836 30 65 0.2913
17836 30 61 0.2598
17852 15 77 0.4409
17867 15 73 0.4724
17867 30 65 0.2992
17867 30 61 0.2677
17882 15 77 0.4567
17897 15 76 0.4882
17897 30 56 0.3622
17912 15 77 0.4567
17927 15 73 0.5354
17928 30 65 0.2992
17928 30 61 0.2677
17928 30 58 0.2677
17943 15 77 0.4724
17958 15 76 0.4961
17958 30 65 0.3071
17958 30 61 0.2756
17958 30 58 0.2756
17973 15 77 0.4882
17989 91 71 0.5276
17989 30 55 0.3858
18004 15 77 0.4882
18018 15 76 0.5669
18019 30 65 0.315
18019 30 62 0.2835
18019 30 59 0.2835
18034 15 77 0.4961
18049 15 80 0.5906
18049 30 65 0.3228
18049 30 62 0.2835
18049 30 59 0.2835
18065 15 79 0.5591
18080 45 75 0.6457
18080 30 48 0.4331
18110 30 67 0.3858
18110 30 60 0.3858
18110 30 55 0.3858
18126 15 76 0.5433
18141 15 79 0.5669
18141 30 67 0.3858
18141 30 60 0.3858
18141 30 55 0.3858
18156 15 84 0.5433
18171 91 69 0.5276
18171 30 53 0.3858
18186 15 75 0.4882
18202 15 74 0.5669
18202 30 65 0.315
18202 30 60 0.2835
18202 30 57 0.2835
18217 15 75 0.4961
18232 15 78 0.5433
18232 30 65 0.3228
18232 30 60 0.2835
18232 30 57 0.2835
18247 15 77 0.5197
18262 45 72 0.5827
18262 30 46 0.4094
18293 30 65 0.3071
18293 30 61 0.3071
18293 30 58 0.3071
18308 15 73 0.5276
18323 15 77 0.5512
18323 30 65 0.3465
18323 30 61 0.3465
18323 30 58 0.3465
18339 15 82 0.5039
18354 45 69 0.5354
18354 30 49 0.378
18384 30 65 0.3071
18384 30 61 0.3071
18384 30 58 0.3071
18399 15 70 0.4724
18415 15 72 0.4882
18415 30 65 0.3071
18415 30 61 0.3071
18415 30 58 0.3071
18430 15 73 0.4646
18445 45 66 0.4961
18445 30 51 0.3543
18476 30 63 0.2913
18476 30 61 0.2913
18476 30 58 0.2913
18491 15 67 0.4488
18506 15 69 0.4646
18506 30 63 0.2913
18506 30 61 0.2913
18506 30 58 0.2913
18521 15 70 0.4409
18536 30 44 0.2913
18567 60 68 0.4646
18567 30 51 0.2441
18567 30 56 0.2441
18567 30 60 0.2835
18597 30 63 0.3071
18597 30 51 0.2126
18597 30 60 0.2362
18597 30 56 0.2126
18628 60 70 0.4646
18628 30 39 0.3465
18658 30 63 0.2205
18658 30 68 0.2441
18658 30 51 0.1732
18658 30 56 0.1732
18658 30 60 0.1969
18689 30 72 0.4646
18689 30 51 0.2283
18689 30 56 0.2283
18689 30 60 0.2598
18719 30 46 0.3071
18749 60 73 0.4961
18749 30 51 0.2677
18749 30 61 0.2992
18749 30 55 0.2677
18780 30 63 0.2677
18780 30 67 0.2992
18780 30 51 0.1969
18780 30 61 0.2205
18780 30 55 0.1969
18810 60 72 0.4882
18810 30 39 0.3071
18841 30 67 0.2756
18841 30 63 0.2362
18841 30 61 0.2047
18841 30 51 0.1811
18841 30 55 0.1811
18871 30 70 0.4016
18871 30 61 0.2835
18871 30 51 0.2441
18871 30 55 0.2441
18902 30 44 0.2992
18932 60 72 0.4961
18932 30 51 0.2677
18932 30 56 0.2677
18932 30 60 0.2992
18963 30 68 0.3307
18963 30 63 0.2992
18963 30 51 0.2283
18963 30 60 0.2677
18963 30 56 0.2283
18993 60 73 0.5354
18993 30 39 0.4331
19023 30 63 0.2913
19023 30 68 0.3228
19023 30 54 0.2441
19023 30 56 0.2441
19023 30 60 0.2835
19054 30 75 0.5591
19054 30 54 0.2992
19054 30 56 0.2992
19054 30 60 0.3307
19084 20 77 0.5748
19084 20 44 0.4331
19105 30 53 0.2441
19107 28 56 0.2913
19109 26 59 0.3465
19111 24 68 0.4016
19113 22 74 0.4409
19115 20 79 0.5827
19136 39 53 0.2598
19138 38 56 0.315
19139 36 59 0.3543
19141 34 68 0.4016
19143 32 74 0.4409
19145 30 80 0.6063
19176 91 75 0.6378
19176 30 44 0.4724
19206 30 63 0.3228
19206 30 68 0.3228
19206 30 72 0.3701
19206 30 51 0.2126
19206 30 56 0.2126
19206 30 60 0.2362
19237 30 63 0.3228
19237 30 68 0.3228
19237 30 72 0.3622
19237 30 51 0.2126
19237 30 56 0.2126
19237 30 60 0.2362
19267 30 45 0.2913
19297 15 78 0.4646
19297 30 53 0.2441
19297 30 60 0.2441
19297 30 63 0.2835
19313 15 77 0.4409
19328 15 75 0.4646
19328 30 53 0.2126
19328 30 63 0.2362
19328 30 60 0.2126
19343 15 78 0.4409
19358 45 77 0.4882
19358 30 46 0.2913
19389 30 53 0.2441
19389 30 58 0.2441
19389 30 61 0.2835
19404 15 73 0.4646
19419 15 70 0.4331
19419 30 53 0.2126
19419 30 61 0.2362
19419 30 58 0.2126
19434 15 65 0.3937
19450 30 43 0.2913
19480 15 76 0.4646
19480 30 51 0.2441
19480 30 58 0.2441
19480 30 61 0.2835
19495 15 75 0.4409
19510 15 73 0.4646
19510 30 51 0.2126
19510 30 61 0.2362
19510 30 58 0.2126
19526 15 76 0.4409
19541 45 75 0.4882
19541 30 44 0.2913
19571 30 51 0.2441
19571 30 56 0.2441
19571 30 60 0.2835
19587 15 72 0.4646
19602 15 68 0.4488
19602 30 51 0.2126
19602 30 60 0.2362
19602 30 56 0.2126
19617 15 63 0.4094
19632 30 42 0.2913
19663 30 60 0.2756
19663 30 63 0.3071
19663 60 68 0.4646
19663 30 54 0.2441
19663 30 56 0.2835
19693 30 60 0.2756
19693 30 63 0.3071
19693 30 56 0.2362
19693 30 54 0.2126
19724 60 67 0.4961
19724 30 41 0.3465
19754 30 60 0.2441
19754 30 65 0.2835
19754 30 53 0.1969
19754 30 56 0.2205
19784 30 60 0.2441
19784 30 65 0.2835
19784 30 68 0.4646
19784 30 53 0.2283
19784 30 56 0.2598
19815 45 70 0.5354
19815 30 40 0.2913
19845 30 62 0.2441
19845 30 68 0.2835
19845 30 52 0.2441
19845 30 56 0.2835
19860 15 71 0.4803
19876 30 62 0.2441
19876 30 68 0.2835
19876 15 70 0.4646
19876 30 52 0.2126
19876 30 56 0.2362
19891 15 71 0.4094
19906 91 67 0.4646
19906 30 39 0.2913
19937 30 61 0.2835
19937 30 63 0.315
19937 30 51 0.2283
19937 30 58 0.2677
19967 30 61 0.2756
19967 30 63 0.3071
19967 30 58 0.2205
19967 30 51 0.1969
19997 30 44 0.2913
20028 60 68 0.4646
20028 30 51 0.2126
20028 30 56 0.2126
20028 30 60 0.252
20058 30 63 0.3071
20058 30 51 0.189
20058 30 60 0.2126
20058 30 56 0.189
20089 60 70 0.4646
20089 30 39 0.3465
20119 30 63 0.2205
20119 30 68 0.2441
20119 30 51 0.1496
20119 30 56 0.1496
20119 30 60 0.1732
20150 30 72 0.4646
20150 30 51 0.2047
20150 30 56 0.2047
20150 30 60 0.2283
20180 30 46 0.3071
20211 60 73 0.4961
20211 30 51 0.2362
20211 30 61 0.2677
20211 30 55 0.2362
20241 30 63 0.2677
20241 30 67 0.2992
20241 30 51 0.1732
20241 30 61 0.1969
20241 30 55 0.1732
20271 60 72 0.4882
20271 30 39 0.3071
20302 30 67 0.2756
20302 30 63 0.2362
20302 30 61 0.1811
20302 30 51 0.1575
20302 30 55 0.1575
20332 30 70 0.4016
20332 30 61 0.252
20332 30 51 0.2126
20332 30 55 0.2126
20363 30 44 0.2992
20393 60 72 0.4961
20393 30 51 0.2362
20393 30 56 0.2362
20393 30 60 0.2677
20424 30 68 0.3307
20424 30 63 0.2992
20424 30 51 0.2047
20424 30 60 0.2362
20424 30 56 0.2047
20454 60 73 0.5354
20454 30 39 0.4646
20484 30 63 0.2913
20484 30 68 0.3228
20484 30 54 0.2126
20484 30 56 0.2126
20484 30 60 0.252
20515 30 75 0.5591
20515 30 54 0.2677
20515 30 56 0.2677
20515 30 60 0.2913
20545 20 77 0.5748
20545 20 44 0.4724
20566 30 53 0.2283
20568 28 56 0.2835
20570 26 59 0.3465
20572 24 68 0.378
20574 22 74 0.4409
20576 20 79 0.5827
20597 39 53 0.2598
20599 38 56 0.3071
20601 36 59 0.3543
20602 34 68 0.378
20604 32 74 0.4331
20606 30 80 0.6063
20637 91 75 0.6378
20637 30 44 0.5354
20667 30 63 0.2992
20667 30 68 0.2992
20667 30 72 0.3465
20667 30 51 0.1732
20667 30 56 0.1732
20667 30 60 0.1969
20698 30 63 0.2992
20698 30 68 0.2992
20698 30 72 0.3386
20698 30 51 0.1732
20698 30 56 0.1732
20698 30 60 0.1969
20728 30 45 0.2913
20758 15 78 0.4646
20758 30 53 0.2441
20758 30 60 0.2441
20758 30 63 0.2835
20774 15 77 0.4409
20789 15 75 0.4646
20789 30 53 0.2126
20789 30 63 0.2362
20789 30 60 0.2126
20804 15 78 0.4409
20819 45 77 0.4882
20819 30 46 0.2913
20850 30 53 0.2441
20850 30 58 0.2441
20850 30 61 0.2835
20865 15 73 0.4646
20880 15 70 0.4331
20880 30 53 0.2126
20880 30 61 0.2362
20880 30 58 0.2126
20895 15 65 0.3937
20911 30 47 0.3307
20941 15 80 0.5197
20941 30 65 0.2913
20941 30 55 0.2598
20941 30 62 0.2598
20956 15 79 0.4803
20971 15 77 0.5039
20971 30 55 0.2205
20971 30 65 0.2441
20971 30 62 0.2205
20987 15 80 0.4724
21002 45 79 0.5354
21002 30 48 0.2992
21032 30 55 0.2598
21032 30 60 0.2598
21032 30 64 0.2913
21048 15 76 0.4803
21063 15 72 0.4646
21063 30 55 0.2205
21063 30 64 0.2441
21063 30 60 0.2205
21078 15 67 0.4331
21093 30 49 0.3543
21124 15 82 0.5512
21124 30 65 0.3071
21124 30 58 0.2756
21124 30 61 0.2756
21139 15 80 0.5039
21154 15 79 0.5433
21154 30 58 0.2283
21154 30 65 0.2677
21154 30 61 0.2283
21169 15 82 0.4961
21185 45 80 0.5669
21185 30 50 0.315
21215 30 56 0.2756
21215 30 59 0.2756
21215 30 65 0.3071
21230 15 77 0.5039
21245 15 71 0.4882
21245 30 56 0.2283
21245 30 65 0.2677
21245 30 59 0.2283
21261 15 68 0.4567
21276 45 77 0.5039
21276 30 51 0.2835
21306 30 55 0.2362
21306 30 61 0.2362
21306 30 63 0.2756
21322 15 73 0.4567
21337 15 70 0.4409
21337 30 55 0.2047
21337 30 63 0.2283
21337 30 61 0.2047
21352 15 67 0.4016
21367 45 70 0.4567
21367 30 44 0.2441
21398 30 51 0.2126
21398 30 56 0.2126
21398 30 60 0.2362
21413 15 68 0.4016
21428 15 63 0.3858
21428 30 51 0.1811
21428 30 60 0.2047
21428 30 56 0.1811
21443 15 60 0.3622
21459 91 44 0.2913
21489 30 59 0.3071
21489 30 62 0.3071
21489 60 65 0.4646
21489 30 50 0.2441
21489 30 53 0.2441
21489 30 56 0.2835
21519 30 59 0.3071
21519 30 62 0.3071
21519 30 50 0.2126
21519 30 56 0.2362
21519 30 53 0.2126
21550 60 67 0.4803
21550 91 44 0.3465
21580 30 59 0.3071
21580 30 62 0.3071
21580 30 50 0.1732
21580 30 53 0.1732
21580 30 56 0.1969
21611 30 59 0.3071
21611 30 62 0.3071
21611 30 68 0.4646
21611 30 50 0.2283
21611 30 53 0.2283
21611 30 56 0.2598
21641 30 60 0.3307
21641 30 63 0.3307
21641 30 67 0.378
21641 30 39 0.4173
21641 30 51 0.4173
21672 60 41 0.4567
21672 60 53 0.4567
21702 30 60 0.3701
21702 30 63 0.3701
21702 30 67 0.4094
21732 60 43 0.4882
21732 60 55 0.4882
21763 30 63 0.4016
21763 30 60 0.3622
21793 30 44 0.4488
21793 30 56 0.4488
21824 91 50 0.4961
21854 30 59 0.3307
21854 30 64 0.3307
21854 60 68 0.5039
21854 30 52 0.2913
21854 30 56 0.3307
21885 30 59 0.3307
21885 30 64 0.3307
21885 30 56 0.2835
21885 30 52 0.2441
21915 60 70 0.5276
21915 91 50 0.378
21946 30 59 0.3307
21946 30 64 0.3307
21946 30 52 0.189
21946 30 56 0.2126
21976 30 59 0.3307
21976 30 64 0.3307
21976 30 71 0.5039
21976 30 52 0.2441
21976 30 56 0.2835
22006 30 60 0.3622
22006 30 63 0.3622
22006 30 72 0.4094
22006 30 39 0.4567
22006 30 51 0.4567
22037 60 41 0.4961
22037 60 53 0.4961
22067 30 60 0.4094
22067 30 63 0.4094
22067 30 72 0.4567
22098 60 43 0.5433
22098 60 55 0.5433
22128 30 63 0.4094
22128 30 72 0.4488
22128 30 60 0.4016
22159 30 44 0.4961
22159 30 56 0.4961
22189 91 56 0.4961
22219 30 71 0.378
22219 30 74 0.378
22219 60 77 0.5669
22219 30 62 0.3228
22219 30 65 0.3228
22219 30 68 0.3701
22250 30 71 0.378
22250 30 74 0.378
22250 30 62 0.2835
22250 30 68 0.315
22250 30 65 0.2835
22280 60 79 0.5984
22280 91 56 0.4331
22311 30 71 0.378
22311 30 74 0.378
22311 30 62 0.2126
22311 30 65 0.2126
22311 30 68 0.2362
22341 30 71 0.378
22341 30 74 0.378
22341 30 80 0.5748
22341 30 62 0.2835
22341 30 65 0.2835
22341 30 68 0.315
22372 30 72 0.4173
22372 30 75 0.4173
22372 30 79 0.4724
22372 30 51 0.5354
22372 30 63 0.5354
22402 60 53 0.5748
22402 60 65 0.5748
22433 30 72 0.4646
22433 30 75 0.4646
22433 30 79 0.5197
22463 60 55 0.622
22463 60 67 0.622
22493 30 75 0.5118
22493 30 72 0.4646
22524 30 56 0.5827
22524 30 68 0.5827
22554 91 62 0.5591
22585 30 71 0.4252
22585 30 76 0.4252
22585 60 80 0.6535
22585 30 64 0.3386
22585 30 68 0.3937
22615 30 71 0.4252
22615 30 76 0.4252
22615 30 68 0.3307
22615 30 64 0.2992
22646 60 82 0.685
22646 91 62 0.4803
22676 30 71 0.4331
22676 30 76 0.4331
22676 30 64 0.2362
22676 30 68 0.2835
22706 30 71 0.4409
22706 30 76 0.4409
22706 30 83 0.6772
22706 30 64 0.315
22706 30 68 0.3622
22737 30 72 0.4803
22737 30 75 0.4803
22737 30 84 0.5354
22737 30 51 0.5984
22737 30 63 0.5984
22767 60 53 0.6614
22767 60 65 0.6614
22798 30 72 0.5276
22798 30 75 0.5276
22798 30 84 0.5906
22828 60 55 0.7165
22828 60 67 0.7165
22859 30 75 0.5354
22859 30 84 0.5906
22859 30 72 0.5276
22889 30 56 0.6614
22889 30 68 0.6614
22920 30 56 0.7008
22950 60 88 0.685
22950 60 83 0.5984
22950 60 80 0.5984
22950 60 76 0.5984
22950 60 62 0.5039
22950 60 64 0.5039
22950 60 68 0.5039
22950 60 71 0.5669
23011 7 87 0.6457
23011 30 63 0.5748
23011 30 68 0.5748
23011 30 72 0.5748
23026 7 84 0.5984
23041 7 80 0.622
23057 7 75 0.6063
23072 7 72 0.6299
23102 30 44 0.6299
23133 60 76 0.6063
23133 60 71 0.5433
23133 60 68 0.5433
23133 60 64 0.5433
23133 60 50 0.4488
23133 60 52 0.4488
23133 60 56 0.4488
23133 60 59 0.5118
23193 7 75 0.6142
23193 30 51 0.5512
23193 30 56 0.5512
23193 30 60 0.5512
23209 7 72 0.5669
23224 7 68 0.5906
23239 7 63 0.5669
23254 7 60 0.5984
23285 7 75 0.5827
23285 30 44 0.5118
23300 7 72 0.5276
23315 7 68 0.5591
23315 30 51 0.4016
23315 30 56 0.4016
23315 30 60 0.4016
23330 7 63 0.5276
23346 7 60 0.5591
23376 7 75 0.5118
23376 30 44 0.4567
23391 7 72 0.4724
23407 7 68 0.4882
23407 30 51 0.3543
23407 30 56 0.3543
23407 30 60 0.3543
23422 7 63 0.4646
23437 7 60 0.4882
23467 7 75 0.4803
23467 30 44 0.4173
23483 7 72 0.4409
23498 7 68 0.4567
23498 30 51 0.3228
23498 30 56 0.3228
23498 30 60 0.3228
23513 7 63 0.4331
23528 7 60 0.4567
23559 7 75 0.4409
23559 30 44 0.3858
23574 7 72 0.4016
23589 7 68 0.4173
23589 30 51 0.3071
23589 30 56 0.3071
23589 30 60 0.3071
23604 7 63 0.4016
23620 7 60 0.4331
23650 30 44 0.3858
23665 15 60 0.3622
23680 15 63 0.378
23680 91 51 0.3071
23680 91 56 0.3071
23680 91 60 0.3071
23696 15 68 0.3858
23711 15 72 0.4016
23726 15 75 0.4094
23741 15 77 0.4331
23757 15 75 0.4094
23772 15 72 0.4016
23772 7 56 0.2756
23772 7 60 0.2756
23772 7 63 0.2756
23787 15 68 0.3858
23802 15 72 0.4016
23802 7 56 0.2756
23802 7 60 0.2756
23802 7 63 0.2756
23817 15 75 0.4331
23833 7 80 0.4567
23833 7 56 0.2913
23833 7 60 0.2913
23833 7 63 0.2913
23863 7 84 0.4331
23863 7 80 0.4331
23863 7 68 0.2756
23863 7 72 0.2756
23863 7 75 0.2756
23894 7 87 0.4331
23894 7 84 0.4331
23894 7 80 0.4331
23894 7 68 0.2756
23894 7 72 0.2756
23894 7 75 0.2756
23924 7 92 0.4488
23924 7 84 0.4488
23924 7 80 0.4488
23924 7 68 0.3071
23924 7 72 0.3071
23924 7 75 0.3071
