0 85 77 0.5197
0 85 72 0.4331
0 85 69 0.4331
0 85 65 0.4331
85 31 69 0.3937
117 10 72 0.3543
127 31 70 0.3937
159 10 74 0.3543
170 42 72 0.3937
213 21 65 0.3622
255 21 65 0.3622
298 21 65 0.3622
341 7 67 0.3543
348 7 69 0.3228
355 7 67 0.3543
362 5 69 0.3071
367 5 67 0.3543
373 5 69 0.315
378 5 67 0.315
383 42 65 0.3937
426 21 72 0.4173
447 21 69 0.3622
469 21 67 0.3937
490 21 65 0.3701
511 7 67 0.3543
518 7 69 0.3228
525 7 67 0.3543
533 5 69 0.3071
538 5 67 0.3543
543 5 69 0.315
549 5 67 0.315
554 42 65 0.3937
639 42 72 0.3937
682 31 74 0.3937
714 10 77 0.3622
724 31 76 0.3937
756 10 74 0.3543
767 42 72 0.3937
810 42 77 0.3622
852 7 70 0.3937
859 7 72 0.3543
867 7 70 0.3937
874 7 72 0.3543
881 7 70 0.3937
888 7 72 0.3543
895 7 70 0.3937
902 7 72 0.3543
909 7 70 0.3937
916 5 72 0.3543
922 5 70 0.3937
927 5 72 0.3386
932 5 70 0.3543
938 42 69 0.3937
980 42 72 0.3622
1023 31 74 0.3937
1055 10 77 0.3622
1066 31 76 0.3937
1098 10 74 0.3543
1108 42 72 0.3937
1151 42 81 0.3937
1194 42 79 0.3622
1236 5 72 0.378
1242 5 74 0.3937
1247 31 76 0.3937
1279 5 76 0.3858
1284 5 77 0.4094
1289 31 79 0.4252
1321 5 77 0.4094
1327 5 79 0.4173
1332 31 81 0.4331
1364 42 79 0.3622
1407 5 72 0.378
1412 5 74 0.3937
1417 31 76 0.3937
1449 5 76 0.3858
1455 5 77 0.4094
1460 31 79 0.4252
1492 5 84 0.4094
1497 5 83 0.4173
1503 31 81 0.4331
1535 42 79 0.4331
1577 10 77 0.4409
1588 10 76 0.378
1599 10 74 0.4331
1609 10 72 0.4016
1620 7 74 0.3937
1627 7 76 0.3543
1634 7 74 0.3937
1641 7 76 0.3543
1648 7 74 0.3937
1656 7 76 0.3543
1663 7 74 0.3937
1670 7 76 0.3543
1677 7 74 0.3937
1684 5 76 0.3543
1689 5 74 0.3937
1695 5 76 0.3386
1700 5 74 0.3543
1705 85 72 0.4646
1812 21 79 0.4409
1833 21 67 0.3937
1855 21 79 0.4409
1876 21 69 0.4646
1897 21 79 0.4173
1918 21 77 0.4016
1940 21 76 0.4252
1961 21 77 0.4646
1982 21 74 0.4252
2004 21 72 0.4252
2025 21 71 0.3622
2046 21 72 0.4252
2068 21 71 0.3622
2089 21 72 0.4331
2110 21 76 0.3858
2132 21 72 0.4016
2153 21 79 0.4646
2174 21 67 0.4252
2196 21 79 0.4252
2217 21 69 0.4409
2238 21 79 0.4173
2260 21 77 0.4646
2281 21 76 0.4173
2302 21 77 0.4488
2324 21 74 0.4252
2345 7 72 0.4252
2352 7 74 0.378
2359 7 72 0.378
2366 21 71 0.4488
2388 85 72 0.4961
2558 85 77 0.5197
2558 85 72 0.4331
2558 85 69 0.4331
2558 85 65 0.4331
2643 31 69 0.3937
2675 10 72 0.3543
2686 31 70 0.3937
2718 10 74 0.3543
2729 42 72 0.3937
2771 21 65 0.3622
2814 21 65 0.3622
2857 21 65 0.3622
2899 7 67 0.3543
2906 7 69 0.3228
2913 7 67 0.3543
2921 5 69 0.3071
2926 5 67 0.3543
2931 5 69 0.315
2937 5 67 0.315
2942 42 65 0.3937
2985 21 72 0.4173
3006 21 69 0.3622
3027 21 67 0.3937
3049 21 65 0.3701
3070 7 67 0.3543
3077 7 69 0.3228
3084 7 67 0.3543
3091 5 69 0.3071
3097 5 67 0.3543
3102 5 69 0.315
3107 5 67 0.315
3113 42 65 0.3937
3198 42 72 0.3937
3240 31 74 0.3937
3272 10 77 0.3622
3283 31 76 0.3937
3315 10 74 0.3543
3326 42 72 0.3937
3368 42 77 0.3622
3411 7 70 0.3937
3418 7 72 0.3543
3425 7 70 0.3937
3432 7 72 0.3543
3439 7 70 0.3937
3447 7 72 0.3543
3454 7 70 0.3937
3461 7 72 0.3543
3468 7 70 0.3937
3475 5 72 0.3543
3480 5 70 0.3937
3486 5 72 0.3386
3491 5 70 0.3543
3496 42 69 0.3937
3539 42 72 0.3622
3582 31 74 0.3937
3614 10 77 0.3622
3624 31 76 0.3937
3656 10 74 0.3543
3667 42 72 0.3937
3710 42 81 0.3937
3752 42 79 0.3622
3795 5 72 0.378
3800 5 74 0.3937
3805 31 76 0.3937
3837 5 76 0.3858
3843 5 77 0.4094
3848 31 79 0.4252
3880 5 77 0.4094
3885 5 79 0.4173
3891 31 81 0.4331
3923 42 79 0.3622
3965 5 72 0.378
3971 5 74 0.3937
3976 31 76 0.3937
4008 5 76 0.3858
4013 5 77 0.4094
4019 31 79 0.4252
4051 5 84 0.4094
4056 5 83 0.4173
4061 31 81 0.4331
4093 42 79 0.4331
4136 10 77 0.4409
4147 10 76 0.378
4157 10 74 0.4331
4168 10 72 0.4016
4179 7 74 0.3937
4186 7 76 0.3543
4193 7 74 0.3937
4200 7 76 0.3543
4207 7 74 0.3937
4214 7 76 0.3543
4221 7 74 0.3937
4228 7 76 0.3543
4235 7 74 0.3937
4243 5 76 0.3543
4248 5 74 0.3937
4253 5 76 0.3386
4259 5 74 0.3543
4264 85 72 0.4646
4370 21 79 0.4409
4392 21 67 0.3937
4413 21 79 0.4409
4434 21 69 0.4646
4456 21 79 0.4173
4477 21 77 0.4016
4498 21 76 0.4252
4520 21 77 0.4646
4541 21 74 0.4252
4562 21 72 0.4252
4584 21 71 0.3622
4605 21 72 0.4252
4626 21 71 0.3622
4648 21 72 0.4331
4669 21 76 0.3858
4690 21 72 0.4016
4712 21 79 0.4646
4733 21 67 0.4252
4754 21 79 0.4252
4776 21 69 0.4409
4797 21 79 0.4173
4818 21 77 0.4646
4840 21 76 0.4173
4861 21 77 0.4488
4882 21 74 0.4252
4904 7 72 0.4252
4911 7 74 0.378
4918 7 72 0.378
4925 21 71 0.4488
4946 85 72 0.4961
5117 85 72 0.5197
5117 85 67 0.4331
5117 85 64 0.4331
5202 31 64 0.3937
5234 10 67 0.3543
5245 31 65 0.3937
5277 10 69 0.3543
5287 42 67 0.3937
5330 21 70 0.315
5330 21 79 0.378
5373 21 70 0.315
5373 21 79 0.378
5415 21 67 0.3071
5415 21 70 0.3622
5458 85 69 0.4173
5458 85 65 0.3465
5543 31 65 0.3937
5575 10 69 0.3543
5586 31 67 0.3937
5618 10 70 0.3543
5628 42 69 0.3937
5671 21 69 0.315
5671 21 77 0.378
5714 21 69 0.315
5714 21 77 0.378
5756 21 69 0.3071
5756 21 72 0.3622
5799 85 70 0.4646
5799 85 67 0.3858
5884 31 67 0.3937
5916 10 70 0.3543
5927 31 69 0.3937
5959 10 72 0.3543
5970 42 70 0.3937
6012 21 79 0.315
6012 21 82 0.378
6055 21 79 0.315
6055 21 82 0.378
6098 21 67 0.3071
6098 21 70 0.3622
6140 85 65 0.3622
6140 85 69 0.4409
6226 21 84 0.4173
6247 21 81 0.3622
6268 21 79 0.4016
6289 21 77 0.3701
6311 7 79 0.3543
6318 7 81 0.3228
6325 7 79 0.3543
6332 5 81 0.3071
6337 5 79 0.3543
6343 5 81 0.315
6348 5 79 0.315
6353 42 77 0.3937
6396 21 84 0.4173
6417 21 81 0.3622
6439 21 79 0.3937
6460 21 77 0.3701
6481 7 79 0.3543
6488 7 81 0.3228
6496 7 79 0.3543
6503 5 81 0.3071
6508 5 79 0.3543
6513 5 81 0.315
6519 5 79 0.315
6524 42 77 0.3937
6567 21 72 0.3937
6588 21 84 0.3307
6609 21 72 0.3937
6631 21 84 0.3622
6652 21 74 0.4646
6673 21 84 0.4173
6695 21 82 0.4016
6716 21 81 0.4252
6737 21 82 0.4646
6759 21 74 0.4252
6780 21 82 0.4252
6801 21 74 0.3622
6823 21 82 0.4646
6844 21 72 0.4173
6865 21 79 0.4016
6886 21 82 0.4252
6908 21 81 0.4646
6929 21 77 0.4252
6950 21 76 0.4252
6972 21 77 0.3622
6993 42 74 0.4409
7036 14 82 0.4646
7050 14 81 0.3937
7064 14 79 0.4094
7078 14 82 0.4646
7093 14 81 0.4173
7107 14 79 0.4173
7121 14 81 0.4646
7135 14 79 0.4016
7149 14 77 0.4016
7164 14 76 0.4646
7178 14 77 0.4016
7192 14 79 0.4016
7206 42 72 0.4409
7334 85 77 0.5197
7334 85 72 0.4331
7334 85 69 0.4331
7334 85 65 0.4331
7420 31 69 0.3937
7452 10 72 0.3543
7462 31 70 0.3937
7494 10 74 0.3543
7505 42 72 0.3937
7547 21 65 0.3622
7590 21 65 0.3622
7633 21 65 0.3622
7675 7 67 0.3543
7683 7 69 0.3228
7690 7 67 0.3543
7697 5 69 0.3071
7702 5 67 0.3543
7707 5 69 0.315
7713 5 67 0.315
7718 42 65 0.3937
7761 21 72 0.4173
7782 21 69 0.3622
7803 21 67 0.3937
7825 21 65 0.3701
7846 7 67 0.3543
7853 7 69 0.3228
7860 7 67 0.3543
7867 5 69 0.3071
7873 5 67 0.3543
7878 5 69 0.315
7883 5 67 0.315
7889 42 65 0.3937
7974 42 72 0.3937
8017 31 74 0.3937
8049 10 77 0.3622
8059 31 76 0.3937
8091 10 74 0.3543
8102 42 72 0.3937
8144 42 77 0.3622
8187 7 70 0.3937
8194 7 72 0.3543
8201 7 70 0.3937
8208 7 72 0.3543
8216 7 70 0.3937
8223 7 72 0.3543
8230 7 70 0.3937
8237 7 72 0.3543
8244 7 70 0.3937
8251 5 72 0.3543
8256 5 70 0.3937
8262 5 72 0.3386
8267 5 70 0.3543
8272 42 69 0.3937
8315 14 77 0.4331
8329 14 76 0.3937
8343 14 74 0.3858
8358 42 72 0.3622
8400 5 65 0.378
8406 5 67 0.3937
8411 31 69 0.3937
8443 5 69 0.3858
8448 5 70 0.4094
8454 31 72 0.4252
8486 5 70 0.4094
8491 5 72 0.4173
8496 31 74 0.4331
8528 42 72 0.3622
8571 5 72 0.3858
8576 5 74 0.4173
8582 31 76 0.4252
8614 5 77 0.4331
8619 5 79 0.4488
8624 31 81 0.4567
8656 5 82 0.4724
8662 5 84 0.4882
8667 31 86 0.5039
8699 42 84 0.5118
8741 10 82 0.4409
8752 10 81 0.378
8763 10 79 0.4331
8773 10 77 0.4016
8784 7 79 0.3937
8791 7 81 0.3543
8798 7 79 0.3937
8805 7 81 0.3543
8813 7 79 0.3937
8820 7 81 0.3543
8827 7 79 0.3937
8834 7 81 0.3543
8841 7 79 0.3937
8848 5 81 0.3543
8853 5 79 0.3937
8859 5 81 0.3386
8864 5 79 0.3543
8869 85 77 0.4646
8976 21 84 0.4409
8997 21 72 0.3937
9019 21 84 0.4409
9040 21 74 0.4646
9061 21 84 0.4173
9083 21 82 0.4016
9104 21 81 0.4252
9125 21 82 0.4646
9147 21 79 0.4252
9168 7 77 0.4252
9175 7 79 0.378
9182 7 77 0.378
9189 21 76 0.3622
9211 7 77 0.4252
9218 7 79 0.378
9225 7 77 0.378
9232 21 76 0.3622
9253 21 77 0.4331
9275 21 81 0.3858
9296 21 77 0.4016
9317 21 84 0.4646
9339 21 72 0.4252
9360 21 84 0.4252
9381 21 74 0.4409
9402 21 84 0.4173
9424 21 82 0.4646
9445 21 81 0.4173
9466 21 82 0.4488
9488 21 79 0.4252
9509 7 77 0.4252
9516 7 79 0.378
9523 7 77 0.378
9530 21 76 0.4488
9552 85 77 0.4961
9722 85 72 0.5197
9722 85 67 0.4331
9722 85 64 0.4331
9808 31 64 0.3937
9840 10 67 0.3543
9850 31 65 0.3937
9882 10 69 0.3543
9893 42 67 0.3937
9936 21 70 0.315
9936 21 79 0.378
9978 21 70 0.315
9978 21 79 0.378
10021 21 67 0.3071
10021 21 70 0.3622
10063 85 69 0.4173
10063 85 65 0.3465
10149 31 65 0.3937
10181 10 69 0.3543
10191 31 67 0.3937
10223 10 70 0.3543
10234 42 69 0.3937
10277 21 69 0.315
10277 21 77 0.378
10319 21 69 0.315
10319 21 77 0.378
10362 21 69 0.3071
10362 21 72 0.3622
10405 85 70 0.4646
10405 85 67 0.3858
10490 31 67 0.3937
10522 10 70 0.3543
10533 31 69 0.3937
10565 10 72 0.3543
10575 42 70 0.3937
10618 21 79 0.315
10618 21 82 0.378
10660 21 79 0.315
10660 21 82 0.378
10703 21 67 0.3071
10703 21 70 0.3622
10746 85 65 0.3622
10746 85 69 0.4409
10831 21 84 0.4173
10852 21 81 0.3622
10874 21 79 0.4016
10895 21 77 0.3701
10916 7 79 0.3543
10923 7 81 0.3228
10931 7 79 0.3543
10938 5 81 0.3071
10943 5 79 0.3543
10948 5 81 0.315
10954 5 79 0.315
10959 42 77 0.3937
11002 21 84 0.4173
11023 21 81 0.3622
11044 21 79 0.3937
11066 21 77 0.3701
11087 7 79 0.3543
11094 7 81 0.3228
11101 7 79 0.3543
11108 5 81 0.3071
11114 5 79 0.3543
11119 5 81 0.315
11124 5 79 0.315
11130 42 77 0.3937
11172 21 72 0.3937
11194 21 84 0.3307
11215 21 72 0.3937
11236 21 84 0.3622
11257 21 74 0.4646
11279 21 84 0.4173
11300 21 82 0.4016
11321 21 81 0.4252
11343 21 82 0.4646
11364 21 74 0.4252
11385 21 82 0.4252
11407 21 74 0.3622
11428 21 82 0.4646
11449 21 72 0.4173
11471 21 79 0.4016
11492 21 82 0.4252
11513 21 81 0.4646
11535 21 77 0.4252
11556 21 76 0.4252
11577 21 77 0.3622
11599 42 74 0.4409
11641 14 82 0.4646
11655 14 81 0.3937
11670 14 79 0.4094
11684 14 82 0.4646
11698 14 81 0.4173
11712 14 79 0.4173
11727 14 81 0.4646
11741 14 79 0.4016
11755 14 77 0.4016
11769 14 76 0.4646
11783 14 77 0.4016
11798 14 79 0.4016
11812 42 72 0.4409
11940 85 77 0.5197
11940 85 72 0.4331
11940 85 69 0.4331
11940 85 65 0.4331
12025 31 69 0.3937
12057 10 72 0.3543
12068 31 70 0.3937
12100 10 74 0.3543
12110 42 72 0.3937
12153 21 65 0.3622
12196 21 65 0.3622
12238 21 65 0.3622
12281 7 67 0.3543
12288 7 69 0.3228
12295 7 67 0.3543
12302 5 69 0.3071
12308 5 67 0.3543
12313 5 69 0.315
12318 5 67 0.315
12324 42 65 0.3937
12366 21 72 0.4173
12388 21 69 0.3622
12409 21 67 0.3937
12430 21 65 0.3701
12452 7 67 0.3543
12459 7 69 0.3228
12466 7 67 0.3543
12473 5 69 0.3071
12478 5 67 0.3543
12484 5 69 0.315
12489 5 67 0.315
12494 42 65 0.3937
12579 42 72 0.3937
12622 31 74 0.3937
12654 10 77 0.3622
12665 31 76 0.3937
12697 10 74 0.3543
12707 42 72 0.3937
12750 42 77 0.3622
12793 7 70 0.3937
12800 7 72 0.3543
12807 7 70 0.3937
12814 7 72 0.3543
12821 7 70 0.3937
12828 7 72 0.3543
12835 7 70 0.3937
12842 7 72 0.3543
12850 7 70 0.3937
12857 5 72 0.3543
12862 5 70 0.3937
12867 5 72 0.3386
12873 5 70 0.3543
12878 42 69 0.3937
12921 14 77 0.4331
12935 14 76 0.3937
12949 14 74 0.3858
12963 42 72 0.3622
13006 5 65 0.378
13011 5 67 0.3937
13017 31 69 0.3937
13049 5 69 0.3858
13054 5 70 0.4094
13059 31 72 0.4252
13091 5 70 0.4094
13097 5 72 0.4173
13102 31 74 0.4331
13134 42 72 0.3622
13176 5 72 0.3858
13182 5 74 0.4173
13187 31 76 0.4252
13219 5 77 0.4331
13224 5 79 0.4488
13230 31 81 0.4567
13262 5 82 0.4724
13267 5 84 0.4882
13272 31 86 0.5039
13304 42 84 0.5118
13347 10 82 0.4409
13358 10 81 0.378
13368 10 79 0.4331
13379 10 77 0.4016
13390 7 79 0.3937
13397 7 81 0.3543
13404 7 79 0.3937
13411 7 81 0.3543
13418 7 79 0.3937
13425 7 81 0.3543
13432 7 79 0.3937
13439 7 81 0.3543
13447 7 79 0.3937
13454 5 81 0.3543
13459 5 79 0.3937
13464 5 81 0.3386
13470 5 79 0.3543
13475 85 77 0.4646
13582 21 84 0.4409
13603 21 72 0.3937
13624 21 84 0.4409
13646 21 74 0.4646
13667 21 84 0.4173
13688 21 82 0.4016
13710 21 81 0.4252
13731 21 82 0.4646
13752 21 79 0.4252
13773 7 77 0.4252
13781 7 79 0.378
13788 7 77 0.378
13795 21 76 0.3622
13816 7 77 0.4252
13823 7 79 0.378
13830 7 77 0.378
13837 21 76 0.3622
13859 21 77 0.4331
13880 21 81 0.3858
13901 21 77 0.4016
13923 21 84 0.4646
13944 21 72 0.4252
13965 21 84 0.4252
13987 21 74 0.4409
14008 21 84 0.4173
14029 21 82 0.4646
14051 21 81 0.4173
14072 21 82 0.4488
14093 21 79 0.4252
14115 7 77 0.4252
14122 7 79 0.378
14129 7 77 0.378
14136 21 76 0.4488
14157 85 77 0.4961
0 85 53 0.3543
0 85 41 0.2992
85 42 53 0.3228
85 42 41 0.2677
127 42 55 0.2598
127 42 43 0.2205
170 85 57 0.3228
170 85 45 0.2677
298 21 57 0.2283
298 21 60 0.2756
341 42 62 0.252
341 42 58 0.2126
383 42 57 0.189
383 42 60 0.2283
469 42 60 0.2756
469 42 57 0.2283
511 42 62 0.252
511 42 58 0.2126
554 42 57 0.189
554 42 60 0.2283
639 42 69 0.2677
639 42 65 0.2205
682 85 70 0.2992
682 85 65 0.252
767 85 65 0.2835
767 85 69 0.2283
852 42 67 0.2677
895 42 60 0.2598
938 42 65 0.3228
980 42 65 0.2362
980 42 69 0.2913
1023 85 70 0.2992
1023 85 65 0.252
1108 42 65 0.2283
1108 42 69 0.2835
1151 42 53 0.2283
1151 42 65 0.2835
1194 85 64 0.3228
1194 85 52 0.2677
1321 42 65 0.2677
1321 42 53 0.2205
1364 85 64 0.3228
1364 85 52 0.2677
1492 42 65 0.2677
1492 42 53 0.2205
1535 42 64 0.3622
1535 42 52 0.3071
1577 42 65 0.3071
1577 42 53 0.2598
1620 42 67 0.3307
1663 42 55 0.3228
1705 42 60 0.3543
1748 10 55 0.3307
1791 42 48 0.378
1833 42 40 0.315
1833 42 52 0.378
1876 42 41 0.315
1876 42 53 0.378
1961 42 53 0.3622
1961 42 41 0.3071
2004 42 55 0.3543
2004 42 43 0.2992
2046 127 45 0.315
2046 127 57 0.378
2174 42 52 0.3543
2174 42 40 0.2992
2217 127 41 0.315
2217 127 53 0.378
2345 42 55 0.3622
2345 42 43 0.3071
2388 42 48 0.3937
2430 10 43 0.3543
2473 42 36 0.3858
2558 85 53 0.3543
2558 85 41 0.2992
2643 42 53 0.3228
2643 42 41 0.2677
2686 42 55 0.2598
2686 42 43 0.2205
2729 85 57 0.3228
2729 85 45 0.2677
2857 21 57 0.2283
2857 21 60 0.2756
2899 42 62 0.252
2899 42 58 0.2126
2942 42 57 0.189
2942 42 60 0.2283
3027 42 60 0.2756
3027 42 57 0.2283
3070 42 62 0.252
3070 42 58 0.2126
3113 42 57 0.189
3113 42 60 0.2283
3198 42 69 0.2677
3198 42 65 0.2205
3240 85 70 0.2992
3240 85 65 0.252
3326 85 65 0.2835
3326 85 69 0.2283
3411 42 67 0.2677
3454 42 60 0.2598
3496 42 65 0.3228
3539 42 65 0.2362
3539 42 69 0.2913
3582 85 70 0.2992
3582 85 65 0.252
3667 42 65 0.2283
3667 42 69 0.2835
3710 42 53 0.2283
3710 42 65 0.2835
3752 85 64 0.3228
3752 85 52 0.2677
3880 42 65 0.2677
3880 42 53 0.2205
3923 85 64 0.3228
3923 85 52 0.2677
4051 42 65 0.2677
4051 42 53 0.2205
4093 42 64 0.3622
4093 42 52 0.3071
4136 42 65 0.3071
4136 42 53 0.2598
4179 42 67 0.3307
4221 42 55 0.3228
4264 42 60 0.3543
4307 10 55 0.3307
4349 42 48 0.378
4392 42 40 0.315
4392 42 52 0.378
4434 42 41 0.315
4434 42 53 0.378
4520 42 53 0.3622
4520 42 41 0.3071
4562 42 55 0.3543
4562 42 43 0.2992
4605 127 45 0.315
4605 127 57 0.378
4733 42 52 0.3543
4733 42 40 0.2992
4776 127 41 0.315
4776 127 53 0.378
4904 42 55 0.3622
4904 42 43 0.3071
4946 42 48 0.3937
4989 10 43 0.3543
5031 42 36 0.3858
5117 85 48 0.3543
5117 85 36 0.2992
5202 42 60 0.3228
5245 42 62 0.2598
5287 85 64 0.3228
5458 85 48 0.2205
5458 85 36 0.189
5543 42 62 0.3228
5586 42 64 0.2598
5628 85 65 0.3228
5799 85 48 0.252
5799 85 36 0.2126
5884 42 64 0.3228
5927 42 65 0.2598
5970 85 67 0.3228
6140 85 41 0.2756
6268 42 60 0.2756
6268 42 57 0.2283
6311 42 62 0.252
6311 42 58 0.2126
6353 42 57 0.189
6353 42 60 0.2283
6439 42 60 0.2756
6439 42 57 0.2283
6481 42 62 0.252
6481 42 58 0.2126
6524 42 57 0.189
6524 42 60 0.2283
6609 42 45 0.315
6609 42 57 0.378
6652 85 46 0.315
6652 85 58 0.378
6737 85 55 0.3622
6737 85 43 0.3071
6823 85 40 0.315
6823 85 52 0.378
6908 85 41 0.3071
6908 85 53 0.3622
6993 127 58 0.378
6993 127 46 0.315
7121 42 59 0.3228
7121 42 47 0.2677
7164 85 48 0.3307
7164 85 60 0.3937
7334 85 53 0.3543
7334 85 41 0.2992
7420 42 53 0.3228
7420 42 41 0.2677
7462 42 55 0.2598
7462 42 43 0.2205
7505 85 57 0.3228
7505 85 45 0.2677
7633 21 57 0.2283
7633 21 60 0.2756
7675 42 62 0.252
7675 42 58 0.2126
7718 42 57 0.189
7718 42 60 0.2283
7803 42 60 0.2756
7803 42 57 0.2283
7846 42 62 0.252
7846 42 58 0.2126
7889 42 57 0.189
7889 42 60 0.2283
7974 42 69 0.2677
7974 42 65 0.2205
8017 85 70 0.2992
8017 85 65 0.252
8102 85 65 0.2835
8102 85 69 0.2283
8187 42 67 0.2677
8230 42 60 0.2598
8272 42 65 0.3228
8315 42 70 0.2913
8358 52 69 0.3228
8486 42 58 0.2677
8486 42 46 0.2205
8528 85 57 0.3228
8528 85 45 0.2677
8656 42 58 0.2677
8656 42 46 0.2205
8699 42 57 0.3622
8699 42 45 0.3071
8741 42 58 0.3071
8741 42 46 0.2598
8784 42 60 0.3307
8827 42 48 0.3228
8869 42 53 0.3543
8912 10 48 0.3307
8955 42 41 0.378
8997 42 45 0.315
8997 42 57 0.378
9040 127 46 0.315
9040 127 58 0.378
9168 42 60 0.3543
9168 42 48 0.2992
9211 85 50 0.315
9211 85 62 0.378
9339 42 45 0.3543
9339 42 33 0.2992
9381 85 34 0.315
9381 85 46 0.378
9466 85 36 0.3071
9466 85 48 0.3622
9552 85 29 0.2992
9552 85 41 0.3937
9722 85 48 0.3543
9722 85 36 0.2992
9808 42 60 0.3228
9850 42 62 0.2598
9893 85 64 0.3228
10063 85 48 0.2205
10063 85 36 0.189
10149 42 62 0.3228
10191 42 64 0.2598
10234 85 65 0.3228
10405 85 48 0.252
10405 85 36 0.2126
10490 42 64 0.3228
10533 42 65 0.2598
10575 85 67 0.3228
10746 85 41 0.2756
10874 42 60 0.2756
10874 42 57 0.2283
10916 42 62 0.252
10916 42 58 0.2126
10959 42 57 0.189
10959 42 60 0.2283
11044 42 60 0.2756
11044 42 57 0.2283
11087 42 62 0.252
11087 42 58 0.2126
11130 42 57 0.189
11130 42 60 0.2283
11215 42 45 0.315
11215 42 57 0.378
11257 85 46 0.315
11257 85 58 0.378
11343 85 55 0.3622
11343 85 43 0.3071
11428 85 40 0.315
11428 85 52 0.378
11513 85 41 0.3071
11513 85 53 0.3622
11599 127 58 0.378
11599 127 46 0.315
11727 42 59 0.3228
11727 42 47 0.2677
11769 85 48 0.3307
11769 85 60 0.3937
11940 85 53 0.3543
11940 85 41 0.2992
12025 42 53 0.3228
12025 42 41 0.2677
12068 42 55 0.2598
12068 42 43 0.2205
12110 85 57 0.3228
12110 85 45 0.2677
12238 21 57 0.2283
12238 21 60 0.2756
12281 42 62 0.252
12281 42 58 0.2126
12324 42 57 0.189
12324 42 60 0.2283
12409 42 60 0.2756
12409 42 57 0.2283
12452 42 62 0.252
12452 42 58 0.2126
12494 42 57 0.189
12494 42 60 0.2283
12579 42 69 0.2677
12579 42 65 0.2205
12622 85 70 0.2992
12622 85 65 0.252
12707 85 65 0.2835
12707 85 69 0.2283
12793 42 67 0.2677
12835 42 60 0.2598
12878 42 65 0.3228
12921 42 70 0.2913
12963 52 69 0.3228
13091 42 58 0.2677
13091 42 46 0.2205
13134 85 57 0.3228
13134 85 45 0.2677
13262 42 58 0.2677
13262 42 46 0.2205
13304 42 57 0.3622
13304 42 45 0.3071
13347 42 58 0.3071
13347 42 46 0.2598
13390 42 60 0.3307
13432 42 48 0.3228
13475 42 53 0.3543
13518 10 48 0.3307
13560 42 41 0.378
13603 42 45 0.315
13603 42 57 0.378
13646 127 46 0.315
13646 127 58 0.378
13773 42 60 0.3543
13773 42 48 0.2992
13816 85 50 0.315
13816 85 62 0.378
13944 42 45 0.3543
13944 42 33 0.2992
13987 85 34 0.315
13987 85 46 0.378
14072 85 36 0.3071
14072 85 48 0.3622
14157 85 29 0.2992
14157 85 41 0.3937
