0 246 64 0.3071
0 246 68 0.3701
0 61 37 0.2441
107 15 49 0.2126
123 61 61 0.252
184 61 73 0.2441
246 92 64 0.2756
246 92 68 0.3228
339 30 66 0.315
339 30 63 0.2677
369 246 63 0.3228
369 246 66 0.3858
369 61 37 0.2441
477 15 49 0.2126
493 61 61 0.252
554 61 73 0.2441
616 123 66 0.3465
616 123 63 0.2913
739 246 69 0.3858
739 246 66 0.3228
739 61 37 0.2441
847 15 49 0.2126
862 61 61 0.252
924 61 73 0.2598
986 61 66 0.2598
986 61 69 0.3071
1047 30 68 0.2835
1047 30 64 0.2362
1078 30 63 0.2205
1078 30 66 0.2677
1109 246 68 0.3701
1109 246 64 0.3071
1109 61 37 0.2441
1217 15 49 0.2126
1232 61 61 0.252
1294 61 73 0.2598
1356 123 64 0.2756
1356 123 68 0.3228
1479 246 65 0.3228
1479 246 71 0.3858
1479 61 37 0.2441
1587 15 49 0.2126
1602 61 61 0.252
1664 61 73 0.3228
1725 30 65 0.2598
1725 61 71 0.3071
1756 30 68 0.2598
1787 30 69 0.2835
1787 30 66 0.2362
1818 30 68 0.2677
1818 30 65 0.2205
1849 184 66 0.3228
1849 184 69 0.3858
1849 61 37 0.2441
1957 15 49 0.2126
1972 61 61 0.252
2034 61 73 0.3228
2034 61 66 0.2205
2034 61 69 0.2677
2095 61 66 0.315
2095 61 69 0.378
2157 61 69 0.3858
2157 61 66 0.315
2219 246 73 0.4567
2219 246 69 0.3858
2219 61 37 0.2913
2326 15 49 0.2362
2342 61 61 0.2835
2403 61 73 0.3543
2465 92 69 0.3071
2465 92 73 0.3701
2558 30 69 0.2677
2558 30 66 0.2205
2588 308 64 0.2835
2588 308 68 0.3465
2588 61 37 0.2441
2696 15 49 0.2126
2712 61 61 0.252
2773 61 73 0.2598
2897 61 64 0.315
2897 61 68 0.3858
2958 92 64 0.3937
2958 92 69 0.3937
2958 92 73 0.4646
2958 61 32 0.2677
2958 61 44 0.315
3051 30 72 0.4094
3051 30 63 0.3465
3051 30 68 0.3465
3066 15 44 0.3307
3081 184 63 0.3858
3081 184 68 0.3858
3081 184 72 0.4567
3081 61 56 0.378
3143 61 80 0.3937
3266 61 72 0.4882
3266 61 68 0.4016
3328 92 67 0.4488
3328 92 73 0.4488
3328 92 76 0.5276
3328 61 32 0.3071
3328 61 44 0.3622
3420 30 72 0.3937
3420 30 68 0.3937
3420 30 75 0.4646
3436 15 44 0.378
3451 184 68 0.4409
3451 184 75 0.5197
3451 184 72 0.4409
3451 61 56 0.4331
3513 61 80 0.4567
3636 61 68 0.4409
3636 61 72 0.4409
3636 61 75 0.5354
3698 92 80 0.5748
3698 92 68 0.4882
3698 92 76 0.4882
3698 61 44 0.3937
3698 61 32 0.3307
3790 30 69 0.4331
3790 30 75 0.4331
3790 30 78 0.5039
3806 15 44 0.4094
3821 184 78 0.5669
3821 184 75 0.4803
3821 184 69 0.4803
3821 61 56 0.4724
3883 61 80 0.4961
4006 61 69 0.4803
4006 61 78 0.5827
4006 61 75 0.4803
4068 92 73 0.5354
4068 92 76 0.5354
4068 92 81 0.6299
4068 61 44 0.4331
4068 61 32 0.3622
4160 30 80 0.5512
4160 30 75 0.4724
4160 30 72 0.4724
4176 15 44 0.4094
4191 616 72 0.5276
4191 616 75 0.5276
4191 616 80 0.622
4191 61 56 0.4724
4253 61 68 0.4646
4438 61 32 0.2835
4438 61 44 0.3465
4545 15 44 0.3071
4561 61 56 0.3465
4622 61 68 0.3228
4807 308 76 0.3228
4807 308 80 0.3858
4807 308 71 0.3228
4807 308 68 0.3228
4807 61 32 0.2047
4807 61 44 0.2441
4915 15 47 0.2126
4931 61 59 0.252
4992 61 88 0.3307
5116 61 76 0.3465
5116 61 71 0.2835
5116 61 64 0.2835
5177 123 64 0.3228
5177 123 69 0.3228
5177 92 75 0.3858
5177 61 45 0.2441
5177 61 33 0.2047
5270 30 73 0.3858
5285 15 49 0.2126
5301 184 69 0.315
5301 184 64 0.315
5301 184 73 0.3858
5301 61 61 0.252
5362 61 85 0.3228
5485 61 73 0.3465
5485 61 69 0.2835
5485 61 64 0.2835
5547 92 64 0.3228
5547 123 66 0.3228
5547 92 73 0.3858
5547 61 47 0.2441
5547 61 35 0.2047
5640 30 71 0.3858
5640 30 63 0.3543
5655 15 47 0.2126
5670 184 63 0.315
5670 184 66 0.315
5670 184 71 0.3858
5670 61 59 0.252
5732 61 83 0.2835
5855 61 69 0.3228
5855 61 64 0.2677
5855 61 61 0.2677
5917 123 59 0.2677
5917 123 64 0.2677
5917 123 68 0.315
5917 61 40 0.2441
6025 15 47 0.2126
6040 246 59 0.2362
6040 246 56 0.2362
6040 246 64 0.2835
6040 61 52 0.252
6102 61 76 0.252
6287 246 68 0.3701
6287 246 64 0.3071
6287 61 40 0.2441
6395 15 47 0.2126
6410 61 59 0.252
6472 61 71 0.252
6533 92 64 0.2756
6533 92 68 0.3228
6626 30 63 0.2677
6626 30 66 0.315
6657 246 66 0.3858
6657 246 63 0.3228
6657 61 40 0.2441
6764 15 47 0.2126
6780 61 59 0.252
6841 61 71 0.252
6903 123 63 0.2913
6903 123 66 0.3465
7026 246 61 0.3228
7026 246 69 0.3858
7026 61 40 0.2441
7134 15 47 0.2126
7150 61 59 0.252
7211 61 71 0.252
7273 30 63 0.2598
7273 61 69 0.3071
7304 30 66 0.2283
7335 30 68 0.2835
7335 30 64 0.2362
7365 30 63 0.2205
7365 30 66 0.2677
7396 246 68 0.3701
7396 246 64 0.3071
7396 61 40 0.2441
7504 15 47 0.2126
7520 61 59 0.252
7581 61 71 0.2441
7643 123 64 0.2992
7643 123 68 0.3543
7766 246 62 0.3701
7766 246 71 0.4409
7766 246 68 0.3701
7766 61 40 0.2756
7874 15 52 0.2677
7889 61 64 0.3228
7951 61 76 0.3701
8013 92 62 0.2913
8013 92 68 0.2913
8013 92 71 0.3465
8105 30 61 0.252
8105 30 69 0.3071
8136 184 69 0.4409
8136 184 61 0.3701
8136 61 40 0.2756
8244 15 52 0.2677
8259 61 64 0.3228
8321 61 61 0.252
8321 61 69 0.3071
8321 61 76 0.3701
8382 61 69 0.4331
8382 61 61 0.3622
8444 61 61 0.3622
8444 61 69 0.4409
8506 246 73 0.5197
8506 246 69 0.4409
8506 246 63 0.4409
8506 61 40 0.3307
8614 15 52 0.2913
8629 61 64 0.3543
8691 61 76 0.378
8752 92 63 0.315
8752 92 69 0.315
8752 92 73 0.3858
8845 30 68 0.252
8845 30 64 0.252
8845 30 71 0.2992
8876 308 68 0.3228
8876 308 71 0.3858
8876 184 64 0.3228
8876 61 40 0.2441
8983 15 52 0.2362
8999 184 64 0.2835
9061 61 76 0.2677
9184 61 68 0.3307
9184 61 64 0.3307
9184 61 71 0.4016
9245 92 76 0.4803
9245 92 68 0.4094
9245 92 71 0.4094
9245 61 35 0.2756
9245 61 47 0.3307
9338 30 66 0.3622
9338 30 71 0.3622
9338 30 75 0.4252
9353 15 47 0.3465
9369 184 75 0.4803
9369 184 71 0.4016
9369 184 66 0.4016
9369 61 59 0.3937
9430 61 83 0.4173
9554 61 66 0.4252
9554 61 75 0.5197
9554 61 71 0.4252
9615 123 71 0.4724
9615 92 76 0.4724
9615 92 80 0.5591
9615 61 35 0.3228
9615 61 47 0.3858
9708 30 78 0.4961
9708 30 75 0.4252
9723 15 47 0.4016
9739 184 75 0.4724
9739 184 71 0.4724
9739 184 78 0.5591
9739 61 59 0.4646
9800 61 83 0.4882
9923 61 80 0.5827
9923 61 71 0.4803
9923 61 76 0.4803
9985 92 76 0.5354
9985 92 80 0.5354
9985 92 85 0.6299
9985 61 35 0.3622
9985 61 47 0.4331
10078 30 83 0.5512
10078 30 78 0.4724
10078 30 75 0.4724
10093 15 47 0.4094
10108 616 75 0.5276
10108 616 78 0.5276
10108 554 83 0.622
10108 61 59 0.4724
10170 61 71 0.4646
10355 61 35 0.2835
10463 15 47 0.3071
10478 61 59 0.3465
10540 61 71 0.2913
10663 61 81 0.3858
10725 308 68 0.3228
10725 308 80 0.3858
10725 308 76 0.3228
10725 61 37 0.2441
10833 15 49 0.2362
10848 61 61 0.2835
10910 61 73 0.2992
11033 61 64 0.2835
11033 61 68 0.2835
11033 61 76 0.3465
11095 92 75 0.3858
11095 123 66 0.3228
11095 123 69 0.3228
11095 61 42 0.2126
11095 61 30 0.1811
11187 30 73 0.3858
11202 15 42 0.2362
11218 184 66 0.315
11218 184 73 0.3858
11218 184 69 0.315
11218 61 54 0.2835
11280 61 81 0.2835
11403 61 63 0.2835
11403 61 69 0.2835
11403 61 73 0.3465
11464 123 73 0.3858
11464 246 64 0.3228
11464 308 68 0.3228
11464 61 32 0.2047
11464 61 44 0.2441
11572 15 44 0.2126
11588 184 71 0.3858
11588 61 56 0.252
11649 61 80 0.2992
11711 123 60 0.252
11773 61 66 0.2677
11773 61 69 0.3228
11834 123 61 0.2677
11834 123 64 0.2677
11834 123 68 0.315
11834 61 37 0.2441
11942 15 37 0.2126
11958 184 64 0.2835
11958 184 56 0.2362
11958 184 61 0.2362
11958 61 49 0.252
12019 61 73 0.252
12143 61 56 0.2362
12143 61 64 0.2835
12143 61 61 0.2362
12204 123 61 0.2677
12204 123 55 0.2677
12204 92 64 0.315
12204 61 33 0.2441
12204 61 45 0.2441
12297 30 63 0.315
12327 184 61 0.2362
12327 184 63 0.2835
12327 184 55 0.2362
12327 61 69 0.2756
12389 61 81 0.252
12512 61 63 0.3071
12512 61 61 0.2598
12512 61 55 0.2598
12574 123 54 0.2913
12574 123 61 0.2913
12574 92 64 0.3465
12574 61 33 0.2441
12574 61 45 0.2441
12666 30 63 0.315
12697 184 54 0.2362
12697 184 63 0.2835
12697 184 61 0.2362
12697 61 69 0.2756
12759 61 81 0.252
12882 61 63 0.2835
12882 61 61 0.2362
12882 61 54 0.2362
12944 184 54 0.2677
12944 184 60 0.2677
12944 184 63 0.315
12944 61 44 0.2441
12944 61 32 0.2441
13067 61 68 0.2756
13129 30 64 0.2756
13129 61 80 0.2756
13160 30 66 0.2756
13190 61 68 0.2756
13252 61 63 0.2835
13252 61 60 0.2362
13252 61 57 0.2362
13314 308 56 0.2677
13314 308 61 0.2677
13314 308 64 0.315
13314 61 37 0.2441
13437 61 49 0.252
13499 61 73 0.2677
13622 61 56 0.2362
13622 61 61 0.2362
13622 61 64 0.2835
13683 92 64 0.2677
13683 123 61 0.2205
13683 123 55 0.2205
13683 61 33 0.2047
13776 30 63 0.2677
13807 184 55 0.1969
13807 184 61 0.1969
13807 184 63 0.2362
13807 61 45 0.2283
13868 61 69 0.2283
13992 61 55 0.2205
13992 61 61 0.2205
13992 61 63 0.2598
14053 92 64 0.2913
14053 123 61 0.2441
14053 123 54 0.2441
14053 61 33 0.2047
14146 30 63 0.2677
14177 184 54 0.1969
14177 184 61 0.1969
14177 184 63 0.2362
14177 61 45 0.2283
14238 61 69 0.2283
14362 61 54 0.1969
14362 61 61 0.1969
14362 61 63 0.2362
14423 184 63 0.2205
14423 184 60 0.1811
14423 184 54 0.1811
14423 61 32 0.1732
14546 61 44 0.189
14608 30 64 0.189
14608 61 56 0.189
14639 30 66 0.189
14670 61 68 0.189
14731 61 60 0.1969
14731 61 54 0.1654
14731 61 57 0.1654
14793 739 61 0.2441
14793 739 52 0.1969
14793 739 56 0.1969
14793 61 37 0.2047
14916 61 49 0.2126
14978 61 73 0.2283
15163 61 37 0.2047
15286 61 49 0.2126
15348 61 73 0.2283
15475 61 32 0.3307
15533 123 49 0.2992
15533 123 52 0.2992
15533 123 57 0.3543
15533 30 33 0.2677
15563 15 45 0.2205
15594 15 45 0.2205
15625 15 45 0.2205
15656 123 49 0.2992
15656 123 57 0.3622
15656 30 33 0.2598
15687 15 45 0.2205
15718 15 45 0.2205
15748 15 45 0.2205
15779 123 50 0.2992
15779 123 57 0.2992
15779 123 59 0.3543
15779 30 33 0.252
15810 15 45 0.2205
15841 15 45 0.2205
15872 15 45 0.2205
15903 95 52 0.2992
15903 95 61 0.3622
15903 92 57 0.2992
15903 30 33 0.2677
15933 15 45 0.2283
15964 15 45 0.2283
15995 33 50 0.2835
15995 30 57 0.2835
15995 33 59 0.3307
15995 15 45 0.2283
16026 184 49 0.2835
16026 184 57 0.3307
16026 15 45 0.2283
16057 15 45 0.2283
16087 15 45 0.2283
16118 15 45 0.2283
16149 30 33 0.2677
16180 15 45 0.2047
16211 61 52 0.2992
16211 61 57 0.2992
16211 61 61 0.3622
16211 15 45 0.2283
16242 15 45 0.2441
16272 95 54 0.315
16272 92 57 0.315
16272 95 62 0.378
16272 30 33 0.2677
16303 15 45 0.2441
16334 15 45 0.2441
16365 33 52 0.2992
16365 30 57 0.2992
16365 33 61 0.3543
16365 15 45 0.2441
16396 61 50 0.3071
16396 61 57 0.3071
16396 61 59 0.3701
16396 15 45 0.2441
16426 15 45 0.2362
16457 61 54 0.2992
16457 61 57 0.2992
16457 61 62 0.3543
16457 30 33 0.2441
16488 30 45 0.2441
16519 61 52 0.2992
16519 61 57 0.2992
16519 61 61 0.3543
16519 30 33 0.2441
16550 30 45 0.2441
16581 61 49 0.2992
16581 61 52 0.2992
16581 61 57 0.3543
16581 30 37 0.2441
16611 30 49 0.2441
16642 184 47 0.3071
16642 184 52 0.3071
16642 184 56 0.3701
16642 30 40 0.2677
16673 30 40 0.2598
16704 30 40 0.2835
16735 30 40 0.3071
16765 15 40 0.2913
16796 15 40 0.2756
16827 61 47 0.2992
16827 61 54 0.2992
16827 61 56 0.3622
16827 15 38 0.2598
16858 15 38 0.2441
16889 61 49 0.3228
16889 61 52 0.3228
16889 61 56 0.3858
16889 15 37 0.2362
16920 15 37 0.2362
16950 61 50 0.3228
16950 61 52 0.3228
16950 61 56 0.3858
16950 15 35 0.2283
16981 15 35 0.2283
17012 123 49 0.2992
17012 123 52 0.2992
17012 123 57 0.3543
17012 30 33 0.2677
17043 15 45 0.2205
17074 15 45 0.2205
17104 15 45 0.2205
17135 123 49 0.2992
17135 123 57 0.3622
17135 30 33 0.2598
17166 15 45 0.2205
17197 15 45 0.2205
17228 15 45 0.2205
17259 123 50 0.2992
17259 123 57 0.2992
17259 123 59 0.3543
17259 30 33 0.252
17289 15 45 0.2205
17320 15 45 0.2205
17351 15 45 0.2205
17382 95 52 0.2992
17382 95 61 0.3622
17382 92 57 0.2992
17382 30 33 0.2677
17413 15 45 0.2283
17444 15 45 0.2283
17474 33 50 0.2835
17474 30 57 0.2835
17474 33 59 0.3307
17474 15 45 0.2283
17505 184 49 0.252
17505 184 57 0.2913
17505 15 45 0.2283
17536 15 45 0.2283
17567 15 33 0.2283
17598 15 45 0.2362
17628 30 31 0.3307
17659 30 43 0.2835
17690 61 54 0.3228
17690 61 52 0.3228
17690 61 58 0.3228
17690 61 61 0.3937
17690 23 28 0.3071
17721 23 42 0.3386
17752 95 50 0.3543
17752 92 54 0.3543
17752 95 59 0.3543
17752 95 62 0.4173
17752 30 35 0.3701
17783 30 47 0.2835
17813 30 47 0.2677
17844 33 54 0.2992
17844 33 52 0.2992
17844 30 58 0.2992
17844 33 61 0.3465
17844 30 49 0.252
17875 30 50 0.3071
17875 61 57 0.3071
17875 61 59 0.3701
17875 61 50 0.2441
17906 30 47 0.2362
17937 61 50 0.3228
17937 30 54 0.3228
17937 61 62 0.3858
17937 30 35 0.2677
17967 30 56 0.315
17967 30 47 0.2598
17998 61 52 0.3071
17998 61 57 0.3071
17998 61 61 0.3622
17998 30 37 0.252
18029 30 49 0.2441
18060 61 50 0.2992
18060 61 52 0.2992
18060 61 56 0.2992
18060 61 59 0.3543
18060 30 40 0.2441
18091 30 52 0.2441
18122 123 50 0.3071
18122 184 52 0.3071
18122 123 56 0.3071
18122 123 59 0.3701
18152 30 40 0.2283
18183 30 44 0.2441
18214 30 40 0.2598
18245 123 49 0.3071
18245 123 57 0.3701
18245 23 45 0.2756
18276 15 37 0.252
18306 15 38 0.252
18337 15 40 0.252
18368 15 42 0.252
18399 15 40 0.252
18430 15 42 0.2441
18461 15 44 0.2441
18491 123 69 0.4882
18491 30 45 0.2835
18512 20 64 0.2441
18532 20 61 0.2441
18553 20 64 0.2441
18553 30 49 0.1811
18553 30 52 0.2126
18574 20 61 0.2441
18594 20 57 0.2441
18615 123 69 0.4961
18615 30 45 0.2835
18635 20 64 0.2441
18656 20 61 0.2441
18676 20 64 0.2441
18676 30 49 0.189
18676 30 52 0.2205
18697 20 61 0.2441
18717 20 57 0.2441
18738 123 71 0.4882
18738 30 45 0.2835
18758 20 68 0.2441
18779 20 64 0.252
18800 20 68 0.252
18800 30 50 0.1969
18800 30 52 0.2283
18820 20 64 0.252
18841 20 59 0.252
18861 107 73 0.4961
18861 30 45 0.2835
18882 20 69 0.252
18902 20 64 0.252
18923 20 69 0.252
18923 30 52 0.2362
18943 20 64 0.252
18964 20 62 0.252
18969 15 71 0.4646
18984 184 69 0.4646
18984 30 45 0.2835
19005 20 64 0.2441
19026 20 61 0.2441
19046 20 64 0.2441
19046 30 52 0.2283
19046 30 49 0.1969
19067 20 61 0.2441
19087 20 57 0.2441
19108 30 45 0.2835
19128 20 61 0.252
19149 20 64 0.252
19169 20 61 0.252
19169 61 73 0.4961
19169 30 52 0.2283
19169 30 57 0.2283
19190 20 64 0.252
19211 20 69 0.252
19231 107 74 0.5276
19231 30 45 0.2835
19252 20 69 0.2677
19272 20 66 0.2677
19293 20 69 0.2677
19293 30 57 0.2205
19293 30 54 0.189
19313 20 66 0.2677
19334 20 64 0.252
19339 15 73 0.4882
19354 61 71 0.5197
19354 30 45 0.2835
19375 20 62 0.252
19395 20 69 0.252
19416 61 74 0.4882
19416 61 54 0.2126
19416 61 57 0.252
19437 20 66 0.2362
19457 20 69 0.2362
19478 61 73 0.4882
19478 61 52 0.2126
19478 61 57 0.252
19498 20 69 0.252
19519 20 64 0.252
19539 61 69 0.4882
19539 61 49 0.2205
19539 61 57 0.2598
19560 20 64 0.252
19580 20 61 0.252
19601 184 68 0.5197
19601 30 40 0.2835
19621 20 64 0.2441
19642 20 59 0.2441
19663 20 64 0.2441
19663 30 52 0.2598
19683 20 59 0.2441
19704 20 56 0.2441
19724 20 64 0.2441
19724 30 40 0.2598
19745 20 59 0.2441
19765 20 56 0.2441
19786 61 68 0.4961
19786 46 50 0.2126
19786 46 52 0.252
19806 20 66 0.252
19827 20 59 0.252
19847 61 68 0.5354
19847 46 49 0.2362
19847 46 52 0.2835
19868 20 64 0.2677
19889 20 61 0.2677
19909 61 68 0.5354
19909 46 47 0.2205
19909 46 52 0.2598
19930 20 64 0.252
19950 20 62 0.252
19971 123 69 0.4882
19971 30 45 0.2835
19991 20 64 0.2441
20012 20 61 0.2441
20032 20 64 0.2441
20032 30 49 0.1811
20032 30 52 0.2126
20053 20 61 0.2441
20073 20 57 0.2441
20094 123 69 0.4961
20094 30 45 0.2835
20115 20 64 0.2441
20135 20 61 0.2441
20156 20 64 0.2441
20156 30 49 0.189
20156 30 52 0.2205
20176 20 61 0.2441
20197 20 57 0.2441
20217 123 71 0.4882
20217 30 45 0.2835
20238 20 68 0.2441
20258 20 64 0.252
20279 20 68 0.252
20279 30 50 0.1969
20279 30 52 0.2283
20299 20 64 0.252
20320 20 59 0.252
20341 107 73 0.4961
20341 30 45 0.2835
20361 20 69 0.252
20382 20 64 0.252
20402 20 69 0.252
20402 30 52 0.2362
20423 20 64 0.252
20443 20 62 0.252
20448 15 71 0.4646
20464 184 69 0.4646
20464 30 45 0.2835
20484 20 64 0.2441
20505 20 61 0.2441
20525 20 64 0.2441
20525 30 45 0.2047
20525 30 52 0.2362
20525 30 49 0.2047
20546 20 61 0.2441
20567 20 57 0.2441
20587 30 43 0.2126
20587 30 49 0.2126
20587 30 52 0.2441
20608 20 61 0.252
20628 20 64 0.252
20649 20 70 0.252
20649 61 73 0.4961
20649 30 42 0.252
20649 30 49 0.252
20649 30 54 0.252
20669 20 66 0.252
20690 20 64 0.252
20710 107 74 0.5276
20710 30 47 0.315
20731 20 71 0.2677
20751 20 66 0.2677
20772 20 71 0.2677
20772 46 54 0.2205
20793 20 66 0.2677
20813 20 64 0.252
20818 15 73 0.4882
20818 15 58 0.2205
20834 61 71 0.5197
20834 61 59 0.2835
20854 20 62 0.252
20875 20 66 0.252
20895 61 74 0.4882
20895 61 47 0.2126
20895 46 54 0.252
20916 20 66 0.2362
20936 20 68 0.2362
20942 15 56 0.252
20957 61 73 0.4882
20957 61 49 0.2126
20957 61 57 0.252
20978 20 69 0.252
20998 20 64 0.252
21019 61 71 0.4882
21019 61 52 0.2205
21019 61 56 0.2598
21039 20 64 0.252
21065 20 62 0.252
21080 123 71 0.5197
21080 30 45 0.2835
21101 20 68 0.2441
21121 20 64 0.2441
21142 20 68 0.2441
21142 30 52 0.2598
21142 30 56 0.2598
21162 20 64 0.2441
21183 20 62 0.2441
21204 61 69 0.5197
21204 61 61 0.2441
21204 30 52 0.2205
21204 30 57 0.2598
21204 23 45 0.2441
21234 15 45 0.2992
21265 15 47 0.2913
21296 15 49 0.2756
21327 15 47 0.2677
21358 15 45 0.252
21388 15 44 0.2441
21419 15 42 0.2441
21450 123 56 0.2992
21450 123 59 0.3543
21450 30 40 0.2677
21481 15 52 0.2205
21512 15 52 0.2205
21543 15 52 0.2205
21573 123 56 0.2992
21573 123 59 0.3622
21573 30 40 0.2598
21604 15 52 0.2205
21635 15 52 0.2205
21666 15 52 0.2205
21697 123 52 0.2992
21697 123 58 0.2992
21697 123 61 0.3543
21697 30 37 0.252
21727 15 49 0.2205
21758 15 49 0.2205
21789 15 49 0.2205
21820 246 54 0.2992
21820 95 62 0.3622
21820 95 59 0.2992
21820 30 35 0.2677
21851 15 47 0.2283
21882 15 47 0.2283
21912 33 61 0.2835
21912 33 64 0.3307
21912 15 47 0.2283
21943 184 62 0.2835
21943 184 66 0.3307
21943 23 35 0.2283
21974 15 47 0.2283
22005 15 47 0.2283
22036 15 47 0.2283
22066 61 54 0.2992
22066 30 35 0.2677
22097 30 47 0.252
22128 61 56 0.3543
22128 61 62 0.3543
22128 61 66 0.4252
22128 23 35 0.2756
22159 23 47 0.3071
22190 92 57 0.3858
22190 92 62 0.3858
22190 92 66 0.4567
22190 30 33 0.3307
22221 30 45 0.2992
22251 30 45 0.315
22282 30 59 0.378
22282 30 62 0.378
22282 30 67 0.4567
22282 30 43 0.3228
22313 61 57 0.3937
22313 61 62 0.3937
22313 61 69 0.4724
22313 30 30 0.3386
22344 30 42 0.2913
22375 61 59 0.378
22375 61 62 0.378
22375 61 67 0.4488
22375 30 31 0.3071
22405 30 43 0.2913
22436 61 57 0.3622
22436 61 62 0.3622
22436 61 66 0.4331
22436 30 33 0.2913
22467 30 45 0.2835
22498 61 55 0.3465
22498 61 57 0.3465
22498 61 61 0.3465
22498 61 64 0.4016
22498 30 33 0.2756
22529 30 45 0.2677
22560 123 55 0.3071
22560 123 57 0.3071
22560 123 61 0.3071
22560 123 64 0.3701
22560 30 33 0.2441
22590 30 45 0.2283
22621 30 49 0.2441
22652 30 45 0.2598
22683 246 54 0.3071
22683 246 57 0.3071
22683 246 62 0.3701
22683 23 38 0.2756
22714 15 50 0.2283
22745 15 50 0.2205
22775 15 50 0.2205
22806 15 50 0.2126
22837 15 50 0.2047
22868 15 50 0.1969
22899 23 50 0.189
22929 123 53 0.2677
22929 123 58 0.315
22929 30 38 0.2362
22960 15 50 0.1969
22991 15 50 0.1969
23022 15 50 0.1969
23053 123 53 0.2677
23053 123 58 0.3228
23053 30 38 0.2283
23084 15 50 0.1969
23114 15 50 0.1969
23145 15 50 0.1969
23176 123 53 0.2677
23176 123 58 0.315
23176 30 38 0.2205
23207 15 50 0.1969
23238 15 50 0.1969
23268 15 50 0.1969
23299 92 58 0.3228
23299 92 55 0.2677
23299 30 39 0.2362
23330 15 51 0.2047
23361 15 51 0.2047
23392 10 57 0.252
23392 15 51 0.2047
23399 10 58 0.252
23407 10 60 0.252
23415 10 58 0.252
23423 61 55 0.2913
23423 23 39 0.2047
23453 23 51 0.2047
23484 61 55 0.2677
23484 61 63 0.2677
23484 61 67 0.315
23484 23 36 0.2047
23515 23 48 0.2047
23546 61 55 0.2677
23546 61 59 0.2677
23546 61 65 0.315
23546 30 38 0.2362
23577 30 50 0.1811
23607 61 55 0.2205
23607 61 60 0.2205
23607 61 63 0.3228
23607 23 39 0.2047
23638 23 51 0.2126
23669 246 53 0.2835
23669 246 58 0.2835
23669 246 62 0.3465
23669 30 29 0.2441
23700 15 41 0.2047
23731 15 41 0.2047
23762 15 41 0.2126
23792 30 29 0.2126
23823 15 41 0.2126
23854 15 41 0.2126
23885 15 41 0.2126
23916 123 51 0.2835
23916 123 57 0.2835
23916 95 63 0.3386
23916 30 29 0.2047
23946 15 41 0.2047
23977 15 41 0.2047
24008 33 60 0.3228
24008 15 41 0.2126
24039 369 50 0.2756
24039 369 56 0.2756
24039 369 59 0.3307
24039 30 29 0.2441
24070 15 41 0.2205
24101 15 41 0.2205
24131 15 41 0.2283
24162 30 29 0.2283
24193 15 41 0.2205
24224 15 41 0.2205
24255 15 41 0.2205
24286 30 29 0.2283
24316 15 41 0.2205
24347 15 41 0.2205
24378 15 41 0.2126
24409 246 50 0.2835
24409 246 56 0.2835
24409 184 59 0.3465
24409 30 40 0.2441
24440 15 52 0.2205
24470 15 52 0.2205
24501 15 52 0.2283
24532 30 40 0.2283
24563 15 52 0.2283
24594 33 61 0.3622
24594 15 52 0.2441
24625 33 62 0.3622
24625 15 52 0.2362
24655 61 64 0.3543
24655 30 40 0.2362
24686 30 52 0.2283
24717 61 50 0.3465
24717 61 52 0.3465
24717 61 56 0.3465
24717 30 40 0.2362
24748 30 40 0.2283
24779 123 49 0.2992
24779 123 52 0.2992
24779 123 57 0.3543
24779 30 33 0.2677
24809 15 45 0.2205
24840 15 45 0.2205
24871 15 45 0.2205
24902 123 49 0.2992
24902 123 57 0.3622
24902 30 33 0.2598
24933 15 45 0.2205
24964 15 45 0.2205
24994 15 45 0.2205
25025 123 50 0.2992
25025 123 57 0.2992
25025 123 59 0.3543
25025 30 33 0.252
25056 15 45 0.2205
25087 15 45 0.2205
25118 15 45 0.2205
25148 95 52 0.2992
25148 95 61 0.3622
25148 92 57 0.2992
25148 30 33 0.2677
25179 15 45 0.2283
25210 15 45 0.2283
25241 33 50 0.2835
25241 30 57 0.2835
25241 33 59 0.3307
25241 15 45 0.2283
25272 184 49 0.2835
25272 184 57 0.3307
25272 15 45 0.2283
25303 15 45 0.2283
25333 15 45 0.2283
25364 15 45 0.2283
25395 15 45 0.2913
25426 15 45 0.2205
25457 61 52 0.3228
25457 61 57 0.3228
25457 61 61 0.3937
25457 15 45 0.2441
25487 15 45 0.2677
25518 95 53 0.3465
25518 92 57 0.3465
25518 95 62 0.4094
25518 30 33 0.2913
25549 15 45 0.2677
25580 15 45 0.2677
25611 33 52 0.3228
25611 30 57 0.3228
25611 33 61 0.3858
25611 15 45 0.2677
25642 61 50 0.3307
25642 61 57 0.3307
25642 61 59 0.4016
25642 15 33 0.2677
25672 15 45 0.2598
25703 61 53 0.3228
25703 61 57 0.3228
25703 61 62 0.3858
25703 15 45 0.2677
25734 15 45 0.2677
25765 61 52 0.3228
25765 61 57 0.3228
25765 61 61 0.3858
25765 30 33 0.2677
25796 30 45 0.2677
25826 61 49 0.3228
25826 61 52 0.3228
25826 61 57 0.3858
25826 30 37 0.2677
25857 30 49 0.2677
25888 184 47 0.3307
25888 184 52 0.3307
25888 184 56 0.4016
25888 30 28 0.2913
25919 30 40 0.2441
25950 30 40 0.2677
25981 30 40 0.2835
26011 15 40 0.315
26042 15 40 0.3228
26073 61 47 0.3858
26073 61 53 0.3858
26073 61 56 0.4724
26073 15 38 0.3622
26104 15 38 0.3701
26135 61 48 0.4409
26135 61 52 0.4409
26135 61 56 0.5197
26135 15 36 0.378
26166 15 36 0.3858
26196 61 50 0.4646
26196 61 52 0.4646
26196 61 56 0.5433
26196 15 35 0.4016
26227 15 35 0.4173
26258 123 48 0.4961
26258 123 52 0.4961
26258 123 57 0.5984
26258 30 33 0.4488
26289 15 45 0.3622
26320 15 45 0.3622
26350 15 45 0.3622
26381 123 52 0.4961
26381 123 48 0.4961
26381 123 57 0.6063
26381 30 33 0.4488
26412 15 45 0.3622
26443 15 45 0.3701
26474 15 45 0.3701
26505 123 50 0.5197
26505 123 53 0.5197
26505 123 59 0.622
26505 30 31 0.4331
26535 15 43 0.3701
26566 15 43 0.378
26597 15 43 0.378
26628 95 52 0.5433
26628 123 60 0.6614
26628 95 55 0.5433
26628 30 36 0.4724
26659 15 48 0.3858
26689 15 48 0.3937
26720 33 53 0.5197
26720 33 57 0.5197
26720 15 48 0.3937
26751 184 55 0.5197
26751 184 52 0.5197
26751 184 60 0.6063
26751 23 36 0.3937
26782 15 48 0.3937
26813 15 48 0.4016
26844 15 48 0.4016
26874 30 36 0.4488
26905 30 48 0.4016
26936 61 57 0.5197
26936 61 62 0.6299
26936 23 41 0.4252
26967 23 53 0.4488
26998 123 56 0.5591
26998 123 59 0.5591
26998 95 64 0.6693
26998 30 40 0.4724
27028 15 52 0.3937
27059 15 52 0.3937
27090 33 62 0.4646
27090 15 52 0.378
27121 61 57 0.4094
27121 61 61 0.4961
27121 30 42 0.3228
27152 30 54 0.3071
27183 30 54 0.2756
27183 30 57 0.2756
27183 30 64 0.3228
27183 30 38 0.2677
27213 30 62 0.3228
27213 30 50 0.2677
27244 61 52 0.3228
27244 61 57 0.3228
27244 61 61 0.3858
27244 30 40 0.2677
27275 30 52 0.2677
27306 61 50 0.2992
27306 61 52 0.2992
27306 61 56 0.2992
27306 61 59 0.3543
27306 30 40 0.2441
27337 30 52 0.2441
27367 123 50 0.3071
27367 184 52 0.3071
27367 123 56 0.3071
27367 123 59 0.3701
27398 30 40 0.2283
27429 30 44 0.2441
27460 30 40 0.2598
27491 107 49 0.3071
27491 123 57 0.3701
27491 23 45 0.2756
27522 15 45 0.252
27552 15 47 0.252
27583 30 49 0.252
27614 15 47 0.252
27645 15 45 0.252
27676 15 44 0.2441
27707 15 42 0.2441
27737 123 71 0.4882
27737 30 40 0.2835
27758 20 68 0.2441
27778 20 64 0.2441
27799 20 68 0.2441
27799 30 52 0.1811
27799 30 56 0.2126
27820 20 64 0.2441
27840 20 59 0.2441
27861 123 71 0.4961
27861 30 40 0.2835
27881 20 68 0.2441
27902 20 64 0.2441
27922 20 68 0.2441
27922 30 52 0.189
27922 30 56 0.2205
27943 20 64 0.2441
27963 20 59 0.2441
27984 123 73 0.4882
27984 30 49 0.2835
28004 20 70 0.2441
28025 20 66 0.252
28046 20 70 0.252
28046 30 54 0.1969
28046 30 58 0.2283
28066 20 66 0.252
28087 20 64 0.252
28107 107 74 0.4961
28107 30 47 0.2835
28128 20 71 0.252
28148 20 66 0.252
28169 20 71 0.252
28169 30 54 0.1969
28169 30 59 0.2362
28189 20 66 0.252
28210 20 73 0.1969
28215 15 76 0.4409
28230 184 78 0.4646
28230 30 47 0.2835
28251 20 74 0.2441
28272 20 71 0.2441
28292 20 74 0.2441
28292 30 59 0.2283
28292 30 54 0.1969
28313 20 71 0.2441
28333 20 66 0.2441
28354 30 47 0.2835
28374 20 74 0.252
28395 20 71 0.252
28415 20 74 0.252
28415 61 78 0.4961
28415 30 62 0.2283
28415 30 56 0.1969
28415 30 59 0.1969
28436 20 71 0.252
28456 20 68 0.252
28477 107 78 0.5276
28477 30 45 0.2835
28498 20 74 0.2677
28518 20 69 0.2677
28539 20 74 0.2677
28539 61 62 0.2205
28539 46 57 0.189
28559 20 69 0.2677
28580 20 71 0.252
28585 15 79 0.4882
28585 15 55 0.189
28600 61 81 0.5197
28600 61 54 0.2126
28600 61 62 0.2835
28621 20 69 0.252
28641 20 74 0.252
28662 61 79 0.4882
28662 61 55 0.2126
28662 61 62 0.252
28682 20 71 0.2362
28703 20 74 0.2362
28724 61 78 0.4882
28724 61 57 0.2126
28724 61 62 0.252
28744 20 69 0.252
28765 20 74 0.252
28785 61 76 0.4882
28785 61 57 0.2205
28785 61 61 0.2598
28806 20 67 0.252
28826 20 69 0.252
28847 123 76 0.5197
28847 30 50 0.2835
28867 20 73 0.2441
28888 20 69 0.2441
28908 20 73 0.2441
28908 30 57 0.2126
28908 30 61 0.2598
28929 20 69 0.2441
28950 20 67 0.2441
28970 246 74 0.5197
28970 30 50 0.2598
28991 20 69 0.2441
29011 20 66 0.2441
29032 20 69 0.2677
29032 46 57 0.2126
29032 46 62 0.252
29052 20 66 0.252
29073 20 62 0.252
29093 46 50 0.2835
29114 20 66 0.2598
29134 20 62 0.252
29155 20 69 0.252
29155 46 54 0.2047
29155 46 57 0.2362
29176 20 66 0.2205
29196 20 62 0.2126
29217 123 70 0.4094
29217 30 38 0.2362
29237 20 65 0.2283
29258 20 62 0.2283
29278 20 65 0.2283
29278 30 50 0.1496
29278 30 53 0.1732
29299 20 62 0.2283
29319 20 58 0.2283
29340 123 70 0.4173
29340 30 38 0.2362
29360 20 65 0.2283
29381 20 62 0.2283
29402 20 65 0.2283
29402 30 50 0.1575
29402 30 53 0.1811
29422 20 62 0.2283
29443 20 58 0.2283
29463 123 70 0.4094
29463 30 38 0.2362
29484 20 65 0.2283
29504 20 62 0.2362
29525 20 65 0.2362
29525 30 50 0.1654
29525 30 53 0.189
29545 20 62 0.2362
29566 20 58 0.2362
29587 123 70 0.4173
29587 30 39 0.2362
29607 20 67 0.2362
29628 20 63 0.2362
29648 20 67 0.2362
29648 30 51 0.1654
29648 30 55 0.1969
29669 20 63 0.2362
29689 20 58 0.2362
29710 61 67 0.3622
29710 61 39 0.2362
29730 20 63 0.2283
29751 20 58 0.2283
29771 61 79 0.3937
29771 61 51 0.1575
29771 61 55 0.1575
29771 61 58 0.189
29792 20 75 0.2283
29813 20 67 0.2283
29833 61 77 0.3937
29833 61 50 0.1575
29833 61 55 0.1575
29833 61 59 0.189
29854 20 71 0.2362
29874 20 67 0.2362
29895 61 75 0.4173
29895 61 48 0.1575
29895 61 55 0.1575
29895 61 60 0.189
29915 20 72 0.2362
29936 20 67 0.2362
29956 246 74 0.4252
29956 30 41 0.2362
29977 20 70 0.252
29997 20 65 0.252
30018 20 70 0.252
30018 30 58 0.1811
30018 30 53 0.1575
30039 20 65 0.252
30059 20 62 0.2362
30080 30 41 0.2362
30100 20 70 0.252
30121 20 65 0.252
30141 20 70 0.252
30141 30 53 0.1575
30141 30 58 0.1811
30162 20 65 0.2362
30182 20 62 0.2362
30203 107 75 0.4094
30203 30 41 0.2362
30223 20 72 0.2362
30244 20 69 0.2362
30265 61 72 0.252
30265 30 53 0.1575
30265 30 57 0.1811
30285 20 69 0.2362
30306 20 63 0.2362
30311 15 72 0.3622
30326 369 71 0.4016
30326 30 41 0.2362
30347 20 68 0.2283
30367 20 62 0.2283
30388 20 68 0.2283
30388 30 53 0.2205
30408 20 62 0.2283
30429 20 59 0.2283
30449 30 41 0.2205
30470 20 68 0.2283
30491 20 62 0.2283
30511 20 68 0.252
30511 46 53 0.2126
30532 20 62 0.2362
30552 20 59 0.2362
30573 46 41 0.2362
30593 20 68 0.252
30614 20 62 0.252
30634 20 68 0.2598
30634 46 53 0.2205
30655 20 62 0.2362
30675 20 59 0.2362
30696 246 71 0.3937
30696 30 41 0.2362
30717 20 68 0.2283
30737 20 61 0.2283
30758 20 68 0.2283
30758 30 53 0.2205
30778 20 61 0.2283
30799 20 59 0.2283
30819 30 41 0.2205
30840 20 68 0.2283
30860 20 61 0.2283
30881 20 68 0.252
30881 46 53 0.2126
30901 20 61 0.2362
30922 20 59 0.2362
30943 123 71 0.4016
30943 46 41 0.2362
30963 20 68 0.252
30984 20 62 0.252
31004 20 68 0.2677
31004 46 53 0.2283
31025 20 62 0.2441
31045 20 59 0.252
31066 107 71 0.4094
31066 30 42 0.2598
31086 20 66 0.2441
31107 20 62 0.2441
31127 20 66 0.2362
31127 30 54 0.2283
31148 20 62 0.2362
31169 20 61 0.2283
31174 15 69 0.3858
31189 246 69 0.3937
31189 30 42 0.2205
31210 20 66 0.2283
31230 20 61 0.2283
31251 20 66 0.252
31251 46 54 0.2126
31271 20 61 0.2362
31292 20 57 0.2362
31312 46 42 0.2362
31333 20 66 0.252
31354 20 61 0.252
31374 20 66 0.2598
31374 46 54 0.2205
31395 20 61 0.2362
31415 20 57 0.2362
31436 246 69 0.4016
31436 30 30 0.2362
31456 20 66 0.2283
31477 20 61 0.2283
31497 20 66 0.2283
31497 30 42 0.2205
31518 20 61 0.2283
31538 20 57 0.2283
31559 30 30 0.2205
31580 20 66 0.2283
31600 20 61 0.2283
31621 20 66 0.252
31621 46 42 0.2126
31641 20 61 0.2362
31662 20 57 0.2362
31682 123 69 0.3858
31682 46 30 0.2362
31703 20 66 0.252
31723 20 62 0.252
31744 20 66 0.2677
31744 46 42 0.2283
31764 20 62 0.2441
31785 20 57 0.252
31806 107 69 0.4173
31806 30 32 0.2598
31826 20 66 0.2441
31847 20 61 0.2441
31867 20 66 0.2362
31867 30 44 0.2283
31888 20 61 0.2362
31908 20 64 0.2283
31913 15 68 0.4016
31929 246 68 0.3858
31929 30 32 0.2205
31949 20 64 0.2283
31970 20 61 0.2283
31990 20 64 0.252
31990 46 44 0.2126
32011 20 61 0.2362
32032 20 56 0.2362
32052 46 32 0.2362
32073 20 64 0.252
32093 20 61 0.252
32114 20 64 0.2598
32114 46 44 0.2205
32134 20 61 0.2362
32155 20 56 0.2362
32175 246 68 0.378
32175 30 32 0.2362
32196 20 63 0.2205
32216 20 61 0.2205
32237 20 63 0.2205
32237 30 44 0.2126
32258 20 61 0.2126
32278 20 56 0.2126
32299 30 32 0.2047
32319 20 63 0.2047
32340 20 61 0.2047
32360 20 63 0.2205
32360 46 44 0.189
32381 20 61 0.2047
32401 20 56 0.2047
32422 123 68 0.3465
32422 46 32 0.2047
32442 20 63 0.2126
32463 20 60 0.2126
32484 20 63 0.2205
32484 46 44 0.189
32504 20 60 0.1969
32525 20 56 0.2047
32915 246 64 0.3071
32915 246 68 0.3701
32915 30 37 0.2441
32977 61 49 0.2126
33038 61 61 0.252
33100 61 73 0.2441
33162 107 64 0.2756
33162 107 68 0.3228
33192 15 37 0.2362
33223 15 37 0.2362
33254 15 36 0.2362
33269 15 63 0.2362
33269 15 66 0.2835
33285 246 63 0.2835
33285 246 66 0.3465
33285 30 37 0.2441
33347 61 49 0.2126
33408 61 61 0.252
33470 61 73 0.2598
33531 123 63 0.2913
33531 123 66 0.3465
33562 15 37 0.2441
33593 15 37 0.2441
33624 15 36 0.252
33655 246 66 0.3228
33655 246 69 0.3858
33655 30 37 0.2441
33716 61 49 0.2126
33778 61 61 0.252
33840 61 73 0.2677
33901 61 66 0.2598
33901 61 69 0.3071
33932 15 37 0.252
33963 30 64 0.2362
33963 30 68 0.2835
33963 15 37 0.2441
33994 30 63 0.2205
33994 30 66 0.2677
33994 15 36 0.2441
34025 246 64 0.3071
34025 246 68 0.3701
34025 30 37 0.2441
34086 61 49 0.2126
34148 61 61 0.252
34209 61 73 0.252
34271 123 64 0.2756
34271 123 68 0.3228
34302 15 37 0.2598
34333 15 37 0.252
34364 15 36 0.2441
34394 246 65 0.3228
34394 246 71 0.3858
34394 30 37 0.2441
34456 61 49 0.2126
34518 61 61 0.252
34579 61 73 0.2913
34641 30 65 0.2598
34641 61 71 0.3071
34672 30 68 0.2598
34672 15 37 0.2362
34703 30 66 0.2362
34703 30 69 0.2835
34703 15 37 0.2362
34733 30 65 0.2205
34733 30 68 0.2677
34733 15 36 0.2441
34764 184 66 0.3228
34764 184 69 0.3858
34764 30 37 0.2441
34826 61 49 0.2126
34888 61 61 0.252
34949 61 66 0.2205
34949 61 69 0.2677
34949 61 73 0.3228
35011 61 66 0.315
35011 61 69 0.378
35042 15 37 0.2441
35072 61 66 0.315
35072 61 69 0.3858
35072 15 37 0.2441
35103 15 36 0.252
35134 246 69 0.3858
35134 246 73 0.4567
35134 30 37 0.2913
35196 61 49 0.2362
35257 61 61 0.2835
35319 61 73 0.3543
35381 92 69 0.3071
35381 92 73 0.3701
35411 15 37 0.2441
35442 15 37 0.2441
35473 30 66 0.2205
35473 30 69 0.2677
35473 15 36 0.2441
35504 308 64 0.2835
35504 308 68 0.3465
35504 30 37 0.2441
35566 61 49 0.2126
35627 61 61 0.252
35689 61 73 0.2598
35781 15 37 0.252
35812 61 64 0.315
35812 61 68 0.3858
35812 15 37 0.252
35843 15 40 0.252
35874 92 64 0.3937
35874 92 69 0.3937
35874 92 73 0.4646
35874 30 32 0.2677
35935 61 44 0.3307
35966 30 63 0.3465
35966 30 68 0.3465
35966 30 72 0.4094
35997 184 63 0.3858
35997 184 68 0.3858
35997 184 72 0.4567
35997 61 56 0.378
36059 61 80 0.3937
36151 15 32 0.2835
36182 61 68 0.4016
36182 61 72 0.4882
36182 15 32 0.2835
36213 15 31 0.2835
36244 92 67 0.4488
36244 92 73 0.4488
36244 92 76 0.5276
36244 30 32 0.3071
36305 61 44 0.378
36336 30 68 0.3937
36336 30 72 0.3937
36336 30 75 0.4646
36367 184 68 0.4409
36367 184 72 0.4409
36367 184 75 0.5197
36367 61 56 0.4331
36429 61 80 0.4567
36521 15 32 0.2992
36552 61 68 0.4409
36552 61 72 0.4409
36552 61 75 0.5354
36552 15 32 0.2992
36583 15 31 0.2992
36613 92 68 0.4882
36613 92 76 0.4882
36613 92 80 0.5748
36613 30 32 0.3307
36675 61 44 0.4094
36706 30 69 0.4331
36706 30 75 0.4331
36706 30 78 0.5039
36737 184 69 0.4803
36737 184 75 0.4803
36737 184 78 0.5669
36737 61 56 0.4724
36798 61 80 0.4961
36891 15 32 0.3386
36922 61 69 0.4803
36922 61 75 0.4803
36922 61 78 0.5827
36922 15 32 0.3386
36952 15 31 0.3386
36983 92 73 0.5354
36983 92 76 0.5354
36983 92 81 0.6299
36983 30 32 0.3622
37045 61 44 0.4094
37076 30 72 0.4724
37076 30 75 0.4724
37076 30 80 0.5512
37107 616 72 0.5276
37107 616 75 0.5276
37107 616 80 0.622
37107 61 56 0.4724
37168 30 68 0.4646
37261 15 32 0.2835
37291 15 32 0.2835
37322 15 31 0.2835
37353 30 32 0.2835
37415 61 44 0.3071
37476 61 56 0.3465
37538 30 68 0.3228
37723 308 72 0.3228
37723 308 76 0.3228
37723 308 79 0.3858
37723 61 36 0.2441
37785 61 48 0.2126
37846 61 60 0.2283
37908 30 64 0.2362
38000 15 36 0.2362
38031 61 72 0.2835
38031 61 79 0.2835
38031 61 84 0.3465
38031 15 38 0.2362
38062 15 40 0.2362
38093 123 72 0.3228
38093 123 77 0.3228
38093 92 83 0.3858
38093 61 29 0.2441
38154 61 41 0.2126
38185 30 81 0.3858
38216 184 72 0.315
38216 184 77 0.315
38216 184 81 0.3858
38216 61 53 0.2441
38278 30 65 0.2362
38370 15 38 0.2362
38401 61 81 0.3386
38401 61 72 0.2835
38401 61 76 0.2835
38401 15 40 0.2362
38432 15 41 0.2362
38463 92 72 0.3228
38463 123 74 0.3228
38463 92 81 0.3858
38463 61 31 0.2441
38524 61 43 0.2126
38555 30 71 0.3543
38555 30 79 0.3858
38586 184 71 0.315
38586 184 74 0.315
38586 184 79 0.3858
38586 61 55 0.252
38648 30 67 0.2598
38740 15 31 0.2362
38771 61 69 0.2677
38771 61 72 0.2677
38771 61 77 0.3228
38771 15 33 0.2362
38802 15 35 0.2362
38832 123 67 0.2677
38832 123 72 0.2677
38832 123 76 0.315
38832 61 36 0.2441
38894 61 48 0.2126
38956 246 64 0.2362
38956 246 67 0.2362
38956 246 72 0.2835
38956 61 60 0.252
39017 30 84 0.2756
39110 15 36 0.2362
39141 15 36 0.2362
39171 15 38 0.2362
39202 246 60 0.3071
39202 246 64 0.3701
39202 61 36 0.2441
39264 61 55 0.2126
39326 61 67 0.252
39387 30 79 0.2677
39449 92 60 0.2756
39449 92 64 0.3228
39480 15 36 0.2362
39510 15 36 0.2362
39541 30 59 0.2677
39541 30 62 0.315
39541 15 38 0.2362
39572 246 59 0.3228
39572 246 62 0.3858
39572 61 36 0.2441
39634 61 55 0.2126
39695 61 67 0.252
39757 30 79 0.2598
39819 123 59 0.2913
39819 123 62 0.3465
39850 15 36 0.2362
39880 15 36 0.2362
39911 15 38 0.2362
39942 246 57 0.3228
39942 246 65 0.3858
39942 61 36 0.2441
40004 61 55 0.2126
40065 61 67 0.252
40127 30 79 0.2677
40189 30 59 0.2598
40189 61 65 0.3071
40219 30 62 0.2283
40219 15 36 0.2362
40250 30 60 0.2362
40250 30 64 0.2835
40250 15 36 0.2362
40281 30 59 0.2205
40281 30 62 0.2677
40281 15 38 0.2362
40312 184 60 0.3071
40312 184 64 0.3701
40312 61 36 0.2441
40373 61 55 0.2126
40435 61 67 0.252
40497 30 60 0.2756
40497 30 64 0.3307
40497 30 79 0.2756
40558 30 59 0.2756
40558 30 64 0.3307
40589 15 36 0.2362
40620 30 58 0.2756
40620 30 66 0.3307
40620 15 36 0.2362
40651 15 38 0.2362
40682 61 59 0.3071
40682 246 68 0.3701
40682 61 35 0.2441
40743 184 64 0.3071
40743 61 47 0.2126
40805 61 59 0.252
40867 30 71 0.252
40928 92 64 0.2756
40928 92 68 0.3228
40959 15 35 0.2362
40990 15 35 0.2362
41021 30 63 0.2677
41021 30 66 0.315
41021 15 37 0.2362
41051 246 63 0.3228
41051 246 66 0.3858
41051 30 35 0.2441
41113 61 47 0.2126
41175 61 59 0.252
41236 30 71 0.252
41298 123 63 0.2913
41298 123 66 0.3465
41329 15 35 0.2362
41360 15 35 0.2362
41390 15 37 0.2362
41421 246 61 0.3228
41421 246 69 0.3858
41421 30 35 0.2441
41483 61 47 0.2126
41545 61 59 0.252
41606 30 71 0.2677
41668 30 63 0.2598
41668 61 69 0.3071
41699 30 66 0.2283
41699 15 35 0.2362
41730 30 64 0.2362
41730 30 68 0.2835
41730 15 35 0.2362
41760 30 63 0.2205
41760 30 66 0.2677
41760 15 37 0.2362
41791 308 64 0.3071
41791 308 68 0.3701
41791 30 35 0.2441
41853 61 47 0.2126
41914 61 59 0.252
41976 30 71 0.2598
42069 15 35 0.2441
42099 61 68 0.2835
42099 61 71 0.3465
42099 15 35 0.2441
42130 15 37 0.2441
42161 92 68 0.4094
42161 92 71 0.4094
42161 92 76 0.4803
42161 30 35 0.2756
42223 61 47 0.3465
42253 30 66 0.3622
42253 30 71 0.3622
42253 30 75 0.4331
42284 184 66 0.4016
42284 184 71 0.4016
42284 184 75 0.4803
42284 61 59 0.3937
42346 61 83 0.4173
42438 15 35 0.2835
42469 61 66 0.4252
42469 61 71 0.4252
42469 61 75 0.5197
42469 15 35 0.2913
42500 15 37 0.2913
42531 123 71 0.4724
42531 92 76 0.4724
42531 92 80 0.5591
42531 30 35 0.3228
42592 61 47 0.4016
42623 30 75 0.4252
42623 30 78 0.4961
42654 184 71 0.4724
42654 184 75 0.4724
42654 184 78 0.5591
42654 61 59 0.4646
42716 61 83 0.4961
42808 15 35 0.3228
42839 61 71 0.4803
42839 61 76 0.4803
42839 61 80 0.5827
42839 15 35 0.3307
42870 15 37 0.3465
42901 92 76 0.5354
42901 92 80 0.5354
42901 92 85 0.6299
42901 30 35 0.3622
42962 61 47 0.4094
42993 30 75 0.4724
42993 30 78 0.4724
42993 30 83 0.5512
43024 616 75 0.5276
43024 616 78 0.5276
43024 554 83 0.622
43024 61 59 0.4724
43086 61 71 0.4646
43178 15 35 0.2598
43209 15 35 0.2598
43240 15 37 0.2677
43270 30 35 0.2835
43332 61 47 0.252
43394 61 59 0.2677
43455 61 71 0.2913
43579 61 81 0.3858
43640 308 68 0.3228
43640 308 76 0.3228
43640 308 80 0.3858
43640 30 37 0.2441
43702 61 49 0.2047
43764 61 61 0.2441
43825 61 73 0.2913
43918 15 37 0.2362
43949 61 68 0.2835
43949 61 73 0.2835
43949 61 76 0.3465
43949 15 39 0.2362
43979 15 40 0.2362
44010 123 66 0.3228
44010 123 69 0.3228
44010 92 75 0.3858
44010 30 30 0.2283
44072 61 42 0.2283
44103 30 73 0.3858
44133 61 66 0.315
44133 184 69 0.315
44133 184 73 0.3858
44133 61 54 0.252
44194 61 66 0.2835
44288 15 30 0.2362
44318 61 63 0.2835
44318 61 69 0.2835
44318 61 73 0.3465
44318 15 29 0.2362
44349 15 30 0.2362
44380 246 64 0.3228
44380 308 68 0.3228
44380 123 73 0.3858
44380 30 32 0.2283
44442 61 44 0.2126
44503 184 71 0.3858
44503 61 56 0.252
44565 61 80 0.2756
44627 123 60 0.2362
44657 15 32 0.2362
44688 61 66 0.2677
44688 61 69 0.3228
44688 15 31 0.2362
44719 15 32 0.2362
44750 123 61 0.2677
44750 123 64 0.2677
44750 123 68 0.315
44750 30 37 0.2441
44811 61 44 0.2126
44873 184 56 0.2362
44873 184 61 0.2362
44873 184 64 0.2835
44873 61 49 0.252
44935 61 73 0.2756
45027 15 37 0.2362
45058 15 37 0.2362
45089 15 36 0.2362
45120 184 61 0.252
45120 308 65 0.252
45120 308 68 0.3071
45120 61 37 0.189
45181 61 49 0.189
45243 184 61 0.2205
45305 61 73 0.2598
45397 15 37 0.189
45428 61 61 0.2205
45428 61 68 0.2205
45428 61 73 0.2756
45428 15 39 0.189
45459 15 41 0.189
45490 246 61 0.252
45490 246 66 0.252
45490 123 72 0.3071
45490 61 30 0.1811
45551 61 42 0.189
45613 184 70 0.3071
45613 61 54 0.2205
45674 61 82 0.252
45767 15 39 0.189
45798 61 61 0.2205
45798 61 65 0.2205
45798 61 70 0.2756
45798 15 41 0.189
45829 15 42 0.189
45859 123 61 0.252
45859 123 63 0.252
45859 123 70 0.3071
45859 61 32 0.1811
45921 61 44 0.1654
45983 184 60 0.2126
45983 184 63 0.2283
45983 184 68 0.2835
45983 61 56 0.1969
46044 61 80 0.2283
46137 15 32 0.189
46168 61 58 0.2283
46168 61 61 0.2283
46168 61 66 0.2756
46168 15 34 0.2047
46198 15 36 0.2047
46229 123 56 0.2283
46229 123 61 0.2283
46229 123 65 0.2756
46229 61 37 0.2047
46291 61 44 0.1811
46352 184 53 0.2047
46352 184 56 0.2047
46352 184 61 0.2362
46352 61 49 0.2126
46414 61 73 0.2362
46507 15 49 0.2362
46537 61 56 0.2283
46537 61 61 0.2283
46537 61 65 0.2756
46537 15 48 0.2362
46568 15 49 0.2362
46599 123 55 0.2677
46599 123 61 0.2677
46599 92 65 0.315
46599 61 46 0.2441
46661 30 70 0.2756
46691 30 63 0.315
46722 61 82 0.2756
46722 184 55 0.2362
46722 184 61 0.2362
46722 184 63 0.2835
46876 15 46 0.2362
46907 61 55 0.2598
46907 61 61 0.2598
46907 61 63 0.3071
46907 15 46 0.2362
46938 15 49 0.2362
46969 123 54 0.2913
46969 123 61 0.2913
46969 92 64 0.3465
46969 61 45 0.2441
47031 30 69 0.2756
47061 30 63 0.315
47092 61 81 0.2756
47092 184 54 0.2362
47092 184 61 0.2362
47092 184 63 0.2835
47246 15 45 0.2362
47277 61 54 0.2362
47277 61 61 0.2362
47277 61 63 0.2835
47277 15 45 0.2362
47308 15 49 0.2362
47339 184 54 0.2677
47339 184 60 0.2677
47339 184 63 0.315
47339 61 44 0.2441
47400 30 68 0.252
47462 61 80 0.2598
47524 30 65 0.2756
47554 30 66 0.2756
47585 61 68 0.2756
47616 15 44 0.2362
47647 61 56 0.2362
47647 61 60 0.2362
47647 61 64 0.2835
47647 15 43 0.2362
47678 15 44 0.2362
47709 308 56 0.2677
47709 308 61 0.2677
47709 308 65 0.315
47709 61 37 0.2441
47770 30 49 0.252
47832 123 73 0.2756
47986 15 37 0.2047
48017 61 56 0.2362
48017 61 61 0.2362
48017 61 65 0.2835
48017 15 36 0.2047
48048 15 37 0.2047
48078 123 55 0.2205
48078 123 61 0.2205
48078 92 65 0.2677
48078 30 34 0.2047
48140 30 46 0.2283
48171 30 63 0.2677
48202 123 70 0.2283
48202 184 55 0.1969
48202 184 61 0.1969
48202 184 63 0.2362
48356 15 34 0.1969
48387 61 55 0.2205
48387 61 61 0.2205
48387 61 63 0.2598
48387 15 34 0.1969
48417 15 37 0.1969
48448 123 54 0.2441
48448 123 61 0.2441
48448 92 64 0.2913
48448 30 33 0.2047
48510 30 45 0.2283
48541 30 63 0.2677
48572 61 69 0.2283
48572 184 54 0.1969
48572 184 61 0.1969
48572 184 63 0.2362
48726 15 33 0.1969
48756 61 54 0.1969
48756 61 61 0.1969
48756 61 63 0.2362
48756 15 33 0.1969
48787 15 35 0.1969
48818 184 54 0.2205
48818 184 60 0.2205
48818 184 63 0.2677
48818 30 32 0.2047
48880 30 44 0.2283
48941 123 56 0.2283
49003 30 65 0.2283
49034 30 66 0.2283
49065 61 68 0.2283
49095 15 32 0.1969
49126 61 54 0.1969
49126 61 57 0.1969
49126 61 60 0.2362
49126 15 31 0.1969
49157 15 32 0.1969
49188 308 61 0.2362
49188 308 56 0.1969
49188 308 53 0.1969
49188 30 37 0.2047
49250 30 49 0.2126
49311 123 73 0.2283
49465 15 37 0.1969
49496 15 37 0.1969
49527 15 36 0.1969
49558 308 61 0.2362
49558 308 58 0.1969
49558 308 54 0.1969
49558 30 37 0.2047
49619 30 49 0.2126
49681 123 73 0.2283
49835 15 37 0.1969
49866 15 37 0.1969
49897 15 36 0.1969
49928 308 61 0.2362
49928 308 54 0.1969
49928 308 51 0.1969
49928 30 37 0.2047
49989 30 49 0.2126
50051 123 73 0.2283
50205 15 37 0.1969
50236 15 37 0.1969
50267 15 36 0.1969
50297 61 37 0.2047
50297 123 53 0.1969
50297 123 56 0.1969
50297 123 61 0.2362
50359 15 68 0.2047
50421 15 73 0.2205
50421 123 53 0.1732
50421 123 56 0.1732
50421 123 61 0.2126
50482 15 80 0.2205
50544 15 85 0.2205
50544 123 53 0.1732
50544 123 56 0.1732
50544 123 61 0.2126
50606 15 32 0.1732
50667 369 37 0.1811
50667 369 53 0.1732
50667 369 56 0.1732
50667 369 61 0.2126
