179 60 60 0.4016
240 150 65 0.4567
240 299 41 0.3622
300 179 53 0.2047
300 179 60 0.2047
300 239 48 0.1732
300 239 57 0.1732
390 30 64 0.3543
420 29 65 0.378
450 29 69 0.3858
480 29 72 0.4094
509 29 77 0.4094
525 8 46 0.2441
532 187 53 0.2756
540 240 65 0.2992
541 119 77 0.3937
541 119 62 0.3071
660 29 60 0.2835
660 29 76 0.3071
690 29 58 0.2677
690 29 74 0.2992
719 30 72 0.3307
719 60 48 0.2598
719 60 57 0.2598
750 29 77 0.2992
780 120 64 0.3307
780 29 67 0.3307
780 29 58 0.2992
780 120 48 0.2992
810 30 69 0.3307
810 30 57 0.2992
840 29 70 0.378
840 59 55 0.3307
869 30 74 0.315
900 119 60 0.3622
900 29 65 0.3622
900 29 45 0.2835
900 29 53 0.2835
929 30 64 0.3622
929 30 67 0.3622
929 30 48 0.3071
929 30 55 0.3071
960 30 65 0.3858
960 30 69 0.3858
960 59 53 0.3307
960 59 57 0.3307
990 29 72 0.2992
1019 120 60 0.3543
1019 120 64 0.3543
1019 120 67 0.3543
1019 30 48 0.3071
1019 120 55 0.3071
1050 29 50 0.3937
1080 30 48 0.3701
1110 30 46 0.3701
1140 29 43 0.378
1142 57 60 0.4016
1170 30 45 0.378
1200 150 65 0.4567
1200 300 41 0.3622
1260 179 53 0.2047
1260 179 60 0.2047
1260 240 48 0.1732
1260 240 57 0.1732
1350 29 64 0.3543
1380 30 65 0.378
1410 29 69 0.3858
1439 30 72 0.4094
1470 30 81 0.4016
1485 8 49 0.2205
1492 277 57 0.2362
1500 269 69 0.2598
1500 89 81 0.3858
1500 180 67 0.2598
1500 180 64 0.2756
1589 30 79 0.3622
1620 30 77 0.3622
1650 30 76 0.3622
1680 29 77 0.4331
1680 89 50 0.2598
1680 89 62 0.2598
1709 30 81 0.3543
1739 30 74 0.3858
1770 30 68 0.3465
1770 30 77 0.3465
1770 119 60 0.2283
1770 30 53 0.2283
1800 30 67 0.378
1800 89 76 0.378
1800 89 55 0.2598
1830 29 72 0.2992
1859 30 64 0.2992
1889 30 66 0.2992
1889 30 75 0.2992
1889 30 57 0.2598
1889 30 60 0.2598
1920 119 65 0.3465
1920 60 74 0.3465
1920 30 59 0.2835
1920 119 55 0.2835
1950 30 67 0.2598
1980 44 76 0.3307
1980 29 57 0.2598
2009 30 59 0.2598
2025 14 72 0.2756
2039 60 64 0.2992
2039 119 72 0.2992
2039 30 48 0.2913
2039 30 60 0.2913
2070 30 50 0.3622
2100 30 46 0.3228
2130 29 43 0.315
2131 28 60 0.4016
2160 150 65 0.4567
2160 300 41 0.3622
2220 180 53 0.2047
2220 180 60 0.2047
2220 239 48 0.1732
2220 239 57 0.1732
2310 30 64 0.3543
2340 30 65 0.378
2370 30 69 0.3858
2400 30 72 0.4094
2430 29 77 0.4094
2445 8 46 0.2441
2452 187 53 0.2756
2460 240 65 0.2992
2461 119 77 0.3937
2461 119 62 0.3071
2580 29 60 0.2677
2580 30 76 0.2913
2610 30 58 0.2441
2610 29 74 0.2835
2640 30 72 0.3307
2640 60 48 0.2598
2640 60 57 0.2598
2670 30 77 0.2992
2700 119 64 0.3307
2700 30 67 0.315
2700 30 58 0.2913
2700 119 48 0.2992
2730 29 69 0.315
2730 29 57 0.2913
2760 30 70 0.3622
2760 60 55 0.315
2790 30 74 0.2992
2820 119 60 0.3622
2820 30 65 0.3622
2820 30 45 0.2835
2820 30 53 0.2835
2850 29 64 0.3622
2850 29 67 0.3622
2850 29 48 0.3071
2850 29 55 0.3071
2879 30 65 0.3858
2879 30 69 0.3858
2879 60 53 0.3307
2879 60 57 0.3307
2910 30 72 0.2992
2940 119 60 0.3543
2940 119 64 0.3543
2940 119 67 0.3543
2940 30 48 0.3071
2940 119 55 0.3071
2970 30 50 0.3937
3000 29 48 0.3701
3029 30 46 0.3701
3060 30 43 0.378
3062 57 60 0.4016
3090 30 45 0.378
3120 149 65 0.4567
3120 299 41 0.3622
3179 180 53 0.2047
3179 180 60 0.2047
3179 239 48 0.1732
3179 239 57 0.1732
3269 30 64 0.3543
3300 29 65 0.378
3329 30 69 0.3858
3360 29 72 0.4094
3390 29 81 0.4016
3404 8 49 0.2205
3412 277 57 0.2362
3419 270 69 0.2598
3419 90 81 0.3858
3419 180 67 0.2598
3419 180 64 0.2756
3510 29 79 0.3622
3540 29 77 0.3622
3569 30 76 0.3622
3600 29 77 0.4331
3600 89 50 0.2598
3600 89 62 0.2598
3629 30 81 0.3543
3660 29 74 0.3858
3690 29 68 0.3465
3690 29 77 0.3465
3690 120 60 0.2283
3690 29 53 0.2283
3719 30 67 0.378
3719 90 76 0.378
3719 90 55 0.2598
3750 29 72 0.2992
3779 30 64 0.2992
3810 29 66 0.2992
3810 29 75 0.2992
3810 29 57 0.2598
3810 29 60 0.2598
3840 120 65 0.3465
3840 60 74 0.3465
3840 29 59 0.2835
3840 120 55 0.2835
3869 30 67 0.2598
3900 44 76 0.3307
3900 29 57 0.2598
3929 30 59 0.2598
3944 15 72 0.2756
3960 59 64 0.2992
3960 119 72 0.2992
3960 29 48 0.2913
3960 29 60 0.2913
3990 29 50 0.3622
4019 30 46 0.3307
4050 29 43 0.315
4051 28 60 0.4409
4079 150 65 0.4961
4079 239 41 0.3937
4140 179 53 0.2205
4140 179 60 0.2205
4140 179 48 0.189
4140 179 57 0.189
4230 30 64 0.3858
4260 29 65 0.4094
4290 29 69 0.4173
4320 30 72 0.4094
4350 29 70 0.3228
4350 29 75 0.4016
4350 29 48 0.2835
4350 29 55 0.3071
4380 120 69 0.3228
4380 120 75 0.4409
4380 30 54 0.3228
4380 150 50 0.3228
4410 29 57 0.3228
4440 210 62 0.3465
4470 30 66 0.378
4500 60 69 0.2992
4500 29 74 0.3937
4530 30 72 0.4016
4530 30 54 0.3228
4560 29 70 0.4331
4560 89 55 0.3622
4590 29 74 0.3858
4620 30 67 0.4173
4650 29 63 0.378
4650 29 69 0.378
4650 29 54 0.3071
4650 29 48 0.3071
4680 30 62 0.4094
4680 89 70 0.4094
4680 89 50 0.3465
4680 89 55 0.3465
4710 29 67 0.3228
4740 29 58 0.3228
4770 30 60 0.3228
4770 30 69 0.3228
4770 30 51 0.315
4800 89 67 0.378
4800 29 58 0.3543
4800 89 50 0.3543
4830 30 62 0.315
4860 29 55 0.315
4890 29 60 0.3228
4890 29 62 0.3228
4890 60 50 0.2913
4890 60 57 0.2913
4920 60 58 0.3228
4920 60 62 0.3228
4950 29 55 0.3307
4980 30 43 0.3465
5010 29 45 0.2992
5011 28 65 0.3307
5040 150 70 0.4016
5040 60 34 0.3307
5100 179 58 0.2205
5100 179 65 0.2205
5100 179 53 0.189
5100 179 62 0.189
5190 29 69 0.315
5220 30 70 0.3465
5250 29 74 0.3543
5280 60 77 0.3465
5310 29 82 0.3622
5310 29 55 0.2205
5310 29 62 0.2205
5340 120 76 0.2835
5340 120 82 0.3622
5340 29 61 0.2126
5340 150 57 0.1969
5370 30 64 0.2283
5400 210 69 0.2362
5430 30 73 0.2835
5460 59 76 0.2835
5460 29 81 0.315
5490 29 61 0.2598
5490 29 79 0.2913
5520 30 77 0.3543
5520 90 62 0.3228
5550 29 81 0.3307
5580 30 74 0.3543
5610 29 70 0.315
5610 29 76 0.315
5610 29 61 0.2441
5610 29 55 0.2441
5640 29 69 0.2835
5640 89 77 0.3465
5640 89 57 0.2913
5640 89 62 0.2913
5670 30 74 0.2913
5700 29 65 0.2913
5730 29 67 0.2913
5730 29 76 0.2913
5730 29 58 0.2283
5759 30 65 0.315
5759 90 74 0.3307
5759 120 57 0.2677
5790 29 69 0.2992
5820 30 62 0.2913
5850 29 67 0.2835
5850 59 69 0.2835
5850 29 61 0.2441
5850 29 64 0.2441
5880 60 65 0.2756
5880 60 62 0.2835
5880 29 57 0.2362
5909 60 58 0.2362
5940 60 64 0.2283
5940 60 67 0.2362
5940 29 60 0.2362
5970 30 48 0.252
5984 15 60 0.2677
6000 150 65 0.3622
6000 300 41 0.2913
6059 180 53 0.1811
6059 180 60 0.1811
6059 240 48 0.1496
6059 240 57 0.1496
6150 29 64 0.315
6180 29 65 0.3386
6209 30 69 0.3465
6240 29 72 0.3622
6270 30 77 0.3622
6284 8 46 0.2126
6292 187 53 0.2441
6300 239 65 0.2677
6301 119 77 0.3543
6301 119 62 0.2756
6420 29 60 0.2283
6420 29 76 0.2441
6450 29 58 0.2126
6450 29 74 0.2283
6480 29 72 0.2913
6480 59 48 0.2283
6480 59 57 0.2283
6509 29 77 0.2677
6539 120 64 0.2913
6539 30 67 0.2835
6539 30 58 0.2598
6539 120 48 0.2677
6570 29 69 0.2835
6570 29 57 0.2598
6600 29 70 0.3228
6600 59 55 0.2835
6630 29 74 0.2677
6659 120 60 0.3228
6659 29 65 0.3228
6659 29 45 0.252
6659 29 53 0.252
6689 30 64 0.3228
6689 30 67 0.3228
6689 30 48 0.2756
6689 30 55 0.2756
6720 29 65 0.3465
6720 29 69 0.3465
6720 59 53 0.2913
6720 59 57 0.2913
6750 29 72 0.2677
6780 120 60 0.315
6780 120 64 0.315
6780 120 67 0.315
6780 29 48 0.2756
6780 120 55 0.2756
6809 29 50 0.3543
6839 30 48 0.3307
6870 29 46 0.3307
6900 29 43 0.3386
6902 57 60 0.3543
6930 29 45 0.3386
6959 150 65 0.4094
6959 300 41 0.3228
7020 179 53 0.1811
7020 179 60 0.1811
7020 239 48 0.1496
7020 239 57 0.1496
7109 29 64 0.315
7139 30 65 0.3386
7170 29 69 0.3465
7200 29 72 0.3622
7230 29 81 0.3543
7259 179 74 0.2283
7259 179 65 0.2283
7259 90 81 0.252
7259 179 67 0.2283
7259 179 43 0.2047
7259 179 47 0.2047
7259 179 59 0.2047
7350 29 79 0.2835
7380 29 77 0.2835
7409 29 74 0.2835
7439 30 72 0.3071
7439 60 57 0.2283
7439 60 48 0.2283
7439 60 60 0.2283
7470 29 77 0.2756
7500 120 64 0.2283
7500 29 67 0.2835
7500 29 58 0.2283
7500 120 60 0.2283
7500 120 48 0.2283
7530 29 69 0.2835
7530 29 57 0.2283
7559 29 70 0.3386
7559 60 55 0.2283
7589 30 74 0.2677
7620 119 62 0.252
7620 29 67 0.252
7620 29 46 0.2126
7620 29 55 0.2126
7650 29 69 0.252
7650 29 66 0.252
7650 29 50 0.2126
7650 29 57 0.2126
7680 29 70 0.2835
7680 59 58 0.252
7680 59 55 0.252
7709 29 74 0.2598
7739 30 58 0.2283
7739 30 62 0.2283
7739 180 48 0.2047
7739 60 55 0.2047
7770 150 60 0.2283
7770 29 64 0.2283
7770 29 36 0.2047
7800 120 57 0.2283
7800 120 65 0.2283
7800 120 41 0.2047
