72 7 67 0.378
86 7 72 0.3858
101 7 74 0.4016
115 43 75 0.4094
159 14 77 0.3937
173 43 74 0.4173
217 14 75 0.3937
231 54 72 0.4094
286 3 74 0.378
289 14 72 0.4094
304 14 71 0.4016
318 14 72 0.4016
333 10 74 0.3937
344 3 77 0.3858
347 14 75 0.4409
362 14 74 0.4094
376 14 75 0.4094
391 14 77 0.4094
405 14 79 0.4409
434 14 79 0.4331
463 86 79 0.4488
550 14 77 0.4016
565 7 79 0.4173
572 3 77 0.378
576 3 79 0.378
579 57 80 0.4409
637 28 74 0.4094
666 14 75 0.4016
681 7 77 0.4173
688 3 75 0.3937
692 3 77 0.3937
695 57 79 0.4409
753 28 72 0.4094
782 14 72 0.4173
797 14 74 0.4252
811 14 75 0.4488
840 14 75 0.4173
855 14 77 0.3622
869 14 74 0.4488
898 14 74 0.4016
913 14 75 0.4252
927 28 72 0.4488
1014 14 77 0.4409
1029 14 79 0.4567
1043 57 68 0.4016
1043 57 80 0.4803
1101 28 74 0.4488
1130 14 75 0.4409
1144 14 77 0.4567
1159 57 67 0.4016
1159 57 79 0.4803
1217 28 72 0.4488
1246 14 72 0.4567
1260 14 74 0.4646
1275 14 75 0.4882
1304 14 75 0.4567
1318 14 77 0.4724
1333 14 74 0.4882
1362 14 74 0.4409
1376 14 75 0.4646
1391 14 72 0.4882
1420 57 82 0.5827
1478 43 82 0.5748
1521 14 80 0.5591
1536 14 79 0.5669
1550 14 77 0.5669
1565 14 75 0.5591
1579 14 74 0.5591
1594 14 72 0.5591
1608 14 71 0.5591
1623 14 72 0.5748
1652 57 72 0.5276
1652 57 84 0.622
1710 43 82 0.6299
1753 14 80 0.6378
1768 14 79 0.6457
1782 14 77 0.6378
1797 14 75 0.622
1811 14 74 0.622
1826 14 72 0.622
1840 14 71 0.6142
1855 14 72 0.7008
1884 4 74 0.6378
1888 4 75 0.6378
1893 4 74 0.6378
1898 3 75 0.6378
1902 3 74 0.6378
1905 3 72 0.6299
1909 3 74 0.6299
1913 14 75 0.7244
1942 14 71 0.7244
1942 14 74 0.7244
1942 14 83 0.7244
1971 14 72 0.7244
1971 14 75 0.7244
1971 14 84 0.7244
2087 115 55 0.5748
2087 115 60 0.5748
2087 115 64 0.6772
2203 14 65 0.3937
2217 14 72 0.4016
2231 14 68 0.4173
2246 14 77 0.4252
2260 14 72 0.4331
2275 14 80 0.4409
2289 14 77 0.4488
2304 14 84 0.4646
2318 14 82 0.4646
2333 14 79 0.4646
2347 14 76 0.4567
2362 14 72 0.4488
2376 14 70 0.4409
2391 14 71 0.4331
2405 14 72 0.4331
2420 14 67 0.4252
2434 57 70 0.4724
2492 28 68 0.4409
2550 115 53 0.5748
2550 115 58 0.5748
2550 115 62 0.6772
2666 14 63 0.3937
2681 14 70 0.4016
2695 14 67 0.4173
2710 14 75 0.4252
2724 14 70 0.4331
2739 14 79 0.4409
2753 14 75 0.4488
2768 14 82 0.4646
2782 14 80 0.4646
2797 14 79 0.4646
2811 14 77 0.4567
2826 14 75 0.4488
2840 14 74 0.4409
2855 14 72 0.4331
2869 14 70 0.4331
2884 14 68 0.4252
2898 14 67 0.4724
2927 57 70 0.4724
2985 43 70 0.4409
3029 14 72 0.4252
3043 14 74 0.4331
3058 14 75 0.4488
3072 14 77 0.4567
3087 14 79 0.4724
3101 14 80 0.4803
3116 14 77 0.4567
3130 14 80 0.4803
3145 14 79 0.4724
3159 14 77 0.4646
3174 13 75 0.4567
3188 14 75 0.4724
3203 14 74 0.4567
3217 14 72 0.4567
3232 14 74 0.4567
3246 14 77 0.4961
3261 14 75 0.4488
3275 14 74 0.4488
3290 14 72 0.4488
3304 26 68 0.4724
3304 26 70 0.4724
3333 26 68 0.4724
3333 26 70 0.4724
3362 14 68 0.4724
3362 130 70 0.4724
3376 14 67 0.4173
3391 14 65 0.4173
3405 13 63 0.4173
3420 14 63 0.4488
3434 14 62 0.4094
3449 14 60 0.4094
3463 14 62 0.4094
3478 14 63 0.4331
3492 14 72 0.4409
3507 14 74 0.4567
3521 14 75 0.4646
3536 14 77 0.4803
3550 14 78 0.4961
3565 14 80 0.5039
3579 14 77 0.4882
3594 28 78 0.5118
3623 57 82 0.5669
3681 57 82 0.5827
3739 57 87 0.7165
3797 28 81 0.6142
3826 67 82 0.4724
3893 9 81 0.3858
3903 9 82 0.4016
3913 9 84 0.4173
3922 9 82 0.3937
3932 9 81 0.3937
3942 67 82 0.3937
4009 9 81 0.3858
4019 9 82 0.4016
4029 9 84 0.4173
4038 9 82 0.3937
4048 9 81 0.3937
4067 9 82 0.4252
4077 9 84 0.4409
4087 9 86 0.4567
4096 9 84 0.4331
4106 9 82 0.4094
4125 9 86 0.4252
4135 9 87 0.4488
4145 9 89 0.4646
4154 9 87 0.4488
4164 9 86 0.4331
4174 9 89 0.4961
4183 9 87 0.4961
4193 9 86 0.4882
4203 9 84 0.4803
4212 9 82 0.4724
4222 9 80 0.4646
4232 9 79 0.4646
4241 9 77 0.4567
4251 9 75 0.4488
4261 7 74 0.4409
4268 7 72 0.4409
4275 7 70 0.4331
4282 7 68 0.4252
4290 10 67 0.4646
4299 10 63 0.4331
4309 10 65 0.4331
4319 10 67 0.4646
4328 10 65 0.4331
4338 10 63 0.4331
4348 57 68 0.4646
4406 10 67 0.4646
4415 10 75 0.4331
4425 10 77 0.4331
4434 10 79 0.4646
4444 10 77 0.4331
4454 10 75 0.4331
4463 57 80 0.4646
4521 9 79 0.4646
4531 9 75 0.4646
4541 9 77 0.4646
4550 9 79 0.5039
4560 9 77 0.4488
4570 9 75 0.4567
4579 9 82 0.5276
4589 9 79 0.4646
4599 9 80 0.4646
4608 9 82 0.4882
4618 9 80 0.5118
4628 9 79 0.5276
4637 10 85 0.5433
4647 10 84 0.5354
4657 10 82 0.5276
4666 10 80 0.5197
4676 10 79 0.5118
4686 10 77 0.4961
4695 10 75 0.4646
4705 10 74 0.4331
4715 10 75 0.4331
4724 10 76 0.4646
4734 10 77 0.4409
4744 10 73 0.4409
4782 9 60 0.4488
4792 9 63 0.4646
4802 9 68 0.4882
4811 9 72 0.5039
4821 9 75 0.5197
4831 9 80 0.5354
4840 7 84 0.5512
4855 7 84 0.5512
4869 14 84 0.5512
4884 14 82 0.5354
4898 7 80 0.5197
4913 7 79 0.5039
4927 14 79 0.5118
4942 14 77 0.4961
4956 7 75 0.4803
4971 7 74 0.4646
4985 28 75 0.4961
5072 28 58 0.3543
5101 14 62 0.2913
5101 14 65 0.3543
5130 14 62 0.2992
5130 14 65 0.3543
5159 14 62 0.2992
5159 14 65 0.3543
5188 14 62 0.3071
5188 14 65 0.3622
5217 86 63 0.315
5217 86 70 0.3701
5304 28 63 0.3622
5304 28 70 0.3622
5333 57 63 0.315
5333 57 68 0.378
5391 57 65 0.2913
5391 57 63 0.2913
5391 57 69 0.3543
5449 86 62 0.3071
5449 86 65 0.3071
5449 86 70 0.3622
5536 28 70 0.3937
5565 14 70 0.3307
5565 14 77 0.3937
5594 14 70 0.3543
5594 14 77 0.4173
5623 14 70 0.3701
5623 14 77 0.4409
5652 14 70 0.3937
5652 14 77 0.4646
5681 57 70 0.5748
5681 86 82 0.5748
5739 57 73 0.6299
5768 28 83 0.5669
5797 28 72 0.5827
5797 28 84 0.685
5855 28 65 0.5827
5855 28 68 0.5827
5855 28 74 0.685
5913 28 67 0.3858
5913 28 75 0.4331
5980 10 70 0.4252
5990 10 72 0.4409
6000 10 74 0.4488
6009 10 72 0.4252
6019 10 70 0.4016
6029 28 75 0.4331
6096 10 70 0.4252
6106 10 72 0.4409
6116 10 74 0.4488
6125 10 72 0.4252
6135 10 70 0.4016
6145 9 75 0.4409
6154 9 79 0.4646
6164 9 77 0.4094
6174 9 75 0.4646
6183 9 74 0.4488
6193 9 72 0.4567
6203 9 71 0.4252
6212 9 72 0.4252
6222 9 70 0.4173
6232 9 68 0.4173
6241 9 67 0.4094
6251 9 65 0.4094
6261 28 63 0.4331
6328 10 58 0.4252
6338 10 60 0.4409
6348 10 62 0.4488
6357 10 60 0.4252
6367 10 58 0.4016
6377 28 63 0.4331
6444 10 58 0.4252
6454 10 60 0.4409
6464 10 62 0.4488
6473 10 60 0.4252
6483 10 58 0.4016
6493 28 63 0.4331
6560 10 59 0.4252
6570 10 60 0.4409
6580 10 62 0.4488
6589 10 60 0.4252
6599 10 59 0.4016
6609 10 65 0.5039
6618 10 63 0.4252
6628 9 62 0.4567
6637 10 68 0.5197
6647 10 67 0.4567
6657 9 65 0.4803
6666 10 74 0.5512
6676 10 72 0.4724
6686 9 71 0.5039
6696 10 77 0.5827
6705 10 75 0.5039
6715 9 74 0.5354
6724 86 89 0.7874
6811 9 87 0.6772
6821 9 86 0.6693
6831 9 84 0.6535
6840 9 83 0.6457
6850 9 80 0.6378
6860 9 79 0.622
6869 9 77 0.6142
6879 9 75 0.6063
6889 9 74 0.5906
6898 9 72 0.5827
6908 9 71 0.5669
6918 9 68 0.5591
6927 5 67 0.5512
6933 5 65 0.5354
6939 5 63 0.5433
6945 5 62 0.5512
6951 5 60 0.5591
6956 173 59 0.7323
7145 7 67 0.378
7159 7 72 0.3858
7174 7 74 0.4016
7188 43 75 0.4094
7232 14 77 0.3937
7246 43 74 0.4173
7290 14 75 0.3937
7304 54 72 0.4094
7359 3 74 0.378
7362 14 72 0.4094
7377 14 71 0.4016
7391 14 72 0.4016
7406 10 74 0.3937
7417 3 77 0.3858
7420 14 75 0.4409
7435 14 74 0.4094
7449 14 75 0.4094
7464 14 77 0.4094
7478 14 79 0.4409
7507 14 79 0.4331
7536 86 79 0.4488
7623 14 77 0.4016
7638 7 79 0.4173
7645 3 77 0.378
7648 3 79 0.378
7652 57 80 0.4409
7710 28 74 0.4094
7739 14 75 0.4016
7753 7 77 0.4173
7761 3 75 0.3937
7764 3 77 0.3937
7768 57 79 0.4409
7826 28 72 0.4094
7855 14 72 0.4173
7869 14 74 0.4252
7884 14 75 0.4488
7913 14 75 0.4173
7927 14 77 0.4331
7942 14 74 0.4488
7971 14 74 0.4016
7985 14 75 0.4252
8000 28 72 0.4488
8087 14 77 0.4409
8101 14 79 0.4567
8116 57 68 0.4016
8116 57 80 0.4803
8174 28 74 0.4488
8203 14 75 0.4409
8217 14 77 0.4567
8232 57 67 0.4016
8232 57 79 0.4803
8290 28 72 0.4488
8319 14 72 0.4567
8333 14 74 0.4646
8348 14 75 0.4882
8377 14 75 0.4567
8391 14 77 0.4724
8406 14 74 0.4882
8435 14 74 0.4409
8449 14 75 0.4646
8464 14 72 0.4882
8493 57 82 0.5827
8551 43 82 0.5748
8594 14 80 0.5591
8609 14 79 0.5669
8623 14 77 0.5669
8638 14 75 0.5591
8652 14 74 0.5591
8667 14 72 0.5591
8681 14 71 0.5591
8696 14 72 0.5748
8725 57 72 0.5276
8725 57 84 0.622
8783 43 82 0.6299
8826 14 80 0.6378
8841 14 79 0.6457
8855 14 77 0.6378
8869 14 75 0.622
8884 14 74 0.622
8898 14 72 0.622
8913 14 71 0.6142
8927 14 72 0.7008
8956 4 74 0.6378
8961 4 75 0.6378
8966 4 74 0.6378
8971 3 75 0.6378
8975 3 74 0.6378
8978 3 72 0.6299
8982 3 74 0.6299
8985 14 75 0.7244
9014 14 71 0.7244
9014 14 74 0.7244
9014 14 83 0.7244
9043 14 72 0.7244
9043 14 75 0.7244
9043 14 84 0.7244
9159 57 60 0.4173
9217 57 65 0.378
9275 57 58 0.4016
9333 57 63 0.378
9391 57 56 0.4094
9449 28 61 0.378
9478 28 60 0.378
9507 28 58 0.4173
9536 28 56 0.378
9565 28 55 0.378
9652 57 72 0.4331
9710 57 65 0.4173
9768 57 70 0.4409
9826 57 63 0.4173
9884 28 68 0.4173
9913 28 67 0.4016
9942 28 65 0.4016
9971 28 63 0.4173
10000 28 62 0.3858
10029 28 65 0.4173
10058 28 63 0.3858
10087 57 72 0.4488
10145 57 65 0.315
10145 57 77 0.378
10203 57 70 0.4488
10261 86 63 0.315
10261 57 75 0.378
10319 57 68 0.4094
10348 28 60 0.378
10377 28 65 0.3543
10377 28 73 0.4173
10406 28 63 0.315
10406 28 72 0.378
10435 28 61 0.315
10435 28 70 0.4173
10464 28 60 0.315
10464 28 68 0.378
10493 28 58 0.315
10493 28 67 0.378
10522 28 63 0.378
10580 57 72 0.3622
10580 57 84 0.4331
10638 57 77 0.4331
10696 57 70 0.4016
10696 57 82 0.4803
10754 57 75 0.4646
10783 57 72 0.4016
10812 28 80 0.4803
10841 28 70 0.3937
10841 28 79 0.4724
10870 28 68 0.4016
10870 28 77 0.4803
10899 28 67 0.4252
10899 28 75 0.5039
10928 28 65 0.3937
10928 28 74 0.4724
10957 28 68 0.4409
10957 28 77 0.5197
10986 28 67 0.4094
10986 28 75 0.4882
11101 28 75 0.5118
11130 28 72 0.5354
11159 28 73 0.5118
11188 28 77 0.5276
11217 28 67 0.4961
11246 28 70 0.5354
11275 28 68 0.5118
11304 28 72 0.5276
11333 28 62 0.5118
11362 14 63 0.5118
11391 28 82 0.4803
11420 28 87 0.5197
11449 28 85 0.4882
11478 57 84 0.5433
11536 57 89 0.5512
11594 57 82 0.5512
11652 57 87 0.5276
11710 57 80 0.5512
11768 14 73 0.5669
11768 14 85 0.5669
11797 14 84 0.5748
11797 14 72 0.5748
11826 14 70 0.5906
11826 14 82 0.5906
11855 14 80 0.6063
11855 14 68 0.6063
11884 14 67 0.622
11884 14 79 0.622
11913 14 73 0.6299
11942 14 84 0.6299
11957 14 82 0.622
11971 14 80 0.622
11986 14 79 0.6142
12000 14 77 0.6063
12015 14 75 0.5984
12029 14 73 0.5984
12044 14 72 0.5984
12058 14 70 0.6063
12073 14 68 0.6063
12087 14 67 0.6063
12102 14 65 0.6063
12116 14 64 0.6063
12131 14 61 0.5984
12145 14 60 0.5984
12160 14 58 0.5906
12174 14 56 0.5906
12188 14 55 0.5827
12203 14 53 0.5748
12217 14 52 0.5591
12232 14 53 0.5512
12246 14 55 0.5669
12261 14 56 0.5827
12275 14 55 0.5591
12290 14 53 0.5748
12304 14 51 0.5669
12319 14 50 0.5591
12333 14 48 0.5512
12348 14 47 0.5276
12362 14 48 0.5433
12377 14 50 0.5591
12391 14 48 0.5512
12413 7 43 0.4409
12420 7 47 0.4409
12428 7 50 0.4409
12435 7 55 0.5433
12471 7 43 0.4567
12478 7 48 0.4567
12486 7 51 0.4567
12493 7 55 0.5512
12529 7 43 0.4724
12536 7 50 0.4724
12544 7 53 0.4724
12551 7 55 0.5591
12587 7 43 0.4803
12594 7 48 0.4803
12602 7 51 0.4803
12609 7 55 0.5591
12645 7 55 0.4724
12652 7 59 0.4724
12660 7 62 0.4724
12667 7 67 0.5984
12703 7 55 0.5039
12710 7 60 0.5039
12718 7 63 0.5039
12725 7 67 0.5984
12761 7 55 0.5197
12768 7 62 0.5197
12775 7 65 0.5197
12783 7 67 0.6063
12819 7 55 0.5276
12826 7 60 0.5276
12833 7 63 0.5276
12841 7 67 0.6063
12877 7 67 0.5669
12884 7 71 0.5669
12891 7 74 0.5669
12899 7 79 0.7008
12935 7 67 0.5906
12942 7 72 0.5906
12949 7 75 0.5906
12957 7 79 0.6929
12993 7 67 0.5906
13000 7 74 0.5906
13007 7 77 0.5906
13015 7 79 0.685
13051 7 67 0.5906
13058 7 72 0.5906
13065 7 75 0.5906
13073 7 79 0.6772
13111 9 67 0.5197
13121 9 66 0.5354
13131 9 67 0.5512
13140 9 71 0.5669
13150 9 74 0.5906
13160 9 79 0.6614
13169 9 74 0.5669
13179 9 71 0.5039
13189 7 67 0.5512
13227 9 71 0.5197
13237 9 70 0.5354
13247 9 71 0.5512
13256 9 74 0.5669
13266 9 79 0.5906
13276 9 83 0.6614
13285 9 79 0.5669
13295 9 74 0.5039
13304 7 71 0.5512
13343 9 74 0.5197
13353 9 73 0.5354
13362 9 74 0.5512
13372 9 77 0.5669
13382 9 83 0.5906
13391 9 86 0.6614
13401 9 83 0.5669
13411 9 77 0.5039
13420 7 74 0.5512
13459 9 77 0.5197
13469 9 76 0.5354
13478 9 77 0.5512
13488 9 83 0.5669
13498 9 86 0.5906
13507 9 89 0.6614
13517 9 86 0.5669
13527 9 83 0.5039
13536 9 89 0.6614
13546 9 86 0.5669
13556 9 83 0.5039
13565 86 89 0.7874
13652 9 87 0.6772
13662 9 86 0.6693
13672 9 84 0.6535
13681 9 83 0.6457
13691 9 80 0.6378
13701 9 79 0.622
13710 9 77 0.6142
13720 9 75 0.6063
13730 9 74 0.5906
13739 9 72 0.5827
13749 9 71 0.5669
13759 9 68 0.5591
13768 5 67 0.5512
13774 5 65 0.5354
13780 5 63 0.5433
13786 5 62 0.5512
13791 5 60 0.5591
13797 173 59 0.7323
13986 7 67 0.378
14000 7 72 0.3858
14015 7 74 0.4016
14029 43 75 0.4094
14073 14 77 0.3937
14087 43 74 0.4173
14131 14 75 0.3937
14145 54 72 0.4094
14199 3 74 0.378
14203 14 72 0.4094
14218 14 71 0.4016
14232 14 72 0.4016
14247 10 74 0.3937
14257 3 77 0.3858
14261 14 75 0.4409
14276 14 74 0.4094
14290 14 75 0.4094
14305 14 77 0.4094
14319 14 79 0.4409
14348 14 79 0.4331
14377 86 79 0.4488
14464 14 77 0.4016
14478 7 79 0.4173
14486 3 77 0.378
14489 3 79 0.378
14493 57 80 0.4409
14551 28 74 0.4094
14580 14 75 0.4016
14594 7 77 0.4173
14602 3 75 0.3937
14605 3 77 0.3937
14609 57 79 0.4409
14667 28 72 0.4094
14696 14 72 0.4173
14710 14 74 0.4252
14725 14 75 0.4488
14754 14 75 0.4173
14768 14 77 0.4331
14783 14 74 0.4488
14812 14 74 0.4016
14826 14 75 0.4252
14841 28 72 0.4488
14971 14 59 0.3701
14986 14 62 0.3858
15000 14 65 0.4016
15029 14 77 0.4016
15044 14 74 0.3937
15058 14 71 0.378
15087 14 60 0.3465
15102 14 63 0.3622
15116 14 67 0.3858
15145 14 79 0.378
15160 14 75 0.3701
15174 14 72 0.3543
15203 14 64 0.3701
15218 14 67 0.3858
15232 14 70 0.4016
15261 14 82 0.4016
15276 14 79 0.3937
15290 14 76 0.378
15319 14 65 0.378
15334 14 68 0.3937
15348 14 72 0.4173
15363 14 77 0.4331
15377 14 80 0.4567
15392 14 84 0.4724
15406 43 89 0.5433
15450 28 87 0.4961
15479 28 86 0.4803
15507 28 84 0.4724
15536 14 83 0.4724
15565 57 79 0.4724
15623 43 79 0.4409
15667 14 81 0.4252
15681 14 83 0.4331
15696 14 84 0.4488
15710 14 86 0.4567
15725 14 88 0.4724
15739 14 89 0.4803
15754 14 86 0.4567
15768 14 89 0.4803
15783 14 88 0.4724
15797 14 86 0.4646
15812 13 84 0.4567
15826 14 84 0.4724
15841 14 83 0.4567
15855 14 81 0.4567
15870 14 83 0.4567
15884 14 86 0.4961
15899 14 84 0.4488
15913 14 83 0.4488
15928 14 81 0.4488
15942 26 77 0.378
15942 26 79 0.4724
15971 26 77 0.378
15971 26 79 0.4724
16000 14 77 0.4724
16000 130 79 0.4724
16015 14 76 0.4173
16029 14 74 0.4173
16044 13 72 0.4173
16058 14 72 0.4488
16073 14 71 0.4094
16087 14 69 0.4094
16102 14 71 0.4094
16116 28 72 0.4094
16131 14 81 0.4252
16145 14 83 0.4331
16160 14 84 0.4488
16174 14 86 0.4567
16189 14 88 0.4724
16203 14 89 0.4803
16218 14 86 0.4567
16232 14 89 0.4803
16247 14 88 0.4724
16261 14 86 0.4646
16276 14 84 0.4567
16290 14 83 0.4724
16305 14 84 0.4567
16319 14 88 0.4646
16334 14 84 0.4646
16348 14 83 0.5197
16363 14 81 0.4488
16377 14 84 0.4567
16392 14 81 0.4646
16406 14 79 0.5433
16421 14 77 0.4961
16435 14 81 0.4961
16450 14 77 0.5039
16464 14 76 0.5669
16479 14 74 0.4882
16493 14 77 0.5039
16508 14 74 0.5039
16522 14 81 0.5906
16537 14 77 0.5276
16551 14 74 0.5276
16566 14 72 0.5276
16580 10 71 0.4646
16590 10 67 0.4331
16599 10 69 0.4331
16609 10 71 0.4646
16619 10 69 0.4331
16628 10 67 0.4331
16638 57 72 0.4646
16696 10 71 0.4646
16706 10 67 0.4331
16715 10 69 0.4331
16725 10 71 0.4646
16735 10 69 0.4331
16744 10 67 0.4331
16754 57 72 0.4646
16812 9 71 0.4646
16822 9 67 0.4646
16831 9 69 0.4646
16841 9 71 0.5039
16851 9 69 0.4488
16860 9 67 0.4567
16870 9 74 0.5276
16880 9 71 0.4646
16889 9 72 0.4646
16899 9 74 0.4882
16909 9 72 0.5118
16918 9 71 0.5276
16928 10 77 0.5433
16938 10 76 0.5354
16947 10 74 0.5276
16957 10 72 0.5197
16966 10 71 0.5118
16976 10 69 0.4961
16986 10 67 0.4646
16995 10 69 0.4331
17005 10 67 0.4331
17015 10 65 0.4646
17024 10 64 0.4409
17034 10 62 0.4409
17044 10 64 0.4646
17053 10 60 0.4331
17063 10 62 0.4331
17073 10 64 0.4646
17082 10 62 0.4331
17092 10 60 0.4331
17102 57 65 0.4646
17160 10 64 0.4646
17169 10 72 0.4331
17179 10 74 0.4331
17189 10 76 0.4646
17198 10 74 0.4331
17208 10 72 0.4331
17218 57 77 0.4646
17276 9 76 0.4646
17285 9 72 0.4646
17295 9 74 0.4646
17305 9 76 0.5039
17314 9 74 0.4488
17324 9 72 0.4567
17334 9 79 0.5276
17343 9 76 0.4646
17353 9 77 0.4646
17363 9 79 0.4882
17372 9 77 0.5118
17382 9 76 0.5276
17392 10 82 0.5433
17401 10 81 0.5354
17411 10 79 0.5276
17421 10 77 0.5197
17430 10 76 0.5118
17440 10 74 0.4961
17450 10 72 0.4646
17459 10 71 0.4331
17469 10 72 0.4331
17479 10 73 0.4646
17488 10 74 0.4409
17498 10 70 0.4409
17537 9 57 0.4488
17546 9 60 0.4646
17556 9 65 0.4882
17566 9 69 0.5039
17575 9 72 0.5197
17585 9 77 0.5354
17595 7 81 0.5512
17609 7 81 0.5512
17624 14 81 0.5512
17638 14 79 0.5354
17653 7 77 0.5197
17667 7 76 0.5039
17682 14 76 0.5118
17696 14 74 0.4961
17710 7 72 0.4803
17725 7 71 0.4646
17739 28 72 0.4961
17826 28 67 0.3543
17855 14 71 0.2913
17855 14 74 0.3543
17884 14 71 0.2992
17884 14 74 0.3543
17913 14 71 0.2992
17913 14 74 0.3543
17942 14 71 0.3071
17942 14 74 0.3622
17971 86 72 0.315
17971 86 79 0.3701
18058 28 72 0.3622
18058 28 79 0.3622
18087 56 75 0.315
18087 56 72 0.315
18087 56 78 0.378
18145 56 74 0.2913
18145 56 72 0.2913
18145 56 78 0.3543
18203 28 71 0.3071
18203 28 74 0.3071
18203 28 79 0.3622
18290 28 55 0.3543
18319 14 59 0.2913
18319 14 62 0.3543
18348 14 59 0.2992
18348 14 62 0.3543
18377 14 59 0.2992
18377 14 62 0.3543
18406 14 59 0.3071
18406 14 62 0.3622
18435 86 67 0.3701
18464 28 59 0.315
18493 72 60 0.315
18522 28 67 0.3543
18551 14 65 0.3937
18580 14 60 0.3858
18580 14 65 0.3858
18609 14 62 0.3858
18609 14 65 0.3858
18638 57 62 0.3858
18638 14 65 0.3858
18667 86 70 0.4252
18696 28 62 0.4016
18725 86 63 0.4016
18754 28 70 0.4173
18783 14 69 0.4646
18812 14 66 0.4409
18812 14 69 0.4409
18841 14 66 0.4409
18841 14 69 0.4409
18870 57 66 0.4331
18870 14 69 0.4331
18899 86 74 0.4803
18928 28 66 0.4252
18957 28 67 0.4252
18986 57 66 0.4882
18986 28 69 0.4882
19015 86 74 0.4961
19044 28 66 0.4331
19073 28 67 0.3937
19102 57 71 0.4252
19102 28 74 0.4252
19131 86 79 0.4567
19160 28 71 0.4094
19189 28 72 0.4331
19218 57 71 0.4488
19218 28 74 0.4488
19247 86 79 0.4961
19276 28 71 0.4331
19305 28 72 0.4331
19334 57 71 0.4724
19334 28 74 0.4724
19363 86 80 0.5433
19392 28 70 0.3858
19421 28 71 0.3858
19450 28 74 0.4409
19479 86 79 0.5118
19508 28 70 0.3701
19537 28 71 0.378
19566 28 74 0.4252
19595 86 78 0.4724
19624 28 70 0.2992
19653 28 71 0.2992
19682 57 74 0.315
19711 86 77 0.3701
19740 28 70 0.2913
19769 57 71 0.2913
19827 43 67 0.3465
19827 43 72 0.3465
19827 43 75 0.4094
19870 14 77 0.3937
19885 43 74 0.4173
19928 14 75 0.3937
19942 54 72 0.4094
19997 3 74 0.378
20000 14 72 0.4094
20015 14 71 0.4016
20029 14 72 0.4016
20044 10 74 0.3937
20055 3 77 0.3858
20058 14 75 0.4409
20073 14 74 0.4094
20087 14 75 0.4094
20102 14 77 0.4094
20116 14 79 0.4409
20145 14 79 0.4331
20174 86 79 0.4488
20261 14 77 0.4016
20276 7 79 0.4173
20283 3 77 0.378
20287 3 79 0.378
20290 57 80 0.4409
20348 28 74 0.4094
20377 14 75 0.4016
20392 7 77 0.4173
20399 3 75 0.3937
20403 3 77 0.3937
20406 57 79 0.4409
20464 28 72 0.4094
20493 14 72 0.4173
20508 14 74 0.4252
20522 14 75 0.4488
20551 14 75 0.4173
20566 14 77 0.4331
20580 14 74 0.4488
20609 14 74 0.4016
20624 14 75 0.4252
20638 14 72 0.4488
20653 14 71 0.4094
20667 14 72 0.4173
20682 14 74 0.4252
20696 14 75 0.4331
20711 14 76 0.4409
20725 14 77 0.4567
20740 14 79 0.4646
20754 14 80 0.4724
20769 14 79 0.4488
20783 14 82 0.4961
20798 14 80 0.4882
20812 14 79 0.4882
20827 14 77 0.4803
20841 14 75 0.4724
20856 14 74 0.4567
20870 14 79 0.5197
20885 14 78 0.4724
20899 14 80 0.5276
20914 14 79 0.5197
20928 14 77 0.5197
20943 14 75 0.5118
20957 14 74 0.5118
20972 14 72 0.5039
20986 14 75 0.5591
21001 14 74 0.5039
21015 14 77 0.5512
21029 14 75 0.4882
21044 14 74 0.5433
21058 14 73 0.5197
21073 14 75 0.5039
21087 14 74 0.4724
21102 28 72 0.5197
21170 9 84 0.5354
21179 9 86 0.5512
21189 9 88 0.5748
21199 9 86 0.5512
21208 9 84 0.5197
21218 14 89 0.6063
21286 9 84 0.5197
21295 9 86 0.5433
21305 9 88 0.5669
21315 9 86 0.5512
21324 9 84 0.5276
21334 14 89 0.6063
21401 9 84 0.5197
21411 9 86 0.5433
21421 9 88 0.5669
21430 9 86 0.5512
21440 9 84 0.5276
21450 14 89 0.6772
21479 14 72 0.5984
21479 14 75 0.5984
21479 14 78 0.5984
21479 14 84 0.7087
21508 14 72 0.5984
21508 14 75 0.5984
21508 14 79 0.5984
21508 14 84 0.7087
21537 14 71 0.5984
21537 14 74 0.5984
21537 14 79 0.5984
21537 14 83 0.7087
21566 14 72 0.5984
21566 14 75 0.5984
21566 14 79 0.5984
21566 14 84 0.7087
21633 9 72 0.5354
21643 9 74 0.5512
21653 9 76 0.5748
21662 9 74 0.5512
21672 9 72 0.5197
21682 14 77 0.6063
21749 9 72 0.5197
21759 9 74 0.5433
21769 9 76 0.5669
21778 9 74 0.5512
21788 9 72 0.5276
21798 14 77 0.6063
21865 9 60 0.5197
21875 9 62 0.5433
21885 9 64 0.5669
21894 9 62 0.5512
21904 9 60 0.5276
21914 9 65 0.4961
21923 9 60 0.3937
21933 9 62 0.3937
21943 9 63 0.4961
21952 9 62 0.3937
21962 9 60 0.3937
21972 9 66 0.5354
21981 9 60 0.4094
21991 9 62 0.4173
22001 9 63 0.4724
22010 9 62 0.3937
22020 9 60 0.3937
22030 9 67 0.5433
22039 9 60 0.4016
22049 9 62 0.4094
22059 9 63 0.4567
22068 9 62 0.4016
22078 9 60 0.4094
22088 9 69 0.5433
22097 9 60 0.4252
22107 9 62 0.4331
22117 9 63 0.4882
22126 9 62 0.4331
22136 9 60 0.4331
22145 9 71 0.5512
22155 9 59 0.4331
22165 9 60 0.4331
22174 9 62 0.4803
22184 9 60 0.4331
22194 9 59 0.4252
22203 9 72 0.5669
22213 9 60 0.4331
22223 9 62 0.4331
22232 9 63 0.4961
22242 9 62 0.4409
22252 9 60 0.4567
22261 9 74 0.5827
22271 9 62 0.4409
22281 9 63 0.4409
22290 9 65 0.4882
22300 9 63 0.4252
22310 9 62 0.4252
22319 9 71 0.5906
22329 9 59 0.4173
22339 9 60 0.4173
22348 9 62 0.5118
22358 9 60 0.4331
22368 9 59 0.4331
22377 28 60 0.5276
22377 28 72 0.622
22435 28 79 0.6614
22464 7 77 0.6299
22472 7 75 0.622
22479 7 74 0.6142
22486 7 72 0.6063
22493 14 74 0.622
22551 28 77 0.6614
22580 7 75 0.6299
22588 7 74 0.622
22595 7 72 0.6142
22602 7 71 0.6063
22609 14 72 0.622
22667 28 79 0.6614
22696 7 77 0.6299
22703 7 75 0.622
22711 7 74 0.6142
22718 7 72 0.6063
22725 14 74 0.622
22783 28 77 0.6614
22812 7 75 0.6299
22819 7 74 0.622
22827 7 72 0.6142
22834 7 71 0.6063
22841 14 72 0.622
22899 28 79 0.6614
22928 7 77 0.6299
22935 7 75 0.622
22943 7 74 0.6142
22950 7 72 0.6063
22957 14 73 0.622
23015 144 89 0.7874
23160 9 87 0.6772
23170 9 85 0.6693
23179 9 84 0.6535
23189 9 82 0.6457
23199 9 80 0.6378
23208 9 79 0.622
23218 9 77 0.6142
23228 9 75 0.6063
23237 9 73 0.5906
23247 4 72 0.5827
23252 4 70 0.5669
23257 4 68 0.5591
23261 4 67 0.5512
23266 4 65 0.5354
23271 4 63 0.5433
23276 4 61 0.5512
23280 4 60 0.5591
23284 4 58 0.5591
23288 4 56 0.5591
23292 4 55 0.5591
23297 4 53 0.5591
23301 4 51 0.5591
23305 173 49 0.7323
23508 14 56 0.3858
23522 14 58 0.4016
23537 43 60 0.4094
23580 14 61 0.3937
23595 43 58 0.4173
23638 14 60 0.3937
23653 28 56 0.4094
23740 14 68 0.3622
23754 14 70 0.378
23769 43 72 0.3858
23812 14 73 0.3701
23827 43 70 0.3858
23870 14 72 0.3622
23885 28 68 0.3701
23972 28 72 0.315
24001 28 78 0.315
24001 28 75 0.315
24088 28 72 0.315
24117 28 79 0.315
24117 28 75 0.315
24204 9 87 0.7638
24213 9 86 0.7087
24223 9 84 0.7087
24233 9 89 0.7559
24242 9 87 0.7008
24252 9 86 0.7087
24262 9 84 0.7638
24271 9 83 0.7244
24281 9 80 0.7244
24291 9 79 0.7087
24300 9 77 0.7244
24310 9 75 0.7323
24320 9 74 0.748
24329 9 72 0.7638
24339 9 71 0.7795
24348 28 72 0.7953
115 14 48 0.315
130 14 51 0.2835
144 14 55 0.2835
159 14 60 0.2835
173 14 48 0.315
188 14 53 0.315
202 14 55 0.2835
217 14 59 0.2835
231 14 48 0.315
246 14 51 0.315
260 14 55 0.2835
275 14 60 0.2835
289 14 63 0.315
304 14 67 0.2835
318 14 63 0.2835
333 14 62 0.2835
347 14 60 0.315
362 14 67 0.2835
376 14 60 0.2835
376 14 63 0.2835
391 14 67 0.2835
405 14 59 0.3228
405 14 62 0.3228
420 14 67 0.2835
434 14 60 0.2835
434 14 56 0.2835
449 14 67 0.2835
463 14 55 0.315
478 14 59 0.2283
492 14 62 0.2205
507 14 67 0.2205
521 14 55 0.315
536 14 59 0.2441
550 14 62 0.2441
565 14 67 0.2441
579 14 53 0.315
594 14 56 0.2835
608 14 59 0.2913
623 14 62 0.2913
637 14 53 0.315
652 14 56 0.2835
666 14 59 0.2835
681 14 62 0.2835
695 14 51 0.315
710 14 55 0.2677
724 14 60 0.2677
739 14 63 0.2598
753 14 56 0.3228
768 14 60 0.2756
782 14 63 0.2756
797 14 66 0.2756
811 14 55 0.315
826 14 60 0.315
840 14 63 0.2756
855 14 67 0.2756
869 14 55 0.315
884 14 59 0.2835
898 14 62 0.2835
913 14 67 0.2835
942 14 48 0.2992
956 14 51 0.3307
971 14 55 0.3543
985 28 60 0.3858
1058 14 41 0.3386
1072 14 47 0.3543
1087 14 50 0.3701
1101 14 53 0.3858
1115 14 56 0.3386
1130 14 55 0.3386
1144 14 53 0.3386
1173 14 39 0.315
1188 14 43 0.3307
1202 14 48 0.3543
1217 14 51 0.378
1231 14 55 0.315
1246 14 56 0.3071
1260 14 54 0.3071
1275 14 43 0.378
1289 14 55 0.3465
1304 14 60 0.2992
1318 14 55 0.2992
1333 14 43 0.378
1347 14 55 0.3071
1362 14 59 0.3071
1376 14 55 0.3071
1391 14 48 0.4094
1405 14 60 0.3543
1420 14 59 0.3543
1434 14 60 0.3543
1449 14 52 0.4094
1463 14 60 0.378
1478 14 55 0.378
1492 14 60 0.378
1507 14 53 0.4173
1521 14 60 0.3858
1536 14 56 0.3937
1550 14 60 0.3858
1565 14 55 0.4252
1579 14 65 0.4094
1594 14 59 0.3622
1608 14 65 0.3937
1623 14 56 0.4252
1637 14 63 0.3701
1652 14 60 0.3701
1666 14 63 0.3701
1681 14 55 0.4882
1695 14 64 0.4252
1710 14 60 0.4331
1724 14 64 0.4331
1739 14 53 0.5039
1753 14 65 0.4488
1768 14 60 0.4567
1782 14 65 0.4488
1797 14 55 0.4961
1811 14 67 0.4488
1826 14 55 0.4488
1840 14 67 0.4409
1855 14 60 0.5354
1884 14 55 0.4882
1884 14 59 0.4882
1913 14 48 0.4882
1913 14 60 0.4882
1942 14 43 0.4882
1942 14 55 0.4882
1971 14 36 0.5433
1971 14 48 0.5433
2087 115 34 0.4567
2087 115 46 0.5433
2203 28 32 0.4488
2203 28 44 0.5354
2347 28 52 0.3622
2347 28 60 0.4331
2376 28 52 0.3622
2376 28 60 0.4331
2405 28 52 0.3622
2405 28 60 0.4331
2434 86 53 0.3622
2434 86 60 0.4331
2550 115 32 0.4567
2550 115 44 0.5433
2666 28 31 0.4488
2666 28 43 0.5354
2811 28 50 0.3622
2811 28 58 0.4331
2840 28 50 0.3622
2840 28 58 0.4331
2869 28 50 0.3622
2869 28 58 0.4331
2898 14 51 0.3622
2913 14 58 0.2441
2927 14 63 0.2441
2942 14 58 0.2441
2956 14 56 0.3307
2971 14 58 0.2362
2985 14 62 0.2362
3000 14 58 0.2362
3014 14 55 0.3307
3029 14 58 0.2598
3043 14 63 0.2598
3058 14 58 0.2677
3072 14 50 0.3228
3087 14 58 0.2598
3101 14 62 0.2598
3116 14 58 0.2598
3130 14 51 0.315
3145 14 58 0.2756
3159 14 63 0.2756
3174 14 58 0.2756
3188 14 56 0.315
3203 14 58 0.2756
3217 14 65 0.2835
3232 14 58 0.2835
3246 14 55 0.315
3261 14 58 0.2756
3275 14 63 0.2835
3290 14 58 0.2835
3304 14 50 0.315
3319 14 58 0.2677
3333 14 50 0.2677
3347 14 58 0.2677
3362 14 51 0.3228
3376 14 58 0.2677
3391 14 51 0.2677
3405 14 58 0.2677
3420 14 56 0.315
3434 14 58 0.2677
3449 14 56 0.2677
3463 14 58 0.2677
3478 14 54 0.315
3492 14 58 0.2835
3507 14 54 0.2913
3521 14 58 0.2913
3536 14 50 0.3228
3550 14 58 0.2835
3565 14 50 0.2835
3579 14 58 0.2835
3594 14 51 0.3071
3608 14 58 0.3071
3623 14 54 0.3228
3637 14 58 0.3228
3652 14 46 0.3307
3666 14 58 0.3386
3681 14 50 0.3465
3695 14 58 0.3543
3710 14 47 0.3543
3724 14 58 0.3701
3739 14 51 0.4016
3753 14 58 0.4252
3768 14 47 0.4567
3782 14 57 0.3858
3797 14 51 0.3858
3811 14 57 0.3858
3826 28 46 0.4724
3855 14 58 0.3622
3855 14 62 0.3622
3855 14 65 0.4331
3884 57 58 0.4646
3884 57 66 0.5512
3884 57 63 0.4646
3971 14 58 0.3622
3971 14 62 0.3622
3971 14 65 0.4331
4000 57 58 0.4646
4000 57 66 0.5512
4000 57 63 0.4646
4058 28 58 0.3622
4058 28 62 0.3622
4058 28 65 0.4331
4116 28 58 0.3622
4116 28 65 0.3622
4116 28 68 0.4331
4174 28 58 0.3622
4174 28 62 0.3622
4174 28 65 0.3622
4174 28 68 0.4331
4290 28 51 0.4331
4357 10 58 0.3543
4367 10 60 0.378
4377 10 62 0.3937
4386 10 60 0.378
4396 10 58 0.3543
4406 28 63 0.4331
4473 10 58 0.3386
4483 10 60 0.3701
4492 10 62 0.3937
4502 10 60 0.378
4512 10 58 0.3543
4521 28 63 0.4331
4579 28 63 0.4331
4637 28 61 0.4331
4637 28 55 0.4331
4637 28 58 0.4331
4637 28 63 0.4331
4753 9 44 0.4094
4763 9 48 0.4252
4773 9 51 0.4409
4782 28 56 0.4646
4869 28 58 0.378
4869 28 63 0.378
4869 28 67 0.4488
4927 28 58 0.3858
4927 28 65 0.3858
4927 28 68 0.4567
4985 28 63 0.3858
4985 28 67 0.4567
5101 14 58 0.3071
5101 14 56 0.2598
5130 14 56 0.2677
5130 14 58 0.315
5159 14 58 0.3307
5159 14 56 0.2756
5188 14 56 0.2835
5188 14 58 0.3386
5217 86 55 0.2913
5217 86 58 0.3543
5304 28 55 0.3307
5333 57 60 0.3543
5391 57 59 0.3386
5449 86 58 0.3386
5565 14 62 0.3465
5565 14 56 0.2913
5594 14 56 0.3071
5594 14 62 0.3701
5623 14 62 0.4016
5623 14 56 0.3307
5652 14 56 0.3622
5652 14 62 0.4331
5681 115 55 0.3937
5681 115 63 0.4724
5797 28 56 0.4803
5797 28 63 0.5669
5855 28 46 0.4803
5855 28 58 0.5669
5922 10 63 0.4331
5932 10 65 0.4331
5942 10 67 0.4646
5951 10 65 0.4331
5961 10 63 0.4331
5971 57 68 0.4646
6029 10 67 0.4646
6038 10 63 0.4331
6048 10 65 0.4331
6058 10 67 0.4646
6067 10 65 0.4331
6077 10 63 0.4331
6087 57 68 0.4646
6145 14 67 0.4331
6145 14 63 0.4331
6174 14 60 0.4094
6203 14 56 0.4094
6232 14 58 0.4094
6270 10 39 0.3858
6280 10 41 0.3858
6290 10 43 0.4173
6299 10 41 0.3858
6309 10 39 0.3858
6319 57 44 0.5512
6377 10 43 0.4173
6386 10 39 0.3858
6396 10 41 0.3858
6406 10 43 0.4173
6415 10 41 0.3858
6425 10 39 0.3858
6435 57 44 0.5512
6493 10 43 0.4173
6502 10 39 0.3858
6512 10 41 0.3858
6522 10 43 0.4173
6531 10 41 0.3858
6541 10 39 0.3858
6551 173 44 0.5512
6724 231 31 0.5906
6724 231 43 0.6299
6956 173 43 0.5433
6956 173 50 0.5433
6956 173 53 0.6457
7188 14 48 0.315
7203 14 51 0.2835
7217 14 55 0.2835
7232 14 60 0.2835
7246 14 48 0.315
7261 14 53 0.315
7275 14 55 0.2835
7290 14 59 0.2835
7304 14 48 0.315
7319 14 51 0.315
7333 14 55 0.2835
7348 14 60 0.2835
7362 14 63 0.315
7377 14 67 0.2835
7391 14 63 0.2835
7406 14 62 0.2835
7420 14 60 0.315
7435 14 67 0.2835
7449 14 60 0.2835
7449 14 63 0.2835
7464 14 67 0.2835
7478 14 59 0.3228
7478 14 62 0.3228
7493 14 67 0.2835
7507 14 60 0.2835
7507 14 56 0.2835
7522 14 67 0.2835
7536 14 55 0.315
7551 14 59 0.2283
7565 14 62 0.2205
7580 14 67 0.2205
7594 14 55 0.315
7609 14 59 0.2441
7623 14 62 0.2441
7638 14 67 0.2441
7652 14 53 0.315
7667 14 56 0.2835
7681 14 59 0.2913
7696 14 62 0.2913
7710 14 53 0.315
7725 14 56 0.2835
7739 14 59 0.2835
7753 14 62 0.2835
7768 14 51 0.315
7782 14 55 0.2677
7797 14 60 0.2677
7811 14 63 0.2598
7826 14 56 0.3228
7840 14 60 0.2756
7855 14 63 0.2756
7869 14 66 0.2756
7884 14 55 0.315
7898 14 60 0.315
7913 14 63 0.2756
7927 14 67 0.2756
7942 14 55 0.315
7956 14 59 0.2835
7971 14 62 0.2835
7985 14 67 0.2835
8014 14 48 0.2992
8029 14 51 0.3307
8043 14 55 0.3543
8058 28 60 0.3858
8130 14 41 0.3386
8145 14 47 0.3543
8159 14 50 0.3701
8174 14 53 0.3858
8188 14 56 0.3386
8203 14 55 0.3386
8217 14 53 0.3386
8246 14 39 0.315
8261 14 43 0.3307
8275 14 48 0.3543
8290 14 51 0.378
8304 14 55 0.315
8319 14 56 0.3071
8333 14 54 0.3071
8348 14 43 0.378
8362 14 55 0.3465
8377 14 60 0.2992
8391 14 55 0.2992
8406 14 43 0.378
8420 14 55 0.3071
8435 14 59 0.3071
8449 14 55 0.3071
8464 14 48 0.4094
8478 14 60 0.3543
8493 14 59 0.3543
8507 14 60 0.3543
8522 14 52 0.4094
8536 14 60 0.378
8551 14 55 0.378
8565 14 60 0.378
8580 14 53 0.4173
8594 14 60 0.3858
8609 14 56 0.3937
8623 14 60 0.3858
8638 14 55 0.4252
8652 14 65 0.4094
8667 14 59 0.3386
8681 14 65 0.3937
8696 14 56 0.4252
8710 14 63 0.3701
8725 14 60 0.3701
8739 14 63 0.3701
8754 14 55 0.4882
8768 14 64 0.4252
8783 14 60 0.4331
8797 14 64 0.4331
8812 14 53 0.5039
8826 14 65 0.4488
8841 14 60 0.4567
8855 14 65 0.4488
8869 14 55 0.4961
8884 14 67 0.4488
8898 14 55 0.4488
8913 14 67 0.4409
8927 14 60 0.5354
8956 14 55 0.4882
8956 14 59 0.4882
8985 14 48 0.4882
8985 14 60 0.4882
9014 14 43 0.4882
9014 14 55 0.4882
9043 14 36 0.5433
9043 14 48 0.5433
9116 14 44 0.3622
9130 14 48 0.378
9145 14 51 0.3937
9159 57 56 0.4016
9217 57 49 0.378
9275 57 55 0.378
9333 57 48 0.3543
9391 28 53 0.378
9420 57 46 0.378
9478 28 48 0.378
9507 28 49 0.4016
9536 28 50 0.3622
9565 28 51 0.3622
9594 28 39 0.3307
9623 57 44 0.4016
9681 57 49 0.3858
9739 57 43 0.4016
9797 57 48 0.3858
9855 57 41 0.4094
9913 28 43 0.4016
9942 28 44 0.3858
9971 28 45 0.4173
10000 28 46 0.3937
10029 28 39 0.3858
10116 57 56 0.3386
10116 57 60 0.4016
10174 57 49 0.315
10174 57 53 0.378
10232 57 55 0.3386
10232 57 58 0.4016
10290 57 48 0.315
10290 57 51 0.378
10348 28 53 0.3386
10348 28 56 0.4016
10377 28 46 0.4016
10406 28 48 0.4016
10435 28 49 0.3858
10464 28 50 0.3858
10493 28 51 0.3858
10551 57 60 0.4016
10551 57 56 0.3386
10609 57 65 0.3937
10609 57 61 0.3307
10667 57 58 0.4252
10667 57 55 0.3622
10725 57 63 0.4252
10725 57 60 0.3543
10783 57 53 0.4646
10841 28 55 0.4724
10870 28 56 0.4567
10899 28 57 0.5039
10928 28 58 0.4882
10957 28 51 0.4803
10986 28 63 0.5039
11015 28 62 0.5118
11044 28 63 0.5118
11072 28 66 0.5118
11101 28 57 0.4803
11130 14 58 0.4882
11217 28 61 0.5118
11217 28 51 0.4252
11246 28 60 0.4882
11246 28 56 0.4882
11333 28 46 0.4173
11333 28 56 0.4961
11362 28 51 0.4961
11362 28 55 0.4961
11435 7 75 0.3858
11449 7 77 0.3858
11464 7 79 0.3858
11478 14 80 0.3858
11493 14 79 0.3858
11507 14 77 0.3858
11522 14 75 0.3858
11536 14 73 0.3858
11551 14 72 0.3858
11565 14 70 0.3858
11580 14 68 0.3858
11594 14 67 0.3858
11609 14 65 0.3858
11623 14 63 0.3858
11638 14 61 0.3858
11652 14 60 0.3858
11667 14 58 0.3858
11681 14 56 0.3858
11696 14 55 0.3858
11710 14 53 0.4016
11725 14 51 0.4016
11739 14 49 0.4094
11754 14 48 0.4173
11768 14 46 0.4173
11783 14 45 0.4252
11797 14 46 0.4331
11812 14 48 0.4331
11826 14 49 0.4331
11841 14 48 0.4409
11855 14 49 0.4488
11870 14 50 0.4567
11884 14 51 0.4646
11899 14 53 0.4724
11913 14 54 0.4803
11928 14 55 0.4882
11942 57 44 0.5984
12000 57 49 0.5669
12058 57 43 0.6063
12116 57 48 0.5591
12174 57 41 0.5984
12232 115 29 0.5984
12232 115 41 0.5984
12348 57 30 0.5906
12348 57 42 0.5906
12406 28 31 0.5906
12449 7 38 0.4252
12457 7 35 0.4331
12464 7 31 0.5276
12507 7 39 0.4331
12515 7 36 0.4331
12522 7 31 0.5433
12565 7 41 0.4488
12573 7 38 0.4488
12580 7 31 0.5512
12623 7 39 0.4646
12631 7 36 0.4646
12638 7 31 0.6378
12681 7 50 0.4646
12689 7 47 0.4646
12696 7 43 0.5827
12739 7 51 0.4646
12746 7 48 0.4646
12754 7 43 0.5984
12797 7 53 0.4882
12804 7 50 0.4882
12812 7 43 0.5984
12855 7 51 0.5118
12862 7 48 0.5118
12870 7 43 0.6929
12913 7 62 0.5512
12920 7 59 0.5512
12928 7 55 0.6772
12971 7 63 0.5354
12978 7 60 0.5354
12986 7 55 0.6772
13029 7 65 0.5512
13036 7 62 0.5512
13044 7 55 0.6772
13087 7 63 0.5591
13094 7 60 0.5591
13102 7 55 0.6299
13189 9 55 0.5276
13198 9 50 0.5276
13208 9 47 0.5197
13218 28 43 0.6299
13304 9 55 0.5276
13314 9 50 0.5276
13324 9 47 0.5197
13333 28 43 0.6299
13420 9 43 0.5276
13430 9 38 0.5276
13440 9 35 0.5197
13449 28 31 0.6299
13565 231 31 0.5906
13565 231 43 0.6299
13797 173 43 0.5433
13797 173 53 0.6457
13797 173 50 0.5433
14029 14 48 0.315
14044 14 51 0.2835
14058 14 55 0.2835
14073 14 60 0.2835
14087 14 48 0.315
14102 14 53 0.315
14116 14 55 0.2835
14131 14 59 0.2835
14145 14 48 0.315
14160 14 51 0.315
14174 14 55 0.2835
14189 14 60 0.2835
14203 14 63 0.315
14218 14 67 0.2835
14232 14 63 0.2835
14247 14 62 0.2835
14261 14 60 0.315
14276 14 67 0.2835
14290 14 60 0.2835
14290 14 63 0.2835
14305 14 67 0.2835
14319 14 59 0.3228
14319 14 62 0.3228
14334 14 67 0.2835
14348 14 60 0.2835
14348 14 56 0.2835
14363 14 67 0.2835
14377 14 55 0.315
14391 14 59 0.2283
14406 14 62 0.2205
14420 14 67 0.2205
14435 14 55 0.315
14449 14 59 0.2441
14464 14 62 0.2441
14478 14 67 0.2441
14493 14 53 0.315
14507 14 56 0.2835
14522 14 59 0.2913
14536 14 62 0.2913
14551 14 53 0.315
14565 14 56 0.2835
14580 14 59 0.2835
14594 14 62 0.2835
14609 14 51 0.315
14623 14 55 0.2677
14638 14 60 0.2677
14652 14 63 0.2598
14667 14 56 0.3228
14681 14 60 0.2756
14696 14 63 0.2756
14710 14 66 0.2756
14725 14 55 0.315
14739 14 60 0.315
14754 14 63 0.2756
14768 14 67 0.2756
14783 14 55 0.315
14797 14 59 0.2835
14812 14 62 0.2835
14826 14 67 0.2835
14855 14 36 0.2992
14870 14 39 0.3307
14884 14 43 0.3543
14899 14 48 0.3543
14913 14 51 0.3543
14928 14 53 0.3937
14942 14 55 0.4094
14957 57 56 0.4252
15015 28 50 0.4016
15044 14 51 0.3937
15058 14 53 0.4094
15073 57 55 0.4252
15131 28 48 0.4016
15160 14 58 0.3937
15174 14 60 0.4094
15189 57 61 0.4252
15247 28 55 0.4016
15276 14 56 0.3937
15290 14 58 0.4094
15305 57 60 0.4252
15363 28 53 0.4016
15421 28 60 0.4252
15421 57 56 0.4252
15450 28 65 0.4252
15479 28 60 0.4252
15479 57 56 0.4252
15507 28 66 0.4252
15536 28 55 0.3622
15565 28 67 0.2441
15594 28 65 0.3307
15623 28 67 0.2362
15652 28 64 0.3307
15681 28 67 0.2598
15710 28 59 0.3228
15739 28 67 0.2598
15768 28 60 0.315
15797 28 67 0.2756
15826 57 74 0.315
15826 28 65 0.315
15855 28 67 0.2835
15884 57 72 0.315
15884 28 64 0.315
15913 28 67 0.2835
15942 28 59 0.315
15971 28 67 0.2677
16000 28 60 0.3228
16029 28 67 0.2677
16058 28 65 0.315
16087 28 67 0.2677
16116 28 64 0.3307
16145 28 67 0.2598
16174 28 59 0.3228
16203 28 67 0.2598
16232 28 60 0.315
16261 28 67 0.2756
16290 57 64 0.315
16290 28 72 0.315
16319 28 67 0.2835
16348 57 65 0.2992
16348 28 72 0.3307
16377 28 69 0.2992
16406 57 65 0.2913
16406 28 73 0.3465
16435 28 69 0.2992
16464 28 65 0.3622
16464 28 74 0.3622
16493 28 69 0.3307
16522 28 65 0.378
16551 28 66 0.3228
16580 9 67 0.4331
16648 10 62 0.3543
16657 10 64 0.378
16667 10 66 0.3937
16677 10 64 0.378
16686 10 62 0.3543
16696 9 67 0.4331
16764 10 62 0.3386
16773 10 64 0.3701
16783 10 66 0.3937
16793 10 64 0.378
16802 10 62 0.3543
16812 9 67 0.4331
16870 28 67 0.4331
16928 28 62 0.3622
16928 28 55 0.3622
16928 28 59 0.3622
16928 28 65 0.4331
17044 28 48 0.4331
17111 10 55 0.3543
17121 10 57 0.378
17131 10 59 0.3937
17140 10 57 0.378
17150 10 55 0.3543
17160 28 60 0.4331
17227 10 55 0.3386
17237 10 57 0.3701
17247 10 59 0.3937
17256 10 57 0.378
17266 10 55 0.3543
17276 28 60 0.4331
17334 28 60 0.4331
17392 28 58 0.3622
17392 28 52 0.3622
17392 28 55 0.3622
17392 28 60 0.4331
17508 9 41 0.4094
17517 9 45 0.4252
17527 9 48 0.4409
17537 28 53 0.4646
17624 28 55 0.378
17624 28 60 0.378
17624 28 64 0.4488
17682 28 55 0.3858
17682 28 62 0.3858
17682 28 65 0.4567
17739 28 60 0.3858
17739 28 64 0.4567
17855 14 67 0.3071
17855 14 65 0.2598
17884 14 65 0.2677
17884 14 67 0.315
17913 14 67 0.3307
17913 14 65 0.2756
17942 14 65 0.2835
17942 14 67 0.3386
17971 86 64 0.2913
17971 86 67 0.3543
18058 28 64 0.3307
18087 56 69 0.3543
18145 56 69 0.3386
18203 28 67 0.3386
18319 14 55 0.3071
18319 14 53 0.2598
18348 14 53 0.2677
18348 14 55 0.315
18377 14 55 0.3307
18377 14 53 0.2756
18406 14 53 0.2835
18406 14 55 0.3386
18435 86 51 0.2913
18435 86 55 0.3543
18522 28 51 0.3228
18551 14 56 0.3071
18580 14 56 0.3465
18609 14 58 0.3465
18609 14 56 0.3465
18638 14 56 0.3622
18638 14 58 0.3622
18667 86 55 0.3937
18667 86 58 0.3937
18754 28 55 0.4016
18783 14 60 0.3701
18812 14 60 0.378
18812 14 63 0.378
18841 14 63 0.3937
18841 14 60 0.3937
18870 14 60 0.4016
18870 14 63 0.4016
18899 86 59 0.4252
18899 86 62 0.4252
18986 28 60 0.4173
18986 28 63 0.4173
19015 86 59 0.4331
19015 86 62 0.4331
19102 28 65 0.4252
19102 28 68 0.4252
19131 86 63 0.4409
19131 86 67 0.4409
19218 28 65 0.3858
19218 28 68 0.3858
19247 86 63 0.4094
19247 86 67 0.4094
19334 28 65 0.2835
19334 28 68 0.3386
19798 28 43 0.3307
19827 14 48 0.315
19841 14 51 0.2835
19856 14 55 0.2835
19870 14 60 0.2835
19885 14 48 0.315
19899 14 53 0.315
19914 14 55 0.2835
19928 14 59 0.2835
19942 14 48 0.315
19957 14 51 0.315
19971 14 55 0.2835
19986 14 60 0.2835
20000 14 63 0.315
20015 14 67 0.2835
20029 14 63 0.2835
20044 14 62 0.2835
20058 14 60 0.315
20073 14 67 0.2835
20087 14 60 0.2835
20087 14 63 0.2835
20102 14 67 0.2835
20116 14 59 0.3228
20116 14 62 0.3228
20131 14 67 0.2835
20145 14 60 0.2835
20145 14 56 0.2835
20160 14 67 0.2835
20174 14 55 0.315
20189 14 59 0.2283
20203 14 62 0.2205
20218 14 67 0.2205
20232 14 55 0.315
20247 14 59 0.2441
20261 14 62 0.2441
20276 14 67 0.2441
20290 14 53 0.315
20305 14 56 0.2835
20319 14 59 0.2913
20334 14 62 0.2913
20348 14 53 0.315
20363 14 56 0.2835
20377 14 59 0.2835
20392 14 62 0.2835
20406 14 51 0.315
20421 14 55 0.2677
20435 14 60 0.2677
20450 14 63 0.2598
20464 14 56 0.3228
20479 14 60 0.2756
20493 14 63 0.2756
20508 14 66 0.2756
20522 14 55 0.315
20537 14 60 0.315
20551 14 63 0.2756
20566 14 67 0.2756
20580 14 55 0.315
20595 14 59 0.2835
20609 14 62 0.2835
20624 14 67 0.2835
20638 28 60 0.4488
20754 14 41 0.4567
20769 14 44 0.378
20783 14 47 0.3858
20798 14 50 0.4016
20812 14 41 0.4173
20827 14 44 0.4252
20841 14 47 0.4409
20856 14 50 0.4488
20870 14 39 0.4567
20885 14 43 0.4488
20899 14 48 0.4331
20914 14 51 0.4409
20928 14 44 0.4488
20943 14 48 0.4488
20957 14 51 0.4567
20972 14 54 0.4724
20986 14 43 0.5039
21001 14 48 0.4567
21015 14 51 0.4961
21029 14 55 0.4961
21044 14 43 0.4882
21058 14 55 0.4803
21073 14 43 0.4567
21087 14 55 0.4488
21102 14 48 0.5276
21116 14 60 0.4094
21131 14 59 0.4724
21145 14 60 0.4094
21160 14 58 0.5039
21174 14 60 0.4016
21189 14 55 0.4488
21203 14 60 0.3937
21218 14 56 0.4961
21232 14 60 0.3937
21247 14 53 0.4488
21261 14 60 0.3937
21276 14 58 0.4646
21290 14 60 0.3937
21305 14 55 0.4331
21319 14 60 0.3937
21334 14 56 0.4961
21348 14 60 0.3937
21363 14 53 0.4488
21377 14 60 0.3937
21392 14 58 0.4646
21406 14 60 0.3937
21421 14 55 0.4331
21435 14 60 0.3937
21450 14 56 0.6063
21479 14 44 0.4882
21479 14 48 0.4882
21479 14 51 0.4882
21479 14 56 0.5748
21508 14 43 0.4882
21508 14 48 0.4882
21508 14 51 0.4882
21508 14 55 0.5748
21537 14 43 0.4882
21537 14 47 0.4882
21537 14 50 0.4882
21537 14 55 0.5748
21566 14 36 0.5984
21580 14 48 0.4094
21595 14 47 0.4724
21609 14 48 0.4094
21624 14 46 0.5039
21638 14 48 0.4016
21653 14 43 0.4488
21667 14 48 0.3937
21682 14 44 0.4961
21696 14 48 0.3937
21711 14 41 0.4488
21725 14 48 0.3937
21740 14 46 0.4646
21754 14 48 0.3937
21769 14 43 0.4331
21783 14 48 0.3937
21798 14 44 0.4961
21812 14 48 0.3937
21827 14 41 0.4488
21841 14 48 0.3937
21856 14 46 0.4646
21870 14 48 0.3937
21885 14 43 0.4331
21899 14 48 0.3937
21914 28 44 0.3543
21943 28 44 0.3543
21943 28 56 0.3543
22001 14 44 0.3228
22001 14 48 0.3228
22001 14 51 0.3228
22001 14 56 0.3858
22059 14 43 0.3465
22059 14 48 0.3465
22059 14 51 0.3465
22059 14 55 0.4094
22117 14 42 0.3622
22117 14 48 0.3622
22117 14 51 0.3622
22117 14 54 0.4331
22174 14 41 0.378
22174 14 47 0.378
22174 14 50 0.378
22174 14 53 0.4488
22232 14 39 0.4016
22232 14 43 0.4016
22232 14 48 0.4016
22232 14 51 0.4724
22290 14 41 0.4173
22290 14 44 0.4173
22290 14 50 0.4173
22290 14 53 0.4961
22348 14 43 0.4409
22348 14 47 0.4409
22348 14 50 0.4409
22348 14 55 0.5197
22377 14 36 0.5118
22377 14 48 0.6063
22406 86 51 0.5512
22406 86 55 0.5512
22406 86 60 0.6535
22493 14 53 0.5118
22493 14 56 0.5118
22493 14 60 0.5118
22493 14 62 0.6063
22522 86 55 0.5512
22522 86 59 0.5512
22522 86 62 0.6535
22609 14 51 0.5118
22609 14 55 0.5118
22609 14 60 0.6063
22638 86 51 0.5512
22638 86 55 0.5512
22638 86 60 0.6535
22725 14 53 0.5118
22725 14 56 0.5118
22725 14 60 0.5118
22725 14 62 0.6063
22754 86 55 0.5512
22754 86 59 0.5512
22754 86 62 0.6535
22841 14 51 0.5118
22841 14 55 0.5118
22841 14 60 0.6063
22870 86 51 0.5512
22870 86 55 0.5512
22870 86 60 0.6535
22957 14 53 0.5118
22957 14 56 0.5118
22957 14 61 0.6063
22986 57 53 0.5512
22986 57 56 0.5512
22986 57 61 0.6535
23044 14 53 0.5591
23044 14 56 0.5591
23044 14 61 0.6614
23073 173 55 0.6063
23073 173 58 0.6063
23073 173 61 0.6063
23073 173 63 0.7165
23305 173 31 0.5433
23305 173 39 0.5433
23305 173 43 0.6457
23537 115 44 0.315
23537 57 51 0.315
23595 57 49 0.315
23653 28 44 0.315
23653 28 48 0.315
23769 115 56 0.2992
23769 57 63 0.2992
23827 57 61 0.2913
23885 28 56 0.2835
23885 28 60 0.2835
24001 28 68 0.2756
24117 28 67 0.2677
24233 28 43 0.5276
24233 28 47 0.5276
24233 28 50 0.5276
24233 28 55 0.622
24348 28 36 0.5433
24348 28 39 0.5433
24348 28 43 0.5433
24348 28 48 0.6457
