0 58 64 0.3937
0 157 60 0.2756
58 19 67 0.315
78 58 72 0.3937
137 19 69 0.3228
157 58 67 0.3701
157 78 59 0.2362
215 19 65 0.3307
235 58 64 0.3937
235 157 60 0.2756
294 19 67 0.315
314 58 72 0.3937
373 19 69 0.3228
392 58 67 0.3701
392 78 59 0.2362
451 19 65 0.3307
471 58 64 0.3937
471 78 60 0.2756
530 19 67 0.315
549 58 69 0.3937
549 157 53 0.2362
608 19 65 0.3228
628 58 62 0.3701
687 19 60 0.3307
706 58 59 0.3701
706 78 55 0.2756
765 19 62 0.3307
785 78 60 0.3701
785 58 52 0.3543
844 19 55 0.2913
863 58 52 0.3858
922 19 48 0.3543
942 157 65 0.4803
942 157 62 0.4016
942 58 47 0.4803
1001 19 50 0.3701
1021 58 43 0.4094
1079 19 47 0.2913
1099 78 60 0.3071
1099 78 64 0.3701
1099 58 48 0.3386
1158 19 52 0.3228
1178 157 65 0.4803
1178 157 62 0.4016
1178 58 47 0.4803
1237 19 50 0.3701
1256 58 43 0.4094
1315 19 47 0.2913
1335 78 60 0.3071
1335 78 64 0.3701
1335 58 48 0.3386
1394 19 52 0.3228
1413 58 57 0.3858
1413 78 53 0.2756
1472 19 62 0.3307
1492 58 55 0.3701
1492 78 43 0.2756
1492 78 52 0.2756
1551 19 60 0.2992
1570 58 53 0.3543
1570 78 50 0.2205
1570 78 43 0.2205
1629 19 59 0.2835
1649 157 53 0.252
1649 157 59 0.252
1649 157 62 0.2992
1649 78 48 0.2913
1727 78 43 0.2441
1806 78 52 0.2283
1806 78 60 0.2756
1806 78 36 0.2283
1885 58 64 0.3937
1885 157 56 0.2756
1943 19 76 0.3465
1963 58 74 0.3937
2022 19 71 0.3543
2042 58 72 0.3701
2042 78 57 0.2362
2101 19 69 0.3307
2120 58 68 0.3937
2120 157 62 0.2756
2179 19 71 0.315
2199 58 64 0.3937
2258 19 68 0.3228
2277 58 69 0.3701
2277 78 60 0.2362
2336 19 72 0.3307
2356 58 62 0.3937
2356 157 54 0.2756
2415 19 74 0.315
2434 58 72 0.3937
2493 19 69 0.3228
2513 58 71 0.3701
2513 78 55 0.2362
2572 19 67 0.3307
2591 58 66 0.3937
2591 78 60 0.2283
2650 19 74 0.3858
2670 58 67 0.4488
2670 78 59 0.2677
2729 19 74 0.4409
2749 58 69 0.5039
2749 78 54 0.315
2807 19 74 0.5039
2827 58 71 0.5669
2827 78 55 0.4252
2886 19 79 0.4882
2906 58 72 0.5354
2906 78 57 0.378
2965 19 79 0.4803
2984 58 74 0.5354
2984 78 59 0.3937
3043 19 79 0.4961
3063 58 76 0.5354
3063 78 60 0.4252
3122 19 84 0.4409
3141 58 78 0.5118
3141 78 57 0.378
3200 19 81 0.4409
3220 58 79 0.5118
3220 78 59 0.3307
3279 19 71 0.3307
3279 19 74 0.3937
3298 58 71 0.4016
3298 58 74 0.4803
3298 78 48 0.4173
3357 19 69 0.3071
3357 19 72 0.3701
3377 78 71 0.4646
3377 78 67 0.3937
3377 78 50 0.3307
3455 78 69 0.3465
3455 78 66 0.2913
3455 78 38 0.2835
3534 78 67 0.4252
3534 58 43 0.2362
3593 19 55 0.2047
3613 78 66 0.315
3613 58 45 0.2362
3671 19 55 0.1969
3691 78 65 0.2205
3691 58 47 0.2362
3750 19 55 0.1575
3770 58 64 0.3622
3770 157 48 0.2598
3829 19 67 0.315
3848 58 72 0.3937
3907 19 69 0.3228
3927 58 67 0.3701
3927 78 47 0.2362
3986 19 65 0.3307
4005 58 64 0.3937
4005 157 48 0.2756
4064 19 67 0.315
4084 58 72 0.3937
4143 19 69 0.3228
4162 58 67 0.3701
4162 78 47 0.2362
4221 19 65 0.3307
4241 58 64 0.3937
4241 78 48 0.2756
4300 19 67 0.315
4319 58 69 0.3937
4319 157 53 0.2362
4378 19 65 0.3228
4398 58 62 0.3701
4457 19 60 0.3307
4477 58 59 0.3701
4477 78 55 0.2756
4535 19 62 0.3307
4555 78 60 0.3701
4555 58 52 0.3543
4614 19 55 0.2913
4634 58 52 0.3386
4693 19 48 0.3228
4712 157 65 0.4803
4712 157 62 0.4016
4712 58 47 0.4803
4771 19 50 0.3701
4791 58 43 0.4094
4850 19 47 0.2913
4869 78 60 0.3071
4869 78 64 0.3701
4869 58 48 0.3386
4928 19 52 0.3228
4948 157 65 0.4803
4948 157 62 0.4016
4948 58 47 0.4803
5007 19 50 0.3701
5026 58 43 0.4094
5085 19 47 0.2913
5105 78 60 0.3071
5105 78 64 0.3701
5105 58 48 0.3386
5164 19 52 0.3228
5183 58 57 0.3858
5183 78 53 0.2756
5242 19 62 0.3307
5262 58 55 0.3701
5262 78 43 0.2756
5262 78 52 0.2756
5321 19 60 0.2992
5341 58 53 0.3543
5341 78 50 0.2205
5341 78 43 0.2205
5399 19 59 0.2835
5419 58 60 0.2992
5419 78 52 0.2913
5419 78 48 0.2913
5478 19 72 0.2992
5498 58 71 0.3622
5557 19 69 0.3701
5576 58 67 0.4173
5635 19 66 0.3858
5655 157 65 0.4803
5655 157 62 0.4016
5655 58 47 0.4803
5714 19 50 0.3701
5733 58 43 0.4094
5792 19 47 0.2913
5812 78 60 0.3071
5812 78 64 0.3701
5812 58 48 0.3386
5871 19 52 0.3228
5890 157 65 0.4803
5890 157 62 0.4016
5890 58 47 0.4803
5949 19 50 0.3701
5969 58 43 0.4094
6028 19 47 0.2913
6047 78 60 0.3071
6047 78 64 0.3701
6047 58 48 0.3386
6106 19 52 0.3228
6126 58 57 0.3858
6126 78 53 0.2756
6185 19 62 0.3307
6204 58 55 0.3701
6204 78 43 0.2283
6204 78 52 0.2756
6263 19 60 0.2992
6283 58 53 0.3543
6283 78 50 0.2205
6283 78 43 0.1811
6342 19 59 0.2835
6362 157 53 0.252
6362 157 59 0.252
6362 157 62 0.2992
6362 78 48 0.2913
6440 78 43 0.2441
6519 78 52 0.2283
6519 78 60 0.2756
6519 78 36 0.2283
