0 22 79 0.622
46 69 79 0.5591
115 11 77 0.5591
126 10 76 0.5433
138 11 76 0.5512
149 11 74 0.5039
161 11 72 0.5276
172 11 71 0.5197
184 8 72 0.3701
192 8 74 0.3858
199 8 72 0.4331
207 8 74 0.4094
215 8 72 0.4488
222 8 74 0.4016
230 8 72 0.4646
238 8 74 0.4409
245 11 72 0.4961
253 11 74 0.4882
265 11 76 0.4961
276 46 67 0.5433
368 11 79 0.6063
391 11 79 0.5748
414 69 79 0.5433
484 11 77 0.5039
495 10 76 0.4803
507 11 76 0.5039
518 11 74 0.4724
530 11 72 0.4803
541 11 71 0.4724
553 8 72 0.3701
560 8 74 0.3858
568 8 72 0.4331
576 8 74 0.4094
583 8 72 0.4488
591 8 74 0.4016
599 8 72 0.4646
607 8 74 0.4409
614 11 72 0.4961
622 11 74 0.4882
633 11 76 0.4961
645 46 67 0.4882
737 11 69 0.4252
760 11 72 0.4173
783 11 77 0.4252
806 11 81 0.4094
829 23 84 0.4567
922 11 67 0.4409
945 11 72 0.4252
968 11 76 0.4409
991 11 79 0.4173
1014 23 84 0.4803
1094 11 67 0.4961
1106 138 79 0.6535
1244 7 77 0.4724
1252 7 79 0.5354
1260 7 77 0.5354
1267 11 76 0.5984
1279 11 77 0.5591
1290 46 75 0.6142
1337 46 76 0.5984
1475 23 69 0.4488
1498 11 72 0.4488
1509 11 69 0.4094
1521 11 77 0.4488
1532 11 72 0.4016
1544 11 81 0.4331
1556 11 77 0.3937
1567 23 84 0.4961
1659 23 67 0.4646
1682 11 72 0.4646
1694 11 67 0.4173
1705 11 76 0.4646
1717 11 72 0.4094
1728 11 79 0.4488
1740 11 76 0.3937
1751 23 84 0.4961
1844 23 81 0.6693
1867 23 79 0.5827
1890 11 77 0.622
1913 11 76 0.5748
1936 23 76 0.6693
1959 23 74 0.5748
1982 11 72 0.622
2005 11 71 0.5748
2028 13 72 0.6457
2040 13 67 0.5433
2051 13 69 0.5512
2063 13 71 0.5354
2074 13 72 0.5748
2086 13 74 0.5669
2097 13 76 0.5984
2109 13 77 0.5827
2120 13 79 0.6063
2132 13 81 0.5669
2143 13 83 0.6063
2155 11 84 0.5591
2166 11 79 0.5906
2189 11 79 0.5669
2224 11 79 0.4252
2236 11 81 0.4252
2247 11 79 0.4016
2270 11 77 0.4252
2282 11 79 0.4252
2293 11 77 0.4016
2316 11 76 0.4252
2328 11 77 0.4252
2339 11 76 0.3937
2362 11 74 0.4252
2374 11 76 0.4252
2385 11 74 0.4173
2397 13 72 0.622
2408 13 67 0.5669
2420 13 69 0.5984
2431 13 71 0.5748
2443 13 72 0.622
2455 13 74 0.5906
2466 13 76 0.6299
2478 13 77 0.5827
2489 13 79 0.6142
2501 13 81 0.5827
2512 13 83 0.622
2524 11 84 0.5669
2535 11 79 0.5906
2558 11 79 0.5669
2593 11 79 0.4252
2604 11 81 0.4252
2616 11 79 0.4016
2639 11 77 0.4252
2650 11 79 0.4252
2662 11 77 0.3937
2685 11 76 0.4252
2697 11 77 0.4252
2708 11 76 0.4016
2731 11 74 0.4252
2743 11 76 0.4252
2754 11 74 0.4016
2766 69 72 0.6378
2835 11 74 0.5748
2846 11 76 0.5354
2858 11 77 0.6457
2881 46 77 0.622
2927 11 79 0.5984
2939 11 81 0.5591
2950 23 79 0.6535
2973 23 76 0.6142
2996 11 84 0.6378
3019 11 84 0.622
3042 11 86 0.6142
3054 11 84 0.5591
3065 11 83 0.5827
3077 10 81 0.5354
3088 11 81 0.5433
3100 11 79 0.4961
3112 11 77 0.5276
3123 11 76 0.5039
3135 69 79 0.5354
3204 23 76 0.5276
3227 46 74 0.4803
3319 23 73 0.4724
3342 23 74 0.4409
3365 11 72 0.4331
3377 11 71 0.4094
3388 11 69 0.4331
3400 11 67 0.4173
3411 23 73 0.4803
3434 23 74 0.4646
3457 11 72 0.4331
3469 11 71 0.4094
3480 11 69 0.4331
3492 11 67 0.4173
3503 23 75 0.5039
3526 23 76 0.4724
3550 11 76 0.4961
3573 11 76 0.4488
3596 46 76 0.4961
3676 11 69 0.5039
3688 69 81 0.6457
3757 7 79 0.5669
3765 7 78 0.5433
3772 7 76 0.5197
3780 23 74 0.6299
3803 11 86 0.5906
3826 11 86 0.6142
3849 11 86 0.5827
3872 57 86 0.6693
3930 11 83 0.5512
3941 11 86 0.5748
3953 11 83 0.5512
3964 46 79 0.5669
4057 23 73 0.4724
4080 23 74 0.4567
4103 11 72 0.4252
4114 11 71 0.4016
4126 11 69 0.4252
4137 11 67 0.4094
4149 11 73 0.4252
4160 11 74 0.4173
4172 11 76 0.4331
4183 11 74 0.4488
4195 11 72 0.4409
4207 11 71 0.4331
4218 11 69 0.4252
4230 11 67 0.4252
4241 23 75 0.5039
4264 22 76 0.4961
4287 11 76 0.4961
4310 11 76 0.4724
4333 46 76 0.4961
4426 13 81 0.6063
4437 13 83 0.5591
4449 13 84 0.6063
4460 13 83 0.5669
4472 13 81 0.6142
4483 13 79 0.5827
4495 13 78 0.6142
4506 13 76 0.5748
4518 13 74 0.5748
4529 13 78 0.5906
4541 13 81 0.6063
4552 13 79 0.5669
4564 13 78 0.5906
4575 13 76 0.5669
4587 13 74 0.5827
4598 13 72 0.5276
4610 23 71 0.6142
4656 5 72 0.5276
4662 5 74 0.4961
4668 5 72 0.5276
4673 5 74 0.4961
4679 5 72 0.5276
4687 7 71 0.5984
4694 7 72 0.5669
4702 23 74 0.6378
4779 7 76 0.4173
4787 7 78 0.4173
4794 46 79 0.4803
4840 34 79 0.4409
4875 11 79 0.4252
4887 46 79 0.4409
4933 11 78 0.4331
4944 11 76 0.4094
4956 11 74 0.4173
4967 11 72 0.4016
4979 23 71 0.6063
5025 5 72 0.5276
5031 5 74 0.4961
5036 5 72 0.5276
5042 5 74 0.4961
5048 5 72 0.5276
5056 7 71 0.5984
5063 7 72 0.5669
5071 23 74 0.6457
5148 7 76 0.4173
5155 7 78 0.4016
5163 46 79 0.4803
5209 34 79 0.4331
5244 11 79 0.4252
5255 46 79 0.4331
5301 11 78 0.4252
5313 11 76 0.4173
5325 11 74 0.4252
5336 11 72 0.3937
5348 11 71 0.622
5371 13 79 0.5512
5382 13 81 0.5669
5394 13 83 0.5984
5405 13 81 0.5669
5417 13 79 0.6063
5428 13 78 0.5669
5440 13 76 0.6063
5451 13 74 0.5669
5463 13 72 0.6063
5474 13 71 0.5669
5486 13 69 0.5827
5497 13 67 0.5669
5509 13 66 0.5906
5520 13 64 0.5433
5532 23 62 0.6378
5578 92 60 0.7008
5670 46 59 0.5669
5739 11 57 0.4331
5763 11 60 0.4331
5786 11 64 0.4173
5809 23 68 0.4331
5832 23 69 0.4173
5855 23 72 0.4331
5878 23 76 0.4252
5901 23 76 0.4961
5924 21 67 0.4331
5947 92 67 0.4331
6039 23 71 0.4409
6039 46 66 0.4409
6062 23 69 0.4252
6085 46 67 0.4252
6177 23 74 0.5906
6201 23 71 0.5276
6224 23 79 0.4252
6247 11 78 0.4173
6270 11 76 0.4016
6293 11 74 0.3858
6316 11 72 0.378
6339 11 71 0.3937
6362 23 69 0.4173
6408 23 71 0.4252
6454 23 74 0.4567
6477 23 73 0.4252
6500 23 72 0.4016
6546 23 71 0.4016
6569 23 72 0.4252
6592 23 74 0.4488
6615 11 75 0.4646
6639 6 76 0.3858
6645 6 78 0.4016
6652 6 76 0.4252
6659 6 78 0.4409
6666 6 76 0.4567
6673 11 78 0.4882
6685 11 79 0.5354
6708 11 78 0.5039
6731 11 76 0.4961
6754 11 74 0.4646
6777 11 72 0.4724
6800 11 71 0.4409
6823 34 74 0.5039
6857 11 71 0.4646
6869 23 69 0.4331
6915 34 74 0.6772
6950 5 76 0.6378
6955 5 78 0.6142
6961 23 79 0.6772
6984 11 78 0.4882
7007 11 76 0.4882
7030 11 74 0.4567
7053 11 72 0.4882
7076 11 71 0.4488
7100 23 69 0.4961
7146 23 71 0.5512
7192 23 72 0.5669
7238 23 73 0.6142
7284 23 74 0.6535
7330 23 75 0.6535
7376 34 76 0.685
7411 11 64 0.6457
7422 34 72 0.5669
7457 11 69 0.5669
7468 46 67 0.5433
7509 5 71 0.4488
7514 46 69 0.4961
7514 46 66 0.4961
7561 46 67 0.5591
7618 11 79 0.5827
7630 11 81 0.6063
7641 11 79 0.5748
7653 11 76 0.6142
7664 11 79 0.5827
7676 11 81 0.6063
7687 11 79 0.5827
7699 11 84 0.6378
7710 11 79 0.5984
7722 11 76 0.6142
7733 11 72 0.5748
7745 11 79 0.6535
7768 11 79 0.6378
7803 11 79 0.5748
7814 11 81 0.6063
7826 11 79 0.5748
7837 11 76 0.6142
7849 11 79 0.5827
7860 11 81 0.5984
7872 11 79 0.5827
7883 11 84 0.6378
7895 11 79 0.5906
7906 11 76 0.6063
7918 11 72 0.5748
7929 11 79 0.6614
7952 11 79 0.6457
7987 11 74 0.4331
7999 11 78 0.4331
8010 11 74 0.4173
8022 11 79 0.4646
8045 11 79 0.4646
8079 11 74 0.4252
8091 11 78 0.4252
8102 11 74 0.4094
8114 11 79 0.4646
8137 11 79 0.4646
8171 11 74 0.5276
8183 11 81 0.5591
8195 11 74 0.5433
8206 11 83 0.5906
8218 11 74 0.5748
8229 11 83 0.622
8241 11 74 0.5984
8252 11 84 0.6535
8264 11 74 0.6378
8275 11 84 0.6929
8287 11 74 0.6614
8298 23 86 0.7165
8321 23 83 0.622
8344 23 79 0.6614
8367 23 83 0.5748
8390 23 74 0.6142
8414 23 79 0.5512
8437 23 71 0.5669
8460 23 74 0.5354
8483 23 69 0.4724
8506 23 76 0.4961
8529 11 74 0.4961
8540 11 72 0.4724
8552 11 71 0.4961
8563 11 69 0.4724
8575 46 67 0.4961
8621 6 66 0.4724
8627 6 67 0.4961
8633 6 66 0.4724
8639 6 67 0.4961
8646 6 66 0.4961
8652 7 64 0.4961
8659 7 66 0.4724
8667 46 67 0.6063
8725 11 79 0.5827
8736 11 81 0.6063
8748 11 79 0.5906
8759 11 76 0.6378
8771 11 79 0.5906
8782 11 81 0.622
8794 11 79 0.5906
8805 11 84 0.6378
8817 11 79 0.6142
8828 11 76 0.622
8840 11 72 0.5906
8852 11 79 0.6614
8875 11 79 0.6378
8909 11 79 0.5906
8921 11 81 0.6063
8932 11 79 0.5748
8944 11 76 0.6378
8955 11 79 0.5906
8967 11 81 0.6142
8978 11 79 0.6063
8990 11 84 0.6378
9001 11 79 0.5984
9013 11 76 0.6142
9024 11 72 0.5906
9036 11 79 0.6614
9059 11 79 0.6457
9094 11 74 0.4252
9105 11 78 0.4252
9117 11 74 0.3937
9128 11 79 0.4409
9151 11 79 0.4488
9186 11 74 0.4252
9197 11 78 0.4252
9209 11 74 0.3937
9220 11 79 0.4488
9243 11 79 0.4488
9278 11 74 0.5276
9289 11 81 0.5591
9301 11 74 0.5197
9313 11 83 0.5906
9324 11 74 0.5748
9336 11 83 0.6378
9347 11 74 0.6063
9359 11 84 0.6614
9370 11 74 0.6457
9382 11 84 0.7087
9393 11 74 0.6693
9405 11 86 0.7402
9416 11 83 0.6693
9428 11 86 0.7008
9439 11 83 0.6535
9451 11 79 0.685
9462 11 83 0.6378
9474 11 79 0.6693
9485 11 83 0.6378
9497 11 74 0.6772
9508 11 79 0.6299
9520 11 74 0.6378
9532 11 79 0.5827
9543 11 71 0.5748
9555 11 74 0.5354
9566 11 71 0.5354
9578 11 74 0.4961
9589 11 69 0.4252
9601 11 76 0.4016
9612 11 75 0.4252
9624 11 76 0.4094
9635 11 74 0.4252
9647 11 72 0.4016
9658 11 71 0.4252
9670 11 69 0.4094
9681 46 67 0.4961
9727 6 66 0.4724
9734 6 67 0.4961
9740 6 66 0.4724
9746 6 67 0.4961
9752 6 66 0.4961
9758 7 64 0.4961
9766 7 66 0.4724
9774 34 67 0.6772
9808 11 62 0.6378
9820 34 71 0.6772
9854 11 67 0.6378
9866 23 74 0.685
9912 13 81 0.4252
9923 13 79 0.4016
9935 13 78 0.4252
9946 13 76 0.4094
9958 23 74 0.4488
10004 13 76 0.4252
10016 13 74 0.4016
10027 13 72 0.4252
10039 13 71 0.4016
10050 23 69 0.4488
10096 13 74 0.4409
10108 13 72 0.4409
10119 13 71 0.4409
10131 13 69 0.4173
10142 11 67 0.6614
10154 11 62 0.6299
10165 11 67 0.6614
10177 11 62 0.6299
10189 11 71 0.6614
10200 11 67 0.6299
10212 11 71 0.6614
10223 11 67 0.6299
10235 23 74 0.6614
10281 13 81 0.4331
10292 13 79 0.4094
10304 13 78 0.4331
10315 13 76 0.4094
10327 11 74 0.4567
10350 11 74 0.4567
10373 13 76 0.4252
10384 13 74 0.4016
10396 13 72 0.4252
10408 13 71 0.3937
10419 11 69 0.4488
10442 11 69 0.4488
10465 13 74 0.4331
10477 13 72 0.4173
10488 13 71 0.4331
10500 13 69 0.4094
10511 46 67 0.4567
10557 23 71 0.4252
10557 23 62 0.4252
10603 23 67 0.4409
10603 23 59 0.4409
10696 22 79 0.622
10742 69 79 0.5591
10811 11 77 0.5591
10822 10 76 0.5433
10834 11 76 0.5512
10846 11 74 0.5039
10857 11 72 0.5276
10869 11 71 0.5197
10880 8 72 0.3701
10888 8 74 0.3858
10895 8 72 0.4331
10903 8 74 0.4094
10911 8 72 0.4488
10919 8 74 0.4016
10926 8 72 0.4646
10934 8 74 0.4409
10942 11 72 0.4961
10949 11 74 0.4882
10961 11 76 0.4961
10972 46 67 0.5433
11065 11 79 0.6063
11088 11 79 0.5748
11111 69 79 0.5433
11180 11 77 0.5039
11191 10 76 0.4803
11203 11 76 0.5039
11214 11 74 0.4724
11226 11 72 0.4803
11237 11 71 0.4724
11249 8 72 0.3701
11257 8 74 0.3858
11264 8 72 0.4331
11272 8 74 0.4094
11280 8 72 0.4488
11287 8 74 0.4016
11295 8 72 0.4646
11303 8 74 0.4409
11310 11 72 0.4961
11318 11 74 0.4882
11330 11 76 0.4961
11341 46 67 0.4882
11433 11 69 0.4252
11456 11 72 0.4173
11479 11 77 0.4252
11502 11 81 0.4094
11526 23 84 0.4567
11618 11 67 0.4409
11641 11 72 0.4252
11664 11 76 0.4409
11687 11 79 0.4173
11710 23 84 0.4803
11791 11 67 0.4961
11802 138 79 0.6535
11940 7 77 0.4724
11948 7 79 0.5354
11956 7 77 0.5354
11964 11 76 0.5984
11975 11 77 0.5591
11987 46 75 0.6142
12033 46 76 0.5984
12171 23 69 0.4488
12194 11 72 0.4488
12206 11 69 0.4094
12217 11 77 0.4488
12229 11 72 0.4016
12240 11 81 0.4331
12252 11 77 0.3937
12263 23 84 0.4961
12355 23 67 0.4646
12378 11 72 0.4646
12390 11 67 0.4173
12402 11 76 0.4646
12413 11 72 0.4094
12425 11 79 0.4488
12436 11 76 0.3937
12448 23 84 0.4961
12540 23 81 0.6693
12563 23 79 0.5827
12586 11 77 0.622
12609 11 76 0.5748
12632 23 76 0.6693
12655 23 74 0.5748
12678 11 72 0.622
12701 11 71 0.5748
12724 13 72 0.6457
12736 13 67 0.5433
12747 13 69 0.5512
12759 13 71 0.5354
12770 13 72 0.5748
12782 13 74 0.5669
12793 13 76 0.5984
12805 13 77 0.5827
12816 13 79 0.6063
12828 13 81 0.5669
12840 13 83 0.6063
12851 11 84 0.5591
12863 11 79 0.5906
12886 11 79 0.5669
12920 11 79 0.4252
12932 11 81 0.4252
12943 11 79 0.4016
12966 11 77 0.4252
12978 11 79 0.4252
12989 11 77 0.4016
13012 11 76 0.4252
13024 11 77 0.4252
13035 11 76 0.3937
13059 11 74 0.4252
13070 11 76 0.4252
13082 11 74 0.4173
13093 13 72 0.622
13105 13 67 0.5669
13116 13 69 0.5984
13128 13 71 0.5748
13139 13 72 0.622
13151 13 74 0.5906
13162 13 76 0.6299
13174 13 77 0.5827
13185 13 79 0.6142
13197 13 81 0.5827
13208 13 83 0.622
13220 11 84 0.5669
13231 11 79 0.5906
13254 11 79 0.5669
13289 11 79 0.4252
13301 11 81 0.4252
13312 11 79 0.4016
13335 11 77 0.4252
13347 11 79 0.4252
13358 11 77 0.3937
13381 11 76 0.4252
13393 11 77 0.4252
13404 11 76 0.4016
13427 11 74 0.4252
13439 11 76 0.4252
13450 11 74 0.4016
13462 69 72 0.6378
13531 11 74 0.5748
13543 11 76 0.5354
13554 11 77 0.6457
13577 46 77 0.622
13623 11 79 0.5984
13635 11 81 0.5591
13646 23 79 0.6535
13669 23 76 0.6142
13692 11 84 0.6378
13715 11 84 0.622
13739 11 86 0.6142
13750 11 84 0.5591
13762 11 83 0.5827
13773 10 81 0.5354
13785 11 81 0.5433
13796 11 79 0.4961
13808 11 77 0.5276
13819 11 76 0.5039
13831 69 79 0.5354
13900 23 76 0.5276
13923 46 74 0.4803
14015 23 73 0.4724
14038 23 74 0.4409
14061 11 72 0.4331
14073 11 71 0.4094
14084 11 69 0.4331
14096 11 67 0.4173
14107 23 73 0.4803
14130 23 74 0.4646
14153 11 72 0.4331
14165 11 71 0.4094
14177 11 69 0.4331
14188 11 67 0.4173
14200 23 75 0.5039
14223 23 76 0.4724
14246 11 76 0.4961
14269 11 76 0.4488
14292 46 76 0.4961
14372 11 69 0.5039
14384 69 81 0.6457
14453 7 79 0.5669
14461 7 78 0.5433
14469 7 76 0.5197
14476 23 74 0.6299
14499 11 86 0.5906
14522 11 86 0.6142
14545 11 86 0.5827
14568 57 86 0.6693
14626 11 83 0.5512
14638 11 86 0.5748
14649 11 83 0.5512
14661 46 79 0.5669
14753 23 73 0.4724
14776 23 74 0.4567
14799 11 72 0.4252
14810 11 71 0.4016
14822 11 69 0.4252
14834 11 67 0.4094
14845 11 73 0.4252
14857 11 74 0.4173
14868 11 76 0.4331
14880 11 74 0.4488
14891 11 72 0.4409
14903 11 71 0.4331
14914 11 69 0.4252
14926 11 67 0.4252
14937 23 75 0.5039
14960 22 76 0.4961
14983 11 76 0.4961
15006 11 76 0.4724
15029 46 76 0.4961
15122 13 81 0.6063
15133 13 83 0.5591
15145 13 84 0.6063
15156 13 83 0.5669
15168 13 81 0.6142
15179 13 79 0.5827
15191 13 78 0.6142
15202 13 76 0.5748
15214 13 74 0.5748
15225 13 78 0.5906
15237 13 81 0.6063
15248 13 79 0.5669
15260 13 78 0.5906
15272 13 76 0.5669
15283 13 74 0.5827
15295 13 72 0.5276
15306 23 71 0.6142
15352 5 72 0.5276
15358 5 74 0.4961
15364 5 72 0.5276
15369 5 74 0.4961
15375 5 72 0.5276
15383 7 71 0.5984
15391 7 72 0.5669
15398 23 74 0.6378
15475 7 76 0.4173
15483 7 78 0.4173
15491 46 79 0.4803
15537 34 79 0.4409
15571 11 79 0.4252
15583 46 79 0.4409
15629 11 78 0.4331
15640 11 76 0.4094
15652 11 74 0.4173
15663 11 72 0.4016
15675 23 71 0.6063
15721 5 72 0.5276
15727 5 74 0.4961
15733 5 72 0.5276
15738 5 74 0.4961
15744 5 72 0.5276
15752 7 71 0.5984
15759 7 72 0.5669
15767 23 74 0.6457
15844 7 76 0.4173
15852 7 78 0.4016
15859 46 79 0.4803
15905 34 79 0.4331
15940 11 79 0.4252
15952 46 79 0.4331
15998 11 78 0.4252
16009 11 76 0.4173
16021 11 74 0.4252
16032 11 72 0.3937
16044 11 71 0.622
16067 13 79 0.5512
16078 13 81 0.5669
16090 13 83 0.5984
16101 13 81 0.5669
16113 13 79 0.6063
16124 13 78 0.5669
16136 13 76 0.6063
16147 13 74 0.5669
16159 13 72 0.6063
16171 13 71 0.5669
16182 13 69 0.5827
16194 13 67 0.5669
16205 13 66 0.5906
16217 13 64 0.5433
16228 23 62 0.6378
16274 92 60 0.7008
16366 46 59 0.5669
16436 11 57 0.4331
16459 11 60 0.4331
16482 11 64 0.4173
16505 23 68 0.4331
16528 23 69 0.4173
16551 23 72 0.4331
16574 23 76 0.4252
16597 23 76 0.4961
16620 21 67 0.4331
16643 92 67 0.4331
16735 23 71 0.4409
16735 46 66 0.4409
16758 23 69 0.4252
16781 46 67 0.4252
16874 23 74 0.5906
16897 23 71 0.5276
16920 23 79 0.4252
16943 11 78 0.4173
16966 11 76 0.4016
16989 11 74 0.3858
17012 11 72 0.378
17035 11 71 0.3937
17058 23 69 0.4173
17104 23 71 0.4252
17150 23 74 0.4567
17173 23 73 0.4252
17196 23 72 0.4016
17242 23 71 0.4016
17266 23 72 0.4252
17289 23 74 0.4488
17312 11 75 0.4646
17335 6 76 0.3858
17342 6 78 0.4016
17349 6 76 0.4252
17355 6 78 0.4409
17362 6 76 0.4567
17369 11 78 0.4882
17381 11 79 0.5354
17404 11 78 0.5039
17427 11 76 0.4961
17450 11 74 0.4646
17473 11 72 0.4724
17496 11 71 0.4409
17519 34 74 0.5039
17554 11 71 0.4646
17565 23 69 0.4331
17611 34 74 0.6772
17646 5 76 0.6378
17652 5 78 0.6142
17657 23 79 0.6772
17680 11 78 0.4882
17704 11 76 0.4882
17727 11 74 0.4567
17750 11 72 0.4882
17773 11 71 0.4488
17796 23 69 0.4961
17842 23 71 0.5512
17888 23 72 0.5669
17934 23 73 0.6142
17980 23 74 0.6535
18026 23 75 0.6535
18072 34 76 0.685
18107 11 64 0.6457
18118 34 72 0.5669
18153 11 69 0.5669
18165 46 67 0.5433
18205 5 71 0.4488
18211 46 69 0.4961
18211 46 66 0.4961
18257 46 67 0.5591
18314 11 79 0.5827
18326 11 81 0.6063
18337 11 79 0.5748
18349 11 76 0.6142
18360 11 79 0.5827
18372 11 81 0.6063
18384 11 79 0.5827
18395 11 84 0.6378
18407 11 79 0.5984
18418 11 76 0.6142
18430 11 72 0.5748
18441 11 79 0.6535
18464 11 79 0.6378
18499 11 79 0.5748
18510 11 81 0.6063
18522 11 79 0.5748
18533 11 76 0.6142
18545 11 79 0.5827
18556 11 81 0.5984
18568 11 79 0.5827
18579 11 84 0.6378
18591 11 79 0.5906
18603 11 76 0.6063
18614 11 72 0.5748
18626 11 79 0.6614
18649 11 79 0.6457
18683 11 74 0.4331
18695 11 78 0.4331
18706 11 74 0.4173
18718 11 79 0.4646
18741 11 79 0.4646
18775 11 74 0.4252
18787 11 78 0.4252
18798 11 74 0.4094
18810 11 79 0.4646
18833 11 79 0.4646
18868 11 74 0.5276
18879 11 81 0.5591
18891 11 74 0.5433
18902 11 83 0.5906
18914 11 74 0.5748
18925 11 83 0.622
18937 11 74 0.5984
18948 11 84 0.6535
18960 11 74 0.6378
18971 11 84 0.6929
18983 11 74 0.6614
18994 23 86 0.7165
19017 23 83 0.622
19041 23 79 0.6614
19064 23 83 0.5748
19087 23 74 0.6142
19110 23 79 0.5512
19133 23 71 0.5669
19156 23 74 0.5354
19179 23 69 0.4724
19202 23 76 0.4961
19225 11 74 0.4961
19236 11 72 0.4724
19248 11 71 0.4961
19260 11 69 0.4724
19271 46 67 0.4961
19317 6 66 0.4724
19323 6 67 0.4961
19329 6 66 0.4724
19336 6 67 0.4961
19342 6 66 0.4961
19348 7 64 0.4961
19356 7 66 0.4724
19363 46 67 0.6063
19421 11 79 0.5827
19432 11 81 0.6063
19444 11 79 0.5906
19455 11 76 0.6378
19467 11 79 0.5906
19479 11 81 0.622
19490 11 79 0.5906
19502 11 84 0.6378
19513 11 79 0.6142
19525 11 76 0.622
19536 11 72 0.5906
19548 11 79 0.6614
19571 11 79 0.6378
19605 11 79 0.5906
19617 11 81 0.6063
19628 11 79 0.5748
19640 11 76 0.6378
19651 11 79 0.5906
19663 11 81 0.6142
19674 11 79 0.6063
19686 11 84 0.6378
19698 11 79 0.5984
19709 11 76 0.6142
19721 11 72 0.5906
19732 11 79 0.6614
19755 11 79 0.6457
19790 11 74 0.4252
19801 11 78 0.4252
19813 11 74 0.3937
19824 11 79 0.4409
19847 11 79 0.4488
19882 11 74 0.4252
19893 11 78 0.4252
19905 11 74 0.3937
19917 11 79 0.4488
19940 11 79 0.4488
19974 11 74 0.5276
19986 11 81 0.5591
19997 11 74 0.5197
20009 11 83 0.5906
20020 11 74 0.5748
20032 11 83 0.6378
20043 11 74 0.6063
20055 11 84 0.6614
20066 11 74 0.6457
20078 11 84 0.7087
20089 11 74 0.6693
20101 11 86 0.7402
20112 11 83 0.6693
20124 11 86 0.7008
20136 11 83 0.6535
20147 11 79 0.685
20159 11 83 0.6378
20170 11 79 0.6693
20182 11 83 0.6378
20193 11 74 0.6772
20205 11 79 0.6299
20216 11 74 0.6378
20228 11 79 0.5827
20239 11 71 0.5748
20251 11 74 0.5354
20262 11 71 0.5354
20274 11 74 0.4961
20285 11 69 0.4252
20297 11 76 0.4016
20308 11 75 0.4252
20320 11 76 0.4094
20331 11 74 0.4252
20343 11 72 0.4016
20355 11 71 0.4252
20366 11 69 0.4094
20378 46 67 0.4961
20424 6 66 0.4724
20430 6 67 0.4961
20436 6 66 0.4724
20442 6 67 0.4961
20448 6 66 0.4961
20454 7 64 0.4961
20462 7 66 0.4724
20470 34 67 0.6772
20504 11 62 0.6378
20516 34 71 0.6772
20550 11 67 0.6378
20562 23 74 0.685
20608 13 81 0.4252
20620 13 79 0.4016
20631 13 78 0.4252
20643 13 76 0.4094
20654 23 74 0.4488
20700 13 76 0.4252
20712 13 74 0.4016
20723 13 72 0.4252
20735 13 71 0.4016
20746 23 69 0.4488
20792 13 74 0.4409
20804 13 72 0.4409
20816 13 71 0.4409
20827 13 69 0.4173
20839 11 67 0.6614
20850 11 62 0.6299
20862 11 67 0.6614
20873 11 62 0.6299
20885 11 71 0.6614
20896 11 67 0.6299
20908 11 71 0.6614
20919 11 67 0.6299
20931 23 74 0.6614
20977 13 81 0.4331
20988 13 79 0.4094
21000 13 78 0.4331
21011 13 76 0.4094
21023 11 74 0.4567
21046 11 74 0.4567
21069 13 76 0.4252
21081 13 74 0.4016
21092 13 72 0.4252
21104 13 71 0.3937
21115 11 69 0.4488
21138 11 69 0.4488
21161 13 74 0.4331
21173 13 72 0.4173
21184 13 71 0.4331
21196 13 69 0.4094
21207 46 67 0.4567
21254 23 71 0.4252
21254 23 62 0.4252
21300 23 67 0.4409
21300 23 59 0.4409
21392 69 74 0.4016
21461 23 75 0.4173
21484 23 76 0.4252
21507 23 78 0.4331
21530 23 79 0.4409
21553 23 71 0.4173
21576 23 74 0.4252
21599 23 72 0.4173
21645 23 71 0.4016
21668 23 72 0.4252
21692 23 74 0.4331
21715 23 76 0.4409
21738 23 68 0.3937
21761 23 71 0.4252
21784 23 69 0.4016
21830 23 68 0.4016
21853 23 69 0.4252
21876 23 71 0.4252
21899 23 72 0.4409
21922 23 66 0.3937
21945 23 69 0.4252
21968 23 67 0.4016
21991 23 76 0.5669
22014 23 66 0.4252
22037 23 69 0.4409
22060 23 67 0.4016
22083 23 76 0.5669
22106 23 66 0.4016
22130 23 69 0.4331
22153 23 67 0.3937
22176 23 75 0.5591
22199 23 66 0.4016
22222 23 69 0.4331
22245 23 67 0.4016
22268 23 75 0.5276
22291 23 66 0.3858
22314 23 67 0.5669
22337 13 69 0.5039
22349 13 71 0.5118
22360 13 72 0.5276
22372 13 74 0.5354
22383 13 76 0.5433
22395 13 78 0.5591
22406 13 79 0.5669
22418 13 81 0.5512
22429 13 83 0.5827
22441 13 78 0.5669
22452 13 79 0.5748
22464 13 74 0.5433
22475 13 76 0.5591
22487 13 71 0.5354
22498 92 74 0.6378
22591 8 72 0.4882
22598 8 74 0.4409
22606 8 72 0.4567
22614 8 74 0.4409
22621 8 72 0.4488
22629 8 74 0.4173
22637 8 72 0.4646
22644 8 74 0.4409
22652 11 72 0.4961
22660 11 71 0.4803
22671 11 72 0.4646
22683 92 71 0.5197
22792 5 69 0.2992
22798 11 67 0.378
22810 11 66 0.3465
22821 5 67 0.4016
22844 5 71 0.4016
22867 46 76 0.4331
22913 46 74 0.4016
22977 5 72 0.2913
22982 11 71 0.378
22994 11 69 0.3543
23005 5 71 0.4252
23029 5 74 0.4252
23052 46 79 0.5039
23098 46 77 0.4409
23161 5 76 0.4252
23167 11 74 0.5276
23178 11 73 0.4803
23190 5 74 0.5591
23213 5 77 0.5827
23236 23 84 0.5906
23259 46 83 0.5591
23305 46 86 0.6378
23351 46 80 0.5748
23397 46 83 0.6378
23443 46 74 0.6142
23490 46 77 0.6614
23536 46 76 0.6378
23582 23 74 0.5669
23605 109 72 0.4803
23714 5 74 0.3622
23720 11 72 0.4252
23732 11 71 0.378
23743 23 72 0.4252
23766 11 74 0.4173
23789 92 72 0.4409
23881 8 70 0.4882
23889 8 72 0.4409
23897 8 70 0.4567
23905 8 72 0.4409
23912 8 70 0.4488
23920 8 72 0.4173
23928 8 70 0.4646
23935 8 72 0.4409
23943 11 70 0.4961
23951 11 69 0.4803
23962 11 70 0.4646
23974 23 69 0.5354
23997 46 72 0.5591
24043 46 77 0.5984
24089 46 81 0.6063
24135 23 82 0.6142
24158 92 81 0.6535
24250 46 79 0.6063
24343 69 79 0.5512
24412 23 78 0.4803
24435 23 77 0.4488
24527 69 77 0.4803
24596 23 76 0.4331
24619 23 75 0.4252
24711 23 75 0.4961
24734 23 74 0.4724
24757 11 74 0.4488
24781 11 74 0.4724
24804 46 74 0.4724
24850 46 74 0.4724
24896 40 74 0.4882
24936 5 77 0.5039
24942 86 75 0.5669
25028 5 74 0.4488
25034 46 72 0.4961
25080 23 71 0.4252
25103 23 79 0.4252
25149 23 79 0.4409
25195 23 78 0.4488
25242 23 77 0.4724
25265 23 77 0.5039
25288 23 76 0.4803
25334 23 75 0.4646
25380 23 74 0.4409
25426 23 72 0.4252
25449 23 72 0.4724
25472 23 71 0.4252
25507 11 79 0.4409
25518 11 81 0.4724
25530 11 79 0.4331
25553 11 78 0.4803
25564 11 79 0.5197
25576 11 78 0.4724
25599 11 77 0.4961
25610 11 79 0.5512
25622 11 77 0.5118
25645 11 76 0.5748
25656 11 77 0.5984
25668 11 76 0.5591
25691 11 75 0.5748
25703 11 77 0.6299
25714 11 75 0.5748
25737 11 74 0.622
25749 11 75 0.6535
25760 11 74 0.622
25783 11 72 0.6457
25795 11 74 0.685
25806 11 72 0.6772
25818 11 71 0.6929
25835 5 72 0.5591
25841 11 71 0.5906
25852 11 69 0.5906
25864 23 71 0.622
25887 11 72 0.5984
25910 11 74 0.622
25927 5 76 0.5354
25933 11 74 0.5669
25945 11 73 0.5669
25956 23 74 0.622
25979 11 76 0.622
26002 46 77 0.5748
26060 11 79 0.4252
26071 11 76 0.4409
26083 11 79 0.4252
26094 46 77 0.4252
26152 11 79 0.4173
26164 11 76 0.4409
26175 11 79 0.4173
26187 46 77 0.4173
26244 11 79 0.4331
26256 11 76 0.4488
26267 11 79 0.4803
26279 11 77 0.4961
26290 11 79 0.5197
26302 11 76 0.5512
26313 11 79 0.5354
26325 11 77 0.5906
26337 11 79 0.5748
26348 11 76 0.6378
26360 11 79 0.622
26371 23 77 0.6772
26394 11 76 0.5669
26417 11 74 0.6063
26440 11 72 0.5669
26463 11 71 0.4724
26486 11 72 0.4882
26509 11 74 0.4646
26532 11 76 0.4409
26556 11 77 0.4882
26579 11 76 0.4488
26602 11 74 0.4803
26625 11 76 0.5039
26648 11 77 0.5276
26671 11 76 0.5591
26694 11 77 0.5748
26717 11 78 0.6063
26740 23 79 0.6772
26786 69 79 0.6457
26855 11 77 0.5591
26867 11 76 0.5433
26878 10 76 0.5512
26890 11 74 0.5197
26901 11 72 0.5276
26913 11 71 0.5197
26924 8 72 0.3701
26932 8 74 0.3858
26940 8 72 0.4331
26947 8 74 0.4094
26955 8 72 0.4488
26963 8 74 0.4016
26970 8 72 0.4646
26978 8 74 0.4409
26986 11 72 0.4961
26994 11 74 0.4882
27005 11 76 0.4961
27017 46 67 0.5591
27109 11 79 0.6772
27132 11 79 0.6142
27155 69 79 0.5984
27224 11 77 0.5039
27236 10 76 0.4803
27247 11 76 0.5039
27259 11 74 0.4803
27270 11 72 0.4803
27282 11 71 0.4724
27293 8 72 0.3701
27301 8 74 0.3858
27309 8 72 0.4331
27316 8 74 0.4094
27324 8 72 0.4488
27332 8 74 0.4016
27339 8 72 0.4646
27347 8 74 0.4409
27355 11 72 0.4961
27362 11 74 0.4882
27374 11 76 0.4961
27385 46 67 0.5118
27478 11 69 0.4409
27501 11 72 0.4252
27524 11 77 0.4409
27547 11 81 0.4252
27570 11 84 0.5197
27593 23 89 0.5512
27662 11 67 0.4567
27685 11 72 0.4409
27708 11 76 0.4567
27731 11 79 0.4331
27754 11 84 0.5197
27777 23 88 0.5827
27835 11 67 0.4961
27846 138 79 0.6614
27985 7 77 0.4724
27992 7 79 0.5354
28000 7 77 0.5354
28008 11 76 0.5984
28019 11 77 0.5591
28031 46 75 0.6142
28077 46 76 0.5906
28215 11 69 0.4803
28227 11 72 0.4488
28238 11 74 0.4803
28250 11 76 0.4409
28261 11 77 0.4803
28273 11 79 0.4567
28284 11 81 0.4803
28296 11 83 0.4488
28307 23 84 0.5669
28400 11 67 0.4961
28411 11 72 0.4567
28423 11 74 0.4961
28434 11 76 0.4409
28446 11 77 0.4961
28457 11 79 0.4567
28469 11 81 0.4961
28480 11 83 0.4567
28492 23 84 0.5669
28584 23 81 0.6693
28607 23 79 0.622
28630 11 77 0.6457
28653 11 76 0.6142
28676 23 76 0.6693
28699 23 74 0.5827
28722 11 72 0.6063
28745 11 71 0.5984
28769 13 72 0.6063
28780 13 67 0.5354
28792 13 69 0.5669
28803 13 71 0.5512
28815 13 72 0.5906
28826 13 74 0.5748
28838 13 76 0.6142
28849 13 77 0.5984
28861 13 79 0.6299
28872 13 81 0.6063
28884 13 83 0.6142
28895 13 84 0.5906
28907 11 79 0.6378
28930 11 79 0.622
28964 11 79 0.4252
28976 11 81 0.4488
28988 11 79 0.4252
29011 11 77 0.4252
29022 11 79 0.4488
29034 11 77 0.4252
29057 11 76 0.4252
29068 11 77 0.4409
29080 11 76 0.4252
29103 11 74 0.4252
29114 11 76 0.4409
29126 11 74 0.4252
29137 13 72 0.6535
29149 13 67 0.5984
29160 13 69 0.622
29172 13 71 0.5906
29183 13 72 0.6378
29195 13 74 0.622
29207 13 76 0.6457
29218 13 77 0.6142
29230 13 79 0.6378
29241 13 81 0.5984
29253 13 83 0.6299
29264 13 84 0.5906
29276 11 79 0.6457
29299 11 79 0.6299
29333 11 79 0.4252
29345 11 81 0.4409
29356 11 79 0.4252
29379 11 77 0.4252
29391 11 79 0.4409
29402 11 77 0.4252
29426 11 76 0.4252
29437 11 77 0.4409
29449 11 76 0.4252
29472 11 74 0.4252
29483 11 76 0.4252
29495 11 74 0.4252
29506 11 72 0.6378
29529 46 72 0.6378
29575 11 74 0.5748
29587 11 76 0.5512
29598 11 77 0.6457
29621 46 77 0.622
29668 11 79 0.5984
29679 11 81 0.5984
29691 23 79 0.6535
29714 23 76 0.6299
29737 11 84 0.6535
29760 11 84 0.6299
29783 13 86 0.6614
29794 13 84 0.5984
29806 13 83 0.6142
29817 10 81 0.5748
29829 13 81 0.5748
29840 13 79 0.5197
29852 13 77 0.5354
29863 11 76 0.5039
29875 69 79 0.5354
29944 23 76 0.5433
29967 46 74 0.5276
30059 23 73 0.4724
30082 23 74 0.4409
30106 11 72 0.4331
30117 11 71 0.4094
30129 11 69 0.4331
30140 11 67 0.4173
30152 23 73 0.4803
30175 23 74 0.4646
30198 11 72 0.4331
30209 11 71 0.4252
30221 11 69 0.4331
30232 11 67 0.4173
30244 23 75 0.5039
30267 23 76 0.4803
30290 11 76 0.4961
30313 11 76 0.4646
30336 46 76 0.4961
30417 11 69 0.4724
30428 69 81 0.685
30497 7 79 0.5984
30505 7 78 0.5669
30513 7 76 0.5984
30520 23 74 0.6614
30544 11 86 0.6457
30567 11 86 0.6457
30590 11 86 0.622
30613 57 86 0.7087
30670 11 83 0.5827
30682 11 86 0.6063
30693 11 83 0.5984
30705 23 79 0.6063
30728 23 71 0.4252
30728 23 74 0.4252
30751 23 76 0.4252
30751 23 72 0.4252
30774 23 77 0.3937
30774 23 74 0.3937
30797 23 78 0.4724
30820 23 79 0.4567
30843 11 77 0.4252
30855 11 76 0.4016
30866 11 74 0.4252
30878 11 72 0.4094
30889 11 78 0.4252
30901 11 79 0.4173
30912 11 81 0.4331
30924 11 79 0.4488
30935 11 77 0.4409
30947 11 76 0.4331
30958 11 74 0.4252
30970 11 72 0.4252
30982 23 80 0.4882
31005 23 81 0.4409
31028 11 81 0.4724
31051 11 81 0.4409
31074 46 81 0.4961
31166 13 86 0.6378
31177 13 88 0.6063
31189 13 89 0.6378
31201 13 88 0.6063
31212 13 86 0.622
31224 13 84 0.5748
31235 13 83 0.6063
31247 13 81 0.5906
31258 13 79 0.6142
31270 13 83 0.5748
31281 13 86 0.6378
31293 13 84 0.5827
31304 13 83 0.6378
31316 13 81 0.5906
31327 13 79 0.6378
31339 13 77 0.5984
31350 23 76 0.6772
31396 5 79 0.5591
31402 5 77 0.5197
31408 5 79 0.5591
31414 5 77 0.5276
31420 11 76 0.6378
31431 11 77 0.622
31443 23 79 0.7008
31519 7 81 0.4173
31527 7 83 0.3858
31535 45 84 0.4803
31581 34 84 0.4409
31615 10 84 0.4252
31627 46 84 0.4409
31673 11 83 0.4331
31685 11 81 0.3937
31696 11 79 0.4173
31708 11 77 0.4016
31719 23 76 0.6142
31765 5 77 0.5276
31771 5 79 0.4961
31777 5 77 0.5276
31783 5 79 0.4961
31788 5 77 0.5276
31796 7 76 0.5984
31804 7 77 0.5669
31811 23 79 0.685
31888 7 81 0.4173
31896 7 83 0.378
31904 45 84 0.4803
31950 34 84 0.4331
31984 10 84 0.4094
31996 46 84 0.4331
32042 11 83 0.4252
32053 11 81 0.4094
32065 11 79 0.4252
32076 11 77 0.4173
32088 11 76 0.6535
32111 13 84 0.6142
32123 13 86 0.6142
32134 13 88 0.6378
32146 13 86 0.6142
32157 13 84 0.6378
32169 13 83 0.6142
32180 13 81 0.6378
32192 13 79 0.6142
32203 13 77 0.6378
32215 13 76 0.5984
32226 13 74 0.6378
32238 13 72 0.5984
32249 13 71 0.6378
32261 13 69 0.5748
32272 23 67 0.6693
32319 92 65 0.7087
32411 46 64 0.5984
32480 11 62 0.4331
32503 11 65 0.4252
32526 11 69 0.4173
32549 23 73 0.4331
32572 23 74 0.4252
32595 23 77 0.4331
32618 23 81 0.4173
32641 23 81 0.4803
32664 22 72 0.4331
32687 92 72 0.4252
32780 46 71 0.4409
32780 23 76 0.4409
32803 23 74 0.4252
32826 46 72 0.4252
32918 23 79 0.5984
32941 23 76 0.5669
32964 23 84 0.4488
32987 11 83 0.4173
33010 11 81 0.4016
33033 11 79 0.3858
33056 11 77 0.4252
33079 11 76 0.3937
33102 23 74 0.4173
33148 23 76 0.4252
33195 23 79 0.4567
33218 23 78 0.4252
33241 23 77 0.4252
33287 23 76 0.4016
33310 23 77 0.4252
33333 23 79 0.4488
33356 11 80 0.4646
33379 6 81 0.3858
33386 6 83 0.4016
33393 6 81 0.4252
33400 6 83 0.4409
33407 6 81 0.4567
33414 11 83 0.4882
33425 11 84 0.5354
33448 11 83 0.4803
33471 11 81 0.4882
33494 11 79 0.4488
33517 11 77 0.4724
33540 11 76 0.4488
33563 34 79 0.5039
33598 11 76 0.4803
33609 23 74 0.4803
33656 34 79 0.6772
33690 5 81 0.6378
33696 5 83 0.5984
33702 23 84 0.6693
33725 11 83 0.4882
33748 11 81 0.4882
33771 11 79 0.4724
33794 11 77 0.4882
33817 11 76 0.4646
33840 23 74 0.4961
33886 23 76 0.5512
33932 23 77 0.5669
33978 23 78 0.6142
34024 23 79 0.622
34071 23 80 0.6457
34117 34 81 0.6693
34151 11 69 0.622
34163 34 77 0.6614
34197 11 74 0.6378
34209 46 72 0.6063
34249 5 76 0.5039
34255 46 74 0.5591
34255 46 71 0.5591
34301 46 72 0.5591
34359 11 72 0.5039
34370 11 74 0.5118
34382 11 76 0.5197
34393 5 77 0.5354
34399 5 79 0.5354
34405 5 77 0.4646
34411 11 76 0.5512
34416 11 77 0.5591
34428 11 79 0.5669
34439 4 81 0.5197
34445 4 83 0.5118
34451 11 81 0.5512
34457 11 79 0.5906
34462 11 81 0.5984
34474 11 83 0.6142
34485 11 84 0.685
34508 11 84 0.6614
34543 11 72 0.4961
34555 11 74 0.5118
34566 11 76 0.5197
34578 5 77 0.5354
34583 5 79 0.5354
34589 5 77 0.4646
34595 11 76 0.5512
34601 11 77 0.5591
34612 11 79 0.5669
34624 4 81 0.5197
34630 4 83 0.5118
34635 11 81 0.5512
34641 11 79 0.5906
34647 11 81 0.5984
34658 11 83 0.6142
34670 11 84 0.6929
34693 11 84 0.6772
34727 11 79 0.4331
34739 11 83 0.4567
34751 11 79 0.4331
34762 11 84 0.4646
34785 11 84 0.4646
34820 11 79 0.4252
34831 11 83 0.4488
34843 11 79 0.4252
34854 11 84 0.4646
34877 11 84 0.5197
34912 11 79 0.5276
34923 11 83 0.5591
34935 11 79 0.5354
34946 11 84 0.5906
34958 11 79 0.5669
34970 11 84 0.622
34981 11 79 0.5906
34993 11 86 0.6535
35004 11 79 0.6378
35016 11 86 0.6929
35027 11 79 0.6535
35039 23 88 0.7165
35062 23 84 0.6299
35085 23 79 0.6457
35108 23 84 0.622
35131 23 76 0.6142
35154 23 79 0.5591
35177 23 72 0.5669
35200 23 76 0.5433
35223 23 69 0.4724
35246 23 81 0.4724
35269 11 79 0.4961
35281 11 77 0.4567
35292 11 76 0.4961
35304 11 74 0.4567
35315 46 72 0.4961
35361 6 71 0.4724
35368 6 72 0.4961
35374 6 71 0.4724
35380 6 72 0.4961
35386 6 71 0.4961
35392 7 69 0.4961
35400 7 71 0.4724
35408 46 72 0.5591
35465 11 72 0.5039
35477 11 74 0.5118
35488 11 76 0.5197
35500 5 77 0.5354
35505 5 79 0.5354
35511 5 77 0.4646
35517 11 76 0.5512
35523 11 77 0.5591
35534 11 79 0.5669
35546 4 81 0.5197
35552 4 83 0.5118
35557 11 81 0.5512
35563 11 79 0.5906
35569 11 81 0.5984
35580 11 83 0.6142
35592 11 84 0.6614
35615 11 84 0.6378
35650 11 72 0.4961
35661 11 74 0.5118
35673 11 76 0.5197
35684 5 77 0.5354
35690 5 79 0.5354
35696 5 77 0.4646
35701 11 76 0.5512
35707 11 77 0.5591
35719 11 79 0.5669
35730 4 81 0.5197
35736 4 83 0.5118
35742 11 81 0.5512
35748 11 79 0.5906
35753 11 81 0.5984
35765 11 83 0.6142
35776 11 84 0.6614
35799 11 84 0.6299
35834 11 79 0.4331
35846 11 83 0.4646
35857 11 79 0.4331
35869 11 84 0.4646
35892 11 84 0.4646
35926 11 79 0.4252
35938 11 83 0.4409
35949 11 79 0.4252
35961 11 84 0.4646
35984 11 84 0.4646
36018 11 79 0.5276
36030 11 83 0.5591
36041 11 79 0.5354
36053 11 84 0.5906
36065 11 79 0.5748
36076 11 84 0.622
36088 11 79 0.6063
36099 11 86 0.6535
36111 11 79 0.6378
36122 11 86 0.6929
36134 11 79 0.6457
36145 11 88 0.6929
36157 11 84 0.6142
36168 11 88 0.6614
36180 11 84 0.6299
36191 11 79 0.6457
36203 11 84 0.5827
36214 11 79 0.622
36226 11 84 0.5591
36237 11 76 0.6142
36249 11 79 0.5591
36260 11 76 0.5984
36272 11 79 0.5591
36284 11 72 0.5669
36295 11 76 0.5276
36307 11 72 0.5591
36318 11 76 0.4961
36330 23 69 0.4724
36353 23 81 0.4961
36376 11 79 0.4961
36387 11 77 0.4567
36399 11 76 0.4961
36410 11 74 0.4724
36422 46 72 0.4961
36468 6 71 0.4724
36474 6 72 0.4961
36480 6 71 0.4724
36486 6 72 0.4961
36493 6 71 0.4961
36499 7 69 0.4961
36506 7 71 0.4724
36514 34 72 0.6457
36549 11 67 0.6142
36560 34 76 0.6457
36595 11 72 0.5984
36606 23 79 0.6378
36652 13 86 0.4252
36664 13 84 0.3937
36675 13 83 0.4252
36687 13 81 0.3858
36698 23 79 0.4488
36745 13 81 0.4252
36756 13 79 0.3937
36768 13 77 0.4252
36779 13 76 0.3937
36791 23 74 0.4488
36837 13 79 0.4409
36848 13 77 0.4173
36860 13 76 0.4409
36871 13 74 0.4094
36883 11 72 0.6378
36894 11 67 0.5906
36906 11 72 0.6457
36917 11 67 0.6142
36929 11 76 0.6457
36940 11 72 0.6142
36952 11 76 0.6457
36964 11 72 0.5984
36975 23 79 0.6457
37021 13 86 0.4331
37033 13 84 0.4173
37044 13 83 0.4331
37056 13 81 0.4173
37067 11 79 0.4567
37090 11 79 0.4567
37113 13 81 0.4252
37125 13 79 0.3937
37136 13 77 0.4252
37148 13 76 0.3937
37159 11 74 0.4488
37183 11 74 0.4488
37206 13 79 0.4331
37217 13 77 0.4016
37229 13 76 0.4331
37240 13 74 0.4016
37252 46 72 0.4882
37321 23 80 0.4488
37344 23 81 0.4882
37367 23 83 0.5039
37390 23 84 0.5512
37413 23 76 0.4882
37436 23 79 0.5197
37459 23 77 0.4882
37505 23 76 0.4331
37528 23 77 0.4724
37551 23 79 0.4882
37574 23 81 0.5118
37597 23 73 0.4488
37621 23 76 0.4961
37644 23 74 0.4488
37690 23 73 0.3858
37713 23 74 0.4094
37736 23 76 0.4252
37759 23 77 0.4488
37782 23 71 0.3858
37805 23 74 0.3937
37828 23 72 0.3858
37851 23 81 0.5512
37874 23 71 0.3858
37897 23 74 0.4016
37920 23 72 0.3858
37943 23 81 0.5512
37966 23 71 0.3858
38012 11 74 0.3858
38024 11 72 0.3386
38059 11 80 0.4488
38070 11 71 0.3386
38105 11 74 0.4016
38116 11 72 0.3386
38151 11 80 0.4331
38162 11 71 0.3228
38174 92 71 0.4252
38174 92 74 0.4252
38174 92 67 0.3543
38174 92 65 0.3543
38266 46 72 0.315
38266 46 64 0.2677
38266 46 67 0.2677
38358 69 74 0.4016
38427 23 75 0.4173
38450 23 76 0.4252
38473 23 78 0.4331
38497 23 79 0.4409
38520 23 71 0.4173
38543 23 74 0.4252
38566 23 72 0.4173
38612 23 71 0.4016
38635 23 72 0.4252
38658 23 74 0.4331
38681 23 76 0.4409
38704 23 68 0.3937
38727 23 71 0.4252
38750 23 69 0.4016
38796 23 68 0.4016
38819 23 69 0.4252
38842 23 71 0.4252
38865 23 72 0.4409
38888 23 66 0.3937
38911 23 69 0.4252
38934 23 67 0.4016
38958 23 76 0.5669
38981 23 66 0.4252
39004 23 69 0.4409
39027 23 67 0.4016
39050 23 76 0.5669
39073 23 66 0.4016
39096 23 69 0.4331
39119 23 67 0.3937
39142 23 75 0.5591
39165 23 66 0.4016
39188 23 69 0.4331
39211 23 67 0.4016
39234 23 75 0.5276
39257 23 66 0.3858
39280 23 67 0.5669
39303 13 69 0.5039
39315 13 71 0.5118
39326 13 72 0.5276
39338 13 74 0.5354
39349 13 76 0.5433
39361 13 78 0.5591
39372 13 79 0.5669
39384 13 81 0.5512
39396 13 83 0.5827
39407 13 78 0.5669
39419 13 79 0.5748
39430 13 74 0.5433
39442 13 76 0.5591
39453 13 71 0.5354
39465 92 74 0.6378
39557 8 72 0.4882
39565 8 74 0.4409
39572 8 72 0.4567
39580 8 74 0.4409
39588 8 72 0.4488
39595 8 74 0.4173
39603 8 72 0.4646
39611 8 74 0.4409
39618 11 72 0.4961
39626 11 71 0.4803
39638 11 72 0.4646
39649 92 71 0.5197
39759 5 69 0.2992
39764 11 67 0.378
39776 11 66 0.3465
39787 5 67 0.4016
39810 5 71 0.4016
39834 46 76 0.4331
39880 46 74 0.4016
39943 5 72 0.2913
39949 11 71 0.378
39960 11 69 0.3543
39972 5 71 0.4252
39995 5 74 0.4252
40018 46 79 0.5039
40064 46 77 0.4409
40127 5 76 0.4252
40133 11 74 0.5276
40145 11 73 0.4803
40156 5 74 0.5591
40179 5 77 0.5827
40202 23 84 0.5906
40225 46 83 0.5591
40272 46 86 0.6378
40318 46 80 0.5748
40364 46 83 0.6378
40410 46 74 0.6142
40456 46 77 0.6614
40502 46 76 0.6378
40548 23 74 0.5669
40571 109 72 0.4803
40681 5 74 0.3622
40686 11 72 0.4252
40698 11 71 0.378
40710 23 72 0.4252
40733 11 74 0.4173
40756 92 72 0.4409
40848 8 70 0.4882
40856 8 72 0.4409
40863 8 70 0.4567
40871 8 72 0.4409
40879 8 70 0.4488
40886 8 72 0.4173
40894 8 70 0.4646
40902 8 72 0.4409
40909 11 70 0.4961
40917 11 69 0.4803
40929 11 70 0.4646
40940 23 69 0.5354
40963 46 72 0.5591
41009 46 77 0.5984
41055 46 81 0.6063
41101 23 82 0.6142
41124 92 81 0.6535
41217 46 79 0.6063
41309 69 79 0.5512
41378 23 78 0.4803
41401 23 77 0.4488
41493 69 77 0.4803
41562 23 76 0.4331
41585 23 75 0.4252
41678 23 75 0.4961
41701 23 74 0.4724
41724 11 74 0.4488
41747 11 74 0.4724
41770 46 74 0.4724
41816 46 74 0.4724
41862 40 74 0.4882
41902 5 77 0.5039
41908 86 75 0.5669
41995 5 74 0.4488
42000 46 72 0.4961
42047 23 71 0.4252
42070 23 79 0.4252
42116 23 79 0.4409
42162 23 78 0.4488
42208 23 77 0.4724
42231 23 77 0.5039
42254 23 76 0.4803
42300 23 75 0.4646
42346 23 74 0.4409
42392 23 72 0.4252
42415 23 72 0.4724
42438 23 71 0.4252
42473 11 79 0.4409
42485 11 81 0.4724
42496 11 79 0.4331
42519 11 78 0.4803
42531 11 79 0.5197
42542 11 78 0.4724
42565 11 77 0.4961
42577 11 79 0.5512
42588 11 77 0.5118
42611 11 76 0.5748
42623 11 77 0.5984
42634 11 76 0.5591
42657 11 75 0.5748
42669 11 77 0.6299
42680 11 75 0.5748
42704 11 74 0.622
42715 11 75 0.6535
42727 11 74 0.622
42750 11 72 0.6457
42761 11 74 0.685
42773 11 72 0.6772
42784 11 71 0.6929
42801 5 72 0.5591
42807 11 71 0.5906
42819 11 69 0.5906
42830 23 71 0.622
42853 11 72 0.5984
42876 11 74 0.622
42894 5 76 0.5354
42899 11 74 0.5669
42911 11 73 0.5669
42923 23 74 0.622
42946 11 76 0.622
42969 46 77 0.5748
43026 11 79 0.4252
43038 11 76 0.4409
43049 11 79 0.4252
43061 46 77 0.4252
43118 11 79 0.4173
43130 11 76 0.4409
43142 11 79 0.4173
43153 46 77 0.4173
43211 11 79 0.4331
43222 11 76 0.4488
43234 11 79 0.4803
43245 11 77 0.4961
43257 11 79 0.5197
43268 11 76 0.5512
43280 11 79 0.5354
43291 11 77 0.5906
43303 11 79 0.5748
43314 11 76 0.6378
43326 11 79 0.622
43337 23 77 0.6772
43361 11 76 0.5669
43384 11 74 0.6063
43407 11 72 0.5669
43430 11 71 0.4724
43453 11 72 0.4882
43476 11 74 0.4646
43499 11 76 0.4409
43522 11 77 0.4882
43545 11 76 0.4488
43568 11 74 0.4803
43591 11 76 0.5039
43614 11 77 0.5276
43637 11 76 0.5591
43660 11 77 0.5748
43683 11 78 0.6063
43706 23 79 0.6772
43752 69 79 0.6457
43822 11 77 0.5591
43833 11 76 0.5433
43845 10 76 0.5512
43856 11 74 0.5197
43868 11 72 0.5276
43879 11 71 0.5197
43891 8 72 0.3701
43898 8 74 0.3858
43906 8 72 0.4331
43914 8 74 0.4094
43921 8 72 0.4488
43929 8 74 0.4016
43937 8 72 0.4646
43944 8 74 0.4409
43952 11 72 0.4961
43960 11 74 0.4882
43971 11 76 0.4961
43983 46 67 0.5591
44075 11 79 0.6772
44098 11 79 0.6142
44121 69 79 0.5984
44190 11 77 0.5039
44202 10 76 0.4803
44213 11 76 0.5039
44225 11 74 0.4803
44236 11 72 0.4803
44248 11 71 0.4724
44260 8 72 0.3701
44267 8 74 0.3858
44275 8 72 0.4331
44283 8 74 0.4094
44290 8 72 0.4488
44298 8 74 0.4016
44306 8 72 0.4646
44313 8 74 0.4409
44321 11 72 0.4961
44329 11 74 0.4882
44340 11 76 0.4961
44352 46 67 0.5118
44444 11 69 0.4409
44467 11 72 0.4252
44490 11 77 0.4409
44513 11 81 0.4252
44536 11 84 0.5197
44559 11 89 0.5512
44628 11 67 0.4567
44651 11 72 0.4409
44674 11 76 0.4567
44698 11 79 0.4331
44721 11 84 0.5197
44744 11 88 0.5827
44801 11 67 0.4961
44813 138 79 0.6614
44951 7 77 0.4724
44959 7 79 0.5354
44966 7 77 0.5354
44974 11 76 0.5984
44986 11 77 0.5591
44997 46 75 0.6142
45043 46 76 0.5906
45182 11 69 0.4803
45193 11 72 0.4488
45205 11 74 0.4803
45216 11 76 0.4409
45228 11 77 0.4803
45239 11 79 0.4567
45251 11 81 0.4803
45262 11 83 0.4488
45274 23 84 0.5669
45366 11 67 0.4961
45378 11 72 0.4567
45389 11 74 0.4961
45401 11 76 0.4409
45412 11 77 0.4961
45424 11 79 0.4567
45435 11 81 0.4961
45447 11 83 0.4567
45458 23 84 0.5669
45550 23 81 0.6693
45574 23 79 0.622
45597 11 77 0.6457
45620 11 76 0.6142
45643 23 76 0.6693
45666 23 74 0.5827
45689 11 72 0.6063
45712 11 71 0.5984
45735 13 72 0.6063
45746 13 67 0.5354
45758 13 69 0.5669
45769 13 71 0.5512
45781 13 72 0.5906
45792 13 74 0.5748
45804 13 76 0.6142
45816 13 77 0.5984
45827 13 79 0.6299
45839 13 81 0.6063
45850 13 83 0.6142
45862 13 84 0.5906
45873 11 79 0.6378
45896 11 79 0.622
45931 11 79 0.4252
45942 11 81 0.4488
45954 11 79 0.4252
45977 11 77 0.4252
45988 11 79 0.4488
46000 11 77 0.4252
46023 11 76 0.4252
46035 11 77 0.4409
46046 11 76 0.4252
46069 11 74 0.4252
46081 11 76 0.4409
46092 11 74 0.4252
46104 13 72 0.6535
46115 13 67 0.5984
46127 13 69 0.622
46138 13 71 0.5906
46150 13 72 0.6378
46161 13 74 0.622
46173 13 76 0.6457
46184 13 77 0.6142
46196 13 79 0.6378
46207 13 81 0.5984
46219 13 83 0.6299
46230 13 84 0.5906
46242 11 79 0.6457
46265 11 79 0.6299
46300 11 79 0.4252
46311 11 81 0.4409
46323 11 79 0.4252
46346 11 77 0.4252
46357 11 79 0.4409
46369 11 77 0.4252
46392 11 76 0.4252
46403 11 77 0.4409
46415 11 76 0.4252
46438 11 74 0.4252
46449 11 76 0.4252
46461 11 74 0.4252
46473 11 72 0.6378
46496 46 72 0.6378
46542 11 74 0.5748
46553 11 76 0.5512
46565 11 77 0.6457
46588 46 77 0.622
46634 11 79 0.5984
46645 11 81 0.5984
46657 23 79 0.6535
46680 23 76 0.6299
46703 11 84 0.6535
46726 11 84 0.6299
46749 13 86 0.6614
46761 13 84 0.5984
46772 13 83 0.6142
46784 10 81 0.5748
46795 13 81 0.5748
46807 13 79 0.5197
46818 13 77 0.5354
46830 11 76 0.5039
46841 69 79 0.5354
46911 23 76 0.5433
46934 46 74 0.5276
47026 23 73 0.4724
47049 23 74 0.4409
47072 11 72 0.4331
47083 11 71 0.4094
47095 11 69 0.4331
47106 11 67 0.4173
47118 23 73 0.4803
47141 23 74 0.4646
47164 11 72 0.4331
47176 11 71 0.4252
47187 11 69 0.4331
47199 11 67 0.4173
47210 23 75 0.5039
47233 23 76 0.4803
47256 11 76 0.4961
47279 11 76 0.4646
47302 46 76 0.4961
47383 11 69 0.4724
47395 69 81 0.685
47464 7 79 0.5984
47471 7 78 0.5669
47479 7 76 0.5984
47487 23 74 0.6614
47510 11 86 0.6457
47533 11 86 0.6457
47556 11 86 0.622
47579 57 86 0.7087
47637 11 83 0.5827
47648 11 86 0.6063
47660 11 83 0.5984
47671 23 79 0.6063
47694 23 71 0.4252
47694 23 74 0.4252
47717 23 76 0.4252
47717 23 72 0.4252
47740 23 77 0.3937
47740 23 74 0.3937
47763 23 78 0.4724
47787 23 79 0.4567
47810 11 77 0.4252
47821 11 76 0.4016
47833 11 74 0.4252
47844 11 72 0.4094
47856 11 78 0.4252
47867 11 79 0.4173
47879 11 81 0.4331
47890 11 79 0.4488
47902 11 77 0.4409
47913 11 76 0.4331
47925 11 74 0.4252
47936 11 72 0.4252
47948 23 80 0.4882
47971 23 81 0.4409
47994 11 81 0.4724
48017 11 81 0.4409
48040 46 81 0.4961
48132 13 86 0.6378
48144 13 88 0.6063
48155 13 89 0.6378
48167 13 88 0.6063
48178 13 86 0.622
48190 13 84 0.5748
48201 13 83 0.6063
48213 13 81 0.5906
48224 13 79 0.6142
48236 13 83 0.5748
48248 13 86 0.6378
48259 13 84 0.5827
48271 13 83 0.6378
48282 13 81 0.5906
48294 13 79 0.6378
48305 13 77 0.5984
48317 23 76 0.6772
48363 5 79 0.5591
48369 5 77 0.5197
48374 5 79 0.5591
48380 5 77 0.5276
48386 11 76 0.6378
48397 11 77 0.622
48409 23 79 0.7008
48486 7 81 0.4173
48493 7 83 0.3858
48501 45 84 0.4803
48547 34 84 0.4409
48582 10 84 0.4252
48593 46 84 0.4409
48639 11 83 0.4331
48651 11 81 0.3937
48662 11 79 0.4173
48674 11 77 0.4016
48686 23 76 0.6142
48732 5 77 0.5276
48737 5 79 0.4961
48743 5 77 0.5276
48749 5 79 0.4961
48755 5 77 0.5276
48762 7 76 0.5984
48770 7 77 0.5669
48778 23 79 0.685
48855 7 81 0.4173
48862 7 83 0.378
48870 45 84 0.4803
48916 34 84 0.4331
48951 10 84 0.4094
48962 46 84 0.4331
49008 11 83 0.4252
49020 11 81 0.4094
49031 11 79 0.4252
49043 11 77 0.4173
49054 11 76 0.6535
49077 13 84 0.6142
49089 13 86 0.6142
49100 13 88 0.6378
49112 13 86 0.6142
49124 13 84 0.6378
49135 13 83 0.6142
49147 13 81 0.6378
49158 13 79 0.6142
49170 13 77 0.6378
49181 13 76 0.5984
49193 13 74 0.6378
49204 13 72 0.5984
49216 13 71 0.6378
49227 13 69 0.5748
49239 23 67 0.6693
49285 92 65 0.7087
49377 46 64 0.5984
49446 11 62 0.4331
49469 11 65 0.4252
49492 11 69 0.4173
49515 23 73 0.4331
49538 23 74 0.4252
49562 23 77 0.4331
49585 23 81 0.4173
49608 23 81 0.4803
49631 22 72 0.4331
49654 92 72 0.4252
49746 46 71 0.4409
49746 23 76 0.4409
49769 23 74 0.4252
49792 46 72 0.4252
49884 23 79 0.5984
49907 23 76 0.5669
49930 23 84 0.4488
49953 11 83 0.4173
49976 11 81 0.4016
50000 11 79 0.3858
50023 11 77 0.4252
50046 11 76 0.3937
50069 23 74 0.4173
50115 23 76 0.4252
50161 23 79 0.4567
50184 23 78 0.4252
50207 23 77 0.4252
50253 23 76 0.4016
50276 23 77 0.4252
50299 23 79 0.4488
50322 11 80 0.4646
50345 6 81 0.3858
50352 6 83 0.4016
50359 6 81 0.4252
50366 6 83 0.4409
50373 6 81 0.4567
50380 11 83 0.4882
50391 11 84 0.5354
50414 11 83 0.4803
50437 11 81 0.4882
50461 11 79 0.4488
50484 11 77 0.4724
50507 11 76 0.4488
50530 34 79 0.5039
50564 11 76 0.4803
50576 23 74 0.4803
50622 34 79 0.6772
50656 5 81 0.6378
50662 5 83 0.5984
50668 23 84 0.6693
50691 11 83 0.4882
50714 11 81 0.4882
50737 11 79 0.4724
50760 11 77 0.4882
50783 11 76 0.4646
50806 23 74 0.4961
50852 23 76 0.5512
50899 23 77 0.5669
50945 23 78 0.6142
50991 23 79 0.622
51037 23 80 0.6457
51083 34 81 0.6693
51118 11 69 0.622
51129 34 77 0.6614
51164 11 74 0.6378
51175 46 72 0.6063
51216 5 76 0.5039
51221 46 74 0.5591
51221 46 71 0.5591
51267 46 72 0.5591
51325 11 72 0.5039
51337 11 74 0.5118
51348 11 76 0.5197
51360 5 77 0.5354
51365 5 79 0.5354
51371 5 77 0.4646
51377 11 76 0.5512
51383 11 77 0.5591
51394 11 79 0.5669
51406 4 81 0.5197
51411 4 83 0.5118
51417 11 81 0.5512
51423 11 79 0.5906
51429 11 81 0.5984
51440 11 83 0.6142
51452 11 84 0.685
51475 11 84 0.6614
51509 11 72 0.4961
51521 11 74 0.5118
51532 11 76 0.5197
51544 5 77 0.5354
51550 5 79 0.5354
51556 5 77 0.4646
51561 11 76 0.5512
51567 11 77 0.5591
51579 11 79 0.5669
51590 4 81 0.5197
51596 4 83 0.5118
51602 11 81 0.5512
51607 11 79 0.5906
51613 11 81 0.5984
51625 11 83 0.6142
51636 11 84 0.6929
51659 11 84 0.6772
51694 11 79 0.4331
51705 11 83 0.4567
51717 11 79 0.4331
51728 11 84 0.4646
51751 11 84 0.4646
51786 11 79 0.4252
51798 11 83 0.4488
51809 11 79 0.4252
51821 11 84 0.4646
51844 11 84 0.5197
51878 11 79 0.5276
51890 11 83 0.5591
51901 11 79 0.5354
51913 11 84 0.5906
51924 11 79 0.5669
51936 11 84 0.622
51947 11 79 0.5906
51959 11 86 0.6535
51970 11 79 0.6378
51982 11 86 0.6929
51994 11 79 0.6535
52005 23 88 0.7165
52028 23 84 0.6299
52051 23 79 0.6457
52074 23 84 0.622
52097 23 76 0.6142
52120 23 79 0.5591
52143 23 72 0.5669
52166 23 76 0.5433
52189 23 69 0.4724
52213 23 81 0.4724
52236 11 79 0.4961
52247 11 77 0.4567
52259 11 76 0.4961
52270 11 74 0.4567
52282 46 72 0.4961
52328 6 71 0.4724
52334 6 72 0.4961
52340 6 71 0.4724
52346 6 72 0.4961
52352 6 71 0.4961
52359 7 69 0.4961
52366 7 71 0.4724
52374 46 72 0.5591
52432 11 72 0.5039
52443 11 74 0.5118
52455 11 76 0.5197
52466 5 77 0.5354
52472 5 79 0.5354
52478 5 77 0.4646
52483 11 76 0.5512
52489 11 77 0.5591
52501 11 79 0.5669
52512 4 81 0.5197
52518 4 83 0.5118
52524 11 81 0.5512
52529 11 79 0.5906
52535 11 81 0.5984
52547 11 83 0.6142
52558 11 84 0.6614
52581 11 84 0.6378
52616 11 72 0.4961
52627 11 74 0.5118
52639 11 76 0.5197
52650 5 77 0.5354
52656 5 79 0.5354
52662 5 77 0.4646
52668 11 76 0.5512
52674 11 77 0.5591
52685 11 79 0.5669
52697 4 81 0.5197
52702 4 83 0.5118
52708 11 81 0.5512
52714 11 79 0.5906
52720 11 81 0.5984
52731 11 83 0.6142
52743 11 84 0.6614
52766 11 84 0.6299
52800 11 79 0.4331
52812 11 83 0.4646
52823 11 79 0.4331
52835 11 84 0.4646
52858 11 84 0.4646
52893 11 79 0.4252
52904 11 83 0.4409
52916 11 79 0.4252
52927 11 84 0.4646
52950 11 84 0.4646
52985 11 79 0.5276
52996 11 83 0.5591
53008 11 79 0.5354
53019 11 84 0.5906
53031 11 79 0.5748
53042 11 84 0.622
53054 11 79 0.6063
53065 11 86 0.6535
53077 11 79 0.6378
53088 11 86 0.6929
53100 11 79 0.6457
53112 11 88 0.6929
53123 11 84 0.6142
53135 11 88 0.6614
53146 11 84 0.6299
53158 11 79 0.6457
53169 11 84 0.5827
53181 11 79 0.622
53192 11 84 0.5591
53204 11 76 0.6142
53215 11 79 0.5591
53227 11 76 0.5984
53238 11 79 0.5591
53250 11 72 0.5669
53261 11 76 0.5276
53273 11 72 0.5591
53284 11 76 0.4961
53296 23 69 0.4724
53319 23 81 0.4961
53342 11 79 0.4961
53354 11 77 0.4567
53365 11 76 0.4961
53377 11 74 0.4724
53388 46 72 0.4961
53434 6 71 0.4724
53440 6 72 0.4961
53447 6 71 0.4724
53453 6 72 0.4961
53459 6 71 0.4961
53465 7 69 0.4961
53473 7 71 0.4724
53480 34 72 0.6457
53515 11 67 0.6142
53526 34 76 0.6457
53561 11 72 0.5984
53573 23 79 0.6378
53619 13 86 0.4252
53630 13 84 0.3937
53642 13 83 0.4252
53653 13 81 0.3858
53665 23 79 0.4488
53711 13 81 0.4252
53722 13 79 0.3937
53734 13 77 0.4252
53745 13 76 0.3937
53757 23 74 0.4488
53803 13 79 0.4409
53815 13 77 0.4173
53826 13 76 0.4409
53838 13 74 0.4094
53849 11 72 0.6378
53861 11 67 0.5906
53872 11 72 0.6457
53884 11 67 0.6142
53895 11 76 0.6457
53907 11 72 0.6142
53918 11 76 0.6457
53930 11 72 0.5984
53941 23 79 0.6457
53988 13 86 0.4331
53999 13 84 0.4173
54011 13 83 0.4331
54022 13 81 0.4173
54034 11 79 0.4567
54057 11 79 0.4567
54080 13 81 0.4252
54091 13 79 0.3937
54103 13 77 0.4252
54114 13 76 0.3937
54126 11 74 0.4488
54149 11 74 0.4488
54172 13 79 0.4331
54183 13 77 0.4016
54195 13 76 0.4331
54207 13 74 0.4016
54218 46 72 0.4882
54287 23 80 0.4488
54310 23 81 0.4882
54333 23 83 0.5039
54356 23 84 0.5512
54379 23 76 0.4882
54402 23 79 0.5197
54426 23 77 0.4882
54472 23 76 0.4331
54495 23 77 0.4724
54518 23 79 0.4882
54541 23 81 0.5118
54564 23 73 0.4488
54587 23 76 0.4961
54610 23 74 0.4488
54656 23 73 0.3858
54679 23 74 0.4094
54702 23 76 0.4252
54725 23 77 0.4488
54748 23 71 0.3858
54771 23 74 0.3937
54794 23 72 0.3858
54817 23 81 0.5512
54840 23 71 0.3858
54863 23 74 0.4016
54887 23 72 0.3858
54910 23 81 0.5512
54933 23 71 0.3858
54979 11 74 0.3858
54990 11 72 0.3386
55025 11 80 0.4488
55036 11 71 0.3386
55071 11 74 0.4016
55082 11 72 0.3386
55117 11 80 0.4331
55129 11 71 0.3228
55140 92 71 0.4252
55140 92 74 0.4252
55140 92 67 0.3543
55140 92 65 0.3543
55232 46 72 0.315
55232 46 64 0.2677
55232 46 67 0.2677
0 22 64 0.3937
23 23 60 0.2835
46 23 64 0.3386
69 23 60 0.2992
92 23 64 0.4016
115 23 60 0.315
138 23 64 0.3543
161 23 60 0.3386
184 23 64 0.4016
207 23 60 0.3543
230 23 64 0.4016
253 23 60 0.315
276 23 64 0.3307
299 23 60 0.2205
322 23 64 0.2598
345 23 60 0.2126
368 23 64 0.4016
391 23 60 0.2835
414 23 64 0.3386
437 23 60 0.2835
461 23 64 0.3386
484 23 60 0.2835
507 23 65 0.315
530 23 60 0.2835
553 23 64 0.2992
576 23 60 0.2677
599 23 64 0.3071
622 23 60 0.2598
645 23 64 0.2677
668 23 60 0.2126
691 23 64 0.2441
714 23 60 0.2126
737 23 65 0.2677
760 23 60 0.2283
783 23 65 0.2677
806 23 60 0.2362
829 23 65 0.2677
852 23 60 0.2047
875 23 65 0.2441
899 23 60 0.2047
922 23 64 0.2835
945 23 60 0.252
968 23 64 0.2835
991 23 60 0.2362
1014 23 64 0.2835
1037 23 60 0.2047
1060 23 64 0.252
1083 23 60 0.2126
1106 23 60 0.4488
1106 46 64 0.4488
1129 23 55 0.3937
1152 23 60 0.4488
1152 46 64 0.4488
1175 23 55 0.3937
1198 46 62 0.4252
1198 23 59 0.4252
1221 23 55 0.3622
1244 46 62 0.3937
1244 23 59 0.3937
1267 23 55 0.3622
1290 23 60 0.378
1313 23 48 0.3386
1337 23 52 0.378
1360 23 55 0.3386
1383 23 60 0.4488
1406 23 64 0.3701
1429 23 67 0.4094
1452 23 64 0.3622
1475 23 65 0.2913
1498 23 60 0.2205
1521 23 65 0.2913
1544 23 60 0.2283
1567 23 65 0.2913
1590 23 60 0.2283
1613 23 65 0.2598
1636 23 60 0.2283
1659 23 64 0.2913
1682 23 60 0.2283
1705 23 64 0.2913
1728 23 60 0.2205
1751 23 64 0.2913
1775 23 60 0.2126
1798 23 64 0.252
1821 23 60 0.2283
1844 46 64 0.378
1844 23 60 0.378
1867 23 55 0.3307
1890 46 64 0.3543
1890 23 60 0.3543
1913 23 55 0.315
1936 23 62 0.378
1936 46 65 0.378
1959 23 55 0.3307
1982 46 65 0.3543
1982 23 62 0.3543
2005 23 55 0.315
2028 92 60 0.4409
2028 92 64 0.4409
2213 46 55 0.3543
2213 46 64 0.3543
2259 46 55 0.3228
2259 46 62 0.3228
2305 46 60 0.3622
2305 46 55 0.3622
2351 46 59 0.3228
2351 46 55 0.3228
2397 92 60 0.4567
2581 46 64 0.378
2581 46 55 0.378
2627 46 55 0.3543
2627 46 62 0.3543
2674 46 60 0.3701
2674 46 55 0.3701
2720 46 59 0.3543
2720 46 55 0.3543
2766 11 48 0.4567
2789 23 60 0.5039
2812 23 59 0.4409
2835 23 58 0.4409
2858 11 57 0.4646
2881 23 57 0.4488
2904 23 55 0.4488
2927 23 53 0.4252
2950 23 52 0.4488
2996 23 48 0.4488
3088 46 48 0.378
3088 46 60 0.378
3135 92 55 0.378
3135 69 64 0.378
3204 23 60 0.4252
3227 46 59 0.378
3250 23 43 0.5118
3273 23 47 0.5669
3296 23 50 0.5433
3319 23 55 0.3543
3342 23 59 0.3386
3365 23 62 0.3228
3411 23 55 0.3543
3434 23 59 0.3386
3457 23 62 0.3228
3503 23 55 0.3465
3526 23 60 0.315
3550 23 64 0.3386
3573 23 60 0.315
3596 23 55 0.3465
3619 23 60 0.315
3642 23 64 0.3386
3665 23 60 0.315
3688 23 54 0.4488
3711 23 57 0.4252
3734 23 60 0.3858
3780 23 54 0.4488
3803 23 57 0.4252
3826 23 60 0.4016
3872 23 55 0.4488
3895 23 59 0.4016
3918 11 62 0.4173
3941 11 62 0.3937
3964 23 55 0.4488
3988 23 59 0.3071
4011 11 62 0.3307
4034 11 62 0.2913
4057 23 55 0.3465
4080 23 59 0.3228
4103 23 62 0.3228
4149 23 55 0.3465
4172 23 59 0.3228
4195 23 62 0.3228
4241 23 55 0.3386
4264 23 60 0.315
4287 23 64 0.315
4310 23 60 0.315
4333 23 55 0.3543
4356 23 60 0.2992
4379 23 64 0.3307
4402 23 60 0.315
4426 184 54 0.4094
4426 184 60 0.4094
4426 184 62 0.4882
4426 184 57 0.4094
4610 15 55 0.4803
4625 15 59 0.4252
4641 15 67 0.4016
4656 15 57 0.4803
4671 15 60 0.4173
4687 15 67 0.3937
4702 15 59 0.4803
4717 15 62 0.4488
4733 15 67 0.3858
4748 15 55 0.4803
4764 15 59 0.378
4779 15 67 0.3543
4794 15 60 0.3386
4810 15 64 0.315
4825 15 67 0.2913
4840 15 60 0.3386
4856 15 64 0.315
4871 15 67 0.2992
4887 15 60 0.3386
4902 15 64 0.315
4917 15 67 0.2992
4933 15 60 0.3386
4948 15 64 0.3228
4963 15 67 0.3071
4979 15 55 0.4488
4994 15 59 0.3937
5009 15 67 0.3937
5025 15 57 0.4488
5040 15 60 0.4016
5056 15 67 0.378
5071 15 59 0.4488
5086 15 62 0.4094
5102 15 67 0.3622
5117 15 55 0.4488
5132 15 59 0.3937
5148 15 67 0.3701
5163 15 60 0.2992
5179 15 64 0.2835
5194 15 67 0.2835
5209 15 60 0.2992
5225 15 64 0.2835
5240 15 67 0.2835
5255 15 60 0.3543
5271 15 64 0.3386
5286 15 67 0.315
5301 15 60 0.3543
5317 15 64 0.3465
5332 15 67 0.3228
5348 23 55 0.4803
5440 23 48 0.4803
5532 23 50 0.4961
5578 92 54 0.4173
5578 92 51 0.4173
5578 92 57 0.4961
5670 46 52 0.315
5670 46 55 0.378
5716 46 48 0.2835
5716 46 52 0.3386
5947 138 50 0.3465
5947 46 59 0.3465
5993 92 60 0.3465
6085 23 55 0.3622
6085 46 59 0.3622
6131 23 43 0.3465
6500 46 54 0.315
6500 92 62 0.315
6546 46 55 0.3386
6639 92 48 0.3386
6639 92 55 0.3386
6777 46 52 0.3386
6777 46 49 0.3386
6823 92 50 0.3386
6823 46 55 0.3386
6869 46 54 0.3228
6915 34 62 0.6063
6950 5 64 0.5512
6955 5 66 0.5197
6961 23 67 0.5591
6984 11 66 0.4409
7007 11 64 0.4409
7030 11 62 0.4094
7053 11 60 0.4409
7076 11 59 0.4094
7100 23 57 0.4488
7146 23 59 0.4882
7192 23 60 0.5276
7238 23 61 0.5118
7284 23 62 0.5512
7330 23 63 0.5197
7376 32 64 0.5669
7422 46 48 0.3386
7422 46 57 0.3386
7468 92 50 0.3386
7468 46 59 0.3386
7514 46 60 0.3386
7561 23 55 0.4724
7584 23 59 0.3937
7607 23 62 0.4252
7630 23 59 0.378
7653 23 55 0.4409
7676 23 60 0.3543
7699 23 64 0.3858
7722 23 60 0.3701
7745 23 55 0.4409
7768 23 59 0.3937
7791 23 62 0.4252
7814 23 59 0.3701
7837 23 55 0.4409
7860 23 60 0.3937
7883 23 64 0.4252
7906 23 60 0.3858
7929 46 59 0.4409
7929 46 62 0.4409
7929 46 55 0.4409
7976 46 72 0.3228
8022 46 71 0.3465
8068 46 72 0.3386
8114 46 71 0.3543
8160 11 66 0.4094
8183 11 66 0.4252
8206 11 67 0.4488
8229 11 67 0.4724
8252 11 69 0.4882
8275 11 69 0.5118
8298 46 71 0.5276
8529 46 48 0.3465
8529 46 57 0.3465
8529 46 52 0.3465
8575 92 50 0.3465
8575 46 55 0.3465
8575 46 59 0.3465
8621 46 60 0.3465
8621 46 57 0.3465
8667 23 55 0.4016
8690 23 59 0.3622
8713 23 62 0.4252
8736 23 59 0.3858
8759 23 55 0.4252
8782 23 60 0.3937
8805 23 64 0.4252
8828 23 60 0.3937
8852 23 55 0.4567
8875 23 59 0.3937
8898 23 62 0.4252
8921 23 59 0.4252
8944 23 55 0.4252
8967 23 60 0.3937
8990 23 64 0.4252
9013 23 60 0.3937
9036 46 59 0.4567
9036 46 62 0.4567
9036 46 55 0.4567
9082 46 72 0.3386
9128 46 71 0.3543
9174 46 72 0.3386
9220 46 71 0.3543
9266 11 66 0.378
9289 11 66 0.4016
9313 11 67 0.4252
9336 11 67 0.4488
9359 11 69 0.4803
9382 11 69 0.5039
9405 46 71 0.5276
9635 46 57 0.3465
9635 46 48 0.3465
9635 46 52 0.3465
9681 92 50 0.3465
9681 46 59 0.3465
9681 46 55 0.3465
9727 46 57 0.3465
9727 46 60 0.3465
9774 34 55 0.6142
9808 11 50 0.5669
9820 34 59 0.6142
9854 11 55 0.5669
9866 23 62 0.6063
9958 23 55 0.3228
9958 23 59 0.3228
9958 23 50 0.3228
10050 23 50 0.3228
10050 23 54 0.3228
10050 23 60 0.3228
10142 11 55 0.5669
10154 11 50 0.5276
10165 11 55 0.5669
10177 11 50 0.5276
10189 11 59 0.5669
10200 11 55 0.5276
10212 11 59 0.5669
10223 11 55 0.5197
10235 23 62 0.5669
10327 23 59 0.3543
10327 23 50 0.3543
10327 23 55 0.3543
10419 23 54 0.3543
10419 23 60 0.3543
10419 23 50 0.3543
10511 46 59 0.3622
10511 46 55 0.3622
10557 23 55 0.3622
10603 23 43 0.3622
10696 22 64 0.3937
10719 23 60 0.2835
10742 23 64 0.3386
10765 23 60 0.2992
10788 23 64 0.4016
10811 23 60 0.315
10834 23 64 0.3543
10857 23 60 0.3386
10880 23 64 0.4016
10903 23 60 0.3543
10926 23 64 0.4016
10949 23 60 0.315
10972 23 64 0.3307
10995 23 60 0.2205
11018 23 64 0.2598
11041 23 60 0.2126
11065 23 64 0.4016
11088 23 60 0.2835
11111 23 64 0.3386
11134 23 60 0.2835
11157 23 64 0.3386
11180 23 60 0.2835
11203 23 65 0.315
11226 23 60 0.2835
11249 23 64 0.2992
11272 23 60 0.2677
11295 23 64 0.3071
11318 23 60 0.2598
11341 23 64 0.2677
11364 23 60 0.2126
11387 23 64 0.2441
11410 23 60 0.2126
11433 23 65 0.2677
11456 23 60 0.2283
11479 23 65 0.2677
11502 23 60 0.2362
11526 23 65 0.2677
11549 23 60 0.2047
11572 23 65 0.2441
11595 23 60 0.2047
11618 23 64 0.2835
11641 23 60 0.252
11664 23 64 0.2835
11687 23 60 0.2362
11710 23 64 0.2835
11733 23 60 0.2047
11756 23 64 0.252
11779 23 60 0.2126
11802 23 60 0.4488
11802 46 64 0.4488
11825 23 55 0.3937
11848 23 60 0.4488
11848 46 64 0.4488
11871 23 55 0.3937
11894 46 62 0.4252
11894 23 59 0.4252
11917 23 55 0.3622
11940 46 62 0.3937
11940 23 59 0.3937
11964 23 55 0.3622
11987 23 60 0.378
12010 23 48 0.3386
12033 23 52 0.378
12056 23 55 0.3386
12079 23 60 0.4488
12102 23 64 0.3701
12125 23 67 0.4094
12148 23 64 0.3622
12171 23 65 0.2913
12194 23 60 0.2205
12217 23 65 0.2913
12240 23 60 0.2283
12263 23 65 0.2913
12286 23 60 0.2283
12309 23 65 0.2598
12332 23 60 0.2283
12355 23 64 0.2913
12378 23 60 0.2283
12402 23 64 0.2913
12425 23 60 0.2205
12448 23 64 0.2913
12471 23 60 0.2126
12494 23 64 0.252
12517 23 60 0.2283
12540 46 64 0.378
12540 23 60 0.378
12563 23 55 0.3307
12586 46 64 0.3543
12586 23 60 0.3543
12609 23 55 0.315
12632 23 62 0.378
12632 46 65 0.378
12655 23 55 0.3307
12678 46 65 0.3543
12678 23 62 0.3543
12701 23 55 0.315
12724 92 60 0.4409
12724 92 64 0.4409
12909 46 55 0.3543
12909 46 64 0.3543
12955 46 55 0.3228
12955 46 62 0.3228
13001 46 60 0.3622
13001 46 55 0.3622
13047 46 59 0.3228
13047 46 55 0.3228
13093 92 60 0.4567
13278 46 64 0.378
13278 46 55 0.378
13324 46 55 0.3543
13324 46 62 0.3543
13370 46 60 0.3701
13370 46 55 0.3701
13416 46 59 0.3543
13416 46 55 0.3543
13462 11 48 0.4567
13485 23 60 0.5039
13508 23 59 0.4409
13531 23 58 0.4409
13554 11 57 0.4646
13577 23 57 0.4488
13600 23 55 0.4488
13623 23 53 0.4252
13646 23 52 0.4488
13692 23 48 0.4488
13785 46 48 0.378
13785 46 60 0.378
13831 92 55 0.378
13831 69 64 0.378
13900 23 60 0.4252
13923 46 59 0.378
13946 23 43 0.5118
13969 23 47 0.5669
13992 23 50 0.5433
14015 23 55 0.3543
14038 23 59 0.3386
14061 23 62 0.3228
14107 23 55 0.3543
14130 23 59 0.3386
14153 23 62 0.3228
14200 23 55 0.3465
14223 23 60 0.315
14246 23 64 0.3386
14269 23 60 0.315
14292 23 55 0.3465
14315 23 60 0.315
14338 23 64 0.3386
14361 23 60 0.315
14384 23 54 0.4488
14407 23 57 0.4252
14430 23 60 0.3858
14476 23 54 0.4488
14499 23 57 0.4252
14522 23 60 0.4016
14568 23 55 0.4488
14591 23 59 0.4016
14615 11 62 0.4173
14638 11 62 0.3937
14661 23 55 0.4488
14684 23 59 0.3071
14707 11 62 0.3307
14730 11 62 0.2913
14753 23 55 0.3465
14776 23 59 0.3228
14799 23 62 0.3228
14845 23 55 0.3465
14868 23 59 0.3228
14891 23 62 0.3228
14937 23 55 0.3386
14960 23 60 0.315
14983 23 64 0.315
15006 23 60 0.315
15029 23 55 0.3543
15053 23 60 0.2992
15076 23 64 0.3307
15099 23 60 0.315
15122 184 54 0.4094
15122 184 60 0.4094
15122 184 62 0.4882
15122 184 57 0.4094
15306 15 55 0.4803
15321 15 59 0.4252
15337 15 67 0.4016
15352 15 57 0.4803
15368 15 60 0.4173
15383 15 67 0.3937
15398 15 59 0.4803
15414 15 62 0.4488
15429 15 67 0.3858
15444 15 55 0.4803
15460 15 59 0.378
15475 15 67 0.3543
15491 15 60 0.3386
15506 15 64 0.315
15521 15 67 0.2913
15537 15 60 0.3386
15552 15 64 0.315
15567 15 67 0.2992
15583 15 60 0.3386
15598 15 64 0.315
15613 15 67 0.2992
15629 15 60 0.3386
15644 15 64 0.3228
15660 15 67 0.3071
15675 15 55 0.4488
15690 15 59 0.3937
15706 15 67 0.3937
15721 15 57 0.4488
15736 15 60 0.4016
15752 15 67 0.378
15767 15 59 0.4488
15783 15 62 0.4094
15798 15 67 0.3622
15813 15 55 0.4488
15829 15 59 0.3937
15844 15 67 0.3701
15859 15 60 0.2992
15875 15 64 0.2835
15890 15 67 0.2835
15905 15 60 0.2992
15921 15 64 0.2835
15936 15 67 0.2835
15952 15 60 0.3543
15967 15 64 0.3386
15982 15 67 0.315
15998 15 60 0.3543
16013 15 64 0.3465
16028 15 67 0.3228
16044 23 55 0.4803
16136 23 48 0.4803
16228 23 50 0.4961
16274 92 54 0.4173
16274 92 51 0.4173
16274 92 57 0.4961
16366 46 52 0.315
16366 46 55 0.378
16413 46 48 0.2835
16413 46 52 0.3386
16643 138 50 0.3465
16643 46 59 0.3465
16689 92 60 0.3465
16781 23 55 0.3622
16781 46 59 0.3622
16828 23 43 0.3465
17196 46 54 0.315
17196 92 62 0.315
17242 46 55 0.3386
17335 92 48 0.3386
17335 92 55 0.3386
17473 46 52 0.3386
17473 46 49 0.3386
17519 92 50 0.3386
17519 46 55 0.3386
17565 46 54 0.3228
17611 34 62 0.6063
17646 5 64 0.5512
17652 5 66 0.5197
17657 23 67 0.5591
17680 11 66 0.4409
17704 11 64 0.4409
17727 11 62 0.4094
17750 11 60 0.4409
17773 11 59 0.4094
17796 23 57 0.4488
17842 23 59 0.4882
17888 23 60 0.5276
17934 23 61 0.5118
17980 23 62 0.5512
18026 23 63 0.5197
18072 32 64 0.5669
18118 46 48 0.3386
18118 46 57 0.3386
18165 92 50 0.3386
18165 46 59 0.3386
18211 46 60 0.3386
18257 23 55 0.4724
18280 23 59 0.3937
18303 23 62 0.4252
18326 23 59 0.378
18349 23 55 0.4409
18372 23 60 0.3543
18395 23 64 0.3858
18418 23 60 0.3701
18441 23 55 0.4409
18464 23 59 0.3937
18487 23 62 0.4252
18510 23 59 0.3701
18533 23 55 0.4409
18556 23 60 0.3937
18579 23 64 0.4252
18603 23 60 0.3858
18626 46 59 0.4409
18626 46 62 0.4409
18626 46 55 0.4409
18672 46 72 0.3228
18718 46 71 0.3465
18764 46 72 0.3386
18810 46 71 0.3543
18856 11 66 0.4094
18879 11 66 0.4252
18902 11 67 0.4488
18925 11 67 0.4724
18948 11 69 0.4882
18971 11 69 0.5118
18994 46 71 0.5276
19225 46 48 0.3465
19225 46 57 0.3465
19225 46 52 0.3465
19271 92 50 0.3465
19271 46 55 0.3465
19271 46 59 0.3465
19317 46 60 0.3465
19317 46 57 0.3465
19363 23 55 0.4016
19386 23 59 0.3622
19409 23 62 0.4252
19432 23 59 0.3858
19455 23 55 0.4252
19479 23 60 0.3937
19502 23 64 0.4252
19525 23 60 0.3937
19548 23 55 0.4567
19571 23 59 0.3937
19594 23 62 0.4252
19617 23 59 0.4252
19640 23 55 0.4252
19663 23 60 0.3937
19686 23 64 0.4252
19709 23 60 0.3937
19732 46 59 0.4567
19732 46 62 0.4567
19732 46 55 0.4567
19778 46 72 0.3386
19824 46 71 0.3543
19870 46 72 0.3386
19917 46 71 0.3543
19963 11 66 0.378
19986 11 66 0.4016
20009 11 67 0.4252
20032 11 67 0.4488
20055 11 69 0.4803
20078 11 69 0.5039
20101 46 71 0.5276
20331 46 57 0.3465
20331 46 48 0.3465
20331 46 52 0.3465
20378 92 50 0.3465
20378 46 59 0.3465
20378 46 55 0.3465
20424 46 57 0.3465
20424 46 60 0.3465
20470 34 55 0.6142
20504 11 50 0.5669
20516 34 59 0.6142
20550 11 55 0.5669
20562 23 62 0.6063
20654 23 55 0.3228
20654 23 59 0.3228
20654 23 50 0.3228
20746 23 50 0.3228
20746 23 54 0.3228
20746 23 60 0.3228
20839 11 55 0.5669
20850 11 50 0.5276
20862 11 55 0.5669
20873 11 50 0.5276
20885 11 59 0.5669
20896 11 55 0.5276
20908 11 59 0.5669
20919 11 55 0.5197
20931 23 62 0.5669
21023 23 59 0.3543
21023 23 50 0.3543
21023 23 55 0.3543
21115 23 54 0.3543
21115 23 60 0.3543
21115 23 50 0.3543
21207 46 59 0.3622
21207 46 55 0.3622
21254 23 55 0.3622
21300 23 43 0.3622
21392 23 67 0.315
21415 23 71 0.2835
21438 23 67 0.2835
21461 23 71 0.2441
21484 23 67 0.315
21507 23 71 0.2835
21530 23 65 0.315
21553 23 68 0.2835
21576 23 64 0.315
21599 23 67 0.2835
21622 23 64 0.2992
21645 23 67 0.252
21668 23 64 0.315
21692 23 67 0.2835
21715 23 62 0.315
21738 23 65 0.2835
21761 23 60 0.315
21784 23 64 0.2756
21807 23 60 0.315
21830 23 64 0.2756
21853 23 60 0.315
21876 23 64 0.2756
21899 23 60 0.315
21922 23 63 0.2756
21945 23 59 0.2992
21968 23 62 0.2756
21991 23 60 0.2992
22014 23 62 0.2756
22037 23 59 0.2992
22060 23 62 0.2756
22083 23 60 0.2992
22106 23 62 0.2756
22130 23 59 0.2992
22153 23 62 0.2756
22176 23 60 0.2992
22199 23 63 0.2756
22222 23 59 0.2992
22245 23 62 0.2835
22268 23 60 0.2992
22291 23 63 0.2756
22314 92 59 0.3386
22314 92 62 0.3386
22498 23 50 0.4252
22521 23 59 0.3937
22544 23 55 0.4252
22568 23 59 0.3937
22591 23 50 0.4252
22614 23 57 0.3858
22637 23 54 0.4252
22660 23 57 0.3937
22683 23 55 0.3622
22706 23 59 0.3386
22729 23 62 0.3543
22752 23 59 0.315
22775 46 55 0.3937
22867 23 55 0.315
22890 23 59 0.252
22913 23 62 0.2835
22936 23 59 0.2441
22959 46 55 0.315
23052 23 55 0.315
23075 23 59 0.2835
23098 23 62 0.315
23121 23 59 0.2992
23144 46 55 0.3465
23236 46 56 0.5039
23282 46 59 0.5039
23328 46 62 0.5433
23374 46 65 0.5118
23420 46 59 0.5433
23467 46 57 0.4961
23513 46 56 0.5276
23559 46 64 0.4961
23605 23 57 0.2992
23628 23 60 0.2756
23651 23 64 0.2756
23674 23 60 0.2756
23697 23 57 0.2992
23720 23 60 0.2756
23743 23 65 0.2756
23766 23 60 0.2756
23789 23 55 0.2992
23812 23 62 0.2756
23835 23 65 0.2756
23858 23 62 0.2756
23881 23 55 0.3386
23905 23 60 0.3071
23928 23 64 0.3071
23951 23 60 0.3071
23974 23 53 0.378
23997 23 60 0.3071
24020 23 65 0.4252
24043 23 60 0.3386
24066 23 53 0.4252
24089 23 57 0.378
24112 23 62 0.4646
24135 23 57 0.4016
24158 23 52 0.4646
24181 23 57 0.3622
24204 23 61 0.4016
24227 23 57 0.3543
24250 23 52 0.4409
24273 23 57 0.3543
24296 23 61 0.3937
24319 23 57 0.3543
24343 23 50 0.2835
24366 23 57 0.252
24389 23 60 0.252
24412 23 57 0.252
24435 23 50 0.2835
24458 23 55 0.2598
24481 23 59 0.2598
24504 23 55 0.2598
24527 23 48 0.2992
24550 23 55 0.2835
24573 23 60 0.2835
24596 23 55 0.2835
24619 23 48 0.2992
24642 23 55 0.2677
24665 23 60 0.2677
24688 23 55 0.2677
24711 23 53 0.3386
24734 23 56 0.2992
24757 23 60 0.2992
24781 23 56 0.2992
24804 23 53 0.3386
24827 23 56 0.2992
24850 23 60 0.2992
24873 23 56 0.2992
24896 23 54 0.3386
24919 23 57 0.3543
24942 23 60 0.378
24965 23 57 0.3543
24988 23 54 0.3386
25011 23 57 0.3071
25034 23 60 0.3071
25057 23 57 0.3071
25080 43 55 0.3071
25126 43 55 0.3228
25172 43 57 0.3543
25172 43 55 0.3543
25218 43 59 0.3622
25218 43 55 0.3622
25265 43 60 0.3937
25265 43 55 0.3937
25311 43 67 0.378
25311 43 55 0.378
25357 43 65 0.3622
25357 43 55 0.3622
25403 43 63 0.3465
25403 43 55 0.3465
25449 43 62 0.3543
25449 43 55 0.3543
25495 43 59 0.378
25495 43 55 0.378
25541 43 57 0.4016
25541 43 55 0.4016
25587 43 59 0.4252
25587 43 55 0.4252
25633 43 60 0.4488
25633 43 55 0.4488
25680 43 67 0.4803
25680 43 55 0.4803
25726 43 65 0.5039
25726 43 55 0.5039
25772 43 63 0.5276
25772 43 54 0.5276
25818 46 55 0.5591
25818 46 62 0.5591
26002 46 62 0.2992
26002 46 55 0.2992
26071 23 61 0.2992
26094 46 62 0.2992
26094 46 55 0.2992
26164 23 61 0.2992
26187 46 62 0.2992
26187 46 55 0.2992
26256 23 61 0.315
26279 46 55 0.3543
26279 23 62 0.3543
26302 23 61 0.3858
26325 46 55 0.4252
26325 23 62 0.4252
26348 23 61 0.4646
26371 92 62 0.4961
26371 92 55 0.4961
26486 11 57 0.4252
26509 11 59 0.4252
26532 11 60 0.4252
26556 11 62 0.4094
26579 11 60 0.4331
26602 11 59 0.4646
26625 11 60 0.4882
26648 11 62 0.5118
26671 11 61 0.5276
26694 11 62 0.5591
26717 11 63 0.5748
26740 23 64 0.3937
26763 23 60 0.3543
26786 23 64 0.4016
26809 23 60 0.3543
26832 23 64 0.4016
26855 23 60 0.315
26878 23 64 0.3543
26901 23 60 0.3386
26924 23 64 0.4016
26947 23 60 0.3543
26970 23 64 0.4016
26994 23 60 0.315
27017 23 64 0.3622
27040 23 60 0.2441
27063 23 64 0.2756
27086 23 60 0.2441
27109 23 64 0.4016
27132 23 60 0.2835
27155 23 64 0.3386
27178 23 60 0.2835
27201 23 64 0.3386
27224 23 60 0.2835
27247 23 65 0.315
27270 23 60 0.2835
27293 23 64 0.2992
27316 23 60 0.2677
27339 23 64 0.3071
27362 23 60 0.2598
27385 23 64 0.2992
27408 23 60 0.2362
27431 23 64 0.2598
27455 23 60 0.2283
27478 23 65 0.2677
27501 23 60 0.2283
27524 23 65 0.2677
27547 23 60 0.2362
27570 23 65 0.2677
27593 23 60 0.2362
27616 23 65 0.2677
27639 23 60 0.2362
27662 23 64 0.2835
27685 23 60 0.252
27708 23 64 0.2835
27731 23 60 0.2362
27754 23 64 0.2835
27777 23 60 0.2362
27800 23 64 0.2835
27823 23 60 0.2362
27846 46 64 0.4488
27846 23 60 0.4488
27869 23 55 0.3937
27893 46 64 0.4488
27893 23 60 0.4488
27916 23 55 0.3937
27939 46 62 0.4252
27939 23 59 0.4252
27962 23 55 0.3622
27985 46 62 0.4016
27985 23 59 0.4016
28008 23 55 0.3465
28031 23 60 0.378
28054 23 48 0.3543
28077 23 52 0.378
28100 23 55 0.3543
28123 23 60 0.4488
28146 23 64 0.378
28169 23 67 0.4094
28192 23 64 0.378
28215 23 65 0.2913
28238 23 60 0.2205
28261 23 65 0.2913
28284 23 60 0.2283
28307 23 65 0.2913
28331 23 60 0.2126
28354 23 65 0.252
28377 23 60 0.2283
28400 23 64 0.2913
28423 23 60 0.2283
28446 23 64 0.2913
28469 23 60 0.2205
28492 23 64 0.2913
28515 23 60 0.2126
28538 23 64 0.2598
28561 23 60 0.2283
28584 46 64 0.4016
28584 23 60 0.4016
28607 23 55 0.3543
28630 46 64 0.4016
28630 23 60 0.4016
28653 23 55 0.3543
28676 46 65 0.4016
28676 23 62 0.4016
28699 23 55 0.3386
28722 46 65 0.378
28722 23 62 0.378
28745 23 55 0.3543
28769 92 64 0.4409
28769 92 60 0.4409
28953 46 64 0.3622
28953 46 55 0.3622
28999 46 62 0.315
28999 46 55 0.315
29045 46 60 0.3622
29045 46 55 0.3622
29091 46 59 0.3307
29091 46 55 0.3307
29137 92 60 0.4567
29322 46 64 0.3622
29322 46 55 0.3622
29368 46 62 0.3307
29368 46 55 0.3307
29414 46 60 0.3543
29414 46 55 0.3543
29460 46 59 0.3543
29460 46 55 0.3543
29506 11 48 0.4882
29529 23 60 0.5354
29552 23 59 0.4646
29575 23 58 0.4646
29598 11 57 0.4961
29621 23 57 0.5276
29645 23 55 0.4803
29668 23 53 0.4803
29691 23 52 0.4724
29737 23 48 0.4724
29829 46 60 0.4016
29829 46 48 0.4016
29875 69 64 0.4016
29875 92 55 0.4016
29944 23 60 0.4252
29967 46 59 0.4252
29990 23 43 0.5591
30013 23 47 0.5669
30036 23 50 0.5433
30059 23 55 0.3543
30082 23 59 0.3307
30106 23 62 0.315
30152 23 55 0.3543
30175 23 59 0.3386
30198 23 62 0.3228
30244 23 55 0.3465
30267 23 60 0.315
30290 23 64 0.3386
30313 23 60 0.3228
30336 23 55 0.3465
30359 23 60 0.315
30382 23 64 0.3386
30405 23 60 0.315
30428 23 54 0.4488
30451 23 57 0.4016
30474 23 60 0.4252
30520 23 54 0.4488
30544 23 57 0.4016
30567 23 60 0.4252
30613 23 53 0.4488
30636 23 57 0.4094
30659 23 59 0.4488
30682 23 62 0.4094
30705 46 65 0.4882
30751 23 64 0.3386
30774 23 62 0.3543
30797 23 60 0.3465
30820 23 64 0.3071
30843 23 67 0.3228
30889 23 60 0.3465
30912 23 64 0.3071
30935 23 67 0.3228
30982 23 60 0.3386
31005 23 65 0.2913
31028 23 69 0.315
31051 23 65 0.2992
31074 23 60 0.3543
31097 23 65 0.3071
31120 23 69 0.3228
31143 23 65 0.315
31166 184 59 0.4882
31166 184 62 0.4882
31166 184 65 0.4882
31166 184 67 0.4882
31350 15 60 0.4803
31366 15 64 0.4488
31381 15 72 0.4173
31396 15 62 0.4803
31412 15 65 0.4488
31427 15 72 0.4173
31443 15 64 0.4803
31458 15 67 0.4488
31473 15 72 0.4173
31489 15 60 0.4803
31504 15 64 0.378
31519 15 72 0.378
31535 15 65 0.3386
31550 15 69 0.315
31566 15 72 0.2992
31581 15 65 0.3386
31596 15 69 0.315
31612 15 72 0.3071
31627 15 65 0.3386
31642 15 69 0.3228
31658 15 72 0.315
31673 15 65 0.3386
31688 15 69 0.3228
31704 15 72 0.315
31719 15 60 0.4488
31735 15 64 0.4331
31750 15 72 0.3937
31765 15 62 0.4488
31781 15 65 0.4252
31796 15 72 0.4016
31811 15 64 0.4488
31827 15 67 0.4252
31842 15 72 0.4016
31858 15 60 0.4488
31873 15 64 0.4252
31888 15 72 0.3858
31904 15 65 0.2992
31919 15 69 0.2835
31934 15 72 0.2835
31950 15 65 0.2992
31965 15 69 0.2835
31980 15 72 0.2835
31996 15 65 0.3386
32011 15 69 0.3071
32027 15 72 0.3071
32042 15 65 0.3386
32057 15 69 0.315
32073 15 72 0.315
32088 23 60 0.5039
32180 23 53 0.5039
32272 23 55 0.4724
32319 92 59 0.4646
32319 92 62 0.4646
32319 92 56 0.4646
32411 46 57 0.4016
32411 46 60 0.4016
32457 46 53 0.3386
32457 46 57 0.3386
32687 138 55 0.3465
32687 46 64 0.3465
32733 92 65 0.3465
32826 46 64 0.3622
32826 23 60 0.3622
32872 23 48 0.3465
33241 92 67 0.3386
33241 46 59 0.3386
33287 46 60 0.3386
33379 92 53 0.3386
33379 92 60 0.3386
33517 46 54 0.315
33517 46 57 0.315
33563 46 60 0.3386
33563 92 55 0.3386
33609 46 59 0.315
33656 34 67 0.6063
33690 5 69 0.5354
33696 5 71 0.4961
33702 23 72 0.5433
33725 11 71 0.4409
33748 11 69 0.4409
33771 11 67 0.4094
33794 11 65 0.4409
33817 11 64 0.4094
33840 23 62 0.4488
33886 23 64 0.4882
33932 23 65 0.5276
33978 23 66 0.5433
34024 23 67 0.5512
34071 23 68 0.5669
34117 46 69 0.6063
34163 46 53 0.378
34163 46 62 0.378
34209 92 55 0.378
34209 46 64 0.378
34255 46 65 0.378
34301 23 60 0.4724
34324 23 64 0.4094
34347 23 67 0.4488
34370 23 64 0.4173
34393 23 60 0.4724
34416 23 65 0.4173
34439 23 69 0.4488
34462 23 65 0.4016
34485 23 60 0.4724
34508 23 64 0.3701
34532 23 67 0.4252
34555 23 64 0.3858
34578 23 60 0.4724
34601 23 65 0.4173
34624 23 69 0.4488
34647 23 65 0.4094
34670 46 67 0.4567
34670 46 64 0.4567
34670 46 60 0.4567
34716 92 67 0.3622
34716 46 65 0.3622
34762 46 64 0.3465
34808 92 67 0.3386
34808 46 65 0.3386
34854 46 64 0.3543
34900 23 65 0.4094
34900 23 67 0.4094
34923 23 65 0.4094
34923 23 67 0.4252
34946 23 64 0.4094
34946 23 67 0.4488
34970 23 64 0.4094
34970 23 67 0.4724
34993 23 59 0.4094
34993 23 67 0.4882
35016 23 59 0.4094
35016 23 67 0.5118
35039 46 60 0.5276
35039 46 67 0.5276
35269 46 53 0.3465
35269 46 57 0.3465
35269 46 62 0.3465
35315 92 55 0.3465
35315 46 64 0.3465
35315 46 60 0.3465
35361 46 62 0.3386
35361 46 65 0.3386
35408 23 60 0.4724
35431 23 64 0.4094
35454 23 67 0.4488
35477 23 64 0.4094
35500 23 60 0.4724
35523 23 65 0.4173
35546 23 69 0.4488
35569 23 65 0.4488
35592 23 60 0.4724
35615 23 64 0.4094
35638 23 67 0.4488
35661 23 64 0.4016
35684 23 60 0.4724
35707 23 65 0.4173
35730 23 69 0.4488
35753 23 65 0.4016
35776 46 67 0.4724
35776 46 64 0.4724
35776 46 60 0.4724
35822 92 67 0.3622
35822 46 65 0.3622
35869 46 64 0.3465
35915 92 67 0.3307
35915 46 65 0.3307
35961 46 64 0.3543
36007 21 65 0.4094
36007 21 67 0.4094
36030 21 65 0.4094
36030 21 67 0.4252
36053 21 64 0.4094
36053 21 67 0.4488
36076 21 64 0.4094
36076 21 67 0.4724
36099 21 59 0.4094
36099 21 67 0.4882
36122 21 59 0.4094
36122 21 67 0.5118
36145 46 60 0.5276
36145 46 67 0.5276
36376 46 53 0.3465
36376 46 57 0.3465
36376 46 62 0.3465
36422 92 55 0.3465
36422 46 64 0.3465
36422 46 60 0.3465
36468 46 62 0.3228
36468 46 65 0.3228
36514 34 60 0.6142
36549 11 55 0.5591
36560 34 64 0.5984
36595 11 60 0.5354
36606 23 67 0.5827
36698 23 55 0.3228
36698 23 60 0.3228
36698 23 64 0.3228
36791 23 55 0.3228
36791 23 65 0.3228
36791 23 59 0.3228
36883 11 60 0.5512
36894 11 55 0.5118
36906 11 60 0.5512
36917 11 55 0.5118
36929 11 64 0.5512
36940 11 60 0.5039
36952 11 64 0.5591
36964 11 60 0.5118
36975 23 67 0.5591
37067 23 55 0.3543
37067 23 64 0.3543
37067 23 60 0.3543
37159 23 59 0.3543
37159 23 55 0.3543
37159 23 65 0.3543
37252 23 64 0.4016
37275 23 60 0.3228
37298 23 64 0.4016
37321 23 60 0.3228
37344 23 65 0.4016
37367 23 60 0.3228
37390 23 67 0.4016
37413 23 60 0.3228
37436 23 69 0.4016
37459 23 60 0.3386
37482 23 70 0.4016
37505 23 60 0.3386
37528 23 69 0.4016
37551 23 60 0.3386
37574 23 67 0.4016
37597 23 60 0.3386
37621 23 65 0.4016
37644 23 60 0.3386
37667 23 64 0.4016
37690 23 60 0.2756
37713 23 65 0.315
37736 23 60 0.2913
37759 23 62 0.315
37782 23 60 0.2835
37805 23 64 0.3071
37828 23 60 0.2835
37851 23 65 0.315
37874 23 60 0.2677
37897 23 64 0.315
37920 23 60 0.2992
37943 23 65 0.3228
37966 23 60 0.2677
37989 23 64 0.3228
38012 23 60 0.2913
38035 23 65 0.315
38059 23 60 0.2598
38082 23 64 0.3228
38105 23 60 0.2913
38128 23 65 0.3228
38151 23 60 0.2756
38174 138 48 0.2598
38174 138 60 0.3071
38358 23 67 0.315
38381 23 71 0.2835
38404 23 67 0.2835
38427 23 71 0.2441
38450 23 67 0.315
38473 23 71 0.2835
38497 23 65 0.315
38520 23 68 0.2835
38543 23 64 0.315
38566 23 67 0.2835
38589 23 64 0.2992
38612 23 67 0.252
38635 23 64 0.315
38658 23 67 0.2835
38681 23 62 0.315
38704 23 65 0.2835
38727 23 60 0.315
38750 23 64 0.2756
38773 23 60 0.315
38796 23 64 0.2756
38819 23 60 0.315
38842 23 64 0.2756
38865 23 60 0.315
38888 23 63 0.2756
38911 23 59 0.2992
38934 23 62 0.2756
38958 23 60 0.2992
38981 23 62 0.2756
39004 23 59 0.2992
39027 23 62 0.2756
39050 23 60 0.2992
39073 23 62 0.2756
39096 23 59 0.2992
39119 23 62 0.2756
39142 23 60 0.2992
39165 23 63 0.2756
39188 23 59 0.2992
39211 23 62 0.2835
39234 23 60 0.2992
39257 23 63 0.2756
39280 92 59 0.3386
39280 92 62 0.3386
39465 23 50 0.4252
39488 23 59 0.3937
39511 23 55 0.4252
39534 23 59 0.3937
39557 23 50 0.4252
39580 23 57 0.3858
39603 23 54 0.4252
39626 23 57 0.3937
39649 23 55 0.3622
39672 23 59 0.3386
39695 23 62 0.3543
39718 23 59 0.315
39741 46 55 0.3937
39834 23 55 0.315
39857 23 59 0.252
39880 23 62 0.2835
39903 23 59 0.2441
39926 46 55 0.315
40018 23 55 0.315
40041 23 59 0.2835
40064 23 62 0.315
40087 23 59 0.2992
40110 46 55 0.3465
40202 46 56 0.5039
40248 46 59 0.5039
40295 46 62 0.5433
40341 46 65 0.5118
40387 46 59 0.5433
40433 46 57 0.4961
40479 46 56 0.5276
40525 46 64 0.4961
40571 23 57 0.2992
40594 23 60 0.2756
40617 23 64 0.2756
40640 23 60 0.2756
40663 23 57 0.2992
40686 23 60 0.2756
40710 23 65 0.2756
40733 23 60 0.2756
40756 23 55 0.2992
40779 23 62 0.2756
40802 23 65 0.2756
40825 23 62 0.2756
40848 23 55 0.3386
40871 23 60 0.3071
40894 23 64 0.3071
40917 23 60 0.3071
40940 23 53 0.378
40963 23 60 0.3071
40986 23 65 0.4252
41009 23 60 0.3386
41032 23 53 0.4252
41055 23 57 0.378
41078 23 62 0.4646
41101 23 57 0.4016
41124 23 52 0.4646
41147 23 57 0.3622
41171 23 61 0.4016
41194 23 57 0.3543
41217 23 52 0.4409
41240 23 57 0.3543
41263 23 61 0.3937
41286 23 57 0.3543
41309 23 50 0.2835
41332 23 57 0.252
41355 23 60 0.252
41378 23 57 0.252
41401 23 50 0.2835
41424 23 55 0.2598
41447 23 59 0.2598
41470 23 55 0.2598
41493 23 48 0.2992
41516 23 55 0.2835
41539 23 60 0.2835
41562 23 55 0.2835
41585 23 48 0.2992
41609 23 55 0.2677
41632 23 60 0.2677
41655 23 55 0.2677
41678 23 53 0.3386
41701 23 56 0.2992
41724 23 60 0.2992
41747 23 56 0.2992
41770 23 53 0.3386
41793 23 56 0.2992
41816 23 60 0.2992
41839 23 56 0.2992
41862 23 54 0.3386
41885 23 57 0.3543
41908 23 60 0.378
41931 23 57 0.3543
41954 23 54 0.3386
41977 23 57 0.3071
42000 23 60 0.3071
42023 23 57 0.3071
42047 43 55 0.3071
42093 43 55 0.3228
42139 43 57 0.3543
42139 43 55 0.3543
42185 43 59 0.3622
42185 43 55 0.3622
42231 43 60 0.3937
42231 43 55 0.3937
42277 43 67 0.378
42277 43 55 0.378
42323 43 65 0.3622
42323 43 55 0.3622
42369 43 63 0.3465
42369 43 55 0.3465
42415 43 62 0.3543
42415 43 55 0.3543
42461 43 59 0.378
42461 43 55 0.378
42508 43 57 0.4016
42508 43 55 0.4016
42554 43 59 0.4252
42554 43 55 0.4252
42600 43 60 0.4488
42600 43 55 0.4488
42646 43 67 0.4803
42646 43 55 0.4803
42692 43 65 0.5039
42692 43 55 0.5039
42738 43 63 0.5276
42738 43 54 0.5276
42784 46 55 0.5591
42784 46 62 0.5591
42969 46 62 0.2992
42969 46 55 0.2992
43038 23 61 0.2992
43061 46 62 0.2992
43061 46 55 0.2992
43130 23 61 0.2992
43153 46 62 0.2992
43153 46 55 0.2992
43222 23 61 0.315
43245 46 55 0.3543
43245 23 62 0.3543
43268 23 61 0.3858
43291 46 55 0.4252
43291 23 62 0.4252
43314 23 61 0.4646
43337 92 62 0.4961
43337 92 55 0.4961
43453 11 57 0.4252
43476 11 59 0.4252
43499 11 60 0.4252
43522 11 62 0.4094
43545 11 60 0.4331
43568 11 59 0.4646
43591 11 60 0.4882
43614 11 62 0.5118
43637 11 61 0.5276
43660 11 62 0.5591
43683 11 63 0.5748
43706 23 64 0.3937
43729 23 60 0.3543
43752 23 64 0.4016
43775 23 60 0.3543
43798 23 64 0.4016
43822 23 60 0.315
43845 23 64 0.3543
43868 23 60 0.3386
43891 23 64 0.4016
43914 23 60 0.3543
43937 23 64 0.4016
43960 23 60 0.315
43983 23 64 0.3622
44006 23 60 0.2441
44029 23 64 0.2756
44052 23 60 0.2441
44075 23 64 0.4016
44098 23 60 0.2835
44121 23 64 0.3386
44144 23 60 0.2835
44167 23 64 0.3386
44190 23 60 0.2835
44213 23 65 0.315
44236 23 60 0.2835
44260 23 64 0.2992
44283 23 60 0.2677
44306 23 64 0.3071
44329 23 60 0.2598
44352 23 64 0.2992
44375 23 60 0.2362
44398 23 64 0.2598
44421 23 60 0.2283
44444 23 65 0.2677
44467 23 60 0.2283
44490 23 65 0.2677
44513 23 60 0.2362
44536 23 65 0.2677
44559 23 60 0.2362
44582 23 65 0.2677
44605 23 60 0.2362
44628 23 64 0.2835
44651 23 60 0.252
44674 23 64 0.2835
44698 23 60 0.2362
44721 23 64 0.2835
44744 23 60 0.2362
44767 23 64 0.2835
44790 23 60 0.2362
44813 46 64 0.4488
44813 23 60 0.4488
44836 23 55 0.3937
44859 46 64 0.4488
44859 23 60 0.4488
44882 23 55 0.3937
44905 46 62 0.4252
44905 23 59 0.4252
44928 23 55 0.3622
44951 46 62 0.4016
44951 23 59 0.4016
44974 23 55 0.3465
44997 23 60 0.378
45020 23 48 0.3543
45043 23 52 0.378
45066 23 55 0.3543
45089 23 60 0.4488
45112 23 64 0.378
45136 23 67 0.4094
45159 23 64 0.378
45182 23 65 0.2913
45205 23 60 0.2205
45228 23 65 0.2913
45251 23 60 0.2283
45274 23 65 0.2913
45297 23 60 0.2126
45320 23 65 0.252
45343 23 60 0.2283
45366 23 64 0.2913
45389 23 60 0.2283
45412 23 64 0.2913
45435 23 60 0.2205
45458 23 64 0.2913
45481 23 60 0.2126
45504 23 64 0.2598
45527 23 60 0.2283
45550 46 64 0.4016
45550 23 60 0.4016
45574 23 55 0.3543
45597 46 64 0.4016
45597 23 60 0.4016
45620 23 55 0.3543
45643 46 65 0.4016
45643 23 62 0.4016
45666 23 55 0.3386
45689 46 65 0.378
45689 23 62 0.378
45712 23 55 0.3543
45735 92 64 0.4409
45735 92 60 0.4409
45919 46 64 0.3622
45919 46 55 0.3622
45965 46 62 0.315
45965 46 55 0.315
46011 46 60 0.3622
46011 46 55 0.3622
46058 46 59 0.3307
46058 46 55 0.3307
46104 92 60 0.4567
46288 46 64 0.3622
46288 46 55 0.3622
46334 46 62 0.3307
46334 46 55 0.3307
46380 46 60 0.3543
46380 46 55 0.3543
46426 46 59 0.3543
46426 46 55 0.3543
46473 11 48 0.4882
46496 23 60 0.5354
46519 23 59 0.4646
46542 23 58 0.4646
46565 11 57 0.4961
46588 23 57 0.5276
46611 23 55 0.4803
46634 23 53 0.4803
46657 23 52 0.4724
46703 23 48 0.4724
46795 46 60 0.4016
46795 46 48 0.4016
46841 69 64 0.4016
46841 92 55 0.4016
46911 23 60 0.4252
46934 46 59 0.4252
46957 23 43 0.5591
46980 23 47 0.5669
47003 23 50 0.5433
47026 23 55 0.3543
47049 23 59 0.3307
47072 23 62 0.315
47118 23 55 0.3543
47141 23 59 0.3386
47164 23 62 0.3228
47210 23 55 0.3465
47233 23 60 0.315
47256 23 64 0.3386
47279 23 60 0.3228
47302 23 55 0.3465
47325 23 60 0.315
47349 23 64 0.3386
47372 23 60 0.315
47395 23 54 0.4488
47418 23 57 0.4016
47441 23 60 0.4252
47487 23 54 0.4488
47510 23 57 0.4016
47533 23 60 0.4252
47579 23 53 0.4488
47602 23 57 0.4094
47625 23 59 0.4488
47648 23 62 0.4094
47671 46 65 0.4882
47717 23 64 0.3386
47740 23 62 0.3543
47763 23 60 0.3465
47787 23 64 0.3071
47810 23 67 0.3228
47856 23 60 0.3465
47879 23 64 0.3071
47902 23 67 0.3228
47948 23 60 0.3386
47971 23 65 0.2913
47994 23 69 0.315
48017 23 65 0.2992
48040 23 60 0.3543
48063 23 65 0.3071
48086 23 69 0.3228
48109 23 65 0.315
48132 184 59 0.4882
48132 184 62 0.4882
48132 184 65 0.4882
48132 184 67 0.4882
48317 15 60 0.4803
48332 15 64 0.4488
48347 15 72 0.4173
48363 15 62 0.4803
48378 15 65 0.4488
48394 15 72 0.4173
48409 15 64 0.4803
48424 15 67 0.4488
48440 15 72 0.4173
48455 15 60 0.4803
48470 15 64 0.378
48486 15 72 0.378
48501 15 65 0.3386
48516 15 69 0.315
48532 15 72 0.2992
48547 15 65 0.3386
48563 15 69 0.315
48578 15 72 0.3071
48593 15 65 0.3386
48609 15 69 0.3228
48624 15 72 0.315
48639 15 65 0.3386
48655 15 69 0.3228
48670 15 72 0.315
48686 15 60 0.4488
48701 15 64 0.4331
48716 15 72 0.3937
48732 15 62 0.4488
48747 15 65 0.4252
48762 15 72 0.4016
48778 15 64 0.4488
48793 15 67 0.4252
48808 15 72 0.4016
48824 15 60 0.4488
48839 15 64 0.4252
48855 15 72 0.3858
48870 15 65 0.2992
48885 15 69 0.2835
48901 15 72 0.2835
48916 15 65 0.2992
48931 15 69 0.2835
48947 15 72 0.2835
48962 15 65 0.3386
48978 15 69 0.3071
48993 15 72 0.3071
49008 15 65 0.3386
49024 15 69 0.315
49039 15 72 0.315
49054 23 60 0.5039
49147 23 53 0.5039
49239 23 55 0.4724
49285 92 59 0.4646
49285 92 62 0.4646
49285 92 56 0.4646
49377 46 57 0.4016
49377 46 60 0.4016
49423 46 53 0.3386
49423 46 57 0.3386
49654 138 55 0.3465
49654 46 64 0.3465
49700 92 65 0.3465
49792 46 64 0.3622
49792 23 60 0.3622
49838 23 48 0.3465
50207 92 67 0.3386
50207 46 59 0.3386
50253 46 60 0.3386
50345 92 53 0.3386
50345 92 60 0.3386
50484 46 54 0.315
50484 46 57 0.315
50530 46 60 0.3386
50530 92 55 0.3386
50576 46 59 0.315
50622 34 67 0.6063
50656 5 69 0.5354
50662 5 71 0.4961
50668 23 72 0.5433
50691 11 71 0.4409
50714 11 69 0.4409
50737 11 67 0.4094
50760 11 65 0.4409
50783 11 64 0.4094
50806 23 62 0.4488
50852 23 64 0.4882
50899 23 65 0.5276
50945 23 66 0.5433
50991 23 67 0.5512
51037 23 68 0.5669
51083 46 69 0.6063
51129 46 53 0.378
51129 46 62 0.378
51175 92 55 0.378
51175 46 64 0.378
51221 46 65 0.378
51267 23 60 0.4724
51290 23 64 0.4094
51313 23 67 0.4488
51337 23 64 0.4173
51360 23 60 0.4724
51383 23 65 0.4173
51406 23 69 0.4488
51429 23 65 0.4016
51452 23 60 0.4724
51475 23 64 0.3701
51498 23 67 0.4252
51521 23 64 0.3858
51544 23 60 0.4724
51567 23 65 0.4173
51590 23 69 0.4488
51613 23 65 0.4094
51636 46 67 0.4567
51636 46 64 0.4567
51636 46 60 0.4567
51682 92 67 0.3622
51682 46 65 0.3622
51728 46 64 0.3465
51775 92 67 0.3386
51775 46 65 0.3386
51821 46 64 0.3543
51867 23 65 0.4094
51867 23 67 0.4094
51890 23 65 0.4094
51890 23 67 0.4252
51913 23 64 0.4094
51913 23 67 0.4488
51936 23 64 0.4094
51936 23 67 0.4724
51959 23 59 0.4094
51959 23 67 0.4882
51982 23 59 0.4094
51982 23 67 0.5118
52005 46 60 0.5276
52005 46 67 0.5276
52236 46 53 0.3465
52236 46 57 0.3465
52236 46 62 0.3465
52282 92 55 0.3465
52282 46 64 0.3465
52282 46 60 0.3465
52328 46 62 0.3386
52328 46 65 0.3386
52374 23 60 0.4724
52397 23 64 0.4094
52420 23 67 0.4488
52443 23 64 0.4094
52466 23 60 0.4724
52489 23 65 0.4173
52512 23 69 0.4488
52535 23 65 0.4488
52558 23 60 0.4724
52581 23 64 0.4094
52604 23 67 0.4488
52627 23 64 0.4016
52650 23 60 0.4724
52674 23 65 0.4173
52697 23 69 0.4488
52720 23 65 0.4016
52743 46 67 0.4724
52743 46 64 0.4724
52743 46 60 0.4724
52789 92 67 0.3622
52789 46 65 0.3622
52835 46 64 0.3465
52881 92 67 0.3307
52881 46 65 0.3307
52927 46 64 0.3543
52973 21 65 0.4094
52973 21 67 0.4094
52996 21 65 0.4094
52996 21 67 0.4252
53019 21 64 0.4094
53019 21 67 0.4488
53042 21 64 0.4094
53042 21 67 0.4724
53065 21 59 0.4094
53065 21 67 0.4882
53088 21 59 0.4094
53088 21 67 0.5118
53112 46 60 0.5276
53112 46 67 0.5276
53342 46 53 0.3465
53342 46 57 0.3465
53342 46 62 0.3465
53388 92 55 0.3465
53388 46 64 0.3465
53388 46 60 0.3465
53434 46 62 0.3228
53434 46 65 0.3228
53480 34 60 0.6142
53515 11 55 0.5591
53526 34 64 0.5984
53561 11 60 0.5354
53573 23 67 0.5827
53665 23 55 0.3228
53665 23 60 0.3228
53665 23 64 0.3228
53757 23 55 0.3228
53757 23 65 0.3228
53757 23 59 0.3228
53849 11 60 0.5512
53861 11 55 0.5118
53872 11 60 0.5512
53884 11 55 0.5118
53895 11 64 0.5512
53907 11 60 0.5039
53918 11 64 0.5591
53930 11 60 0.5118
53941 23 67 0.5591
54034 23 55 0.3543
54034 23 64 0.3543
54034 23 60 0.3543
54126 23 59 0.3543
54126 23 55 0.3543
54126 23 65 0.3543
54218 23 64 0.4016
54241 23 60 0.3228
54264 23 64 0.4016
54287 23 60 0.3228
54310 23 65 0.4016
54333 23 60 0.3228
54356 23 67 0.4016
54379 23 60 0.3228
54402 23 69 0.4016
54426 23 60 0.3386
54449 23 70 0.4016
54472 23 60 0.3386
54495 23 69 0.4016
54518 23 60 0.3386
54541 23 67 0.4016
54564 23 60 0.3386
54587 23 65 0.4016
54610 23 60 0.3386
54633 23 64 0.4016
54656 23 60 0.2756
54679 23 65 0.315
54702 23 60 0.2913
54725 23 62 0.315
54748 23 60 0.2835
54771 23 64 0.3071
54794 23 60 0.2835
54817 23 65 0.315
54840 23 60 0.2677
54863 23 64 0.315
54887 23 60 0.2992
54910 23 65 0.3228
54933 23 60 0.2677
54956 23 64 0.3228
54979 23 60 0.2913
55002 23 65 0.315
55025 23 60 0.2598
55048 23 64 0.3228
55071 23 60 0.2913
55094 23 65 0.3228
55117 23 60 0.2756
55140 138 48 0.2598
55140 138 60 0.3071
