127 63 67 0.3858
127 63 59 0.3228
127 63 65 0.3228
191 47 59 0.3386
191 47 67 0.4016
191 47 65 0.3386
238 15 67 0.3622
238 15 59 0.3071
238 15 65 0.3071
254 127 60 0.3622
254 127 65 0.3622
254 127 69 0.4331
382 63 71 0.4567
382 63 65 0.3858
382 63 62 0.3858
445 47 62 0.378
445 47 65 0.378
445 47 71 0.4488
493 15 65 0.4094
493 15 62 0.4094
493 15 71 0.4882
509 127 64 0.4488
509 127 72 0.5354
509 127 67 0.4488
636 63 74 0.6063
636 63 71 0.5118
636 63 65 0.5118
700 63 64 0.5354
700 63 70 0.5354
700 63 73 0.6378
764 63 71 0.5354
764 63 65 0.5354
764 63 74 0.6378
827 63 67 0.5354
827 63 76 0.6378
827 63 73 0.5354
827 63 70 0.5354
891 63 77 0.6772
891 63 74 0.5748
891 63 71 0.5748
891 63 67 0.5748
955 15 91 0.6457
971 15 79 0.5669
986 15 91 0.5827
1002 15 79 0.4882
1018 127 91 0.6063
1209 15 91 0.5039
1225 15 79 0.4094
1241 15 91 0.4567
1257 15 79 0.3701
1273 127 91 0.5039
1400 15 91 0.4094
1416 15 79 0.3228
1432 15 91 0.4173
1448 15 79 0.3228
1464 15 91 0.3701
1480 15 79 0.3228
1496 15 91 0.3701
1512 15 79 0.3228
1528 15 91 0.4094
1544 15 79 0.3701
1560 15 91 0.4567
1575 15 79 0.4016
1591 15 91 0.4882
1607 15 79 0.4409
1623 15 91 0.5039
1639 15 79 0.4567
1655 382 79 0.5039
1655 382 91 0.5039
2164 127 67 0.5984
2164 130 72 0.7087
2164 130 64 0.5354
2164 130 60 0.5354
2292 127 62 0.5354
2292 130 67 0.5984
2292 130 71 0.7087
2419 130 66 0.5669
2419 127 62 0.5118
2419 130 69 0.6693
2546 127 62 0.5354
2546 127 71 0.7087
2546 127 67 0.5984
2674 130 67 0.7087
2674 127 60 0.5354
2801 130 60 0.5354
2801 127 65 0.5984
2801 130 69 0.7087
2929 130 65 0.5748
2929 130 62 0.5197
2929 130 71 0.6772
3056 95 60 0.5354
3056 95 72 0.7087
3056 95 67 0.5984
3056 95 64 0.5354
3183 127 79 0.2992
3183 127 84 0.3543
3183 127 76 0.2992
3311 127 76 0.2441
3311 127 84 0.2913
3311 127 81 0.2441
3438 127 74 0.315
3438 127 79 0.378
3565 127 76 0.3701
3565 127 79 0.4409
3693 63 76 0.3622
3693 127 72 0.3622
3756 63 77 0.3228
3820 127 72 0.3307
3820 127 79 0.3937
3947 127 72 0.315
3947 127 77 0.378
4075 95 71 0.3307
4075 95 76 0.3937
4202 127 72 0.4016
4202 127 76 0.4803
4329 127 81 0.4567
4329 127 72 0.3858
4329 127 77 0.3858
4457 127 72 0.4488
4457 127 74 0.4488
4457 127 81 0.5354
4584 127 79 0.5669
4584 127 71 0.4803
4584 127 74 0.4803
4711 127 83 0.5748
4711 127 74 0.4882
4711 127 76 0.4882
4839 127 72 0.4882
4839 127 81 0.5748
4839 127 84 0.5748
4839 127 76 0.4882
4966 127 81 0.5669
4966 127 78 0.4803
5093 95 79 0.6063
5093 95 74 0.5118
5233 115 60 0.5118
5237 111 64 0.5118
5241 107 69 0.5433
5245 103 72 0.5512
5348 127 67 0.5591
5348 127 64 0.4882
5348 127 59 0.4882
5348 127 71 0.6614
5487 115 57 0.5591
5491 111 60 0.4882
5495 107 65 0.6378
5499 103 69 0.5512
5603 127 55 0.5197
5603 127 60 0.5827
5603 127 67 0.6929
5603 127 64 0.5827
5730 127 64 0.5827
5730 127 57 0.5197
5730 127 69 0.6929
5858 63 65 0.7165
5858 127 62 0.6063
5858 127 57 0.5354
5921 63 64 0.6142
5985 127 59 0.6063
5985 127 62 0.7165
6112 63 60 0.7323
6144 5 64 0.5039
6149 5 67 0.4567
6155 5 72 0.4567
6160 5 76 0.5039
6165 5 72 0.4567
6171 5 67 0.4567
6208 5 76 0.5669
6213 5 79 0.5354
6218 5 84 0.5433
6224 5 88 0.6142
6229 5 84 0.5827
6234 5 79 0.5827
6271 5 88 0.6142
6277 5 91 0.5669
6282 5 96 0.5669
6287 5 100 0.6142
6293 5 96 0.5669
6298 5 91 0.5669
6335 5 88 0.5669
6340 5 91 0.5197
6346 5 96 0.5197
6351 5 100 0.4567
6356 5 96 0.4173
6362 5 91 0.378
6367 191 96 0.4882
6367 191 88 0.4094
6622 31 60 0.4803
6685 23 60 0.4567
6733 7 60 0.4094
6749 31 60 0.4724
6813 31 60 0.4567
6876 31 60 0.4567
6876 31 64 0.5433
6940 23 60 0.4173
6940 23 64 0.4961
6988 7 60 0.3858
6988 7 64 0.4567
7004 31 60 0.4567
7004 31 64 0.5433
7067 31 60 0.4173
7067 31 64 0.4961
7131 31 67 0.5669
7131 31 60 0.4803
7131 31 64 0.4803
7195 31 60 0.4567
7195 31 67 0.5433
7195 31 64 0.4567
7258 31 66 0.5669
7258 31 63 0.4803
7258 31 60 0.4803
7258 31 69 0.5669
7322 31 60 0.4567
7322 31 69 0.5433
7322 31 63 0.4567
7322 31 66 0.5433
7386 191 60 0.4803
7386 191 64 0.4803
7386 191 70 0.5669
7386 191 67 0.4803
7640 31 60 0.4646
7640 31 57 0.4646
7640 31 65 0.5512
7672 31 57 0.3622
7672 31 65 0.4331
7672 31 60 0.3622
7704 31 57 0.4016
7704 31 60 0.4016
7704 31 65 0.4803
7736 23 60 0.4488
7736 23 57 0.378
7768 31 69 0.5512
7768 31 65 0.4646
7768 31 60 0.4646
7800 31 60 0.3701
7800 31 65 0.3701
7800 31 69 0.4409
7831 31 65 0.4094
7831 31 60 0.4094
7831 31 69 0.4882
7863 23 60 0.378
7863 23 65 0.4488
7895 23 69 0.4567
7895 23 72 0.5433
7927 23 69 0.3937
7927 23 72 0.4646
7959 23 67 0.4409
7959 23 70 0.5197
7991 23 70 0.4488
7991 23 67 0.378
8022 23 65 0.4173
8022 23 69 0.4961
8054 29 69 0.4173
8054 29 65 0.3543
8086 61 64 0.4094
8086 61 67 0.4882
8150 31 57 0.4646
8150 31 60 0.4646
8150 31 65 0.5512
8182 31 65 0.4331
8182 31 57 0.3622
8182 31 60 0.3622
8213 31 57 0.4016
8213 31 60 0.4016
8213 31 65 0.4803
8245 23 57 0.378
8245 23 60 0.4488
8277 31 60 0.4567
8277 31 65 0.4567
8277 31 69 0.5433
8309 31 69 0.4409
8309 31 60 0.3701
8309 31 65 0.3701
8341 31 60 0.4094
8341 31 65 0.4094
8341 31 69 0.4882
8373 23 60 0.378
8373 23 65 0.4488
8404 23 72 0.5433
8404 23 69 0.4567
8436 23 69 0.3937
8436 23 72 0.4646
8468 23 70 0.5197
8468 23 67 0.4409
8500 23 67 0.378
8500 23 70 0.4488
8532 23 65 0.4173
8532 23 69 0.4961
8564 23 65 0.3543
8564 23 69 0.4173
8595 61 64 0.4094
8595 61 67 0.4882
8659 15 69 0.4803
8659 15 72 0.5669
8691 15 72 0.5039
8691 15 69 0.4252
8723 31 65 0.4803
8723 31 69 0.5669
8755 31 65 0.5197
8787 15 74 0.6142
8787 15 65 0.5197
8787 15 70 0.5197
8818 15 65 0.4724
8818 15 70 0.4724
8818 15 74 0.5591
8850 61 72 0.5512
8850 61 65 0.5118
8850 61 69 0.5118
8914 47 65 0.5354
8914 47 69 0.5354
8914 47 77 0.6378
8914 47 72 0.5354
8962 15 72 0.6063
8978 31 69 0.6535
9009 31 65 0.5591
9041 15 64 0.4882
9041 15 72 0.5827
9041 15 67 0.4882
9073 15 64 0.4252
9073 15 67 0.4252
9073 15 72 0.5039
9105 47 65 0.5669
9169 15 72 0.4567
9184 15 74 0.4724
9200 15 76 0.4882
9216 15 77 0.5039
9232 15 79 0.5197
9248 15 77 0.5039
9264 15 76 0.4882
9280 15 74 0.4803
9296 15 72 0.5197
9312 15 77 0.4646
9328 15 81 0.5197
9344 15 77 0.4803
9360 31 84 0.5197
9423 15 84 0.4803
9439 15 86 0.4882
9455 15 88 0.4961
9471 15 89 0.5197
9487 31 91 0.5354
9551 15 89 0.4646
9567 15 91 0.4882
9582 15 93 0.4961
9598 15 94 0.5276
9614 31 96 0.5512
9678 15 72 0.4567
9694 15 74 0.4724
9710 15 76 0.4882
9726 15 77 0.5039
9742 15 79 0.5197
9758 15 77 0.5039
9773 15 76 0.4882
9789 15 74 0.4803
9805 15 72 0.5197
9821 15 77 0.4646
9837 15 81 0.5197
9853 15 77 0.4803
9869 31 84 0.5197
9933 15 84 0.4567
9949 15 86 0.4724
9964 15 88 0.4882
9980 15 89 0.5039
9996 15 91 0.5197
10012 15 88 0.5039
10028 15 86 0.4882
10044 15 84 0.4803
10060 15 89 0.5354
10092 15 87 0.5276
10108 15 89 0.4961
10124 15 91 0.5276
10140 15 89 0.4961
10156 15 87 0.5276
10171 15 86 0.4961
10187 15 84 0.5433
10219 15 84 0.5276
10235 15 86 0.4961
10251 15 87 0.5276
10267 15 86 0.4961
10283 15 84 0.5276
10299 15 82 0.4961
10315 15 81 0.5433
10347 15 81 0.5276
10362 15 82 0.4961
10378 15 84 0.5276
10394 15 82 0.4961
10410 15 81 0.5276
10426 15 79 0.4961
10442 15 77 0.5433
10506 47 65 0.5512
10553 15 64 0.4803
10569 31 65 0.5039
10601 31 63 0.5591
10633 27 62 0.6063
10665 31 63 0.5354
10665 31 65 0.6299
10665 31 57 0.5354
10697 47 58 0.5748
10697 47 62 0.5748
10697 47 70 0.6457
10697 47 65 0.6457
10744 15 62 0.5197
10744 15 65 0.5827
10744 15 70 0.5827
10760 55 70 0.6378
10760 55 65 0.6378
10760 55 62 0.5669
10824 63 65 0.5748
10824 63 69 0.6457
10824 63 72 0.6457
10888 47 74 0.6614
10888 47 65 0.5906
10888 47 70 0.6614
10936 15 65 0.5669
10936 15 70 0.6378
10936 15 74 0.6378
10951 58 74 0.6693
10951 58 65 0.6063
10951 58 70 0.6693
11015 63 67 0.4882
11015 63 70 0.5433
11015 63 74 0.5433
11079 31 72 0.5827
11079 31 67 0.4882
11111 31 67 0.4409
11111 31 71 0.4409
11111 31 74 0.5197
11142 61 75 0.5433
11142 61 72 0.4567
11142 61 67 0.4567
11206 63 63 0.4016
11206 63 69 0.4803
11270 63 63 0.4252
11270 63 72 0.5039
11270 63 69 0.4252
11333 55 62 0.4016
11333 55 70 0.4803
11397 63 75 0.3071
11397 63 69 0.3071
11397 63 77 0.3701
11461 47 77 0.3228
11461 47 74 0.3228
11461 47 70 0.3228
11461 47 82 0.3858
11509 15 74 0.2992
11509 15 82 0.3543
11509 15 77 0.2992
11524 55 74 0.315
11524 55 77 0.315
11524 55 82 0.378
11588 63 84 0.3858
11588 63 81 0.3228
11588 63 77 0.3228
11652 47 77 0.3386
11652 47 82 0.3386
11652 47 86 0.4016
11700 15 86 0.378
11700 15 77 0.315
11700 15 82 0.315
11716 61 77 0.3465
11716 61 82 0.3465
11716 61 86 0.4094
11779 63 86 0.3228
11779 63 79 0.2677
11779 63 82 0.2677
11843 31 79 0.3543
11843 31 84 0.3543
11875 31 79 0.3071
11875 31 86 0.3071
11875 31 83 0.3071
11907 61 79 0.3228
11907 61 84 0.3228
11907 61 87 0.3228
11970 63 81 0.2913
11970 63 75 0.2913
12034 63 81 0.3071
12034 63 75 0.3071
12034 63 84 0.3071
12098 59 74 0.2913
12098 59 82 0.2913
12193 31 74 0.4882
12193 31 77 0.5748
12225 31 74 0.4961
12225 31 77 0.5906
12257 31 74 0.5748
12257 31 70 0.4882
12289 95 75 0.6457
12289 95 79 0.5433
12384 31 74 0.5197
12384 31 77 0.6142
12416 31 74 0.5354
12416 31 77 0.6299
12448 31 75 0.5748
12448 31 72 0.4882
12480 95 72 0.4882
12480 95 75 0.5748
12575 31 75 0.5748
12575 31 72 0.4882
12607 31 75 0.5906
12607 31 72 0.4961
12639 31 69 0.4882
12639 31 72 0.5748
12671 95 77 0.6378
12671 95 74 0.5354
12766 31 72 0.4961
12766 31 75 0.5906
12798 31 72 0.5354
12798 31 75 0.6299
12830 31 70 0.4882
12830 31 74 0.5748
12862 59 74 0.5748
12862 59 70 0.4882
12925 63 57 0.4961
12925 63 65 0.6299
12925 63 63 0.6299
12989 47 62 0.5039
12989 47 70 0.6457
12989 47 65 0.6457
12989 47 58 0.5039
13037 15 70 0.5827
13037 15 65 0.5827
13037 15 62 0.4646
13053 55 62 0.5039
13053 55 65 0.6378
13053 55 70 0.6378
13116 63 72 0.6457
13116 63 65 0.5039
13116 63 69 0.6457
13180 47 65 0.5276
13180 47 70 0.6614
13180 47 74 0.6614
13228 15 74 0.6378
13228 15 65 0.5039
13228 15 70 0.6378
13244 61 65 0.5354
13244 61 70 0.6693
13244 61 74 0.6693
13307 63 74 0.4961
13307 63 67 0.3937
13307 63 70 0.4961
13371 31 67 0.3622
13371 31 72 0.5354
13403 31 74 0.4724
13403 31 71 0.4724
13403 31 67 0.3071
13435 61 67 0.3307
13435 61 72 0.4173
13435 61 75 0.4961
13498 63 69 0.4488
13498 63 63 0.2992
13562 63 63 0.3071
13562 63 69 0.4646
13562 63 72 0.4646
13626 59 70 0.4488
13626 59 62 0.2992
13689 63 86 0.2992
13689 63 82 0.2992
13689 63 79 0.2992
13753 31 79 0.3228
13753 31 84 0.3228
13785 31 86 0.2835
13785 31 79 0.2835
13785 31 83 0.2835
13817 61 79 0.2992
13817 61 84 0.2992
13817 61 87 0.2992
13880 63 75 0.2677
13880 63 81 0.2677
13944 63 75 0.2835
13944 63 81 0.2835
13944 63 84 0.2835
14008 59 82 0.2677
14008 59 74 0.2677
14071 15 77 0.5039
14087 15 82 0.5276
14103 15 86 0.5433
14119 15 89 0.5827
14135 15 89 0.6929
14151 15 87 0.5512
14167 15 84 0.5354
14183 15 77 0.5354
14199 15 89 0.6929
14215 15 87 0.5433
14231 15 84 0.5354
14247 15 77 0.5354
14262 15 76 0.5354
14278 15 77 0.5039
14294 15 81 0.5354
14310 15 84 0.5039
14326 15 87 0.6929
14342 15 86 0.5433
14358 15 82 0.5197
14374 15 77 0.5197
14390 15 87 0.6693
14406 15 86 0.5354
14422 15 82 0.5039
14438 15 77 0.5039
14453 15 76 0.5039
14469 15 77 0.4882
14485 15 76 0.5039
14501 15 77 0.4882
14517 15 81 0.6378
14533 15 69 0.3937
14549 15 79 0.6142
14565 15 69 0.4094
14581 15 77 0.6299
14597 15 69 0.4094
14613 15 75 0.6299
14629 15 69 0.4173
14645 15 74 0.6457
14660 15 69 0.4331
14676 15 72 0.6614
14692 15 69 0.4488
14708 47 79 0.7008
14708 47 75 0.7008
14772 47 74 0.5827
14772 47 77 0.5827
14836 15 77 0.5433
14851 15 82 0.5669
14867 15 86 0.6063
14883 15 89 0.6378
14899 15 89 0.7402
14915 15 87 0.6142
14931 15 84 0.5827
14947 15 77 0.5827
14963 15 89 0.7402
14979 15 87 0.6063
14995 15 84 0.5827
15011 15 77 0.5827
15027 15 76 0.5827
15042 15 77 0.5433
15058 15 81 0.5827
15074 15 84 0.5433
15090 15 87 0.7559
15106 15 86 0.6063
15122 15 82 0.5512
15138 15 77 0.5512
15154 15 87 0.7559
15170 15 86 0.5906
15186 15 82 0.5433
15202 15 77 0.5433
15218 15 76 0.5906
15234 15 77 0.5748
15249 15 76 0.6299
15265 15 77 0.5906
15281 15 79 0.6457
15297 15 77 0.622
15313 15 75 0.622
15329 15 74 0.622
15345 15 72 0.622
15361 15 74 0.622
15377 15 75 0.6142
15393 15 77 0.622
15409 15 79 0.6378
15425 15 81 0.6614
15440 15 82 0.6693
15456 15 83 0.7087
15472 15 84 0.7402
15528 7 101 0.5512
15536 15 89 0.7323
15631 15 74 0.4567
15631 15 77 0.5433
15663 63 74 0.4961
15663 63 77 0.5906
15727 27 74 0.5433
15727 27 70 0.4567
15759 23 74 0.4173
15759 23 77 0.4961
15791 63 77 0.5827
15791 63 74 0.4882
15854 27 70 0.4567
15854 27 74 0.5433
15886 31 74 0.4173
15886 31 77 0.4961
15918 63 72 0.4409
15918 63 75 0.5276
15982 31 72 0.4803
15982 31 69 0.4016
16014 31 72 0.3937
16014 31 75 0.4646
16045 63 74 0.4882
16045 63 70 0.4094
16141 15 77 0.5433
16141 15 74 0.4567
16173 63 74 0.4961
16173 63 77 0.5906
16236 27 74 0.5433
16236 27 70 0.4567
16268 15 74 0.4173
16268 15 77 0.4961
16300 63 74 0.4882
16300 63 77 0.5827
16364 27 70 0.4567
16364 27 74 0.5433
16396 31 77 0.4961
16396 31 74 0.4173
16427 63 72 0.4409
16427 63 75 0.5276
16491 31 72 0.4803
16491 31 69 0.4016
16523 31 72 0.3937
16523 31 75 0.4646
16555 63 70 0.4094
16555 63 74 0.4882
16650 31 70 0.4094
16650 31 74 0.4882
16682 63 69 0.4409
16682 63 72 0.5276
16746 31 69 0.4094
16746 31 72 0.4882
16778 31 72 0.4882
16778 31 69 0.4094
16809 63 72 0.4488
16809 63 75 0.5354
16873 31 75 0.5039
16873 31 72 0.4252
16905 31 72 0.4803
16905 31 75 0.5669
16937 63 70 0.5354
16937 63 74 0.6299
17000 31 70 0.5276
17000 31 74 0.622
17032 31 74 0.6457
17032 31 70 0.5433
17064 95 70 0.6142
17064 95 79 0.6772
17064 95 75 0.6772
17160 31 79 0.6378
17160 31 75 0.6378
17160 31 70 0.5669
17191 63 70 0.6142
17191 63 74 0.6772
17191 63 77 0.6772
17255 31 74 0.6457
17255 31 70 0.5748
17255 31 77 0.6457
17287 31 70 0.5512
17287 31 77 0.622
17287 31 74 0.622
17319 63 77 0.7244
17319 63 82 0.7244
17319 63 74 0.6535
17319 63 70 0.6535
17383 31 70 0.5827
17383 31 74 0.6535
17383 31 77 0.6535
17414 31 70 0.622
17414 31 65 0.5512
17414 31 74 0.622
17446 63 67 0.6063
17446 63 75 0.6693
17446 63 72 0.6693
17510 31 69 0.6299
17510 31 63 0.5591
17510 31 72 0.6299
17542 31 60 0.4961
17542 31 69 0.5591
17542 31 63 0.5591
17574 63 62 0.4882
17574 63 65 0.5433
17574 63 70 0.5433
17701 63 63 0.3858
17701 63 60 0.3858
17701 63 55 0.3858
17765 31 60 0.3307
17765 31 57 0.3307
17796 31 53 0.3307
17796 31 57 0.3307
17828 63 58 0.3858
17828 63 53 0.3858
17956 63 77 0.4409
17956 63 70 0.3701
18019 31 70 0.3386
18019 31 74 0.4016
18051 31 70 0.3543
18051 31 77 0.4173
18083 63 70 0.3937
18083 63 80 0.4646
18147 31 74 0.4488
18147 31 77 0.4724
18178 31 80 0.4961
18178 31 74 0.4173
18210 63 84 0.5354
18210 63 74 0.4488
18274 63 83 0.5276
18274 63 74 0.4409
18338 7 82 0.5276
18346 7 86 0.4409
18354 7 89 0.4882
18361 7 92 0.4803
18369 7 94 0.5276
18377 7 92 0.4882
18385 7 89 0.5197
18393 7 86 0.4803
18401 7 82 0.4961
18409 7 80 0.4724
18417 7 77 0.4882
18425 7 74 0.4488
18433 4 70 0.4724
18438 4 68 0.4646
18442 4 65 0.4567
18447 4 62 0.4567
18451 4 58 0.4488
18456 4 56 0.4409
18460 6 53 0.4409
18974 127 63 0.378
18974 127 67 0.378
18974 127 70 0.378
19102 127 72 0.3701
19102 127 63 0.3701
19102 127 68 0.3701
19229 95 63 0.378
19229 95 67 0.378
19229 95 70 0.378
19325 31 68 0.2992
19325 31 65 0.2992
19356 63 63 0.378
19356 63 67 0.378
19420 63 65 0.4016
19420 63 68 0.4016
19484 127 70 0.4488
19484 127 67 0.4488
19484 127 63 0.4488
19611 127 63 0.3543
19611 127 68 0.3543
19611 127 72 0.3543
19738 95 67 0.3937
19738 95 63 0.3937
19738 95 70 0.3937
19834 31 65 0.315
19834 31 68 0.315
19866 63 63 0.3937
19866 63 67 0.3937
19929 63 68 0.4331
19929 63 65 0.4331
19993 127 63 0.4016
19993 127 67 0.4016
19993 127 70 0.4016
20120 127 65 0.4882
20120 127 58 0.4882
20120 127 70 0.4882
20248 127 65 0.5354
20248 127 72 0.5354
20248 127 69 0.5354
20375 63 70 0.5591
20375 63 65 0.5591
20375 63 74 0.5591
20439 63 67 0.5906
20439 63 75 0.5906
20439 63 72 0.5906
20503 127 65 0.6299
20503 127 70 0.6299
20503 127 74 0.6299
20630 127 72 0.5748
20630 127 69 0.5748
20630 127 63 0.5748
20757 254 65 0.5591
20757 254 62 0.5591
20757 254 70 0.5591
21012 95 58 0.3228
21012 98 65 0.3228
21012 98 62 0.3228
21107 31 58 0.2913
21107 34 63 0.2913
21107 34 67 0.2913
21139 66 65 0.3228
21139 66 62 0.3228
21139 63 58 0.3228
21203 63 58 0.3228
21203 63 63 0.3228
21203 63 67 0.3228
21267 98 68 0.3228
21267 95 58 0.3228
21267 98 65 0.3228
21362 31 58 0.2756
21362 34 67 0.2756
21362 34 70 0.2756
21394 127 68 0.3228
21394 127 58 0.3228
21394 127 65 0.3228
21521 95 58 0.378
21521 98 63 0.378
21521 98 67 0.378
21617 34 68 0.315
21617 31 58 0.315
21617 34 65 0.315
21649 63 58 0.4094
21649 66 67 0.4094
21649 66 63 0.4094
21712 63 68 0.4094
21712 63 65 0.4094
21712 63 58 0.4094
21776 95 63 0.4488
21776 98 67 0.4488
21776 98 70 0.4488
21872 34 68 0.3543
21872 31 63 0.3543
21872 34 72 0.3543
21903 127 63 0.4488
21903 127 70 0.4488
21903 127 67 0.4488
22031 63 70 0.622
22031 63 67 0.622
22031 63 63 0.622
22031 63 75 0.7008
22094 63 63 0.6142
22094 63 74 0.6772
22094 63 70 0.6142
22158 63 63 0.5827
22158 63 68 0.6535
22158 63 72 0.5827
22222 63 70 0.6457
22222 63 67 0.5748
22222 63 63 0.5748
22285 63 63 0.6535
22285 63 72 0.6535
22285 63 75 0.7323
22349 63 72 0.6299
22349 63 63 0.5591
22349 63 68 0.5591
22413 63 60 0.5669
22413 63 67 0.5669
22413 63 70 0.6378
22476 63 68 0.5827
22476 63 60 0.5276
22476 63 65 0.5276
22540 127 58 0.622
22540 127 63 0.622
22540 127 67 0.7008
22667 127 62 0.4646
22667 127 65 0.5197
22667 127 58 0.5197
22667 127 56 0.4567
22795 63 55 0.4646
22795 63 63 0.5276
22795 63 58 0.4646
22858 15 82 0.4803
22874 15 70 0.3937
22890 15 82 0.5197
22906 15 70 0.4173
22922 15 82 0.5276
22938 15 70 0.4173
22954 15 82 0.5512
22970 15 70 0.4488
22986 15 82 0.5591
23002 15 70 0.4724
23018 15 82 0.5827
23034 15 70 0.4882
23049 127 75 0.5906
23049 127 82 0.6614
23049 127 79 0.5906
23049 127 70 0.5906
23177 127 80 0.5827
23177 127 84 0.6535
23177 127 75 0.5827
23177 127 72 0.5827
23304 95 70 0.5906
23304 95 82 0.6614
23304 95 79 0.5906
23304 95 75 0.6614
23400 31 68 0.4803
23400 31 77 0.4724
23400 31 80 0.5354
23432 63 79 0.6614
23432 63 67 0.5906
23432 63 75 0.5906
23495 63 68 0.6535
23495 63 77 0.6457
23495 63 80 0.7244
23559 127 79 0.7008
23559 127 82 0.7874
23559 127 75 0.7008
23559 127 70 0.7008
23686 127 72 0.6457
23686 127 75 0.6457
23686 127 84 0.7165
23686 127 80 0.6378
23814 95 70 0.6693
23814 95 75 0.6693
23814 95 79 0.6772
23814 95 82 0.7559
23909 31 80 0.5669
23909 31 77 0.5039
23909 31 68 0.5039
23941 63 67 0.6299
23941 63 75 0.622
23941 63 79 0.7008
24005 63 77 0.6772
24005 63 68 0.6693
24005 63 80 0.7559
24068 127 70 0.6929
24068 127 82 0.7795
24068 127 79 0.7008
24068 127 75 0.6929
24196 127 74 0.7008
24196 127 82 0.7874
24196 127 77 0.7008
24196 127 70 0.7008
24323 127 81 0.7087
24323 127 84 0.7953
24323 127 77 0.7087
24323 127 72 0.7087
24450 63 77 0.7323
24450 63 86 0.8189
24450 63 82 0.7323
24450 63 74 0.7323
24514 63 75 0.7638
24514 63 79 0.7638
24514 63 84 0.7638
24514 63 87 0.8504
24578 127 77 0.7953
24578 127 86 0.8819
24578 127 82 0.7874
24578 127 74 0.7953
24705 127 81 0.7165
24705 127 84 0.8031
24705 127 75 0.7165
24705 127 72 0.7165
24832 191 70 0.6929
24832 191 74 0.6929
24832 191 77 0.7008
24832 191 82 0.7795
25087 15 65 0.3228
25087 15 62 0.3228
25103 15 58 0.2205
25119 15 62 0.2677
25119 15 65 0.2677
25135 15 58 0.2126
25151 15 65 0.2677
25151 15 62 0.2677
25167 15 58 0.2205
25183 15 63 0.2913
25183 15 67 0.2913
25198 15 58 0.2441
25214 15 62 0.3228
25214 15 65 0.3228
25230 15 58 0.2598
25246 15 65 0.2835
25246 15 62 0.2835
25262 15 58 0.2362
25278 15 67 0.3228
25278 15 63 0.3228
25294 15 58 0.2598
25310 15 63 0.2835
25310 15 67 0.2835
25326 15 58 0.2598
25342 15 65 0.3228
25342 15 68 0.3228
25358 15 58 0.2126
25374 15 65 0.2441
25374 15 68 0.2441
25390 15 58 0.2126
25405 15 65 0.2441
25405 15 68 0.2441
25421 15 58 0.2126
25437 15 70 0.2756
25437 15 67 0.2756
25453 15 58 0.2362
25469 15 65 0.3228
25469 15 68 0.3228
25485 15 58 0.2598
25501 15 65 0.2835
25501 15 68 0.2835
25517 15 58 0.2677
25533 15 65 0.2835
25533 15 68 0.2835
25549 15 58 0.2441
25565 15 68 0.2835
25565 15 65 0.2835
25581 15 58 0.2441
25596 15 63 0.378
25596 15 67 0.378
25612 15 58 0.2126
25628 15 63 0.2598
25628 15 67 0.2598
25644 15 58 0.2047
25660 15 63 0.2677
25660 15 67 0.2677
25676 15 58 0.2283
25692 15 68 0.315
25692 15 65 0.315
25708 15 58 0.2756
25724 15 67 0.4094
25724 15 63 0.4094
25740 15 58 0.2992
25756 15 63 0.2992
25756 15 67 0.2992
25772 15 58 0.2835
25787 15 65 0.4094
25787 15 68 0.4094
25803 15 58 0.2992
25819 15 68 0.3307
25819 15 65 0.3307
25835 15 58 0.2992
25851 15 67 0.4488
25851 15 70 0.4488
25867 15 63 0.3228
25883 15 70 0.3701
25883 15 67 0.3701
25899 15 63 0.3228
25915 15 67 0.2913
25915 15 70 0.2913
25931 15 63 0.2913
25947 15 68 0.3543
25947 15 72 0.3543
25963 15 63 0.3228
25978 15 70 0.4488
25978 15 67 0.4488
25994 15 63 0.2756
26010 15 67 0.3228
26010 15 70 0.3228
26026 15 63 0.2913
26042 15 67 0.3228
26042 15 70 0.3228
26058 15 63 0.2992
26074 15 70 0.3622
26074 15 67 0.3622
26090 15 63 0.3228
26106 63 63 0.685
26106 63 75 0.7638
26106 63 70 0.685
26106 63 67 0.685
26170 51 63 0.6772
26170 51 70 0.6693
26170 51 74 0.748
26221 75 60 0.6063
26225 71 63 0.6614
26229 67 68 0.6142
26233 63 72 0.7244
26297 63 58 0.6457
26297 63 70 0.7402
26297 63 67 0.6614
26297 63 63 0.6457
26361 63 75 0.7638
26361 63 87 0.8661
26361 63 84 0.7638
26361 63 80 0.7638
26424 51 80 0.6929
26424 51 84 0.7717
26424 51 75 0.7717
26424 51 72 0.7717
26476 75 70 0.7087
26480 71 76 0.748
26484 67 79 0.7008
26488 63 82 0.8268
26552 63 68 0.6772
26552 63 72 0.6772
26552 63 77 0.6693
26552 63 80 0.748
26615 115 70 0.7087
26615 115 79 0.7953
26615 115 75 0.7244
26615 115 67 0.7087
26731 139 65 0.5827
26735 135 68 0.6299
26739 131 74 0.5906
26743 127 77 0.7559
26870 63 63 0.622
26870 63 67 0.622
26870 63 70 0.5669
26870 63 75 0.622
26934 21 63 0.6457
26955 21 67 0.6457
26976 21 70 0.6457
26997 63 63 0.5906
26997 63 75 0.6457
26997 63 71 0.5906
26997 63 68 0.5906
27061 63 68 0.5906
27061 63 71 0.5906
27061 63 75 0.5906
27061 63 80 0.6457
27125 63 70 0.5906
27125 63 79 0.6457
27125 63 75 0.5906
27125 63 67 0.5906
27188 21 75 0.6614
27210 21 79 0.6614
27231 21 82 0.6693
27252 63 83 0.6299
27252 63 75 0.6299
27252 63 80 0.6299
27252 63 87 0.7165
27316 63 83 0.6772
27316 63 80 0.6772
27316 63 87 0.6772
27316 63 92 0.7638
27379 63 91 0.7559
27379 63 79 0.6772
27379 63 82 0.6772
27379 63 87 0.6772
27443 47 63 0.6142
27443 47 75 0.6142
27491 15 63 0.5669
27491 15 75 0.5669
27507 127 75 0.622
27507 127 63 0.622
27761 63 51 0.3071
27761 63 55 0.3071
27761 63 60 0.3543
27825 63 57 0.3228
27825 63 60 0.3228
27825 63 51 0.2913
27825 63 54 0.2913
27889 95 50 0.315
27889 95 55 0.315
27889 95 59 0.3622
27984 31 57 0.3228
27984 31 48 0.2913
28016 63 47 0.2756
28016 63 55 0.3071
28271 63 55 0.3858
28271 63 60 0.3858
28271 63 63 0.4409
28271 63 51 0.3858
28334 63 63 0.4331
28334 63 54 0.3858
28334 63 60 0.3858
28334 63 57 0.3858
28398 254 55 0.4016
28398 254 59 0.4016
28398 254 62 0.4567
28844 21 83 0.3071
28865 21 86 0.2441
28886 21 91 0.2441
28907 191 103 0.2992
29150 62 67 0.3701
29154 58 72 0.3701
29158 54 76 0.3701
29162 50 79 0.3701
29210 18 81 0.3071
29210 18 69 0.3071
29210 18 77 0.3071
29226 31 67 0.3228
29226 31 76 0.3228
29226 34 79 0.3228
29258 80 72 0.3307
29258 80 64 0.3307
29258 80 76 0.3307
29341 62 67 0.3701
29345 58 72 0.3701
29349 54 79 0.3701
29353 50 76 0.3701
29401 18 69 0.3071
29401 18 77 0.3071
29401 18 81 0.3071
29417 31 76 0.3228
29417 31 67 0.3228
29417 34 79 0.3228
29449 80 64 0.3228
29449 80 72 0.3228
29449 80 76 0.3228
29532 75 74 0.4882
29536 71 77 0.4882
29540 67 79 0.4882
29544 63 86 0.4882
29608 31 74 0.3858
29608 31 77 0.3858
29608 31 86 0.4724
29640 80 77 0.3858
29640 80 71 0.3858
29640 80 83 0.3858
29723 75 72 0.4409
29727 71 76 0.4409
29731 67 79 0.4409
29735 63 84 0.4409
29799 31 72 0.3858
29799 31 76 0.3858
29799 31 84 0.3858
29831 80 76 0.3543
29831 80 67 0.3543
29831 80 79 0.3543
29914 75 69 0.4409
29918 71 72 0.4409
29922 67 77 0.4409
29926 63 81 0.4409
29990 31 81 0.4803
29990 31 69 0.4803
29990 31 77 0.4803
30022 50 72 0.4961
30022 50 84 0.4961
30022 50 81 0.4961
30070 18 79 0.4488
30070 18 71 0.4488
30070 18 83 0.4488
30085 19 69 0.4961
30085 19 77 0.4961
30085 19 81 0.4961
30105 62 67 0.4882
30109 58 72 0.4882
30113 54 76 0.4882
30117 50 79 0.4882
30165 18 81 0.3937
30165 18 69 0.3937
30165 18 77 0.3937
30181 31 67 0.4173
30181 31 76 0.4173
30181 34 79 0.4173
30213 80 76 0.3937
30213 80 64 0.3937
30213 80 72 0.3937
30296 75 69 0.4409
30300 71 72 0.4409
30304 67 77 0.4409
30308 63 81 0.4409
30372 31 77 0.4803
30372 31 69 0.4803
30372 31 81 0.4803
30404 50 72 0.4961
30404 50 84 0.4961
30404 50 81 0.4961
30452 18 71 0.4488
30452 18 83 0.4488
30452 18 79 0.4488
30468 19 77 0.4961
30468 19 81 0.4961
30468 19 69 0.4961
30487 62 67 0.4882
30491 58 72 0.4882
30495 54 76 0.4882
30499 50 79 0.4882
30547 18 81 0.3937
30547 18 69 0.3937
30547 18 77 0.3937
30563 31 67 0.4173
30563 31 76 0.4173
30563 34 79 0.4173
30595 80 72 0.3937
30595 80 76 0.3937
30595 80 64 0.3937
30678 75 74 0.4961
30682 71 77 0.4961
30686 67 79 0.4961
30690 63 86 0.4961
30754 31 74 0.4961
30754 31 86 0.4961
30754 31 77 0.4961
30778 71 77 0.5512
30782 67 83 0.5512
30786 50 89 0.5512
30834 18 77 0.5039
30834 18 74 0.5039
30834 18 86 0.5039
30850 19 71 0.5039
30850 19 77 0.5039
30850 19 83 0.5039
30869 110 72 0.4803
30873 106 76 0.4803
30877 102 79 0.4803
30881 98 84 0.4803
30977 83 79 0.3937
30977 83 88 0.3937
30977 83 76 0.3937
31060 62 72 0.3937
31064 58 76 0.3937
31068 54 79 0.3937
31072 50 84 0.3937
31120 18 67 0.3701
31120 18 76 0.3701
31120 18 79 0.3701
31136 19 76 0.3701
31136 19 72 0.3701
31136 19 64 0.3701
31156 75 67 0.4016
31160 71 71 0.4016
31164 51 74 0.4016
31168 50 79 0.4016
31216 18 77 0.3622
31216 15 65 0.3622
31232 27 62 0.3307
31232 27 71 0.3307
31232 27 74 0.3307
31263 95 67 0.3307
31263 95 72 0.3307
31263 95 60 0.3307
31263 95 64 0.3307
31443 107 68 0.5591
31446 103 72 0.5591
31450 99 77 0.5591
31454 95 80 0.5591
31550 63 68 0.5276
31550 63 72 0.5276
31550 63 77 0.5276
31550 63 80 0.5276
31614 31 77 0.5276
31614 31 80 0.5276
31614 31 72 0.5276
31614 31 68 0.5276
31645 179 67 0.5433
31645 179 72 0.5433
31645 179 79 0.5433
31645 179 76 0.5433
31825 107 72 0.5748
31829 103 77 0.5748
31833 99 80 0.5748
31837 95 84 0.5748
31932 63 80 0.5906
31932 63 77 0.5906
31932 63 72 0.5906
31932 63 84 0.5906
31996 31 84 0.6378
31996 31 80 0.5669
31996 31 72 0.6378
31996 31 77 0.6378
32028 95 84 0.7165
32028 95 72 0.6457
32028 95 79 0.6378
32028 95 76 0.6457
32123 95 84 0.6535
32123 95 79 0.6535
32123 95 91 0.7244
32123 95 88 0.6457
32219 123 96 0.7559
32219 123 84 0.7008
32219 123 91 0.7008
32219 123 88 0.7008
32346 127 84 0.3543
32346 127 81 0.2992
32346 127 76 0.2992
32473 127 83 0.2913
32473 127 79 0.2441
32473 127 76 0.2441
32601 127 77 0.3228
32601 127 72 0.3228
32601 127 81 0.3858
32728 127 76 0.4173
32728 127 72 0.4173
32728 127 79 0.4961
32855 127 81 0.5827
32855 127 73 0.4882
32855 127 76 0.4882
32983 127 74 0.5512
32983 127 77 0.6535
33110 127 74 0.7165
33110 127 71 0.6063
33237 47 72 0.6457
33237 63 60 0.5748
33237 42 67 0.5748
33237 37 64 0.5748
33269 31 64 0.5276
33274 26 67 0.4803
33280 15 72 0.4803
33285 5 76 0.5276
33290 10 72 0.4803
33296 5 67 0.4803
33333 5 76 0.5906
33338 5 79 0.5433
33343 5 84 0.5512
33349 5 88 0.6457
33354 5 84 0.5748
33359 5 79 0.5748
33397 5 88 0.6457
33402 5 91 0.5906
33407 5 96 0.5906
33412 5 100 0.6457
33418 5 96 0.5906
33423 5 91 0.5906
33460 5 88 0.6535
33465 5 91 0.622
33471 5 96 0.622
33476 5 100 0.6772
33481 5 96 0.6457
33487 5 91 0.6457
33492 127 96 0.8031
33492 127 88 0.7165
33619 127 84 0.7795
33619 127 76 0.6929
33619 127 79 0.7008
33747 127 64 0.6929
33747 127 67 0.7008
33747 127 72 0.7795
33874 127 55 0.6693
33874 127 52 0.6614
33874 127 60 0.748
34001 254 48 0.8189
0 9 31 0.2598
7 7 43 0.189
15 9 31 0.2598
23 7 43 0.189
31 9 31 0.2598
39 7 43 0.189
47 9 31 0.2598
55 7 43 0.189
63 9 31 0.2598
71 7 43 0.189
79 9 31 0.2598
87 7 43 0.189
95 9 31 0.2598
103 7 43 0.189
111 9 31 0.2598
119 7 43 0.189
127 9 31 0.2598
135 7 43 0.189
143 9 31 0.2598
151 7 43 0.189
159 9 31 0.2598
167 7 43 0.189
175 9 31 0.2598
183 7 43 0.189
191 9 31 0.2598
198 7 43 0.189
206 9 31 0.2598
214 7 43 0.189
222 9 31 0.2598
230 7 43 0.189
238 9 31 0.2598
246 7 43 0.189
254 9 31 0.2598
262 7 43 0.189
270 9 31 0.2598
278 7 43 0.189
286 9 31 0.2598
294 7 43 0.189
302 9 31 0.2598
310 7 43 0.189
318 9 31 0.2598
326 7 43 0.189
334 9 31 0.2598
342 7 43 0.189
350 9 31 0.2598
358 7 43 0.189
366 9 31 0.2598
374 7 43 0.189
382 9 31 0.2598
390 7 43 0.189
397 9 31 0.2598
405 7 43 0.189
413 9 31 0.2598
421 7 43 0.189
429 9 31 0.2677
437 7 43 0.1969
445 9 31 0.2677
453 7 43 0.1969
461 9 31 0.2677
469 7 43 0.1969
477 9 31 0.2756
485 7 43 0.2047
493 9 31 0.2756
501 7 43 0.2126
509 9 31 0.2913
517 7 43 0.2126
525 9 31 0.2913
533 7 43 0.2126
541 9 31 0.2913
549 7 43 0.2126
557 9 31 0.2992
565 7 43 0.2126
573 9 31 0.2992
581 7 43 0.2126
588 9 31 0.2992
596 7 43 0.2126
604 9 31 0.2992
612 7 43 0.2205
620 9 31 0.2992
628 7 43 0.2205
636 9 31 0.3622
644 7 43 0.2677
652 9 31 0.3622
660 7 43 0.2756
668 9 31 0.3858
676 7 43 0.2913
684 9 31 0.3858
692 7 43 0.2913
700 9 31 0.3858
708 7 43 0.2913
716 9 31 0.3937
724 7 43 0.2992
732 9 31 0.3937
740 7 43 0.3071
748 9 31 0.4016
756 7 43 0.3071
764 9 31 0.4016
772 7 43 0.3071
780 9 31 0.4173
787 7 43 0.3071
795 9 31 0.4173
803 7 43 0.3228
811 9 31 0.4173
819 7 43 0.3228
827 9 31 0.4567
835 7 43 0.3228
843 9 31 0.4646
851 7 43 0.3228
859 9 31 0.4646
867 7 43 0.3465
875 9 31 0.4646
883 135 43 0.3543
891 127 31 0.3465
1082 47 74 0.5354
1082 47 77 0.6299
1130 15 76 0.5591
1130 15 72 0.4724
1146 127 67 0.4409
1146 127 74 0.5276
1337 47 77 0.4803
1337 47 74 0.4016
1384 15 76 0.4488
1384 15 72 0.378
1400 63 67 0.3543
1400 63 74 0.4173
1464 63 76 0.4882
1464 63 72 0.4094
1528 63 67 0.4409
1528 63 74 0.5276
1591 63 72 0.4409
1591 63 76 0.5197
1655 63 67 0.4882
1655 63 74 0.5827
1719 63 45 0.5512
1719 63 57 0.6535
1782 63 55 0.7323
1782 63 43 0.4882
1846 63 54 0.6457
1846 63 42 0.4409
1910 63 43 0.4409
1910 63 55 0.6535
1973 63 41 0.4488
1973 63 53 0.6614
2037 63 40 0.4646
2037 63 52 0.7008
2101 63 38 0.4882
2101 63 50 0.7244
2164 130 36 0.3858
2164 130 48 0.5748
2292 130 43 0.3858
2292 130 55 0.5748
2419 130 50 0.5433
2419 130 38 0.3622
2546 127 43 0.3858
2546 127 55 0.5748
2674 130 40 0.3858
2674 130 52 0.5748
2801 66 41 0.3858
2801 66 53 0.5748
2865 66 40 0.3622
2865 66 52 0.5433
2929 130 50 0.5433
2929 130 38 0.3622
3056 95 36 0.3858
3056 95 48 0.5748
3183 127 60 0.2677
3183 127 67 0.315
3311 127 69 0.2598
3311 127 57 0.2205
3438 127 59 0.2677
3438 127 67 0.3228
3565 127 60 0.3228
3565 127 67 0.3858
3693 63 60 0.3937
3693 127 67 0.3937
3756 63 62 0.4173
3820 127 64 0.3071
3820 127 67 0.3622
3947 127 62 0.2913
3947 127 69 0.3465
4075 95 64 0.252
4075 95 68 0.2992
4202 63 69 0.4409
4202 63 57 0.3701
4266 63 55 0.3543
4266 63 67 0.4173
4329 127 53 0.4094
4329 127 65 0.4882
4457 127 66 0.5197
4457 127 54 0.4409
4584 127 55 0.4409
4584 127 67 0.5197
4711 127 68 0.5669
4711 127 56 0.4803
4839 127 57 0.4409
4839 127 69 0.5276
4966 127 62 0.4016
4966 63 74 0.4803
5030 63 72 0.4567
5093 95 71 0.4567
5093 95 67 0.3858
5221 127 45 0.5748
5225 123 52 0.4488
5229 119 57 0.5354
5348 127 52 0.5906
5348 127 40 0.4409
5475 127 41 0.5433
5479 123 48 0.4252
5483 119 53 0.5827
5603 127 36 0.4173
5603 127 48 0.5512
5730 127 37 0.4016
5730 127 49 0.5433
5858 127 38 0.4409
5858 127 50 0.5827
5985 127 31 0.4409
5985 127 43 0.4882
5985 63 55 0.5827
6049 63 53 0.5827
6112 21 52 0.5669
6112 26 55 0.6693
6112 5 36 0.6693
6118 5 43 0.4488
6123 5 48 0.4488
6128 47 52 0.5039
6133 42 55 0.4488
6139 5 60 0.4488
6176 5 48 0.5039
6181 5 55 0.4488
6186 5 60 0.4724
6192 5 64 0.5354
6197 5 67 0.4961
6202 5 72 0.5039
6240 5 60 0.6142
6245 5 67 0.5512
6250 5 72 0.5512
6255 5 76 0.6142
6261 5 79 0.5512
6266 5 84 0.5512
6303 5 60 0.6142
6309 5 67 0.5433
6314 5 72 0.5354
6319 5 76 0.5827
6324 5 79 0.5276
6330 5 84 0.5197
6367 191 76 0.4094
6367 191 79 0.4882
6367 191 72 0.4094
7449 15 48 0.4488
7465 15 50 0.4646
7481 15 52 0.4882
7497 15 53 0.4961
7513 15 55 0.5197
7529 15 53 0.5039
7545 15 52 0.4961
7561 15 50 0.4882
7577 15 48 0.4803
7593 15 46 0.4724
7609 15 45 0.4646
7624 15 43 0.4567
7640 31 41 0.4409
7672 31 53 0.3228
7704 31 41 0.3622
7736 23 53 0.315
7768 31 41 0.4488
7800 31 53 0.3937
7831 31 41 0.4331
7863 23 53 0.3858
7895 23 41 0.4567
7927 23 53 0.3937
7959 23 52 0.4409
7991 23 60 0.3858
8022 23 53 0.4409
8054 29 60 0.3228
8086 31 48 0.378
8118 29 60 0.2992
8150 31 41 0.4409
8182 31 53 0.3228
8213 31 41 0.3622
8245 23 53 0.315
8277 31 41 0.4488
8309 31 53 0.3937
8341 31 41 0.4331
8373 23 53 0.3858
8404 23 41 0.4567
8436 23 53 0.3937
8468 23 52 0.4409
8500 23 60 0.3858
8532 23 53 0.4409
8564 23 60 0.3228
8595 31 48 0.378
8627 29 60 0.2992
8659 63 41 0.378
8659 63 53 0.4488
8787 15 34 0.4094
8787 15 46 0.4882
8818 15 50 0.4488
8818 15 38 0.378
8850 61 41 0.4567
8850 61 53 0.5433
8914 127 48 0.5433
8914 127 36 0.4567
9041 15 48 0.3937
9041 15 58 0.4646
9073 15 58 0.4488
9073 15 48 0.378
9105 47 53 0.4016
9105 47 57 0.4724
9169 31 52 0.3858
9169 31 58 0.4567
9200 31 60 0.4016
9232 31 48 0.4567
9264 31 60 0.4094
9296 31 53 0.3858
9296 31 57 0.4567
9328 31 60 0.4094
9360 31 48 0.4567
9391 31 60 0.4094
9423 31 58 0.4567
9423 31 52 0.3858
9455 31 60 0.4094
9487 31 48 0.4567
9519 31 60 0.4094
9551 31 57 0.4567
9551 31 53 0.3858
9582 31 60 0.4173
9614 31 48 0.4567
9646 31 60 0.4173
9678 31 52 0.3858
9678 31 58 0.4567
9710 31 60 0.4016
9742 31 48 0.4567
9773 31 60 0.4094
9805 31 53 0.3858
9805 31 57 0.4567
9837 31 60 0.4094
9869 31 48 0.4567
9901 31 60 0.4094
9933 31 52 0.3858
9933 31 58 0.4567
9964 31 60 0.4016
9996 31 48 0.4567
10028 31 60 0.4094
10060 15 57 0.4409
10060 15 53 0.3701
10187 15 63 0.4173
10187 15 57 0.3543
10187 15 53 0.3543
10187 15 60 0.3543
10315 15 72 0.3543
10315 15 69 0.3543
10315 15 75 0.4173
10315 15 65 0.3543
10442 15 60 0.3543
10442 15 57 0.3543
10442 15 53 0.3543
10442 15 63 0.4173
10506 47 53 0.5433
10506 47 41 0.4567
10553 15 40 0.4016
10553 15 52 0.4724
10569 31 41 0.4409
10569 31 53 0.5197
10601 31 51 0.5591
10601 31 39 0.4724
10633 27 38 0.4961
10633 27 50 0.5906
10665 31 48 0.5591
10665 31 36 0.4724
10697 47 34 0.4724
10697 47 46 0.5433
10744 15 46 0.4488
10744 15 58 0.4961
10760 55 46 0.5591
10760 55 58 0.5591
10824 63 41 0.4961
10824 63 53 0.5591
10888 47 46 0.5827
10888 47 34 0.5276
10936 15 46 0.4646
10936 15 58 0.5354
10951 58 58 0.5748
10951 58 46 0.5197
11015 63 55 0.5039
11015 63 43 0.4567
11079 31 39 0.4646
11079 31 51 0.5276
11111 31 50 0.4724
11111 31 38 0.4331
11142 61 36 0.4567
11142 61 48 0.5039
11206 63 41 0.3858
11206 63 53 0.4409
11270 63 46 0.4173
11270 63 53 0.4646
11333 55 58 0.4646
11397 63 53 0.2992
11397 63 65 0.2992
11461 47 46 0.2677
11461 47 58 0.315
11509 15 70 0.2992
11524 55 70 0.3228
11588 63 53 0.2677
11588 63 65 0.3228
11652 47 58 0.3543
11652 47 46 0.2992
11700 15 70 0.3071
11716 61 70 0.3465
11779 63 67 0.2992
11843 31 63 0.3071
11875 31 62 0.2913
11907 61 60 0.2992
11970 63 53 0.2677
11970 63 65 0.2677
12034 63 65 0.2835
12034 63 58 0.2835
12098 59 70 0.2756
12225 63 34 0.378
12225 63 46 0.4488
12289 63 62 0.3228
12289 63 58 0.3228
12289 63 65 0.3858
12352 63 62 0.3228
12352 63 58 0.3228
12352 63 65 0.3858
12416 63 53 0.4961
12416 63 41 0.4173
12480 63 63 0.3228
12480 63 57 0.3228
12480 63 65 0.3858
12543 63 63 0.3228
12543 63 57 0.3228
12543 63 65 0.3858
12607 63 29 0.4016
12607 63 41 0.4803
12671 63 65 0.3858
12671 63 57 0.3228
12671 63 63 0.3228
12734 63 65 0.3858
12734 63 57 0.3228
12734 63 63 0.3228
12798 63 46 0.4488
12798 63 34 0.378
12862 59 62 0.3228
12862 59 58 0.3228
12862 59 65 0.3858
12925 63 53 0.4961
12925 63 41 0.3937
12989 47 34 0.4331
12989 47 46 0.5433
13037 15 46 0.3937
13037 15 58 0.4961
13053 55 46 0.4488
13053 55 58 0.5591
13116 63 53 0.5591
13116 63 41 0.4488
13180 47 34 0.4646
13180 47 46 0.5827
13228 15 46 0.4173
13228 15 58 0.5354
13244 61 58 0.5748
13244 61 46 0.4567
13307 63 55 0.4646
13307 63 43 0.3701
13371 31 39 0.3228
13371 31 51 0.4724
13403 31 50 0.4409
13403 31 38 0.2913
13435 61 36 0.3071
13435 61 48 0.4646
13498 63 41 0.2677
13498 63 53 0.4016
13562 63 53 0.4331
13562 63 46 0.2756
13626 59 58 0.4173
13689 63 67 0.2835
13753 31 63 0.2913
13785 31 62 0.2677
13817 61 60 0.2835
13880 63 65 0.2362
13944 63 65 0.2598
13944 63 58 0.2598
14008 59 70 0.2441
14135 63 53 0.3858
14135 63 41 0.3228
14199 63 65 0.3307
14199 63 57 0.2756
14199 63 63 0.2756
14262 63 63 0.2756
14262 63 57 0.2756
14262 63 65 0.3307
14326 63 34 0.3622
14326 63 46 0.4331
14390 63 62 0.3228
14390 63 53 0.2677
14390 63 58 0.2677
14453 63 58 0.2677
14453 63 53 0.2677
14453 63 62 0.3228
14517 63 41 0.3701
14517 63 53 0.4409
14581 63 60 0.2913
14581 63 53 0.2913
14581 63 63 0.3465
14645 63 63 0.3465
14645 63 60 0.2913
14645 63 53 0.2913
14708 63 34 0.3622
14708 63 46 0.4331
14772 63 62 0.315
14772 63 58 0.2677
14772 63 53 0.2677
14836 63 62 0.3465
14836 63 58 0.2913
14836 63 53 0.2913
14899 63 41 0.3543
14899 63 53 0.4173
14963 63 63 0.2992
14963 63 57 0.2992
14963 63 65 0.3543
15027 63 65 0.3543
15027 63 63 0.2992
15027 63 57 0.2992
15090 63 34 0.4016
15090 63 46 0.4724
15154 63 58 0.2992
15154 63 53 0.2992
15154 63 62 0.3543
15218 63 58 0.2992
15218 63 53 0.2992
15218 63 62 0.3543
15281 191 55 0.4173
15281 191 60 0.4961
15281 191 51 0.4173
15472 15 63 0.4961
15472 15 53 0.4173
15472 15 57 0.4173
15600 23 29 0.5197
15600 23 41 0.6142
15663 31 34 0.4724
15663 31 46 0.5591
15695 31 53 0.3543
15727 27 62 0.3858
15727 27 58 0.3228
15759 23 53 0.3543
15791 31 46 0.5669
15822 31 53 0.3465
15854 27 58 0.315
15854 27 62 0.378
15886 31 53 0.3465
15918 31 41 0.378
15918 31 53 0.4488
15950 31 53 0.3465
15982 31 63 0.3858
15982 31 57 0.3228
16014 31 53 0.3543
16045 31 46 0.5354
16077 31 53 0.3465
16109 31 62 0.4016
16109 31 58 0.3386
16173 31 46 0.5591
16173 31 34 0.4724
16205 31 53 0.3543
16236 27 58 0.3228
16236 27 62 0.3858
16268 15 53 0.3543
16300 31 46 0.5669
16332 31 53 0.3465
16364 27 62 0.378
16364 27 58 0.315
16396 31 53 0.3465
16427 31 53 0.4488
16427 31 41 0.378
16459 31 53 0.3465
16491 31 63 0.3858
16491 31 57 0.3228
16523 31 53 0.3543
16555 31 46 0.5354
16587 31 53 0.3465
16618 31 62 0.4016
16618 31 58 0.3386
16682 15 41 0.3858
16698 15 53 0.3228
16714 15 41 0.3858
16730 15 53 0.3228
16746 15 41 0.3858
16762 15 53 0.3228
16778 15 41 0.3858
16794 15 53 0.3228
16809 15 41 0.3858
16825 15 53 0.3228
16841 15 41 0.4016
16857 15 53 0.3465
16873 15 41 0.4094
16889 15 53 0.3543
16905 15 41 0.4173
16921 15 53 0.3701
16937 15 46 0.4646
16953 15 58 0.378
16969 15 46 0.4882
16985 15 58 0.3937
17000 15 46 0.5039
17016 15 58 0.4094
17032 15 46 0.5197
17048 15 58 0.4331
17064 95 39 0.4094
17064 95 51 0.4646
17160 31 39 0.4331
17160 31 51 0.4724
17191 63 41 0.4567
17191 63 53 0.5197
17255 31 53 0.4803
17255 31 41 0.4409
17287 31 41 0.4409
17287 31 53 0.4803
17319 63 29 0.4803
17319 63 41 0.5433
17383 31 41 0.4567
17383 31 53 0.5039
17414 31 53 0.4646
17414 31 41 0.4173
17446 63 53 0.5039
17446 63 41 0.4567
17510 31 53 0.4646
17510 31 41 0.4173
17542 31 41 0.4173
17542 31 53 0.4646
17574 63 46 0.3622
17574 63 53 0.4016
17701 63 48 0.3307
17701 63 36 0.2992
17765 31 41 0.2677
17765 31 51 0.2992
17796 31 51 0.2992
17796 31 41 0.2677
17828 63 50 0.3307
17828 63 46 0.2992
17956 63 62 0.2677
17956 63 58 0.2677
17956 63 68 0.315
18019 31 68 0.2992
18019 31 62 0.252
18019 31 58 0.252
18051 31 68 0.2992
18051 31 62 0.252
18051 31 58 0.252
18083 63 68 0.3228
18083 63 58 0.2677
18083 63 62 0.2677
18147 31 62 0.2913
18147 31 58 0.2913
18147 31 68 0.3465
18178 31 68 0.3465
18178 31 58 0.2913
18178 31 62 0.2913
18210 63 62 0.3228
18210 63 58 0.3228
18210 63 68 0.3858
18274 63 68 0.3622
18274 63 65 0.3071
18274 63 58 0.3071
18338 127 46 0.3228
18342 123 53 0.3228
18346 119 56 0.3228
18350 115 62 0.3858
18465 63 39 0.3465
18465 63 51 0.4331
18529 63 34 0.3071
18529 63 46 0.3858
18592 63 51 0.4331
18592 63 39 0.3465
18656 63 46 0.3858
18656 63 34 0.3071
18720 63 51 0.4331
18720 63 39 0.3465
18783 63 46 0.3937
18783 63 34 0.3071
18847 63 39 0.3465
18847 63 51 0.4331
18911 63 34 0.3071
18911 63 46 0.3858
18974 63 39 0.3465
18974 63 51 0.4331
19038 63 46 0.3858
19038 63 34 0.3071
19102 63 51 0.4331
19102 63 39 0.3465
19165 63 46 0.3858
19165 63 34 0.3071
19229 63 51 0.4409
19229 63 39 0.3465
19293 63 34 0.3071
19293 63 46 0.3937
19356 63 39 0.3465
19356 63 51 0.4331
19420 63 34 0.3071
19420 63 46 0.3858
19484 63 39 0.3465
19484 63 51 0.4331
19547 63 46 0.378
19547 63 34 0.2992
19611 63 44 0.4803
19611 63 32 0.3858
19675 63 48 0.3937
19675 63 36 0.3071
19738 63 51 0.4409
19738 63 39 0.3465
19802 63 46 0.3858
19802 63 34 0.3071
19866 63 39 0.3465
19866 63 51 0.4409
19929 63 34 0.3071
19929 63 46 0.3937
19993 63 51 0.4567
19993 63 39 0.3622
20057 63 34 0.315
20057 63 46 0.4016
20120 63 50 0.4882
20120 63 38 0.3858
20184 63 46 0.4409
20184 63 34 0.3465
20248 63 53 0.5276
20248 63 41 0.4094
20312 63 48 0.4567
20312 63 36 0.3622
20375 63 46 0.6063
20375 63 34 0.4803
20439 63 39 0.4409
20439 63 51 0.5512
20503 63 29 0.5197
20503 63 41 0.6457
20566 63 53 0.5512
20630 63 29 0.4803
20630 63 41 0.6142
20694 63 53 0.5197
20757 63 34 0.4724
20757 63 46 0.5906
20821 63 46 0.5039
20821 63 58 0.6378
20885 63 53 0.5748
20885 63 41 0.4646
20948 63 38 0.4094
20948 63 50 0.5197
21012 63 34 0.2598
21012 63 46 0.3228
21076 23 70 0.2835
21139 23 70 0.3071
21203 23 70 0.3228
21267 63 46 0.378
21267 63 34 0.378
21330 23 82 0.3858
21394 23 82 0.3858
21458 23 82 0.3937
21521 63 51 0.3858
21523 63 39 0.3858
21585 23 75 0.4094
21649 23 75 0.4094
21712 23 75 0.4409
21776 63 39 0.4646
21776 63 51 0.4646
21840 23 87 0.5197
21903 23 87 0.5197
21967 23 87 0.5197
22031 127 51 0.5669
22031 127 39 0.5039
22158 63 44 0.4331
22158 63 56 0.4803
22222 63 39 0.4173
22222 63 51 0.4724
22285 127 32 0.5591
22285 127 44 0.6299
22413 63 48 0.5591
22413 63 36 0.4882
22476 63 53 0.4803
22476 63 41 0.4331
22540 63 46 0.6063
22540 63 34 0.5354
22604 31 70 0.4882
22667 63 34 0.5276
22667 63 46 0.5827
22731 31 82 0.5354
22795 63 39 0.4016
22795 63 51 0.4567
22858 63 63 0.4567
22858 63 58 0.4567
22858 63 67 0.4567
22922 63 58 0.4803
22922 63 56 0.4803
22922 63 65 0.4803
22986 63 58 0.4882
22986 63 53 0.4882
22986 63 62 0.4882
23049 15 39 0.5906
23065 15 46 0.4882
23081 15 51 0.5512
23097 15 55 0.4803
23113 15 58 0.5906
23129 15 63 0.4961
23145 15 67 0.5512
23161 15 63 0.4882
23177 31 68 0.6378
23209 31 63 0.5669
23241 31 60 0.6142
23272 31 56 0.5669
23304 15 39 0.5906
23320 15 46 0.5354
23336 15 51 0.5354
23352 15 55 0.5354
23368 31 58 0.6142
23400 31 63 0.5354
23432 31 51 0.6535
23463 31 63 0.5906
23495 31 46 0.6535
23527 31 58 0.5354
23559 15 39 0.6378
23575 15 46 0.5039
23591 15 51 0.5039
23607 15 55 0.5039
23623 15 58 0.5906
23638 15 63 0.4961
23654 15 67 0.4961
23670 15 63 0.4961
23686 31 68 0.6378
23718 31 63 0.5354
23750 31 60 0.5906
23782 31 56 0.5354
23814 15 39 0.6063
23829 15 46 0.4882
23845 15 51 0.4882
23861 15 55 0.4882
23877 31 58 0.5354
23909 31 63 0.4882
23941 31 51 0.5354
23973 31 63 0.4882
24005 31 46 0.5354
24036 31 58 0.4882
24068 15 39 0.6063
24084 15 46 0.4961
24100 15 51 0.4961
24116 15 55 0.4961
24132 15 46 0.5748
24148 15 51 0.4961
24164 15 55 0.4961
24180 15 58 0.5039
24196 15 50 0.6457
24212 15 53 0.5197
24227 15 58 0.5197
24243 15 62 0.5197
24259 15 58 0.6457
24275 15 62 0.5354
24291 15 58 0.5354
24307 15 53 0.5354
24323 31 41 0.6457
24355 15 45 0.5354
24371 15 48 0.5354
24387 15 53 0.5827
24403 15 57 0.5354
24418 15 60 0.5354
24434 15 65 0.5354
24450 63 58 0.6378
24450 63 46 0.6378
24514 63 51 0.6535
24514 63 39 0.6535
24578 31 41 0.6693
24578 31 53 0.6693
24610 15 70 0.6378
24625 15 69 0.6378
24641 15 67 0.6299
24657 15 65 0.6299
24673 15 63 0.6142
24689 15 62 0.6142
24705 15 60 0.5827
24721 15 58 0.5827
24737 15 57 0.5748
24753 15 55 0.5669
24769 15 53 0.5591
24785 15 51 0.5591
24801 15 50 0.5512
24816 15 48 0.5433
24832 63 46 0.6457
24896 63 58 0.6614
24896 63 46 0.5906
24960 63 41 0.5512
24960 63 53 0.622
25023 63 38 0.5433
25023 63 50 0.6063
25087 63 34 0.2913
25087 63 46 0.3228
25183 31 70 0.3858
25214 63 70 0.4173
25278 63 70 0.4094
25342 63 34 0.378
25342 63 46 0.378
25437 31 82 0.4409
25469 127 82 0.4331
25596 63 51 0.3858
25598 63 39 0.3858
25692 31 75 0.4488
25724 63 75 0.4567
25787 63 75 0.4409
25851 63 51 0.4646
25851 63 39 0.4646
25947 31 87 0.5669
25978 127 87 0.5906
26106 63 51 0.5591
26106 63 39 0.4961
26170 51 55 0.5591
26170 51 43 0.5591
26225 71 44 0.4567
26229 67 51 0.4803
26233 63 56 0.5512
26297 63 51 0.5118
26297 63 39 0.4567
26361 63 32 0.5827
26361 63 44 0.6378
26424 51 44 0.5827
26424 51 56 0.5827
26476 75 48 0.4567
26480 71 52 0.4646
26484 67 55 0.4724
26488 63 60 0.5512
26552 63 41 0.4961
26552 63 53 0.5669
26615 63 58 0.5748
26615 63 46 0.5118
26679 51 46 0.5827
26679 51 34 0.5827
26731 75 53 0.4488
26735 71 56 0.4803
26739 67 58 0.5039
26743 63 62 0.5512
26806 63 34 0.5748
26806 63 46 0.5748
26870 10 39 0.5197
26881 10 51 0.4331
26891 10 39 0.4803
26902 10 51 0.4252
26912 10 39 0.4803
26923 10 51 0.4252
26934 10 39 0.5197
26944 10 51 0.4331
26955 10 39 0.4803
26965 10 51 0.4252
26976 10 39 0.4803
26987 10 51 0.4252
26997 10 39 0.5591
27008 10 51 0.4331
27019 10 39 0.4803
27029 10 51 0.4252
27040 10 39 0.4803
27050 10 51 0.4252
27061 10 39 0.5827
27072 10 51 0.4331
27082 10 39 0.5039
27093 10 51 0.4252
27103 10 39 0.5118
27114 10 51 0.4252
27125 10 39 0.5827
27135 10 51 0.4331
27146 10 39 0.5039
27156 10 51 0.4252
27167 10 39 0.5039
27178 10 51 0.4252
27188 10 39 0.5197
27199 10 51 0.4331
27210 10 39 0.4961
27220 10 51 0.4252
27231 10 39 0.4961
27241 10 51 0.4252
27252 10 39 0.5748
27263 10 51 0.4331
27273 10 39 0.5118
27284 10 51 0.4252
27294 10 39 0.5039
27305 10 51 0.4252
27316 10 39 0.5669
27326 10 51 0.4331
27337 10 39 0.5039
27347 10 51 0.4252
27358 10 39 0.4961
27369 10 51 0.4252
27379 127 39 0.4961
27383 127 27 0.4961
27570 47 39 0.3543
27570 47 27 0.3071
27618 15 29 0.2913
27618 15 41 0.3228
27634 63 31 0.3228
27634 63 43 0.3701
27698 63 43 0.3228
27698 63 31 0.2913
27761 63 31 0.3071
27761 63 43 0.3465
27825 63 43 0.3228
27825 63 31 0.2913
27889 191 31 0.3071
27889 191 43 0.3465
28080 47 27 0.3071
28080 47 39 0.3543
28127 15 29 0.2913
28127 15 41 0.3228
28143 63 43 0.3701
28143 63 31 0.3228
28207 63 43 0.3228
28207 63 31 0.2913
28271 63 31 0.3701
28271 63 43 0.4094
28334 63 31 0.3622
28334 63 43 0.4016
28398 21 31 0.3543
28419 21 38 0.2992
28441 21 43 0.2992
28462 21 47 0.3543
28483 21 50 0.2992
28504 21 55 0.2992
28525 21 43 0.3701
28547 21 50 0.2992
28568 21 55 0.315
28589 21 59 0.3465
28610 21 62 0.2835
28632 21 67 0.2835
28653 21 55 0.3228
28674 21 62 0.2677
28695 21 67 0.2677
28716 21 71 0.315
28738 21 74 0.2756
28759 21 79 0.2677
28780 21 67 0.2913
28801 21 74 0.2362
28823 21 79 0.2756
29162 15 48 0.2205
29162 15 36 0.2205
29178 15 52 0.2441
29194 15 55 0.2835
29210 15 60 0.3071
29226 15 55 0.2913
29242 15 52 0.2362
29258 15 48 0.2362
29274 15 52 0.2598
29290 15 55 0.2835
29305 15 60 0.2441
29321 15 55 0.2441
29337 3 52 0.2283
29353 15 36 0.2362
29353 15 48 0.2362
29369 15 52 0.2598
29385 15 55 0.2756
29401 15 60 0.2835
29417 15 55 0.2756
29433 15 52 0.2598
29449 15 48 0.2598
29465 15 52 0.2756
29481 15 55 0.2913
29496 15 60 0.2835
29512 15 55 0.2677
29528 3 52 0.2598
29544 15 31 0.2441
29544 15 43 0.2441
29560 15 53 0.2677
29576 15 55 0.2756
29592 15 59 0.2677
29608 15 55 0.2598
29624 15 53 0.2598
29640 15 43 0.2283
29656 15 53 0.2441
29672 15 55 0.2677
29688 15 59 0.2677
29703 15 55 0.2598
29719 3 53 0.2283
29735 15 48 0.2598
29735 15 36 0.2598
29751 15 52 0.2677
29767 15 55 0.2756
29783 15 60 0.2835
29799 15 55 0.2913
29815 15 52 0.2677
29831 15 48 0.2913
29847 15 52 0.2441
29863 15 55 0.2677
29879 15 60 0.2441
29894 15 55 0.2441
29910 3 52 0.2677
29926 15 53 0.2598
29926 15 41 0.2598
29942 15 57 0.2677
29958 15 60 0.2756
29974 15 65 0.2835
29990 15 60 0.315
30006 15 57 0.2677
30022 15 53 0.2913
30038 15 57 0.2441
30054 15 60 0.2756
30070 15 65 0.2677
30085 15 60 0.2598
30101 3 57 0.2677
30117 15 36 0.2598
30117 15 48 0.2598
30133 15 52 0.2677
30149 15 55 0.2756
30165 15 60 0.2835
30181 15 55 0.2913
30197 15 52 0.2677
30213 15 48 0.2913
30229 15 52 0.2441
30245 15 55 0.2598
30261 15 60 0.2362
30276 15 55 0.2362
30292 3 52 0.2283
30308 15 53 0.2598
30308 15 41 0.2598
30324 15 57 0.2677
30340 15 60 0.2756
30356 15 65 0.2835
30372 15 60 0.315
30388 15 57 0.2677
30404 15 53 0.2913
30420 15 57 0.2441
30436 15 60 0.2756
30452 15 65 0.2677
30468 15 60 0.2598
30483 3 57 0.2677
30499 15 48 0.2598
30499 15 36 0.2598
30515 15 52 0.2677
30531 15 55 0.2756
30547 15 60 0.2835
30563 15 55 0.2913
30579 15 52 0.2677
30595 15 48 0.2913
30611 15 52 0.2441
30627 15 55 0.2598
30643 15 60 0.2362
30659 15 55 0.2362
30674 3 52 0.2283
30690 15 31 0.2441
30690 15 43 0.2441
30706 15 53 0.2677
30722 15 55 0.2756
30738 15 59 0.2677
30754 15 55 0.2598
30770 15 53 0.2598
30786 15 43 0.2283
30802 15 53 0.2441
30818 15 55 0.2677
30834 15 59 0.2913
30850 15 55 0.2677
30865 3 53 0.2598
30881 15 48 0.2598
30881 15 36 0.2598
30897 15 52 0.2677
30913 15 55 0.2756
30929 15 60 0.2835
30945 15 55 0.2913
30961 15 52 0.2677
30977 15 48 0.2362
30993 15 52 0.1969
31009 15 55 0.2283
31025 15 60 0.1969
31041 31 64 0.189
31072 15 31 0.2835
31072 15 43 0.2835
31088 15 52 0.2598
31104 15 55 0.2598
31120 15 60 0.2598
31136 15 55 0.2283
31152 3 52 0.2283
31168 15 31 0.2835
31168 15 43 0.2835
31184 15 53 0.2598
31200 15 55 0.2205
31216 15 59 0.2362
31232 15 55 0.2283
31248 15 53 0.2362
31263 15 48 0.2598
31263 15 36 0.2598
31279 15 52 0.2677
31295 15 55 0.2756
31311 15 60 0.2835
31327 15 55 0.2913
31343 15 52 0.2677
31359 15 48 0.2913
31375 15 52 0.2756
31391 15 55 0.2913
31407 15 60 0.315
31423 15 55 0.3071
31439 3 52 0.2913
31454 15 36 0.3228
31454 15 48 0.3228
31470 15 53 0.3307
31486 15 56 0.3543
31502 15 60 0.3622
31518 15 56 0.3701
31534 15 53 0.3307
31550 15 48 0.3701
31566 15 53 0.3543
31582 15 56 0.3701
31598 15 60 0.4016
31614 15 56 0.3937
31630 15 53 0.3701
31645 15 36 0.3228
31645 15 48 0.3228
31661 15 52 0.3307
31677 15 55 0.3543
31693 15 60 0.3622
31709 15 55 0.3701
31725 15 52 0.3307
31741 15 48 0.3701
31757 15 52 0.3543
31773 15 55 0.3701
31789 15 60 0.4016
31805 15 55 0.3937
31821 3 52 0.3701
31837 15 36 0.3228
31837 15 48 0.3228
31852 15 53 0.3307
31868 15 56 0.3543
31884 15 60 0.3622
31900 15 56 0.3701
31916 15 53 0.3307
31932 15 48 0.3701
31948 15 53 0.3543
31964 15 56 0.3701
31980 15 60 0.4016
31996 15 56 0.3937
32012 15 53 0.3701
32028 15 36 0.3937
32028 15 48 0.3937
32043 15 52 0.4016
32059 15 55 0.4173
32075 15 60 0.4409
32091 15 55 0.4488
32107 15 52 0.4016
32123 15 48 0.4488
32139 15 52 0.4173
32155 15 55 0.4488
32171 15 60 0.4882
32187 15 55 0.4724
32203 15 52 0.4488
32219 123 48 0.5433
32219 123 36 0.5433
32346 127 69 0.2677
32346 127 72 0.315
32473 127 64 0.2205
32473 127 71 0.2598
32601 127 65 0.2756
32601 127 69 0.3307
32728 127 67 0.4016
32728 127 60 0.3386
32855 127 69 0.4882
32855 127 57 0.4094
32983 127 69 0.5354
32983 127 62 0.4488
33110 63 67 0.5827
33110 127 55 0.4882
33174 63 65 0.6535
33237 5 36 0.6693
33243 5 43 0.4724
33248 5 48 0.4724
33253 5 52 0.5276
33259 5 55 0.4724
33264 5 60 0.4724
33301 5 48 0.5276
33306 5 55 0.4724
33312 5 60 0.4882
33317 5 64 0.5591
33322 5 67 0.5197
33328 5 72 0.5276
33365 5 60 0.6063
33370 5 67 0.5512
33375 5 72 0.5591
33381 5 76 0.6063
33386 5 79 0.5591
33391 5 84 0.5591
33428 5 60 0.622
33434 5 67 0.5827
33439 5 72 0.5827
33444 5 76 0.6535
33450 5 79 0.6063
33455 5 84 0.6063
33492 127 72 0.622
33492 127 76 0.622
33492 127 79 0.6929
33619 127 67 0.5669
33619 127 72 0.6378
33619 127 60 0.5669
33747 127 55 0.5669
33747 127 60 0.6378
33747 127 48 0.5669
33874 127 43 0.5669
33874 127 48 0.6378
33874 127 36 0.5669
34001 254 36 0.6772
34001 254 24 0.6142
