0 14 36 0.3622
14 57 55 0.2835
14 14 43 0.2362
28 14 60 0.3858
28 14 52 0.2835
43 28 67 0.4173
43 14 64 0.2598
57 14 60 0.3386
72 14 69 0.3386
72 14 57 0.2126
86 14 35 0.4016
101 57 55 0.3701
101 14 43 0.2992
115 14 62 0.4016
115 14 53 0.2835
130 28 67 0.4646
130 14 65 0.315
144 14 62 0.3701
159 14 69 0.3543
159 14 57 0.2598
173 14 36 0.4173
188 57 55 0.4409
188 14 43 0.3701
202 14 60 0.4646
202 14 52 0.3701
217 28 67 0.5276
217 14 64 0.3622
231 14 60 0.4803
246 14 69 0.5118
246 14 57 0.4094
260 14 40 0.622
275 57 59 0.5197
275 14 52 0.4331
289 14 64 0.5512
289 14 55 0.4409
304 28 71 0.5906
304 14 67 0.4094
318 14 64 0.5512
333 14 72 0.6142
333 14 60 0.4882
347 14 41 0.6614
362 57 64 0.622
362 14 52 0.5354
376 14 69 0.5906
376 14 57 0.4646
391 28 76 0.6299
391 14 72 0.4567
405 14 69 0.5906
420 14 62 0.6299
420 14 74 0.6299
434 14 42 0.7165
449 57 64 0.6772
449 14 50 0.5906
463 14 69 0.6457
463 14 60 0.5039
478 28 76 0.6929
478 14 72 0.4803
492 14 69 0.6457
507 14 62 0.6614
507 14 74 0.6614
521 14 43 0.7638
536 57 64 0.6772
536 14 53 0.622
550 14 67 0.6457
550 14 59 0.5276
565 28 76 0.6929
565 14 71 0.4331
579 14 67 0.5827
594 14 62 0.5276
594 14 74 0.6457
608 14 31 0.4567
623 57 59 0.3937
623 14 43 0.3307
637 14 62 0.4409
637 14 53 0.2992
652 28 71 0.4646
652 14 65 0.3228
666 14 62 0.3937
681 14 69 0.3701
681 14 57 0.3071
695 14 36 0.4016
710 57 55 0.3465
710 14 43 0.2913
724 14 60 0.4173
724 14 52 0.3071
739 28 67 0.4724
739 14 64 0.2835
753 14 60 0.4016
768 14 69 0.3543
768 14 57 0.2992
782 14 35 0.4173
797 57 55 0.4016
797 14 43 0.3307
811 14 62 0.4567
811 14 53 0.3465
826 28 67 0.4803
826 14 65 0.3543
840 14 62 0.4567
855 14 69 0.4016
855 14 57 0.3465
869 14 36 0.4961
884 57 55 0.4724
884 14 43 0.3937
898 14 60 0.5039
898 14 52 0.4961
913 28 67 0.5669
913 14 64 0.3858
927 14 60 0.5197
942 14 69 0.4882
942 14 57 0.3937
956 14 40 0.622
971 57 59 0.5197
971 14 52 0.5197
985 14 64 0.5512
985 14 55 0.4409
999 28 71 0.5906
999 14 67 0.4094
1014 14 64 0.5512
1028 14 72 0.5433
1028 14 60 0.4331
1043 14 41 0.6614
1057 57 61 0.5433
1057 14 48 0.5433
1072 14 65 0.5906
1072 14 57 0.4724
1086 28 73 0.6299
1086 14 69 0.4331
1101 14 65 0.5906
1115 14 62 0.4567
1115 14 74 0.5748
1130 14 43 0.7008
1144 57 63 0.5669
1144 14 48 0.5669
1159 14 67 0.6142
1159 14 58 0.4803
1173 28 75 0.6457
1173 14 72 0.4488
1188 14 67 0.6142
1202 14 76 0.6142
1202 14 64 0.4803
1217 14 45 0.7165
1231 57 67 0.5906
1231 14 53 0.5906
1246 14 69 0.6299
1246 14 60 0.4567
1260 28 79 0.6772
1260 14 72 0.4724
1275 14 69 0.5906
1289 14 65 0.4961
1289 14 77 0.6378
1304 14 43 0.7165
1318 57 63 0.7165
1318 14 48 0.6142
1333 14 67 0.6457
1333 14 60 0.4803
1347 28 75 0.7165
1347 14 72 0.4803
1362 14 67 0.622
1376 14 64 0.5197
1376 14 76 0.6772
1391 14 45 0.7244
1405 57 64 0.7244
1405 14 53 0.6063
1420 14 69 0.6772
1420 14 60 0.4803
1434 28 76 0.7559
1434 14 72 0.4961
1449 14 69 0.6457
1463 14 65 0.6693
1463 14 77 0.6693
1478 72 66 0.7638
1478 14 47 0.5276
1492 14 55 0.5669
1499 21 71 0.6378
1507 14 62 0.5827
1521 28 78 0.7008
1521 14 74 0.5512
1536 14 71 0.6614
1550 14 67 0.4882
1550 14 79 0.6378
1565 72 68 0.7795
1565 14 48 0.5748
1579 14 55 0.6299
1586 21 72 0.6457
1594 14 64 0.6299
1608 28 80 0.7165
1608 14 76 0.5669
1623 14 72 0.6457
1637 14 69 0.5039
1637 14 81 0.6693
1652 72 70 0.7874
1652 14 50 0.6063
1666 14 55 0.6614
1673 21 74 0.6457
1681 14 65 0.6614
1695 28 82 0.7874
1695 14 79 0.4803
1710 14 74 0.7638
1724 14 71 0.5276
1724 14 83 0.7323
1739 14 52 0.8031
1753 57 74 0.811
1753 14 60 0.7087
1768 14 76 0.7638
1768 14 67 0.5591
1782 28 86 0.8504
1782 14 79 0.6457
1797 14 76 0.5748
1811 14 72 0.4252
1811 14 84 0.5906
1826 14 42 0.5827
1840 57 71 0.5197
1840 14 51 0.4961
1855 14 72 0.5276
1855 14 60 0.3937
1869 28 83 0.5669
1869 14 75 0.3858
1884 14 72 0.4961
1898 14 69 0.3937
1898 14 81 0.4882
1913 72 69 0.4803
1913 14 43 0.4488
1927 14 52 0.4803
1934 21 72 0.4646
1942 14 60 0.4409
1956 28 81 0.4961
1956 14 76 0.3228
1971 14 72 0.4803
1985 14 67 0.3701
1985 14 79 0.4724
1999 14 43 0.4646
2014 57 64 0.4409
2014 14 53 0.4173
2028 14 67 0.4331
2028 14 59 0.3228
2043 28 76 0.4488
2043 14 71 0.2835
2057 14 67 0.3858
2072 14 62 0.3858
2072 14 74 0.3858
2086 72 55 0.3228
2086 14 36 0.378
2101 14 43 0.3228
2108 21 60 0.4016
2115 14 52 0.2835
2130 28 67 0.4409
2130 14 64 0.2756
2144 14 60 0.378
2159 14 69 0.378
2159 14 57 0.3228
2173 72 64 0.3228
2173 14 36 0.378
2188 14 43 0.3228
2195 21 67 0.4331
2202 14 53 0.3622
2217 28 76 0.4803
2217 14 71 0.2992
2231 14 67 0.378
2246 14 62 0.3228
2246 14 74 0.378
2260 14 36 0.378
2275 57 55 0.3228
2275 14 43 0.3228
2289 14 60 0.4016
2289 14 52 0.2835
2304 28 67 0.4409
2304 14 64 0.2756
2318 14 60 0.378
2333 14 69 0.378
2333 14 57 0.3228
2347 14 36 0.378
2362 57 64 0.3228
2362 14 43 0.3228
2376 14 67 0.4331
2376 14 53 0.2835
2391 28 76 0.4803
2391 14 71 0.2992
2405 14 67 0.378
2420 14 62 0.3228
2420 14 74 0.378
2434 14 36 0.378
2449 28 60 0.3228
2449 14 43 0.3228
2463 14 65 0.4016
2463 14 55 0.2835
2478 86 72 0.4409
2478 14 69 0.2756
2492 14 65 0.3543
2507 14 64 0.3228
2507 14 67 0.3228
2521 14 36 0.378
2536 28 60 0.3307
2536 14 43 0.3307
2550 14 65 0.4409
2550 14 55 0.3071
2565 86 72 0.5039
2565 14 69 0.3071
2579 14 65 0.3543
2594 14 64 0.3228
2594 14 67 0.3228
2608 14 36 0.378
2623 28 60 0.315
2623 14 43 0.315
2637 14 65 0.3858
2637 14 55 0.2756
2652 86 72 0.4094
2652 14 69 0.2598
2666 14 65 0.3228
2681 14 64 0.2992
2681 14 67 0.2992
2695 14 36 0.3307
2710 28 60 0.2913
2710 14 43 0.2913
2724 14 65 0.3465
2724 14 55 0.2362
2739 43 72 0.3622
2739 14 69 0.2283
2753 14 65 0.2835
2768 14 64 0.2598
2768 14 67 0.2598
2782 173 36 0.2992
2797 159 43 0.2598
2811 144 48 0.2913
2826 130 52 0.2677
2840 115 55 0.2992
2855 101 60 0.2598
2869 86 64 0.2598
