0 41 72 0.4409
0 41 69 0.3937
41 41 72 0.4724
41 41 69 0.4252
82 164 74 0.2913
82 164 65 0.2598
82 164 69 0.2598
246 41 69 0.4016
246 41 72 0.4488
287 41 72 0.4646
287 41 69 0.4173
328 164 62 0.2598
328 164 71 0.2913
328 164 68 0.2598
493 41 69 0.4409
493 41 66 0.3937
534 41 66 0.378
534 41 69 0.4252
575 82 72 0.4094
575 82 60 0.3701
657 82 66 0.3386
657 82 69 0.378
740 82 64 0.3071
740 82 68 0.3543
822 164 59 0.2598
822 164 68 0.2598
822 164 71 0.2913
986 41 72 0.4331
986 41 69 0.3858
1027 41 69 0.4094
1027 41 72 0.4567
1068 164 76 0.4173
1068 164 64 0.3701
1068 164 73 0.3701
1233 41 74 0.4409
1233 41 77 0.4961
1274 41 77 0.5354
1274 41 74 0.4724
1315 164 69 0.4646
1315 164 81 0.5276
1315 164 78 0.4646
1480 41 67 0.4803
1480 164 72 0.4803
1480 41 79 0.5433
1521 41 67 0.4803
1521 41 79 0.5433
1562 82 76 0.5433
1562 82 68 0.4803
1644 82 72 0.4646
1644 82 69 0.4173
1726 82 71 0.4331
1726 82 68 0.3858
1726 246 64 0.3858
1726 246 76 0.4331
1808 164 69 0.4094
1973 82 59 0.2756
1973 82 56 0.2756
1973 246 64 0.315
1973 246 52 0.315
2055 164 57 0.2677
2220 41 69 0.2992
2220 41 72 0.3465
2261 41 69 0.2992
2261 41 72 0.3465
2302 41 71 0.3307
2302 41 65 0.3307
2302 41 74 0.3701
2343 41 69 0.2992
2343 41 72 0.3465
2384 82 65 0.2992
2384 82 71 0.2992
2384 82 74 0.2992
2466 41 72 0.3701
2466 41 69 0.3307
2507 41 69 0.3307
2507 41 72 0.3701
2548 41 71 0.3465
2548 41 62 0.3071
2548 41 68 0.3071
2590 41 65 0.2992
2590 41 69 0.2992
2631 82 68 0.2913
2631 82 71 0.2913
2631 82 62 0.2913
2713 41 69 0.3543
2713 41 66 0.3071
2754 82 69 0.3622
2754 41 66 0.315
2795 41 60 0.3622
2795 41 72 0.4016
2836 41 71 0.378
2836 41 68 0.3386
2877 41 60 0.3386
2877 41 72 0.378
2877 41 69 0.3386
2919 41 69 0.3622
2919 41 66 0.315
2960 82 64 0.3071
2960 82 68 0.3543
3042 164 68 0.2677
3042 164 71 0.2992
3042 164 59 0.2677
3206 41 72 0.4567
3206 41 69 0.4094
3247 41 72 0.4567
3247 41 69 0.4094
3289 41 76 0.4567
3289 41 73 0.4094
3289 41 64 0.4094
3330 41 71 0.4094
3330 41 65 0.4094
3330 41 74 0.4567
3371 82 76 0.4567
3371 41 64 0.4094
3371 82 73 0.4567
3412 41 79 0.4803
3412 41 69 0.4331
3453 41 74 0.4094
3453 41 77 0.4567
3453 41 69 0.4094
3494 41 74 0.4094
3494 41 69 0.4094
3494 41 77 0.4567
3535 41 81 0.4961
3535 41 78 0.4409
3535 41 72 0.4409
3576 41 77 0.4724
3576 41 80 0.4724
3576 41 71 0.4252
3617 82 81 0.5197
3617 41 72 0.4567
3617 82 78 0.4567
3659 41 84 0.5276
3700 41 79 0.5354
3700 41 72 0.4724
3700 41 67 0.4724
3741 123 72 0.4803
3741 41 67 0.4803
3741 41 79 0.4803
3782 82 68 0.4724
3782 41 77 0.5354
3823 41 76 0.5039
3864 41 74 0.4961
3864 82 69 0.4409
3905 41 72 0.4488
3946 82 71 0.4409
3946 246 64 0.3937
3946 82 68 0.3937
3946 246 76 0.4409
4029 164 69 0.4331
4193 82 59 0.315
4193 82 56 0.2835
4193 246 64 0.315
4193 246 52 0.2835
4275 164 57 0.315
4440 20 76 0.3543
4460 20 88 0.3937
4481 20 86 0.4016
4501 20 74 0.3701
4522 20 77 0.378
4542 20 89 0.3937
4563 20 88 0.4094
4584 20 76 0.378
4604 20 74 0.3858
4625 20 86 0.4252
4645 20 84 0.4016
4666 20 72 0.4016
4686 20 71 0.4331
4707 20 83 0.4409
4727 20 86 0.4094
4748 20 74 0.4252
4769 20 72 0.4016
4789 20 84 0.4016
4810 20 83 0.4409
4830 20 74 0.3858
4851 20 69 0.4094
4871 102 81 0.378
4974 123 69 0.3858
4995 102 81 0.3465
5097 20 67 0.4173
5118 20 79 0.4016
5139 20 78 0.4252
5159 20 66 0.3937
5180 20 71 0.4016
5200 20 83 0.4252
5221 20 81 0.4488
5241 20 69 0.4094
5262 20 67 0.4094
5282 20 79 0.4331
5303 20 78 0.4646
5324 20 66 0.4173
5344 20 69 0.4252
5365 20 81 0.4409
5385 20 84 0.4646
5406 20 72 0.4331
5426 20 71 0.4409
5447 20 83 0.4724
5468 20 86 0.4803
5488 20 74 0.4409
5509 20 77 0.4488
5529 20 89 0.5039
5550 20 88 0.5118
5570 20 76 0.4567
5591 20 74 0.4567
5611 20 86 0.4803
5632 20 89 0.5354
5653 20 77 0.4724
5673 20 76 0.4724
5694 20 88 0.5118
5714 20 86 0.5433
5735 20 74 0.4803
5755 20 77 0.4961
5776 20 89 0.5197
5796 20 88 0.5276
5817 20 76 0.4646
5838 20 74 0.4646
5858 20 86 0.4724
5879 20 84 0.4646
5899 20 72 0.4252
5920 20 71 0.4252
5940 20 83 0.4646
5961 20 86 0.4724
5981 20 74 0.4252
6002 20 72 0.3937
6023 20 84 0.4016
6043 20 83 0.4252
6064 20 74 0.3622
6084 20 69 0.3937
6105 102 81 0.3622
6208 123 69 0.3858
6228 102 81 0.3307
6331 20 67 0.3858
6351 20 79 0.4488
6372 20 78 0.4488
6393 20 66 0.4173
6413 20 71 0.4173
6434 20 83 0.4567
6454 20 81 0.4961
6475 20 69 0.4488
6495 20 67 0.4488
6516 20 79 0.5276
6536 20 78 0.5276
6557 20 66 0.4567
6578 20 69 0.4567
6598 20 81 0.5118
6619 20 84 0.5591
6639 20 72 0.5354
6660 20 71 0.5354
6680 20 83 0.5512
6701 20 86 0.5906
6721 20 74 0.5669
6742 20 77 0.5669
6763 20 89 0.5906
6783 20 88 0.622
6804 20 76 0.5827
6824 20 79 0.5827
6845 20 91 0.5984
6865 20 89 0.622
6886 20 77 0.5827
6906 20 76 0.5827
6927 20 88 0.5827
6948 20 91 0.622
6968 20 79 0.5827
6989 20 77 0.5827
7009 20 89 0.5906
7030 20 88 0.6299
7050 20 76 0.5984
7071 20 81 0.5906
7091 20 93 0.5748
7112 20 89 0.6299
7133 20 77 0.5827
7153 20 79 0.5827
7174 20 91 0.5669
7194 20 88 0.6142
7215 20 76 0.5433
7235 20 77 0.5433
7256 20 89 0.5669
7276 20 86 0.5591
7297 20 74 0.5197
7318 20 76 0.5039
7338 20 88 0.4724
7359 20 85 0.4567
7379 20 73 0.4409
7400 20 76 0.4331
7420 20 88 0.4488
7441 20 86 0.4724
7461 20 74 0.4094
7482 20 72 0.4016
7503 20 84 0.4409
7523 20 83 0.4331
7544 20 71 0.378
7564 20 74 0.3858
7585 20 86 0.4173
7605 20 84 0.4173
7626 20 72 0.378
7646 20 71 0.378
7667 20 83 0.378
7688 82 86 0.378
7708 61 74 0.378
7770 20 72 0.3307
7790 61 84 0.315
7852 82 83 0.3386
7873 61 71 0.2913
7934 205 69 0.2992
7955 185 81 0.2756
8140 246 69 0.2756
8160 226 81 0.2598
8387 246 57 0.4252
8387 82 61 0.4252
8387 82 69 0.4724
8455 178 62 0.2913
8469 20 68 0.4331
8489 143 66 0.4094
8633 82 57 0.4094
8633 82 61 0.4094
8633 82 69 0.4567
8702 178 59 0.2362
8715 20 64 0.4173
8736 143 62 0.378
8880 246 57 0.3701
8880 82 66 0.4094
8962 82 61 0.3937
9044 82 66 0.3465
9127 246 56 0.2756
9127 82 64 0.3071
9209 164 59 0.2992
9373 82 69 0.2756
9373 41 81 0.378
9373 82 73 0.2756
9414 41 81 0.378
9435 20 80 0.3386
9455 164 78 0.2913
9455 164 74 0.1969
9455 164 69 0.1969
9620 82 73 0.252
9620 82 69 0.252
9620 41 81 0.3465
9661 41 81 0.3465
9682 20 76 0.315
9702 164 71 0.1969
9702 164 74 0.2756
9867 246 69 0.3307
9867 41 78 0.3701
9908 41 78 0.3701
9949 82 73 0.3071
10031 82 78 0.3071
10113 246 68 0.2598
10113 82 76 0.2913
10195 164 71 0.252
10401 205 57 0.3622
10401 41 66 0.3858
10442 41 61 0.4646
10483 41 68 0.4016
10524 41 61 0.3937
10565 41 66 0.3622
10648 30 56 0.4173
10648 30 64 0.5039
10730 30 68 0.4567
10730 30 76 0.5433
10812 41 88 0.6142
10812 41 76 0.5197
10812 41 80 0.5197
10853 41 77 0.5354
10853 41 83 0.6299
10894 41 86 0.5748
10894 41 74 0.4803
10936 41 77 0.4724
10936 41 81 0.5669
10977 41 84 0.5512
10977 41 72 0.4567
11018 41 79 0.6063
11018 41 74 0.5118
11059 41 83 0.5118
11059 41 71 0.4252
11100 41 77 0.5984
11100 82 72 0.5118
11141 41 81 0.4961
11182 41 74 0.4646
11182 41 79 0.5276
11223 41 77 0.4803
11223 41 72 0.4252
11264 41 76 0.4646
11264 41 71 0.4173
11306 41 75 0.4331
11306 41 69 0.3937
11347 41 68 0.3701
11347 41 76 0.4094
11388 41 79 0.4488
11388 41 73 0.4488
11429 41 72 0.3937
11429 41 78 0.4331
11470 41 71 0.3701
11470 41 77 0.4094
11511 41 70 0.3465
11511 41 76 0.3858
11552 41 69 0.3622
11552 41 75 0.3622
11593 41 74 0.3465
11593 41 68 0.2992
11634 41 73 0.3307
11634 41 67 0.2913
11676 41 74 0.3465
11676 41 66 0.2992
11717 41 65 0.2913
11717 41 71 0.3307
11758 41 72 0.3465
11758 41 64 0.2992
11799 41 67 0.3465
11799 41 73 0.3858
11840 41 66 0.3701
11840 41 74 0.4094
11881 41 65 0.315
11881 41 71 0.3622
11922 41 64 0.2835
11922 41 72 0.315
11963 41 73 0.2677
11963 41 67 0.2362
12004 41 74 0.2677
12004 41 66 0.2362
12046 41 71 0.2441
12046 41 65 0.2205
12087 41 72 0.3543
12087 41 64 0.3071
12087 41 69 0.3543
12128 41 72 0.378
12128 41 69 0.3386
12169 164 74 0.2598
12169 164 65 0.2283
12169 164 69 0.2283
12333 41 72 0.3622
12333 41 69 0.315
12374 41 72 0.3701
12374 41 69 0.3307
12416 164 68 0.2283
12416 164 62 0.2598
12416 164 71 0.2598
12580 41 66 0.3071
12580 41 69 0.3543
12621 41 66 0.2913
12621 41 69 0.3386
12662 82 60 0.2913
12662 82 72 0.3307
12744 82 69 0.2913
12744 82 66 0.2598
12827 82 68 0.2756
12827 82 64 0.2441
12909 164 68 0.2047
12909 164 59 0.2047
12909 164 71 0.2283
13073 41 69 0.3465
13073 41 72 0.3858
13114 41 72 0.4094
13114 41 69 0.3701
13156 164 73 0.3307
13156 164 64 0.3307
13156 164 76 0.3701
13320 41 74 0.3937
13320 41 77 0.4409
13361 41 74 0.4252
13361 41 77 0.4724
13402 164 78 0.4173
13402 164 69 0.4173
13402 164 81 0.4646
13567 41 79 0.4803
13567 164 72 0.4331
13567 41 67 0.4331
13608 41 67 0.4331
13608 41 79 0.4803
13649 82 76 0.4803
13649 82 68 0.4331
13731 82 69 0.3701
13731 82 72 0.4173
13813 246 64 0.3465
13813 82 68 0.3465
13813 82 71 0.3858
13813 246 76 0.3858
13896 164 69 0.4094
14060 82 59 0.2756
14060 246 52 0.2441
14060 82 56 0.2441
14060 246 64 0.2756
14142 164 57 0.2362
14307 41 72 0.2992
14307 41 69 0.2677
14348 41 69 0.2677
14348 41 72 0.2992
14389 41 71 0.2913
14389 41 74 0.3307
14389 41 65 0.2913
14430 41 72 0.2992
14430 41 69 0.2677
14471 82 71 0.2835
14471 82 65 0.2835
14471 82 74 0.315
14553 41 69 0.2913
14553 41 72 0.3307
14595 41 72 0.2756
14595 41 69 0.2756
14636 41 68 0.315
14636 41 62 0.315
14636 41 71 0.315
14677 41 65 0.2913
14677 41 69 0.2913
14718 82 62 0.2835
14718 82 71 0.2835
14718 82 68 0.2835
14800 41 66 0.2756
14800 41 69 0.3071
14841 41 66 0.2835
14841 82 69 0.315
14882 41 60 0.315
14882 41 72 0.3622
14923 41 68 0.2913
14923 41 71 0.3386
14965 41 69 0.2913
14965 41 60 0.2913
14965 41 72 0.3386
15006 41 66 0.2835
15006 41 69 0.315
15047 82 64 0.2756
15047 82 68 0.3071
15129 164 59 0.2362
15129 164 71 0.2677
15129 164 68 0.2362
15293 41 69 0.315
15293 41 72 0.3622
15335 41 69 0.315
15335 41 72 0.3622
15376 82 67 0.3701
15376 82 73 0.3701
15376 82 76 0.4173
15458 82 71 0.4173
15458 82 77 0.4646
15458 82 65 0.4173
15540 246 79 0.5669
15540 246 73 0.5039
15787 41 77 0.4409
15787 41 74 0.3937
15828 41 74 0.4331
15828 41 77 0.4803
15869 41 78 0.4961
15869 41 81 0.5512
15869 41 72 0.5512
15910 41 79 0.5669
15910 41 70 0.4488
15951 41 76 0.5118
15951 41 73 0.5118
15951 41 82 0.5669
15992 41 69 0.5039
15992 41 81 0.5591
15992 41 78 0.5039
16033 246 72 0.5748
16033 246 84 0.6378
16033 246 78 0.5748
16280 164 72 0.4252
16280 82 67 0.4252
16280 41 79 0.4724
16321 41 79 0.4724
16362 41 77 0.4409
16362 82 68 0.4409
16404 41 76 0.4252
16445 41 74 0.4252
16445 82 69 0.4252
16486 41 72 0.3937
16527 82 68 0.3543
16527 246 76 0.3937
16527 246 64 0.3543
16527 82 71 0.3937
16609 164 69 0.3858
16774 164 56 0.252
16774 164 64 0.2835
16774 164 59 0.2835
16774 328 52 0.252
16938 164 57 0.2283
0 27 33 0.3386
27 27 45 0.3543
54 27 52 0.378
82 164 45 0.2441
82 164 50 0.2756
246 27 33 0.315
274 27 45 0.3622
301 27 52 0.3858
328 164 45 0.2283
328 164 53 0.2598
493 27 33 0.3307
520 27 45 0.3307
548 27 48 0.3307
575 164 45 0.252
575 164 51 0.2835
740 27 40 0.2598
767 27 47 0.2362
794 191 52 0.2283
822 164 40 0.2205
986 27 33 0.3307
1014 27 45 0.3622
1041 27 52 0.3937
1068 164 45 0.315
1068 164 57 0.3622
1233 27 38 0.378
1260 27 50 0.4016
1288 27 57 0.4252
1315 164 51 0.3622
1315 164 60 0.4016
1480 27 40 0.3858
1507 27 52 0.3858
1534 27 55 0.3858
1562 123 60 0.3622
1562 82 52 0.315
1644 82 53 0.3071
1685 41 57 0.2047
1726 41 52 0.378
1767 205 52 0.3543
1808 82 48 0.315
1891 82 45 0.2835
1973 41 40 0.3071
2014 41 40 0.3071
2055 82 36 0.3307
2137 109 33 0.252
2247 27 45 0.2283
2274 27 52 0.2205
2302 27 45 0.2205
2329 27 50 0.2205
2357 27 53 0.2205
2384 82 45 0.2205
2466 27 33 0.2205
2494 27 45 0.2283
2521 27 52 0.2362
2548 27 45 0.2283
2576 27 53 0.2205
2603 27 50 0.2205
2631 82 45 0.2205
2713 27 33 0.2283
2740 27 45 0.252
2768 27 48 0.2677
2795 27 45 0.2913
2823 27 54 0.2756
2850 27 51 0.2756
2877 27 45 0.2598
2905 27 54 0.2598
2932 27 51 0.2598
2960 246 40 0.2362
2987 27 47 0.252
3014 191 52 0.252
3206 27 33 0.3386
3234 27 45 0.3386
3261 27 52 0.3386
3289 27 45 0.3386
3316 27 57 0.3386
3343 27 50 0.3386
3371 27 45 0.3543
3398 27 57 0.3543
3426 27 52 0.3622
3453 27 38 0.3307
3480 27 50 0.3465
3508 27 57 0.3465
3535 27 51 0.3701
3563 27 60 0.3622
3590 27 57 0.3622
3617 27 51 0.378
3645 27 60 0.3858
3672 27 57 0.3858
3700 27 40 0.3937
3727 27 52 0.3622
3754 27 55 0.3701
3782 82 52 0.4016
3809 54 60 0.3701
3864 82 53 0.3937
3892 54 57 0.3701
3946 41 52 0.3858
3987 205 52 0.3858
4029 41 50 0.378
4070 42 48 0.3622
4111 42 47 0.3386
4152 41 45 0.315
4234 41 40 0.3071
4275 42 38 0.2913
4316 42 36 0.2756
4357 42 35 0.2598
4399 41 33 0.2441
4440 41 68 0.2756
4440 41 64 0.2283
4481 82 69 0.2205
4481 41 65 0.1811
4522 41 62 0.2205
4563 41 68 0.2598
4563 41 64 0.2205
4604 82 69 0.2362
4604 41 65 0.1969
4645 41 62 0.2283
4686 41 64 0.2283
4686 41 68 0.2756
4727 41 65 0.2205
4727 82 69 0.2598
4769 41 62 0.2283
4810 41 68 0.2756
4810 41 64 0.2283
4851 82 69 0.2126
4851 41 65 0.252
4892 41 62 0.2283
4933 41 59 0.2283
4933 41 63 0.2677
4974 41 60 0.189
4974 82 64 0.2283
5015 41 57 0.2047
5056 41 59 0.189
5056 41 63 0.2283
5097 82 64 0.2126
5097 41 60 0.1811
5139 41 57 0.1969
5180 41 59 0.1969
5180 41 63 0.2362
5221 82 64 0.2205
5221 41 60 0.1811
5262 41 57 0.2047
5303 41 59 0.2126
5303 41 63 0.252
5344 41 60 0.189
5344 41 64 0.2283
5385 41 57 0.2205
5385 41 66 0.2598
5426 41 64 0.2283
5426 41 68 0.2677
5468 82 69 0.2362
5468 41 65 0.1969
5509 41 62 0.2283
5550 41 64 0.2283
5550 41 68 0.2756
5591 82 69 0.252
5591 41 65 0.2126
5632 41 62 0.2283
5673 41 64 0.2362
5673 41 68 0.2835
5714 82 69 0.2756
5714 41 65 0.2283
5755 41 62 0.2441
5796 41 64 0.2441
5796 41 68 0.2913
5838 82 69 0.2756
5838 41 65 0.2283
5879 41 62 0.2283
5920 41 64 0.2283
5920 41 68 0.2677
5961 82 69 0.2283
5961 41 65 0.189
6002 41 62 0.1969
6043 41 68 0.2756
6043 41 64 0.2283
6084 82 69 0.252
6084 41 65 0.2126
6125 41 62 0.2283
6166 41 59 0.2283
6166 41 63 0.2677
6208 41 60 0.189
6208 82 64 0.2283
6249 41 57 0.2047
6290 41 59 0.189
6290 41 63 0.2283
6331 82 64 0.2126
6331 41 60 0.1811
6372 41 57 0.2205
6413 41 59 0.2205
6413 41 63 0.2598
6454 82 64 0.2441
6454 41 60 0.2047
6495 41 57 0.2441
6536 41 59 0.2441
6536 41 63 0.2913
6578 41 60 0.2205
6578 41 64 0.2598
6619 41 57 0.2677
6619 41 66 0.315
6660 41 64 0.2677
6660 41 68 0.315
6701 41 69 0.3071
6701 41 65 0.2598
6742 41 71 0.3071
6742 41 62 0.2913
6783 41 69 0.2913
6783 41 73 0.3543
6824 82 74 0.3386
6824 41 70 0.2756
6865 41 67 0.315
6906 41 69 0.315
6906 41 73 0.3858
6948 82 74 0.3701
6948 41 70 0.3071
6989 41 67 0.315
7030 41 73 0.3858
7030 41 69 0.315
7071 123 74 0.3701
7071 41 65 0.3071
7112 41 70 0.315
7153 41 64 0.315
7194 82 72 0.3543
7194 41 69 0.2913
7235 41 62 0.2992
7276 82 70 0.3543
7276 41 67 0.2913
7318 41 61 0.2677
7359 164 69 0.3465
7359 41 65 0.2835
7400 82 59 0.2835
7482 41 62 0.2677
7523 41 68 0.3071
7523 41 64 0.2598
7564 82 69 0.2756
7564 41 65 0.2283
7605 41 62 0.2598
7646 41 64 0.2598
7646 41 68 0.3071
7688 82 69 0.2441
7688 41 65 0.2047
7729 41 62 0.2283
7770 41 68 0.2677
7770 41 64 0.2283
7811 82 69 0.2283
7811 41 65 0.189
7852 41 62 0.2205
7893 41 64 0.2205
7893 41 68 0.2598
7934 41 61 0.189
7934 41 69 0.2283
7975 41 62 0.1811
7975 41 65 0.2126
8016 41 59 0.1732
8016 41 67 0.2047
8058 41 61 0.1732
8058 41 64 0.2047
8099 41 57 0.1654
8099 41 65 0.1969
8140 41 59 0.1654
8140 41 62 0.1969
8181 41 55 0.1496
8181 41 64 0.189
8222 41 57 0.1417
8222 41 61 0.1811
8263 41 54 0.1417
8263 41 64 0.1811
8304 41 53 0.1417
8304 41 57 0.1811
8345 41 50 0.1417
8345 41 62 0.1811
8387 27 33 0.4016
8414 219 45 0.378
8441 27 52 0.3386
8469 164 50 0.2913
8633 27 33 0.3465
8661 219 45 0.3307
8688 27 52 0.2913
8715 164 54 0.252
8880 27 33 0.3701
8907 219 45 0.3307
8935 27 49 0.3307
8962 164 51 0.3307
9127 164 40 0.3071
9168 41 47 0.2677
9209 164 52 0.252
9373 27 45 0.3071
9401 27 57 0.3071
9428 27 64 0.3071
9455 164 57 0.1969
9455 164 62 0.2205
9620 27 45 0.2835
9647 27 57 0.2835
9675 27 64 0.2835
9702 164 57 0.189
9702 164 66 0.2126
9867 27 45 0.3307
9894 27 57 0.3307
9921 27 61 0.3071
9949 164 57 0.252
9949 164 63 0.2835
10113 246 52 0.2992
10154 41 59 0.2362
10195 164 64 0.252
10360 27 33 0.4252
10387 137 45 0.3622
10415 27 49 0.4016
10442 164 51 0.4567
10524 82 45 0.3622
10607 41 40 0.3858
10607 41 47 0.4252
10689 30 52 0.4252
10689 30 59 0.4803
10771 30 64 0.4646
10771 30 71 0.5276
10853 246 64 0.5197
10853 41 74 0.5197
10894 41 71 0.4488
10936 41 72 0.4803
10977 41 69 0.4488
11018 41 71 0.4803
11059 41 67 0.4331
11100 246 64 0.2992
11100 82 69 0.4567
11182 41 71 0.4409
11223 41 69 0.4173
11264 41 67 0.4094
11306 41 65 0.3701
11347 41 64 0.3465
11388 41 57 0.378
11429 41 50 0.3622
11470 41 43 0.2992
11511 41 36 0.2913
11552 41 41 0.2677
11593 41 40 0.252
11634 41 45 0.252
11676 41 38 0.252
11717 41 31 0.252
11758 41 36 0.252
11799 41 45 0.252
11840 41 38 0.2756
11881 41 31 0.2756
11922 41 36 0.2441
11963 41 45 0.2441
12004 41 38 0.2205
12046 41 26 0.2205
12087 27 33 0.2913
12114 27 45 0.2756
12141 27 52 0.2913
12169 164 45 0.2205
12169 164 50 0.2441
12333 27 33 0.252
12361 27 45 0.2835
12388 27 52 0.2992
12416 164 45 0.2047
12416 164 53 0.2283
12580 27 33 0.2598
12607 27 45 0.2598
12635 27 48 0.2598
12662 164 45 0.1969
12662 164 51 0.2205
12827 246 40 0.2047
12854 27 47 0.2126
12882 191 52 0.2126
13073 27 33 0.2913
13101 27 45 0.315
13128 27 52 0.3543
13156 164 45 0.2835
13156 164 57 0.315
13320 27 38 0.3386
13347 27 50 0.3622
13375 27 57 0.378
13402 164 51 0.315
13402 164 60 0.3622
13567 27 40 0.3465
13594 27 52 0.3465
13622 27 55 0.3465
13649 123 60 0.315
13649 82 52 0.2835
13731 82 53 0.2913
13772 41 57 0.252
13813 41 52 0.3701
13855 205 52 0.3622
13896 82 48 0.3465
13978 82 45 0.3622
14101 41 40 0.2756
14142 82 36 0.2913
14225 109 33 0.2205
14334 27 45 0.2047
14362 27 52 0.1969
14389 27 45 0.1969
14416 27 50 0.1969
14444 27 53 0.1969
14471 82 45 0.1969
14553 27 33 0.1969
14581 27 45 0.2047
14608 27 52 0.2126
14636 27 45 0.2205
14663 27 53 0.2126
14690 27 50 0.2126
14718 82 45 0.2126
14800 27 33 0.2047
14828 27 45 0.2205
14855 27 48 0.2362
14882 27 45 0.2598
14910 27 54 0.2441
14937 27 51 0.2441
14965 27 45 0.2283
14992 27 54 0.2283
15019 27 51 0.2283
15047 246 40 0.2126
15074 27 47 0.2205
15102 191 52 0.2205
15293 27 33 0.2756
15321 27 45 0.2913
15348 27 52 0.3071
15376 27 45 0.3307
15403 27 57 0.3465
15431 27 50 0.3701
15458 27 62 0.3622
15485 301 57 0.378
15513 274 69 0.3937
15540 246 64 0.4173
15787 27 38 0.3307
15814 27 50 0.3543
15842 27 57 0.3858
15869 27 50 0.4094
15896 27 62 0.4331
15924 27 55 0.4252
15951 27 67 0.4567
15979 137 62 0.4567
16006 27 74 0.4961
16033 246 69 0.5197
16116 164 63 0.4724
16280 27 40 0.3543
16308 27 52 0.3543
16335 27 55 0.3307
16362 82 52 0.315
16390 54 60 0.2913
16445 82 53 0.2913
16472 54 57 0.2913
16527 41 52 0.2913
16568 205 52 0.2677
16609 42 50 0.2913
16650 42 48 0.2756
16691 42 47 0.2992
16732 41 45 0.2677
16815 41 40 0.2441
16856 82 38 0.2283
16938 82 36 0.2126
17020 82 35 0.1969
17102 82 33 0.2047
