0 54 77 0.4724
54 18 74 0.4173
72 9 70 0.4331
109 9 70 0.4331
145 36 75 0.4724
181 9 79 0.4331
218 36 69 0.4094
290 18 72 0.4331
309 9 70 0.4173
327 18 74 0.4488
345 9 72 0.4252
363 18 75 0.4567
381 9 74 0.4409
399 18 77 0.4724
418 9 75 0.4488
436 54 74 0.4724
490 9 75 0.4488
499 9 74 0.4173
509 18 72 0.4094
527 18 74 0.4252
545 18 75 0.4331
563 18 76 0.4488
581 54 77 0.4646
636 6 75 0.4173
642 6 74 0.4173
648 6 72 0.4173
654 9 70 0.4409
690 9 70 0.4409
727 36 75 0.4724
763 9 79 0.4331
799 36 69 0.4567
854 18 69 0.4094
872 18 70 0.4567
890 9 74 0.4331
909 18 67 0.4567
927 9 72 0.4331
945 36 70 0.4567
981 36 69 0.4331
1018 18 70 0.4567
1036 9 65 0.4409
1054 9 67 0.4724
1072 9 69 0.4961
1090 9 70 0.5276
1109 9 72 0.5512
1127 9 74 0.5827
1145 9 75 0.6063
1163 54 77 0.6693
1218 18 74 0.5827
1236 18 70 0.6142
1272 18 70 0.6142
1309 7 75 0.6693
1316 7 77 0.5669
1323 7 75 0.4803
1330 7 74 0.5512
1338 7 75 0.5669
1345 36 79 0.6142
1381 36 69 0.6378
1454 18 72 0.6142
1472 9 70 0.5827
1490 18 74 0.6378
1509 9 72 0.6063
1527 18 75 0.6457
1545 9 74 0.622
1563 18 77 0.6693
1581 9 75 0.6378
1599 54 74 0.6693
1654 9 75 0.6378
1663 9 74 0.6378
1672 18 72 0.5748
1690 18 74 0.6063
1709 18 75 0.6142
1727 18 76 0.6378
1745 54 77 0.6535
1799 6 75 0.5827
1806 6 74 0.5827
1812 6 72 0.5827
1818 9 70 0.622
1836 9 70 0.5984
1854 9 70 0.622
1872 9 70 0.5984
1890 7 75 0.6693
1898 7 77 0.5669
1905 7 75 0.4803
1912 7 74 0.5512
1919 7 75 0.5669
1927 36 79 0.6142
1963 36 69 0.6457
2018 18 81 0.6063
2036 12 82 0.6693
2048 12 77 0.5827
2060 12 74 0.5669
2072 12 79 0.6614
2084 12 75 0.5748
2096 12 72 0.5827
2109 12 77 0.6614
2121 12 74 0.5906
2133 12 70 0.5827
2145 12 75 0.6614
2157 12 72 0.5827
2169 12 69 0.5827
2181 36 70 0.6535
2236 18 65 0.4173
2254 9 70 0.4567
2272 9 69 0.4173
2290 9 70 0.4331
2309 9 72 0.4173
2327 9 74 0.4331
2363 13 74 0.4409
2363 13 70 0.4409
2399 36 70 0.4646
2399 36 74 0.4646
2436 36 75 0.4331
2436 36 72 0.4331
2472 36 72 0.4252
2472 36 69 0.4252
2527 18 65 0.4331
2545 9 72 0.4488
2563 9 70 0.4331
2581 9 72 0.4409
2599 9 74 0.4173
2618 9 75 0.4409
2654 13 67 0.4409
2654 13 75 0.4409
2690 36 72 0.4567
2690 36 75 0.4567
2727 36 77 0.4409
2727 36 69 0.4409
2763 36 70 0.4252
2763 36 74 0.4252
2818 18 70 0.5748
2836 9 74 0.622
2854 9 72 0.5669
2872 9 74 0.5906
2890 9 76 0.5669
2909 36 77 0.622
2957 12 77 0.6063
2969 12 79 0.622
2981 12 81 0.6457
2993 12 79 0.5984
3006 12 77 0.5984
3018 12 76 0.622
3030 12 74 0.6063
3042 12 72 0.5984
3054 36 70 0.5906
3103 12 76 0.5748
3115 12 77 0.5984
3127 12 79 0.6299
3139 12 77 0.622
3151 12 76 0.6142
3163 12 74 0.6063
3175 12 72 0.5984
3187 12 70 0.5906
3199 9 69 0.5748
3209 9 72 0.5433
3218 9 70 0.5591
3227 9 69 0.5669
3236 9 70 0.5827
3245 9 72 0.5984
3254 9 74 0.6063
3263 9 76 0.622
3272 9 77 0.6378
3281 9 79 0.6457
3290 9 81 0.6614
3299 9 82 0.6772
3309 9 84 0.685
3327 8 69 0.4646
3327 8 65 0.4646
3345 36 69 0.4409
3345 36 65 0.4409
3381 18 67 0.4094
3381 18 64 0.4094
3418 54 79 0.5984
3472 9 76 0.4724
3481 9 72 0.4724
3490 36 77 0.5276
3527 36 78 0.5512
3563 54 79 0.5827
3618 9 76 0.4803
3627 9 72 0.4803
3636 36 77 0.5118
3709 9 79 0.5906
3727 36 79 0.5906
3763 9 76 0.4803
3772 9 72 0.4803
3781 9 77 0.5039
3799 9 77 0.5354
3818 9 78 0.5591
3836 9 78 0.5591
3854 9 79 0.6063
3872 36 79 0.6063
3909 9 76 0.4724
3918 9 72 0.4882
3927 36 77 0.5197
3999 10 78 0.5433
4009 10 79 0.5512
4018 10 81 0.5591
4027 10 79 0.5591
4036 10 77 0.5669
4045 10 76 0.5748
4054 10 74 0.5827
4063 10 72 0.5906
4072 9 77 0.6299
4081 9 72 0.5984
4090 9 81 0.6299
4099 9 77 0.5984
4109 9 84 0.6299
4118 9 81 0.5984
4127 9 84 0.6299
4136 9 81 0.5906
4145 10 84 0.6142
4154 10 82 0.6142
4163 10 81 0.6063
4172 10 79 0.5984
4181 10 77 0.5984
4190 10 75 0.5984
4199 10 74 0.5906
4209 10 72 0.5906
4218 9 74 0.622
4227 9 70 0.5827
4236 9 77 0.6378
4245 9 74 0.5906
4254 9 82 0.6614
4263 9 77 0.622
4272 9 86 0.6457
4281 9 82 0.6299
4290 10 86 0.6142
4299 10 84 0.5984
4309 10 82 0.5906
4318 10 81 0.5748
4327 10 79 0.5669
4336 10 77 0.5433
4345 10 76 0.5276
4354 10 74 0.5118
4363 72 72 0.4961
4436 6 79 0.5276
4442 6 81 0.4803
4448 6 79 0.4646
4454 6 81 0.5276
4460 6 79 0.4646
4466 6 81 0.4646
4472 6 79 0.4803
4478 6 81 0.5276
4484 6 79 0.5276
4490 9 77 0.5433
4499 9 79 0.5512
4509 9 81 0.5669
4518 9 82 0.5827
4527 9 84 0.5827
4536 9 82 0.5669
4545 9 81 0.5591
4554 9 79 0.5512
4563 9 77 0.5354
4572 9 76 0.5276
4581 9 77 0.5433
4590 9 79 0.5591
4599 9 81 0.5669
4609 9 79 0.5512
4618 9 77 0.5433
4627 9 75 0.5433
4636 9 74 0.5354
4645 9 73 0.5276
4654 9 74 0.5276
4663 9 76 0.5512
4672 9 77 0.5669
4681 9 76 0.5591
4690 9 74 0.5512
4699 9 72 0.5433
4709 9 70 0.5354
4718 9 69 0.5354
4727 9 67 0.5276
4736 9 69 0.5354
4745 9 70 0.5433
4754 9 69 0.5354
4763 9 67 0.5197
4772 9 65 0.5118
4781 9 64 0.4961
4790 9 62 0.4803
4799 18 60 0.4724
4818 9 62 0.4724
4827 9 64 0.4803
4836 9 65 0.4882
4845 9 67 0.5039
4854 9 69 0.5118
4863 9 70 0.5197
4872 9 72 0.5276
4881 9 74 0.5433
4890 9 76 0.5512
4899 9 77 0.5591
4909 9 79 0.5748
4918 9 81 0.5827
4927 9 82 0.5906
4936 9 84 0.6063
4945 6 77 0.5591
4951 6 79 0.5039
4957 6 81 0.4567
4963 6 79 0.5039
4969 6 81 0.4567
4975 6 79 0.5118
4981 6 81 0.4882
4987 6 79 0.5276
4993 6 81 0.4803
4999 6 79 0.5354
5006 6 81 0.4803
5012 6 79 0.5433
5018 6 81 0.5039
5024 6 79 0.5512
5030 6 81 0.5039
5036 6 79 0.5512
5042 6 81 0.5197
5048 6 79 0.5433
5054 9 81 0.5669
5063 9 79 0.5669
5072 9 77 0.5748
5081 9 79 0.5512
5090 9 77 0.5984
5109 9 77 0.5669
5145 9 77 0.4331
5163 9 77 0.4488
5181 9 77 0.4252
5218 9 77 0.4331
5236 9 77 0.4488
5254 9 77 0.4173
5290 9 77 0.4724
5309 9 77 0.5039
5327 9 77 0.4724
5363 9 77 0.5433
5381 9 77 0.5669
5399 9 77 0.5433
5436 9 77 0.622
5454 9 77 0.6457
5472 9 77 0.6142
5509 9 77 0.6299
5527 18 77 0.6772
5545 9 81 0.6378
5563 18 81 0.6772
5581 9 84 0.6378
5599 18 84 0.6772
5618 9 87 0.6378
5636 18 87 0.6772
5654 9 84 0.5906
5672 18 84 0.6378
5690 9 81 0.5748
5709 18 81 0.622
5727 9 77 0.5591
5745 18 77 0.5354
5763 9 76 0.4488
5781 18 76 0.4488
5799 9 77 0.4488
5818 54 77 0.5276
5872 18 74 0.4173
5890 9 70 0.4331
5927 9 70 0.4173
5963 36 75 0.4724
5999 9 79 0.4331
6036 36 69 0.4488
6109 18 72 0.4331
6127 9 70 0.4173
6145 18 74 0.4488
6163 9 72 0.4252
6181 18 75 0.4567
6199 9 74 0.4409
6218 18 77 0.4724
6236 9 75 0.4488
6254 54 74 0.4724
6309 9 75 0.4488
6318 9 74 0.4488
6327 18 72 0.4094
6345 18 74 0.4252
6363 18 75 0.4331
6381 18 76 0.4488
6399 54 77 0.4646
6454 6 75 0.4173
6460 6 74 0.4173
6466 6 72 0.4173
6472 9 70 0.4409
6509 9 70 0.4409
6545 36 75 0.4724
6581 9 79 0.4331
6618 36 69 0.4567
6672 18 69 0.4252
6690 18 70 0.4567
6709 9 74 0.4331
6727 18 67 0.4567
6745 9 72 0.4331
6763 36 70 0.4567
6799 36 69 0.4331
6836 18 70 0.4567
6854 9 65 0.4409
6872 9 67 0.4724
6890 9 69 0.4961
6909 9 70 0.5276
6927 9 72 0.5512
6945 9 74 0.5827
6963 9 75 0.6063
6981 54 77 0.6693
7036 18 74 0.5827
7054 18 70 0.6142
7090 18 70 0.6142
7127 7 75 0.6693
7134 7 77 0.4803
7141 7 75 0.4803
7149 7 74 0.4803
7156 7 75 0.4803
7163 36 79 0.6142
7199 36 69 0.6378
7272 18 72 0.6142
7290 9 70 0.5591
7309 18 74 0.6378
7327 9 72 0.5906
7345 18 75 0.6457
7363 9 74 0.6063
7381 18 77 0.6693
7399 9 75 0.6378
7418 54 74 0.6693
7472 9 75 0.6142
7481 9 74 0.5984
7490 18 72 0.5748
7509 18 74 0.6063
7527 18 75 0.6142
7545 18 76 0.6378
7563 54 77 0.6535
7618 6 75 0.5827
7624 6 74 0.5827
7630 6 72 0.5827
7636 9 70 0.622
7654 9 70 0.622
7672 9 70 0.622
7690 9 70 0.622
7709 7 75 0.6693
7716 7 77 0.4803
7723 7 75 0.4803
7730 7 74 0.4803
7738 7 75 0.4803
7745 36 79 0.6142
7781 36 69 0.6457
7836 18 81 0.6063
7854 12 82 0.6693
7866 12 77 0.5906
7878 12 74 0.5827
7890 12 79 0.6614
7903 12 75 0.5906
7915 12 72 0.5906
7927 12 77 0.6614
7939 12 74 0.5827
7951 12 70 0.5827
7963 12 75 0.6614
7975 12 72 0.5827
7987 12 69 0.5669
7999 36 70 0.6535
8054 18 65 0.4331
8072 9 70 0.4567
8090 9 69 0.4094
8109 9 70 0.4331
8127 9 72 0.4016
8145 9 74 0.4331
8181 13 70 0.4409
8181 13 74 0.4409
8218 36 70 0.4646
8218 36 74 0.4646
8254 36 72 0.4331
8254 36 75 0.4331
8290 36 72 0.4252
8290 36 69 0.4252
8345 18 65 0.4331
8363 9 72 0.4488
8381 9 70 0.4252
8399 9 72 0.4409
8418 9 74 0.4252
8436 9 75 0.4409
8472 13 67 0.4409
8472 13 75 0.4409
8509 34 75 0.4567
8509 34 72 0.4567
8545 36 77 0.4409
8545 36 69 0.4409
8581 36 74 0.4252
8581 36 70 0.4252
8636 18 70 0.4567
8654 9 74 0.5039
8672 9 72 0.4646
8690 9 74 0.5039
8709 9 75 0.5276
8727 27 77 0.5591
8763 27 77 0.5984
8799 27 77 0.622
8836 27 77 0.6457
8872 145 78 0.7165
8890 18 72 0.4646
8909 18 74 0.4646
8927 13 75 0.4961
8945 18 75 0.4961
8963 13 74 0.4882
8981 18 74 0.4803
8999 13 72 0.4488
9018 72 70 0.5512
9018 72 79 0.5512
9090 72 73 0.5039
9163 36 74 0.5433
9227 9 62 0.4961
9236 34 74 0.6299
9272 36 74 0.5984
9309 54 82 0.6693
9363 6 81 0.5906
9369 6 79 0.5669
9375 6 78 0.5669
9381 36 79 0.622
9418 36 74 0.5748
9454 36 75 0.6299
9518 9 67 0.5591
9527 34 79 0.6772
9563 36 79 0.6535
9599 54 87 0.7953
9654 6 86 0.5906
9660 6 84 0.5591
9666 6 83 0.5591
9672 36 84 0.622
9709 36 75 0.6142
9745 36 74 0.5827
9799 18 73 0.5433
9818 18 74 0.5748
9836 9 82 0.5669
9854 9 81 0.5591
9872 9 79 0.5433
9890 27 78 0.5827
9918 4 79 0.5039
9922 4 81 0.5039
9927 9 79 0.6142
9945 9 79 0.5827
9963 18 85 0.6535
9981 18 86 0.6142
9999 9 82 0.5827
10018 9 79 0.5827
10036 27 78 0.6063
10063 4 79 0.5197
10068 4 81 0.5197
10072 9 79 0.6063
10090 18 74 0.5276
10109 9 79 0.5591
10127 9 79 0.5591
10145 9 79 0.5591
10163 9 79 0.5591
10181 27 79 0.6142
10209 4 81 0.4961
10213 4 82 0.4961
10218 9 81 0.5906
10236 9 79 0.5669
10254 9 77 0.5669
10272 9 75 0.5512
10290 9 74 0.5354
10309 9 73 0.5276
10327 18 73 0.5591
10345 18 74 0.5354
10363 27 74 0.4646
10399 27 74 0.4567
10436 27 74 0.4252
10472 6 73 0.315
10478 6 74 0.3465
10484 6 75 0.3858
10490 127 74 0.4882
10618 145 77 0.5669
10763 145 62 0.5827
10763 145 56 0.5827
10909 36 55 0.5827
10909 99 63 0.5827
11009 9 58 0.3543
11018 27 62 0.3858
11045 9 58 0.3622
11054 27 63 0.4094
11081 9 58 0.3858
11090 27 65 0.4016
11118 9 58 0.4016
11127 27 67 0.4173
11154 9 58 0.4252
11163 27 68 0.4409
11190 9 58 0.4252
11199 99 65 0.4488
11299 9 58 0.3937
11309 27 64 0.4094
11336 9 58 0.4173
11345 27 65 0.4331
11372 9 58 0.4016
11381 27 67 0.4094
11409 9 58 0.4252
11418 27 68 0.4409
11445 9 58 0.4409
11454 27 70 0.4488
11481 9 58 0.4331
11490 36 67 0.4567
11545 9 70 0.4961
11563 27 75 0.5276
11590 9 77 0.5433
11599 27 79 0.5669
11627 4 70 0.4961
11636 27 72 0.5197
11663 9 74 0.5354
11672 27 75 0.5591
11699 4 67 0.4961
11709 27 68 0.5118
11736 9 70 0.5276
11745 27 72 0.5512
11772 4 68 0.4961
11781 36 67 0.4803
11836 9 70 0.4961
11854 27 75 0.5118
11881 9 77 0.5276
11890 27 79 0.5512
11918 4 71 0.4961
11927 27 72 0.5197
11954 9 74 0.5276
11963 27 75 0.5591
11990 4 67 0.4803
11999 27 68 0.4961
12027 9 70 0.5039
12036 27 72 0.5354
12063 4 68 0.4803
12072 36 67 0.4488
12127 18 67 0.3858
12145 18 70 0.4173
12163 18 69 0.3858
12199 18 69 0.4252
12218 18 72 0.4567
12236 18 70 0.4331
12272 18 71 0.4803
12290 18 74 0.5197
12309 9 72 0.4724
12327 18 75 0.5591
12345 9 74 0.4882
12363 18 77 0.5827
12381 9 75 0.4961
12399 18 77 0.622
12418 9 76 0.5433
12436 18 79 0.6772
12454 9 77 0.5827
12472 18 80 0.7165
12490 9 79 0.6535
12509 18 82 0.7795
12527 9 80 0.6535
12636 18 77 0.3858
12654 27 79 0.4094
12681 9 75 0.3858
12690 27 72 0.4173
12718 9 77 0.3858
12727 36 75 0.4173
12763 36 74 0.3858
12799 18 82 0.7638
12818 18 80 0.685
12927 18 77 0.378
12945 27 79 0.4016
12972 9 75 0.378
12981 27 72 0.4016
13009 9 77 0.378
13018 36 75 0.4016
13054 36 74 0.378
13090 9 67 0.5433
13099 45 79 0.5827
13145 18 75 0.4409
13163 18 72 0.4016
13199 18 72 0.3701
13236 36 77 0.4331
13272 36 80 0.4409
13309 18 71 0.3622
13363 18 71 0.3622
13381 18 74 0.4094
13399 18 72 0.3858
13418 18 75 0.4331
13436 18 74 0.3937
13454 18 77 0.4567
13472 18 75 0.4173
13509 18 71 0.3622
13527 18 74 0.3937
13545 18 72 0.378
13563 18 75 0.4331
13581 18 74 0.4016
13599 18 77 0.4567
13618 18 75 0.4016
13636 18 77 0.4882
13654 18 76 0.4409
13672 54 77 0.5906
13727 18 74 0.3465
13745 18 70 0.378
13781 18 70 0.378
13818 36 75 0.4094
13854 36 78 0.3858
13890 18 69 0.4094
13945 18 69 0.3465
13963 18 72 0.3858
13981 18 70 0.3701
13999 18 73 0.4016
14018 18 72 0.3701
14036 18 75 0.4252
14054 18 73 0.4016
14090 18 69 0.3543
14109 18 72 0.3937
14127 18 70 0.3543
14145 18 73 0.4094
14163 18 72 0.378
14181 18 75 0.4331
14199 18 73 0.3937
14236 9 73 0.4016
14254 18 73 0.4331
14272 18 71 0.4094
14309 17 71 0.378
14327 18 71 0.4173
14345 18 70 0.3858
14381 17 70 0.4094
14399 18 70 0.5591
14418 18 80 0.5748
14454 17 80 0.5827
14472 18 80 0.6142
14490 18 78 0.5906
14527 17 78 0.5984
14545 18 78 0.6378
14563 18 77 0.6142
14599 17 77 0.6614
14618 18 77 0.7008
14636 18 76 0.6614
14672 18 76 0.7165
14690 18 82 0.7323
14709 6 84 0.5984
14715 6 82 0.6142
14721 6 81 0.6299
14727 18 82 0.622
14745 18 84 0.6772
14763 36 85 0.7244
14799 36 76 0.7008
14836 18 77 0.7165
14854 18 76 0.622
14872 18 77 0.6693
14890 18 72 0.5827
14909 18 75 0.6142
14927 18 73 0.5512
14945 18 72 0.5354
14963 18 70 0.5039
14981 18 78 0.5984
14999 18 77 0.5591
15018 18 76 0.5591
15036 18 77 0.4803
15054 18 75 0.5197
15072 18 73 0.4724
15090 18 72 0.4409
15109 18 70 0.4173
15127 36 69 0.3937
15127 36 72 0.3937
15163 36 70 0.4882
15163 36 73 0.4882
15199 36 72 0.4488
15199 36 69 0.4488
15236 36 70 0.4882
15236 36 76 0.4882
15272 36 77 0.5118
15272 36 69 0.5118
15309 36 73 0.4882
15309 36 70 0.4882
15345 36 72 0.4488
15345 36 69 0.4488
15381 36 70 0.4882
15381 36 76 0.4882
15418 17 77 0.5354
15418 17 69 0.5354
15436 18 77 0.5354
15472 17 77 0.4724
15490 17 77 0.5039
15509 18 77 0.4724
15545 17 77 0.4724
15563 17 77 0.4961
15581 18 77 0.4724
15618 17 77 0.5039
15636 17 77 0.5276
15654 18 77 0.5039
15690 17 77 0.5433
15709 17 77 0.5669
15727 18 77 0.5827
15763 17 77 0.622
15781 17 77 0.6457
15799 18 77 0.6614
15836 17 77 0.6772
15854 9 77 0.6772
15872 18 65 0.5276
15890 18 64 0.5197
15909 18 65 0.5118
15927 18 66 0.5039
15945 18 67 0.4961
15963 18 68 0.4882
15981 18 69 0.4803
15999 18 70 0.4724
16018 18 71 0.4646
16036 18 72 0.4567
16054 18 73 0.4488
16072 18 74 0.4409
16090 18 75 0.4331
16109 18 76 0.4252
16127 17 77 0.4094
16145 54 77 0.5197
16199 18 74 0.4173
16218 9 70 0.4331
16254 9 70 0.4331
16290 36 75 0.4724
16327 9 79 0.4331
16363 36 69 0.4488
16436 18 72 0.4331
16454 9 70 0.4173
16472 18 74 0.4488
16490 9 72 0.4252
16509 18 75 0.4567
16527 9 74 0.4409
16545 18 77 0.4724
16563 9 75 0.4488
16581 54 74 0.4724
16636 9 75 0.4488
16645 9 74 0.4331
16654 18 72 0.4094
16672 18 74 0.4252
16690 18 75 0.4331
16709 18 76 0.4488
16727 54 77 0.4646
16781 6 75 0.4173
16787 6 74 0.4173
16793 6 72 0.4173
16799 9 70 0.4409
16836 9 70 0.4409
16872 36 75 0.4724
16909 9 79 0.4331
16945 36 69 0.4567
16999 18 69 0.4252
17018 18 70 0.4567
17036 9 74 0.4331
17054 18 67 0.4567
17072 9 72 0.4331
17090 36 70 0.4567
17127 36 69 0.4331
17163 18 70 0.4567
17181 9 65 0.4409
17199 9 67 0.4724
17218 9 69 0.4961
17236 9 70 0.5276
17254 9 72 0.5512
17272 9 74 0.5827
17290 9 75 0.6063
17309 54 77 0.6693
17363 18 74 0.5827
17381 18 70 0.6142
17418 18 70 0.6142
17454 7 75 0.6693
17461 7 77 0.4803
17469 7 75 0.4803
17476 7 74 0.4803
17483 7 75 0.4803
17490 36 79 0.6142
17527 36 69 0.6378
17599 18 72 0.6142
17618 9 70 0.5748
17636 18 74 0.6378
17654 9 72 0.5906
17672 18 75 0.6457
17690 9 74 0.6063
17709 18 77 0.6693
17727 9 75 0.6378
17745 54 74 0.6693
17799 9 75 0.6378
17809 9 74 0.5984
17818 18 72 0.5748
17836 18 74 0.6063
17854 18 75 0.6142
17872 18 76 0.6378
17890 54 77 0.6535
17945 6 75 0.5827
17951 6 74 0.5827
17957 6 72 0.5827
17963 9 70 0.622
17981 9 70 0.5984
17999 9 70 0.622
18018 9 70 0.6063
18036 7 75 0.6693
18043 7 77 0.4803
18050 7 75 0.4803
18058 7 74 0.4803
18065 7 75 0.4803
18072 36 79 0.6142
18109 36 69 0.6457
18163 18 81 0.6063
18181 12 82 0.6693
18193 12 77 0.5906
18206 12 74 0.5827
18218 12 79 0.6614
18230 12 75 0.5984
18242 12 72 0.5906
18254 12 77 0.6614
18266 12 74 0.5984
18278 12 70 0.6063
18290 12 75 0.6614
18303 12 72 0.5984
18315 12 69 0.5906
18327 36 70 0.6535
18381 18 65 0.4331
18399 9 70 0.4567
18418 9 69 0.4173
18436 9 70 0.4331
18454 9 72 0.4094
18472 9 74 0.4331
18509 13 70 0.4409
18509 13 74 0.4409
18545 36 70 0.4646
18545 36 74 0.4646
18581 36 72 0.4331
18581 36 75 0.4331
18618 36 72 0.4252
18618 36 69 0.4252
18672 18 65 0.4331
18690 9 72 0.4488
18709 9 70 0.4173
18727 9 72 0.4409
18745 9 74 0.4094
18763 9 75 0.4409
18799 13 67 0.4409
18799 13 75 0.4409
18836 36 75 0.4567
18836 36 72 0.4567
18872 36 77 0.4409
18872 36 69 0.4409
18909 36 70 0.4252
18909 36 74 0.4252
18963 18 70 0.4409
18981 9 74 0.4724
18999 9 75 0.5039
19018 9 77 0.5354
19036 9 79 0.5669
19054 18 80 0.5984
19090 18 65 0.5669
19090 18 68 0.5669
19090 18 58 0.5039
19127 18 68 0.5748
19127 18 58 0.5118
19127 18 65 0.5748
19163 18 68 0.5591
19163 18 65 0.5591
19163 18 60 0.4961
19199 36 65 0.5669
19199 36 62 0.5039
19199 36 67 0.5669
19254 18 74 0.4173
19272 9 79 0.4567
19290 9 78 0.4173
19309 9 79 0.4409
19327 9 74 0.4173
19345 18 77 0.4488
19363 18 75 0.4173
19399 18 67 0.4173
19418 9 72 0.4252
19427 9 71 0.4567
19436 9 74 0.4803
19445 9 72 0.5118
19454 9 75 0.5433
19463 9 74 0.5748
19472 9 77 0.5984
19481 9 75 0.6299
19490 18 79 0.6614
19527 18 67 0.5827
19527 18 60 0.5197
19527 18 63 0.5827
19563 18 60 0.5197
19563 18 63 0.5827
19563 18 67 0.5827
19599 18 60 0.5039
19599 18 66 0.5669
19599 18 63 0.5669
19636 36 63 0.5591
19636 36 65 0.5591
19636 36 60 0.4961
19690 18 72 0.4094
19709 9 77 0.4331
19727 9 76 0.4094
19745 9 77 0.4331
19763 9 72 0.4094
19781 18 75 0.4331
19799 18 74 0.4094
19830 12 82 0.5748
19842 12 81 0.5433
19854 12 82 0.6063
19866 12 81 0.5433
19878 12 79 0.5512
19890 12 77 0.5748
19903 12 75 0.5669
19915 12 74 0.5591
19927 18 72 0.5512
19975 12 72 0.5512
19987 12 74 0.5669
19999 12 75 0.5827
20012 12 74 0.5748
20024 12 72 0.5354
20036 12 79 0.5748
20048 12 77 0.5669
20060 12 75 0.5591
20072 36 74 0.5433
20121 12 82 0.5827
20133 12 81 0.5827
20145 12 82 0.5984
20157 12 80 0.5669
20169 12 79 0.5591
20181 12 77 0.5748
20193 12 75 0.5591
20206 12 74 0.5512
20218 36 75 0.5827
20266 12 75 0.5591
20278 12 77 0.5669
20290 12 79 0.5827
20303 12 77 0.5748
20315 12 75 0.5669
20327 12 82 0.622
20339 12 80 0.5669
20351 12 79 0.5512
20363 36 77 0.5669
20412 12 82 0.5827
20424 12 81 0.5591
20436 12 82 0.5984
20448 12 80 0.5669
20460 12 79 0.5748
20472 12 77 0.5591
20484 12 79 0.5669
20496 12 80 0.5827
20509 12 79 0.5669
20521 12 82 0.6142
20533 12 81 0.5906
20545 12 79 0.5591
20557 12 81 0.5748
20569 12 82 0.5906
20581 12 75 0.5512
20593 12 79 0.5827
20606 12 77 0.5433
20618 12 75 0.5512
20630 12 77 0.5669
20642 12 79 0.5906
20654 12 72 0.5748
20666 12 75 0.5984
20678 12 74 0.5827
20690 12 72 0.5748
20703 12 74 0.5827
20715 12 75 0.5433
20727 12 67 0.5669
20739 12 70 0.5827
20751 12 69 0.5669
20763 12 67 0.5354
20775 12 69 0.5512
20787 12 70 0.5591
20799 9 69 0.5591
20809 9 65 0.5433
20818 9 67 0.5512
20827 9 69 0.5591
20836 9 70 0.5669
20845 9 72 0.5748
20854 9 74 0.5827
20863 9 76 0.5984
20872 9 77 0.6063
20881 9 79 0.6142
20890 9 81 0.622
20899 9 82 0.6299
20909 9 84 0.7323
20927 9 75 0.5984
20945 9 74 0.5827
20954 9 70 0.5433
20963 9 72 0.5591
20972 9 74 0.5669
20981 9 75 0.5827
20990 9 77 0.5906
20999 9 79 0.6063
21009 9 81 0.6142
21018 9 82 0.6299
21027 9 84 0.6378
21036 9 86 0.6535
21045 9 87 0.6614
21054 9 89 0.7795
21072 9 82 0.6457
21090 9 81 0.6142
21099 9 82 0.6378
21109 9 84 0.6535
21118 9 82 0.6299
21127 9 81 0.622
21136 9 82 0.6457
21145 9 84 0.6693
21154 9 86 0.6929
21163 9 87 0.7008
21172 9 86 0.685
21181 9 84 0.6772
21190 9 82 0.6614
21199 9 81 0.6457
21209 9 79 0.6299
21218 9 77 0.6142
21227 9 75 0.6063
21236 9 74 0.5906
21245 9 77 0.5906
21254 9 75 0.5827
21263 9 74 0.5748
21272 9 75 0.5591
21281 9 77 0.5748
21290 9 79 0.5984
21299 9 81 0.6142
21309 9 82 0.622
21318 9 81 0.6142
21327 9 79 0.6063
21336 9 77 0.5984
21345 9 75 0.5906
21354 9 74 0.5827
21363 9 72 0.5669
21372 9 70 0.5591
21381 9 77 0.5512
21381 9 69 0.5512
21381 9 72 0.5512
21418 18 65 0.5591
21454 54 72 0.5984
21509 9 69 0.4724
21518 9 65 0.4724
21527 36 70 0.5276
21563 36 71 0.5512
21599 54 72 0.5827
21654 9 69 0.4803
21663 9 65 0.4803
21672 36 70 0.5118
21745 9 72 0.5906
21763 36 72 0.5906
21799 9 69 0.4803
21809 9 65 0.4803
21818 9 70 0.5039
21836 9 70 0.5354
21854 9 71 0.5591
21872 9 71 0.5591
21890 9 72 0.6063
21909 36 72 0.6063
21945 9 69 0.4724
21954 9 65 0.4882
21963 36 70 0.5197
22036 10 83 0.5118
22045 10 84 0.5354
22054 10 86 0.5512
22063 10 84 0.5748
22072 10 82 0.5984
22081 10 81 0.6063
22090 10 79 0.6299
22099 10 77 0.622
22109 9 82 0.6693
22118 9 77 0.5906
22127 9 86 0.6693
22136 9 82 0.622
22145 9 89 0.6693
22154 9 86 0.6142
22163 9 89 0.6693
22172 9 86 0.6063
22181 10 89 0.6535
22190 10 87 0.6535
22199 10 86 0.6457
22209 10 84 0.6378
22218 10 82 0.6378
22227 10 81 0.6299
22236 10 79 0.622
22245 10 77 0.622
22254 9 79 0.685
22263 9 75 0.6142
22272 9 82 0.6772
22281 9 79 0.5984
22290 9 82 0.6772
22299 9 81 0.6063
22309 9 82 0.6535
22318 9 81 0.6063
22327 9 82 0.622
22336 9 81 0.5748
22345 9 79 0.5984
22354 9 77 0.5354
22363 9 75 0.5669
22372 9 74 0.5276
22381 9 72 0.5354
22390 9 70 0.4961
22399 4 65 0.5276
22409 9 77 0.5276
22418 9 79 0.5433
22427 9 77 0.5276
22436 9 75 0.5276
22445 9 74 0.5039
22454 9 72 0.5276
22463 9 70 0.5039
22472 6 72 0.5276
22478 6 74 0.4803
22484 6 72 0.4646
22490 6 74 0.5276
22496 6 72 0.4646
22503 6 74 0.4646
22509 6 72 0.4803
22515 6 74 0.5276
22521 6 72 0.5276
22527 9 70 0.5433
22536 9 72 0.5512
22545 9 74 0.5669
22554 9 75 0.5827
22563 9 77 0.5827
22572 9 75 0.5669
22581 9 74 0.5591
22590 9 72 0.5512
22599 9 70 0.5354
22609 9 69 0.5276
22618 9 70 0.5433
22627 9 72 0.5591
22636 9 74 0.5669
22645 9 72 0.5512
22654 9 70 0.5433
22663 9 68 0.5433
22672 9 67 0.5354
22681 9 66 0.5276
22690 9 67 0.5276
22699 9 69 0.5512
22709 9 70 0.5669
22718 9 69 0.5591
22727 9 67 0.5512
22736 9 65 0.5433
22745 9 63 0.5354
22754 9 62 0.5354
22763 9 60 0.5276
22772 9 62 0.5354
22781 9 63 0.5433
22790 9 62 0.5354
22799 9 60 0.5197
22809 9 58 0.5118
22818 9 57 0.4961
22827 9 55 0.4803
22836 18 53 0.4724
22854 9 55 0.4882
22863 9 57 0.5039
22872 9 58 0.5197
22881 9 60 0.5354
22890 9 62 0.5512
22899 9 63 0.5433
22909 9 67 0.5669
22918 9 65 0.5591
22927 9 63 0.5512
22936 9 62 0.5433
22945 9 63 0.5276
22954 9 65 0.5276
22963 9 67 0.5354
22972 9 69 0.5433
22981 9 70 0.5591
22990 9 69 0.5591
22999 9 67 0.5512
23009 9 65 0.5433
23018 9 67 0.5354
23027 9 69 0.5433
23036 9 70 0.5512
23045 9 72 0.5591
23054 9 74 0.5748
23063 9 72 0.5748
23072 9 70 0.5669
23081 9 69 0.5591
23090 9 70 0.5512
23099 9 72 0.5591
23109 9 74 0.5748
23118 9 75 0.5906
23127 9 77 0.5984
23136 9 74 0.5591
23145 9 77 0.5984
23154 9 74 0.5512
23163 9 82 0.6457
23172 9 77 0.5984
23181 9 82 0.6457
23190 9 77 0.5984
23199 9 86 0.6929
23209 9 82 0.6535
23218 9 86 0.6929
23227 9 82 0.6535
23236 9 89 0.748
23245 9 86 0.6929
23254 9 89 0.748
23263 9 86 0.6693
23272 9 82 0.7323
23281 9 86 0.7008
23290 9 82 0.7323
23299 9 86 0.685
23309 9 77 0.7008
23318 9 82 0.6614
23327 9 77 0.7087
23336 9 82 0.6614
23345 9 74 0.685
23354 9 77 0.6299
23363 9 74 0.685
23372 9 77 0.6299
23381 9 70 0.6378
23390 9 74 0.5748
23399 9 70 0.6378
23409 9 74 0.5748
23418 18 65 0.6535
23454 54 77 0.7165
23509 9 79 0.6063
23518 9 77 0.5984
23527 9 75 0.5984
23536 9 74 0.5906
23545 9 72 0.5827
23554 9 70 0.5748
23563 6 70 0.4173
23569 6 72 0.378
23575 6 74 0.3858
23581 6 72 0.4173
23587 6 74 0.4016
23593 6 72 0.4331
23599 6 74 0.4094
23606 6 72 0.4409
23612 6 74 0.4094
23618 6 72 0.4409
23624 6 74 0.4252
23630 6 72 0.4567
23636 6 74 0.4331
23642 6 72 0.4646
23648 6 74 0.4252
23654 6 72 0.4724
23660 6 74 0.4409
23666 6 72 0.4488
23672 9 74 0.5118
23681 9 72 0.4803
23690 9 70 0.5276
23699 9 72 0.5039
23709 18 70 0.5512
23727 18 70 0.4646
23763 18 70 0.4409
23781 18 70 0.4488
23799 18 70 0.4488
23836 18 70 0.4409
23854 18 72 0.4724
23872 9 72 0.4488
23909 18 72 0.4488
23927 18 72 0.4724
23945 18 72 0.4488
23981 18 72 0.4803
23999 18 74 0.5118
24018 9 74 0.4803
24054 18 74 0.5512
24072 18 75 0.5669
24090 9 75 0.5512
24127 18 76 0.6063
24145 18 77 0.6378
24163 9 77 0.6142
24199 18 78 0.6693
24218 18 79 0.7244
24236 9 79 0.7244
24254 9 81 0.7559
24272 9 81 0.7559
24290 9 74 0.8583
24299 9 82 0.7323
24309 9 86 0.8268
24318 9 82 0.7559
24327 9 86 0.8268
24336 9 82 0.7559
24345 9 86 0.811
24354 9 82 0.7402
24363 9 74 0.8661
24372 9 82 0.7402
24381 9 86 0.811
24390 9 82 0.7874
24399 9 86 0.8268
24409 9 82 0.7402
24418 9 86 0.7874
24427 9 82 0.748
24436 9 74 0.8583
24445 9 82 0.748
24454 9 86 0.7874
24463 9 82 0.7323
24472 9 86 0.8268
24481 9 82 0.748
24490 9 86 0.7874
24499 9 82 0.7323
24509 9 74 0.8583
24518 9 82 0.748
24527 9 86 0.7953
24536 9 82 0.7402
24545 9 86 0.8268
24554 9 82 0.7559
24563 9 86 0.7874
24572 9 82 0.7323
24581 9 74 0.8583
24590 9 82 0.748
24599 9 86 0.7874
24609 9 82 0.748
24618 9 86 0.8189
24627 9 82 0.7402
24636 9 86 0.7953
24645 9 82 0.7323
24654 9 74 0.8583
24663 9 82 0.748
24672 9 86 0.7874
24681 9 82 0.748
24690 9 86 0.8189
24699 9 82 0.748
24709 9 86 0.7874
24718 9 82 0.748
24727 36 82 0.7795
24727 72 86 0.7795
24727 36 74 0.7795
24727 36 77 0.7795
24818 9 65 0.4488
24827 9 69 0.4646
24836 9 67 0.4803
24845 9 70 0.4882
24854 9 69 0.5039
24863 9 72 0.5197
24872 9 70 0.5354
24890 9 69 0.4252
24899 9 72 0.4409
24909 9 70 0.4567
24918 9 74 0.4724
24927 9 72 0.4803
24936 9 75 0.4961
24945 9 74 0.5118
24963 9 72 0.4409
24972 9 75 0.4567
24981 9 74 0.4646
24990 9 77 0.4724
24999 9 75 0.4882
25009 9 79 0.4961
25018 54 77 0.5433
25072 18 74 0.5197
25090 18 70 0.5512
25127 18 70 0.5512
25163 7 75 0.5984
25170 7 77 0.4252
25178 7 75 0.4252
25185 7 74 0.4252
25192 7 75 0.4252
25199 36 79 0.5512
25236 36 69 0.5669
25309 54 77 0.5354
25363 18 73 0.4646
25381 18 70 0.4961
25418 18 70 0.4961
25454 7 75 0.5354
25461 7 77 0.378
25469 7 75 0.378
25476 7 74 0.378
25483 7 75 0.378
25490 36 78 0.4961
25527 36 69 0.5039
25599 9 70 0.5984
25618 18 82 0.622
25636 18 84 0.6378
25654 18 85 0.6063
25672 18 84 0.6614
25690 18 82 0.6063
25709 18 80 0.622
25727 18 78 0.6142
25745 72 77 0.5984
25818 72 76 0.5669
25890 9 77 0.6772
25909 9 77 0.6772
25945 9 77 0.4724
25963 9 77 0.5118
25981 9 77 0.4724
26018 9 77 0.4724
26036 9 77 0.5118
26054 9 77 0.4724
26090 9 77 0.5039
26109 9 77 0.5197
26127 9 77 0.5039
26163 9 77 0.5433
26181 9 77 0.5669
26199 9 77 0.5669
26236 9 77 0.622
26254 9 77 0.6457
26272 9 77 0.6614
26309 9 77 0.6772
26327 18 77 0.6772
26345 9 81 0.6378
26363 18 81 0.6772
26381 9 84 0.6378
26399 18 84 0.6772
26418 9 87 0.6378
26436 18 87 0.6772
26454 9 84 0.5906
26472 18 84 0.6378
26490 9 81 0.5748
26509 18 81 0.622
26527 9 77 0.5591
26545 18 77 0.5354
26563 9 76 0.4488
26581 18 76 0.4724
26599 9 77 0.4488
26618 18 77 0.4488
26636 18 76 0.4409
26654 72 75 0.4252
26727 72 75 0.5197
26799 27 75 0.5354
26836 27 75 0.5512
26872 27 75 0.5984
26909 36 74 0.6614
26945 36 68 0.4567
26945 36 77 0.4567
26981 36 75 0.4252
26981 36 67 0.4252
27018 36 66 0.378
27018 36 74 0.378
27054 36 67 0.378
27054 36 75 0.378
27090 36 79 0.4409
27090 36 70 0.4409
27127 36 77 0.4252
27127 36 68 0.4252
27163 36 76 0.4016
27163 36 67 0.4016
27199 36 68 0.4409
27199 36 77 0.4409
27236 36 80 0.4961
27236 36 77 0.4961
27272 36 79 0.5433
27272 36 75 0.5433
27309 36 77 0.6142
27309 36 74 0.6142
27345 9 79 0.6142
27345 9 74 0.5197
27345 9 77 0.6142
27363 9 79 0.6142
27363 9 74 0.5197
27363 9 77 0.6142
27399 18 74 0.5197
27399 18 77 0.6142
27399 18 79 0.6142
27418 9 75 0.5433
27418 9 79 0.5433
27418 9 87 0.6457
27436 9 79 0.5197
27436 9 87 0.6142
27436 9 75 0.5197
27472 18 79 0.5906
27472 18 72 0.4961
27472 18 75 0.4961
27490 9 75 0.6142
27490 9 72 0.5197
27490 9 77 0.6142
27509 9 72 0.4961
27509 9 75 0.5906
27509 9 77 0.5906
27545 18 75 0.6457
27545 18 72 0.5433
27545 18 77 0.6457
27563 9 74 0.5748
27563 9 77 0.5748
27563 9 86 0.6772
27581 9 74 0.5354
27581 9 77 0.5354
27581 9 86 0.6378
27618 18 70 0.4961
27618 18 77 0.5906
27618 18 74 0.4961
27636 9 74 0.6142
27636 9 70 0.5197
27636 9 75 0.6142
27654 9 70 0.4882
27654 9 75 0.5827
27654 9 74 0.5827
27690 18 75 0.622
27690 18 74 0.622
27690 18 70 0.5276
27709 9 84 0.6614
27709 9 72 0.5591
27709 9 75 0.5591
27727 9 72 0.5118
27727 9 84 0.6063
27727 9 75 0.5118
27763 18 75 0.5827
27763 18 69 0.4882
27763 18 72 0.4882
27781 9 69 0.5197
27781 9 72 0.6142
27781 9 74 0.6142
27799 9 74 0.5827
27799 9 72 0.5827
27799 9 69 0.4882
27836 18 69 0.5039
27836 18 72 0.5984
27836 18 74 0.5984
27854 9 82 0.6535
27854 9 74 0.5512
27854 9 70 0.5512
27872 9 70 0.5118
27872 9 82 0.6063
27872 9 74 0.5118
27909 18 74 0.5906
27909 18 70 0.4961
27909 18 67 0.4961
27927 9 67 0.5197
27927 9 72 0.6142
27927 9 70 0.6142
27945 9 72 0.5906
27945 9 67 0.4961
27945 9 70 0.5906
27981 18 72 0.6142
27999 9 82 0.6772
28018 9 82 0.6457
28036 18 82 0.6614
28054 18 72 0.5984
28072 9 74 0.622
28090 9 74 0.622
28127 18 74 0.5827
28145 9 82 0.6772
28163 9 82 0.6457
28181 18 82 0.6457
28199 18 74 0.5984
28218 9 75 0.6299
28236 9 75 0.6299
28272 18 76 0.6063
28290 9 77 0.6457
28309 9 77 0.6457
28345 18 78 0.622
28363 9 79 0.6299
28381 9 79 0.6457
28399 9 81 0.6535
28418 9 81 0.6693
28436 9 82 0.6772
28454 9 82 0.6929
28472 9 84 0.7008
28490 9 84 0.7165
28509 54 85 0.7717
28563 4 84 0.6614
28568 4 82 0.685
28572 4 81 0.7008
28577 4 82 0.7244
28581 54 85 0.7402
28636 4 84 0.685
28640 4 82 0.7008
28645 4 81 0.7165
28649 4 82 0.7402
28654 81 85 0.748
28736 9 82 0.685
28745 9 79 0.6772
28754 9 76 0.6614
28763 9 73 0.6535
28772 9 70 0.6457
28781 9 67 0.6378
28790 9 64 0.622
28956 2 62 0.5827
28958 2 63 0.5984
28959 2 65 0.6142
28961 2 67 0.622
28962 2 69 0.6378
28964 2 70 0.6535
28965 2 72 0.6614
28967 2 74 0.6772
28968 2 75 0.6929
28969 2 77 0.7008
28971 2 79 0.7165
28972 2 81 0.7323
28974 2 82 0.7402
28975 2 84 0.7402
28977 2 86 0.7559
28978 2 87 0.7717
28979 1 89 0.7795
29018 6 70 0.4961
29027 4 70 0.5039
29031 4 72 0.4724
29036 4 74 0.5118
29040 4 72 0.4724
29045 4 74 0.5197
29049 4 72 0.4803
29054 4 74 0.5276
29059 4 72 0.4961
29063 4 74 0.5354
29068 4 72 0.4961
29072 4 74 0.5433
29077 4 72 0.5118
29081 4 74 0.5512
29086 4 72 0.5118
29090 4 74 0.5433
29095 4 72 0.5039
29099 4 74 0.5354
29104 4 72 0.5276
29109 4 74 0.5197
29113 4 72 0.4882
29118 4 74 0.5118
29122 4 72 0.5039
29127 4 71 0.4961
29130 4 72 0.5118
29133 4 74 0.5197
29136 4 75 0.5354
29139 4 77 0.5433
29142 4 79 0.5591
29145 4 81 0.5669
29148 4 82 0.5827
29151 4 84 0.5906
29154 4 86 0.5984
29157 4 87 0.6142
29160 4 86 0.622
29163 6 89 0.7559
29168 6 87 0.7402
29172 3 86 0.7165
29177 2 84 0.7008
29181 6 87 0.7244
29186 6 86 0.7165
29190 3 84 0.7008
29195 2 82 0.685
29199 6 86 0.7165
29204 6 84 0.7008
29209 3 82 0.685
29213 2 81 0.6693
29218 6 84 0.7008
29222 6 82 0.6929
29227 3 81 0.6772
29231 2 79 0.6929
29236 13 82 0.7087
29245 13 81 0.6457
29254 4 79 0.6299
29263 4 77 0.5906
29272 13 81 0.6378
29281 13 79 0.5827
29290 4 77 0.5591
29299 4 75 0.5276
29309 13 79 0.5669
29318 13 77 0.5354
29327 4 75 0.5118
29336 4 74 0.4882
29345 21 77 0.5039
29363 18 75 0.4724
29381 9 74 0.4409
29399 9 72 0.4094
29418 4 70 0.4016
29427 4 72 0.3858
29436 4 73 0.378
29445 4 74 0.3622
29454 18 75 0.3701
29472 18 76 0.315
29490 54 77 0.4724
29545 18 74 0.4173
29563 9 70 0.4331
29599 9 70 0.4331
29636 7 75 0.4724
29643 7 77 0.3701
29650 7 75 0.3701
29658 7 74 0.3701
29665 7 75 0.3858
29672 36 79 0.4331
29709 36 69 0.4488
29763 18 69 0.4094
29781 18 72 0.4331
29799 9 70 0.4173
29818 18 74 0.4488
29836 9 72 0.4252
29854 18 75 0.4567
29872 9 74 0.4409
29890 18 77 0.4724
29909 9 75 0.4488
29927 54 74 0.4724
29981 9 75 0.4488
29990 9 74 0.4252
29999 18 72 0.4094
30018 18 74 0.4567
30036 18 75 0.5039
30054 18 76 0.5433
30072 54 77 0.5984
30127 6 75 0.5354
30133 6 74 0.5354
30139 6 72 0.5354
30145 18 70 0.5669
30163 9 70 0.5118
30181 9 70 0.5118
30199 9 70 0.5118
30218 7 75 0.6142
30225 7 77 0.4724
30232 7 75 0.4724
30239 7 74 0.4724
30247 7 75 0.4724
30254 36 79 0.5591
30290 36 69 0.5906
30345 18 77 0.6063
30363 12 74 0.6614
30375 12 77 0.5827
30387 12 82 0.6142
30399 12 79 0.7008
30412 12 75 0.5984
30424 12 72 0.5984
30436 12 77 0.6929
30448 12 74 0.5984
30460 12 70 0.5984
30472 12 75 0.6693
30484 12 72 0.5984
30496 12 69 0.5984
30509 12 70 0.7087
30521 9 82 0.6772
30533 9 82 0.6457
30545 9 82 0.685
30557 9 82 0.622
30569 9 82 0.6299
30581 12 82 0.6772
30593 12 81 0.6063
30606 12 79 0.6063
30618 12 77 0.6378
30630 12 75 0.6142
30642 12 74 0.6063
30654 12 72 0.6929
30666 9 79 0.6063
30678 9 79 0.6063
30690 9 79 0.6535
30702 9 79 0.5984
30715 12 79 0.5984
30727 12 79 0.6299
30739 12 77 0.5984
30751 12 75 0.5906
30763 12 74 0.6142
30775 12 75 0.5748
30787 12 72 0.5748
30799 10 76 0.6378
30809 10 77 0.6535
30818 10 79 0.6693
30827 10 77 0.6535
30836 10 75 0.6299
30845 10 74 0.622
30854 10 72 0.6063
30863 9 70 0.5984
30872 6 72 0.5827
30878 6 74 0.5354
30884 6 72 0.5354
30890 6 74 0.5197
30896 6 72 0.4961
30902 6 74 0.5197
30909 6 72 0.5197
30915 6 74 0.5197
30921 6 72 0.5197
30927 9 70 0.5433
30936 9 72 0.5433
30945 9 70 0.5827
30963 9 82 0.5827
30972 9 81 0.5669
30981 9 82 0.5827
30990 9 81 0.5512
30999 9 82 0.5827
31009 9 81 0.5591
31018 9 82 0.5827
31027 9 81 0.5827
31036 9 79 0.5748
31045 9 77 0.5669
31054 9 75 0.5591
31063 9 74 0.5512
31072 9 72 0.5512
31081 9 70 0.5433
31090 9 67 0.6063
31109 9 79 0.5906
31118 9 78 0.5669
31127 9 79 0.5906
31136 9 78 0.5591
31145 9 79 0.5906
31154 9 78 0.5669
31163 9 79 0.5827
31172 9 77 0.5827
31181 9 75 0.5748
31190 9 74 0.5669
31199 9 72 0.5591
31209 9 70 0.5512
31218 9 69 0.5512
31227 9 67 0.5433
31236 18 65 0.6063
31254 10 67 0.5512
31263 10 69 0.5669
31272 10 70 0.5748
31281 10 72 0.5827
31290 10 74 0.5984
31299 10 75 0.6063
31309 10 77 0.622
31318 10 79 0.6299
31327 10 81 0.6457
31336 10 82 0.6535
31345 10 84 0.6614
31354 10 86 0.6772
31363 10 87 0.685
31372 10 89 0.7008
31381 6 82 0.5591
31387 6 84 0.5197
31393 6 86 0.5276
31399 6 84 0.5669
31406 6 86 0.5433
31412 6 84 0.5748
31418 6 86 0.5433
31424 6 84 0.5827
31430 6 86 0.5591
31436 6 84 0.5906
31442 6 86 0.5591
31448 6 84 0.5906
31454 6 86 0.5591
31460 6 84 0.6063
31466 6 86 0.5748
31472 6 84 0.622
31478 6 86 0.5827
31484 6 84 0.622
31490 9 86 0.6457
31499 9 84 0.622
31509 9 82 0.685
31518 9 84 0.6693
31527 36 82 0.7323
31654 18 70 0.4016
31672 54 80 0.4252
31727 18 77 0.4094
31745 18 74 0.3937
31781 18 74 0.4016
31818 18 75 0.4409
31854 18 77 0.4488
31890 18 79 0.4803
31945 18 79 0.4173
31963 19 77 0.4488
31981 19 75 0.4488
31999 19 74 0.4409
32018 19 72 0.4409
32036 19 70 0.4331
32054 19 69 0.4331
32072 19 75 0.4882
32090 18 69 0.4567
32109 9 70 0.4567
32127 9 72 0.4724
32145 9 74 0.4803
32163 9 75 0.4961
32181 9 76 0.5118
32199 9 77 0.5276
32218 9 78 0.5433
32236 9 79 0.5591
32254 54 80 0.5748
32309 6 79 0.4567
32315 6 77 0.4567
32321 6 75 0.4567
32327 9 74 0.4961
32345 9 74 0.4724
32363 9 74 0.5039
32381 9 74 0.4724
32399 36 75 0.5197
32436 6 77 0.4646
32442 6 79 0.4646
32448 6 77 0.4724
32454 4 79 0.4724
32460 4 77 0.4724
32463 4 75 0.4646
32468 4 77 0.4961
32472 36 79 0.5197
32527 18 79 0.4331
32545 19 77 0.4646
32563 19 75 0.4567
32581 19 74 0.4488
32599 19 72 0.4488
32618 19 70 0.4409
32636 19 69 0.4409
32654 19 75 0.4724
32672 19 69 0.4488
32690 36 70 0.4803
32745 18 74 0.4173
32763 18 77 0.4409
32781 18 75 0.4252
32799 18 72 0.4252
32818 18 69 0.4252
32836 36 70 0.4488
32890 9 74 0.3937
32899 9 70 0.378
32909 18 77 0.4252
32927 18 75 0.4016
32945 18 72 0.4016
32963 18 69 0.3858
32981 36 70 0.4331
33036 18 77 0.7165
33054 18 81 0.7559
33054 18 72 0.6378
33054 18 75 0.6378
33054 18 77 0.7559
33090 18 72 0.6378
33090 18 75 0.6378
33090 18 77 0.7559
33090 18 81 0.7559
33127 18 74 0.6614
33127 18 77 0.7795
33127 18 70 0.6614
33127 18 82 0.7795
36 36 58 0.3307
72 9 62 0.378
109 9 67 0.3701
145 36 60 0.4094
181 9 63 0.3701
218 36 65 0.378
254 36 63 0.3622
290 36 62 0.4173
327 36 57 0.3701
363 36 58 0.4016
399 36 51 0.4016
399 36 60 0.4016
436 72 58 0.4094
436 109 53 0.4094
509 36 57 0.3701
618 36 58 0.3071
654 9 62 0.3701
690 9 67 0.3622
727 36 60 0.4016
763 9 63 0.3543
799 36 65 0.378
836 36 63 0.3386
872 36 62 0.4016
909 36 51 0.3701
909 36 63 0.3701
945 36 62 0.3937
945 72 53 0.3937
981 36 60 0.378
1018 36 58 0.4016
1163 18 58 0.5039
1181 18 65 0.4252
1199 18 62 0.4646
1218 18 65 0.4252
1236 18 55 0.4961
1254 18 62 0.4409
1272 18 58 0.4646
1290 18 62 0.4331
1309 18 51 0.5039
1327 18 60 0.4252
1345 18 55 0.4646
1363 18 60 0.4331
1381 18 53 0.5039
1399 18 63 0.4252
1418 18 60 0.4724
1436 18 63 0.4409
1454 36 62 0.5197
1490 72 62 0.4724
1490 36 57 0.4724
1527 36 58 0.5039
1563 36 51 0.5039
1563 36 60 0.5039
1599 72 58 0.5118
1599 109 53 0.5118
1672 36 57 0.4724
1745 18 58 0.5118
1763 18 65 0.4331
1781 18 62 0.4724
1799 18 65 0.4331
1818 9 55 0.5039
1836 9 62 0.4488
1854 9 58 0.4724
1872 9 62 0.4488
1890 18 51 0.5039
1909 18 60 0.4331
1927 18 55 0.4646
1945 18 60 0.4331
1963 18 53 0.5039
1981 18 63 0.4331
1999 18 60 0.4646
2018 18 63 0.4331
2036 72 58 0.4646
2036 36 50 0.4646
2072 36 51 0.4331
2109 36 62 0.4646
2109 72 53 0.4646
2145 36 63 0.4409
2181 36 58 0.4646
2181 36 62 0.4646
2218 36 46 0.5039
2363 13 58 0.378
2399 36 55 0.378
2436 36 51 0.3543
2472 36 53 0.3701
2509 36 41 0.4331
2654 13 60 0.3543
2690 36 57 0.3543
2727 36 53 0.3307
2763 36 58 0.3622
2799 36 46 0.5118
2927 18 57 0.4173
2945 18 60 0.4488
2963 18 57 0.4173
2981 36 65 0.5276
3072 18 55 0.4173
3090 18 58 0.4567
3109 18 55 0.4252
3127 36 64 0.5197
3199 36 65 0.5433
3309 36 53 0.4173
3345 18 48 0.4173
3363 18 60 0.3701
3381 18 59 0.3858
3399 18 60 0.3701
3418 18 58 0.4252
3436 18 60 0.3937
3454 18 58 0.3543
3472 18 60 0.3228
3490 18 57 0.378
3509 18 60 0.3543
3527 18 57 0.4016
3545 18 60 0.3701
3563 18 58 0.4173
3581 18 60 0.3937
3599 18 58 0.3701
3618 18 60 0.3386
3636 18 57 0.3622
3654 18 60 0.2835
3672 18 57 0.3386
3690 18 60 0.2835
3709 18 58 0.4409
3727 18 60 0.4331
3745 18 58 0.3858
3763 18 60 0.3622
3781 18 57 0.378
3799 18 60 0.3543
3818 18 57 0.3937
3836 18 60 0.3701
3854 18 58 0.4173
3872 18 60 0.3937
3890 18 58 0.378
3909 18 60 0.3543
3927 18 57 0.4173
3945 18 60 0.3858
3963 18 57 0.4173
3981 18 60 0.3858
3999 18 58 0.4252
4018 18 60 0.378
4036 18 58 0.4488
4054 18 60 0.4094
4072 36 57 0.5039
4181 36 65 0.5591
4181 36 57 0.5591
4218 36 58 0.6378
4218 36 65 0.6378
4327 36 65 0.4016
4327 36 67 0.4016
4327 36 58 0.4016
4363 18 60 0.4331
4381 18 69 0.4016
4399 18 65 0.4409
4418 18 69 0.4016
4436 18 60 0.4331
4454 18 70 0.3858
4472 18 64 0.4331
4490 18 70 0.3858
4509 36 65 0.4331
4563 18 67 0.4803
4581 36 69 0.5197
4636 18 57 0.4724
4654 36 58 0.5197
4727 36 34 0.5276
4727 36 46 0.5276
4799 18 48 0.4488
4818 18 57 0.4252
4836 18 53 0.4488
4854 18 57 0.4252
4872 18 48 0.4961
4890 18 57 0.4488
4909 18 53 0.5276
4927 18 57 0.4803
4945 18 48 0.4488
4963 18 58 0.4173
4981 18 52 0.4488
4999 18 58 0.4173
5018 18 48 0.4488
5036 18 58 0.4173
5054 18 52 0.4488
5072 18 58 0.4094
5090 9 53 0.4488
5090 9 57 0.4488
5127 36 57 0.3701
5127 36 53 0.3701
5199 36 57 0.3701
5199 36 53 0.3701
5236 9 55 0.3937
5236 9 58 0.3937
5236 9 53 0.3937
5272 36 53 0.3937
5272 36 55 0.3937
5272 36 58 0.3937
5345 36 53 0.4252
5345 36 56 0.4252
5345 36 59 0.4252
5381 72 53 0.4331
5381 36 60 0.4331
5381 36 57 0.4331
5418 36 57 0.4803
5418 36 61 0.4803
5454 36 58 0.5197
5454 36 62 0.5197
5454 72 53 0.5197
5490 36 59 0.5591
5490 36 62 0.5591
5527 145 60 0.6063
5527 145 53 0.6063
5527 145 63 0.6063
5854 36 58 0.3543
5890 9 62 0.378
5927 9 67 0.3622
5963 36 60 0.4094
5999 9 63 0.3622
6036 36 65 0.378
6072 36 63 0.3622
6109 36 62 0.4173
6145 36 57 0.3701
6181 36 58 0.4016
6218 36 60 0.3858
6218 36 51 0.3858
6254 109 53 0.4094
6254 72 58 0.4094
6327 36 57 0.3701
6436 36 58 0.3228
6472 9 62 0.3701
6509 9 67 0.3543
6545 36 60 0.4016
6581 9 63 0.3701
6618 36 65 0.378
6654 36 63 0.3543
6690 36 62 0.4016
6727 36 63 0.3701
6727 36 51 0.3701
6763 72 53 0.3937
6763 36 62 0.3937
6799 36 60 0.378
6836 36 58 0.4016
6981 18 58 0.5039
6999 18 65 0.4252
7018 18 62 0.4646
7036 18 65 0.4252
7054 18 55 0.4961
7072 18 62 0.4331
7090 18 58 0.4646
7109 18 62 0.4331
7127 18 51 0.5039
7145 18 60 0.4409
7163 18 55 0.4646
7181 18 60 0.4331
7199 18 53 0.5039
7218 18 63 0.4409
7236 18 60 0.4724
7254 18 63 0.4409
7272 36 62 0.5197
7309 72 62 0.4488
7309 36 57 0.4488
7345 36 58 0.5039
7381 36 51 0.5039
7381 36 60 0.5039
7418 72 58 0.5118
7418 109 53 0.5118
7490 36 57 0.4724
7563 18 58 0.5118
7581 18 65 0.4331
7599 18 62 0.4724
7618 18 65 0.4331
7636 9 55 0.5039
7654 9 62 0.4409
7672 9 58 0.4724
7690 9 62 0.4331
7709 18 51 0.5039
7727 18 60 0.4331
7745 18 55 0.4646
7763 18 60 0.4331
7781 18 53 0.5039
7799 18 63 0.4331
7818 18 60 0.4646
7836 18 63 0.4252
7854 36 50 0.4646
7854 72 58 0.4646
7890 36 51 0.4409
7927 72 53 0.4646
7927 36 62 0.4646
7963 36 63 0.4409
7999 36 62 0.4646
7999 36 58 0.4646
8036 36 46 0.4961
8181 13 58 0.3622
8218 36 55 0.378
8254 36 51 0.3622
8290 36 53 0.3701
8327 36 41 0.4488
8472 13 60 0.3543
8509 36 57 0.3543
8545 36 53 0.3307
8581 36 58 0.3622
8618 36 46 0.4567
8763 27 62 0.4173
8763 27 58 0.4173
8799 27 58 0.4409
8799 27 62 0.4409
8836 27 62 0.4724
8836 27 58 0.4724
8872 72 57 0.5354
8872 72 60 0.5354
8945 72 57 0.4252
8945 72 50 0.4252
9018 145 51 0.4173
9036 18 55 0.4094
9054 18 57 0.4252
9072 13 58 0.4488
9090 18 58 0.4488
9109 13 57 0.4331
9127 18 57 0.4331
9145 13 55 0.4252
9163 36 50 0.3701
9163 36 54 0.3701
9309 18 55 0.4567
9327 18 58 0.3937
9345 18 62 0.4252
9363 18 58 0.3937
9381 18 55 0.4252
9399 18 58 0.3701
9418 18 62 0.3937
9436 18 58 0.3701
9454 18 55 0.4567
9472 18 60 0.4016
9490 18 63 0.4252
9509 18 60 0.4016
9527 18 55 0.4173
9545 18 60 0.3858
9563 18 63 0.4016
9581 18 60 0.378
9599 18 53 0.4567
9618 18 60 0.4016
9636 18 63 0.4252
9654 18 60 0.4016
9672 18 55 0.4409
9690 18 60 0.3937
9709 18 63 0.4094
9727 18 60 0.3858
9745 18 55 0.4173
9763 18 58 0.3937
9781 18 62 0.3937
9890 36 60 0.3937
9890 36 57 0.3937
9890 36 63 0.3937
9927 18 58 0.3622
9927 18 62 0.3622
10036 36 63 0.3858
10036 36 57 0.3858
10036 36 60 0.3858
10072 18 58 0.3543
10072 18 62 0.3543
10181 145 51 0.4173
10181 72 58 0.4173
10254 72 55 0.3701
10327 34 54 0.315
10327 35 57 0.315
10363 27 50 0.2205
10363 27 54 0.2205
10363 27 57 0.2677
10399 27 50 0.2283
10399 27 54 0.2283
10399 27 57 0.2756
10436 27 50 0.2205
10436 27 54 0.2205
10436 27 57 0.2677
10509 27 53 0.2126
10509 27 57 0.2913
10509 27 50 0.2126
10545 27 53 0.2126
10545 27 57 0.2913
10545 27 50 0.2126
10581 27 53 0.2047
10581 27 57 0.2835
10581 27 50 0.2047
10654 27 50 0.2992
10654 27 58 0.4016
10654 27 53 0.2992
10690 27 50 0.3228
10690 27 53 0.3228
10690 27 58 0.4409
10727 27 50 0.3543
10727 27 53 0.3543
10727 27 58 0.4724
10799 27 53 0.4724
10799 27 46 0.3543
10836 27 46 0.378
10836 27 53 0.4961
10872 27 53 0.4724
10872 27 46 0.3543
10909 36 39 0.378
10909 36 51 0.4961
10945 36 51 0.3622
10981 36 55 0.3228
11018 36 56 0.2992
11054 36 55 0.3465
11090 36 50 0.2756
11127 36 51 0.3228
11163 36 53 0.3622
11236 36 46 0.3228
11272 36 50 0.3543
11309 36 49 0.3228
11345 36 50 0.3701
11381 36 52 0.2992
11418 36 53 0.3307
11454 36 50 0.378
11490 36 51 0.3937
11527 36 39 0.3543
11599 36 55 0.3858
11599 36 63 0.3858
11672 36 56 0.3701
11672 36 63 0.3701
11745 36 60 0.3622
11745 36 63 0.3622
11781 18 58 0.3622
11781 18 63 0.3622
11818 18 46 0.4567
11890 36 55 0.3701
11890 36 63 0.3701
11963 36 56 0.3701
11963 36 63 0.3701
12036 36 63 0.3701
12036 36 60 0.3701
12072 18 63 0.4094
12072 18 58 0.4094
12109 18 46 0.4882
12181 36 60 0.3701
12181 36 63 0.3701
12254 36 63 0.3858
12254 36 55 0.3858
12290 36 56 0.4094
12290 36 63 0.4094
12327 36 56 0.4331
12327 36 53 0.4331
12363 36 58 0.4409
12363 36 55 0.4409
12399 36 55 0.4488
12399 36 58 0.4488
12436 36 53 0.4488
12436 36 56 0.4488
12436 36 58 0.4488
12472 36 51 0.4646
12472 36 55 0.4646
12472 36 58 0.4646
12509 36 50 0.5118
12509 36 53 0.5118
12509 36 58 0.5118
12654 36 63 0.378
12654 36 70 0.378
12690 36 68 0.3701
12690 36 56 0.3701
12727 72 58 0.378
12727 36 67 0.378
12763 36 65 0.3543
12799 36 50 0.5354
12799 36 53 0.5354
12799 36 58 0.5354
12945 36 63 0.3622
12945 36 70 0.3622
12981 36 68 0.3386
12981 36 56 0.3386
13018 72 58 0.3622
13018 36 67 0.3622
13054 36 65 0.3386
13163 72 67 0.3465
13163 72 63 0.3465
13236 72 71 0.3858
13236 72 62 0.3858
13309 36 65 0.3622
13309 36 68 0.3622
13381 145 67 0.315
13381 36 63 0.315
13418 36 59 0.3307
13454 36 60 0.3543
13490 36 62 0.3622
13527 109 67 0.3307
13527 36 63 0.3307
13563 36 59 0.3622
13599 36 60 0.3858
13745 72 65 0.3228
13745 72 62 0.3228
13818 72 69 0.3858
13818 72 60 0.3858
13890 36 66 0.315
13890 36 63 0.315
13963 36 61 0.3307
13963 145 65 0.3307
13999 36 57 0.3465
14036 36 58 0.3701
14072 36 60 0.3307
14109 36 61 0.3386
14109 109 65 0.3386
14145 36 57 0.3622
14181 36 58 0.378
14218 36 58 0.3465
14218 36 65 0.3465
14290 36 65 0.3858
14290 36 56 0.3858
14363 36 54 0.3858
14363 36 61 0.3858
14436 36 53 0.3858
14436 36 62 0.3858
14509 36 63 0.4567
14509 36 51 0.4567
14581 36 53 0.5197
14581 36 61 0.5197
14654 36 61 0.5591
14654 36 54 0.5591
14690 72 64 0.5591
14690 145 54 0.5591
14763 72 58 0.5984
14836 72 57 0.5827
14836 145 53 0.5827
14909 72 58 0.5118
14981 72 57 0.4646
14981 145 53 0.4646
15054 72 58 0.3701
15127 17 65 0.3701
15145 18 65 0.3701
15181 17 65 0.3543
15199 17 65 0.3701
15218 18 65 0.3701
15254 17 65 0.3465
15272 17 65 0.3701
15290 18 65 0.3701
15327 17 65 0.3465
15345 17 65 0.3701
15363 18 65 0.3701
15399 17 65 0.3701
15418 35 53 0.4173
15418 35 65 0.4173
15454 36 53 0.3937
15454 36 57 0.3937
15527 36 53 0.3937
15527 36 57 0.3937
15563 35 53 0.4173
15563 35 55 0.4173
15563 35 58 0.4173
15599 36 53 0.3937
15599 36 58 0.3937
15599 36 55 0.3937
15672 36 53 0.4252
15672 36 59 0.4252
15672 36 56 0.4252
15709 72 53 0.4331
15709 36 60 0.4331
15709 36 57 0.4331
15745 36 57 0.4803
15745 36 61 0.4803
15781 72 53 0.5197
15781 36 62 0.5197
15781 36 58 0.5197
15818 36 59 0.5591
15818 36 62 0.5591
15854 145 63 0.6063
15854 145 60 0.6063
15854 145 53 0.6063
16181 36 58 0.3307
16218 9 62 0.378
16254 9 67 0.3622
16290 36 60 0.4094
16327 9 63 0.3622
16363 36 65 0.378
16399 36 63 0.3701
16436 36 62 0.4173
16472 36 57 0.3701
16509 36 58 0.4016
16545 36 51 0.4016
16545 36 60 0.4016
16581 72 58 0.4094
16581 109 53 0.4094
16654 36 57 0.3701
16763 36 58 0.3543
16799 9 62 0.3701
16836 9 67 0.3701
16872 36 60 0.4016
16909 9 63 0.3622
16945 36 65 0.378
16981 36 63 0.378
17018 36 62 0.4016
17054 36 51 0.3701
17054 36 63 0.3701
17090 36 62 0.3937
17090 72 53 0.3937
17127 36 60 0.378
17163 36 58 0.4016
17309 18 58 0.5039
17327 18 65 0.4409
17345 18 62 0.4646
17363 18 65 0.4409
17381 18 55 0.4961
17399 18 62 0.4488
17418 18 58 0.4646
17436 18 62 0.4409
17454 18 51 0.5039
17472 18 60 0.4409
17490 18 55 0.4646
17509 18 60 0.4409
17527 18 53 0.5039
17545 18 63 0.4488
17563 18 60 0.4724
17581 18 63 0.4488
17599 36 62 0.5197
17636 72 65 0.4724
17636 36 57 0.4724
17672 36 58 0.5039
17709 36 51 0.4567
17709 36 60 0.4567
17745 72 58 0.5118
17745 109 53 0.5118
17818 36 57 0.4724
17890 18 58 0.5118
17909 18 65 0.4488
17927 18 62 0.4724
17945 18 65 0.4409
17963 9 55 0.5039
17981 9 62 0.4488
17999 9 58 0.4724
18018 9 62 0.4488
18036 18 51 0.5039
18054 18 60 0.4409
18072 18 55 0.4646
18090 18 60 0.4409
18109 18 53 0.5039
18127 18 63 0.4409
18145 18 60 0.4646
18163 18 63 0.4331
18181 72 58 0.4646
18181 36 50 0.4646
18218 36 51 0.4488
18254 36 62 0.4646
18254 72 53 0.4646
18290 36 63 0.4488
18327 36 58 0.4646
18327 36 62 0.4646
18363 36 46 0.4961
18509 13 58 0.3701
18545 36 55 0.378
18581 36 51 0.3622
18618 36 53 0.3701
18654 36 41 0.4488
18799 13 60 0.3543
18836 36 57 0.3543
18872 36 53 0.3543
18909 36 58 0.3622
18945 36 46 0.5512
19090 18 50 0.4646
19090 18 38 0.4173
19127 18 38 0.4488
19127 18 50 0.5039
19163 18 48 0.4567
19163 18 36 0.4094
19199 36 47 0.4488
19199 36 35 0.4016
19236 36 59 0.5197
19309 36 67 0.3701
19309 36 58 0.3701
19345 36 60 0.378
19345 36 67 0.378
19381 36 48 0.4331
19527 18 36 0.4094
19527 18 48 0.4567
19563 18 48 0.4882
19563 18 36 0.4331
19599 18 34 0.4094
19599 18 46 0.4567
19636 36 45 0.4488
19636 36 33 0.4016
19672 36 57 0.4724
19745 36 57 0.3465
19745 36 65 0.3465
19781 36 58 0.3465
19781 36 65 0.3465
19818 36 46 0.4016
19945 18 51 0.4094
19963 18 58 0.4331
19981 18 55 0.4016
19999 36 60 0.4724
20090 18 53 0.4488
20109 18 58 0.4724
20127 18 56 0.4252
20145 36 62 0.5354
20236 18 55 0.4252
20254 18 63 0.4567
20272 18 58 0.4252
20290 36 67 0.5118
20381 18 50 0.4331
20399 18 58 0.4567
20418 18 53 0.4331
20436 36 62 0.5039
20509 218 51 0.5748
20581 72 55 0.5512
20654 72 60 0.5827
20727 72 60 0.5512
20727 72 52 0.5512
20799 18 53 0.5118
20818 18 60 0.4724
20836 18 57 0.5354
20854 18 60 0.5197
20872 18 53 0.5433
20890 18 60 0.5118
20909 9 57 0.5591
20927 9 60 0.5197
20945 18 53 0.5118
20963 18 62 0.4567
20981 18 58 0.5197
20999 18 62 0.4882
21018 18 53 0.5433
21036 18 62 0.5039
21054 9 58 0.5591
21072 9 62 0.5197
21090 18 53 0.5591
21109 18 63 0.5276
21127 18 60 0.5591
21145 18 63 0.5197
21163 18 53 0.5906
21181 18 60 0.5591
21199 18 57 0.5748
21218 18 60 0.5197
21236 18 53 0.5433
21254 18 62 0.5118
21272 18 58 0.5276
21290 18 62 0.4961
21309 18 53 0.5354
21327 18 62 0.4961
21345 18 58 0.5118
21363 18 62 0.4409
21381 9 57 0.4724
21381 9 60 0.4724
21381 9 53 0.4724
21454 18 51 0.4252
21472 18 53 0.3937
21490 18 51 0.3543
21509 18 53 0.3228
21527 18 50 0.378
21545 18 53 0.3543
21563 18 50 0.4016
21581 18 53 0.3701
21599 18 51 0.4173
21618 18 53 0.3937
21636 18 51 0.3701
21654 18 53 0.3386
21672 18 50 0.3622
21690 18 53 0.2992
21709 18 50 0.3465
21727 18 53 0.3307
21745 18 51 0.4409
21763 18 53 0.4331
21781 18 51 0.3858
21799 18 53 0.3622
21818 18 50 0.378
21836 18 53 0.3543
21854 18 50 0.3937
21872 18 53 0.3701
21890 18 51 0.4173
21909 18 53 0.3937
21927 18 51 0.378
21945 18 53 0.3543
21963 18 50 0.4173
21981 18 65 0.3858
21999 18 62 0.4173
22018 18 65 0.3858
22036 18 63 0.4252
22054 18 65 0.378
22072 18 63 0.4488
22090 18 65 0.4094
22109 36 62 0.5039
22218 36 58 0.5906
22218 36 50 0.5906
22254 36 51 0.6693
22254 36 58 0.6693
22363 36 58 0.4488
22363 36 60 0.4488
22363 36 51 0.4488
22399 18 53 0.4803
22418 18 62 0.4488
22436 18 58 0.4882
22454 18 62 0.4488
22472 18 53 0.4803
22490 18 63 0.4331
22509 18 57 0.4803
22527 18 63 0.4331
22545 36 58 0.4803
22599 18 60 0.5433
22618 36 62 0.5827
22672 18 38 0.5039
22672 18 50 0.5039
22690 36 39 0.5433
22690 36 51 0.5433
22836 145 41 0.6929
22836 145 29 0.6929
22981 36 41 0.5512
22981 36 50 0.5512
22981 36 46 0.5512
23054 36 46 0.5591
23054 36 50 0.5591
23054 36 41 0.5591
23127 36 58 0.6378
23127 36 53 0.6378
23127 36 62 0.6378
23418 18 53 0.4488
23436 18 62 0.4252
23454 18 58 0.4488
23472 18 62 0.4173
23490 18 53 0.4488
23509 18 62 0.4094
23527 18 58 0.4488
23545 18 62 0.4173
23563 18 53 0.5197
23581 18 63 0.4646
23599 18 57 0.5118
23618 18 63 0.4803
23636 18 53 0.5118
23654 18 63 0.4803
23672 18 57 0.5118
23690 18 63 0.4803
23709 36 58 0.4094
23709 36 62 0.4094
23745 36 62 0.4094
23745 36 58 0.4094
23818 36 62 0.4409
23818 36 58 0.4409
23854 36 58 0.4567
23854 36 69 0.4567
23890 36 58 0.4252
23890 36 69 0.4252
23963 36 58 0.4803
23963 36 69 0.4803
23999 36 58 0.5276
23999 36 68 0.5276
24036 36 68 0.4882
24036 36 58 0.4882
24072 36 67 0.5591
24072 36 58 0.5591
24109 36 67 0.5354
24109 36 58 0.5354
24145 36 62 0.6457
24145 36 58 0.6457
24181 36 58 0.5984
24181 36 62 0.5984
24218 36 58 0.6693
24218 36 63 0.6693
24254 36 58 0.7165
24254 36 60 0.7165
24290 9 58 0.7087
24290 9 46 0.5984
24309 9 58 0.685
24309 9 46 0.5748
24345 18 46 0.5591
24345 18 58 0.6614
24363 9 62 0.7087
24363 9 50 0.5984
24381 9 50 0.5827
24381 9 62 0.6929
24418 18 46 0.5669
24418 18 58 0.6693
24436 9 43 0.5984
24436 9 55 0.7087
24454 9 43 0.5827
24454 9 55 0.6929
24490 18 43 0.5591
24490 18 55 0.6614
24509 9 58 0.7087
24509 9 46 0.5984
24527 9 58 0.685
24527 9 46 0.5748
24563 18 43 0.5591
24563 18 55 0.6614
24581 9 38 0.5984
24581 9 50 0.7087
24599 9 50 0.7008
24599 9 38 0.5906
24636 18 38 0.5827
24636 18 50 0.6929
24654 9 51 0.7165
24654 9 39 0.6063
24672 9 39 0.6063
24672 9 51 0.7165
24690 9 52 0.7559
24690 9 40 0.6378
24709 9 40 0.6142
24709 9 52 0.7244
24727 72 41 0.622
24727 72 53 0.7323
25018 18 53 0.4016
25036 18 62 0.3543
25054 18 58 0.3701
25072 18 62 0.3465
25090 18 53 0.3937
25109 18 62 0.3465
25127 18 58 0.3701
25145 18 62 0.3465
25163 18 53 0.4016
25181 18 63 0.3465
25199 18 60 0.3701
25218 18 63 0.3543
25236 18 53 0.3937
25254 18 63 0.3071
25272 18 60 0.3465
25290 18 63 0.2992
25309 18 53 0.4016
25327 18 61 0.3228
25345 18 58 0.3543
25363 18 61 0.3228
25381 18 53 0.3701
25399 18 61 0.315
25418 18 58 0.3543
25436 18 61 0.315
25454 18 53 0.378
25472 18 63 0.315
25490 18 60 0.3543
25509 18 63 0.315
25527 18 53 0.378
25545 18 63 0.2835
25563 18 60 0.3228
25581 18 63 0.2756
25599 36 54 0.5906
25599 36 61 0.5906
25745 145 54 0.5197
25763 18 58 0.4961
25781 18 60 0.5197
25799 7 61 0.5512
25818 18 61 0.5512
25836 7 60 0.5118
25854 18 60 0.5433
25872 9 58 0.5197
25890 9 57 0.5276
25890 9 53 0.3701
25927 36 57 0.3937
25927 36 53 0.2756
25999 36 53 0.2756
25999 36 57 0.3937
26036 9 53 0.2992
26036 9 58 0.4173
26036 9 55 0.2992
26072 36 55 0.2756
26072 36 58 0.3937
26072 36 53 0.2756
26145 36 56 0.4252
26145 36 59 0.4252
26145 36 53 0.2992
26181 36 57 0.3071
26181 36 60 0.4331
26181 72 53 0.3071
26218 36 57 0.3386
26218 36 61 0.4803
26254 36 58 0.3701
26254 36 62 0.5197
26254 72 53 0.3701
26290 36 59 0.4016
26290 36 62 0.5591
26327 145 63 0.6063
26327 145 53 0.4331
26327 145 60 0.4331
26618 18 53 0.2835
26636 8 57 0.2835
26654 18 57 0.3307
26672 8 60 0.3307
26690 18 60 0.3937
26709 8 63 0.378
26727 18 63 0.4409
26745 9 60 0.4016
26763 18 60 0.4331
26781 8 57 0.4173
26799 18 57 0.4331
26818 18 53 0.4016
26836 18 54 0.4409
26854 18 55 0.4646
26872 18 56 0.4882
26890 18 57 0.5118
26909 9 58 0.5433
26927 9 58 0.3622
26963 9 58 0.3622
26981 9 58 0.378
26999 9 58 0.3622
27036 9 58 0.3622
27054 9 58 0.3858
27072 9 58 0.3622
27109 9 58 0.3622
27127 9 58 0.3858
27145 9 58 0.3622
27181 9 58 0.3543
27199 9 58 0.378
27218 9 58 0.4016
27254 9 58 0.4488
27272 9 58 0.4724
27290 9 58 0.5039
27327 9 58 0.5512
27345 36 59 0.5197
27381 36 47 0.4409
27381 36 59 0.5197
27418 36 60 0.5591
27418 36 48 0.4724
27454 36 58 0.5197
27454 36 46 0.4409
27490 36 45 0.4803
27490 36 57 0.5669
27527 36 57 0.5197
27527 36 45 0.4409
27563 36 46 0.4567
27563 36 58 0.5433
27599 36 57 0.5197
27599 36 45 0.4409
27636 36 55 0.5512
27636 36 43 0.4646
27672 36 43 0.4409
27672 36 55 0.5197
27709 36 57 0.5433
27709 36 45 0.4567
27745 36 43 0.4409
27745 36 55 0.5197
27781 36 54 0.5354
27781 36 42 0.4488
27818 36 54 0.5197
27818 36 42 0.4409
27854 36 43 0.4646
27854 36 55 0.5512
27890 36 53 0.5197
27890 36 41 0.4409
27927 18 39 0.4882
27927 18 51 0.5748
27945 18 55 0.5118
27963 18 58 0.5118
27981 18 55 0.5118
27999 18 51 0.5591
28018 18 55 0.5118
28036 18 58 0.5118
28054 18 55 0.4724
28072 18 53 0.5433
28090 18 56 0.4724
28109 18 58 0.5118
28127 18 56 0.4724
28145 18 53 0.5433
28163 18 56 0.4803
28181 18 58 0.5118
28199 18 56 0.4803
28218 18 55 0.5591
28236 18 58 0.5039
28254 18 63 0.5354
28272 18 58 0.5118
28290 18 50 0.6142
28309 18 56 0.5197
28327 18 58 0.5591
28345 18 56 0.5433
28363 18 51 0.622
28381 18 63 0.5669
28399 18 48 0.6457
28418 18 60 0.5748
28436 18 50 0.6535
28454 18 62 0.5984
28472 18 45 0.6614
28490 18 57 0.6142
28509 72 46 0.7087
28509 72 58 0.7087
28581 72 42 0.7008
28581 72 54 0.7008
28654 72 40 0.7008
28654 72 52 0.7008
28799 9 61 0.5433
28809 9 58 0.5591
28818 9 55 0.5827
28827 9 52 0.6063
28836 9 49 0.6299
28845 9 46 0.6457
28854 9 43 0.6693
28863 9 40 0.6929
28872 72 41 0.8504
28872 74 53 0.8504
28946 2 57 0.5197
28948 2 55 0.5276
28949 2 53 0.5433
28951 2 55 0.5512
28952 2 57 0.5591
28954 2 58 0.5669
28955 2 60 0.5827
29090 109 60 0.4252
29090 109 63 0.4252
29090 109 53 0.4252
29090 109 57 0.4252
29527 36 58 0.3307
29563 9 62 0.378
29599 9 67 0.3622
29636 36 60 0.4094
29672 36 63 0.3701
29709 36 65 0.378
29745 36 63 0.3543
29781 36 62 0.4173
29818 72 65 0.3701
29818 36 57 0.3701
29854 36 58 0.4016
29890 36 51 0.378
29890 36 60 0.378
29927 72 58 0.4094
29927 109 53 0.4094
29999 36 57 0.3701
30072 9 46 0.4882
30090 18 58 0.3937
30109 18 62 0.4173
30127 18 58 0.3937
30145 9 43 0.4882
30163 9 55 0.4094
30181 9 58 0.4252
30199 9 55 0.4094
30218 9 36 0.5039
30236 18 48 0.4016
30254 18 51 0.4252
30272 18 48 0.4094
30290 9 41 0.5039
30309 18 53 0.4173
30327 18 57 0.4252
30345 18 53 0.4252
30363 36 58 0.4961
30399 36 51 0.4252
30436 36 53 0.4488
30472 36 41 0.4252
30509 36 50 0.5433
30509 36 58 0.5433
30618 36 50 0.4961
30618 36 58 0.4961
30654 36 58 0.5354
30654 36 51 0.5354
30763 36 51 0.5039
30763 36 57 0.5039
30799 36 50 0.5433
30799 109 58 0.5433
30836 36 55 0.4646
30872 36 51 0.5197
30909 36 57 0.4646
30909 36 53 0.4646
30945 36 50 0.5039
30945 36 58 0.5039
31054 36 58 0.4252
31054 36 50 0.4252
31090 36 58 0.4567
31090 36 51 0.4567
31199 36 51 0.4331
31199 36 60 0.4331
31236 18 53 0.5039
31254 18 62 0.4488
31272 18 58 0.5039
31290 18 62 0.4567
31309 18 53 0.5039
31327 18 62 0.4567
31345 18 58 0.5039
31363 18 62 0.4567
31381 18 53 0.5039
31399 18 63 0.5039
31418 18 57 0.5276
31436 18 63 0.5039
31454 18 53 0.5512
31472 18 63 0.5039
31490 18 57 0.5591
31509 18 63 0.5197
31527 18 62 0.5197
31545 18 58 0.3858
31563 18 62 0.3228
31581 18 58 0.2677
31599 18 62 0.315
31618 18 58 0.2756
31636 18 62 0.315
31654 18 58 0.2756
31672 18 65 0.3386
31690 18 58 0.3071
31709 18 65 0.3465
31727 18 58 0.2992
31745 18 68 0.3465
31763 18 58 0.2992
31781 18 68 0.3465
31799 18 58 0.2992
31818 18 67 0.3465
31836 18 58 0.3307
31854 18 62 0.3701
31872 18 58 0.3465
31890 18 63 0.3937
31909 18 58 0.3622
31927 18 63 0.3465
31945 18 58 0.3465
31963 18 60 0.3386
31981 18 58 0.2992
31999 18 60 0.3228
32018 18 58 0.315
32036 18 60 0.378
32054 18 58 0.3386
32072 18 60 0.3386
32090 18 58 0.3071
32109 36 58 0.3543
32109 36 62 0.3543
32254 18 65 0.3307
32272 18 58 0.2992
32290 18 65 0.3307
32309 18 58 0.3071
32327 9 68 0.3307
32345 9 58 0.3071
32363 9 68 0.3307
32381 9 58 0.2992
32399 18 67 0.3307
32418 18 58 0.3307
32436 18 62 0.3622
32454 18 58 0.3307
32472 18 63 0.3543
32490 18 58 0.2677
32509 18 63 0.3071
32527 18 58 0.2756
32545 18 60 0.3543
32563 18 58 0.3307
32581 18 60 0.3543
32599 18 58 0.3307
32618 18 60 0.3622
32636 18 58 0.3307
32654 18 60 0.3622
32672 18 58 0.3465
32690 36 62 0.3858
32690 36 58 0.3858
32763 36 60 0.3071
32763 72 53 0.3071
32799 36 63 0.3071
32836 36 62 0.3622
32836 36 58 0.3622
32909 36 60 0.2913
32909 72 53 0.2913
32945 36 63 0.2913
32981 36 58 0.3386
32981 36 62 0.3386
33054 18 53 0.6614
33054 18 41 0.5591
33090 18 41 0.5591
33090 18 53 0.6614
33127 18 34 0.5906
33127 18 46 0.7008
