0 7 31 0.3465
38 9 55 0.315
48 9 57 0.252
58 9 55 0.2677
67 9 50 0.2677
77 9 62 0.315
106 7 50 0.315
106 7 55 0.315
106 7 34 0.2756
116 7 54 0.3622
116 7 48 0.3622
116 7 33 0.315
154 9 60 0.3386
164 9 62 0.2913
174 9 60 0.2913
184 9 57 0.2913
193 9 69 0.3858
222 7 50 0.3465
222 7 60 0.3465
222 7 30 0.2598
232 7 58 0.378
232 7 50 0.378
232 7 31 0.315
271 9 55 0.315
280 9 57 0.2677
290 9 55 0.2677
300 9 50 0.2677
309 7 67 0.3937
338 7 55 0.3465
338 7 65 0.3465
338 7 34 0.252
348 7 63 0.3701
348 7 55 0.3701
348 7 36 0.2913
377 7 55 0.315
377 7 62 0.315
377 7 38 0.2598
387 7 60 0.3465
387 7 55 0.3465
387 7 39 0.2992
416 7 58 0.3937
426 7 57 0.3622
426 7 61 0.3622
426 7 51 0.315
455 7 55 0.315
464 7 54 0.3937
464 7 62 0.3937
464 7 38 0.3543
464 7 50 0.3543
503 67 74 0.5669
542 77 62 0.4803
542 38 30 0.315
571 9 72 0.4567
581 7 70 0.5118
581 19 31 0.3465
610 7 69 0.4331
619 7 67 0.5039
619 38 70 0.5039
619 67 55 0.4724
648 7 65 0.4409
658 7 63 0.5039
687 7 62 0.4409
687 9 53 0.4016
697 7 60 0.5039
697 7 51 0.4567
726 7 50 0.4016
736 67 77 0.5354
736 7 48 0.4488
765 7 46 0.3937
774 77 65 0.4803
774 38 33 0.315
803 9 75 0.4567
813 7 74 0.5118
813 19 34 0.3465
842 7 72 0.4331
852 7 70 0.5039
852 38 74 0.5039
852 67 58 0.4724
881 7 69 0.4409
890 7 67 0.5039
920 7 65 0.4409
920 9 57 0.4016
929 7 64 0.5039
929 7 55 0.4567
958 7 53 0.4016
968 67 81 0.5512
968 7 52 0.4488
997 7 50 0.3937
1007 77 69 0.4803
1007 38 37 0.315
1036 9 79 0.4567
1045 7 78 0.5118
1045 19 38 0.3465
1074 7 75 0.4331
1084 7 74 0.5039
1084 38 78 0.5039
1084 67 62 0.4567
1113 7 72 0.4409
1123 7 79 0.5039
1123 7 70 0.5039
1152 7 69 0.4409
1152 7 60 0.4016
1162 7 67 0.5039
1162 7 58 0.4567
1191 7 57 0.4016
1200 38 70 0.5591
1200 7 55 0.4488
1229 7 53 0.3937
1239 29 69 0.4094
1239 38 73 0.4882
1239 7 52 0.4488
1268 9 67 0.4567
1268 7 51 0.3937
1278 7 66 0.4409
1278 7 74 0.4803
1278 7 50 0.4567
1307 7 63 0.4016
1317 38 66 0.4646
1317 7 62 0.4646
1317 67 50 0.4724
1346 9 60 0.3937
1355 7 67 0.4488
1355 7 58 0.4488
1384 7 57 0.3858
1384 9 48 0.3543
1394 7 55 0.4488
1394 7 46 0.4016
1423 7 45 0.3465
1433 38 58 0.4803
1433 7 43 0.4094
1462 7 41 0.3307
1472 38 61 0.4331
1472 7 57 0.4331
1472 7 40 0.378
1501 7 55 0.3701
1501 7 39 0.2756
1510 19 54 0.4252
1510 19 62 0.4252
1510 7 38 0.3228
1539 7 36 0.2283
1549 9 55 0.315
1549 7 34 0.2756
1559 9 57 0.252
1568 9 55 0.2677
1578 9 50 0.2677
1578 7 33 0.2205
1588 7 62 0.315
1588 7 31 0.2756
1617 7 55 0.315
1617 7 50 0.315
1617 7 34 0.2756
1626 7 48 0.3622
1626 7 54 0.3622
1626 7 33 0.315
1665 9 60 0.3386
1675 9 62 0.2913
1685 9 60 0.2913
1694 9 57 0.2913
1704 7 69 0.3858
1733 7 60 0.3465
1733 7 50 0.3465
1733 7 30 0.2598
1743 7 50 0.378
1743 7 58 0.378
1743 7 31 0.315
1781 9 55 0.315
1791 9 57 0.2677
1801 9 55 0.2677
1810 9 50 0.2677
1820 7 67 0.3937
1849 7 65 0.3465
1849 7 55 0.3465
1849 7 34 0.252
1859 7 63 0.3701
1859 7 55 0.3701
1859 7 36 0.2913
1888 7 55 0.315
1888 7 62 0.315
1888 7 38 0.2598
1898 7 55 0.3465
1898 7 60 0.3465
1898 7 39 0.2992
1927 7 58 0.3937
1936 7 57 0.3622
1936 7 61 0.3622
1936 7 51 0.315
1965 7 55 0.315
1975 9 54 0.3937
1975 9 62 0.3937
1975 9 38 0.3543
1975 9 50 0.3543
2014 67 74 0.5669
2053 77 62 0.4803
2053 38 30 0.315
2082 9 72 0.4567
2091 7 70 0.5118
2091 19 31 0.3465
2120 7 69 0.4331
2130 7 67 0.5039
2130 38 70 0.5039
2130 67 55 0.4724
2159 7 65 0.4409
2169 7 63 0.5039
2198 7 62 0.4409
2198 9 53 0.4016
2208 7 60 0.5039
2208 7 51 0.4567
2237 7 50 0.4016
2246 67 77 0.5354
2246 7 48 0.4488
2275 7 46 0.3937
2285 77 65 0.4803
2285 38 33 0.315
2314 9 75 0.4567
2324 7 74 0.5118
2324 19 34 0.3465
2353 7 72 0.4331
2362 7 70 0.5039
2362 38 74 0.5039
2362 67 58 0.4724
2392 7 69 0.4409
2401 7 67 0.5039
2430 7 65 0.4409
2430 9 57 0.4016
2440 7 64 0.5039
2440 7 55 0.4567
2469 7 53 0.4016
2479 67 81 0.5512
2479 7 52 0.4488
2508 7 50 0.3937
2517 77 69 0.4803
2517 38 37 0.315
2546 9 79 0.4567
2556 7 78 0.5118
2556 19 38 0.3465
2585 7 75 0.4331
2595 7 74 0.5039
2595 38 78 0.5039
2595 67 62 0.4567
2624 7 72 0.4409
2634 7 79 0.5039
2634 7 70 0.5039
2663 7 69 0.4409
2663 9 60 0.4016
2672 7 67 0.5039
2672 7 58 0.4567
2701 7 57 0.4016
2711 38 70 0.5591
2711 7 55 0.4488
2740 7 53 0.3937
2750 29 69 0.4094
2750 38 73 0.4882
2750 7 52 0.4488
2779 9 67 0.4567
2779 7 51 0.3937
2789 7 74 0.4803
2789 7 66 0.4409
2789 7 50 0.4567
2818 7 63 0.4016
2827 7 62 0.4646
2827 38 66 0.4646
2827 67 50 0.4724
2856 7 60 0.3937
2866 7 67 0.4488
2866 7 58 0.4488
2895 7 57 0.3858
2895 9 48 0.3543
2905 7 55 0.4488
2905 7 46 0.4016
2934 7 45 0.3465
2944 38 58 0.4803
2944 7 43 0.4094
2973 7 41 0.3543
2982 7 57 0.4331
2982 38 61 0.4331
2982 7 40 0.3937
3011 7 55 0.3701
3011 7 39 0.3937
3021 19 62 0.4252
3021 19 54 0.4252
3021 19 38 0.3937
3060 67 70 0.4567
3098 77 58 0.315
3098 38 38 0.315
3098 77 46 0.315
3128 9 66 0.3937
3137 29 67 0.4409
3137 38 39 0.315
3166 9 69 0.4016
3176 67 70 0.4488
3215 77 58 0.315
3215 38 38 0.315
3215 77 46 0.315
3244 9 66 0.4252
3253 29 67 0.4803
3253 38 39 0.315
3282 9 69 0.4094
3292 19 70 0.4488
3312 19 58 0.3701
3326 82 36 0.2598
3331 19 74 0.5039
3331 116 51 0.315
3350 19 72 0.4488
3370 19 74 0.5197
3389 19 72 0.4961
3408 12 70 0.4646
3408 38 48 0.315
3421 12 67 0.4016
3434 12 63 0.4016
3447 29 62 0.4488
3447 38 57 0.2835
3447 29 53 0.2835
3447 38 41 0.2835
3476 9 60 0.3701
3476 9 51 0.252
3486 19 58 0.4252
3486 19 46 0.2913
3486 19 50 0.2913
3525 67 77 0.4567
3558 43 41 0.2205
3561 41 49 0.252
3563 77 65 0.315
3563 38 57 0.2835
3592 9 73 0.3937
3602 29 74 0.4409
3602 38 58 0.315
3602 38 50 0.315
3631 9 75 0.4016
3641 67 77 0.4488
3675 43 41 0.2283
3677 41 49 0.252
3680 77 65 0.315
3680 38 57 0.2835
3709 9 73 0.4252
3718 29 74 0.4803
3718 38 58 0.315
3718 38 50 0.315
3747 9 75 0.4094
3757 19 77 0.4488
3776 19 65 0.3701
3791 43 46 0.2598
3793 79 53 0.2598
3796 19 81 0.5039
3796 38 62 0.315
3815 19 79 0.4488
3834 19 81 0.5197
3834 77 62 0.315
3854 19 79 0.4961
3873 12 77 0.4646
3873 38 55 0.315
3886 12 74 0.4016
3899 12 70 0.4016
3912 38 64 0.2835
3912 29 69 0.4488
3912 29 60 0.2835
3912 38 48 0.2835
3941 9 67 0.3701
3941 9 58 0.252
3951 19 65 0.4252
3951 19 53 0.2913
3951 19 57 0.2913
3989 67 82 0.4567
4023 36 50 0.252
4026 33 58 0.2835
4028 77 70 0.315
4028 39 65 0.315
4057 9 77 0.3937
4060 46 51 0.2126
4062 43 54 0.2598
4064 41 58 0.315
4067 29 78 0.4724
4067 38 66 0.315
4096 9 80 0.4488
4106 67 82 0.4882
4140 29 50 0.2598
4142 33 58 0.2835
4144 77 70 0.315
4144 31 65 0.315
4173 9 77 0.4488
4176 46 51 0.2126
4178 43 54 0.2441
4181 41 58 0.2756
4183 29 78 0.4961
4183 38 66 0.315
4212 9 80 0.4331
4222 19 82 0.4724
4241 19 73 0.3937
4256 43 54 0.2598
4258 79 61 0.2598
4261 19 89 0.5118
4261 38 70 0.315
4280 19 87 0.4724
4299 19 89 0.5197
4299 77 70 0.315
4319 19 87 0.4961
4338 12 85 0.4882
4338 38 63 0.315
4351 12 82 0.4488
4364 12 78 0.4016
4377 38 72 0.2835
4377 29 77 0.4488
4377 38 66 0.2835
4377 38 56 0.2835
4406 9 75 0.3701
4416 19 73 0.4252
4416 19 61 0.2913
4416 19 65 0.2913
4454 67 80 0.4567
4488 43 44 0.2205
4491 41 51 0.252
4493 77 68 0.315
4493 38 60 0.2835
4522 9 75 0.3937
4532 29 77 0.4409
4532 38 61 0.315
4532 38 53 0.315
4561 9 78 0.4016
4570 67 80 0.4488
4604 43 44 0.2283
4607 41 51 0.252
4609 77 68 0.315
4609 38 60 0.2835
4638 9 75 0.4252
4648 29 77 0.4803
4648 38 61 0.315
4648 38 53 0.315
4677 9 78 0.4094
4687 19 80 0.4488
4706 19 70 0.3701
4721 43 49 0.2598
4723 79 56 0.2598
4725 19 84 0.5039
4725 38 65 0.315
4745 19 82 0.4488
4764 19 84 0.5197
4764 77 65 0.315
4784 19 82 0.4961
4803 12 80 0.4646
4803 38 58 0.315
4816 12 77 0.4016
4829 12 73 0.4016
4842 29 72 0.4488
4842 38 67 0.2835
4842 38 61 0.2835
4842 38 51 0.2835
4871 9 70 0.3701
4880 19 68 0.4252
4880 19 56 0.2913
4880 19 60 0.2913
4919 67 54 0.3858
4958 77 68 0.315
4958 77 63 0.2677
4958 77 60 0.2677
4958 77 44 0.252
4987 9 50 0.3307
4997 29 51 0.3701
5026 9 53 0.3386
5035 67 69 0.4094
5035 77 54 0.3858
5074 77 44 0.252
5103 9 62 0.3543
5113 29 63 0.3937
5142 9 65 0.3543
5152 116 60 0.3937
5152 116 66 0.4016
5152 67 51 0.3622
5190 77 44 0.252
5219 9 47 0.3386
5229 29 48 0.3701
5258 9 49 0.3307
5268 67 66 0.4094
5268 154 51 0.3701
5306 116 44 0.252
5336 9 59 0.3543
5345 29 60 0.3937
5374 9 61 0.3543
5384 77 63 0.4016
5423 116 45 0.252
5452 9 53 0.3543
5461 38 63 0.4016
5461 29 54 0.3937
5490 9 56 0.3543
5500 116 57 0.4016
5539 116 47 0.252
5568 9 50 0.3543
5578 29 51 0.3937
5607 9 52 0.3543
5616 116 54 0.4016
5655 96 48 0.252
5684 9 49 0.3543
5694 29 50 0.3937
5723 9 52 0.4016
5733 67 54 0.4331
5752 19 50 0.3543
5771 19 52 0.4016
5791 58 54 0.4252
5849 9 55 0.315
5849 67 31 0.3465
5859 9 57 0.252
5868 9 55 0.2677
5878 9 50 0.2677
5888 7 62 0.315
5917 7 50 0.315
5917 7 55 0.315
5917 7 34 0.2756
5926 7 48 0.3622
5926 7 54 0.3622
5926 7 33 0.315
5965 9 60 0.3386
5975 9 62 0.2913
5984 9 60 0.2913
5994 9 57 0.2913
6004 7 69 0.3858
6033 7 60 0.3465
6033 7 50 0.3465
6033 7 30 0.2598
6043 7 58 0.378
6043 7 50 0.378
6043 7 31 0.315
6081 9 55 0.315
6091 9 57 0.2677
6101 9 55 0.2677
6110 9 50 0.2677
6120 7 67 0.3937
6149 7 65 0.3465
6149 7 55 0.3465
6149 7 34 0.252
6159 7 63 0.3701
6159 7 55 0.3701
6159 7 36 0.2913
6188 7 62 0.315
6188 7 55 0.315
6188 7 38 0.2598
6197 7 60 0.3465
6197 7 55 0.3465
6197 7 39 0.2992
6227 7 58 0.3937
6236 7 61 0.3622
6236 7 57 0.3622
6236 7 51 0.315
6265 7 55 0.315
6275 7 62 0.3937
6275 7 54 0.3937
6275 7 38 0.3543
6275 7 50 0.3543
6314 67 74 0.5669
6352 77 62 0.4803
6352 38 30 0.315
6381 9 72 0.4567
6391 7 70 0.5118
6391 19 31 0.3465
6420 7 69 0.4331
6430 38 70 0.5039
6430 7 67 0.5039
6430 67 55 0.4724
6459 7 65 0.4409
6469 7 63 0.5039
6498 7 62 0.4409
6498 9 53 0.4016
6507 7 60 0.5039
6507 7 51 0.4567
6536 7 50 0.4016
6546 67 77 0.5354
6546 7 48 0.4488
6575 7 46 0.3937
6585 77 65 0.4803
6585 38 33 0.315
6614 9 75 0.4567
6624 7 74 0.5118
6624 19 34 0.3465
6653 7 72 0.4331
6662 7 70 0.5039
6662 38 74 0.5039
6662 67 58 0.4724
6691 7 69 0.4409
6701 7 67 0.5039
6730 7 65 0.4409
6730 9 57 0.4016
6740 7 64 0.5039
6740 7 55 0.4567
6769 7 53 0.4016
6779 67 81 0.5512
6779 7 52 0.4488
6808 7 50 0.3937
6817 77 69 0.4803
6817 38 37 0.315
6846 9 79 0.4567
6856 7 78 0.5118
6856 19 38 0.3465
6885 7 75 0.4331
6895 7 74 0.5039
6895 38 78 0.5039
6895 67 62 0.4567
6924 7 72 0.4409
6933 9 79 0.5039
6933 7 70 0.5039
6963 7 69 0.4409
6963 9 60 0.4016
6972 7 67 0.5039
6972 7 58 0.4567
7001 7 57 0.4016
7011 38 70 0.5591
7011 7 55 0.4488
7040 7 53 0.3937
7050 29 69 0.4094
7050 38 73 0.4882
7050 7 52 0.4488
7079 9 67 0.4567
7079 7 51 0.3937
7088 19 66 0.4409
7088 19 74 0.4803
7088 19 50 0.4567
7117 7 68 0.4016
7127 19 67 0.4646
7127 38 71 0.4646
7127 67 55 0.4724
7156 7 65 0.3858
7166 19 63 0.4331
7166 19 72 0.4331
7195 7 62 0.3701
7195 9 53 0.3386
7205 38 60 0.4252
7205 19 51 0.378
7234 7 50 0.315
7243 38 63 0.4409
7243 116 50 0.2992
7243 19 48 0.378
7272 7 46 0.2992
7282 38 66 0.3858
7282 29 62 0.3858
7282 29 45 0.3386
7311 9 60 0.3228
7311 9 44 0.2362
7321 38 58 0.3071
7321 38 67 0.3701
7321 38 43 0.252
7360 38 63 0.2992
7360 38 60 0.2992
7360 38 67 0.3543
7360 38 48 0.2441
7360 38 55 0.2913
7398 38 69 0.378
7398 38 66 0.315
7398 38 60 0.315
7398 38 63 0.315
7398 33 48 0.2992
7398 33 57 0.3543
7432 4 43 0.3307
7437 19 70 0.4488
7437 19 62 0.378
7437 19 58 0.3701
7456 19 72 0.3701
7456 19 60 0.2835
7476 19 69 0.4016
7476 19 57 0.3307
7495 19 70 0.3701
7495 19 58 0.2992
7515 19 67 0.4567
7515 19 55 0.4094
7534 19 74 0.4252
7534 19 62 0.3622
7553 38 74 0.4882
7553 38 62 0.4252
7592 38 63 0.315
7592 38 67 0.3701
7592 38 60 0.315
7592 38 48 0.252
7592 38 55 0.2992
7631 38 69 0.3937
7631 38 63 0.3307
7631 38 60 0.3307
7631 38 66 0.3307
7631 33 48 0.3071
7631 33 57 0.3701
7665 4 43 0.3465
7669 19 62 0.3937
7669 19 70 0.4646
7669 19 58 0.3858
7689 19 72 0.3858
7689 19 60 0.2913
7708 19 69 0.4173
7708 19 57 0.3465
7728 19 70 0.3858
7728 19 58 0.3071
7747 19 67 0.4961
7747 19 55 0.4331
7766 19 75 0.4409
7766 19 63 0.3701
7786 38 75 0.4961
7786 38 63 0.4409
7824 38 63 0.3701
7824 38 67 0.4409
7824 38 60 0.3701
7824 38 48 0.2677
7824 38 55 0.315
7863 38 60 0.3858
7863 38 63 0.3858
7863 58 69 0.4646
7863 38 41 0.3228
7863 58 53 0.3858
7902 19 62 0.4094
7902 19 46 0.4016
7921 19 70 0.4016
7921 19 58 0.3071
7941 19 67 0.4409
7941 19 55 0.3622
7960 19 69 0.4016
7960 19 57 0.3228
7979 19 65 0.4961
7979 19 53 0.4331
7999 19 74 0.4409
7999 19 62 0.378
8018 38 74 0.5276
8018 38 62 0.4567
8057 38 58 0.3701
8057 38 62 0.3701
8057 38 65 0.4409
8057 38 46 0.2677
8057 38 53 0.315
8096 38 62 0.3858
8096 58 67 0.4646
8096 38 58 0.3858
8096 38 39 0.3228
8096 58 51 0.3858
8134 19 60 0.4094
8134 19 45 0.4016
8154 19 69 0.4016
8154 19 57 0.3071
8173 19 65 0.4409
8173 19 53 0.3622
8192 19 67 0.4016
8192 19 55 0.3228
8212 19 63 0.4961
8212 19 51 0.4331
8231 19 72 0.4409
8231 19 60 0.378
8251 38 72 0.5276
8251 38 60 0.4567
8289 38 60 0.3701
8289 38 55 0.3701
8289 38 63 0.4409
8289 38 36 0.2677
8289 38 48 0.315
8328 38 57 0.3858
8328 38 54 0.3858
8328 58 62 0.4567
8328 38 38 0.3228
8328 58 50 0.3858
8367 19 55 0.4094
8367 19 43 0.4016
8386 19 63 0.3937
8386 19 51 0.2992
8405 19 60 0.4331
8405 19 48 0.3543
8425 19 62 0.3937
8425 19 50 0.315
8444 19 58 0.5039
8444 19 46 0.4409
8464 19 67 0.4409
8464 19 55 0.3858
8483 38 67 0.5039
8483 38 55 0.4646
8522 38 60 0.4016
8522 38 55 0.4016
8522 38 63 0.4803
8522 38 36 0.2913
8522 38 48 0.3465
8560 38 54 0.4252
8560 58 62 0.5039
8560 38 57 0.4252
8560 38 38 0.3543
8560 58 50 0.4252
8599 19 55 0.4488
8599 19 43 0.4409
8619 19 62 0.4409
8619 19 50 0.3858
8638 19 64 0.4646
8638 19 52 0.4331
8657 19 66 0.4961
8657 19 54 0.4646
8677 19 67 0.5197
8677 19 55 0.4882
8696 19 69 0.5433
8696 19 57 0.5197
8715 38 70 0.5906
8715 38 58 0.5433
8754 38 70 0.5276
8754 38 67 0.5276
8754 38 74 0.6299
8754 38 55 0.378
8754 38 58 0.378
8754 38 62 0.4488
8793 38 70 0.5512
8793 38 67 0.5512
8793 38 76 0.6535
8793 38 73 0.5512
8793 33 55 0.4646
8793 33 58 0.4646
8793 33 61 0.4646
8793 33 64 0.5512
8827 24 50 0.4724
8829 21 57 0.4724
8832 19 77 0.5827
8832 19 69 0.4882
8832 19 74 0.4882
8832 19 65 0.5748
8851 19 79 0.5748
8851 19 67 0.4409
8870 19 76 0.6299
8870 19 64 0.5197
8890 19 77 0.5748
8890 19 65 0.4646
8909 19 74 0.6929
8909 19 62 0.6142
8928 19 82 0.6299
8928 19 70 0.5354
8948 38 82 0.6929
8948 38 70 0.6299
8987 38 70 0.5276
8987 38 67 0.5276
8987 38 74 0.6299
8987 38 55 0.378
8987 38 58 0.378
8987 38 62 0.4488
9025 38 70 0.5512
9025 38 67 0.5512
9025 38 76 0.6535
9025 38 73 0.5512
9025 33 55 0.4646
9025 33 58 0.4646
9025 33 61 0.4646
9025 33 64 0.5512
9059 24 50 0.4724
9062 21 57 0.4724
9064 19 77 0.5827
9064 19 69 0.4882
9064 19 74 0.4882
9064 19 65 0.5748
9083 19 79 0.5748
9083 19 67 0.4409
9103 19 76 0.6299
9103 19 64 0.5197
9122 19 77 0.5748
9122 19 65 0.4646
9141 19 74 0.685
9141 19 62 0.6063
9161 19 82 0.6299
9161 19 70 0.5354
9180 38 82 0.7008
9180 38 70 0.6299
9219 38 74 0.4882
9219 38 65 0.4016
9219 38 70 0.4016
9219 38 50 0.2913
9219 38 58 0.2913
9219 38 62 0.3465
9258 38 70 0.4252
9258 38 66 0.4252
9258 38 74 0.5039
9258 38 50 0.3543
9258 38 58 0.3543
9258 38 62 0.4252
9296 19 67 0.4094
9296 19 72 0.4882
9296 19 70 0.4094
9296 19 51 0.3858
9296 19 58 0.3858
9296 19 60 0.4567
9316 38 79 0.5118
9316 38 67 0.4882
9355 19 75 0.4409
9355 19 63 0.3543
9374 19 72 0.5197
9374 19 60 0.4331
9393 19 70 0.4252
9393 19 58 0.3543
9413 19 69 0.4803
9413 19 53 0.3307
9413 19 57 0.3937
9432 38 75 0.5354
9432 38 63 0.3701
9471 19 72 0.3701
9471 19 60 0.3228
9490 19 69 0.4488
9490 19 57 0.3543
9509 19 67 0.3543
9509 19 55 0.3228
9529 9 69 0.4094
9529 9 54 0.2756
9529 9 57 0.315
9539 19 74 0.3386
9539 19 62 0.3071
9568 38 67 0.3543
9568 38 60 0.2992
9568 38 63 0.2992
9568 38 48 0.2441
9568 38 55 0.2913
9606 38 63 0.315
9606 38 66 0.315
9606 38 60 0.315
9606 38 69 0.378
9606 33 48 0.2992
9606 33 57 0.3543
9640 4 43 0.3307
9645 19 62 0.378
9645 19 70 0.4488
9645 19 58 0.3701
9664 19 72 0.3701
9664 19 60 0.2835
9684 19 69 0.4016
9684 19 57 0.3307
9703 19 70 0.3701
9703 19 58 0.2992
9723 19 67 0.4803
9723 19 55 0.4173
9742 19 74 0.4252
9742 19 62 0.3937
9761 38 74 0.5197
9761 38 62 0.4331
9800 38 60 0.315
9800 38 63 0.315
9800 38 67 0.3701
9800 38 48 0.252
9800 38 55 0.2992
9839 38 63 0.3307
9839 38 66 0.3307
9839 38 60 0.3307
9839 38 69 0.3937
9839 33 48 0.3071
9839 33 57 0.3701
9873 4 43 0.3465
9877 19 70 0.4646
9877 19 62 0.3937
9877 19 58 0.3858
9897 19 72 0.3858
9897 19 60 0.2913
9916 19 69 0.4173
9916 19 57 0.3465
9936 19 70 0.3858
9936 19 58 0.3071
9955 19 67 0.5118
9955 19 55 0.4409
9974 19 75 0.4567
9974 19 63 0.378
9994 38 75 0.5354
9994 38 63 0.4882
10032 38 63 0.3701
10032 38 60 0.3701
10032 38 67 0.4409
10032 38 48 0.2677
10032 38 55 0.315
10071 38 60 0.3858
10071 58 69 0.4646
10071 38 63 0.3858
10071 38 41 0.3228
10071 58 53 0.3858
10110 19 62 0.4094
10110 19 46 0.4016
10129 19 70 0.4016
10129 19 58 0.3071
10149 19 67 0.4409
10149 19 55 0.3622
10168 19 69 0.4016
10168 19 57 0.3228
10187 19 65 0.4961
10187 19 53 0.4331
10207 19 74 0.4409
10207 19 62 0.378
10226 38 74 0.5276
10226 38 62 0.4567
10265 38 65 0.4409
10265 38 58 0.3701
10265 38 62 0.3701
10265 38 46 0.2677
10265 38 53 0.315
10304 38 62 0.3858
10304 38 58 0.3858
10304 58 67 0.4646
10304 38 39 0.3228
10304 58 51 0.3858
10342 19 60 0.4094
10342 19 45 0.4016
10362 19 69 0.4016
10362 19 57 0.3071
10381 19 65 0.4409
10381 19 53 0.3622
10400 19 67 0.4016
10400 19 55 0.3228
10420 19 63 0.5197
10420 19 51 0.4331
10439 19 72 0.4882
10439 19 60 0.378
10459 38 72 0.5276
10459 38 60 0.4567
10497 38 60 0.3701
10497 38 55 0.3701
10497 38 63 0.4409
10497 38 36 0.2677
10497 38 48 0.315
10536 38 54 0.3858
10536 58 62 0.4567
10536 38 57 0.3858
10536 38 38 0.3228
10536 58 50 0.3858
10575 19 55 0.4094
10575 19 43 0.4016
10594 19 63 0.3937
10594 19 51 0.2992
10613 19 60 0.4331
10613 19 48 0.3543
10633 19 62 0.3937
10633 19 50 0.315
10652 19 58 0.5276
10652 19 46 0.4488
10672 19 67 0.4803
10672 19 55 0.4094
10691 38 67 0.5433
10691 38 55 0.4803
10730 38 55 0.4016
10730 38 60 0.4016
10730 38 63 0.4803
10730 38 36 0.2913
10730 38 48 0.3465
10768 38 57 0.378
10768 38 54 0.378
10768 77 62 0.4488
10768 38 38 0.315
10768 77 50 0.378
10807 38 55 0.3937
10807 38 43 0.3307
10846 19 53 0.4724
10846 19 58 0.4724
10846 19 62 0.5591
10846 19 34 0.3701
10846 19 46 0.4409
10885 19 53 0.4961
10885 19 60 0.4961
10885 19 65 0.5906
10885 19 33 0.3858
10885 19 45 0.4567
10923 9 65 0.5276
10923 9 62 0.5276
10923 9 70 0.622
10923 9 32 0.4409
10923 9 44 0.5276
10943 19 70 0.5039
10943 19 58 0.4409
10962 19 65 0.5669
10962 19 53 0.4882
10981 19 67 0.5276
10981 19 55 0.4094
11001 29 58 0.5984
11001 29 46 0.4882
11030 9 70 0.5197
11030 9 58 0.4331
11040 38 70 0.6142
11040 38 58 0.4961
11078 19 62 0.5433
11078 19 65 0.5433
11078 19 70 0.6378
11078 19 32 0.3701
11078 19 44 0.4409
11117 19 65 0.5669
11117 19 70 0.5669
11117 19 74 0.6772
11117 19 31 0.3858
11117 19 43 0.4567
11156 9 74 0.6063
11156 9 68 0.6063
11156 9 77 0.7087
11156 9 29 0.4409
11156 9 41 0.5276
11175 19 77 0.5748
11175 19 65 0.5039
11195 19 72 0.6457
11195 19 60 0.5591
11214 19 74 0.6063
11214 19 62 0.4646
11233 29 68 0.685
11233 29 56 0.5591
11262 9 80 0.5906
11262 9 68 0.4961
11272 38 80 0.7008
11272 38 68 0.5669
11311 19 68 0.6457
11311 19 72 0.6457
11311 19 80 0.7638
11311 19 29 0.4016
11311 19 41 0.4803
11349 19 72 0.7008
11349 19 77 0.7008
11349 19 84 0.8346
11349 19 27 0.4488
11349 19 39 0.5276
11388 9 82 0.7717
11388 9 77 0.7717
11388 9 89 0.9055
11388 9 26 0.5433
11388 9 38 0.6535
11408 19 89 0.5512
11427 19 82 0.6063
11446 19 84 0.5433
11466 14 77 0.5984
11485 19 77 0.5197
11504 19 70 0.622
11524 19 72 0.5039
11543 14 65 0.5827
11563 19 65 0.5118
11582 19 58 0.5906
11601 19 60 0.5354
11621 77 53 0.5827
11621 154 38 0.4724
11640 19 65 0.4252
11659 19 58 0.4724
11679 19 60 0.4252
11698 77 54 0.5827
11698 232 46 0.5197
11718 19 66 0.4252
11737 19 58 0.4724
11756 19 60 0.4331
11776 77 55 0.5827
11776 38 39 0.4724
11795 19 67 0.4252
11814 19 60 0.4724
11814 38 40 0.4724
11834 19 61 0.4331
11853 77 56 0.5827
11853 77 41 0.4724
11872 19 68 0.4331
11892 19 62 0.4724
11911 19 63 0.4331
11931 77 57 0.5827
11931 116 46 0.5433
11931 77 42 0.4724
11950 19 69 0.4252
11969 19 62 0.4724
11989 19 63 0.4252
12008 38 58 0.5827
12008 77 43 0.4724
12027 19 70 0.4252
12047 38 59 0.5512
12047 116 51 0.5197
12066 19 71 0.4331
12086 77 60 0.5984
12086 154 45 0.4803
12105 19 72 0.4331
12124 19 65 0.4961
12144 19 66 0.4409
12163 77 62 0.622
12163 77 53 0.5039
12182 19 74 0.4567
12202 19 65 0.5118
12221 19 66 0.4567
12240 77 63 0.6457
12240 77 54 0.5197
12240 77 45 0.5197
12260 19 75 0.4646
12279 19 71 0.5276
12299 19 72 0.4724
12318 77 67 0.622
12318 77 55 0.5433
12318 77 46 0.5433
12337 19 79 0.4882
12357 19 74 0.5433
12376 19 75 0.4724
12395 77 65 0.5827
12395 77 56 0.4724
12395 77 47 0.4724
12415 19 77 0.4882
12434 19 73 0.5197
12454 19 74 0.4724
12473 77 63 0.5591
12473 38 55 0.4567
12473 77 48 0.4567
12492 19 75 0.4488
12512 4 74 0.4488
12512 116 57 0.4488
12516 4 75 0.4409
12521 9 74 0.4803
12531 19 72 0.4409
12550 77 65 0.5197
12550 154 50 0.4252
12570 19 77 0.4488
12589 19 70 0.4803
12608 19 72 0.4409
12628 77 66 0.5354
12628 232 58 0.4331
12647 19 78 0.4409
12667 19 70 0.4961
12686 19 72 0.4409
12705 77 67 0.5591
12705 38 51 0.4488
12725 19 79 0.4646
12744 19 72 0.5354
12744 38 52 0.4567
12763 19 73 0.4567
12783 77 68 0.5827
12783 77 53 0.4724
12802 19 80 0.4252
12822 19 74 0.5354
12841 19 75 0.4961
12860 77 69 0.5984
12860 116 58 0.4803
12860 77 54 0.4803
12880 19 81 0.4488
12899 19 74 0.5512
12918 19 75 0.5354
12938 38 70 0.6142
12938 77 55 0.4961
12957 19 82 0.5039
12976 38 71 0.622
12976 116 63 0.5039
12996 19 83 0.4961
13015 77 72 0.6614
13015 154 56 0.5197
13035 19 84 0.4724
13054 19 77 0.5197
13073 19 78 0.4724
13093 77 74 0.6693
13093 77 65 0.5276
13112 19 86 0.4803
13131 19 77 0.5197
13151 19 78 0.4173
13170 77 75 0.6535
13170 77 57 0.3307
13170 77 66 0.3937
13190 19 87 0.4646
13209 19 83 0.5433
13228 19 84 0.4961
13248 77 79 0.6693
13248 77 58 0.3071
13248 77 67 0.3701
13267 19 91 0.5512
13286 19 86 0.5906
13306 19 87 0.5276
13325 77 77 0.6142
13325 77 59 0.2283
13325 77 62 0.2283
13325 77 65 0.2913
13325 77 68 0.3465
13344 19 89 0.4094
13364 19 85 0.5039
13383 19 86 0.4646
13403 77 75 0.5354
13403 77 60 0.2126
13403 77 63 0.2126
13403 77 66 0.2677
13403 77 69 0.3228
13422 19 87 0.4252
13441 19 83 0.4961
13461 19 84 0.4173
13480 77 74 0.4646
13480 77 62 0.1969
13480 77 65 0.252
13480 77 70 0.2992
13499 19 86 0.378
13519 19 82 0.4252
13538 19 84 0.3701
13558 77 72 0.4646
13558 77 64 0.1969
13558 77 67 0.252
13558 77 70 0.2992
13577 19 84 0.3701
13596 19 80 0.4252
13616 19 82 0.3701
13635 77 70 0.4646
13635 77 65 0.252
13635 77 68 0.2992
13654 19 82 0.3701
13674 19 79 0.4252
13693 19 80 0.3622
13712 77 70 0.4646
13712 77 62 0.1969
13712 77 65 0.252
13712 77 68 0.2992
13732 19 82 0.3622
13751 19 79 0.4173
13771 19 80 0.3622
13790 77 71 0.4646
13790 77 63 0.1969
13790 77 65 0.252
13790 77 68 0.2992
13809 19 82 0.3701
13829 19 79 0.4173
13848 19 80 0.3701
13867 38 70 0.4646
13867 77 62 0.1969
13867 77 65 0.252
13867 77 68 0.2992
13887 19 82 0.3465
13906 19 79 0.4094
13906 38 71 0.4094
13926 19 80 0.3622
13945 77 72 0.4646
13945 77 60 0.1969
13945 77 65 0.252
13945 77 68 0.2992
13964 19 82 0.3622
13984 19 80 0.4173
14003 19 82 0.3622
14022 77 73 0.4646
14022 77 59 0.1969
14022 77 65 0.252
14022 77 68 0.2992
14042 19 82 0.378
14061 19 79 0.4252
14080 19 80 0.378
14100 38 72 0.4646
14100 77 60 0.1969
14100 77 65 0.252
14100 77 68 0.2992
14119 19 82 0.378
14139 19 79 0.378
14139 38 73 0.4646
14158 19 80 0.378
14177 116 74 0.4646
14177 135 59 0.1969
14177 135 65 0.252
14177 135 68 0.2992
14197 38 82 0.378
14235 19 80 0.3543
14255 19 77 0.3937
14274 19 74 0.378
14294 19 71 0.3937
14313 38 79 0.3622
14313 38 70 0.2835
14352 19 77 0.252
14352 19 68 0.2126
14371 19 74 0.315
14371 19 65 0.2913
14390 19 70 0.2598
14390 19 62 0.2362
14410 38 68 0.2205
14410 38 59 0.2126
14448 38 63 0.252
14448 38 60 0.189
14448 38 67 0.2992
14448 38 48 0.1654
14448 38 55 0.2441
14487 38 69 0.315
14487 38 66 0.2677
14487 38 60 0.1969
14487 38 63 0.2205
14487 33 48 0.252
14487 33 57 0.2992
14521 4 43 0.2756
14526 19 70 0.378
14526 19 62 0.315
14526 19 58 0.3071
14545 19 72 0.3307
14545 19 60 0.2598
14565 19 69 0.3701
14565 19 57 0.2992
14584 19 70 0.3307
14584 19 58 0.2756
14603 19 67 0.4409
14603 19 55 0.3701
14623 19 74 0.3701
14623 19 62 0.315
14642 38 74 0.4409
14642 38 62 0.3858
14681 38 63 0.2677
14681 38 67 0.315
14681 38 60 0.2677
14681 38 48 0.2126
14681 38 55 0.252
14720 38 69 0.3307
14720 38 63 0.2756
14720 38 60 0.2756
14720 38 66 0.2756
14720 33 48 0.2598
14720 33 57 0.3071
14754 4 43 0.2913
14758 19 62 0.3307
14758 19 70 0.3937
14758 19 58 0.3228
14778 19 72 0.3543
14778 19 60 0.2677
14797 19 69 0.3858
14797 19 57 0.315
14816 19 70 0.3543
14816 19 58 0.2835
14836 19 67 0.4567
14836 19 55 0.4016
14855 19 75 0.4094
14855 19 63 0.3543
14875 38 75 0.4961
14875 38 63 0.4094
14913 38 63 0.3071
14913 38 67 0.3701
14913 38 60 0.3071
14913 38 48 0.2205
14913 38 55 0.2677
14952 38 60 0.3228
14952 38 63 0.3228
14952 58 69 0.3937
14952 38 41 0.2677
14952 58 53 0.3228
14991 19 62 0.3465
14991 19 46 0.3386
15010 19 70 0.3701
15010 19 58 0.2835
15030 19 67 0.4016
15030 19 55 0.3307
15049 19 69 0.3701
15049 19 57 0.2913
15068 19 65 0.4567
15068 19 53 0.3937
15088 19 74 0.4016
15088 19 62 0.3465
15107 38 74 0.4803
15107 38 62 0.4173
15146 38 58 0.3071
15146 38 62 0.3071
15146 38 65 0.3701
15146 38 46 0.2205
15146 38 53 0.2677
15184 38 62 0.3228
15184 58 67 0.3937
15184 38 58 0.3228
15184 38 39 0.2677
15184 58 51 0.3228
15223 19 60 0.3465
15223 19 45 0.3386
15243 19 69 0.3386
15243 19 57 0.2598
15262 19 65 0.4016
15262 19 53 0.3307
15281 19 67 0.3701
15281 19 55 0.2913
15301 19 63 0.4567
15301 19 51 0.3937
15320 19 72 0.4016
15320 19 60 0.3465
15339 38 72 0.4803
15339 38 60 0.4173
15378 38 60 0.3071
15378 38 55 0.3071
15378 38 63 0.3701
15378 38 36 0.2205
15378 38 48 0.2677
15417 38 57 0.3228
15417 38 54 0.3228
15417 58 62 0.3858
15417 38 38 0.2677
15417 58 50 0.3228
15456 19 55 0.3465
15456 19 43 0.3386
15475 19 63 0.3622
15475 19 51 0.2756
15494 19 60 0.3937
15494 19 48 0.3228
15514 19 62 0.3622
15514 19 50 0.2913
15533 19 58 0.4488
15533 19 46 0.3858
15552 19 67 0.3858
15552 19 55 0.3307
15572 38 67 0.4646
15572 38 55 0.4016
15611 38 60 0.3386
15611 38 55 0.3386
15611 38 63 0.4016
15611 38 36 0.2441
15611 38 48 0.2913
15649 38 54 0.3543
15649 77 62 0.4252
15649 38 57 0.3543
15649 38 38 0.2992
15649 77 50 0.3543
15688 38 55 0.378
15688 38 43 0.3701
15727 67 70 0.4567
15766 77 58 0.315
15766 38 38 0.315
15766 77 46 0.315
15795 9 66 0.3937
15804 29 67 0.4409
15804 38 39 0.315
15833 9 69 0.4016
15843 67 70 0.4488
15882 77 58 0.315
15882 38 38 0.315
15882 77 46 0.315
15911 9 66 0.4252
15920 29 67 0.4803
15920 38 39 0.315
15950 9 69 0.4094
15959 19 70 0.4488
15979 19 58 0.3701
15993 82 36 0.2598
15998 19 74 0.5039
15998 116 51 0.315
16017 19 72 0.4488
16037 19 74 0.5197
16056 19 72 0.4961
16075 12 70 0.4646
16075 38 48 0.315
16088 12 67 0.4016
16101 12 63 0.4016
16114 29 62 0.4488
16114 38 57 0.2835
16114 29 53 0.2835
16114 38 41 0.2835
16143 9 60 0.3701
16143 9 51 0.252
16153 19 58 0.4252
16153 19 46 0.2913
16153 19 50 0.2913
16192 67 77 0.4567
16226 43 41 0.2205
16228 41 49 0.252
16230 77 65 0.315
16230 38 57 0.2835
16259 9 73 0.3937
16269 29 74 0.4409
16269 38 58 0.315
16269 38 50 0.315
16298 9 75 0.4016
16308 67 77 0.4488
16342 43 41 0.2283
16344 41 49 0.252
16347 77 65 0.315
16347 38 57 0.2835
16376 9 73 0.4252
16385 29 74 0.4803
16385 38 58 0.315
16385 38 50 0.315
16414 9 75 0.4094
16424 19 77 0.4488
16443 19 65 0.3701
16458 43 46 0.2598
16460 79 53 0.2598
16463 19 81 0.5039
16463 38 62 0.315
16482 19 79 0.4488
16502 19 81 0.5197
16502 77 62 0.315
16521 19 79 0.4961
16540 12 77 0.4646
16540 38 55 0.315
16553 12 74 0.4016
16566 12 70 0.4016
16579 38 64 0.2835
16579 29 69 0.4488
16579 29 60 0.2835
16579 38 48 0.2835
16608 9 67 0.3701
16608 9 58 0.252
16618 19 65 0.4252
16618 19 53 0.2913
16618 19 57 0.2913
16656 67 82 0.4567
16690 36 50 0.252
16693 33 58 0.2835
16695 77 70 0.315
16695 39 65 0.315
16724 9 77 0.4173
16727 46 51 0.2126
16729 43 54 0.2598
16732 41 58 0.315
16734 29 78 0.4488
16734 38 66 0.315
16763 9 80 0.4331
16773 67 82 0.4567
16807 29 50 0.2598
16809 33 58 0.2835
16811 77 70 0.315
16811 31 65 0.315
16840 9 77 0.4252
16843 46 51 0.2126
16845 43 54 0.2441
16848 41 58 0.2756
16850 29 78 0.4803
16850 38 66 0.315
16879 9 80 0.4409
16889 19 82 0.4803
16908 19 73 0.3701
16923 43 54 0.2598
16925 79 61 0.2598
16928 19 89 0.5039
16928 38 70 0.315
16947 19 87 0.4488
16966 19 89 0.5197
16966 77 70 0.315
16986 19 87 0.4961
17005 12 85 0.4646
17005 38 63 0.315
17018 12 82 0.4016
17031 12 78 0.4016
17044 38 72 0.2835
17044 29 77 0.4488
17044 38 66 0.2835
17044 38 56 0.2835
17073 9 75 0.3701
17083 19 73 0.4252
17083 19 61 0.2913
17083 19 65 0.2913
17121 67 80 0.4567
17155 43 44 0.252
17158 41 51 0.2835
17160 77 68 0.315
17160 38 60 0.315
17189 9 75 0.3937
17199 29 77 0.4409
17199 38 61 0.315
17199 38 53 0.315
17228 9 78 0.4016
17238 67 80 0.4488
17271 43 44 0.2598
17274 41 51 0.2835
17276 77 68 0.315
17276 38 60 0.315
17305 9 75 0.4252
17315 29 77 0.4803
17315 38 61 0.315
17315 38 53 0.315
17344 9 78 0.4094
17354 19 80 0.4488
17373 19 70 0.3701
17388 43 49 0.2598
17390 79 56 0.2598
17393 19 84 0.5039
17393 38 65 0.315
17412 19 82 0.4488
17431 19 84 0.5197
17431 77 65 0.315
17451 19 82 0.4961
17470 12 80 0.4646
17470 38 58 0.315
17483 12 77 0.4016
17496 12 73 0.4016
17509 29 72 0.4488
17509 38 67 0.2835
17509 38 61 0.2835
17509 38 51 0.2835
17538 9 70 0.3701
17547 19 68 0.4252
17547 19 56 0.2913
17547 19 60 0.2913
17586 67 54 0.3622
17625 77 68 0.315
17625 77 63 0.2677
17625 77 60 0.2677
17625 77 44 0.252
17654 9 50 0.3386
17664 29 51 0.3858
17693 9 53 0.3307
17702 67 69 0.4094
17702 77 54 0.3858
17741 77 44 0.252
17770 9 62 0.3543
17780 29 63 0.3937
17809 9 65 0.3543
17819 116 60 0.3937
17819 116 66 0.4016
17819 67 51 0.3622
17857 77 44 0.252
17886 9 47 0.3307
17896 29 48 0.3858
17925 9 49 0.3465
17935 67 66 0.4094
17935 77 51 0.378
17974 116 44 0.252
18003 9 59 0.3543
18012 29 60 0.3937
18041 9 61 0.3543
18051 77 63 0.4016
18090 116 45 0.252
18119 9 53 0.3543
18129 38 63 0.4016
18129 29 54 0.3937
18158 9 56 0.3543
18167 116 57 0.4016
18206 116 47 0.252
18235 9 50 0.3543
18245 29 51 0.3937
18274 9 52 0.3543
18283 116 54 0.4016
18322 96 48 0.252
18351 9 49 0.3543
18361 29 50 0.3937
18390 9 52 0.4016
18400 67 54 0.4331
18419 19 50 0.3386
18438 19 52 0.3858
18458 58 54 0.4173
18516 9 55 0.315
18516 67 31 0.3465
18526 9 57 0.252
18535 9 55 0.2677
18545 9 50 0.2677
18555 7 62 0.315
18584 7 50 0.315
18584 7 55 0.315
18584 7 34 0.2756
18593 7 48 0.3622
18593 7 54 0.3622
18593 7 33 0.315
18632 9 60 0.3386
18642 9 62 0.2913
18651 9 60 0.2913
18661 9 57 0.2913
18671 7 69 0.3858
18700 7 60 0.3465
18700 7 50 0.3465
18700 7 30 0.2598
18710 7 58 0.378
18710 7 50 0.378
18710 7 31 0.315
18748 9 55 0.315
18758 9 57 0.2677
18768 9 55 0.2677
18777 9 50 0.2677
18787 7 67 0.3937
18816 7 65 0.3465
18816 7 55 0.3465
18816 7 34 0.252
18826 7 63 0.3701
18826 7 55 0.3701
18826 7 36 0.2913
18855 7 62 0.315
18855 7 55 0.315
18855 7 38 0.2598
18865 7 60 0.3465
18865 7 55 0.3465
18865 7 39 0.2992
18894 7 58 0.3937
18903 7 61 0.3622
18903 7 57 0.3622
18903 7 51 0.315
18932 7 55 0.315
18942 7 62 0.3937
18942 7 54 0.3937
18942 7 38 0.3543
18942 7 50 0.3543
18981 67 74 0.5669
19019 77 62 0.4803
19019 38 30 0.315
19049 9 72 0.4567
19058 7 70 0.5118
19058 19 31 0.3465
19087 7 69 0.4331
19097 38 70 0.5039
19097 7 67 0.5039
19097 67 55 0.4724
19126 7 65 0.4409
19136 7 63 0.5039
19165 7 62 0.4409
19165 9 53 0.4016
19174 7 60 0.5039
19174 7 51 0.4567
19203 7 50 0.4016
19213 67 77 0.5354
19213 7 48 0.4488
19242 7 46 0.3937
19252 77 65 0.4803
19252 38 33 0.315
19281 9 75 0.4567
19291 7 74 0.5118
19291 19 34 0.3465
19320 7 72 0.4331
19329 7 70 0.5039
19329 38 74 0.5039
19329 67 58 0.4724
19358 7 69 0.4409
19368 7 67 0.5039
19397 7 65 0.4409
19397 9 57 0.4016
19407 7 64 0.5039
19407 7 55 0.4567
19436 7 53 0.4016
19446 67 81 0.5512
19446 7 52 0.4488
19475 7 50 0.3937
19484 77 69 0.4803
19484 38 37 0.315
19513 9 79 0.4567
19523 7 78 0.5118
19523 19 38 0.3465
19552 7 75 0.4331
19562 7 74 0.5039
19562 38 78 0.5039
19562 67 62 0.4567
19591 7 72 0.4409
19601 9 79 0.5039
19601 7 70 0.5039
19630 7 69 0.4409
19630 9 60 0.4016
19639 7 67 0.5039
19639 7 58 0.4567
19668 7 57 0.4016
19678 38 70 0.5591
19678 7 55 0.4488
19707 7 53 0.3937
19717 29 69 0.4094
19717 38 73 0.4882
19717 7 52 0.4488
19746 9 67 0.4567
19746 7 51 0.3937
19755 19 66 0.4409
19755 19 74 0.4803
19755 19 50 0.4567
19785 7 63 0.4016
19794 19 62 0.4646
19794 38 66 0.4646
19794 67 50 0.4724
19823 7 60 0.3858
19833 19 58 0.4331
19833 19 67 0.4331
19862 7 57 0.3701
19862 9 48 0.3386
19872 38 55 0.4252
19872 29 46 0.4173
19901 9 45 0.3858
19910 38 58 0.4409
19910 19 43 0.378
19930 19 41 0.3307
19949 38 61 0.3701
19949 19 57 0.3701
19949 19 40 0.3228
19969 19 55 0.2992
19969 19 39 0.252
19988 77 38 0.3701
19998 67 54 0.2756
19998 67 62 0.3307
19998 67 45 0.2283
