0 13 66 0.5512
0 52 71 0.7087
0 6 47 0.6299
13 13 62 0.4803
26 6 59 0.4252
39 6 54 0.4252
52 13 73 0.4488
52 13 47 0.4488
65 6 74 0.4488
78 6 76 0.4488
78 13 62 0.3937
78 13 54 0.3937
91 6 78 0.4488
104 6 81 0.6299
104 13 52 0.4882
117 6 79 0.4488
130 6 78 0.4488
130 13 64 0.4094
130 13 59 0.4094
143 6 76 0.4488
156 6 79 0.622
156 13 47 0.4646
169 6 78 0.4488
182 6 76 0.4488
182 13 62 0.4094
182 13 59 0.4094
195 6 74 0.4488
208 13 71 0.5512
208 52 76 0.7087
208 13 52 0.6142
221 13 67 0.4803
234 6 64 0.4016
247 6 59 0.4094
260 13 78 0.4488
260 13 52 0.4488
273 6 79 0.4488
286 6 81 0.4488
286 13 64 0.4094
286 13 67 0.4094
299 6 83 0.4488
313 6 86 0.6772
313 13 54 0.4646
326 6 85 0.4488
339 6 83 0.4488
339 13 64 0.3937
339 13 70 0.3937
352 6 82 0.4488
365 13 78 0.5197
365 13 83 0.5197
365 6 59 0.4646
378 13 74 0.4488
391 6 71 0.4488
404 6 66 0.4488
417 13 66 0.5512
417 52 71 0.7087
417 6 47 0.6299
430 13 62 0.4803
443 6 59 0.4252
456 6 54 0.4252
469 13 73 0.4724
469 13 47 0.4488
482 6 74 0.4567
495 6 76 0.4724
495 13 62 0.4016
495 13 54 0.4016
508 6 78 0.4803
521 6 81 0.6614
521 13 52 0.4803
534 6 79 0.4331
547 6 78 0.4409
547 13 64 0.4252
547 13 59 0.4252
560 6 76 0.4488
573 6 79 0.6142
573 13 47 0.5039
586 6 78 0.4409
599 6 76 0.4567
599 13 62 0.4252
599 13 59 0.4252
613 6 74 0.4803
626 13 71 0.5512
626 52 76 0.7008
626 13 52 0.6142
639 13 67 0.4803
652 6 64 0.4016
665 6 59 0.4094
678 13 78 0.4331
678 13 52 0.4488
691 6 79 0.4409
704 6 81 0.4488
704 13 64 0.4094
704 13 67 0.4094
717 6 83 0.4567
730 6 86 0.6772
730 13 54 0.4724
743 6 85 0.4882
756 6 83 0.4803
756 13 64 0.3937
756 13 70 0.3937
769 6 82 0.4724
782 13 78 0.5197
782 13 83 0.5197
782 6 59 0.4488
795 13 74 0.4724
808 6 71 0.4567
821 6 66 0.4567
834 13 74 0.5512
834 52 79 0.7165
834 13 59 0.5827
847 13 71 0.5512
860 6 67 0.378
873 6 62 0.378
886 13 69 0.4094
886 13 59 0.4252
899 6 71 0.4409
913 6 73 0.4724
913 13 67 0.3858
913 13 62 0.3858
926 6 74 0.5039
939 6 78 0.6063
939 13 57 0.4724
952 6 76 0.5197
965 6 74 0.5118
965 13 67 0.4016
965 13 60 0.4016
978 6 72 0.4961
991 6 71 0.4882
991 13 50 0.4646
1004 6 69 0.4803
1017 6 67 0.4646
1017 13 60 0.3858
1030 6 66 0.4567
1043 13 64 0.5354
1043 52 67 0.6929
1056 13 59 0.5433
1069 6 55 0.3701
1082 6 52 0.3701
1095 13 66 0.4724
1095 13 47 0.4252
1108 6 67 0.4567
1121 6 69 0.4882
1121 13 59 0.3701
1121 13 55 0.3701
1134 6 71 0.5118
1147 6 74 0.5984
1147 13 45 0.4646
1160 6 72 0.5197
1173 6 71 0.5118
1173 13 60 0.378
1173 13 54 0.378
1186 6 69 0.4961
1199 6 67 0.4803
1199 13 47 0.4567
1213 6 66 0.4724
1226 6 64 0.4567
1226 13 54 0.3701
1226 13 57 0.3701
1239 6 63 0.4409
1252 13 60 0.4409
1252 52 64 0.4409
1265 13 55 0.4252
1278 13 52 0.4016
1291 13 48 0.4016
1304 26 62 0.4016
1304 78 36 0.4409
1304 78 43 0.4409
1317 13 64 0.4094
1330 26 59 0.4173
1330 13 65 0.4173
1343 13 67 0.4331
1356 13 60 0.4409
1356 52 64 0.4409
1369 13 55 0.4173
1382 13 52 0.3937
1395 13 48 0.3937
1408 26 65 0.4252
1408 78 36 0.4409
1408 78 43 0.4409
1421 13 67 0.4488
1434 26 62 0.4724
1434 13 69 0.4724
1447 13 71 0.4961
1460 13 67 0.5197
1460 52 72 0.5197
1473 13 64 0.4409
1486 13 60 0.4173
1499 13 55 0.4252
1513 156 70 0.6063
1513 156 76 0.6063
1513 156 42 0.5197
1513 156 54 0.5197
1526 13 64 0.4409
1539 13 56 0.3937
1552 13 57 0.4094
1565 13 58 0.4409
1578 13 59 0.4567
1591 13 60 0.4724
1604 13 61 0.5039
1617 13 62 0.5276
1630 13 63 0.5276
1643 13 64 0.5433
1656 13 65 0.5591
1669 13 66 0.5512
1669 52 71 0.7323
1682 13 62 0.4803
1695 6 59 0.4252
1708 6 54 0.4252
1721 13 73 0.4488
1721 13 47 0.4488
1734 6 74 0.4488
1747 6 76 0.4488
1747 13 62 0.3937
1747 13 54 0.3937
1760 6 78 0.4488
1773 6 81 0.6142
1773 13 52 0.4961
1786 6 79 0.4488
1799 6 78 0.4488
1799 13 64 0.4094
1799 13 59 0.4094
1813 6 76 0.4488
1826 6 79 0.5984
1826 13 47 0.4646
1839 6 78 0.4488
1852 6 76 0.4488
1852 13 62 0.4094
1852 13 59 0.4094
1865 6 74 0.4488
1878 13 71 0.5512
1878 52 76 0.7323
1878 13 52 0.6142
1891 13 67 0.4803
1904 6 64 0.4016
1917 6 59 0.4094
1930 13 78 0.4488
1930 13 52 0.4488
1943 6 79 0.4488
1956 6 81 0.4488
1956 13 67 0.4094
1956 13 64 0.4094
1969 6 83 0.4488
1982 6 86 0.6142
1982 13 54 0.4567
1995 6 85 0.4488
2008 6 83 0.4488
2008 13 70 0.3937
2008 13 64 0.3937
2021 6 82 0.4488
2034 13 78 0.5197
2034 13 83 0.5197
2034 6 59 0.4488
2047 13 74 0.4488
2060 6 71 0.4488
2073 6 66 0.4488
2086 13 74 0.5512
2086 52 79 0.7165
2086 13 59 0.5827
2099 13 71 0.5512
2113 6 67 0.378
2126 6 62 0.378
2139 13 69 0.4094
2139 13 59 0.4252
2152 6 71 0.4409
2165 6 73 0.4724
2165 13 67 0.3858
2165 13 62 0.3858
2178 6 74 0.5039
2191 6 78 0.6063
2191 13 57 0.4724
2204 6 76 0.5197
2217 6 74 0.5118
2217 13 67 0.4016
2217 13 60 0.4016
2230 6 72 0.4961
2243 6 71 0.4882
2243 13 50 0.4567
2256 6 69 0.4803
2269 6 67 0.4646
2269 13 60 0.3858
2282 6 66 0.4567
2295 13 64 0.5354
2295 52 67 0.6929
2308 13 59 0.5433
2321 6 55 0.3701
2334 6 52 0.3701
2347 13 66 0.4724
2347 13 47 0.4252
2360 6 67 0.4567
2373 6 69 0.4882
2373 13 59 0.3701
2373 13 55 0.3701
2386 6 71 0.5118
2399 6 74 0.6299
2399 13 45 0.4646
2413 6 72 0.5197
2426 6 71 0.5118
2426 13 60 0.378
2426 13 54 0.378
2439 6 69 0.4961
2452 6 67 0.4803
2452 13 47 0.4567
2465 6 66 0.4724
2478 6 64 0.4567
2478 13 54 0.3701
2478 13 57 0.3701
2491 6 63 0.4409
2504 13 60 0.4409
2504 52 64 0.4409
2517 13 55 0.4252
2530 13 52 0.4016
2543 13 48 0.4016
2556 26 62 0.4016
2556 78 36 0.4409
2556 78 43 0.4409
2569 13 64 0.4094
2582 26 59 0.4173
2582 13 65 0.4173
2595 13 67 0.4331
2608 13 60 0.4409
2608 52 64 0.4409
2621 13 55 0.4173
2634 13 52 0.3937
2647 13 48 0.3937
2660 26 65 0.4252
2660 78 36 0.4409
2660 78 43 0.4409
2673 13 67 0.4488
2686 26 62 0.4724
2686 13 69 0.4724
2699 13 71 0.4961
2713 13 67 0.5197
2713 52 72 0.5197
2726 13 64 0.4409
2739 13 60 0.4173
2752 13 55 0.4252
2765 156 70 0.6063
2765 156 76 0.6063
2765 156 42 0.5197
2765 156 54 0.5197
2778 13 64 0.4409
2791 13 56 0.3937
2804 13 57 0.4094
2817 13 58 0.4409
2830 13 59 0.4567
2843 13 60 0.4724
2856 13 61 0.5039
2869 13 62 0.5276
2882 13 63 0.5354
2895 13 64 0.5433
2908 13 65 0.5591
2921 13 66 0.5512
2921 52 71 0.7559
2934 13 62 0.4803
2947 6 59 0.4252
2960 6 54 0.4252
2973 13 73 0.4488
2973 13 47 0.4488
2986 6 74 0.4488
2999 6 76 0.4488
2999 13 62 0.3937
2999 13 54 0.3937
3013 6 78 0.4488
3026 6 81 0.5984
3026 13 52 0.4803
3039 6 79 0.4488
3052 6 78 0.4488
3052 13 64 0.4094
3052 13 59 0.4094
3065 6 76 0.4488
3078 6 79 0.5748
3078 13 47 0.4567
3091 6 78 0.4488
3104 6 76 0.4488
3104 13 62 0.4094
3104 13 59 0.4094
3117 6 74 0.4488
3130 13 71 0.5512
3130 52 76 0.7323
3130 13 52 0.6142
3143 13 67 0.4803
3156 6 64 0.4016
3169 6 59 0.4094
3182 13 78 0.4488
3182 13 52 0.4488
3195 6 79 0.4488
3208 6 81 0.4488
3208 13 67 0.4094
3208 13 64 0.4094
3221 6 83 0.4488
3234 6 86 0.5276
3234 13 54 0.3858
3247 6 85 0.4173
3260 6 83 0.3701
3260 13 70 0.2835
3260 13 64 0.2835
3273 6 82 0.3701
3286 26 83 0.4173
3286 26 71 0.315
3286 26 62 0.315
3286 26 59 0.315
