0 8 60 0.3307
8 8 63 0.2756
16 8 66 0.3071
24 8 67 0.2677
33 8 68 0.3622
41 8 67 0.3307
49 8 66 0.3543
58 8 67 0.3858
66 33 75 0.5591
66 332 36 0.5748
74 8 74 0.3071
83 8 72 0.3543
91 8 67 0.2756
99 8 68 0.3307
108 8 67 0.252
116 8 66 0.2913
124 8 67 0.252
133 8 59 0.3307
141 8 63 0.2677
149 8 66 0.2992
158 8 67 0.2677
166 8 68 0.3622
174 8 67 0.3307
183 8 66 0.3543
191 8 67 0.3858
199 33 75 0.5669
208 8 72 0.3071
216 8 71 0.3543
224 8 67 0.2913
233 8 68 0.315
241 8 67 0.2598
249 8 66 0.3071
258 8 67 0.2598
266 8 58 0.3307
274 8 63 0.2677
283 8 66 0.3071
291 8 67 0.2677
299 8 68 0.3622
307 8 67 0.3307
316 8 66 0.3543
324 8 67 0.3858
332 33 75 0.5276
341 8 71 0.3071
349 8 70 0.3307
357 8 67 0.2677
366 8 68 0.3307
374 8 67 0.2598
382 8 66 0.2992
391 8 67 0.2677
399 8 58 0.3307
407 8 63 0.2756
416 8 66 0.3071
424 8 67 0.2677
432 8 68 0.3622
441 8 67 0.3307
449 8 66 0.3543
457 8 67 0.3858
466 33 74 0.5197
474 8 72 0.3071
482 8 70 0.3543
491 8 67 0.2677
499 8 68 0.3307
507 8 67 0.2598
516 8 66 0.2992
524 8 67 0.2598
532 8 58 0.3701
541 8 61 0.3071
549 8 64 0.3622
557 8 65 0.3228
566 8 66 0.3937
574 8 65 0.3937
582 8 64 0.4173
591 8 65 0.4567
599 33 73 0.5748
599 332 36 0.685
607 8 72 0.3622
615 8 70 0.4173
624 8 65 0.3307
632 8 66 0.3937
640 8 65 0.2992
649 8 64 0.3465
657 8 65 0.2992
665 8 57 0.3937
674 8 61 0.315
682 8 64 0.3543
690 8 65 0.315
699 8 66 0.4331
707 8 65 0.3937
715 8 64 0.4173
724 8 65 0.4567
732 33 73 0.6063
740 8 70 0.3701
749 8 69 0.4252
757 8 65 0.3465
765 8 66 0.378
774 8 65 0.3071
782 8 64 0.3622
790 8 65 0.3071
799 8 56 0.3307
807 8 61 0.2677
815 8 64 0.3071
824 8 65 0.2677
832 8 66 0.3622
840 8 65 0.3307
849 8 64 0.3543
857 8 65 0.3858
865 33 73 0.5354
874 8 69 0.3071
882 8 68 0.3307
890 8 65 0.2677
899 8 66 0.3307
907 8 65 0.2598
915 8 64 0.2992
923 8 65 0.2677
932 8 56 0.3307
940 8 60 0.2756
948 8 64 0.3071
957 8 65 0.2677
965 8 67 0.3622
973 8 65 0.3307
982 8 64 0.3543
990 8 65 0.3858
998 33 72 0.5276
1007 8 70 0.3071
1015 8 68 0.3543
1023 8 65 0.2677
1032 8 67 0.3307
1040 8 65 0.2598
1048 8 64 0.2992
1057 8 65 0.2598
1065 8 56 0.3307
1073 8 59 0.2756
1082 8 61 0.3071
1090 8 62 0.2677
1098 8 63 0.3622
1107 8 62 0.3307
1115 8 61 0.3543
1123 8 62 0.3858
1132 33 71 0.5197
1132 66 36 0.5591
1140 8 67 0.3071
1148 8 65 0.3543
1157 8 62 0.2756
1165 8 63 0.3307
1173 8 62 0.252
1182 8 61 0.2913
1190 8 62 0.252
1198 8 55 0.3307
1206 8 62 0.2992
1215 8 65 0.3701
1223 8 71 0.4331
1231 66 79 0.5591
1240 8 72 0.3228
1248 8 71 0.3858
1256 8 67 0.3386
1265 8 65 0.2992
1273 8 63 0.2677
1281 8 67 0.2598
1290 8 68 0.2047
1298 33 80 0.4724
1298 16 72 0.2598
1306 8 71 0.2441
1315 8 72 0.3307
1323 8 75 0.2677
1331 8 56 0.3307
1340 8 59 0.2756
1348 8 61 0.3071
1356 8 62 0.2677
1365 8 63 0.3622
1373 8 62 0.3307
1381 8 61 0.3543
1390 8 62 0.3858
1398 33 71 0.5197
1398 66 36 0.4252
1406 8 67 0.3071
1415 8 65 0.3543
1423 8 62 0.2756
1431 8 63 0.3307
1440 8 62 0.252
1448 8 61 0.2913
1456 8 62 0.252
1465 8 55 0.3307
1473 8 62 0.2992
1481 8 65 0.3701
1490 8 71 0.4331
1498 66 79 0.5512
1506 8 72 0.3228
1514 8 71 0.3858
1523 8 67 0.3386
1531 8 65 0.2992
1539 8 63 0.2677
1548 8 67 0.2598
1556 8 68 0.2047
1564 33 80 0.4409
1564 16 72 0.2598
1573 8 71 0.2441
1581 8 72 0.3307
1589 66 75 0.2677
1598 66 79 0.4409
1598 8 41 0.2362
1606 8 49 0.1969
1614 8 56 0.2047
1623 8 61 0.2126
1631 8 67 0.2362
1639 8 68 0.2205
1648 8 72 0.2205
1656 8 75 0.2756
1664 66 77 0.3543
1664 66 73 0.3543
1675 11 68 0.252
1687 11 65 0.252
1698 11 68 0.2441
1709 11 61 0.2047
1720 11 56 0.2047
1731 66 69 0.3228
1731 66 73 0.378
1731 11 42 0.2362
1742 11 51 0.1969
1753 11 57 0.2047
1764 8 61 0.2756
1773 8 63 0.252
1781 8 66 0.252
1789 8 69 0.2441
1798 66 72 0.315
1798 66 68 0.315
1809 11 63 0.2205
1820 11 60 0.2205
1831 11 63 0.2126
1842 11 57 0.1732
1853 11 51 0.1732
1864 66 68 0.2835
1864 133 72 0.2835
1864 8 43 0.1732
1872 8 53 0.1732
1881 8 60 0.189
1889 8 62 0.1969
1897 8 63 0.2126
1906 8 62 0.1969
1914 8 60 0.1969
1922 8 62 0.1732
1931 66 68 0.252
1939 8 67 0.2126
1947 8 65 0.2126
1956 8 60 0.2205
1964 8 62 0.1811
1972 8 60 0.1575
1981 8 59 0.1732
1989 8 60 0.1732
1997 66 67 0.2835
1997 133 71 0.2835
1997 8 43 0.1732
2006 8 53 0.1732
2014 8 59 0.1811
2022 8 62 0.1811
2031 8 63 0.1969
2039 8 62 0.1732
2047 8 61 0.1732
2056 8 62 0.1575
2064 66 67 0.2205
2072 8 65 0.1811
2081 8 62 0.1732
2089 8 59 0.1811
2097 8 60 0.1732
2105 8 59 0.1496
2114 8 58 0.1654
2122 8 59 0.1575
2130 8 60 0.2913
2130 66 72 0.3543
2130 133 84 0.4409
2139 8 63 0.2441
2147 8 66 0.2756
2155 8 67 0.2362
2164 8 68 0.3228
2172 8 67 0.2913
2180 8 66 0.315
2189 8 67 0.3465
2197 33 75 0.5591
2197 332 24 0.3622
2197 332 36 0.4567
2205 8 74 0.2756
2214 8 72 0.315
2222 8 67 0.2441
2230 8 68 0.2913
2239 8 67 0.2205
2247 8 66 0.2598
2255 8 67 0.2205
2264 8 59 0.2913
2264 66 71 0.4331
2264 199 83 0.5433
2272 8 63 0.2362
2280 8 66 0.2677
2289 8 67 0.2362
2297 8 68 0.3228
2305 8 67 0.2913
2314 8 66 0.315
2322 8 67 0.3858
2330 33 75 0.5669
2339 8 72 0.2756
2347 8 71 0.315
2355 8 67 0.2598
2364 8 68 0.2835
2372 8 67 0.2283
2380 8 66 0.2756
2389 8 67 0.2283
2397 8 58 0.2913
2405 8 63 0.2362
2413 8 66 0.2756
2422 8 67 0.2362
2430 8 68 0.3228
2438 8 67 0.2913
2447 8 66 0.315
2455 8 67 0.3465
2463 33 75 0.5276
2463 66 82 0.5354
2463 15 70 0.4252
2472 8 71 0.2756
2480 8 70 0.2913
2488 8 67 0.2362
2497 8 68 0.2913
2505 8 67 0.2283
2513 8 66 0.2677
2522 8 67 0.2362
2530 8 58 0.2913
2530 66 87 0.5669
2530 66 75 0.4488
2538 8 63 0.2441
2547 8 66 0.2756
2555 8 67 0.2362
2563 8 68 0.3228
2572 8 67 0.2913
2580 8 66 0.315
2588 8 67 0.3465
2597 66 74 0.5197
2597 66 86 0.5433
2605 8 72 0.2756
2613 8 70 0.315
2622 8 67 0.2362
2630 8 68 0.2913
2638 8 67 0.2283
2647 8 66 0.2677
2655 8 67 0.2283
2663 8 58 0.3307
2663 133 82 0.5276
2663 66 70 0.4252
2672 8 61 0.2756
2680 8 64 0.3228
2688 8 65 0.2835
2697 8 66 0.3543
2705 8 65 0.3543
2713 8 64 0.3701
2721 8 65 0.4094
2730 33 73 0.5748
2730 332 24 0.3858
2730 332 36 0.5433
2738 8 72 0.3228
2746 8 70 0.3701
2755 8 65 0.2913
2763 8 66 0.3543
2771 8 65 0.2677
2780 8 64 0.3071
2788 8 65 0.2677
2796 8 57 0.3543
2796 199 81 0.6299
2796 66 69 0.5039
2805 8 61 0.2835
2813 8 64 0.315
2821 8 65 0.2835
2830 8 66 0.3858
2838 8 65 0.3543
2846 8 64 0.3701
2855 8 65 0.4094
2863 33 73 0.6063
2871 8 70 0.3307
2880 8 69 0.378
2888 8 65 0.3071
2896 8 66 0.3386
2905 8 65 0.2756
2913 8 64 0.3228
2921 8 65 0.2756
2930 8 56 0.2913
2938 8 61 0.2362
2946 8 64 0.2756
2955 8 65 0.2362
2963 8 66 0.3228
2971 8 65 0.2913
2980 8 64 0.315
2988 8 65 0.3465
2996 33 73 0.5354
2996 66 80 0.5591
2996 15 68 0.4409
3004 8 69 0.2756
3013 8 68 0.2913
3021 8 65 0.2362
3029 8 66 0.2913
3038 8 65 0.2283
3046 8 64 0.2677
3054 8 65 0.2362
3063 8 56 0.2913
3063 66 85 0.6063
3063 66 73 0.4803
3071 8 60 0.2441
3079 8 64 0.2756
3088 8 65 0.2362
3096 8 67 0.3228
3104 8 65 0.2913
3113 8 64 0.315
3121 8 65 0.3465
3129 66 72 0.5118
3129 66 84 0.5354
3138 8 70 0.2756
3146 8 68 0.315
3154 8 65 0.2362
3163 8 67 0.2913
3171 8 65 0.2283
3179 8 64 0.2677
3188 8 65 0.2283
3196 8 56 0.2913
3196 133 80 0.5591
3196 133 68 0.4409
3204 8 59 0.2441
3213 8 61 0.2756
3221 8 62 0.2362
3229 8 63 0.3228
3238 8 62 0.2913
3246 8 61 0.315
3254 8 62 0.3465
3263 33 71 0.5197
3263 66 36 0.5591
3271 8 67 0.2756
3279 8 65 0.315
3288 8 62 0.2441
3296 8 63 0.2913
3304 8 62 0.2205
3312 8 61 0.2598
3321 8 62 0.2205
3329 8 55 0.3307
3337 8 62 0.2992
3346 8 65 0.3701
3354 8 71 0.4331
3362 66 79 0.5669
3371 8 72 0.3228
3379 8 71 0.3858
3387 8 67 0.3386
3396 8 65 0.2992
3404 8 63 0.2677
3412 8 67 0.2598
3421 8 68 0.2047
3429 33 80 0.4803
3429 16 72 0.2598
3437 8 71 0.2441
3446 8 72 0.3307
3454 8 75 0.2677
3462 8 56 0.2913
3462 133 80 0.5669
3462 133 68 0.4409
3471 8 59 0.2441
3479 8 61 0.2756
3487 8 62 0.2362
3496 8 63 0.3228
3504 8 62 0.2913
3512 8 61 0.315
3521 8 62 0.3465
3529 33 71 0.5197
3529 66 36 0.4252
3537 8 67 0.2756
3546 8 65 0.315
3554 8 62 0.2441
3562 8 63 0.2913
3571 8 62 0.2205
3579 8 61 0.2598
3587 8 62 0.2205
3596 8 55 0.3307
3604 8 62 0.2992
3612 8 65 0.3701
3620 8 71 0.4331
3629 66 79 0.5197
3637 8 72 0.3228
3645 8 71 0.3858
3654 8 67 0.3386
3662 8 65 0.2992
3670 8 63 0.2677
3679 8 67 0.2598
3687 8 68 0.2047
3695 33 80 0.4409
3695 16 72 0.2598
3704 8 71 0.2441
3712 8 72 0.3307
3720 8 75 0.2677
3729 133 85 0.5827
3729 133 80 0.4882
3729 124 73 0.4882
3729 8 41 0.4252
3737 8 49 0.3307
3745 8 56 0.3307
3754 8 60 0.3307
3762 8 63 0.3858
3770 8 61 0.3307
3779 8 60 0.3307
3787 8 61 0.3307
3795 8 65 0.3858
3804 8 56 0.3307
3812 8 61 0.3307
3820 8 65 0.3307
3829 8 68 0.378
3837 8 70 0.3307
3845 8 72 0.3465
3854 8 73 0.3622
3862 115 72 0.4567
3862 133 84 0.5512
3862 133 81 0.4567
3862 115 75 0.4567
3862 8 42 0.4016
3870 8 51 0.3071
3879 8 57 0.3071
3887 8 60 0.3071
3895 8 62 0.3543
3903 8 60 0.2992
3912 8 59 0.2913
3920 8 60 0.2913
3928 8 63 0.3386
3937 8 57 0.2835
3945 8 60 0.2835
3953 8 63 0.2756
3962 8 69 0.315
3970 8 71 0.2677
3978 8 72 0.2835
3987 8 75 0.2913
3995 66 72 0.4488
3995 66 68 0.4488
3995 8 43 0.2283
4003 8 53 0.2283
4012 8 56 0.2441
4020 8 60 0.2598
4028 8 63 0.2756
4037 8 62 0.2598
4045 8 61 0.2598
4053 8 62 0.2283
4062 66 71 0.3937
4062 49 67 0.3937
4062 8 55 0.2283
4070 8 62 0.2283
4078 8 65 0.2441
4087 8 66 0.2598
4095 8 68 0.2756
4103 24 67 0.2598
4112 8 66 0.2598
4120 8 67 0.2283
4128 41 63 0.4488
4128 66 72 0.4488
4128 8 48 0.2283
4137 8 55 0.2283
4145 8 60 0.2283
4153 8 62 0.1969
4162 33 63 0.2913
4170 8 67 0.3228
4178 8 74 0.378
4187 8 72 0.3937
4195 8 75 0.3622
4203 8 72 0.2283
4211 8 67 0.252
4220 8 63 0.2283
4228 8 60 0.2677
4236 8 55 0.2047
4245 8 51 0.2283
4253 8 48 0.2047
4261 8 43 0.252
4270 8 50 0.252
4278 8 59 0.2756
4286 8 60 0.315
4295 8 61 0.3465
4303 8 62 0.3858
4311 8 63 0.4252
4320 8 64 0.4803
4328 66 65 0.4803
4336 8 68 0.2441
4345 8 71 0.2992
4353 8 74 0.252
4361 8 75 0.315
4370 8 80 0.3701
4378 8 74 0.3386
4386 8 71 0.2283
4395 66 63 0.4173
4403 8 67 0.2283
4411 8 70 0.2283
4420 8 71 0.2362
4428 8 74 0.2756
4436 8 79 0.3386
4445 8 72 0.2283
4453 8 67 0.2283
4461 66 62 0.3701
4470 8 65 0.2283
4478 8 72 0.252
4486 8 71 0.2835
4495 8 68 0.2992
4503 8 67 0.3307
4511 8 71 0.2677
4519 8 77 0.2756
4528 66 60 0.4016
4536 8 63 0.2441
4544 8 66 0.3071
4553 8 67 0.3465
4561 33 75 0.4173
4569 8 72 0.2283
4578 8 70 0.2441
4586 8 67 0.2362
4594 66 58 0.3701
4603 8 62 0.2913
4611 8 66 0.3228
4619 8 67 0.3622
4628 33 74 0.4173
4636 8 70 0.2283
4644 8 68 0.2283
4653 8 67 0.2283
4661 33 56 0.4016
4669 8 60 0.2283
4678 8 63 0.2598
4686 8 72 0.2283
4694 66 55 0.4094
4703 8 58 0.2283
4711 8 60 0.2677
4719 8 61 0.2283
4728 8 62 0.2992
4736 8 65 0.2283
4744 8 70 0.252
4753 8 64 0.2283
4761 33 53 0.3701
4769 8 56 0.2283
4778 8 60 0.2677
4786 4 68 0.2283
4790 37 51 0.3071
4792 35 60 0.3386
4794 33 67 0.3701
4794 133 31 0.252
4794 133 43 0.3307
4811 8 53 0.2756
4819 8 54 0.315
4827 8 55 0.3465
4836 8 57 0.3858
4844 8 59 0.4252
4852 8 60 0.4803
4861 66 62 0.4803
4869 8 65 0.2441
4877 8 67 0.2992
4886 8 71 0.252
4894 8 72 0.315
4902 8 77 0.3622
4911 8 71 0.315
4919 8 67 0.2283
4927 66 60 0.4173
4936 8 63 0.2283
4944 8 66 0.2283
4952 8 67 0.2362
4961 8 70 0.2756
4969 8 75 0.3386
4977 8 68 0.2283
4986 8 63 0.2283
4994 66 58 0.3701
5002 8 62 0.2283
5011 8 68 0.252
5019 8 67 0.2835
5027 8 65 0.2992
5036 8 63 0.3307
5044 8 67 0.2677
5052 8 74 0.2756
5061 66 56 0.4016
5069 8 60 0.2441
5077 8 62 0.3071
5086 8 63 0.3465
5094 33 72 0.4094
5102 8 68 0.2283
5110 8 65 0.2441
5119 8 63 0.2362
5127 66 55 0.3701
5135 8 58 0.2913
5144 8 62 0.3228
5152 8 63 0.3622
5160 33 70 0.4173
5169 8 67 0.2283
5177 8 65 0.2283
5185 8 63 0.2283
5194 33 53 0.4016
5202 8 56 0.2283
5210 8 60 0.2598
5219 8 68 0.2283
5227 66 51 0.4094
5235 8 55 0.2283
5244 8 57 0.2677
5252 8 58 0.2283
5260 8 59 0.2992
5269 8 62 0.2283
5277 8 67 0.252
5285 8 60 0.2283
5294 33 49 0.3701
5302 8 55 0.2283
5310 8 58 0.2677
5319 4 64 0.2283
5323 37 48 0.2913
5325 35 56 0.3307
5327 33 65 0.3701
5327 133 29 0.252
5327 133 41 0.3307
5344 8 50 0.2992
5352 8 52 0.3386
5360 8 53 0.3622
5369 8 55 0.378
5377 8 56 0.3858
5385 8 57 0.3937
5394 49 58 0.4567
5402 8 61 0.2441
5410 8 64 0.2992
5418 8 67 0.252
5427 8 68 0.315
5435 8 73 0.3937
5443 8 67 0.3386
5443 16 60 0.3701
5452 8 64 0.2283
5460 66 56 0.4173
5468 8 60 0.2283
5477 8 63 0.2283
5485 8 64 0.2362
5493 8 67 0.2756
5502 8 72 0.3386
5510 8 65 0.2283
5518 8 60 0.2283
5527 66 55 0.3701
5535 8 58 0.2283
5543 8 65 0.252
5552 8 64 0.2835
5560 8 61 0.2992
5568 8 60 0.3307
5577 8 64 0.2677
5585 8 70 0.2756
5593 66 53 0.4016
5602 8 56 0.2598
5610 8 59 0.2835
5618 8 60 0.2756
5627 33 68 0.3307
5635 8 65 0.2283
5643 8 61 0.2441
5652 8 60 0.2362
5660 66 51 0.3701
5668 8 55 0.2677
5677 8 59 0.2913
5685 8 60 0.2598
5693 33 67 0.3228
5701 8 63 0.2283
5710 8 62 0.2283
5718 8 60 0.2283
5726 33 50 0.4016
5735 8 53 0.2283
5743 8 56 0.2598
5751 8 65 0.2283
5760 66 48 0.4567
5768 8 51 0.2283
5776 8 53 0.2677
5785 8 54 0.2283
5793 8 55 0.2992
5801 8 58 0.2283
5810 8 63 0.2756
5818 8 56 0.2283
5826 33 44 0.5354
5835 8 48 0.2598
5843 8 53 0.3386
5851 8 60 0.2677
5860 133 47 0.7087
5860 133 29 0.5827
5860 133 41 0.5827
5876 8 50 0.315
5885 8 56 0.3228
5893 8 58 0.3465
5901 8 59 0.4173
5910 8 62 0.4331
5918 8 68 0.4409
5926 66 74 0.5591
5935 8 68 0.4567
5943 8 62 0.4488
5951 8 58 0.4488
5960 8 59 0.4488
5968 8 56 0.4331
5976 8 50 0.378
5985 8 41 0.378
5993 133 48 0.7087
5993 133 30 0.5827
5993 133 42 0.5827
6009 8 51 0.315
6018 8 57 0.3228
6026 8 59 0.3465
6034 8 60 0.4252
6043 8 63 0.4567
6051 8 69 0.4803
6059 66 75 0.5591
6068 8 69 0.4488
6076 8 63 0.4409
6084 8 59 0.4173
6093 8 60 0.378
6101 8 57 0.378
6109 8 51 0.378
6118 8 41 0.378
6126 133 50 0.7087
6126 99 31 0.5827
6126 99 43 0.5827
6143 8 53 0.315
6151 8 58 0.3228
6159 8 59 0.3465
6168 8 61 0.4331
6176 8 62 0.4646
6184 8 65 0.4882
6193 66 71 0.5748
6201 8 65 0.4567
6209 8 62 0.4567
6218 8 60 0.4331
6226 8 62 0.3858
6226 33 32 0.4803
6226 33 44 0.622
6234 8 59 0.3937
6243 8 53 0.3937
6251 8 50 0.3937
6259 133 51 0.748
6259 133 33 0.6142
6259 133 45 0.6142
6276 8 54 0.3307
6284 8 59 0.3386
6293 8 60 0.3701
6301 8 62 0.4567
6309 8 63 0.4961
6317 8 66 0.5197
6326 66 72 0.6063
6334 8 66 0.4882
6342 8 63 0.4803
6351 8 62 0.4567
6359 8 63 0.4173
6367 8 60 0.4173
6376 8 54 0.4173
6384 8 51 0.4173
6392 133 27 0.6535
6392 133 39 0.6535
6392 16 55 0.8031
6401 8 46 0.378
6409 8 51 0.4094
6417 8 55 0.4331
6426 8 67 0.3858
6426 8 58 0.4724
6434 8 70 0.4173
6434 8 63 0.5039
6442 8 75 0.4488
6442 16 67 0.5354
6451 8 79 0.4803
6459 8 91 0.5039
6467 8 87 0.4488
6476 8 82 0.4409
6476 8 75 0.3307
6484 8 79 0.4409
6484 8 77 0.315
6492 8 75 0.3937
6492 8 70 0.3937
6492 8 78 0.3937
6501 8 79 0.3228
6509 8 78 0.3858
6509 8 81 0.3858
6517 8 82 0.3228
6517 8 79 0.3228
6526 8 87 0.4567
6534 8 82 0.3386
6542 8 79 0.4173
6542 8 70 0.3543
6551 8 75 0.3622
6551 8 72 0.3071
6559 8 70 0.4016
6559 8 67 0.4016
6559 8 74 0.4016
6567 8 75 0.3307
6576 8 74 0.3858
6576 8 78 0.3858
6584 8 79 0.3228
6584 8 75 0.3228
6592 8 82 0.4567
6600 8 79 0.3386
6609 8 75 0.4173
6609 8 67 0.3543
6617 8 70 0.3622
6617 8 68 0.315
6625 8 67 0.4016
6625 8 63 0.4016
6625 8 69 0.4016
6634 8 70 0.3307
6642 8 71 0.3858
6642 8 74 0.3858
6650 8 75 0.3228
6650 8 70 0.3228
6659 8 79 0.4567
6667 8 75 0.3386
6675 8 70 0.4173
6675 8 63 0.378
6684 8 67 0.3622
6684 8 65 0.3228
6692 8 63 0.3937
6692 8 58 0.3937
6692 8 66 0.3937
6700 8 67 0.3386
6709 8 66 0.3858
6709 8 69 0.3858
6717 8 70 0.3228
6717 8 67 0.3228
6725 8 75 0.4567
6734 8 70 0.3386
6742 8 67 0.4173
6742 8 58 0.3701
6750 8 63 0.3622
6750 8 60 0.3228
6759 8 58 0.4094
6759 8 55 0.4094
6759 8 62 0.4094
6767 8 63 0.3307
6775 8 66 0.3858
6784 8 67 0.3228
6792 49 59 0.6142
6792 133 31 0.6063
6792 133 43 0.6535
6800 8 63 0.4094
6809 8 66 0.4094
6809 16 53 0.3937
6817 8 67 0.3937
6825 8 68 0.4094
6825 83 59 0.4094
6834 8 67 0.4331
6842 8 66 0.4488
6842 16 63 0.3858
6850 8 67 0.4567
6859 8 79 0.4882
6859 16 65 0.4882
6867 8 75 0.3622
6875 8 71 0.4094
6875 16 63 0.3937
6884 8 67 0.3622
6892 8 68 0.4094
6892 33 59 0.4094
6900 8 67 0.3622
6908 8 66 0.3858
6908 16 55 0.3937
6917 8 67 0.3622
6925 133 48 0.5827
6925 133 60 0.6142
6925 133 36 0.6535
6926 133 24 0.6063
6933 8 63 0.4094
6942 8 66 0.4094
6942 16 43 0.3937
6950 8 67 0.3937
6958 8 68 0.4094
6958 16 51 0.4094
6967 8 67 0.4331
6975 8 66 0.4488
6975 16 55 0.3858
6983 8 67 0.4567
6992 8 75 0.4882
6992 16 63 0.4882
7000 8 74 0.3622
7008 8 72 0.4094
7008 16 55 0.3937
7017 8 67 0.3622
7025 8 68 0.4094
7025 16 51 0.4094
7033 8 67 0.3622
7042 8 66 0.3858
7042 16 48 0.3937
7050 8 67 0.3622
7058 49 55 0.6142
7058 133 31 0.6063
7058 133 43 0.6535
7067 8 59 0.4094
7075 8 63 0.4094
7075 16 51 0.3937
7083 8 67 0.3937
7092 8 68 0.4094
7092 66 55 0.4094
7100 8 67 0.4331
7108 8 66 0.4488
7108 16 59 0.3858
7117 8 67 0.4567
7125 8 75 0.4882
7125 16 63 0.4882
7133 8 72 0.3622
7142 8 71 0.4094
7142 40 55 0.3937
7150 8 67 0.3622
7158 8 68 0.4094
7158 16 51 0.4094
7167 8 67 0.3622
7175 8 66 0.3858
7175 16 47 0.3937
7183 58 55 0.6142
7183 8 67 0.3622
7192 83 63 0.6142
7192 133 27 0.6063
7192 133 39 0.6535
7208 16 46 0.3937
7216 8 67 0.3937
7225 8 68 0.4094
7225 83 55 0.4094
7233 8 67 0.4331
7241 8 66 0.4488
7241 16 58 0.3858
7250 8 67 0.4567
7258 8 75 0.4882
7258 66 63 0.4882
7266 8 71 0.3622
7275 8 70 0.4094
7275 16 58 0.3937
7283 8 67 0.3622
7291 8 68 0.4094
7291 33 55 0.4094
7300 8 67 0.3622
7308 8 66 0.3858
7308 16 51 0.3937
7316 8 67 0.3622
7325 66 58 0.4252
7325 133 46 0.4409
7325 133 34 0.4409
7341 8 62 0.2913
7341 16 50 0.2913
7350 8 67 0.2835
7358 8 68 0.2992
7358 16 55 0.2992
7366 8 67 0.315
7375 8 66 0.3228
7375 49 58 0.2756
7383 8 67 0.3228
7391 8 74 0.3465
7391 16 62 0.3465
7400 8 72 0.252
7408 8 70 0.2913
7408 183 58 0.2756
7416 8 67 0.252
7425 8 68 0.2913
7425 16 55 0.2913
7433 8 67 0.2441
7441 8 66 0.2598
7441 16 50 0.2677
7450 8 67 0.2441
7458 133 46 0.3543
7458 133 34 0.3701
7458 133 22 0.3701
7466 8 61 0.2205
7475 8 64 0.2205
7475 16 41 0.2441
7483 8 65 0.2205
7491 8 66 0.2283
7491 16 49 0.2598
7499 8 65 0.2362
7508 8 64 0.2441
7508 16 53 0.2362
7516 8 65 0.252
7524 8 73 0.2677
7524 16 61 0.3071
7533 8 72 0.2205
7541 8 70 0.2598
7541 16 53 0.2441
7549 8 65 0.2205
7558 8 66 0.2598
7558 16 49 0.2598
7566 8 65 0.2205
7574 8 64 0.2362
7574 16 46 0.2441
7583 8 65 0.2205
7591 49 53 0.3543
7591 133 41 0.3701
7591 133 29 0.3701
7599 8 57 0.2205
7608 8 61 0.2205
7608 16 49 0.2441
7616 8 65 0.2205
7624 8 66 0.2283
7624 66 53 0.2598
7633 8 65 0.2362
7641 8 64 0.2441
7641 16 57 0.2362
7649 8 65 0.252
7658 8 73 0.2677
7658 16 61 0.3071
7666 8 70 0.2205
7674 8 69 0.2598
7674 40 53 0.2441
7683 8 65 0.2205
7691 8 66 0.2598
7691 16 51 0.2598
7699 8 65 0.2205
7708 8 64 0.2362
7708 16 45 0.2441
7716 58 53 0.3543
7716 8 65 0.2205
7724 83 61 0.3543
7724 133 37 0.3701
7724 133 25 0.3701
7741 16 44 0.2441
7749 8 65 0.2205
7758 8 66 0.2283
7758 83 53 0.2598
7766 8 65 0.2362
7774 8 64 0.2441
7774 16 56 0.2362
7783 8 65 0.252
7791 8 73 0.2677
7791 66 61 0.3071
7799 8 69 0.2205
7807 8 68 0.2598
7807 16 56 0.2441
7816 8 65 0.2205
7824 8 66 0.2598
7824 33 53 0.2598
7832 8 65 0.2205
7841 8 64 0.2362
7841 16 50 0.2441
7849 8 65 0.2205
7857 66 56 0.3543
7857 133 44 0.3701
7857 133 32 0.3701
7874 8 60 0.2205
7874 16 48 0.2441
7882 8 65 0.2205
7891 8 67 0.2283
7891 16 53 0.2598
7899 8 65 0.2362
7907 8 64 0.2441
7907 49 56 0.2362
7916 8 65 0.252
7924 8 72 0.2677
7924 16 60 0.3071
7932 8 70 0.2205
7941 8 68 0.2598
7941 49 56 0.2441
7949 8 65 0.2205
7957 8 67 0.2598
7957 16 53 0.2598
7966 8 65 0.2205
7974 8 64 0.2362
7974 16 48 0.2441
7982 8 65 0.2205
7991 83 56 0.3543
7991 133 43 0.3701
7991 133 31 0.3701
7999 8 59 0.2205
8007 8 61 0.2205
8007 33 53 0.4094
8016 8 62 0.2205
8024 8 63 0.2283
8032 8 62 0.2362
8041 8 61 0.2441
8041 83 56 0.3937
8049 8 62 0.252
8057 33 71 0.315
8066 8 67 0.2205
8074 8 65 0.2992
8074 33 59 0.4252
8082 8 62 0.252
8091 8 63 0.3071
8099 8 62 0.252
8107 8 61 0.2992
8107 16 65 0.4567
8115 8 62 0.2205
8124 8 55 0.5118
8132 8 62 0.2992
8140 8 65 0.3701
8149 8 71 0.4331
8157 66 79 0.5512
8165 8 72 0.3228
8174 8 71 0.3858
8182 8 67 0.3386
8190 8 65 0.2992
8199 8 63 0.2677
8207 8 67 0.2598
8215 8 68 0.2047
8224 33 80 0.4409
8224 16 72 0.2598
8232 8 71 0.2441
8240 8 72 0.3307
8249 8 75 0.2677
8257 83 56 0.4252
8257 133 43 0.5118
8257 133 31 0.5118
8274 8 59 0.2598
8274 33 53 0.4882
8282 8 62 0.2677
8290 8 63 0.2756
8299 8 62 0.2913
8307 8 61 0.2992
8307 83 56 0.4882
8315 8 62 0.315
8324 33 71 0.3937
8332 8 67 0.2756
8340 8 65 0.3858
8340 33 59 0.5433
8349 8 62 0.3228
8357 8 63 0.4016
8365 8 62 0.3307
8374 8 61 0.3937
8374 16 65 0.6063
8382 8 62 0.2913
8390 8 55 0.6457
8398 8 61 0.4016
8407 8 65 0.5039
8415 8 70 0.5906
8423 66 82 0.6063
8432 8 75 0.4331
8440 8 73 0.5197
8448 8 70 0.4567
8457 8 68 0.4016
8465 8 67 0.3543
8473 8 70 0.3465
8482 8 72 0.2756
8490 33 84 0.5906
8490 16 76 0.3465
8498 8 75 0.3228
8507 8 76 0.4409
8515 8 79 0.3543
8523 133 73 0.3937
8523 133 77 0.3937
8523 133 85 0.4646
8523 133 80 0.3937
8523 8 41 0.4724
8523 8 29 0.4724
8532 8 49 0.3937
8540 8 56 0.4016
8548 8 60 0.378
8557 8 63 0.4409
8565 8 61 0.3937
8573 8 60 0.3937
8582 8 61 0.3937
8590 8 65 0.4488
8598 8 56 0.3858
8607 8 61 0.3858
8615 8 65 0.3858
8623 8 68 0.4488
8632 8 70 0.3858
8640 8 72 0.4016
8648 8 73 0.3701
8657 8 75 0.4488
8665 8 73 0.3701
8673 8 72 0.3858
8682 8 73 0.3622
8690 8 77 0.4173
8698 8 68 0.3543
8706 8 73 0.3701
8715 8 77 0.3386
8723 8 80 0.4016
8731 8 79 0.3228
8740 8 80 0.3622
8748 8 82 0.315
8750 37 66 0.2283
8752 35 72 0.2283
8754 33 75 0.2283
8756 8 84 0.3937
8756 31 81 0.2756
8765 8 86 0.2992
8773 8 87 0.2992
8781 6 96 0.4567
8790 66 68 0.2835
8790 133 72 0.2835
8790 133 31 0.2126
8790 133 43 0.2126
8806 9 62 0.2283
8806 16 53 0.2126
8815 9 63 0.2362
8823 9 67 0.252
8823 16 56 0.2126
8831 9 65 0.2362
8840 9 63 0.2362
8840 16 59 0.2126
8848 8 65 0.2126
8856 66 68 0.252
8856 16 60 0.2126
8865 9 67 0.2126
8873 9 65 0.2126
8873 33 56 0.2126
8881 9 67 0.2205
8890 9 65 0.2205
8898 9 63 0.189
8906 9 62 0.2126
8906 16 53 0.2126
8915 8 63 0.2047
8923 66 67 0.2205
8923 133 71 0.2205
8923 133 43 0.1654
8940 9 62 0.1811
8940 16 53 0.1654
8948 9 63 0.189
8956 9 65 0.1969
8956 16 55 0.1654
8965 9 63 0.189
8973 9 62 0.189
8973 16 58 0.1654
8981 8 63 0.1654
8990 66 67 0.1969
8990 16 59 0.1654
8998 9 65 0.1654
9006 9 63 0.1654
9006 49 55 0.1654
9014 9 65 0.1732
9023 9 63 0.1732
9031 9 62 0.1496
9039 9 59 0.1654
9048 8 62 0.1575
9056 8 60 0.2205
9056 33 48 0.1496
9056 33 55 0.189
9064 8 63 0.2205
9073 8 66 0.2205
9081 8 67 0.2598
9089 16 71 0.2598
9098 8 75 0.2205
9106 8 78 0.2205
9106 16 72 0.1969
9114 8 79 0.2205
9123 8 80 0.2677
9123 33 60 0.2362
9131 8 79 0.2205
9139 8 78 0.2205
9139 16 63 0.189
9148 8 79 0.2441
9156 8 87 0.3307
9156 16 66 0.2283
9164 8 86 0.2362
9173 8 84 0.2913
9173 16 67 0.189
9181 8 79 0.2598
9189 8 80 0.2835
9189 33 63 0.2441
9198 8 79 0.2205
9206 8 78 0.2598
9206 16 67 0.2205
9214 8 79 0.2205
9223 16 70 0.2598
9231 8 75 0.2205
9239 8 78 0.2205
9239 16 71 0.1969
9248 8 79 0.2205
9256 8 80 0.2677
9256 33 55 0.2362
9256 16 59 0.2362
9264 8 79 0.2205
9273 8 78 0.2205
9273 16 63 0.189
9281 8 79 0.2441
9289 8 87 0.3307
9289 16 66 0.2283
9297 8 86 0.2362
9306 8 83 0.2913
9306 16 67 0.189
9314 8 79 0.2598
9322 8 80 0.2835
9322 33 63 0.2441
9331 8 79 0.2205
9339 8 78 0.2598
9339 16 67 0.2205
9347 8 79 0.2205
9356 16 69 0.2598
9364 8 75 0.2205
9372 8 78 0.2205
9372 16 70 0.1969
9381 8 79 0.2205
9389 8 80 0.2677
9389 33 51 0.2362
9389 16 58 0.2362
9397 8 79 0.2205
9406 8 78 0.2205
9406 16 62 0.189
9414 8 79 0.2441
9422 8 87 0.3307
9422 16 63 0.2283
9431 8 83 0.2362
9439 8 82 0.2913
9439 16 67 0.189
9447 8 79 0.2598
9456 8 79 0.2835
9456 16 56 0.2441
9456 33 53 0.2441
9464 8 77 0.2205
9472 8 76 0.2598
9472 16 60 0.2205
9481 8 77 0.2205
9489 8 86 0.3307
9489 16 62 0.2283
9497 8 82 0.2362
9506 8 80 0.2913
9506 16 68 0.189
9514 8 77 0.2598
9522 8 75 0.2835
9522 33 55 0.2441
9531 8 74 0.2205
9539 8 73 0.2598
9539 16 59 0.2205
9547 8 74 0.2205
9556 8 83 0.3307
9556 16 62 0.2283
9564 8 79 0.2362
9572 8 77 0.2913
9572 33 67 0.189
9581 8 74 0.2598
9589 8 72 0.2835
9597 8 74 0.2205
9605 8 71 0.2598
9605 16 65 0.2205
9614 8 68 0.2205
9622 8 67 0.2835
9622 16 63 0.2598
9630 8 72 0.2205
9639 8 74 0.2205
9639 16 62 0.1969
9647 8 75 0.2205
9655 8 77 0.2677
9655 33 55 0.2362
9664 8 75 0.2205
9672 8 74 0.2205
9672 16 60 0.189
9680 8 75 0.2441
9689 8 84 0.3307
9689 16 62 0.2283
9697 8 80 0.2362
9705 8 79 0.2913
9705 12 63 0.189
9714 8 75 0.2598
9718 37 48 0.2441
9720 35 55 0.2441
9722 8 77 0.2835
9722 16 60 0.2441
9730 8 75 0.2205
9739 8 74 0.2598
9739 16 63 0.2205
9747 8 75 0.2205
9755 16 66 0.2598
9764 8 71 0.2205
9772 8 74 0.2205
9772 16 67 0.1969
9780 8 75 0.2205
9789 8 77 0.2677
9789 33 55 0.2362
9797 8 75 0.2205
9805 8 74 0.2205
9805 16 59 0.189
9814 8 75 0.2441
9822 8 83 0.3307
9822 16 62 0.2283
9830 8 80 0.2362
9839 8 79 0.2913
9839 12 63 0.189
9847 8 75 0.2598
9851 37 43 0.2441
9853 35 51 0.2441
9855 8 77 0.2835
9855 33 59 0.2441
9864 8 75 0.2205
9872 8 74 0.2598
9872 16 63 0.2205
9880 8 75 0.2205
9889 16 66 0.2598
9897 8 70 0.2205
9905 8 74 0.2205
9905 12 67 0.1969
9913 8 75 0.2205
9918 37 39 0.2441
9920 35 46 0.2441
9922 8 77 0.2677
9922 33 55 0.2362
9930 8 75 0.2205
9938 8 74 0.2205
9938 16 58 0.189
9947 8 75 0.2441
9955 8 82 0.3307
9955 16 62 0.2283
9963 8 79 0.2362
9972 8 77 0.2913
9972 12 63 0.189
9980 6 75 0.2598
9984 37 41 0.2441
9986 35 48 0.2441
9988 8 75 0.2835
9988 33 56 0.2441
9997 8 74 0.2205
10005 8 73 0.2598
10005 16 59 0.2205
10013 8 74 0.2205
10022 8 80 0.3307
10022 16 60 0.2598
10030 8 77 0.2205
10038 8 75 0.2205
10038 16 62 0.1969
10047 6 72 0.2205
10055 8 72 0.2677
10055 16 43 0.2441
10055 16 50 0.2441
10055 16 55 0.2362
10063 8 71 0.2205
10072 8 70 0.2205
10072 33 62 0.189
10080 8 71 0.2441
10088 8 79 0.3307
10097 8 77 0.2362
10105 8 74 0.2913
10105 16 67 0.189
10113 8 71 0.2598
10122 8 68 0.2913
10130 8 67 0.252
10138 8 65 0.2677
10147 8 62 0.2283
10155 8 55 0.2441
10163 8 60 0.2756
10172 8 62 0.2913
10180 8 63 0.252
10188 8 65 0.2992
10196 8 63 0.2598
10205 8 62 0.2598
10205 16 60 0.2283
10213 8 63 0.2913
10221 8 72 0.3307
10221 16 56 0.2362
10230 8 68 0.2756
10238 8 65 0.2913
10238 16 51 0.189
10246 8 62 0.2677
10255 8 65 0.2913
10255 16 44 0.2756
10263 8 63 0.2677
10271 8 62 0.2835
10271 33 51 0.2283
10280 8 63 0.252
10288 8 60 0.252
10296 8 63 0.2835
10305 8 65 0.2992
10305 16 56 0.1969
10313 8 67 0.2598
10321 8 70 0.3071
10321 16 60 0.2441
10330 8 68 0.2677
10338 8 67 0.2677
10338 16 58 0.2362
10346 8 68 0.2992
10355 8 77 0.3465
10355 16 56 0.2441
10363 8 72 0.2835
10371 8 70 0.2992
10371 16 53 0.1969
10380 8 67 0.2756
10388 8 70 0.2992
10388 16 41 0.2835
10388 16 48 0.2835
10396 8 68 0.2756
10405 8 67 0.2756
10405 16 53 0.2362
10413 8 68 0.2598
10421 16 56 0.2677
10430 8 65 0.3071
10438 8 68 0.3228
10438 16 60 0.2126
10446 8 72 0.2835
10455 8 75 0.3307
10455 16 65 0.2677
10463 8 73 0.2913
10471 8 72 0.2913
10471 16 63 0.2598
10480 8 73 0.3228
10488 8 80 0.378
10488 16 61 0.2677
10496 8 77 0.3071
10504 8 75 0.3228
10504 16 53 0.2126
10513 8 72 0.2992
10521 8 75 0.3228
10521 16 37 0.3071
10521 16 44 0.3071
10529 8 73 0.2992
10538 8 72 0.2992
10538 16 53 0.2598
10546 8 73 0.2835
10554 16 56 0.2913
10563 8 68 0.3307
10571 8 73 0.3543
10571 16 61 0.2283
10579 8 77 0.3071
10588 8 80 0.3622
10588 16 60 0.2913
10596 8 79 0.315
10604 8 78 0.315
10604 16 59 0.2835
10613 8 79 0.3543
10621 8 86 0.4094
10621 16 53 0.2913
10629 8 83 0.3307
10638 8 79 0.3543
10638 16 43 0.2283
10646 8 77 0.3228
10654 8 82 0.4094
10654 16 31 0.3307
10663 8 80 0.3228
10671 8 79 0.3228
10671 16 43 0.2835
10679 8 80 0.3071
10688 8 89 0.4094
10696 8 84 0.3543
10704 8 83 0.3858
10704 16 50 0.3071
10713 8 79 0.3858
10721 8 84 0.4488
10721 16 53 0.3937
10729 8 83 0.3937
10738 8 82 0.3937
10738 16 62 0.3071
10746 8 83 0.3937
10754 8 91 0.4488
10763 8 89 0.3937
10771 8 86 0.4331
10771 16 59 0.3307
10779 8 83 0.4331
10788 8 87 0.4882
10788 16 65 0.4173
10796 8 86 0.4331
10804 8 85 0.4331
10804 16 71 0.3307
10812 8 86 0.4331
10821 8 92 0.4882
10829 8 89 0.4331
10837 8 86 0.4331
10837 16 65 0.3307
10846 8 83 0.4331
10854 8 93 0.5197
10854 16 71 0.4173
10862 8 89 0.4331
10871 8 86 0.4331
10871 16 77 0.3307
10879 8 83 0.4331
10887 8 94 0.5433
10896 8 91 0.4882
10904 8 86 0.4882
10904 16 59 0.4173
10904 16 62 0.4173
10912 8 83 0.4882
10921 8 91 0.5591
10921 16 71 0.5039
10921 16 67 0.4252
10929 8 95 0.4409
10937 8 86 0.4409
10937 16 59 0.4173
10937 16 62 0.4173
10946 8 83 0.4409
10954 8 91 0.5984
10954 16 71 0.4961
10954 16 67 0.4173
10962 8 95 0.4646
10971 8 87 0.4646
10971 16 60 0.4173
10971 16 63 0.4173
10979 8 84 0.4646
10987 8 91 0.6142
10987 16 71 0.4803
10987 16 67 0.4016
10996 8 95 0.4646
11004 8 88 0.4646
11004 16 61 0.4173
11004 16 64 0.4173
11012 8 85 0.4646
11021 8 91 0.5984
11021 16 67 0.4252
11021 16 71 0.5039
11029 8 95 0.4567
11037 8 89 0.4567
11037 16 62 0.4173
11037 16 65 0.4173
11046 8 86 0.4567
11054 8 91 0.6063
11054 16 71 0.4961
11054 16 67 0.4173
11062 8 95 0.5118
11071 8 92 0.5118
11071 16 63 0.3543
11071 16 68 0.4173
11079 8 87 0.5118
11087 8 91 0.5984
11087 16 71 0.5039
11087 16 67 0.4252
11095 8 95 0.4961
11104 8 92 0.5039
11104 16 64 0.3543
11104 16 68 0.4173
11112 8 88 0.5039
11120 8 91 0.6378
11120 16 71 0.5039
11120 16 67 0.4252
11129 8 95 0.5433
11137 8 92 0.5276
11137 16 65 0.3543
11137 16 68 0.4173
11145 8 89 0.5433
11154 8 96 0.748
11154 33 36 0.6693
11154 33 24 0.5669
11162 8 92 0.5512
11170 8 91 0.5512
11179 8 84 0.5512
11187 8 88 0.6614
11187 133 58 0.5118
11187 133 64 0.5118
11187 66 72 0.6063
11195 8 85 0.5354
11204 8 82 0.5354
11212 8 79 0.5354
11220 8 84 0.622
11229 8 80 0.5354
11237 8 79 0.5354
11245 58 72 0.5354
11254 8 76 0.6142
11262 8 73 0.5118
11270 8 70 0.5118
11279 8 67 0.5118
11287 8 68 0.5906
11295 24 72 0.5197
11304 8 67 0.5197
11312 8 60 0.5197
11320 9 61 0.5906
11329 9 64 0.4646
11337 9 58 0.4646
11345 8 55 0.4646
11354 9 56 0.5433
11362 9 60 0.4409
11370 9 55 0.4409
11379 8 48 0.4409
11387 9 49 0.5591
11395 9 52 0.4488
11403 9 46 0.4409
11412 8 43 0.4409
11420 9 44 0.5591
11428 9 48 0.4803
11437 9 43 0.4803
11445 8 36 0.4882
11453 66 24 0.685
11520 133 72 0.6457
11520 133 69 0.6457
11520 133 63 0.5433
11520 133 60 0.5433
11520 133 57 0.5669
11520 133 51 0.4961
11520 133 42 0.4961
11653 66 62 0.6063
11653 66 60 0.5118
11653 66 56 0.5118
11653 66 50 0.4961
11653 66 48 0.4173
11653 66 41 0.4173
11720 49 67 0.6142
11720 49 60 0.5197
11720 49 55 0.6142
11720 49 40 0.3543
11720 49 43 0.3543
11720 49 48 0.4961
11770 16 56 0.622
11770 16 54 0.5276
11770 16 48 0.5433
11770 16 42 0.4567
11770 16 39 0.4567
11786 133 60 0.6614
11786 133 53 0.5591
11786 133 48 0.5591
11786 133 41 0.4724
11786 133 38 0.4724
11920 66 55 0.6614
11920 66 53 0.5591
11920 66 47 0.5591
11920 66 43 0.5276
11920 66 38 0.4409
11920 66 31 0.4409
11986 133 48 0.8031
11986 133 24 0.5039
11986 133 36 0.5984
12019 99 72 0.5984
12019 99 76 0.5984
12019 99 79 0.5984
12019 99 84 0.7087
12019 99 64 0.5748
12019 99 60 0.4882
12019 99 55 0.4882
12019 99 52 0.4882
