713 178 62 0.3937
891 356 65 0.4803
1247 178 63 0.4488
1426 297 62 0.3937
2436 59 74 0.4173
2436 59 70 0.3543
2495 118 72 0.4803
2495 118 69 0.4016
2614 59 67 0.3307
2614 59 70 0.3937
2673 117 69 0.4331
2673 117 66 0.3622
2792 59 69 0.3307
2792 59 72 0.3937
2852 118 70 0.4409
2852 118 62 0.3701
2970 59 60 0.3307
2970 59 69 0.3937
3030 118 67 0.4331
3030 118 58 0.3622
3149 59 62 0.3937
3208 116 63 0.4331
3208 116 60 0.3622
3327 56 60 0.3307
3327 56 63 0.3937
3386 29 63 0.378
3386 29 60 0.315
3416 29 65 0.4173
3416 29 62 0.3543
3446 29 67 0.4252
3446 29 63 0.3543
3505 29 60 0.3307
3505 29 63 0.3937
3565 713 62 0.3622
3862 59 74 0.4173
3862 59 70 0.3543
3921 118 72 0.4803
3921 118 69 0.4016
4040 59 67 0.3307
4040 59 70 0.3937
4099 116 69 0.4331
4099 116 66 0.3622
4218 59 69 0.3307
4218 59 72 0.3937
4278 118 70 0.4409
4278 118 62 0.3701
4396 59 60 0.3307
4396 59 69 0.3937
4456 51 67 0.4331
4456 51 58 0.3622
4515 59 67 0.4882
4575 59 69 0.4961
4634 59 70 0.5433
4693 59 73 0.4882
4753 59 74 0.5276
4812 59 73 0.5197
4812 59 77 0.6142
4872 59 76 0.5197
4931 59 74 0.5669
4991 118 81 0.6142
4991 118 74 0.4409
5109 59 77 0.5354
5169 118 74 0.4961
5288 59 69 0.4331
5347 59 70 0.4488
5407 59 64 0.378
5407 59 73 0.4488
5466 59 65 0.378
5466 59 74 0.4488
5525 59 69 0.4173
5525 59 77 0.4961
5585 59 76 0.4488
5585 59 67 0.378
5644 56 74 0.4252
5644 56 65 0.3543
5704 289 74 0.5118
5704 289 65 0.4331
6001 59 74 0.4646
6060 118 77 0.5512
6120 59 65 0.3071
6179 59 67 0.2677
6179 59 74 0.4803
6238 118 72 0.5118
6298 59 65 0.3071
6357 59 67 0.2677
6357 59 71 0.4803
6417 118 72 0.5512
6476 59 60 0.3071
6476 59 63 0.3071
6535 59 67 0.4567
6595 118 68 0.5118
6654 59 62 0.3071
6654 59 65 0.3071
6714 59 71 0.5118
6773 118 72 0.5433
6833 59 60 0.3071
6833 59 63 0.3071
6892 59 67 0.4409
6951 118 68 0.4882
7011 59 62 0.3071
7011 59 65 0.3071
7070 59 71 0.4409
7130 237 72 0.5039
7189 59 63 0.3071
7248 59 67 0.2677
7367 59 63 0.3071
7427 59 67 0.2126
7427 59 72 0.3701
7486 118 75 0.4567
7546 59 63 0.2441
7605 59 66 0.2126
7605 59 69 0.378
7664 118 75 0.4094
7724 59 63 0.2441
7783 59 66 0.2126
7783 59 69 0.378
7843 297 75 0.4567
7902 59 63 0.2441
7961 59 66 0.3622
7961 59 69 0.3622
8080 59 63 0.2441
8140 59 69 0.2441
8140 59 74 0.4094
8199 118 72 0.4331
8259 59 62 0.2441
8318 59 67 0.2441
8318 59 70 0.3465
8377 59 69 0.2441
8437 59 61 0.2441
8437 59 70 0.2441
8496 59 67 0.3465
8556 59 62 0.3465
8556 59 66 0.3465
8556 59 69 0.3465
8556 59 74 0.4331
8615 44 74 0.4331
8674 44 74 0.4803
8734 44 74 0.5591
8793 44 74 0.5354
8853 44 74 0.4961
8912 53 74 0.4961
8972 53 62 0.2992
8972 53 67 0.2992
8972 53 70 0.4331
9031 53 66 0.3307
9031 53 72 0.3307
9031 53 75 0.4724
9090 118 74 0.4961
9150 53 67 0.3307
9150 53 70 0.3307
9209 53 70 0.3307
9209 53 74 0.3307
9209 53 79 0.4803
9269 53 74 0.5039
9328 53 62 0.2992
9328 53 67 0.2992
9328 53 70 0.4331
9387 53 66 0.3386
9387 53 72 0.3386
9387 53 75 0.4882
9447 118 74 0.5118
9506 53 67 0.3307
9506 53 70 0.3307
9566 53 70 0.3307
9566 53 74 0.3307
9566 53 79 0.4646
9625 53 74 0.5118
9685 53 62 0.2992
9685 53 67 0.2992
9685 53 72 0.4331
9744 53 62 0.2992
9744 53 67 0.2992
9744 53 70 0.4331
9803 118 69 0.4803
9863 53 63 0.3307
9863 53 67 0.3307
9922 53 63 0.3307
9922 53 67 0.3307
9922 53 69 0.4331
9982 118 74 0.4961
10041 53 62 0.3307
10041 53 66 0.3307
10101 53 62 0.3307
10101 53 66 0.3307
10101 53 69 0.4331
10160 118 72 0.4961
10219 53 62 0.3307
10219 53 69 0.3307
10279 53 62 0.3307
10279 53 67 0.3307
10279 53 70 0.4331
10338 53 74 0.4961
10398 53 62 0.2992
10398 53 67 0.2992
10398 53 70 0.4331
10457 53 66 0.3307
10457 53 72 0.3307
10457 53 75 0.4724
10516 118 74 0.5039
10576 53 67 0.3307
10576 53 70 0.3307
10635 53 70 0.3307
10635 53 74 0.3307
10635 53 79 0.4567
10695 53 74 0.5118
10754 53 62 0.315
10754 53 67 0.315
10754 53 70 0.315
10814 53 66 0.3386
10814 53 72 0.3386
10814 53 75 0.4882
10873 112 74 0.5118
10932 53 67 0.315
10932 53 71 0.315
10992 59 71 0.4488
10992 59 74 0.4488
10992 59 77 0.4488
10992 118 79 0.6457
11051 59 72 0.4488
11051 59 75 0.4488
11111 53 79 0.5669
11170 53 75 0.5591
11229 53 74 0.5433
11289 53 75 0.5197
11348 53 72 0.4646
11408 53 70 0.5039
11467 53 67 0.3543
11467 53 72 0.4252
11527 53 63 0.3701
11527 53 69 0.4409
11586 53 67 0.4252
11645 53 69 0.3858
11705 53 60 0.3228
11705 53 62 0.3228
11705 53 66 0.3858
11764 59 58 0.3858
11764 59 62 0.3858
11764 59 67 0.4567
12061 59 74 0.4173
12061 59 70 0.3543
12121 118 72 0.4803
12121 118 69 0.4016
12240 59 67 0.3307
12240 59 70 0.3937
12299 118 69 0.4331
12299 118 66 0.3622
12418 59 72 0.4173
12418 59 63 0.3543
12477 118 70 0.4803
12477 118 62 0.4016
12596 53 74 0.3307
12596 53 86 0.3937
12655 118 86 0.4331
12655 118 74 0.3622
12774 59 70 0.3701
12774 59 62 0.315
12834 118 69 0.4173
12834 118 60 0.3465
12953 59 58 0.2756
12953 59 67 0.3307
13012 118 66 0.3543
13012 118 57 0.2913
13131 59 69 0.3228
13131 59 66 0.2756
13190 118 67 0.3307
13190 118 62 0.2756
13309 53 74 0.2283
13309 53 86 0.2756
13368 118 86 0.2992
13368 118 74 0.252
13487 59 70 0.2913
13487 59 62 0.2441
13547 118 67 0.3307
13666 53 74 0.2283
13666 53 86 0.2756
13725 118 86 0.2992
13725 118 74 0.252
14081 356 65 0.2913
14438 178 63 0.2913
14616 297 62 0.2913
15508 237 62 0.2913
15864 237 62 0.2913
0 118 43 0.2835
59 59 58 0.2205
59 59 55 0.189
118 59 50 0.2205
178 118 43 0.2835
237 59 58 0.2362
237 59 55 0.1969
297 59 50 0.2362
356 118 43 0.2835
415 59 58 0.2205
415 59 55 0.189
475 59 50 0.2205
534 118 43 0.2835
594 59 57 0.1969
594 59 60 0.2362
594 59 55 0.1969
653 59 51 0.2362
713 118 31 0.2362
713 118 43 0.2835
772 59 55 0.2047
772 59 58 0.2441
831 59 50 0.2835
891 118 41 0.3465
891 118 29 0.2835
950 59 57 0.2283
950 59 60 0.2756
1010 59 53 0.2362
1069 118 31 0.2362
1069 118 43 0.2835
1128 59 62 0.2205
1128 59 58 0.189
1188 59 53 0.2205
1247 118 36 0.2362
1247 118 48 0.2835
1307 59 60 0.2362
1307 59 55 0.1969
1366 59 51 0.2362
1426 118 38 0.2835
1485 59 58 0.2205
1485 59 55 0.189
1544 59 50 0.2205
1604 118 38 0.2835
1663 59 58 0.2362
1663 59 55 0.2362
1723 59 50 0.2362
1782 118 38 0.2835
1841 59 60 0.2205
1841 59 57 0.189
1901 59 50 0.2205
1960 118 38 0.2835
2020 59 57 0.2362
2020 59 54 0.1969
2079 59 50 0.2362
2139 44 43 0.2835
2198 59 58 0.2205
2198 59 55 0.189
2257 59 50 0.2205
2317 44 43 0.2835
2376 59 58 0.2362
2376 59 55 0.1969
2436 59 50 0.2362
2495 44 43 0.2835
2554 59 60 0.2205
2554 59 57 0.189
2614 59 50 0.2205
2673 44 43 0.2835
2733 59 60 0.2362
2733 59 57 0.1969
2792 59 50 0.2362
2852 44 43 0.2835
2911 59 58 0.2205
2911 59 55 0.189
2970 59 50 0.2205
3030 44 43 0.2835
3089 59 55 0.2362
3149 59 50 0.2362
3208 44 43 0.2835
3267 59 55 0.2205
3327 59 51 0.2205
3386 44 43 0.2835
3446 59 60 0.2362
3446 59 55 0.1969
3505 59 51 0.2362
3565 44 43 0.2835
3624 59 58 0.2205
3624 59 55 0.189
3683 59 50 0.2205
3743 44 43 0.2835
3802 59 58 0.2362
3802 59 55 0.1969
3862 59 50 0.2362
3921 44 43 0.2835
3980 59 60 0.2205
3980 59 57 0.189
4040 59 50 0.2205
4099 44 43 0.2835
4159 59 60 0.2362
4159 59 57 0.1969
4218 59 50 0.2362
4278 44 43 0.2835
4337 59 58 0.2205
4337 59 55 0.189
4396 59 50 0.2205
4456 44 43 0.2835
4515 59 55 0.2598
4575 59 50 0.2756
4634 44 43 0.3937
4693 59 62 0.315
4693 59 58 0.315
4753 59 55 0.3701
4812 44 43 0.3858
4872 59 61 0.3543
4872 59 58 0.3543
4931 59 55 0.3701
4991 44 41 0.4331
5050 59 57 0.2677
5050 59 62 0.3228
5109 59 53 0.2677
5169 44 41 0.315
5228 59 57 0.2598
5228 59 62 0.3071
5288 59 53 0.2677
5347 44 43 0.3543
5407 59 58 0.2047
5407 59 62 0.2441
5466 59 55 0.2677
5525 44 43 0.2913
5585 59 61 0.2677
5644 59 57 0.2677
5704 44 53 0.3228
5763 59 62 0.2756
5763 59 57 0.2283
5822 59 53 0.2362
5882 44 53 0.3228
5941 59 62 0.2756
5941 59 57 0.2283
6001 59 53 0.2362
6060 44 43 0.3228
6120 59 59 0.2756
6120 59 55 0.2283
6179 59 50 0.2362
6238 44 43 0.3228
6298 59 59 0.2756
6298 59 55 0.2283
6357 59 50 0.2362
6417 44 36 0.4016
6476 59 55 0.252
6535 59 51 0.2362
6595 44 48 0.3228
6654 59 56 0.2756
6654 59 53 0.2283
6714 59 50 0.2362
6773 44 36 0.3386
6833 59 55 0.2283
6892 59 51 0.2362
6951 44 48 0.3228
7011 59 56 0.252
7011 59 53 0.2126
7070 59 50 0.2362
7130 44 36 0.3228
7189 59 55 0.2756
7189 59 51 0.2283
7248 59 48 0.2362
7308 44 36 0.2913
7367 59 51 0.1732
7367 59 55 0.2126
7427 59 48 0.1575
7486 44 42 0.252
7546 59 57 0.2126
7546 59 51 0.1811
7605 59 48 0.189
7664 44 42 0.252
7724 59 57 0.2126
7724 59 51 0.1811
7783 59 48 0.189
7843 44 42 0.315
7902 59 51 0.1732
7902 59 57 0.1969
7961 59 48 0.189
8021 44 42 0.252
8080 59 57 0.2126
8080 59 51 0.1811
8140 59 48 0.189
8199 44 43 0.2677
8259 59 50 0.1811
8259 59 55 0.1811
8318 59 46 0.189
8377 44 39 0.252
8437 59 58 0.1969
8437 59 55 0.1654
8496 59 51 0.189
8556 118 38 0.2677
8912 59 31 0.2913
8912 59 43 0.3465
9269 59 31 0.2913
9269 59 43 0.3465
9625 59 34 0.2913
9625 59 46 0.3465
9803 59 36 0.2913
9803 59 48 0.3465
9982 59 38 0.2913
9982 59 50 0.3465
10160 59 43 0.2913
10160 59 55 0.3465
10338 59 31 0.2913
10338 59 43 0.3465
10695 59 43 0.2913
10695 59 55 0.3465
11051 59 36 0.5827
11051 59 48 0.5827
11289 53 67 0.3858
11348 53 63 0.3465
11408 53 62 0.378
11467 53 63 0.315
11527 53 60 0.3307
11586 53 62 0.315
11705 53 50 0.3228
11764 44 43 0.315
11824 59 58 0.2205
11824 59 55 0.189
11883 59 50 0.2205
11942 44 43 0.2835
12002 59 58 0.2362
12002 59 55 0.1969
12061 59 50 0.2362
12121 44 43 0.2835
12180 59 60 0.2205
12180 59 57 0.189
12240 59 50 0.2205
12299 44 43 0.2835
12358 59 60 0.2362
12358 59 57 0.1969
12418 59 50 0.2362
12477 44 43 0.2835
12537 59 58 0.2205
12537 59 55 0.189
12596 59 50 0.2205
12655 44 43 0.2835
12715 59 58 0.2362
12715 59 55 0.1969
12774 59 50 0.2126
12834 44 43 0.2441
12893 59 55 0.189
12953 59 50 0.1811
13012 44 43 0.2205
13071 59 62 0.189
13071 59 60 0.1496
13131 59 50 0.1811
13190 44 43 0.1969
13250 59 58 0.1496
13250 59 55 0.126
13309 59 50 0.1496
13368 44 43 0.1969
13428 59 58 0.1575
13428 59 55 0.1339
13487 59 50 0.1575
13547 44 43 0.1969
13606 59 58 0.1496
13606 59 55 0.126
13666 59 50 0.1496
13725 44 43 0.1969
13784 59 58 0.1575
13784 59 55 0.1339
13844 59 50 0.1496
13903 44 43 0.1969
13963 59 58 0.1575
13963 59 55 0.1339
14022 59 50 0.1496
14081 118 29 0.1654
14081 118 41 0.1969
14141 59 60 0.1575
14141 59 57 0.1339
14200 59 53 0.1496
14260 118 34 0.1654
14260 118 46 0.1969
14319 59 62 0.1575
14319 59 58 0.1339
14379 59 53 0.1496
14438 118 36 0.1654
14438 118 48 0.1969
14497 59 60 0.1575
14497 59 55 0.1339
14557 59 51 0.1496
14616 118 38 0.1969
14676 59 58 0.1575
14676 59 55 0.1339
14735 59 50 0.1496
14795 118 38 0.1969
14854 59 55 0.1339
14854 59 58 0.1575
14913 59 50 0.1496
14973 118 38 0.1969
15032 59 60 0.1575
15032 59 57 0.1339
15092 59 50 0.1496
15151 118 38 0.1969
15210 59 57 0.1575
15210 59 54 0.1339
15270 59 50 0.1496
15329 118 31 0.1969
15389 59 58 0.1575
15389 59 55 0.1339
15448 59 50 0.1496
15686 118 31 0.1969
15745 59 58 0.1575
15745 59 55 0.1339
15805 59 50 0.1496
16042 356 31 0.1654
