0 14 72 0.7559
12 14 63 0.6299
24 14 62 0.6063
36 14 63 0.6063
49 14 60 0.6299
61 14 63 0.5984
73 14 62 0.5984
85 12 63 0.5984
98 14 72 0.7559
110 14 63 0.6299
122 14 62 0.6142
134 14 63 0.6142
146 14 60 0.6299
158 14 63 0.6142
171 14 62 0.6063
183 12 63 0.6063
195 14 68 0.7559
208 14 65 0.6299
220 14 64 0.5984
232 14 65 0.5984
244 14 60 0.6299
256 14 65 0.5984
269 14 64 0.5984
281 12 65 0.5984
293 14 68 0.7559
306 14 65 0.6299
318 14 64 0.6063
330 14 65 0.6063
342 14 60 0.6299
355 14 65 0.5984
367 14 64 0.5984
379 12 65 0.5984
391 14 71 0.7559
404 14 65 0.6299
416 14 63 0.5984
428 14 65 0.5906
440 14 62 0.6299
453 14 65 0.5984
465 14 63 0.5984
477 12 65 0.5984
490 14 71 0.7559
502 14 65 0.6299
514 14 63 0.5984
526 14 65 0.6299
538 14 62 0.6299
551 14 65 0.6063
563 14 63 0.6063
575 12 65 0.6063
588 14 72 0.7559
600 14 67 0.6299
612 14 65 0.5906
624 14 67 0.5906
636 14 63 0.6299
648 14 67 0.5984
661 14 65 0.5984
673 12 67 0.5984
685 14 72 0.7559
697 14 67 0.6299
710 14 65 0.5906
722 14 67 0.5906
734 14 63 0.6299
746 14 67 0.5984
759 14 65 0.5984
771 12 67 0.5984
783 14 75 0.7559
796 14 68 0.6299
808 14 67 0.5984
820 14 68 0.5984
832 14 63 0.6299
844 14 68 0.5906
857 14 67 0.5906
869 12 68 0.5984
881 14 75 0.7559
893 14 68 0.6299
906 14 67 0.5906
918 14 68 0.5906
930 14 63 0.6299
942 14 68 0.5906
955 14 67 0.5984
967 12 68 0.5984
979 14 74 0.7559
991 14 66 0.6299
1004 14 64 0.5984
1016 14 66 0.5984
1028 14 62 0.6299
1040 14 66 0.5984
1053 14 64 0.5984
1065 12 66 0.5984
1077 14 74 0.7559
1090 14 66 0.6299
1102 14 64 0.5906
1114 14 66 0.5906
1126 14 62 0.6299
1138 14 66 0.5984
1150 14 64 0.6063
1163 12 66 0.6063
1175 14 74 0.7559
1187 14 67 0.6299
1200 14 66 0.5906
1212 14 67 0.5906
1224 14 62 0.6299
1236 14 67 0.5906
1248 14 66 0.5906
1261 12 67 0.5906
1273 14 74 0.7559
1286 14 67 0.6299
1298 14 66 0.5984
1310 14 67 0.6063
1322 14 62 0.6299
1334 14 67 0.5906
1347 14 66 0.5906
1359 12 67 0.5827
1371 14 72 0.7559
1383 14 64 0.6299
1395 14 62 0.5984
1407 14 64 0.5984
1420 14 60 0.6299
1432 14 64 0.5984
1444 14 62 0.5984
1457 12 64 0.5906
1469 14 72 0.7559
1481 14 64 0.6299
1494 14 62 0.5984
1506 14 64 0.5984
1518 14 60 0.6299
1530 14 64 0.5906
1542 14 62 0.5906
1555 12 64 0.5906
1567 14 72 0.7559
1579 14 65 0.6299
1591 14 64 0.5984
1604 14 65 0.5984
1616 14 60 0.6299
1628 14 65 0.5827
1641 14 64 0.5827
1653 12 65 0.5827
1665 14 72 0.7559
1677 14 65 0.6299
1689 14 64 0.5906
1702 14 65 0.5906
1714 14 60 0.6299
1726 14 65 0.5906
1738 14 64 0.5906
1751 12 65 0.5906
1763 14 70 0.7559
1775 14 65 0.6299
1787 14 63 0.5984
1799 14 65 0.5984
1812 14 62 0.622
1824 14 65 0.5906
1836 14 63 0.5827
1849 12 65 0.5827
1861 14 70 0.7402
1873 14 65 0.6142
1886 14 63 0.5827
1898 14 65 0.5827
1910 14 62 0.6063
1922 14 65 0.5984
1934 14 63 0.5748
1947 12 65 0.5669
1959 14 70 0.7165
1971 14 67 0.5984
1983 14 65 0.5669
1996 14 67 0.5669
2007 14 63 0.5906
2020 14 67 0.5669
2032 14 65 0.5669
2044 12 67 0.5591
2057 14 70 0.7008
2069 14 67 0.5827
2081 14 65 0.5433
2093 14 67 0.5433
2106 14 63 0.5748
2118 14 67 0.5354
2130 14 65 0.5354
2142 12 67 0.5354
2155 14 68 0.6772
2167 14 67 0.5669
2179 14 65 0.5354
2191 14 67 0.5354
2203 14 63 0.5591
2216 14 67 0.5276
2228 14 65 0.5276
2240 12 67 0.5197
2252 14 68 0.6614
2265 14 67 0.5512
2277 14 65 0.5118
2289 14 67 0.5118
2302 14 63 0.5433
2314 14 67 0.4961
2326 14 65 0.4961
2338 12 67 0.4961
2350 14 68 0.6378
2363 14 62 0.5354
2375 14 60 0.5039
2387 14 62 0.5039
2399 14 58 0.5276
2412 14 62 0.4803
2424 14 60 0.4803
2436 12 62 0.4803
2449 14 68 0.622
2461 14 62 0.4724
2473 14 60 0.4488
2485 14 62 0.4488
2498 14 58 0.4724
2510 14 62 0.4252
2522 14 60 0.4252
2534 12 62 0.4331
2546 14 67 0.5984
2559 14 58 0.4567
2571 14 56 0.4252
2583 14 58 0.4252
2596 14 63 0.5039
2607 14 58 0.4252
2620 14 56 0.4252
2632 12 58 0.4252
2644 14 67 0.5984
2657 14 58 0.4488
2669 14 56 0.4173
2681 14 58 0.4173
2693 14 63 0.4488
2706 14 58 0.4173
2718 14 56 0.4173
2730 12 58 0.4173
2742 14 65 0.5984
2755 14 60 0.4567
2767 14 58 0.4173
2779 14 60 0.4173
2791 14 57 0.4567
2804 14 60 0.4173
2816 14 58 0.4173
2828 12 60 0.4173
2841 14 65 0.5984
2853 14 60 0.4646
2865 14 58 0.4252
2877 14 60 0.4252
2889 14 57 0.4646
2901 14 60 0.4252
2914 14 58 0.4252
2926 12 60 0.4173
2939 14 65 0.5984
2950 14 62 0.4724
2963 14 60 0.4331
2975 14 62 0.4331
2987 14 59 0.4724
3000 14 62 0.4331
3012 14 60 0.4331
3024 12 62 0.4331
3036 14 65 0.5984
3049 14 62 0.4724
3061 14 60 0.4409
3073 14 62 0.4409
3085 14 59 0.4724
3098 14 62 0.4331
3110 14 60 0.4331
3122 12 62 0.4331
3135 14 65 0.5984
3147 14 62 0.4803
3159 14 60 0.4094
3171 14 62 0.4252
3183 14 59 0.4803
3196 14 62 0.4331
3208 14 60 0.4331
3220 12 62 0.4331
3232 14 65 0.5984
3244 14 62 0.4803
3257 14 60 0.4331
3269 14 62 0.4331
3281 14 59 0.4803
3294 14 62 0.4252
3306 14 60 0.4252
3318 12 62 0.4252
3330 14 63 0.5984
3342 14 60 0.4803
3354 14 59 0.4803
3367 14 60 0.4331
3379 14 55 0.4803
3391 14 60 0.4331
3404 14 59 0.4331
3416 12 60 0.4331
3428 14 63 0.5984
3440 14 60 0.4803
3453 14 59 0.4331
3465 14 60 0.4331
3477 14 55 0.4803
3490 14 60 0.4331
3501 14 59 0.4331
3514 12 60 0.4409
3526 14 53 0.5984
3539 14 63 0.5039
3551 14 62 0.4488
3563 14 63 0.4488
3575 14 65 0.5039
3587 14 63 0.4567
3599 14 62 0.4567
3612 12 63 0.4567
3624 14 53 0.5984
3636 14 63 0.5039
3649 14 62 0.4488
3661 14 63 0.4646
3673 14 65 0.5039
3685 14 63 0.4488
3697 14 62 0.4488
3710 12 63 0.4488
3722 14 54 0.5984
3734 14 60 0.5039
3746 14 59 0.4488
3759 14 60 0.4567
3771 14 63 0.5039
3783 14 60 0.4567
3795 14 59 0.4567
3808 12 60 0.4567
3820 14 54 0.5984
3832 14 60 0.5039
3845 14 59 0.4567
3857 14 60 0.4567
3869 14 63 0.5039
3881 14 60 0.4567
3893 14 59 0.4567
3906 12 60 0.4567
3918 14 63 0.5984
3930 14 60 0.5039
3943 14 59 0.4567
3954 14 60 0.4567
3967 14 55 0.4961
3979 14 60 0.4488
3991 14 59 0.4488
4004 12 60 0.4488
4016 14 63 0.5984
4028 14 60 0.4567
4041 14 59 0.4567
4053 14 60 0.4567
4065 14 55 0.4961
4077 14 60 0.4488
4089 14 59 0.4567
4101 12 60 0.4567
4114 14 66 0.5984
4126 14 60 0.5039
4138 14 59 0.4488
4151 14 60 0.4567
4163 14 57 0.4961
4175 14 60 0.4488
4187 14 59 0.4488
4199 12 60 0.4488
4212 14 66 0.5984
4224 14 60 0.5039
4237 14 59 0.4488
4249 14 60 0.4488
4261 14 57 0.5039
4273 14 60 0.4567
4286 14 59 0.4567
4297 12 60 0.4567
4310 14 67 0.622
4322 14 60 0.5118
4334 14 59 0.4488
4346 14 60 0.4567
4358 14 62 0.5197
4371 14 60 0.4567
4383 14 59 0.4567
4395 12 60 0.4567
4408 14 67 0.622
4420 14 60 0.5276
4432 14 59 0.4567
4445 14 60 0.4567
4457 14 62 0.5276
4469 14 60 0.4646
4481 14 59 0.4646
4494 12 60 0.4646
4506 14 68 0.6299
4518 14 60 0.5276
4530 14 59 0.4803
4542 14 60 0.4803
4555 14 62 0.5354
4567 14 60 0.4724
4579 14 59 0.4724
4591 12 60 0.4724
4604 14 68 0.6535
4616 14 60 0.5433
4628 14 59 0.4882
4640 14 60 0.4882
4652 14 62 0.5433
4665 14 60 0.4803
4677 14 59 0.4803
4690 12 60 0.4803
4738 14 53 0.5827
4751 14 56 0.5827
4763 14 53 0.5512
4775 14 52 0.5512
4787 14 53 0.5512
4800 14 59 0.5827
4812 14 53 0.5512
4824 14 62 0.5827
4836 14 59 0.5512
4848 14 56 0.5669
4861 14 53 0.5591
4873 14 52 0.5512
4885 12 53 0.5433
4934 14 55 0.5669
4946 14 60 0.5906
4959 14 55 0.5512
4971 14 54 0.5512
4983 14 55 0.5512
4995 14 63 0.5827
5008 14 60 0.5512
5020 14 67 0.5827
5032 14 63 0.5512
5044 14 60 0.5827
5057 14 56 0.5512
5069 14 55 0.5669
5081 12 56 0.5512
5130 14 60 0.5591
5142 14 63 0.5906
5155 14 60 0.5512
5167 14 59 0.5512
5179 14 60 0.5512
5191 14 66 0.5827
5204 14 60 0.5512
5216 14 69 0.5827
5228 14 66 0.5512
5240 14 63 0.5748
5253 14 60 0.5512
5265 14 59 0.5512
5277 12 60 0.5512
5302 14 74 0.5276
5314 14 72 0.5118
5326 14 74 0.5118
5338 14 75 0.5669
5351 14 72 0.5276
5363 14 71 0.4961
5375 14 72 0.4961
5387 14 69 0.5748
5400 14 72 0.5276
5412 14 71 0.5039
5424 14 72 0.5039
5436 14 74 0.5276
5448 14 71 0.5039
5461 14 69 0.5039
5473 12 71 0.5039
5485 14 67 0.5906
5497 14 71 0.5276
5510 14 69 0.5039
5522 14 71 0.5039
5534 14 72 0.5512
5546 14 69 0.5039
5559 14 67 0.5039
5571 12 69 0.5118
5583 14 66 0.5906
5595 14 69 0.5276
5608 14 67 0.5039
5620 14 69 0.5039
5632 14 71 0.5512
5644 14 67 0.5118
5657 14 66 0.5118
5669 12 67 0.5118
5681 14 62 0.5906
5693 14 79 0.5512
5706 14 77 0.5276
5718 14 79 0.5276
5730 14 80 0.5748
5742 14 77 0.5354
5755 14 75 0.5354
5767 12 77 0.5354
5779 14 74 0.6063
5791 14 77 0.5512
5804 14 75 0.5197
5816 14 77 0.5197
5828 14 79 0.5748
5840 14 75 0.5276
5853 14 74 0.5276
5865 12 75 0.5354
5877 14 72 0.5906
5889 14 75 0.5276
5902 14 74 0.5118
5914 14 75 0.5276
5926 14 77 0.5591
5938 14 74 0.5118
5951 14 72 0.5118
5963 12 74 0.5118
5975 14 71 0.5906
5987 14 74 0.5276
6000 14 72 0.5118
6012 14 74 0.5276
6024 14 75 0.5591
6036 14 72 0.5118
6048 14 71 0.5118
6061 12 72 0.5118
6073 14 67 0.5906
6085 14 72 0.5276
6097 14 71 0.5039
6110 14 72 0.5118
6122 14 68 0.6299
6134 14 77 0.5118
6146 14 75 0.5118
6159 12 77 0.5039
6171 14 67 0.6299
6183 14 75 0.5276
6195 14 74 0.5118
6208 14 75 0.5276
6220 14 65 0.6378
6232 14 74 0.5118
6244 14 72 0.5118
6257 12 74 0.5118
6269 14 63 0.6378
6281 14 72 0.5276
6293 14 71 0.5118
6306 14 72 0.5276
6318 14 68 0.6378
6330 14 65 0.5197
6342 14 63 0.5197
6355 12 65 0.5197
6367 14 67 0.6378
6379 14 63 0.5276
6391 14 62 0.5118
6404 14 63 0.5118
6416 14 65 0.6378
6428 14 62 0.5197
6440 14 60 0.5197
6453 12 62 0.5276
6469 32 60 0.5276
6471 24 64 0.5276
6495 18 60 0.4567
6502 6 62 0.4724
6508 6 64 0.4961
6514 3 65 0.5197
6517 3 67 0.5276
6520 3 68 0.5354
6523 3 70 0.5354
6526 3 72 0.5197
6529 3 70 0.5118
6532 3 68 0.5039
6535 3 67 0.4961
6538 12 65 0.4882
6551 6 67 0.5276
6557 6 64 0.5276
6567 44 60 0.5276
6569 2 65 0.6299
6571 2 64 0.5512
6573 20 65 0.6142
6593 6 67 0.5276
6600 6 65 0.5039
6606 6 64 0.5039
6612 6 65 0.5118
6618 6 67 0.5118
6624 6 68 0.5276
6630 6 67 0.5276
6636 3 65 0.5197
6639 3 63 0.5118
6642 3 62 0.5039
6645 3 63 0.5118
6648 3 65 0.5354
6652 3 62 0.4961
6655 3 63 0.5118
6658 3 65 0.5276
6661 36 59 0.5276
6697 14 50 0.5433
6710 14 53 0.5433
6722 14 56 0.5669
6734 14 55 0.5591
6746 14 53 0.5433
6759 14 59 0.5669
6771 14 53 0.5276
6783 14 62 0.5827
6795 14 53 0.5276
6808 14 59 0.5512
6820 14 56 0.5433
6832 14 55 0.5354
6844 12 53 0.5276
6857 14 52 0.5669
6869 14 61 0.5276
6881 14 58 0.5276
6893 14 55 0.5276
6906 14 60 0.5669
6918 14 56 0.5276
6930 14 53 0.5276
6942 14 56 0.5276
6955 14 55 0.5669
6967 14 58 0.5276
6979 14 55 0.5276
6991 14 52 0.5276
7004 14 56 0.5669
7016 14 53 0.5276
7028 14 50 0.5276
7040 14 53 0.5276
7053 14 52 0.5591
7065 14 55 0.5276
7077 14 52 0.5276
7089 14 48 0.5276
7102 14 53 0.5748
7114 14 50 0.5276
7126 14 47 0.5276
7138 12 50 0.5276
7187 14 50 0.5276
7200 14 52 0.5354
7212 14 55 0.5276
7224 14 58 0.5591
7236 14 55 0.5276
7248 14 56 0.5354
7261 14 60 0.5118
7273 14 65 0.5354
7285 14 62 0.5276
7297 14 65 0.5039
7310 14 68 0.4646
7322 14 72 0.4882
7334 14 71 0.4488
7346 14 72 0.4646
7359 14 67 0.4252
7371 14 65 0.4094
7383 14 62 0.3858
7395 36 64 0.3307
0 14 48 0.6929
12 14 55 0.5748
24 14 53 0.5669
36 14 55 0.5669
49 14 51 0.6299
61 14 55 0.5669
73 14 53 0.5748
85 12 55 0.5748
98 14 48 0.6929
110 14 55 0.5827
122 14 53 0.5827
134 14 55 0.5669
147 14 51 0.6299
158 14 55 0.5748
171 14 53 0.5748
183 12 55 0.5748
195 14 48 0.6929
207 14 56 0.5748
220 14 55 0.5748
232 14 56 0.5748
244 14 53 0.6299
256 14 56 0.5748
269 14 55 0.5748
281 12 56 0.5748
293 14 48 0.6929
305 14 56 0.5827
318 14 55 0.5669
330 14 56 0.5669
343 14 53 0.6299
355 14 56 0.5827
367 14 55 0.5827
379 12 56 0.5827
392 14 48 0.6929
404 14 56 0.5827
416 14 55 0.5827
428 14 56 0.5827
440 14 53 0.6299
452 14 56 0.5827
465 14 55 0.5827
477 12 56 0.5748
490 14 48 0.6929
502 14 56 0.5906
514 14 55 0.5906
526 14 56 0.5906
538 14 53 0.6299
551 14 56 0.5827
563 14 55 0.5827
575 12 56 0.5827
588 14 48 0.6929
599 14 51 0.5906
612 14 50 0.5906
624 14 51 0.5906
636 14 55 0.6299
649 14 51 0.5906
661 14 50 0.5906
673 12 51 0.5906
685 14 48 0.6929
697 14 51 0.5906
710 14 50 0.5906
722 14 51 0.5906
734 14 55 0.6299
747 14 51 0.5906
758 14 50 0.5906
771 12 51 0.5906
783 14 48 0.6929
796 14 60 0.5906
808 14 58 0.5906
820 14 60 0.5906
832 14 56 0.6299
844 14 60 0.5906
857 14 58 0.5906
869 12 60 0.5827
881 14 48 0.6929
893 14 60 0.5984
906 14 58 0.5984
918 14 60 0.5984
930 14 56 0.6299
942 14 60 0.5906
955 14 58 0.5906
967 12 60 0.5906
979 14 48 0.6929
991 14 57 0.5984
1003 14 55 0.5984
1016 14 57 0.5984
1028 14 54 0.6299
1040 14 57 0.5906
1053 14 55 0.5906
1065 12 57 0.5906
1077 14 48 0.6929
1089 14 57 0.5906
1101 14 55 0.5906
1114 14 57 0.5906
1126 14 54 0.6299
1139 14 57 0.5827
1150 14 55 0.5827
1163 12 57 0.5827
1175 14 46 0.6929
1187 14 58 0.5906
1200 14 57 0.5906
1212 14 58 0.5906
1224 14 55 0.6299
1236 14 58 0.5827
1249 14 57 0.5827
1261 12 58 0.5827
1273 14 46 0.6929
1285 14 58 0.5827
1298 14 57 0.5827
1310 14 58 0.5827
1322 14 55 0.6299
1334 14 58 0.5827
1347 14 57 0.5827
1358 12 58 0.5827
1371 14 46 0.6929
1383 14 55 0.5906
1395 14 53 0.5906
1407 14 55 0.5906
1420 14 52 0.6299
1432 14 55 0.5827
1445 14 53 0.5827
1457 12 55 0.5827
1469 14 46 0.6929
1481 14 55 0.5748
1493 14 53 0.5748
1506 14 55 0.5748
1518 14 52 0.6299
1530 14 55 0.5748
1542 14 53 0.5748
1554 12 55 0.5748
1567 14 44 0.6929
1579 14 56 0.5748
1591 14 55 0.5748
1604 14 56 0.5748
1616 14 53 0.6299
1628 14 56 0.5748
1640 14 55 0.5748
1652 12 56 0.5827
1665 14 44 0.6929
1677 14 56 0.5906
1689 14 55 0.5984
1702 14 56 0.5827
1714 14 53 0.6299
1726 14 56 0.5827
1738 14 55 0.5827
1751 12 56 0.5827
1763 14 44 0.6929
1775 14 50 0.5906
1787 14 48 0.5906
1800 14 50 0.5906
1812 14 53 0.622
1824 14 50 0.5827
1836 14 48 0.5827
1848 12 50 0.5827
1861 14 44 0.6772
1873 14 50 0.5748
1886 14 48 0.5669
1898 14 50 0.6063
1910 14 53 0.6063
1922 14 50 0.5669
1935 14 48 0.5669
1946 12 50 0.5669
1959 14 43 0.6535
1971 14 51 0.5669
1983 14 50 0.5669
1996 14 51 0.5669
2008 14 55 0.5906
2020 14 51 0.5512
2032 14 50 0.5512
2044 12 51 0.5512
2057 14 43 0.6378
2069 14 51 0.5433
2081 14 50 0.5433
2094 14 51 0.5433
2106 14 55 0.5748
2118 14 51 0.5276
2130 14 50 0.5197
2142 12 51 0.5197
2155 14 48 0.622
2167 14 51 0.5433
2179 14 50 0.5433
2191 14 51 0.5118
2204 14 56 0.5591
2216 14 51 0.5118
2228 14 50 0.4961
2241 12 51 0.4961
2253 14 48 0.6063
2265 14 51 0.5039
2277 14 50 0.5039
2289 14 51 0.5039
2301 14 56 0.5433
2314 14 51 0.4803
2326 14 50 0.4803
2338 12 51 0.4803
2351 14 50 0.5827
2363 14 53 0.4646
2375 14 51 0.4724
2387 14 53 0.4646
2400 14 56 0.5197
2412 14 53 0.4646
2424 14 51 0.4646
2436 12 53 0.4646
2448 14 50 0.5748
2461 14 53 0.4409
2473 14 51 0.4331
2485 14 53 0.4331
2497 14 56 0.4803
2510 14 53 0.4409
2522 14 51 0.4409
2534 12 53 0.4409
2546 14 51 0.5512
2558 14 55 0.4173
2571 14 53 0.4173
2583 14 55 0.4173
2595 14 56 0.4488
2608 14 55 0.4173
2620 14 53 0.4173
2632 12 55 0.4173
2645 14 51 0.5512
2656 14 55 0.4173
2669 14 53 0.4173
2681 14 55 0.4173
2694 14 56 0.4409
2706 14 55 0.4094
2718 14 53 0.4094
2730 12 55 0.4094
2742 14 51 0.5512
2755 14 57 0.4094
2767 14 55 0.4094
2779 12 57 0.4094
2791 14 53 0.4331
2803 14 57 0.4094
2816 14 55 0.4094
2828 12 57 0.4094
2840 14 51 0.5512
2852 14 57 0.4016
2865 14 55 0.4016
2877 12 57 0.4016
2889 14 53 0.4409
2902 14 57 0.4016
2914 14 55 0.4016
2926 12 57 0.4016
2938 14 50 0.5512
2951 14 53 0.4094
2963 14 51 0.4094
2975 14 53 0.4094
2987 14 56 0.4567
3000 14 53 0.4094
3012 14 51 0.4094
3024 12 53 0.4094
3037 14 50 0.5512
3048 14 53 0.4252
3061 14 51 0.4252
3073 14 53 0.4252
3085 14 56 0.4724
3097 14 53 0.4173
3110 14 51 0.4252
3122 12 53 0.4252
3134 14 48 0.5512
3146 14 53 0.4094
3158 14 52 0.4094
3171 14 53 0.4094
3183 14 56 0.4724
3196 14 53 0.4173
3208 14 52 0.4173
3220 12 53 0.4173
3232 14 48 0.5512
3245 14 53 0.4173
3257 14 52 0.4173
3269 14 53 0.4173
3281 14 56 0.4724
3293 14 53 0.4173
3305 14 52 0.4173
3318 12 53 0.4173
3330 14 48 0.5512
3342 14 51 0.4252
3355 14 50 0.4252
3367 14 51 0.4252
3379 14 53 0.4724
3392 14 51 0.4252
3404 14 50 0.4252
3416 12 51 0.4252
3428 14 46 0.5512
3440 14 51 0.4252
3452 14 50 0.4252
3465 14 51 0.4252
3477 14 53 0.4803
3490 14 51 0.4173
3501 14 50 0.4173
3514 12 51 0.4173
3526 14 44 0.5512
3539 14 48 0.4252
3550 14 47 0.4173
3563 14 48 0.4173
3575 14 50 0.5039
3587 14 48 0.4252
3600 14 47 0.4252
3612 12 48 0.4252
3624 14 44 0.5512
3636 14 48 0.4331
3649 14 47 0.4331
3661 14 48 0.4331
3673 14 50 0.5039
3685 14 48 0.4409
3697 14 47 0.4409
3710 12 48 0.4409
3722 14 45 0.5512
3734 14 51 0.4409
3747 14 50 0.4409
3759 14 51 0.4409
3771 14 48 0.5039
3783 14 51 0.4409
3795 14 50 0.4409
3807 12 51 0.4409
3820 14 45 0.5512
3832 14 51 0.4488
3844 14 50 0.4567
3857 14 51 0.4567
3869 14 48 0.5039
3881 14 51 0.4409
3894 14 50 0.4409
3906 12 51 0.4409
3918 14 43 0.5512
3930 14 51 0.4409
3942 14 50 0.4409
3955 14 51 0.4409
3967 14 53 0.5039
3979 14 51 0.4409
3991 14 50 0.4409
4003 12 51 0.4409
4016 14 43 0.5512
4028 14 51 0.4488
4040 14 50 0.4488
4053 14 51 0.4488
4065 14 53 0.5039
4077 14 51 0.4488
4089 14 50 0.4488
4101 12 51 0.4488
4114 14 43 0.5512
4126 14 51 0.4409
4138 14 50 0.4409
4150 14 51 0.4409
4163 14 48 0.5039
4175 14 51 0.4409
4187 14 50 0.4409
4199 12 51 0.4409
4212 14 43 0.5591
4224 14 51 0.4409
4236 14 50 0.4409
4248 14 51 0.4409
4261 14 48 0.5118
4273 14 51 0.4409
4285 14 50 0.4488
4298 12 51 0.4488
4310 14 43 0.5748
4322 14 51 0.4567
4335 14 50 0.4567
4347 14 51 0.4567
4359 14 53 0.5197
4371 14 51 0.4567
4383 14 50 0.4567
4395 12 51 0.4567
4408 14 43 0.5748
4420 14 51 0.4567
4432 14 50 0.4567
4444 14 51 0.4567
4457 14 53 0.5276
4469 14 51 0.4567
4481 14 50 0.4567
4494 12 51 0.4567
4506 14 43 0.5906
4518 14 51 0.4646
4530 14 50 0.4646
4542 14 51 0.4646
4555 14 53 0.5354
4567 14 51 0.4567
4579 14 50 0.4567
4592 12 51 0.4646
4604 14 43 0.5906
4616 14 51 0.4724
4628 14 50 0.4724
4640 14 51 0.4724
4652 14 53 0.5433
4665 14 51 0.4803
4677 14 50 0.4803
4689 12 51 0.4803
4702 14 43 0.5118
4714 14 47 0.5354
4726 14 50 0.5591
4897 14 43 0.5039
4910 14 48 0.5197
4922 14 51 0.5354
5093 14 43 0.5276
5106 14 45 0.5512
5118 14 54 0.5512
5289 208 43 0.5276
5497 14 62 0.4724
5510 14 60 0.4724
5522 14 62 0.4803
5534 14 63 0.5512
5546 14 60 0.5276
5559 14 59 0.4724
5571 12 60 0.4724
5583 14 57 0.5906
5595 14 60 0.4803
5608 14 59 0.4803
5620 14 60 0.4803
5632 14 62 0.5512
5644 14 59 0.4803
5657 14 57 0.4803
5669 12 59 0.4803
5681 14 55 0.5827
5693 14 59 0.4803
5706 14 57 0.4803
5718 14 59 0.4803
5730 14 60 0.5591
5742 14 56 0.4803
5755 14 55 0.4803
5767 12 56 0.4803
5779 14 53 0.5827
5791 14 57 0.4961
5804 14 55 0.4961
5816 14 57 0.4961
5828 14 59 0.5591
5840 14 55 0.4882
5853 14 53 0.4882
5865 12 55 0.4882
5877 14 51 0.5984
5889 14 67 0.4961
5902 14 65 0.4961
5914 14 67 0.4961
5926 14 68 0.5591
5938 14 65 0.4961
5951 14 63 0.4961
5963 12 65 0.4961
5975 14 62 0.5984
5987 14 65 0.5039
6000 14 63 0.5118
6012 14 65 0.4961
6024 14 67 0.5591
6036 14 63 0.4961
6048 14 62 0.4882
6061 12 63 0.4882
6073 14 60 0.5827
6085 14 63 0.4961
6097 14 62 0.4961
6110 14 63 0.4961
6122 14 65 0.6063
6134 14 62 0.4724
6146 14 60 0.4724
6159 12 62 0.4803
6171 14 63 0.6063
6183 14 60 0.4882
6195 14 59 0.4961
6208 14 60 0.4961
6220 14 62 0.6063
6232 14 59 0.4961
6244 14 57 0.4961
6257 12 59 0.4882
6269 14 60 0.6063
6281 14 63 0.4724
6293 14 62 0.4724
6306 14 63 0.4803
6318 14 53 0.6063
6330 14 62 0.4882
6342 14 60 0.4882
6355 12 62 0.4882
6367 14 51 0.6063
6379 14 60 0.4882
6391 14 59 0.4882
6404 14 60 0.4882
6416 14 50 0.6063
6428 14 59 0.4803
6440 14 57 0.4803
6453 12 59 0.4803
6465 48 48 0.5276
6466 47 55 0.5276
6468 45 58 0.5276
6563 48 48 0.5276
6564 47 53 0.5276
6566 45 56 0.5276
6673 14 36 0.4724
6685 171 47 0.5118
7151 281 36 0.5669
7163 14 43 0.5276
7175 257 48 0.5276
7861 12 79 0.6378
7873 12 78 0.6378
7885 12 79 0.6772
7910 24 72 0.5591
7934 12 75 0.5669
7959 12 79 0.6378
7971 12 78 0.6378
7983 12 79 0.6772
8008 24 81 0.5984
8032 12 74 0.5748
8057 12 79 0.6378
8069 12 78 0.6378
8081 12 79 0.6772
8106 24 81 0.6063
8130 12 72 0.5906
8142 12 74 0.5906
8155 48 75 0.6378
8204 12 74 0.5748
8216 12 72 0.5748
8228 12 70 0.6142
8253 12 75 0.6378
8265 12 74 0.6378
8277 12 75 0.6772
8302 24 67 0.5591
8326 12 68 0.5669
8351 12 77 0.6378
8363 12 75 0.6378
8375 12 77 0.6772
8400 24 69 0.5984
8424 12 70 0.6142
8448 12 79 0.6378
8461 12 77 0.6378
8473 12 79 0.6772
8497 24 71 0.5591
8522 12 72 0.5669
8546 12 74 0.6378
8559 12 75 0.6378
8571 73 77 0.6772
8644 12 75 0.5591
8657 12 74 0.5591
8669 12 72 0.5512
8681 12 70 0.5433
8693 12 68 0.5433
8706 12 67 0.5354
8718 12 65 0.5354
8742 24 80 0.5827
8767 24 79 0.5748
8791 24 77 0.5748
8816 12 75 0.5669
8840 24 74 0.5827
8865 24 75 0.5827
8889 24 77 0.5827
8914 12 71 0.6378
8938 24 72 0.6063
8963 24 74 0.6063
8987 24 71 0.6063
9012 24 72 0.6378
9036 12 79 0.6378
9048 12 78 0.6378
9061 12 79 0.6772
9085 24 74 0.5591
9110 48 75 0.5669
9183 24 76 0.5669
9208 12 77 0.6378
9232 12 77 0.6378
9244 12 76 0.6378
9257 12 77 0.6772
9281 24 72 0.5591
9306 48 74 0.5669
9379 24 74 0.5669
9404 12 75 0.6378
9428 12 75 0.6378
9440 12 74 0.6378
9453 12 75 0.6772
9477 24 70 0.5591
9502 12 72 0.5984
9526 12 75 0.6378
9538 12 74 0.6378
9551 12 75 0.6772
9575 24 77 0.6378
9600 12 70 0.6378
9624 12 75 0.6378
9636 12 74 0.6378
9648 24 75 0.6772
9673 18 77 0.6378
9697 12 68 0.5906
9710 12 70 0.5906
9722 48 72 0.6378
9771 12 70 0.5984
9783 12 68 0.5984
9795 6 67 0.5669
9808 12 63 0.5433
9820 12 65 0.5512
9832 12 67 0.5591
9844 12 68 0.5669
9857 12 70 0.5827
9869 12 72 0.5906
9881 12 74 0.5984
9893 12 75 0.6063
9906 12 74 0.5984
9918 12 72 0.5906
9930 12 74 0.5906
9942 12 75 0.6063
9955 12 77 0.6299
9967 12 79 0.6457
9979 12 81 0.6693
9991 6 82 0.6929
10004 12 65 0.5276
10016 12 67 0.5354
10028 12 68 0.5433
10040 12 70 0.5591
10053 12 72 0.5669
10065 12 74 0.5748
10077 12 76 0.5827
10089 12 77 0.5984
10102 12 75 0.5906
10114 12 74 0.5748
10126 12 75 0.5984
10138 12 77 0.5906
10151 12 79 0.6142
10163 12 81 0.6378
10175 12 83 0.6614
10187 12 84 0.685
10212 12 83 0.6457
10224 12 81 0.6299
10236 12 79 0.622
10248 12 77 0.6142
10261 12 75 0.6063
10273 12 74 0.5984
10285 12 72 0.5906
10310 24 75 0.5748
10334 24 74 0.5591
10359 24 72 0.5512
10383 12 70 0.5354
10408 24 69 0.5276
10432 24 70 0.5354
10457 18 72 0.5669
10481 24 66 0.5276
10506 24 67 0.5276
10530 24 69 0.5512
10555 24 66 0.5118
10579 12 67 0.5591
10604 12 74 0.5669
10616 12 72 0.5669
10628 24 74 0.5984
10702 12 76 0.6063
10714 12 74 0.6063
10726 24 76 0.6378
10800 12 78 0.6614
10812 12 76 0.6614
10824 24 78 0.7008
10897 12 67 0.5669
10910 12 65 0.5669
10922 12 67 0.6063
10995 12 69 0.5591
11008 12 67 0.5591
11020 12 69 0.5984
11093 12 71 0.5591
11106 12 69 0.5591
11118 12 71 0.5984
11191 12 72 0.6378
11204 12 71 0.6378
11216 12 72 0.6772
11240 24 67 0.5591
11265 12 68 0.5669
11289 12 72 0.6378
11302 12 71 0.6378
11314 12 72 0.6772
11338 24 74 0.5984
11363 12 67 0.5748
11387 12 72 0.6378
11400 12 71 0.6378
11412 12 72 0.6772
11436 12 74 0.6063
11461 12 65 0.5906
11473 12 67 0.5906
11485 48 68 0.6378
11534 12 67 0.5748
11546 12 65 0.5748
11559 12 63 0.5748
11583 12 72 0.6378
11595 12 71 0.6378
11608 12 72 0.6772
11632 24 67 0.5591
11657 48 68 0.5669
11730 24 69 0.5669
11755 12 70 0.5748
11779 12 70 0.6378
11791 12 69 0.6378
11804 12 70 0.6772
11828 24 65 0.5591
11853 48 67 0.5669
11926 48 67 0.5669
11975 12 68 0.5591
11987 12 70 0.5669
12000 12 72 0.5827
12012 12 71 0.5669
12024 12 72 0.5984
12036 12 68 0.5669
12048 122 65 0.5984
12171 12 74 0.6299
12183 12 72 0.6299
12195 12 74 0.6772
12220 24 65 0.5748
12244 12 63 0.5748
12269 12 75 0.6299
12281 12 74 0.6299
12293 12 75 0.6614
12318 24 67 0.5748
12342 12 65 0.5748
12367 12 77 0.6457
12379 12 75 0.6457
12391 12 77 0.6929
12416 24 68 0.6063
12440 6 67 0.6063
12453 12 77 0.6378
12465 12 75 0.6299
12477 12 74 0.622
12489 12 72 0.6142
12502 12 71 0.6063
12514 12 69 0.5984
12526 12 67 0.5906
12538 12 72 0.5748
12563 24 77 0.6142
12587 24 75 0.5984
12612 24 74 0.5748
12661 24 68 0.5984
12685 24 67 0.5827
12710 24 65 0.5591
12734 12 67 0.5748
12759 12 65 0.5984
12771 12 63 0.5984
12783 12 65 0.6378
12808 24 62 0.5748
12832 24 68 0.7008
12857 24 67 0.5984
12906 24 69 0.6142
12930 24 71 0.6457
12955 24 72 0.6299
12979 12 65 0.5984
12991 12 63 0.5906
13004 12 62 0.5906
13016 12 60 0.5827
13053 12 72 0.6378
13065 12 71 0.6378
13077 12 72 0.685
13102 24 67 0.6063
13126 12 68 0.6063
13151 12 72 0.6299
13163 12 71 0.6299
13175 24 72 0.6772
13200 24 74 0.5827
13224 12 67 0.5984
13248 12 72 0.622
13261 12 71 0.622
13273 24 72 0.6772
13297 22 74 0.6142
13322 12 65 0.4409
13334 12 67 0.4409
13346 48 68 0.4724
13395 12 67 0.3701
13408 12 65 0.3543
13420 97 64 0.3386
7469 12 72 0.6378
7481 12 71 0.6378
7493 12 72 0.6772
7518 24 67 0.5591
7542 12 68 0.5669
7567 12 72 0.6378
7579 12 71 0.6378
7591 12 72 0.6772
7616 24 74 0.5984
7640 12 67 0.5748
7665 12 72 0.6378
7677 12 71 0.6378
7689 12 72 0.6772
7714 12 74 0.6063
7738 12 65 0.5906
7751 12 67 0.5906
7763 48 68 0.6378
7812 12 67 0.5748
7824 12 65 0.5591
7836 6 63 0.5906
7848 12 72 0.5591
7861 12 71 0.4882
7873 12 68 0.4882
7885 12 67 0.4882
7897 12 65 0.4882
7910 12 63 0.4882
7922 12 62 0.4882
7934 12 60 0.5276
7959 24 75 0.5118
7983 24 74 0.5118
8008 24 72 0.5118
8032 12 70 0.5354
8057 24 69 0.4961
8081 24 70 0.5276
8106 24 72 0.4882
8130 24 66 0.5276
8155 24 67 0.4882
8179 24 69 0.5197
8204 24 66 0.4961
8228 48 67 0.5433
8289 12 60 0.5512
8302 12 62 0.5669
8314 12 63 0.5827
8326 12 65 0.5906
8338 12 67 0.5906
8351 36 68 0.622
8387 12 62 0.5591
8400 12 63 0.5748
8412 12 65 0.5827
8424 12 67 0.5984
8436 12 69 0.6063
8448 36 70 0.622
8485 12 63 0.5433
8497 12 65 0.5591
8510 12 67 0.5748
8522 12 68 0.5827
8534 12 67 0.5748
8546 12 65 0.5669
8559 12 63 0.5591
8571 12 62 0.5512
8595 12 72 0.6142
8608 12 71 0.6142
8620 12 72 0.6535
8742 24 77 0.5827
8767 24 75 0.5748
8791 24 74 0.5669
8840 24 68 0.5748
8865 24 67 0.5748
8889 24 65 0.5748
8914 12 67 0.5906
8938 12 65 0.6142
8951 12 63 0.6142
8963 12 65 0.6614
8987 24 62 0.5984
9012 48 67 0.6457
9085 24 71 0.5669
9110 12 72 0.5669
9134 12 72 0.6457
9146 12 71 0.6457
9159 12 72 0.685
9183 24 67 0.5748
9208 48 68 0.5748
9281 24 69 0.5591
9306 12 70 0.5591
9330 12 70 0.6457
9342 12 69 0.6457
9355 12 70 0.6772
9379 24 65 0.5906
9404 48 67 0.5906
9477 24 67 0.5827
9502 12 68 0.5827
9526 24 68 0.5906
9551 24 67 0.5827
9575 24 65 0.5669
9624 24 56 0.5197
9648 24 58 0.5433
9673 18 60 0.5591
9722 12 56 0.5748
9734 12 55 0.5748
9746 12 56 0.6142
9771 24 53 0.5669
9795 12 58 0.5591
9820 24 60 0.5118
9844 24 58 0.4961
9869 24 56 0.4803
9893 12 58 0.4488
9918 24 55 0.5354
9942 24 53 0.5197
9967 24 51 0.5118
9991 12 53 0.4961
10016 24 61 0.5591
10040 24 60 0.5433
10065 24 58 0.5276
10089 12 60 0.5118
10114 24 56 0.5354
10138 24 55 0.5276
10163 24 53 0.5118
10187 12 55 0.5039
10212 12 67 0.6299
10224 12 66 0.6299
10236 12 67 0.6929
10261 24 60 0.5827
10285 12 63 0.5827
10310 12 67 0.6299
10322 12 66 0.6299
10334 24 67 0.685
10359 24 69 0.6063
10383 12 62 0.5984
10408 12 67 0.6299
10420 12 66 0.6299
10432 24 67 0.6772
10457 18 69 0.622
10481 12 60 0.5748
10493 12 62 0.5748
10506 48 63 0.6299
10555 12 62 0.6063
10567 12 60 0.6063
10579 12 58 0.5906
10640 12 62 0.5276
10653 12 64 0.5433
10665 12 66 0.5591
10677 12 67 0.5748
10689 12 69 0.5906
10702 36 70 0.6063
10738 12 64 0.5748
10751 12 65 0.5906
10763 12 67 0.6063
10775 12 69 0.622
10787 12 70 0.622
10800 36 72 0.6535
10836 12 66 0.5906
10848 12 67 0.6142
10861 12 69 0.6299
10873 24 70 0.6535
10897 12 63 0.5591
10910 12 62 0.5591
10922 12 63 0.5827
10946 12 55 0.5039
10971 12 56 0.5039
10995 12 65 0.5669
11008 12 63 0.5669
11020 12 65 0.5984
11044 12 57 0.5039
11069 12 58 0.5039
11093 12 67 0.5669
11106 12 65 0.5669
11118 12 67 0.5906
11142 12 59 0.5039
11167 6 60 0.5433
11179 12 65 0.5354
11191 12 63 0.5276
11204 12 62 0.5197
11216 12 60 0.5197
11228 12 58 0.5118
11240 12 56 0.5039
11253 12 55 0.4961
11265 12 53 0.4882
11289 24 68 0.5039
11314 24 67 0.5354
11338 24 65 0.5354
11363 12 63 0.5197
11387 24 62 0.5039
11412 24 63 0.5039
11436 24 65 0.5039
11461 12 59 0.5433
11485 24 60 0.5039
11510 24 62 0.5276
11534 24 59 0.4646
11559 48 60 0.5197
11632 24 64 0.5039
11657 12 65 0.5039
11681 12 65 0.6457
11693 12 64 0.6457
11706 12 65 0.6614
11730 24 60 0.5669
11755 48 62 0.5669
11828 24 62 0.5433
11853 12 63 0.5433
11877 12 63 0.622
11889 12 62 0.622
11902 12 63 0.6614
11926 24 58 0.5748
11951 122 60 0.5748
12073 12 62 0.5669
12085 12 63 0.5748
12097 12 65 0.5906
12110 12 63 0.5748
12122 12 65 0.5906
12134 12 62 0.5748
12146 12 59 0.5906
12220 24 59 0.4961
12244 12 60 0.4961
12318 24 63 0.5118
12342 12 62 0.5118
12416 48 65 0.5512
12514 24 65 0.5276
12538 12 63 0.5118
12563 24 68 0.5197
12587 24 67 0.5118
12612 24 65 0.5039
12636 12 63 0.5591
12661 24 62 0.5433
12685 24 63 0.5276
12734 12 59 0.5433
12759 24 60 0.5118
12783 12 62 0.5433
12808 24 59 0.5118
12832 24 59 0.6929
12857 24 60 0.4882
12906 24 60 0.5354
12930 12 65 0.5906
12942 12 62 0.5669
12955 12 63 0.6063
12967 36 60 0.5591
13004 24 59 0.5827
13028 24 60 0.6378
13102 24 64 0.5118
13126 12 65 0.5197
13200 24 71 0.3543
13200 24 68 0.3543
13200 24 65 0.3543
13224 12 65 0.4724
13248 12 63 0.5039
13261 12 62 0.5039
13273 24 63 0.5433
13297 22 68 0.4488
13297 22 65 0.4488
13322 24 59 0.4173
13322 24 62 0.4173
13371 24 59 0.3622
13371 24 62 0.3622
13420 97 55 0.2835
13420 97 60 0.2835
8644 12 60 0.6378
8657 12 59 0.6378
8669 12 60 0.6772
8693 24 55 0.5591
8718 12 56 0.5669
8742 12 60 0.6378
8755 12 59 0.6378
8767 12 60 0.6772
8791 24 62 0.5984
8816 12 55 0.5748
8840 12 60 0.6378
8853 12 59 0.6378
8865 12 60 0.6772
8889 12 62 0.6063
8914 12 53 0.5669
8926 12 55 0.5669
8938 48 56 0.5827
8987 12 55 0.5748
9000 12 53 0.5748
9012 6 51 0.5669
9024 12 60 0.5906
9036 12 59 0.5827
9048 12 57 0.5748
9061 12 55 0.5669
9073 12 53 0.5512
9085 12 51 0.5433
9097 12 50 0.5354
9110 12 48 0.5276
9122 12 50 0.5512
9134 12 51 0.5591
9146 12 50 0.5512
9159 12 48 0.5276
9171 12 46 0.5591
9183 12 44 0.5512
9195 12 43 0.5354
9208 6 41 0.5276
9220 12 58 0.5827
9232 12 56 0.5827
9244 12 55 0.5748
9257 12 53 0.5669
9269 12 51 0.5669
9281 12 50 0.5591
9293 12 48 0.5512
9306 12 46 0.5512
9318 12 48 0.5591
9330 12 50 0.5591
9342 12 48 0.5748
9355 12 46 0.5591
9367 12 44 0.5512
9379 12 43 0.5354
9391 12 41 0.5197
9404 6 39 0.5118
9416 12 56 0.5906
9428 12 55 0.5827
9440 12 53 0.5748
9453 12 51 0.5669
9465 12 49 0.5591
9477 12 48 0.5512
9489 12 46 0.5433
9502 12 44 0.5354
9526 24 60 0.5906
9551 24 58 0.5827
9575 24 56 0.5669
9600 12 55 0.5669
9624 24 53 0.5197
9648 24 55 0.5433
9673 18 56 0.5591
9697 24 50 0.5118
9722 24 51 0.5433
9746 24 53 0.5669
9771 24 50 0.5354
9795 12 51 0.5276
9820 24 56 0.4409
9844 24 55 0.4331
9869 24 53 0.4173
9893 12 55 0.4331
9918 24 53 0.4409
9942 24 50 0.4331
9967 24 48 0.4094
9991 12 50 0.3937
10016 24 58 0.4252
10040 24 56 0.4094
10065 24 55 0.4016
10089 12 56 0.4252
10114 24 53 0.4331
10138 24 51 0.4094
10163 24 50 0.378
10187 12 51 0.4961
10310 24 48 0.4646
10334 24 46 0.4567
10359 24 45 0.4409
10408 24 51 0.4488
10432 24 50 0.4409
10457 18 48 0.4331
10481 24 50 0.4646
10506 12 48 0.4567
10518 12 46 0.4567
10530 24 48 0.4567
10555 24 50 0.4409
10579 12 43 0.4961
10604 12 58 0.5512
10616 12 57 0.5512
10628 12 58 0.5748
10653 12 50 0.4567
10677 12 51 0.4961
10702 12 60 0.5433
10714 12 59 0.5433
10726 12 60 0.5748
10751 12 52 0.4567
10775 12 53 0.4961
10800 12 62 0.5906
10812 12 60 0.5906
10824 12 62 0.6299
10848 12 54 0.4961
10873 12 55 0.5118
10934 12 43 0.4252
10946 12 45 0.4488
10959 12 47 0.4646
10971 12 48 0.4882
10983 12 50 0.5039
10995 36 51 0.5197
11032 12 45 0.4567
11044 12 46 0.4724
11057 12 48 0.4961
11069 12 50 0.5118
11081 12 51 0.5276
11093 36 53 0.5512
11130 12 47 0.4646
11142 12 48 0.4882
11155 12 50 0.5039
11167 12 51 0.5276
11240 24 52 0.4803
11265 12 56 0.5197
11289 24 41 0.4724
11314 24 39 0.4646
11338 24 38 0.4567
11387 24 44 0.4803
11412 24 43 0.4646
11436 24 41 0.4488
11461 12 43 0.4409
11485 12 41 0.4882
11497 12 39 0.4882
11510 12 41 0.5276
11534 12 43 0.4331
11559 12 48 0.4567
11571 12 50 0.4567
11583 12 51 0.4646
11595 12 50 0.4567
11608 12 48 0.4488
11620 12 46 0.4488
11632 12 44 0.4409
11644 12 43 0.4331
11657 6 41 0.4252
11669 12 58 0.4646
11681 12 56 0.4646
11693 12 55 0.4567
11706 12 53 0.4488
11718 12 51 0.4488
11730 12 50 0.4409
11742 12 48 0.4331
11755 12 46 0.4331
11767 12 48 0.4488
11779 12 50 0.4724
11791 12 48 0.4646
11804 12 46 0.4567
11816 12 44 0.4488
11828 12 43 0.4488
11840 12 41 0.4409
11853 6 39 0.4331
11865 12 56 0.4803
11877 12 55 0.4724
11889 12 53 0.4724
11902 12 51 0.4646
11914 12 50 0.4567
11926 12 48 0.4488
11938 12 46 0.4488
11951 12 44 0.4409
11963 12 46 0.4488
11975 12 48 0.4724
11987 12 46 0.4567
12000 12 44 0.4567
12012 12 43 0.4488
12024 12 41 0.4488
12036 12 39 0.4409
12048 6 38 0.4409
12061 12 55 0.4409
12073 12 53 0.4724
12085 12 51 0.4646
12097 12 50 0.4646
12110 12 48 0.4567
12122 12 47 0.4488
12134 12 45 0.4409
12146 48 43 0.4331
12257 12 43 0.3858
12269 12 45 0.4016
12281 12 47 0.4094
12293 12 48 0.4252
12306 12 50 0.4331
12318 12 51 0.4488
12330 12 53 0.4567
12342 12 55 0.4724
12355 12 53 0.4488
12367 12 56 0.4882
12379 12 55 0.4803
12391 12 53 0.4724
12404 12 51 0.4646
12416 12 50 0.4567
12428 12 48 0.4488
12440 12 47 0.4409
12465 12 48 0.6063
12477 12 47 0.6063
12489 12 48 0.6299
12514 24 43 0.5591
12538 12 44 0.5591
12563 12 48 0.6142
12575 12 47 0.6142
12587 12 48 0.6378
12612 24 50 0.5906
12636 12 43 0.5591
12661 12 48 0.6063
12673 12 47 0.6063
12685 12 48 0.6299
12710 12 50 0.5591
12734 12 41 0.5827
12746 12 43 0.5827
12759 48 44 0.6142
12808 12 43 0.5748
12820 12 41 0.5748
12832 48 39 0.5433
12906 24 51 0.4488
12930 24 50 0.4803
12955 24 48 0.4488
12979 24 55 0.5433
13004 24 43 0.5039
13028 489 48 0.6457
13028 489 36 0.6457
