0 195 57 0.3307
0 195 33 0.1811
0 195 45 0.2205
195 195 61 0.315
195 195 37 0.1654
195 195 49 0.2362
391 195 66 0.315
391 195 61 0.315
391 130 73 0.378
391 130 69 0.315
391 195 42 0.2283
391 195 49 0.2283
391 195 54 0.2756
521 65 69 0.3307
586 65 61 0.3071
586 65 69 0.3701
586 65 42 0.2283
586 65 49 0.2283
586 65 54 0.2756
652 65 61 0.2677
652 65 66 0.3228
652 65 45 0.2047
652 65 49 0.2047
652 65 57 0.2441
717 65 59 0.2677
717 65 65 0.2677
717 65 68 0.3228
717 65 61 0.2677
717 65 44 0.2047
717 65 49 0.2047
717 65 56 0.2441
782 195 57 0.3307
782 195 66 0.3307
782 195 69 0.3937
782 195 61 0.3307
782 195 42 0.2205
782 195 49 0.2205
782 195 54 0.2677
978 130 59 0.3701
978 130 71 0.4409
978 130 66 0.3701
978 130 38 0.2598
978 130 50 0.3071
1108 64 66 0.3622
1108 64 62 0.3622
1108 64 74 0.4331
1108 64 35 0.2677
1108 64 47 0.315
1173 130 62 0.4094
1173 130 74 0.4882
1173 130 66 0.4094
1173 130 35 0.2913
1173 130 47 0.3622
1304 64 66 0.378
1304 64 73 0.4488
1304 64 61 0.378
1304 64 33 0.2756
1304 64 45 0.3307
1369 65 66 0.4173
1369 65 73 0.5039
1369 65 61 0.4173
1369 65 33 0.3071
1369 65 45 0.378
1434 65 65 0.3858
1434 65 71 0.3858
1434 65 73 0.3858
1434 65 77 0.4724
1434 65 32 0.2992
1434 65 44 0.3543
1500 65 73 0.4488
1500 65 69 0.4094
1500 65 66 0.4094
1500 65 78 0.5354
1500 65 30 0.315
1500 65 42 0.378
1565 195 80 0.5669
1565 195 73 0.4803
1565 195 68 0.4803
1565 195 29 0.3071
1565 195 41 0.378
1760 195 74 0.4016
1760 195 71 0.3386
1760 195 68 0.3386
1760 195 59 0.2362
1760 195 56 0.2362
1760 195 53 0.2362
1760 195 62 0.2835
1956 195 68 0.3307
1956 195 71 0.3307
1956 195 74 0.3937
1956 195 29 0.2205
1956 195 41 0.2677
2086 65 62 0.3307
2152 130 61 0.2835
2152 130 69 0.2835
2152 130 73 0.3386
2152 130 30 0.1969
2152 130 42 0.2362
2282 64 59 0.2756
2282 64 62 0.2756
2282 64 65 0.2756
2282 64 71 0.3307
2282 64 32 0.2047
2282 64 44 0.2441
2347 193 59 0.315
2347 193 62 0.315
2347 193 65 0.315
2347 193 71 0.378
2347 193 32 0.2283
2347 193 44 0.2756
2543 65 59 0.3071
2543 65 65 0.3071
2543 65 62 0.3071
2543 65 71 0.3701
2543 65 32 0.2283
2543 65 44 0.2756
2608 65 66 0.2677
2608 65 57 0.2677
2608 65 61 0.2677
2608 65 69 0.3228
2608 65 33 0.2047
2608 65 45 0.2441
2673 65 56 0.2677
2673 65 62 0.2677
2673 65 66 0.2677
2673 65 68 0.3228
2673 65 35 0.2047
2673 65 47 0.2441
2739 129 66 0.315
2739 129 56 0.315
2739 129 63 0.315
2739 129 68 0.378
2739 129 36 0.2283
2739 129 48 0.2756
2869 64 63 0.2835
2869 64 56 0.2835
2869 64 66 0.2835
2869 64 68 0.3386
2869 64 36 0.2126
2869 64 48 0.252
2934 65 63 0.3543
2934 65 66 0.3543
2934 65 56 0.3543
2934 65 68 0.4173
2934 64 36 0.2598
2934 64 48 0.315
3000 65 66 0.315
3000 65 63 0.315
3000 65 57 0.315
3000 65 69 0.3858
3000 64 36 0.2441
3000 64 48 0.2913
3065 65 54 0.3307
3065 65 57 0.3307
3065 65 63 0.3307
3065 65 66 0.4094
3065 65 36 0.252
3065 65 48 0.3071
3130 195 54 0.3465
3130 195 57 0.3465
3130 65 63 0.3465
3130 195 66 0.4173
3130 195 37 0.252
3130 195 49 0.3071
3195 65 60 0.3543
3260 65 61 0.3622
3326 65 56 0.2835
3326 65 65 0.4331
3326 65 53 0.2835
3326 65 61 0.3622
3326 65 37 0.2126
3326 65 49 0.252
3391 65 68 0.4488
3391 65 49 0.2441
3391 65 53 0.2441
3391 65 56 0.2913
3456 65 71 0.4646
3456 65 49 0.2441
3456 65 56 0.2441
3456 65 59 0.2913
3521 130 62 0.3937
3521 65 65 0.3937
3521 130 71 0.4724
3521 130 49 0.2835
3521 130 59 0.3386
3586 65 68 0.3937
3652 64 61 0.3543
3652 64 69 0.3937
3652 64 66 0.3543
3652 64 49 0.2205
3652 64 57 0.2677
3717 65 69 0.4567
3717 65 61 0.378
3717 65 66 0.378
3717 65 49 0.2835
3717 65 57 0.3386
3782 65 65 0.3307
3782 65 68 0.4016
3782 65 59 0.3307
3782 65 62 0.3307
3782 65 49 0.252
3782 65 56 0.2992
3847 65 66 0.4016
3847 65 63 0.3307
3847 32 57 0.3307
3847 65 49 0.252
3847 65 54 0.2992
3880 32 60 0.3307
3913 130 63 0.3937
3913 130 66 0.4724
3913 130 57 0.3937
3913 130 60 0.3937
3913 130 49 0.2835
3913 130 54 0.3386
4043 65 65 0.3937
4043 65 61 0.3543
4043 65 56 0.3543
4043 65 49 0.2205
4043 65 53 0.2677
4108 65 65 0.5197
4108 130 49 0.2835
4108 65 53 0.3858
4173 65 68 0.4724
4173 65 56 0.3543
4239 130 65 0.3307
4239 32 71 0.4961
4239 130 68 0.3307
4239 65 56 0.252
4239 65 49 0.252
4239 32 59 0.2992
4271 32 74 0.4961
4271 32 62 0.2992
4304 130 71 0.3937
4304 130 74 0.5669
4304 130 59 0.2835
4304 130 49 0.2835
4304 130 62 0.3386
4369 65 65 0.2835
4369 65 68 0.2835
4434 64 66 0.378
4434 64 73 0.4252
4434 64 69 0.378
4434 64 57 0.2441
4434 64 49 0.2441
4434 64 61 0.2913
4500 65 73 0.4331
4500 65 69 0.3622
4500 65 49 0.2677
4500 65 61 0.3228
4500 65 57 0.2677
4532 32 66 0.3622
4565 65 62 0.3071
4565 65 68 0.3071
4565 65 71 0.3701
4565 65 65 0.3071
4565 65 49 0.2362
4565 65 59 0.2835
4565 65 56 0.2362
4630 64 60 0.3071
4630 64 66 0.3071
4630 64 69 0.3701
4630 64 63 0.3071
4630 64 49 0.2283
4630 64 57 0.2756
4630 64 54 0.2283
4695 130 66 0.3543
4695 130 69 0.4252
4695 130 54 0.252
4695 130 49 0.252
4695 130 57 0.3071
4760 65 60 0.3465
4760 65 63 0.3465
4826 64 61 0.2992
4826 64 65 0.2992
4826 64 68 0.3465
4826 64 53 0.1969
4826 64 49 0.1969
4826 64 56 0.2283
4891 130 68 0.3386
4891 130 65 0.2756
4891 130 61 0.2756
4891 130 53 0.2047
4891 130 49 0.2047
4891 130 56 0.2441
5021 48 64 0.2677
5021 48 67 0.3071
5021 48 61 0.2677
5021 48 55 0.1654
5021 48 52 0.1654
5021 48 49 0.1654
5021 48 58 0.2047
5070 16 67 0.4173
5086 130 83 0.5118
5086 195 50 0.252
5086 195 55 0.252
5089 195 59 0.3386
5217 65 81 0.4882
5282 195 67 0.4331
5282 130 79 0.5118
5282 130 59 0.2362
5282 195 55 0.2362
5282 130 62 0.2835
5413 65 78 0.5039
5413 65 62 0.2362
5478 195 67 0.4331
5478 130 76 0.5118
5478 195 64 0.3071
5478 195 60 0.2598
5608 65 78 0.4961
5673 130 67 0.4331
5673 130 79 0.5118
5673 130 59 0.2283
5673 130 62 0.2756
5804 64 66 0.5039
5804 64 62 0.252
5869 65 66 0.4724
5869 65 62 0.2756
5934 65 66 0.3543
5934 65 69 0.4173
5934 65 61 0.2441
6000 65 66 0.3386
6000 65 69 0.3386
6000 65 73 0.4016
6000 65 49 0.2047
6000 65 54 0.2047
6000 65 57 0.2047
6000 65 61 0.2441
6065 129 73 0.4252
6065 129 65 0.3543
6065 129 68 0.3543
6065 129 49 0.2283
6065 129 53 0.2283
6065 129 56 0.2283
6065 129 61 0.2756
6195 64 73 0.3386
6195 64 68 0.2835
6195 64 65 0.2835
6195 64 49 0.2126
6195 64 53 0.2126
6195 64 56 0.2126
6195 64 61 0.252
6260 130 68 0.315
6260 130 65 0.315
6260 130 73 0.378
6260 130 49 0.2283
6260 130 53 0.2283
6260 130 56 0.2283
6260 130 61 0.2756
6391 64 66 0.2835
6391 64 69 0.3386
6391 64 54 0.2126
6391 64 57 0.2126
6391 64 61 0.252
6456 64 66 0.2913
6456 64 69 0.3701
6456 64 54 0.2126
6456 64 57 0.2126
6456 64 61 0.2756
6521 65 61 0.2913
6521 65 66 0.3543
6521 65 57 0.2677
6586 32 68 0.3465
6586 32 65 0.3465
6586 65 61 0.3465
6586 32 56 0.2598
6586 32 59 0.2598
6619 32 66 0.3701
6619 32 69 0.3701
6619 32 54 0.2992
6619 32 57 0.2992
6652 130 68 0.4016
6652 130 71 0.4016
6652 391 37 0.3386
6717 65 62 0.3937
6717 65 41 0.2992
6782 65 61 0.3701
6782 65 66 0.3701
6782 65 69 0.4567
6782 65 42 0.3071
6847 130 59 0.4016
6847 65 69 0.4724
6847 130 65 0.4016
6847 130 62 0.4016
6847 97 44 0.3307
6913 65 68 0.4488
6945 32 45 0.3543
6978 65 66 0.4252
6978 65 63 0.3543
6978 65 57 0.3543
6978 32 47 0.378
7010 32 48 0.3937
7043 65 57 0.3937
7043 195 61 0.3937
7043 65 66 0.4724
7043 228 37 0.2835
7043 228 49 0.3386
7108 65 55 0.3937
7108 65 64 0.4409
7173 64 56 0.3937
7173 64 65 0.4409
7239 97 56 0.3937
7239 97 61 0.3937
7239 97 65 0.4646
7271 32 49 0.3543
7304 32 53 0.3543
7336 32 68 0.4724
7336 32 56 0.3543
7369 32 71 0.4961
7369 32 59 0.2992
7402 32 74 0.5197
7402 32 62 0.2992
7434 65 68 0.2835
7434 65 71 0.3937
7434 130 74 0.5591
7434 65 65 0.2835
7434 65 62 0.2835
7434 65 37 0.2835
7436 65 49 0.3386
7500 65 65 0.2835
7500 65 68 0.2835
7500 65 41 0.2441
7500 65 49 0.2441
7500 65 53 0.2913
7565 65 69 0.378
7565 65 73 0.4252
7565 65 49 0.2441
7565 65 42 0.2441
7565 65 54 0.2913
7630 130 65 0.3071
7630 130 62 0.3071
7630 65 73 0.4331
7630 130 68 0.3071
7630 97 44 0.2677
7630 97 56 0.3228
7630 97 49 0.2677
7695 65 71 0.3701
7728 32 57 0.3543
7728 32 45 0.2992
7760 65 63 0.3071
7760 65 66 0.3071
7760 65 69 0.3701
7760 32 59 0.378
7760 32 47 0.315
7793 32 60 0.3937
7793 32 48 0.3307
7826 130 66 0.3543
7826 65 63 0.3465
7826 65 60 0.3465
7826 130 69 0.4252
7826 130 49 0.252
7891 65 60 0.3071
7891 65 63 0.3071
7891 65 54 0.2205
7891 65 57 0.2756
7956 65 61 0.2992
7956 65 65 0.2992
7956 65 68 0.3465
7956 65 53 0.1969
7956 65 49 0.1969
7956 65 56 0.2283
8021 65 65 0.2756
8021 65 61 0.2756
8021 65 68 0.3386
8021 65 53 0.2047
8021 65 49 0.2047
8021 65 56 0.2441
8086 65 64 0.2677
8086 65 67 0.3071
8086 65 58 0.2047
8086 65 52 0.1654
8086 65 49 0.1654
8086 65 55 0.1654
8152 48 62 0.2677
8152 65 50 0.1654
8152 65 55 0.1654
8152 65 59 0.2047
8201 16 67 0.4173
8217 130 83 0.5118
8217 195 59 0.3386
8217 195 43 0.252
8217 195 50 0.252
8345 64 81 0.4724
8413 65 81 0.5118
8413 195 55 0.2362
8413 195 47 0.2362
8413 195 62 0.2835
8478 65 91 0.5118
8478 65 79 0.3622
8543 64 78 0.4252
8543 64 90 0.5039
8608 65 90 0.5433
8608 65 78 0.4567
8608 195 48 0.2362
8608 195 64 0.3307
8608 195 55 0.2362
8673 65 76 0.4409
8673 65 88 0.5276
8739 64 78 0.4724
8739 64 90 0.5591
8804 65 90 0.5906
8804 65 78 0.4961
8804 130 47 0.3071
8804 65 55 0.3071
8804 65 62 0.3701
8869 97 91 0.5669
8869 97 79 0.4803
8869 65 55 0.2756
8934 65 50 0.2835
8934 65 54 0.3386
8967 32 78 0.5039
8967 32 66 0.4488
9000 65 66 0.4252
9000 65 78 0.4252
9000 65 50 0.2756
9000 65 54 0.2756
9065 65 81 0.4094
9065 65 69 0.4094
9065 65 49 0.2441
9065 65 54 0.2441
9065 65 57 0.2441
9130 64 85 0.4646
9130 64 73 0.4646
9130 64 49 0.2047
9130 64 54 0.2047
9130 64 57 0.2047
9130 64 61 0.2441
9195 130 73 0.4882
9195 130 85 0.4882
9195 130 49 0.2441
9195 130 53 0.2441
9195 130 56 0.2441
9195 130 61 0.2992
9326 64 85 0.4488
9326 64 73 0.4488
9326 64 54 0.2126
9326 64 57 0.2126
9326 64 61 0.252
9391 65 85 0.4961
9391 65 73 0.4173
9391 65 57 0.2598
9391 65 54 0.2598
9391 65 61 0.3071
9456 65 74 0.4094
9456 65 86 0.4882
9456 130 47 0.2047
9456 65 62 0.2677
9521 65 67 0.3701
9521 65 79 0.4409
9521 65 55 0.2441
9586 65 83 0.4961
9586 65 71 0.4173
9586 65 59 0.3071
9652 65 61 0.378
9652 65 73 0.4488
9652 65 37 0.2047
9652 130 49 0.2441
9717 65 65 0.3701
9717 65 77 0.4409
9717 65 53 0.2441
9782 65 78 0.4961
9782 65 66 0.4173
9782 65 49 0.2598
9782 65 42 0.2598
9782 65 54 0.3071
9847 97 73 0.4488
9847 97 85 0.5354
9847 130 49 0.2441
9847 130 41 0.2441
9847 130 56 0.2913
9945 32 68 0.3228
9945 32 80 0.3858
9978 65 81 0.4173
9978 65 69 0.3543
9978 65 49 0.2205
9978 65 42 0.2205
9978 65 54 0.2598
10043 97 69 0.3543
10043 97 81 0.4252
10043 130 49 0.1575
10043 97 57 0.252
10141 32 65 0.2913
10141 32 77 0.3465
10141 32 53 0.1732
10239 32 42 0.2047
10304 32 61 0.2047
10304 32 57 0.1575
10304 32 54 0.1575
10304 32 49 0.1575
10369 32 61 0.2441
10369 32 57 0.189
10369 32 54 0.189
10369 32 49 0.189
10434 32 42 0.2047
10500 32 61 0.2047
10500 32 57 0.1575
10500 32 54 0.1575
10500 32 49 0.1575
10532 64 73 0.3465
10565 32 49 0.1811
10565 32 54 0.1811
10565 32 57 0.1811
10565 32 61 0.2283
10597 64 73 0.3465
10630 32 42 0.2047
10663 64 73 0.3465
10695 64 78 0.4331
10695 32 61 0.2047
10695 32 57 0.1575
10695 32 54 0.1575
10695 32 49 0.1575
10728 64 73 0.3465
10760 65 78 0.4961
10760 32 49 0.189
10760 32 54 0.189
10760 32 57 0.189
10760 32 61 0.2362
10793 64 73 0.3465
10826 65 81 0.4961
10826 32 42 0.2047
10858 64 73 0.378
10891 64 85 0.5354
10891 32 61 0.2047
10891 32 57 0.1575
10891 32 54 0.1575
10891 32 49 0.1575
10923 32 73 0.3937
10956 130 85 0.5591
10956 32 53 0.1811
10956 32 49 0.1811
10956 32 56 0.1811
10956 32 59 0.1811
10956 32 61 0.2283
10989 64 77 0.4094
10989 64 83 0.4094
11021 32 44 0.2047
11054 65 77 0.2913
11054 65 83 0.3465
11086 32 88 0.5906
11086 32 62 0.2047
11086 32 59 0.1575
11086 32 56 0.1575
11086 32 53 0.1575
11119 32 86 0.5276
11152 65 86 0.5748
11152 32 53 0.189
11152 32 56 0.189
11152 32 59 0.189
11152 32 62 0.2362
11184 64 71 0.3465
11217 65 77 0.5039
11217 32 44 0.2047
11250 64 71 0.3465
11282 65 83 0.5039
11282 32 62 0.2047
11282 32 59 0.1575
11282 32 56 0.1575
11282 32 53 0.1575
11315 65 71 0.3465
11347 65 83 0.5827
11347 32 53 0.1811
11347 32 56 0.1811
11347 32 59 0.1811
11347 32 62 0.2283
11380 64 65 0.3465
11413 65 71 0.4331
11413 32 44 0.2047
11445 64 65 0.3071
11478 32 73 0.4961
11478 32 62 0.2047
11478 32 59 0.1575
11478 32 56 0.1575
11478 32 53 0.1575
11510 64 65 0.2913
11510 32 74 0.5118
11543 65 71 0.315
11543 65 74 0.5197
11543 32 53 0.189
11543 32 56 0.189
11543 32 59 0.189
11543 32 62 0.2362
11576 64 65 0.2913
11576 64 71 0.3465
11608 97 73 0.4961
11608 32 44 0.2047
11641 64 71 0.3465
11641 64 65 0.2913
11673 32 61 0.2047
11673 32 59 0.1575
11673 32 56 0.1575
11673 32 53 0.1575
11706 32 65 0.2913
11706 32 71 0.5197
11739 32 71 0.4961
11739 32 49 0.1811
11739 32 54 0.1811
11739 32 57 0.1811
11739 32 61 0.2283
11771 65 69 0.4252
11804 32 42 0.2047
11836 65 73 0.4961
11869 32 61 0.2047
11869 32 57 0.1575
11869 32 54 0.1575
11869 32 49 0.1575
11902 54 78 0.5276
11934 32 49 0.189
11934 32 54 0.189
11934 32 57 0.189
11934 32 61 0.2362
11956 21 81 0.5197
11978 43 85 0.5276
12000 32 42 0.2047
12021 21 90 0.5512
12043 21 92 0.5591
12065 21 93 0.5906
12065 32 61 0.2047
12065 32 57 0.1575
12065 32 54 0.1575
12065 32 49 0.1575
12086 21 90 0.5748
12108 21 85 0.4961
12130 16 85 0.5354
12130 32 53 0.1969
12130 32 49 0.1969
12130 32 56 0.1969
12130 32 59 0.1969
12130 32 61 0.252
12146 16 86 0.4961
12163 8 85 0.4646
12171 8 86 0.4724
12179 8 85 0.4882
12187 8 86 0.4961
12195 8 85 0.5039
12195 32 44 0.2362
12203 8 86 0.5118
12211 16 85 0.5197
12228 16 84 0.5433
12244 16 85 0.5591
12260 21 88 0.5827
12260 32 62 0.252
12260 32 59 0.189
12260 32 56 0.189
12260 32 53 0.189
12282 21 85 0.5433
12304 21 86 0.5512
12326 21 86 0.5984
12326 32 53 0.2205
12326 32 56 0.2205
12326 32 59 0.2205
12326 32 62 0.2756
12347 21 76 0.4882
12369 21 77 0.4882
12391 21 77 0.5512
12391 32 44 0.2283
12413 21 86 0.4646
12434 21 85 0.4724
12456 21 85 0.5276
12456 32 62 0.2205
12456 32 59 0.1654
12456 32 56 0.1654
12456 32 53 0.1654
12478 21 82 0.4567
12500 21 83 0.4173
12521 16 83 0.4646
12521 32 53 0.1811
12521 32 56 0.1811
12521 32 59 0.1811
12521 32 62 0.2283
12538 16 65 0.3622
12554 16 66 0.3701
12570 16 68 0.378
12586 16 69 0.3858
12586 32 44 0.2283
12603 16 70 0.3937
12619 16 71 0.4016
12635 16 72 0.4094
12652 21 73 0.4252
12652 32 62 0.2441
12652 32 59 0.189
12652 32 56 0.189
12652 32 53 0.189
12673 21 74 0.4331
12695 21 75 0.4488
12717 21 76 0.4567
12717 32 53 0.2205
12717 32 56 0.2205
12717 32 59 0.2205
12717 32 62 0.2756
12739 21 73 0.4724
12760 21 74 0.4803
12782 16 74 0.5039
12782 32 44 0.252
12798 16 83 0.4882
12815 16 80 0.4409
12831 16 77 0.4409
12847 16 74 0.4882
12847 32 61 0.252
12847 32 59 0.1969
12847 32 56 0.1969
12847 32 53 0.1969
12864 16 72 0.4488
12880 16 74 0.4331
12896 16 73 0.4331
12913 65 73 0.4488
12913 32 54 0.2205
12913 32 57 0.2205
12913 32 61 0.2835
12945 64 66 0.378
12978 97 78 0.4882
12978 32 45 0.252
13010 65 66 0.378
13043 32 61 0.252
13043 32 57 0.1969
13043 32 54 0.1969
13076 32 73 0.4409
13108 130 74 0.4882
13108 32 53 0.2362
13108 32 56 0.2362
13108 32 59 0.2362
13108 32 62 0.2913
13141 64 71 0.3386
13141 64 65 0.2835
13173 32 44 0.252
13206 64 65 0.2835
13206 64 71 0.3386
13239 65 73 0.4409
13239 32 61 0.252
13239 32 59 0.1969
13239 32 56 0.1969
13239 32 53 0.1969
13271 32 65 0.2835
13271 32 71 0.3386
13304 21 73 0.4882
13304 32 54 0.2205
13304 32 57 0.2205
13304 32 61 0.2835
13326 21 85 0.4488
13347 21 80 0.4488
13369 16 83 0.4961
13369 32 45 0.252
13385 16 81 0.5118
13402 16 77 0.5354
13418 16 78 0.5512
13434 16 80 0.5591
13434 32 49 0.1969
13434 32 61 0.252
13434 32 57 0.1969
13434 32 54 0.1969
13451 16 78 0.5512
13467 10 81 0.5354
13478 10 78 0.5276
13489 10 73 0.5118
13500 32 76 0.5197
13500 32 49 0.2362
13500 32 53 0.2362
13500 32 56 0.2362
13500 32 59 0.2362
13500 32 61 0.2913
13532 32 75 0.4882
13532 64 71 0.4094
13532 64 65 0.3386
13565 32 74 0.4882
13565 32 44 0.252
13597 64 74 0.4567
13597 64 71 0.378
13597 64 65 0.3228
13630 32 61 0.252
13630 32 59 0.1969
13630 32 56 0.1969
13663 32 65 0.3228
13663 32 71 0.378
13663 32 73 0.4567
13695 97 73 0.4724
13695 32 57 0.2362
13695 32 61 0.3071
13728 65 66 0.315
13760 32 45 0.2756
13793 64 78 0.4882
13826 32 61 0.2835
13826 32 58 0.2205
13858 129 78 0.4961
13891 32 58 0.2677
13891 32 61 0.3307
13923 65 66 0.315
13956 32 46 0.315
13989 64 78 0.5118
14021 32 63 0.315
14021 32 59 0.2441
14054 130 78 0.5276
14086 32 59 0.2835
14086 32 63 0.3701
14119 65 71 0.3543
14152 32 47 0.3307
14184 64 83 0.5433
14217 32 64 0.3307
14217 32 61 0.2598
14250 129 83 0.5591
14282 32 61 0.315
14282 32 64 0.3937
14315 65 71 0.4803
14347 32 49 0.3465
14380 64 71 0.4882
14380 64 83 0.5748
14413 32 66 0.3465
14413 32 63 0.2756
14445 64 71 0.4961
14445 64 83 0.5906
14478 32 66 0.3858
14478 32 63 0.3228
14510 64 71 0.5039
14510 64 83 0.5984
14510 32 51 0.3228
14543 32 67 0.3858
14543 32 64 0.3228
14576 64 71 0.5118
14576 64 83 0.6063
14576 32 52 0.3307
14608 32 69 0.4016
14608 32 66 0.3307
14641 32 71 0.5197
14641 64 83 0.6142
14641 32 54 0.3228
14673 32 67 0.3701
14673 32 71 0.4409
14706 64 88 0.6299
14706 64 83 0.5354
14706 64 76 0.5354
14706 32 55 0.3465
14739 32 68 0.378
14739 32 71 0.4488
14771 64 86 0.6378
14771 64 88 0.6378
14771 64 83 0.5354
14771 64 76 0.5354
14771 32 56 0.4016
14804 32 69 0.4094
14804 32 73 0.4882
14836 32 88 0.6457
14836 32 85 0.5433
14836 32 81 0.5433
14836 32 76 0.5433
14836 32 57 0.3858
14869 65 76 0.4409
14869 32 88 0.5748
14869 65 69 0.315
14869 65 73 0.378
14902 32 80 0.4488
14934 65 76 0.4252
14934 32 83 0.5039
14934 65 61 0.315
14934 130 57 0.2677
14967 32 81 0.4724
15000 97 78 0.4016
15000 32 80 0.4724
15000 97 63 0.2756
15032 32 81 0.4724
15065 65 84 0.5433
15065 195 57 0.2598
15097 32 78 0.4724
15097 32 63 0.252
15130 97 81 0.5118
15130 195 83 0.4331
15130 32 66 0.2992
15163 32 79 0.4488
15163 32 64 0.2677
15195 32 78 0.4724
15195 32 63 0.3071
15228 32 79 0.4331
15228 32 64 0.2756
15260 65 77 0.4409
15260 195 57 0.2677
15260 65 62 0.378
15293 32 80 0.4488
15326 163 76 0.4252
15326 32 82 0.5039
15326 163 61 0.315
15358 32 81 0.4724
15391 32 80 0.4724
15423 32 81 0.4724
15456 65 83 0.5433
15456 195 57 0.2598
15489 32 76 0.4724
15489 32 61 0.252
15521 32 79 0.5118
15521 163 81 0.4331
15521 32 64 0.2992
15554 32 78 0.4488
15554 32 62 0.2677
15586 32 77 0.4724
15586 32 61 0.3071
15619 32 78 0.4331
15619 32 62 0.2756
15652 65 75 0.3937
15652 130 57 0.2598
15652 65 63 0.3071
15652 65 60 0.3071
15684 32 78 0.4173
15717 65 76 0.4016
15717 32 81 0.4803
15717 65 64 0.3071
15717 65 61 0.2598
15750 32 79 0.4331
15782 65 73 0.4016
15782 32 78 0.4803
15782 32 63 0.3071
15782 65 58 0.2598
15815 32 79 0.4331
15815 32 64 0.3071
15847 32 79 0.4961
15847 65 73 0.4173
15847 32 64 0.3543
15847 65 58 0.2992
15880 32 76 0.4488
15880 32 61 0.3071
15913 65 74 0.4409
15913 32 79 0.5276
15913 32 64 0.3465
15913 65 59 0.2913
15945 32 78 0.4567
15945 32 62 0.3071
15978 32 76 0.5354
15978 97 71 0.4488
15978 32 61 0.3386
15978 65 56 0.2835
16010 32 77 0.4803
16010 32 62 0.3071
16043 65 77 0.5591
16043 65 56 0.3071
16043 65 62 0.3622
16076 32 65 0.4803
16108 65 64 0.4488
16108 32 70 0.5354
16108 65 76 0.5354
16108 65 61 0.3307
16108 65 55 0.2756
16141 32 69 0.4646
16173 65 66 0.4567
16173 32 68 0.5433
16173 65 74 0.5433
16173 65 57 0.2598
16173 65 54 0.2598
16173 65 62 0.3071
16206 32 69 0.4724
16239 65 79 0.5827
16239 32 73 0.5276
16239 32 52 0.3543
16239 65 45 0.2992
16271 32 76 0.4882
16271 32 49 0.3071
16304 65 78 0.5591
16304 65 74 0.4724
16304 32 52 0.4488
16304 65 47 0.3386
16336 32 50 0.378
16369 65 77 0.4567
16369 130 83 0.5433
16369 65 71 0.4567
16369 32 49 0.4488
16369 65 44 0.378
16402 32 50 0.4173
16434 65 71 0.4803
16434 65 80 0.5669
16434 65 74 0.4803
16434 65 41 0.4016
16434 32 50 0.5276
16467 32 44 0.4646
16500 65 74 0.4882
16500 65 69 0.4882
16500 65 81 0.5827
16500 97 42 0.4173
16500 32 47 0.5433
16532 32 45 0.4567
16565 65 74 0.6299
16565 130 86 0.7165
16565 32 44 0.5433
16597 32 41 0.3543
16597 32 45 0.4567
16630 65 74 0.6457
16630 65 79 0.6457
16630 32 40 0.4488
16630 32 45 0.5354
16663 32 32 0.4803
16695 65 76 0.5748
16695 65 73 0.5748
16695 65 85 0.685
16695 65 79 0.5748
16695 32 34 0.5669
16728 32 33 0.4961
16760 163 85 0.6142
16760 163 79 0.6142
16760 163 91 0.748
16760 163 88 0.6299
16760 32 32 0.5669
16793 29 33 0.4882
16826 32 33 0.6378
16858 32 52 0.3386
16891 32 49 0.3701
16923 32 67 0.3937
16923 32 55 0.3386
16956 32 64 0.4252
16956 32 52 0.378
16989 32 70 0.3543
16989 32 58 0.3386
17021 32 68 0.4094
17021 32 56 0.3701
17054 32 69 0.3543
17054 32 57 0.3386
17086 32 64 0.3937
17086 32 52 0.3622
17119 32 71 0.3543
17119 32 59 0.3071
17152 32 69 0.3858
17152 32 57 0.3543
17184 32 67 0.3543
17184 32 55 0.315
17217 65 66 0.3858
17217 326 50 0.252
17217 32 54 0.2992
17250 32 59 0.2598
17282 32 56 0.2992
17315 32 57 0.2677
17347 195 38 0.4567
17347 32 54 0.2992
17380 32 59 0.2598
17413 32 56 0.2992
17445 32 57 0.2598
17478 32 54 0.252
17510 32 59 0.2205
17543 32 38 0.4094
17543 65 50 0.2126
17543 32 54 0.252
17576 32 33 0.3622
17576 32 57 0.2205
17608 195 33 0.4094
17608 65 49 0.252
17608 32 52 0.2992
17641 32 57 0.2598
17673 65 50 0.252
17673 32 54 0.2992
17706 32 57 0.2677
17739 64 52 0.2677
17739 32 55 0.3228
17771 32 57 0.2835
17804 129 33 0.4094
17804 65 52 0.2677
17804 32 55 0.315
17836 32 57 0.2677
17869 65 50 0.252
17869 32 54 0.2992
17902 32 57 0.252
17934 65 33 0.4094
17934 65 49 0.2441
17934 32 52 0.2913
17967 32 57 0.2677
18000 65 30 0.4094
18000 326 50 0.252
18000 32 54 0.2992
18032 32 59 0.2598
18065 32 56 0.2992
18097 32 57 0.2677
18130 195 86 0.4803
18130 195 74 0.4173
18130 32 54 0.2992
18163 32 59 0.2598
18195 32 56 0.2992
18228 32 57 0.2598
18260 32 54 0.2992
18293 32 59 0.252
18326 32 86 0.4331
18326 32 74 0.378
18326 65 50 0.2283
18326 32 54 0.2677
18358 32 81 0.378
18358 32 69 0.3307
18358 32 57 0.2283
18391 195 81 0.4331
18391 195 69 0.378
18391 65 49 0.2126
18391 32 52 0.252
18423 32 57 0.2205
18456 65 50 0.2205
18456 32 54 0.2677
18489 32 57 0.2441
18521 64 52 0.252
18521 32 55 0.3071
18554 32 57 0.2756
18586 129 81 0.4331
18586 129 69 0.378
18586 65 52 0.2677
18586 32 55 0.315
18619 32 57 0.2677
18652 65 50 0.252
18652 32 54 0.2992
18684 32 57 0.252
18717 65 81 0.4331
18717 65 69 0.378
18717 65 49 0.2441
18717 32 52 0.2913
18750 32 57 0.2677
18782 65 78 0.4173
18782 65 66 0.3543
18782 326 50 0.252
18782 22 54 0.2992
18804 21 59 0.2598
18826 21 57 0.2598
18847 22 56 0.2992
18869 21 59 0.2677
18891 16 57 0.2677
18913 129 38 0.4567
18913 22 54 0.2992
18935 21 59 0.2598
18956 16 57 0.2598
18978 22 56 0.2992
19000 21 59 0.2598
19021 16 57 0.2598
19043 64 38 0.4409
19043 22 54 0.2992
19065 21 59 0.2677
19086 16 57 0.2677
19108 21 38 0.4409
19108 65 50 0.252
19108 22 54 0.2992
19130 21 37 0.3937
19130 21 58 0.2677
19152 16 38 0.3937
19152 16 57 0.2677
19173 129 33 0.4094
19173 65 49 0.252
19173 22 52 0.2992
19195 21 59 0.2598
19217 16 57 0.2598
19239 65 50 0.252
19239 22 54 0.2992
19260 21 59 0.2677
19282 16 57 0.2677
19304 129 33 0.4094
19304 64 52 0.2677
19304 22 55 0.3228
19326 21 59 0.2835
19347 16 57 0.2835
19369 65 52 0.2677
19369 22 55 0.315
19391 21 59 0.2677
19413 16 57 0.2677
19434 130 33 0.4094
19434 65 50 0.252
19434 22 54 0.2992
19456 21 59 0.252
19478 16 57 0.252
19500 65 49 0.2441
19500 22 52 0.2913
19521 21 59 0.2677
19543 16 57 0.2677
19565 65 30 0.4094
19565 326 50 0.252
19565 22 54 0.2992
19587 21 59 0.3071
19608 21 57 0.3071
19630 22 56 0.3622
19652 21 59 0.3228
19673 16 57 0.3307
19695 129 86 0.5512
19695 129 74 0.4803
19695 22 54 0.3701
19717 21 59 0.3228
19739 16 57 0.3307
19760 22 56 0.3858
19782 21 59 0.3307
19804 16 57 0.3386
19826 64 74 0.4803
19826 64 86 0.5512
19826 22 54 0.3937
19848 21 59 0.3543
19869 16 57 0.3543
19891 22 86 0.5354
19891 22 74 0.4646
19891 65 50 0.3386
19891 22 54 0.4016
19913 21 73 0.4173
19913 21 85 0.4724
19913 21 58 0.3937
19934 21 74 0.4173
19934 16 86 0.4724
19934 16 57 0.3937
19956 129 81 0.5276
19956 130 69 0.4646
19956 65 49 0.3465
19956 22 52 0.4173
19978 21 59 0.3622
20000 16 57 0.3622
20021 65 50 0.3543
20021 22 54 0.4252
20043 21 59 0.378
20065 16 57 0.3858
20086 129 69 0.4882
20086 129 81 0.5512
20086 65 52 0.3937
20086 22 55 0.4724
20108 21 59 0.4173
20130 16 57 0.4252
20152 65 52 0.3937
20152 22 55 0.4724
20173 21 59 0.4016
20195 16 57 0.4016
20217 108 69 0.4803
20217 108 81 0.5512
20217 65 50 0.3858
20217 22 54 0.4567
20239 21 59 0.3858
20260 16 57 0.3937
20282 65 49 0.3858
20282 22 52 0.4567
20304 21 57 0.4173
20326 21 67 0.3543
20326 21 79 0.3937
20326 16 55 0.315
20347 65 66 0.3937
20347 65 78 0.3937
20347 21 54 0.315
20347 195 50 0.3937
20369 21 57 0.2835
20391 21 55 0.2835
20413 21 66 0.315
20413 130 78 0.3937
20413 21 54 0.315
20434 21 76 0.315
20434 21 55 0.2992
20456 21 74 0.315
20456 21 57 0.2992
20478 21 73 0.3937
20478 21 59 0.315
20500 21 71 0.3228
20500 21 61 0.2913
20521 21 69 0.3386
20521 21 62 0.2913
20543 21 67 0.3937
20543 195 79 0.3937
20543 65 64 0.315
20543 195 52 0.3937
20565 21 70 0.3307
20586 21 69 0.3307
20608 21 67 0.3937
20608 21 64 0.315
20630 21 69 0.315
20630 21 62 0.2835
20652 21 71 0.315
20652 21 61 0.2835
20673 21 73 0.3937
20673 21 59 0.315
20695 21 74 0.3228
20695 21 57 0.2756
20717 21 76 0.3228
20717 21 55 0.2756
20739 65 69 0.3937
20739 65 81 0.3937
20739 21 61 0.315
20739 195 54 0.3937
20760 21 62 0.2835
20782 21 61 0.2913
20804 21 69 0.3307
20804 130 81 0.4094
20804 21 57 0.3307
20826 21 79 0.3307
20826 21 59 0.315
20847 21 78 0.3386
20847 21 60 0.3228
20869 21 76 0.4331
20869 21 62 0.3465
20891 21 74 0.3543
20891 21 64 0.3228
20913 21 72 0.378
20913 21 66 0.3228
20934 21 71 0.4488
20934 195 83 0.4488
20934 86 67 0.3622
20934 195 55 0.4488
20956 21 74 0.378
20978 21 72 0.3858
21000 21 71 0.4724
21021 21 72 0.378
21021 21 66 0.3386
21043 21 74 0.3858
21043 21 64 0.3465
21065 21 76 0.4882
21065 21 62 0.3937
21086 21 78 0.4016
21086 21 60 0.3465
21108 43 79 0.4094
21108 21 59 0.3465
21130 65 85 0.5118
21130 21 64 0.4094
21130 130 57 0.5118
21152 21 79 0.4173
21152 21 61 0.3701
21173 21 78 0.4252
21173 21 62 0.3701
21195 21 76 0.4252
21195 21 64 0.4252
21217 21 74 0.4252
21217 21 66 0.4016
21239 21 73 0.4331
21239 21 67 0.4094
21260 65 86 0.5512
21260 21 74 0.5512
21260 65 59 0.5512
21260 21 66 0.4409
21282 21 76 0.4488
21282 21 64 0.4094
21304 21 78 0.4803
21304 21 62 0.4094
21326 21 76 0.5669
21326 130 88 0.6063
21326 21 70 0.4567
21326 130 61 0.5669
21347 21 82 0.4803
21347 21 64 0.4094
21369 21 81 0.4882
21369 21 66 0.4173
21391 21 79 0.5906
21391 21 67 0.4724
21413 21 78 0.4724
21413 21 69 0.4488
21434 21 76 0.4803
21434 21 70 0.4567
21456 21 78 0.6063
21456 65 90 0.6535
21456 65 63 0.6063
21456 21 69 0.4882
21478 21 79 0.4961
21478 21 67 0.4488
21500 21 81 0.5039
21500 21 66 0.4567
21521 65 91 0.6929
21521 21 79 0.5669
21521 21 67 0.4567
21521 65 64 0.5669
21543 21 78 0.4803
21543 21 70 0.4094
21565 21 76 0.4882
21565 21 73 0.4173
21586 65 81 0.5827
21586 21 75 0.4961
21586 65 66 0.3937
21586 21 72 0.4016
21608 21 74 0.4016
21608 21 71 0.378
21630 21 75 0.4016
21630 21 72 0.3858
21652 65 83 0.5512
21652 21 74 0.5118
21652 43 67 0.5118
21652 21 71 0.4094
21673 21 72 0.4173
21673 21 69 0.378
21695 21 71 0.4252
21695 21 55 0.4094
21695 21 67 0.4094
21717 21 74 0.4173
21717 130 77 0.5512
21717 21 59 0.378
21717 130 56 0.4094
21739 21 73 0.378
21739 21 61 0.3701
21760 21 71 0.3701
21760 21 62 0.3071
21782 21 68 0.4094
21782 21 65 0.3543
21804 21 69 0.3622
21804 21 64 0.2992
21826 21 71 0.3543
21826 21 62 0.2913
21847 21 73 0.3701
21847 65 76 0.4567
21847 21 61 0.3386
21847 65 55 0.2992
21869 21 70 0.3465
21869 21 63 0.2835
21891 21 69 0.3386
21891 21 64 0.2756
21913 195 75 0.4016
21913 195 81 0.4803
21913 195 66 0.3071
21913 195 69 0.3622
22108 129 83 0.4094
22108 129 78 0.3465
22108 129 71 0.3465
22108 129 63 0.252
22108 129 66 0.2992
22239 65 78 0.4016
22239 65 75 0.3386
22239 65 71 0.3386
22239 65 59 0.2047
22239 65 63 0.2047
22239 65 66 0.2441
22304 32 81 0.4803
22304 97 64 0.3228
22304 97 67 0.3228
22336 32 78 0.4488
22369 32 91 0.5197
22369 32 79 0.5197
22402 32 71 0.4882
22402 32 83 0.4882
22402 32 55 0.2362
22402 32 59 0.2835
22434 32 90 0.5433
22434 32 78 0.5433
22434 65 55 0.3386
22434 32 69 0.3386
22467 32 88 0.4882
22467 32 76 0.4882
22467 32 67 0.2913
22500 130 86 0.4094
22500 32 74 0.4882
22500 32 66 0.3622
22500 130 57 0.3071
22532 32 77 0.5118
22532 32 68 0.3071
22565 32 79 0.5433
22565 32 71 0.3465
22597 32 78 0.5039
22597 32 69 0.315
22630 32 73 0.4252
22630 32 81 0.4252
22630 32 85 0.5039
22630 32 76 0.4252
22630 32 33 0.2992
22630 32 45 0.3543
22663 32 72 0.4567
22663 32 81 0.4567
22663 32 84 0.5433
22663 32 75 0.4567
22663 16 31 0.2992
22663 16 43 0.3543
22679 16 30 0.3071
22679 16 42 0.3622
22695 65 84 0.5669
22695 16 81 0.4803
22695 16 30 0.4094
22711 16 78 0.5591
22711 16 33 0.3465
22728 16 75 0.5433
22728 16 36 0.3386
22744 16 72 0.5354
22744 16 39 0.3307
22760 97 72 0.5197
22760 16 69 0.4409
22760 16 42 0.3228
22777 16 66 0.4803
22777 16 45 0.315
22793 16 63 0.4646
22793 16 48 0.3071
22809 16 60 0.4567
22809 16 51 0.2992
22826 16 69 0.4724
22826 16 54 0.2835
22842 16 63 0.378
22842 16 60 0.2126
22858 32 71 0.378
22858 16 59 0.315
22858 16 62 0.378
22858 16 55 0.2126
22875 16 67 0.378
22875 16 59 0.2126
22891 130 58 0.2756
22891 130 70 0.3228
22891 130 67 0.2756
22891 130 62 0.2756
22891 130 43 0.1732
22891 130 55 0.2047
23086 65 69 0.4803
23086 21 66 0.4016
23086 21 33 0.3071
23108 21 62 0.4331
23108 21 38 0.2677
23130 21 57 0.4331
23130 21 42 0.2677
23152 97 69 0.4803
23152 16 66 0.4016
23152 97 45 0.3071
23168 16 62 0.4252
23168 16 50 0.252
23184 16 57 0.4331
23184 16 54 0.252
23201 16 66 0.4331
23201 16 57 0.252
23217 16 66 0.4961
23217 16 50 0.2992
23233 16 62 0.4252
23233 16 54 0.2677
23250 32 68 0.4646
23250 16 65 0.3937
23250 32 47 0.2205
23250 16 50 0.2677
23266 16 62 0.3937
23266 16 53 0.2677
23282 64 64 0.378
23282 64 58 0.378
23282 64 55 0.378
23282 64 67 0.4488
23282 64 49 0.252
23282 64 52 0.2992
23347 97 46 0.1969
23347 97 49 0.1969
23347 97 52 0.1969
23347 97 55 0.2362
23445 32 47 0.1732
23445 32 51 0.1732
23445 32 54 0.2126
23478 129 47 0.1969
23478 129 51 0.1969
23478 129 54 0.2362
23608 64 47 0.1732
23608 64 51 0.1732
23608 64 54 0.1732
23608 64 59 0.2126
23673 129 63 0.2992
23673 129 66 0.3543
23673 129 47 0.1969
23673 129 51 0.1969
23673 129 54 0.1969
23673 129 59 0.2362
23804 64 63 0.2835
23804 64 66 0.2835
23804 64 71 0.3307
23804 64 47 0.1732
23804 64 51 0.1732
23804 64 54 0.1732
23804 64 59 0.2126
23869 129 59 0.2992
23869 129 63 0.2992
23869 129 71 0.3543
23869 129 66 0.2992
23869 64 35 0.1969
23869 64 47 0.2362
23934 129 30 0.1969
23934 129 42 0.2362
24000 64 63 0.2835
24000 64 59 0.2835
24000 64 71 0.3465
24000 64 66 0.2835
24065 64 64 0.2992
24065 64 59 0.2992
24065 64 71 0.3543
24065 64 31 0.1969
24065 64 43 0.2362
24130 129 57 0.2756
24130 129 64 0.2756
24130 129 61 0.2756
24130 129 69 0.3228
24130 129 33 0.1654
24130 129 45 0.1969
24260 130 57 0.2756
24260 130 66 0.2756
24260 130 62 0.2756
24260 130 69 0.3228
24260 130 26 0.1575
24260 130 38 0.189
24391 65 66 0.2598
24391 65 54 0.1732
24456 130 57 0.3307
24456 130 45 0.189
24586 65 69 0.2835
24586 65 57 0.1654
24652 130 66 0.315
24652 130 54 0.189
24782 65 90 0.4646
24782 65 78 0.3858
24782 65 81 0.3858
24782 65 33 0.2205
24782 65 45 0.2677
24847 130 79 0.4173
24847 130 76 0.4173
24847 130 88 0.4961
24847 130 47 0.315
24847 130 35 0.2126
24847 130 45 0.2677
24978 64 81 0.4016
24978 64 76 0.3386
24978 64 69 0.3386
24978 64 79 0.3386
24978 64 37 0.2283
24978 64 49 0.2283
24978 64 45 0.2283
25043 130 69 0.3543
25043 130 81 0.4252
25043 130 78 0.3543
25043 130 45 0.2362
25043 130 38 0.2362
25043 130 50 0.2835
25173 65 78 0.3386
25173 65 66 0.2598
25239 130 69 0.3937
25239 130 57 0.2598
25369 65 69 0.3071
25369 65 81 0.3701
25369 65 42 0.2047
25369 65 45 0.2047
25369 65 54 0.2441
25434 130 78 0.4252
25434 130 66 0.3543
25434 130 45 0.2205
25434 130 57 0.2598
25565 65 69 0.315
25565 65 81 0.378
25565 130 42 0.2205
25565 130 45 0.2205
25565 130 54 0.2598
25630 130 79 0.4409
25630 130 83 0.4409
25630 130 71 0.3701
25695 65 40 0.2205
25695 65 45 0.2205
25695 65 52 0.2677
25760 65 85 0.4252
25760 65 76 0.3543
25760 65 79 0.3543
25760 65 73 0.3543
25760 65 33 0.2283
25760 65 45 0.2677
25826 195 78 0.3937
25826 195 74 0.3937
25826 195 86 0.4724
25826 195 38 0.2362
25826 195 45 0.2835
26021 193 88 0.5354
26021 193 85 0.4409
26021 193 76 0.4409
26021 193 33 0.2441
26021 193 45 0.2913
26217 130 76 0.4882
26217 130 88 0.5748
26217 130 85 0.4882
26217 130 33 0.252
26217 130 45 0.2992
26347 65 87 0.5512
26347 65 90 0.5512
26347 65 78 0.4646
26347 32 43 0.3386
26380 32 42 0.3543
26413 64 91 0.5906
26413 64 79 0.4961
26413 64 88 0.5906
26413 32 40 0.4173
26445 32 38 0.378
26478 64 88 0.6299
26478 64 93 0.6299
26478 64 81 0.5354
26478 21 37 0.5039
26500 21 40 0.4173
26521 21 45 0.4331
26543 64 88 0.5669
26543 64 93 0.6693
26543 64 91 0.6693
26543 64 81 0.5669
26543 21 49 0.5118
26565 21 52 0.4646
26586 21 57 0.4646
26608 65 93 0.5827
26608 65 81 0.4882
26608 195 42 0.2835
26608 195 54 0.3386
26673 65 69 0.3622
26673 65 81 0.4331
26739 64 66 0.3622
26739 64 78 0.4331
26804 65 66 0.4016
26804 65 78 0.4724
26804 195 45 0.2835
26804 195 57 0.3386
26869 65 62 0.3622
26869 65 74 0.4331
26934 65 64 0.3701
26934 65 76 0.4409
27000 195 66 0.4016
27000 195 78 0.4724
27000 195 50 0.2835
27000 195 62 0.3386
27195 130 67 0.4016
27195 130 79 0.4724
27195 130 47 0.2835
27195 130 59 0.3386
27326 64 71 0.4173
27326 64 83 0.4961
27326 65 43 0.2362
27326 65 55 0.2835
27391 130 71 0.4409
27391 130 79 0.4409
27391 130 83 0.5276
27391 130 40 0.3071
27391 130 52 0.3701
27521 64 79 0.4331
27521 64 82 0.5118
27521 64 70 0.4331
27521 64 52 0.2835
27521 64 55 0.3386
27586 65 70 0.4331
27586 65 82 0.5118
27586 130 49 0.2835
27586 130 52 0.3386
27652 65 88 0.5039
27652 65 76 0.4252
27717 32 89 0.5197
27717 32 77 0.4409
27717 32 47 0.2913
27717 32 50 0.3465
27750 32 78 0.4488
27750 32 90 0.5354
27750 32 46 0.2992
27750 32 49 0.3543
27782 195 90 0.5433
27782 195 78 0.4567
27782 32 46 0.3701
27815 32 49 0.3465
27847 32 54 0.3701
27880 32 58 0.3858
27913 32 61 0.4016
27945 32 66 0.4173
27978 32 75 0.5354
27978 195 68 0.4409
27978 195 66 0.3701
27978 195 63 0.3701
27978 195 60 0.3701
28010 32 78 0.5512
28043 32 80 0.5433
28076 32 87 0.5748
28108 32 90 0.5827
28141 32 92 0.5984
28173 195 65 0.4016
28173 195 77 0.4724
28173 130 44 0.3307
28173 130 56 0.3937
28304 64 41 0.2992
28304 64 53 0.3543
28369 65 68 0.4016
28369 130 80 0.4724
28369 65 41 0.3307
28369 65 53 0.3937
28434 65 77 0.4488
28434 65 37 0.2992
28434 65 49 0.3543
28500 65 80 0.4803
28500 65 78 0.3543
28500 65 39 0.2992
28500 65 51 0.3543
28565 195 85 0.5433
28565 65 80 0.4567
28565 130 41 0.3307
28565 130 53 0.3937
28630 65 73 0.4724
28695 64 73 0.4724
28695 65 53 0.2992
28695 65 56 0.3543
28760 130 81 0.5354
28760 65 73 0.4488
28760 130 54 0.3307
28760 130 57 0.3937
28826 65 69 0.4409
28891 65 73 0.4016
28891 64 78 0.4724
28891 65 66 0.4016
28891 65 61 0.378
28891 65 57 0.315
28956 130 90 0.5748
28956 65 78 0.4882
28956 130 61 0.3937
28956 130 57 0.3307
29021 65 87 0.5512
29086 64 78 0.4646
29086 64 87 0.5512
29086 64 90 0.5512
29086 64 60 0.3622
29086 64 56 0.3071
29152 65 78 0.5039
29152 65 87 0.5984
29152 65 90 0.5984
29152 65 56 0.3307
29152 65 60 0.3937
29217 65 87 0.5748
29217 65 80 0.4882
29217 65 78 0.4882
29217 65 63 0.3622
29217 65 60 0.3071
29282 65 85 0.5748
29282 65 80 0.4882
29282 65 77 0.4882
29282 65 65 0.3622
29282 65 61 0.3071
29347 195 83 0.5748
29347 130 80 0.4882
29347 130 77 0.4882
29347 32 62 0.3937
29380 32 65 0.3543
29413 32 68 0.378
29445 32 74 0.4016
29478 29 80 0.5512
29478 29 77 0.4094
29510 32 77 0.5276
29510 32 80 0.3858
29543 32 50 0.4803
29543 130 74 0.3622
29543 130 77 0.3622
29543 130 80 0.3622
29543 130 82 0.4331
29576 32 53 0.4724
29608 32 58 0.4882
29641 32 62 0.5039
29673 32 65 0.5276
29706 32 70 0.5433
29739 130 70 0.4882
29739 130 82 0.5748
29739 32 43 0.4882
29771 32 46 0.3937
29804 32 51 0.3937
29836 32 55 0.3701
29869 64 67 0.4409
29869 64 79 0.5276
29869 32 58 0.4252
29902 32 63 0.3543
29934 65 67 0.4882
29934 65 79 0.5748
29934 32 46 0.4173
29967 32 51 0.3543
30000 65 63 0.4488
30000 65 75 0.5354
30000 32 55 0.4016
30032 32 58 0.3543
30065 65 77 0.5354
30065 65 70 0.4488
30065 32 65 0.4488
30065 65 74 0.4488
30065 32 56 0.3543
30097 32 68 0.5354
30097 32 53 0.3543
30130 130 79 0.5748
30130 130 67 0.4882
30130 130 70 0.4882
30130 130 75 0.4882
30130 32 51 0.4331
30163 32 55 0.3858
30195 32 58 0.3858
30228 32 63 0.3858
30260 65 83 0.5748
30260 65 71 0.4882
30260 32 44 0.4252
30293 32 56 0.3701
30326 130 80 0.5906
30326 130 68 0.4961
30326 32 47 0.4252
30358 32 51 0.378
30391 32 56 0.4016
30423 32 59 0.3543
30456 65 77 0.5354
30456 65 65 0.4488
30456 32 49 0.3543
30489 32 61 0.3543
30521 130 85 0.6614
30521 130 73 0.5591
30521 32 46 0.5118
30554 32 49 0.3307
30586 32 54 0.4016
30619 32 58 0.3622
30652 65 70 0.5197
30652 65 82 0.6142
30652 32 49 0.4567
30684 32 61 0.3622
30717 130 79 0.6378
30717 130 67 0.5354
30717 32 51 0.4567
30750 32 55 0.3701
30782 32 58 0.4331
30815 32 61 0.3701
30847 65 75 0.4252
30847 32 55 0.2362
30880 32 63 0.2126
30880 32 67 0.2598
30880 32 58 0.2362
30913 65 63 0.3071
30913 130 71 0.3622
30913 65 68 0.3071
30913 32 56 0.3071
30945 32 59 0.2047
30978 32 63 0.2047
31010 32 68 0.2047
31043 65 68 0.4094
31043 32 60 0.2441
31076 32 63 0.2441
31108 130 76 0.4567
31108 32 61 0.315
31141 32 64 0.2677
31173 32 68 0.2677
31206 32 73 0.2283
31239 65 73 0.4409
31239 32 65 0.2677
31271 32 68 0.2441
31304 130 70 0.4724
31304 32 54 0.3071
31336 32 58 0.2441
31369 32 61 0.2441
31402 32 66 0.3543
31434 65 78 0.5354
31434 65 90 0.6299
31434 32 39 0.4646
31467 32 51 0.4094
31500 130 75 0.5748
31500 130 87 0.685
31500 32 42 0.4567
31532 32 46 0.3858
31565 32 51 0.4488
31597 32 54 0.3858
31630 65 72 0.5512
31630 65 84 0.6535
31630 32 44 0.4173
31663 32 56 0.3858
31695 130 80 0.5827
31695 130 92 0.685
31695 32 40 0.4646
31728 32 44 0.4016
31760 32 49 0.4094
31793 32 52 0.3937
31826 65 76 0.5354
31826 65 88 0.6299
31826 32 44 0.3937
31858 32 56 0.3543
31891 130 73 0.5748
31891 130 85 0.685
31891 32 45 0.4252
31923 32 49 0.3858
31956 32 52 0.3858
31989 32 57 0.3858
32021 65 57 0.3543
32021 65 69 0.4173
32021 32 49 0.2913
32054 32 61 0.2677
32086 63 57 0.3386
32086 130 66 0.4016
32086 130 51 0.3071
32119 97 54 0.2441
32152 32 58 0.2441
32184 32 63 0.2441
32217 65 63 0.4409
32217 32 55 0.2756
32250 32 58 0.2441
32282 130 83 0.4961
32282 32 56 0.2913
32315 32 59 0.2677
32347 32 63 0.2677
32380 32 68 0.2677
32413 65 80 0.4173
32413 32 60 0.2913
32445 32 63 0.2677
32478 130 77 0.4016
32478 32 61 0.3228
32510 32 65 0.2441
32543 32 68 0.2441
32576 32 73 0.2441
32608 65 85 0.4646
32608 65 73 0.4252
32608 32 65 0.3307
32641 32 68 0.2835
32673 130 81 0.4724
32673 32 73 0.4016
32673 32 66 0.3307
32706 64 78 0.4016
32706 32 69 0.2677
32739 32 73 0.2677
32771 32 69 0.4016
32771 32 78 0.2677
32804 65 86 0.4409
32804 65 74 0.3937
32804 32 59 0.2913
32836 32 71 0.2677
32836 32 59 0.2677
32869 130 83 0.4409
32869 130 71 0.3701
32902 32 56 0.2205
32902 32 68 0.2598
32967 32 65 0.2598
32967 32 53 0.2205
33000 65 68 0.3307
33000 65 80 0.3937
33065 130 77 0.3622
33065 130 65 0.3071
33097 32 61 0.2362
33097 32 49 0.1969
33163 32 37 0.1969
33163 32 49 0.2362
33195 64 74 0.3465
33195 64 65 0.2913
33195 64 68 0.2913
33195 64 71 0.2913
33260 129 71 0.3071
33260 129 65 0.2126
33260 129 62 0.2126
33260 129 68 0.2126
33293 32 37 0.1732
33293 32 49 0.2047
33358 32 37 0.1969
33391 64 68 0.2835
33391 64 59 0.1969
33391 64 62 0.1969
33391 64 65 0.1969
33456 129 65 0.2677
33456 129 56 0.189
33456 129 59 0.189
33456 129 62 0.189
33489 32 37 0.1732
33554 32 37 0.1654
33586 81 62 0.2362
33586 81 53 0.1654
33586 81 56 0.1654
33586 81 59 0.1654
33586 65 37 0.1654
33652 64 37 0.2362
33668 16 59 0.2362
33684 16 56 0.2362
33701 16 53 0.2362
33717 16 50 0.2362
33717 64 37 0.189
33733 16 47 0.2362
33750 16 44 0.2362
33766 16 47 0.2362
33782 16 50 0.2756
33782 64 44 0.189
33782 64 37 0.1575
33798 16 53 0.2362
33815 16 56 0.2362
33831 16 59 0.2362
33847 16 59 0.2362
33847 16 62 0.2835
33847 64 37 0.1575
33847 64 44 0.189
33864 16 65 0.2362
33880 16 68 0.2362
33896 16 71 0.2362
33913 16 74 0.2756
33913 16 71 0.2283
33913 64 37 0.1575
33913 64 44 0.189
33929 16 77 0.2362
33945 16 80 0.2362
33961 16 83 0.2362
33978 65 81 0.1732
33978 16 86 0.252
33978 64 30 0.1575
33978 64 37 0.1575
33978 64 42 0.189
33994 16 84 0.2205
34010 16 86 0.2205
34027 16 85 0.2205
34043 65 81 0.189
34043 16 86 0.2756
34043 64 30 0.1575
34043 64 37 0.1575
34043 64 42 0.189
34059 16 73 0.189
34076 16 86 0.2205
34092 16 85 0.2205
34108 16 73 0.1732
34108 65 81 0.252
34108 64 37 0.1575
34108 64 42 0.1575
34108 64 49 0.189
34125 16 85 0.2205
34141 16 86 0.2205
34157 16 85 0.2205
34173 16 83 0.2205
34173 64 37 0.1575
34173 64 42 0.1575
34173 64 49 0.189
34190 16 69 0.189
34206 16 83 0.2205
34222 16 81 0.2047
34239 16 69 0.2205
34239 64 37 0.1575
34239 64 42 0.1575
34239 64 49 0.189
34255 16 81 0.2205
34271 16 83 0.2205
34288 16 81 0.2205
34304 16 80 0.2677
34304 64 37 0.1575
34304 64 42 0.1575
34304 64 49 0.189
34320 16 66 0.189
34336 16 80 0.2205
34353 16 78 0.2205
34369 16 68 0.2205
34369 64 37 0.1575
34369 64 41 0.1575
34369 64 49 0.189
34385 16 80 0.2205
34402 16 81 0.2047
34418 16 80 0.2047
34434 16 69 0.2441
34434 64 37 0.2205
34434 64 42 0.2205
34434 64 49 0.2677
34451 16 81 0.2441
34467 16 83 0.2283
34483 16 81 0.2362
34500 16 83 0.3071
34500 64 37 0.1811
34500 64 42 0.1811
34500 64 49 0.2126
34516 16 70 0.2205
34532 16 83 0.2756
34548 16 82 0.2756
34565 16 71 0.2835
34565 64 38 0.189
34565 64 42 0.189
34565 64 50 0.2205
34581 16 83 0.2913
34597 16 85 0.2913
34614 16 83 0.2992
34630 16 85 0.3858
34630 64 38 0.1969
34630 64 42 0.1969
34630 64 50 0.2362
34646 16 83 0.315
34663 16 71 0.2677
34679 16 83 0.3307
34695 16 71 0.3307
34695 64 38 0.2047
34695 64 42 0.2047
34695 64 50 0.2441
34711 16 83 0.3465
34728 16 85 0.3307
34744 16 83 0.3307
34760 16 88 0.4331
34760 64 35 0.2126
34760 64 42 0.2126
34760 64 47 0.252
34777 16 86 0.3622
34793 16 74 0.315
34809 16 86 0.378
34826 16 74 0.3937
34826 64 35 0.2283
34826 64 42 0.2283
34826 64 47 0.2756
34842 16 86 0.3937
34858 16 88 0.4016
34875 16 86 0.4016
34891 16 88 0.4724
34891 64 47 0.2283
34891 64 54 0.2283
34891 64 59 0.2677
34907 16 86 0.3386
34923 16 74 0.4094
34940 16 86 0.4173
34956 16 73 0.4094
34956 64 45 0.2362
34956 64 54 0.2362
34956 64 57 0.2835
34972 16 85 0.4252
34989 16 86 0.4252
35005 16 85 0.4331
35021 16 86 0.5354
35021 64 45 0.2441
35021 64 54 0.2441
35021 64 57 0.2913
35038 16 85 0.4409
35054 16 73 0.3701
35070 16 85 0.4409
35086 16 77 0.3386
35086 16 83 0.4488
35086 64 44 0.252
35086 64 49 0.252
35086 64 56 0.2992
35103 16 89 0.4488
35119 16 90 0.4567
35135 16 89 0.4567
35152 16 92 0.5512
35152 64 42 0.2598
35152 64 49 0.2598
35152 64 54 0.3071
35168 16 90 0.4646
35184 16 81 0.3937
35184 16 78 0.3937
35201 16 90 0.4724
35217 16 93 0.5354
35217 64 41 0.2756
35217 64 49 0.2756
35217 64 56 0.3307
35233 16 92 0.4803
35250 16 80 0.4803
35266 16 92 0.4803
35282 64 41 0.2677
35282 64 49 0.2677
35282 64 56 0.315
35298 16 92 0.4016
35315 16 80 0.4724
35331 16 92 0.4331
35347 64 53 0.2677
35347 64 56 0.2677
35347 64 59 0.2677
35347 64 61 0.315
35364 16 92 0.4252
35380 16 80 0.4646
35396 16 92 0.4331
35413 64 53 0.2677
35413 64 56 0.2677
35413 64 59 0.2677
35413 64 62 0.315
35429 16 80 0.4173
35445 16 88 0.5039
35461 16 86 0.4173
35478 16 85 0.4803
35478 64 53 0.2677
35478 64 56 0.2677
35478 64 59 0.2677
35478 64 62 0.315
35494 16 86 0.4803
35510 16 80 0.4488
35527 16 86 0.4488
35543 64 53 0.2677
35543 64 56 0.2677
35543 64 59 0.2677
35543 64 62 0.315
35559 16 86 0.4409
35576 16 80 0.5039
35592 16 86 0.4409
35608 16 74 0.4803
35608 64 53 0.2756
35608 64 56 0.2756
35608 64 59 0.2756
35608 64 62 0.3307
35625 16 85 0.4252
35641 16 88 0.4567
35657 16 86 0.4173
35673 16 85 0.5197
35673 64 41 0.2677
35673 64 44 0.2677
35673 64 53 0.315
35690 16 86 0.4016
35706 16 74 0.4803
35722 16 86 0.4252
35739 16 74 0.4961
35739 64 41 0.2677
35739 64 44 0.2677
35739 64 53 0.315
35755 16 86 0.4488
35771 16 88 0.5039
35788 15 86 0.4488
35804 16 86 0.5197
35804 64 41 0.2362
35804 64 44 0.2362
35804 64 53 0.2835
35820 16 85 0.4173
35836 16 73 0.4646
35853 16 85 0.4016
35869 16 84 0.3937
35869 64 42 0.2205
35869 64 45 0.2205
35869 64 54 0.2598
35885 16 85 0.3858
35902 16 73 0.378
35918 16 85 0.3701
35934 16 82 0.4331
35934 64 44 0.2047
35934 64 47 0.2047
35934 64 56 0.2441
35951 16 83 0.3622
35967 16 71 0.2913
35983 16 83 0.3465
36000 16 71 0.3937
36000 64 44 0.1969
36000 64 47 0.1969
36000 64 56 0.2362
36016 16 83 0.3465
36032 16 85 0.3543
36048 16 83 0.3622
36065 16 82 0.4331
36065 64 56 0.2047
36065 64 59 0.2047
36065 64 62 0.2047
36065 64 65 0.2441
36081 16 83 0.378
36097 16 71 0.3386
36114 16 83 0.4016
36130 16 71 0.4409
36130 64 56 0.2283
36130 64 59 0.2283
36130 64 62 0.2283
36130 64 65 0.2756
36146 16 83 0.4252
36163 16 85 0.4331
36179 16 83 0.4409
36195 64 59 0.252
36195 64 56 0.252
36195 64 62 0.252
36195 64 65 0.2992
36211 16 85 0.3858
36228 16 71 0.3386
36244 16 83 0.3858
36260 64 57 0.2441
36260 64 61 0.2441
36260 64 66 0.2913
36277 16 83 0.3543
36293 16 69 0.3386
36309 16 81 0.3386
36326 32 59 0.2362
36326 32 62 0.2362
36326 32 66 0.2835
36342 16 81 0.3858
36358 16 68 0.3701
36358 32 60 0.2362
36358 32 63 0.2362
36358 32 66 0.2835
36375 16 80 0.4252
36391 16 68 0.4252
36407 16 80 0.4252
36423 16 79 0.4016
36423 32 60 0.2441
36423 32 63 0.2441
36423 32 66 0.2441
36423 32 68 0.2913
36440 16 80 0.4016
36456 16 81 0.4803
36472 16 80 0.3386
36489 16 68 0.4094
36489 32 60 0.2283
36489 32 63 0.2283
36489 32 66 0.2677
36505 16 80 0.4094
36521 16 68 0.3937
36538 16 80 0.4016
36554 16 81 0.4016
36554 32 66 0.2205
36554 32 60 0.2205
36554 32 63 0.2205
36554 32 68 0.2677
36570 16 80 0.3937
36586 16 81 0.4803
36603 16 80 0.3937
36619 16 68 0.3228
36619 32 60 0.2126
36619 32 63 0.2126
36619 32 66 0.2598
36635 16 80 0.3858
36652 16 69 0.3858
36668 16 81 0.378
36684 16 83 0.378
36684 32 60 0.2126
36684 32 63 0.2126
36684 32 66 0.2126
36684 32 69 0.252
36701 16 81 0.378
36717 16 80 0.4488
36733 16 78 0.3701
36750 16 66 0.3071
36750 32 54 0.2047
36750 32 48 0.2047
36750 32 51 0.2047
36750 32 57 0.2441
36766 16 78 0.3701
36782 16 77 0.4173
36798 16 78 0.3622
36815 16 66 0.3543
36815 32 49 0.2126
36815 32 54 0.2126
36815 32 57 0.252
36831 16 78 0.3622
36847 16 80 0.4252
36864 16 78 0.3071
36880 16 66 0.3622
36880 32 57 0.1732
36880 32 49 0.1732
36880 32 54 0.1732
36880 32 60 0.2047
36896 16 78 0.3622
36913 16 77 0.3543
36929 16 78 0.3228
36945 16 66 0.3622
36945 32 57 0.2047
36945 32 49 0.2047
36945 32 54 0.2047
36945 32 61 0.2441
36961 16 78 0.315
36978 65 53 0.2047
36978 65 49 0.2047
36978 65 56 0.2047
36978 65 61 0.2441
36994 16 78 0.3622
37010 16 65 0.3071
37027 16 77 0.3622
37043 65 49 0.2047
37043 65 53 0.2047
37043 65 56 0.2441
37059 16 81 0.3622
37076 16 68 0.3307
37092 16 80 0.3622
37108 65 49 0.2047
37108 65 56 0.2047
37108 65 59 0.2441
37125 16 85 0.3622
37141 16 71 0.3071
37157 16 83 0.3622
37173 16 85 0.3622
37173 65 49 0.2126
37173 65 56 0.2126
37173 65 59 0.252
37190 16 71 0.3071
37206 16 85 0.3622
37222 16 83 0.3622
37239 16 82 0.4252
37239 65 49 0.1811
37239 65 56 0.1811
37239 65 59 0.2126
37255 16 83 0.3622
37271 16 71 0.2913
37288 15 83 0.3622
37304 16 83 0.3543
37304 65 49 0.2047
37304 65 54 0.2047
37304 65 57 0.2441
37320 16 81 0.3622
37336 16 69 0.3228
37353 16 81 0.3622
37369 16 83 0.4488
37369 65 49 0.1811
37369 65 54 0.1811
37369 65 57 0.2126
37385 16 69 0.3071
37402 16 83 0.3465
37418 15 81 0.3622
37434 16 81 0.3622
37434 65 47 0.2047
37434 65 50 0.2047
37434 65 53 0.2047
37434 65 56 0.2441
37451 16 68 0.3071
37467 16 81 0.3386
37483 15 80 0.3386
37500 16 80 0.4331
37500 65 45 0.2047
37500 65 48 0.2047
37500 65 51 0.2047
37500 65 54 0.2441
37516 16 66 0.2992
37532 16 80 0.3071
37548 16 78 0.3622
37565 16 77 0.3622
37565 65 51 0.2126
37565 65 46 0.2126
37565 65 47 0.2126
37565 65 54 0.252
37581 16 78 0.3622
37597 16 66 0.3228
37614 16 78 0.3622
37630 16 80 0.4252
37630 65 51 0.1811
37630 65 46 0.1811
37630 65 47 0.1811
37630 65 54 0.2126
37646 16 78 0.3543
37663 16 66 0.2992
37679 16 78 0.3622
37695 16 65 0.3543
37695 65 44 0.2047
37695 65 49 0.2047
37695 65 53 0.2441
37711 16 77 0.3307
37728 16 78 0.3622
37744 16 77 0.3622
37760 16 78 0.4488
37760 65 44 0.1811
37760 65 49 0.1811
37760 65 53 0.2126
37777 16 65 0.3071
37793 16 78 0.3543
37809 16 77 0.3622
37826 16 68 0.4016
37826 65 49 0.2047
37826 32 53 0.2441
37842 16 80 0.3701
37858 16 81 0.3701
37858 32 53 0.2441
37858 32 56 0.2441
37875 16 80 0.378
37891 16 83 0.4646
37891 32 59 0.252
37891 65 49 0.2126
37891 32 56 0.252
37907 16 71 0.3307
37923 16 74 0.4016
37923 32 62 0.2677
37923 32 59 0.2677
37940 16 86 0.4173
37956 16 85 0.4567
37956 64 49 0.2441
37956 64 59 0.2441
37956 64 62 0.2913
37972 16 86 0.4331
37989 16 74 0.3937
38005 16 86 0.4488
38021 16 88 0.5354
38021 64 49 0.252
38021 64 59 0.252
38021 64 62 0.2992
38038 16 86 0.4567
38054 16 74 0.3937
38070 15 86 0.4803
38086 16 86 0.4724
38086 64 49 0.2677
38086 64 57 0.2677
38086 64 61 0.3228
38103 16 73 0.4094
38119 16 86 0.4646
38135 16 85 0.4567
38152 64 49 0.2756
38152 64 57 0.2756
38152 64 61 0.3307
38168 16 86 0.4882
38184 16 73 0.3937
38201 16 85 0.4252
38217 64 49 0.252
38217 64 56 0.252
38217 64 59 0.2992
38233 16 85 0.4409
38250 16 71 0.3543
38266 16 83 0.3858
38282 64 49 0.2283
38282 64 54 0.2283
38282 64 57 0.2677
38298 16 83 0.3937
38315 16 69 0.315
38331 16 81 0.3701
38347 16 83 0.4488
38347 64 49 0.2598
38347 64 54 0.2598
38347 64 57 0.315
38364 16 69 0.3543
38380 16 83 0.4252
38396 16 81 0.4016
38413 16 80 0.4961
38413 64 57 0.2362
38413 64 49 0.2362
38413 64 54 0.2362
38413 64 60 0.2835
38429 16 81 0.4094
38445 16 69 0.3307
38461 16 81 0.4016
38478 16 81 0.3858
38478 64 53 0.2205
38478 64 49 0.2205
38478 64 56 0.2205
38478 64 61 0.2598
38494 16 68 0.3307
38510 16 81 0.378
38527 16 80 0.3701
38543 64 53 0.2205
38543 64 49 0.2205
38543 64 56 0.2205
38543 64 61 0.2598
38559 16 80 0.3937
38576 16 68 0.3228
38592 16 80 0.3858
38608 64 53 0.2126
38608 64 49 0.2126
38608 64 56 0.2126
38608 64 61 0.252
38625 16 92 0.378
38641 16 80 0.4173
38657 16 92 0.378
38673 64 52 0.2047
38673 64 58 0.2047
38673 64 49 0.2047
38673 64 55 0.2047
38673 64 61 0.252
38690 16 91 0.3465
38706 16 79 0.4016
38722 16 91 0.3701
38739 64 55 0.2047
38739 64 50 0.2047
38739 64 59 0.2047
38739 64 62 0.2441
38755 16 91 0.3622
38771 16 79 0.4094
38788 16 91 0.3622
38804 64 55 0.1969
38804 64 50 0.1969
38804 64 59 0.1969
38804 64 62 0.2362
38820 16 91 0.3543
38836 16 83 0.4016
38853 16 95 0.3543
38869 64 50 0.189
38869 64 59 0.189
38869 64 55 0.189
38869 64 62 0.2283
38885 16 95 0.3465
38902 16 81 0.378
38918 16 93 0.3386
38934 64 55 0.189
38934 64 50 0.189
38934 64 59 0.189
38934 64 62 0.2205
38951 16 93 0.3386
38967 16 79 0.3858
38983 16 91 0.3543
39000 64 55 0.2047
39000 64 59 0.2047
39000 64 62 0.2441
39016 16 91 0.378
39032 16 79 0.4488
39048 16 91 0.4016
39065 64 59 0.2283
39065 64 55 0.2283
39065 64 62 0.2756
39081 16 91 0.4331
39097 16 79 0.4803
39114 16 78 0.4488
39114 16 90 0.4488
39130 64 55 0.2598
39130 64 60 0.2598
39130 64 64 0.3071
39146 16 90 0.4724
39163 16 76 0.4331
39179 16 88 0.4961
39195 64 55 0.2677
39195 64 60 0.2677
39195 64 64 0.3228
39211 16 88 0.4724
39228 16 76 0.4173
39244 16 88 0.4488
39260 64 60 0.2362
39260 64 55 0.2362
39260 64 64 0.2835
39277 16 88 0.4173
39293 16 76 0.4488
39309 16 78 0.3937
39309 16 90 0.3937
39326 64 55 0.2126
39326 64 59 0.2126
39326 64 62 0.252
39342 16 90 0.3701
39358 16 79 0.4252
39375 16 91 0.3465
39391 64 50 0.189
39391 64 55 0.189
39391 64 59 0.189
39391 64 62 0.2205
39407 16 91 0.3386
39423 16 79 0.3937
39440 16 91 0.3386
39456 64 50 0.189
39456 64 57 0.189
39456 64 54 0.189
39456 64 62 0.2205
39472 16 91 0.3386
39489 16 79 0.4016
39505 16 78 0.3386
39505 16 90 0.3386
39521 16 90 0.4094
39521 64 54 0.1969
39521 64 50 0.1969
39521 64 57 0.1969
39521 64 62 0.2362
39538 16 78 0.3386
39554 16 78 0.3386
39570 16 90 0.3386
39586 16 93 0.3937
39586 64 54 0.189
39586 64 49 0.189
39586 64 57 0.189
39586 64 61 0.2205
39603 16 81 0.2835
39619 16 81 0.3386
39635 16 93 0.3386
39652 16 97 0.3937
39652 64 54 0.189
39652 64 49 0.189
39652 64 57 0.189
39652 64 61 0.2205
39668 16 85 0.3386
39684 16 85 0.3858
39701 16 97 0.3386
39717 64 53 0.189
39717 64 49 0.189
39717 64 56 0.189
39717 64 61 0.2205
39733 16 97 0.3386
39750 16 85 0.3858
39766 16 97 0.3543
39782 64 49 0.2047
39782 64 53 0.2047
39782 64 56 0.2047
39782 64 61 0.2441
39798 16 85 0.378
39815 16 73 0.3543
39831 16 85 0.4016
39847 64 49 0.2283
39847 64 53 0.2283
39847 64 56 0.2283
39847 64 61 0.2756
39864 16 97 0.4331
39880 16 85 0.5118
39896 16 97 0.4488
39913 64 53 0.2677
39913 64 49 0.2677
39913 64 56 0.2677
39913 64 61 0.3228
39929 16 85 0.4724
39945 16 73 0.378
39961 16 85 0.4961
39978 64 53 0.2835
39978 64 49 0.2835
39978 64 56 0.2835
39978 64 61 0.3386
39994 16 97 0.4173
40010 16 85 0.4803
40027 16 97 0.4646
40043 16 93 0.4331
40043 64 54 0.2441
40043 64 57 0.2441
40043 64 61 0.2913
40059 16 81 0.4252
40076 16 81 0.4094
40092 16 93 0.3858
40108 16 93 0.4094
40108 64 54 0.2047
40108 64 57 0.2047
40108 64 61 0.252
40125 16 81 0.3228
40141 16 81 0.3701
40157 16 93 0.3465
40173 16 90 0.4094
40173 32 61 0.252
40173 32 57 0.252
40190 16 78 0.3701
40206 16 78 0.3701
40206 32 49 0.1969
40206 32 45 0.1969
40206 32 57 0.2362
40222 16 66 0.3622
40239 16 77 0.3937
40239 16 80 0.4646
40239 16 71 0.3937
40239 32 44 0.252
40239 32 49 0.252
40239 32 56 0.2913
40255 16 68 0.4409
40271 16 78 0.3937
40271 16 81 0.4646
40271 16 73 0.3937
40271 32 42 0.2677
40271 32 49 0.2677
40271 32 54 0.3228
40288 16 69 0.4882
40304 65 80 0.4331
40304 65 83 0.5118
40304 65 71 0.4331
40304 32 37 0.2913
40304 32 49 0.3465
40336 65 37 0.4803
40369 65 68 0.3937
40369 65 71 0.4646
40369 65 62 0.3937
40402 65 29 0.3071
40402 65 41 0.3701
40434 65 61 0.3937
40434 65 66 0.3937
40434 65 69 0.4646
40467 65 30 0.3071
40467 65 42 0.3701
40500 65 59 0.4016
40500 65 62 0.4016
40500 65 69 0.5118
40500 65 65 0.4331
40532 65 32 0.3071
40532 65 44 0.3701
40565 65 62 0.3937
40565 65 59 0.3937
40565 65 68 0.4646
40565 65 65 0.4646
40597 32 33 0.3228
40597 32 45 0.3858
40630 65 63 0.3937
40630 65 57 0.3937
40630 65 66 0.4646
40630 32 35 0.3465
40630 32 47 0.4094
40663 32 36 0.3622
40663 32 48 0.4331
40695 97 63 0.4409
40695 195 66 0.5197
40695 195 57 0.4409
40695 32 37 0.3307
40695 32 49 0.3937
40728 32 36 0.2835
40728 32 48 0.3386
40760 32 37 0.3228
40760 32 49 0.3858
40793 32 60 0.4331
40793 32 36 0.2835
40793 32 48 0.3386
40826 32 61 0.4331
40826 32 37 0.3071
40826 32 49 0.3622
40858 32 60 0.4331
40858 32 36 0.2756
40858 32 48 0.3307
40891 97 56 0.3937
40891 195 65 0.4646
40891 195 61 0.3937
40891 32 37 0.315
40891 32 49 0.378
40923 32 53 0.2835
40956 97 56 0.3622
40989 32 68 0.4488
40989 32 53 0.2835
41021 32 71 0.4724
41021 65 56 0.3465
41054 32 74 0.4961
41054 32 59 0.2835
41086 64 68 0.4331
41086 64 62 0.3622
41086 64 74 0.5118
41086 64 65 0.3622
41086 64 71 0.4331
41086 32 49 0.2441
41086 32 53 0.2441
41086 32 56 0.2913
41086 32 59 0.3465
41119 65 37 0.4016
41119 65 49 0.4803
41152 64 68 0.3937
41152 64 74 0.4646
41152 64 62 0.3937
41152 64 71 0.3937
41184 65 41 0.3071
41184 65 53 0.3701
41217 64 61 0.3937
41217 64 73 0.4646
41217 64 69 0.3937
41250 65 42 0.3071
41250 65 54 0.3701
41282 64 68 0.4331
41282 64 73 0.5118
41282 64 65 0.4331
41282 64 62 0.4331
41315 65 44 0.3071
41315 65 56 0.3701
41347 64 68 0.3937
41347 64 71 0.4646
41347 64 65 0.4646
41347 64 62 0.3937
41380 32 45 0.3228
41380 32 57 0.3858
41413 64 63 0.3937
41413 64 66 0.3937
41413 64 69 0.4646
41413 32 47 0.3465
41413 32 59 0.4094
41445 65 48 0.3622
41445 65 60 0.4331
41478 130 66 0.4409
41478 130 69 0.5197
41510 32 49 0.2835
41510 32 61 0.3386
41543 32 60 0.4331
41543 32 36 0.3228
41543 32 48 0.3858
41576 32 61 0.4331
41576 32 37 0.2835
41576 32 49 0.3386
41608 65 65 0.4016
41608 65 68 0.4016
41608 32 60 0.4331
41608 32 36 0.3071
41608 32 48 0.3622
41641 32 61 0.4331
41641 32 37 0.2756
41641 32 49 0.3307
41673 65 61 0.3937
41673 65 56 0.3937
41673 65 65 0.3937
41673 65 68 0.4646
41673 32 48 0.3622
41673 32 36 0.3071
41706 32 37 0.2756
41706 32 49 0.3307
41739 65 55 0.2598
41739 65 58 0.2598
41739 65 64 0.3071
41739 114 67 0.378
41739 32 37 0.2677
41771 32 46 0.2362
41804 65 55 0.2598
41804 65 59 0.2598
41804 65 62 0.3071
41804 32 38 0.2598
41836 32 47 0.2362
41853 16 67 0.3701
41869 130 83 0.4961
41869 32 31 0.2598
41902 32 43 0.2205
41934 65 71 0.3701
41934 32 50 0.2205
41967 32 43 0.2205
42000 64 69 0.2913
42000 64 81 0.3937
42000 32 50 0.2205
42032 32 43 0.2205
42065 65 69 0.315
42065 65 81 0.4331
42065 32 35 0.2598
42097 32 43 0.2205
42130 65 67 0.2756
42130 65 79 0.378
42130 32 55 0.2205
42163 32 43 0.2205
42195 65 67 0.2835
42195 32 71 0.2835
42195 32 79 0.3858
42195 32 55 0.2205
42228 32 74 0.2598
42228 32 78 0.3465
42228 32 43 0.2205
42260 65 67 0.315
42260 65 74 0.378
42260 65 78 0.4331
42260 32 36 0.2598
42293 32 43 0.2283
42326 65 67 0.2835
42326 65 72 0.2835
42326 65 76 0.3858
42326 32 55 0.2283
42358 32 43 0.2283
42391 32 76 0.378
42391 32 72 0.2756
42391 32 67 0.2756
42391 32 55 0.2283
42423 32 75 0.2992
42423 32 78 0.4016
42423 32 69 0.2992
42423 32 72 0.2992
42423 32 43 0.2283
42456 32 75 0.315
42456 32 78 0.4331
42456 32 69 0.315
42456 32 72 0.315
42456 32 31 0.2598
42489 32 79 0.3937
42489 32 74 0.2913
42489 32 71 0.2913
42489 32 43 0.2205
42521 65 71 0.2913
42521 65 74 0.2913
42521 65 79 0.3937
42521 32 55 0.2205
42554 32 43 0.2205
42586 32 67 0.315
42586 16 55 0.2205
42603 16 43 0.189
42619 32 54 0.2362
42619 32 66 0.2835
42619 32 38 0.1811
42619 32 42 0.2205
42652 64 54 0.2677
42652 64 66 0.315
42652 32 38 0.1969
42652 32 42 0.2362
42684 32 45 0.2126
42717 64 57 0.2441
42717 64 69 0.2913
42717 64 66 0.2441
42717 64 61 0.2441
42717 32 37 0.1732
42717 32 42 0.1732
42717 32 45 0.2126
42750 32 49 0.2126
42782 64 61 0.2441
42782 64 73 0.2913
42782 64 69 0.2441
42782 64 66 0.2441
42782 32 37 0.1732
42782 32 42 0.1732
42782 32 45 0.2126
42815 32 49 0.2126
42847 129 61 0.2677
42847 129 73 0.3228
42847 129 68 0.2677
42847 129 65 0.2677
42847 32 37 0.2205
42847 32 41 0.2205
42847 32 44 0.2598
42880 32 49 0.2205
42913 32 37 0.1811
42913 32 41 0.1811
42913 32 44 0.2205
42945 32 49 0.2205
42978 64 61 0.2283
42978 64 73 0.2756
42978 64 69 0.2283
42978 64 66 0.2283
42978 32 42 0.2205
42978 32 45 0.2205
43010 32 49 0.2205
43043 65 61 0.2835
43043 65 69 0.2835
43043 65 73 0.3386
43043 32 42 0.2047
43043 32 45 0.2441
43076 32 49 0.2047
43108 65 62 0.2677
43108 65 67 0.2677
43108 65 74 0.315
43108 32 35 0.1732
43108 32 47 0.2047
43141 32 50 0.2047
43173 65 55 0.2362
43173 65 67 0.2835
43173 32 35 0.1732
43173 32 43 0.2047
43206 32 47 0.2047
43239 65 59 0.2441
43239 65 71 0.2913
43239 32 35 0.2047
43239 32 47 0.2441
43271 32 47 0.189
43304 65 61 0.2913
43304 32 37 0.1575
43304 32 49 0.189
43336 32 49 0.189
43369 65 65 0.2441
43369 65 53 0.2047
43369 32 37 0.189
43402 32 41 0.189
43434 65 66 0.2992
43434 65 54 0.252
43434 32 30 0.2283
43467 32 37 0.1732
43467 32 42 0.2047
43500 97 73 0.3228
43500 97 61 0.2677
43500 32 29 0.2047
43532 32 37 0.1654
43532 32 44 0.189
43565 32 29 0.1811
43597 32 68 0.2283
43597 32 56 0.189
43597 32 37 0.1496
43597 32 44 0.1732
43630 65 69 0.2441
43630 65 57 0.2047
43630 32 30 0.189
43663 32 37 0.1496
43663 32 45 0.1811
43695 97 81 0.3307
43695 97 69 0.2677
43695 32 37 0.1417
43728 32 49 0.1417
43728 32 42 0.1181
43760 32 37 0.1417
43793 32 77 0.1969
43793 32 65 0.1654
43793 32 49 0.1417
43891 32 38 0.189
43891 32 50 0.2283
43956 32 69 0.1811
43956 32 66 0.1496
43956 32 62 0.1496
43956 32 57 0.1496
44021 32 69 0.1811
44021 32 66 0.1496
44021 32 62 0.1496
44021 32 57 0.1496
44086 32 38 0.1811
44086 32 50 0.2205
44152 97 78 0.3386
44152 32 69 0.1811
44152 32 66 0.1496
44152 32 62 0.1496
44152 32 57 0.1496
44217 32 69 0.1811
44217 32 66 0.1496
44217 32 62 0.1496
44217 32 57 0.1496
44250 64 78 0.3465
44282 32 38 0.1732
44282 32 50 0.2126
44315 64 78 0.3465
44347 64 81 0.4803
44347 32 69 0.1811
44347 32 66 0.1496
44347 32 62 0.1496
44347 32 57 0.1496
44380 64 78 0.3858
44413 65 86 0.5827
44413 32 69 0.1811
44413 32 66 0.1496
44413 32 62 0.1496
44413 32 57 0.1496
44445 64 78 0.4252
44478 65 88 0.5591
44478 32 38 0.1732
44478 32 50 0.2047
44510 64 78 0.4094
44543 65 90 0.5591
44543 32 69 0.1811
44543 32 66 0.1496
44543 32 62 0.1496
44543 32 57 0.1496
44576 32 78 0.3543
44608 8 90 0.5433
44608 32 69 0.1811
44608 32 64 0.1496
44608 32 61 0.1496
44608 32 57 0.1496
44616 8 91 0.4803
44625 8 90 0.5276
44633 8 91 0.4961
44641 8 90 0.4961
44649 8 91 0.5591
44657 8 90 0.5433
44665 8 91 0.6142
44673 65 93 0.6535
44673 32 37 0.1732
44673 32 49 0.2126
44706 129 81 0.4488
44739 65 91 0.5906
44739 32 69 0.1811
44739 32 64 0.1496
44739 32 61 0.1496
44739 32 57 0.1496
44804 86 91 0.6063
44804 32 69 0.1811
44804 32 64 0.1496
44804 32 61 0.1496
44804 32 57 0.1496
44836 65 81 0.4409
44869 32 37 0.1732
44869 32 49 0.2047
44902 32 88 0.5354
44934 32 85 0.4882
44934 32 69 0.1811
44934 32 64 0.1496
44934 32 61 0.1496
44934 32 57 0.1496
44967 32 86 0.5118
45000 32 87 0.5827
45000 32 69 0.1811
45000 32 64 0.1496
45000 32 61 0.1496
45000 32 57 0.1496
45032 54 88 0.5039
45065 32 37 0.1732
45065 32 49 0.2126
45086 21 79 0.4961
45108 21 78 0.5039
45130 21 79 0.5039
45130 32 69 0.1811
45130 32 64 0.1496
45130 32 61 0.1496
45130 32 57 0.1496
45152 21 81 0.5197
45173 21 82 0.5354
45195 21 85 0.5512
45195 32 69 0.1811
45195 32 64 0.1496
45195 32 61 0.1496
45195 32 57 0.1496
45217 21 83 0.5354
45239 21 81 0.5197
45260 21 79 0.5433
45260 32 37 0.1732
45260 32 49 0.2047
45282 21 78 0.5118
45304 21 79 0.4724
45326 21 80 0.5433
45326 32 69 0.1811
45326 32 64 0.1496
45326 32 61 0.1496
45326 32 57 0.1496
45347 21 81 0.5039
45369 21 76 0.4646
45391 32 79 0.5512
45391 32 69 0.2047
45391 32 66 0.1654
45391 32 62 0.1654
45391 32 57 0.1654
45423 65 78 0.5039
45456 32 38 0.1969
45456 32 50 0.2441
45489 65 81 0.5433
45521 32 66 0.2047
45521 32 62 0.1654
45521 32 57 0.1654
45521 32 54 0.1654
45554 64 86 0.5984
45586 32 66 0.2047
45586 32 62 0.1654
45586 32 59 0.1654
45586 32 54 0.1654
45619 65 86 0.5827
45652 32 35 0.1969
45652 32 47 0.2283
45684 65 88 0.6142
45717 32 66 0.2047
45717 32 62 0.1654
45717 32 59 0.1654
45717 32 54 0.1654
45750 32 90 0.5354
45782 8 90 0.4882
45782 32 61 0.1654
45782 32 66 0.2047
45782 32 64 0.1654
45782 32 58 0.1654
45782 32 54 0.1654
45790 8 91 0.4646
45798 8 90 0.5039
45807 8 91 0.4724
45815 8 90 0.5276
45823 8 91 0.4882
45831 8 90 0.5433
45839 8 91 0.5118
45847 8 90 0.5669
45847 32 34 0.1969
45847 32 46 0.2441
45855 8 91 0.5197
45864 8 90 0.5827
45872 8 91 0.5512
45880 10 90 0.6063
45891 10 89 0.622
45902 10 90 0.5906
45913 32 93 0.6614
45913 32 55 0.1654
45913 32 67 0.2047
45913 32 64 0.1654
45913 32 61 0.1654
45913 32 58 0.1654
45945 32 91 0.5276
45978 86 91 0.5669
45978 32 55 0.1654
45978 32 67 0.2047
45978 32 64 0.1654
45978 32 61 0.1654
45978 32 58 0.1654
46043 32 34 0.1969
46043 32 46 0.2283
46065 21 87 0.5433
46086 21 88 0.5669
46108 21 91 0.5669
46108 32 55 0.1654
46108 32 67 0.2047
46108 32 64 0.1654
46108 32 61 0.1654
46108 32 58 0.1654
46130 21 90 0.5276
46152 21 88 0.5039
46173 86 88 0.6063
46173 32 61 0.1654
46173 32 67 0.2047
46173 32 64 0.1654
46173 32 58 0.1654
46173 32 55 0.1654
46239 32 34 0.1969
46239 32 46 0.2441
46260 21 84 0.5276
46282 21 85 0.5039
46304 21 88 0.5984
46304 32 55 0.1654
46304 32 67 0.2047
46304 32 64 0.1654
46304 32 61 0.1654
46304 32 58 0.1654
46326 21 86 0.5276
46347 21 85 0.5118
46369 16 83 0.5669
46369 32 54 0.1654
46369 32 66 0.2047
46369 32 64 0.1654
46369 32 61 0.1654
46369 32 58 0.1654
46385 16 82 0.4882
46402 16 86 0.5197
46418 16 85 0.4961
46434 16 84 0.5669
46434 32 34 0.1969
46434 32 46 0.2283
46451 16 85 0.4961
46467 16 76 0.5197
46483 16 79 0.4724
46500 16 77 0.5669
46500 32 66 0.2047
46500 32 54 0.1654
46500 32 64 0.1654
46500 32 61 0.1654
46500 32 58 0.1654
46516 16 78 0.4882
46532 16 73 0.5197
46548 16 76 0.4803
46565 65 74 0.5197
46565 32 59 0.1654
46565 32 66 0.2047
46565 32 62 0.1654
46565 32 54 0.1654
46630 97 83 0.5512
46630 32 35 0.1969
46630 32 47 0.2441
46695 32 66 0.2047
46695 32 62 0.1654
46695 32 59 0.1654
46695 32 54 0.1654
46728 32 78 0.4646
46760 130 79 0.5197
46760 32 66 0.2047
46760 32 64 0.1654
46760 32 54 0.1654
46760 32 58 0.1654
46793 64 70 0.3071
46793 64 76 0.3622
46826 32 37 0.1969
46826 32 49 0.2283
46858 64 70 0.2913
46858 64 76 0.3465
46891 65 78 0.5039
46891 32 66 0.2047
46891 32 64 0.1654
46891 32 54 0.1654
46891 32 58 0.1654
46923 32 70 0.3071
46923 32 76 0.3622
46956 65 71 0.3386
46956 65 74 0.3386
46956 16 78 0.5197
46956 32 59 0.1811
46956 32 66 0.2205
46956 32 62 0.1811
46956 32 54 0.1811
46972 16 90 0.4409
46989 16 85 0.4646
47005 16 86 0.4331
47021 16 88 0.5197
47021 32 35 0.2126
47021 32 47 0.2677
47038 16 86 0.4488
47054 16 82 0.4646
47070 16 83 0.4331
47086 16 85 0.5197
47086 32 66 0.2283
47086 32 62 0.1811
47086 32 59 0.1811
47086 32 54 0.1811
47103 16 83 0.4724
47119 10 86 0.5197
47130 10 83 0.4488
47141 10 78 0.3937
47152 32 81 0.5197
47152 32 66 0.2283
47152 32 64 0.189
47152 32 54 0.189
47152 32 58 0.189
47184 64 79 0.4724
47184 64 70 0.2441
47184 64 76 0.2441
47217 32 37 0.2283
47217 32 49 0.2598
47250 64 76 0.2441
47250 64 70 0.2441
47250 64 79 0.4724
47282 32 66 0.2362
47282 32 64 0.189
47282 32 54 0.189
47282 32 58 0.189
47315 32 78 0.5039
47315 32 70 0.2441
47315 32 76 0.2913
47347 97 78 0.5669
47347 32 74 0.4803
47347 32 71 0.4803
47347 32 59 0.2283
47347 32 66 0.2835
47347 32 62 0.2283
47347 32 54 0.2283
47380 64 66 0.4173
47413 32 38 0.3622
47413 32 50 0.4567
47445 64 66 0.4646
47445 32 74 0.378
47445 32 71 0.3622
47445 64 78 0.5591
47478 32 70 0.4567
47478 32 76 0.3858
47478 32 61 0.3071
47478 32 54 0.2441
47478 32 49 0.2441
47510 32 70 0.4252
47510 32 78 0.5512
47510 32 66 0.4646
47510 32 76 0.3858
47543 32 71 0.5118
47543 32 66 0.5118
47543 32 74 0.5118
47543 97 78 0.6063
47543 32 59 0.3071
47543 32 54 0.2441
47543 32 47 0.2441
47576 64 71 0.4409
47608 32 35 0.3937
47608 32 47 0.4882
47641 32 74 0.4803
47641 64 71 0.4961
47641 64 83 0.5906
47641 32 78 0.4016
47673 32 75 0.4882
47673 32 78 0.4094
47673 32 57 0.3228
47673 32 45 0.2598
47706 32 75 0.4882
47706 32 71 0.4882
47706 32 78 0.4094
47706 32 83 0.5906
47739 32 72 0.4961
47739 32 78 0.4961
47739 32 75 0.4961
47739 32 84 0.5906
47739 32 56 0.3307
47739 32 44 0.2598
47771 64 72 0.4961
47771 64 78 0.4961
47771 64 75 0.4961
47771 64 84 0.5984
47804 32 32 0.4173
47804 32 44 0.5276
47836 64 72 0.5118
47836 32 78 0.6142
47836 32 75 0.5118
47836 64 84 0.6142
47869 32 75 0.5118
47869 32 81 0.6142
47869 32 54 0.3465
47869 32 42 0.2835
47902 32 72 0.5197
47902 32 81 0.5197
47902 32 84 0.622
47902 32 75 0.5197
47934 32 73 0.5197
47934 32 85 0.622
47934 32 80 0.5197
47934 32 53 0.4252
47934 32 41 0.3386
47967 64 80 0.5276
47967 64 73 0.5276
47967 64 85 0.6299
47967 32 53 0.3465
47967 32 65 0.4331
48000 32 41 0.4252
48000 32 53 0.5197
48032 32 73 0.5354
48032 64 85 0.6457
48032 32 80 0.6457
48032 32 53 0.4252
48032 32 65 0.5354
48065 32 78 0.6457
48065 32 73 0.5433
48065 32 51 0.4488
48065 32 39 0.3622
48097 32 78 0.5433
48097 64 73 0.5433
48097 64 85 0.6535
48097 32 51 0.3622
48097 32 63 0.4488
48130 32 77 0.5276
48130 65 37 0.3465
48130 65 49 0.3465
48163 32 84 0.5118
48163 32 72 0.4724
48195 32 87 0.4646
48195 32 75 0.4646
48195 130 61 0.1969
48195 65 65 0.1969
48195 65 68 0.2362
48228 32 85 0.4646
48228 32 73 0.4646
48260 32 84 0.4567
48260 32 72 0.4567
48260 65 66 0.189
48260 97 70 0.2283
48293 32 73 0.4488
48293 32 85 0.4488
48326 65 76 0.4409
48326 65 88 0.4409
48326 32 67 0.1969
48326 195 61 0.1969
48358 32 70 0.2362
48358 32 67 0.1969
48391 163 75 0.4331
48391 163 87 0.4331
48391 32 70 0.1969
48391 32 73 0.2362
48423 32 68 0.189
48423 32 71 0.2283
48456 32 67 0.189
48456 32 70 0.2283
48489 32 68 0.189
48489 32 71 0.2283
48521 32 66 0.2126
48521 32 70 0.2598
48521 195 61 0.2126
48554 32 84 0.4331
48554 32 72 0.3622
48554 32 66 0.2126
48554 32 69 0.2598
48586 32 87 0.4961
48586 32 75 0.4173
48586 163 65 0.2126
48586 163 68 0.2598
48619 32 85 0.4331
48619 32 73 0.3622
48652 32 84 0.4724
48652 32 72 0.4016
48684 32 73 0.3543
48684 32 85 0.4173
48717 65 75 0.3937
48717 65 87 0.4646
48717 195 61 0.1969
48750 32 68 0.2362
48750 32 65 0.1969
48782 163 85 0.4331
48782 163 73 0.3622
48782 32 68 0.1969
48782 32 71 0.2362
48815 32 66 0.189
48815 32 70 0.2283
48847 32 65 0.189
48847 32 68 0.2283
48880 32 66 0.189
48880 32 70 0.2283
48913 65 64 0.2205
48913 65 67 0.2677
48913 130 61 0.2205
48945 32 70 0.3701
48945 32 82 0.4409
48978 32 73 0.4409
48978 32 85 0.5197
48978 65 65 0.189
48978 65 68 0.2283
49010 32 71 0.3937
49010 32 83 0.4646
49043 32 70 0.4409
49043 32 82 0.5276
49043 65 62 0.2598
49043 65 65 0.2598
49043 65 68 0.3071
49076 32 83 0.4724
49076 32 71 0.4016
49108 32 71 0.4409
49108 32 83 0.5276
49108 32 68 0.2756
49108 65 62 0.2283
49141 32 68 0.4016
49141 32 80 0.4803
49141 32 65 0.2441
49173 32 71 0.4488
49173 32 83 0.5354
49173 65 63 0.2598
49173 32 68 0.3071
49206 32 70 0.4094
49206 32 82 0.4882
49206 32 66 0.2677
49239 32 68 0.4409
49239 32 80 0.5276
49239 65 60 0.2677
49239 32 65 0.315
49271 31 69 0.4094
49271 31 81 0.4882
49271 32 66 0.2756
49304 65 69 0.4882
49304 65 81 0.5827
49304 65 60 0.3071
49304 32 66 0.3622
49336 32 63 0.315
49369 65 80 0.5433
49369 65 73 0.4567
49369 65 68 0.4567
49369 65 59 0.2992
49369 32 66 0.3543
49402 32 65 0.315
49434 97 73 0.4961
49434 65 78 0.5906
49434 65 58 0.3307
49434 32 66 0.3937
49467 32 61 0.315
49500 65 83 0.6142
49500 65 56 0.3307
49500 65 61 0.3307
49500 32 66 0.3937
49532 32 73 0.5276
49532 32 65 0.315
49565 32 80 0.5276
49565 65 82 0.622
49565 65 54 0.3465
49565 65 61 0.3465
49565 65 66 0.4094
49597 32 78 0.5276
49630 32 77 0.5433
49630 130 87 0.6457
49630 65 47 0.3071
49630 65 59 0.3701
49663 32 78 0.5512
49695 65 75 0.5748
49695 65 78 0.685
49695 65 47 0.3622
49695 32 59 0.4331
49728 32 53 0.3701
49760 65 78 0.5354
49760 65 85 0.6299
49760 65 73 0.5354
49760 65 46 0.3543
49760 32 56 0.4252
49793 32 54 0.3858
49826 130 90 0.7402
49826 130 78 0.622
49826 65 45 0.3622
49826 32 53 0.4331
49858 32 51 0.3937
49891 32 48 0.4488
49891 65 44 0.378
49923 32 49 0.4094
49956 65 89 0.7087
49956 65 77 0.5984
49956 32 39 0.4803
49989 32 37 0.4016
50021 163 95 0.7323
50021 163 83 0.6535
50021 163 89 0.6535
50021 163 92 0.6535
50021 32 36 0.5039
50054 32 37 0.4567
50086 32 37 0.5669
50119 32 56 0.252
50152 32 53 0.2835
50184 32 71 0.2835
50184 32 59 0.2441
50217 32 68 0.315
50217 32 56 0.2835
50250 32 74 0.2835
50250 32 62 0.2205
50282 32 72 0.315
50282 32 60 0.2677
50315 32 73 0.2835
50315 32 61 0.2362
50347 32 68 0.315
50347 32 56 0.2677
50380 32 75 0.2835
50380 32 63 0.2283
50413 32 73 0.315
50413 32 61 0.2677
50445 32 71 0.2756
50445 32 59 0.2362
50478 65 70 0.3858
50478 326 54 0.252
50478 32 58 0.2992
50510 32 63 0.2598
50543 32 60 0.2992
50576 32 61 0.2677
50608 195 42 0.4567
50608 32 58 0.2992
50641 32 63 0.2598
50673 32 60 0.2992
50706 32 61 0.2598
50739 32 58 0.2992
50771 32 63 0.2677
50804 32 42 0.4094
50804 65 54 0.252
50804 32 58 0.2992
50836 32 37 0.3622
50836 32 61 0.2677
50869 195 37 0.4094
50869 65 53 0.252
50869 32 56 0.2992
50902 32 61 0.2598
50934 65 54 0.252
50934 32 58 0.2992
50967 32 61 0.2677
51000 65 56 0.2677
51000 32 59 0.3228
51032 32 61 0.2835
51065 129 37 0.4094
51065 65 56 0.2677
51065 32 59 0.315
51097 32 61 0.2677
51130 65 54 0.252
51130 32 58 0.2992
51163 32 61 0.252
51195 64 37 0.4094
51195 65 53 0.2441
51195 32 56 0.2913
51228 32 61 0.2677
51260 65 34 0.4094
51260 326 54 0.252
51260 32 58 0.2992
51293 32 63 0.2598
51326 32 60 0.2992
51358 32 61 0.2677
51391 194 90 0.4803
51391 194 78 0.4173
51391 32 58 0.2992
51423 32 63 0.2598
51456 32 60 0.2992
51489 32 61 0.2598
51521 32 58 0.2992
51554 32 63 0.2205
51586 32 90 0.4331
51586 32 78 0.378
51586 65 54 0.2126
51586 32 58 0.252
51619 32 85 0.378
51619 32 73 0.3307
51619 32 61 0.2205
51652 193 85 0.4331
51652 193 73 0.378
51652 65 53 0.252
51652 32 56 0.2992
51684 32 61 0.2598
51717 65 54 0.252
51717 32 58 0.2992
51750 32 61 0.2677
51782 65 56 0.2677
51782 32 59 0.3228
51815 32 61 0.2835
51847 129 85 0.4331
51847 129 73 0.378
51847 65 56 0.2677
51847 32 59 0.315
51880 32 61 0.2677
51913 65 54 0.252
51913 32 58 0.2992
51945 32 61 0.252
51978 64 85 0.4331
51978 64 73 0.378
51978 65 53 0.2047
51978 32 56 0.2441
52010 32 61 0.2205
52043 65 82 0.4173
52043 65 70 0.3543
52043 326 54 0.252
52043 22 58 0.2992
52065 21 63 0.2598
52086 21 61 0.2598
52108 22 60 0.2992
52130 21 63 0.2677
52152 16 61 0.2677
52173 129 42 0.4567
52173 22 58 0.2992
52195 21 63 0.2598
52217 16 61 0.2598
52239 22 60 0.2992
52260 21 63 0.2598
52282 16 61 0.2598
52304 64 42 0.4567
52304 22 58 0.2992
52326 21 63 0.2677
52347 16 61 0.2677
52369 21 42 0.4409
52369 65 54 0.252
52369 22 58 0.2992
52391 21 41 0.3937
52391 21 62 0.2677
52413 16 42 0.3937
52413 16 61 0.2677
52434 129 37 0.4094
52434 65 53 0.252
52434 22 56 0.2992
52456 21 63 0.2598
52478 16 61 0.2598
52500 65 54 0.252
52500 22 58 0.2992
52521 21 63 0.2677
52543 16 61 0.2677
52565 129 37 0.4094
52565 65 56 0.2677
52565 22 59 0.3228
52586 21 63 0.2835
52608 16 61 0.2835
52630 65 56 0.2677
52630 22 59 0.315
52652 21 63 0.2677
52673 16 61 0.2677
52695 129 37 0.4094
52695 65 54 0.252
52695 22 58 0.2992
52717 21 63 0.252
52739 16 61 0.252
52760 65 53 0.2441
52760 22 56 0.2913
52782 21 63 0.2677
52804 16 61 0.2677
52826 65 34 0.4094
52826 326 54 0.252
52826 22 58 0.2992
52848 21 63 0.2598
52869 21 61 0.2598
52891 22 60 0.3071
52913 21 63 0.2677
52934 16 61 0.2756
52956 193 90 0.5276
52956 193 78 0.4646
52956 22 58 0.3071
52978 21 63 0.2677
53000 16 61 0.2756
53021 22 60 0.3228
53043 21 63 0.2756
53065 16 61 0.2835
53086 22 58 0.3307
53108 21 63 0.2992
53130 16 61 0.2677
53152 22 90 0.5118
53152 22 78 0.4488
53152 65 54 0.252
53152 22 58 0.2992
53173 21 77 0.4016
53173 21 89 0.4567
53173 21 62 0.2677
53195 21 78 0.4016
53195 16 90 0.4567
53195 16 61 0.2677
53217 129 85 0.5276
53217 129 73 0.4646
53217 65 53 0.3071
53217 22 56 0.3701
53239 21 63 0.3228
53260 16 61 0.3228
53282 65 54 0.315
53282 22 58 0.3858
53304 21 63 0.3465
53326 16 61 0.3622
53347 129 73 0.4882
53347 129 85 0.5512
53347 65 56 0.3701
53347 22 59 0.4488
53369 21 63 0.4016
53391 16 61 0.4173
53413 65 56 0.3937
53413 22 59 0.4724
53434 21 63 0.4016
53456 16 61 0.4016
53478 108 73 0.4961
53478 108 85 0.5669
53478 65 54 0.3858
53478 22 58 0.4567
53500 21 63 0.3858
53521 16 61 0.3937
53543 65 53 0.3858
53543 22 56 0.4567
53565 21 61 0.4173
53586 21 71 0.3543
53586 21 83 0.3937
53586 16 59 0.315
53608 65 70 0.3937
53608 65 82 0.3937
53608 21 58 0.315
53608 195 54 0.3937
53630 21 61 0.2835
53652 21 59 0.2835
53673 21 70 0.315
53673 130 82 0.4331
53673 21 58 0.315
53695 21 80 0.315
53695 21 59 0.2992
53717 21 78 0.315
53717 21 61 0.2992
53739 21 77 0.3937
53739 21 63 0.315
53760 21 75 0.3228
53760 21 65 0.2913
53782 21 73 0.3386
53782 21 66 0.2913
53804 21 71 0.3937
53804 195 83 0.4331
53804 86 68 0.315
53804 195 56 0.3937
53826 21 73 0.3307
53847 21 70 0.3307
53869 21 71 0.3937
53891 21 73 0.315
53891 21 66 0.2835
53913 21 75 0.315
53913 21 65 0.2835
53934 21 77 0.3937
53934 21 63 0.315
53956 21 78 0.3228
53956 21 61 0.2756
53978 21 80 0.3228
53978 21 59 0.2756
54000 65 73 0.3937
54000 65 85 0.4331
54000 21 65 0.315
54000 195 58 0.3937
54021 21 66 0.2835
54043 21 65 0.2913
54065 21 82 0.3307
54065 130 85 0.4488
54065 21 61 0.3307
54086 21 80 0.3307
54086 21 63 0.315
54108 21 78 0.3386
54108 21 64 0.3228
54130 21 76 0.4331
54130 21 66 0.3465
54152 21 75 0.3543
54152 21 68 0.3228
54173 43 73 0.378
54173 21 70 0.3228
54195 195 87 0.5276
54195 65 71 0.3622
54195 195 59 0.4488
54217 21 75 0.378
54239 21 76 0.3858
54260 21 75 0.4724
54260 21 71 0.378
54282 21 77 0.378
54282 21 70 0.3386
54304 21 78 0.3858
54304 21 68 0.3465
54326 21 80 0.4882
54326 21 66 0.3937
54347 21 82 0.4016
54347 21 65 0.3465
54369 43 83 0.4094
54369 21 63 0.3465
54391 65 89 0.5591
54391 130 61 0.5118
54413 21 83 0.4173
54413 21 65 0.3701
54434 21 82 0.4252
54434 21 66 0.3701
54456 21 80 0.4252
54456 21 68 0.4252
54478 21 78 0.4252
54478 21 70 0.4016
54500 21 77 0.4331
54500 21 71 0.4094
54521 65 90 0.6063
54521 21 78 0.5512
54521 65 63 0.5512
54521 21 70 0.4409
54543 21 80 0.4488
54543 21 68 0.4094
54565 21 82 0.4803
54565 21 66 0.4094
54586 21 80 0.5669
54586 130 92 0.6614
54586 130 65 0.5669
54608 21 83 0.4803
54608 21 68 0.4094
54630 21 82 0.4882
54630 21 70 0.4173
54652 21 80 0.5906
54652 21 71 0.4724
54673 21 82 0.4724
54673 21 73 0.4488
54695 21 83 0.4803
54695 21 75 0.4567
54717 65 94 0.7165
54717 21 82 0.6063
54717 65 66 0.6063
54717 21 73 0.4882
54739 21 83 0.4961
54739 21 71 0.4488
54760 43 85 0.5039
54760 21 70 0.4567
54782 65 95 0.7559
54782 21 76 0.4567
54782 65 68 0.5669
54804 21 82 0.4803
54804 21 73 0.4094
54826 21 83 0.4882
54826 21 75 0.4173
54847 65 85 0.5827
54847 21 79 0.4961
54847 65 70 0.4803
54847 21 76 0.4016
54869 21 78 0.4016
54869 43 58 0.378
54869 21 66 0.378
54891 21 76 0.4016
54891 21 67 0.3858
54913 65 87 0.5512
54913 21 75 0.5118
54913 65 59 0.5118
54913 21 66 0.4094
54934 21 76 0.4173
54934 21 64 0.378
54956 43 78 0.4252
54956 21 63 0.4094
54978 130 81 0.5512
54978 21 63 0.378
54978 130 60 0.4094
55000 21 77 0.378
55000 21 65 0.3701
55021 21 75 0.3701
55021 21 66 0.3071
55043 21 72 0.4094
55043 21 69 0.3543
55065 21 73 0.3622
55065 21 68 0.2992
55086 21 75 0.3543
55086 21 66 0.2913
55108 21 77 0.3701
55108 65 80 0.4567
55108 21 61 0.3386
55108 65 59 0.2992
55130 21 74 0.3465
55130 21 65 0.2835
55152 21 73 0.3386
55152 21 68 0.2756
55173 130 76 0.4016
55173 195 79 0.4016
55173 195 85 0.4803
55173 195 70 0.3071
55173 195 73 0.3622
55304 65 75 0.4016
55369 130 87 0.4094
55369 130 82 0.3465
55369 130 75 0.3465
55369 130 67 0.252
55369 130 70 0.2992
55500 65 73 0.3386
55500 65 75 0.3386
55500 65 82 0.4016
55500 65 63 0.2047
55500 65 67 0.2441
55565 32 73 0.4016
55565 32 85 0.4803
55565 32 70 0.3228
55597 32 70 0.378
55597 32 82 0.4488
55597 32 67 0.2913
55630 32 83 0.5827
55630 32 71 0.4882
55630 65 56 0.2835
55630 32 68 0.3622
55663 32 75 0.4724
55663 32 87 0.5591
55663 32 63 0.2913
55695 32 94 0.622
55695 32 82 0.5276
55695 65 47 0.3858
55695 32 61 0.3858
55728 65 92 0.5748
55728 65 80 0.4882
55728 32 59 0.3701
55760 65 49 0.3543
55760 65 58 0.4252
55793 65 90 0.5669
55793 65 78 0.4803
55826 32 37 0.2835
55826 32 46 0.3386
55858 32 66 0.4409
55858 32 70 0.4409
55858 32 78 0.5276
55858 48 37 0.2598
55858 48 49 0.3622
55891 32 65 0.4567
55891 32 77 0.5433
55891 32 68 0.4567
55907 16 35 0.3543
55907 16 47 0.4173
55923 32 73 0.5039
55923 32 64 0.5039
55923 32 76 0.5984
55923 32 67 0.5039
55923 16 34 0.3622
55923 16 46 0.4331
55940 16 35 0.378
55940 16 47 0.4488
55956 130 64 0.3622
55956 130 67 0.3622
55956 130 73 0.3622
55956 130 76 0.4331
55956 16 34 0.4094
55972 16 37 0.3465
55989 16 40 0.3386
56005 16 43 0.3307
56021 16 46 0.3228
56038 16 49 0.315
56054 16 52 0.3071
56070 16 55 0.2992
56086 16 73 0.315
56086 32 76 0.4016
56086 16 58 0.2835
56086 16 61 0.2835
56103 16 67 0.315
56103 16 64 0.2126
56119 32 75 0.315
56119 16 71 0.315
56119 16 59 0.2126
56135 16 66 0.315
56135 16 63 0.2126
56152 130 62 0.2283
56152 130 66 0.2283
56152 130 70 0.2283
56152 130 74 0.2677
56152 130 47 0.1732
56152 130 59 0.2047
56347 130 66 0.4016
56347 130 70 0.4016
56347 163 73 0.4803
56347 130 61 0.4016
56347 21 37 0.3071
56369 21 42 0.2677
56391 21 46 0.2677
56413 21 49 0.2441
56434 21 54 0.2441
56456 21 58 0.2441
56478 16 70 0.315
56478 32 49 0.3071
56478 16 54 0.2992
56494 16 66 0.315
56494 16 58 0.2677
56510 16 69 0.315
56510 32 72 0.315
56510 32 51 0.2205
56510 16 54 0.2677
56527 16 66 0.315
56527 16 57 0.2677
56543 65 65 0.315
56543 65 71 0.378
56543 65 68 0.315
56543 65 62 0.315
56543 65 50 0.252
56543 65 53 0.252
56543 65 56 0.252
56543 65 59 0.2992
56608 97 50 0.1969
56608 97 53 0.1969
56608 97 56 0.1969
56608 97 59 0.2362
56706 32 51 0.1732
56706 32 55 0.1732
56706 32 58 0.2126
56739 129 51 0.1969
56739 129 55 0.1969
56739 129 58 0.2362
56869 64 51 0.1732
56869 64 55 0.1732
56869 64 58 0.1732
56869 64 63 0.2126
56934 129 67 0.2992
56934 129 70 0.3543
56934 129 51 0.1969
56934 129 55 0.1969
56934 129 58 0.1969
56934 129 63 0.2362
57065 65 67 0.2835
57065 65 70 0.2835
57065 65 75 0.3307
57065 64 51 0.1732
57065 64 55 0.1732
57065 64 58 0.1732
57065 64 63 0.2126
57130 130 67 0.2992
57130 130 63 0.2992
57130 130 70 0.2992
57130 130 75 0.3543
57130 65 39 0.1969
57130 65 51 0.2362
57195 130 34 0.1969
57195 130 46 0.2362
57260 65 63 0.2835
57260 65 75 0.3465
57260 65 67 0.2835
57326 65 63 0.2992
57326 65 66 0.2992
57326 65 75 0.3543
57326 65 35 0.1969
57326 65 47 0.2362
57391 130 61 0.2756
57391 130 73 0.3228
57391 130 65 0.2756
57391 130 37 0.1654
57391 130 49 0.1969
57521 130 61 0.2756
57521 130 66 0.2756
57521 130 70 0.2756
57521 130 73 0.3228
57521 130 30 0.1575
57521 130 42 0.189
57652 65 70 0.2598
57652 65 58 0.1732
57717 130 61 0.3307
57717 130 49 0.189
57847 65 73 0.2835
57847 65 61 0.1654
57913 130 70 0.315
57913 130 58 0.189
58043 65 82 0.4646
58043 65 73 0.3858
58043 65 70 0.3858
58043 130 37 0.2205
58043 130 49 0.2677
58108 130 68 0.4173
58108 130 80 0.4961
58108 130 71 0.4173
58173 32 39 0.2126
58173 32 51 0.315
58206 32 37 0.2126
58206 32 49 0.315
58239 65 73 0.4016
58239 65 71 0.3386
58239 65 68 0.3386
58239 65 61 0.3386
58239 32 51 0.2283
58239 32 49 0.2283
58239 32 39 0.2283
58271 32 41 0.2283
58271 32 49 0.2283
58271 32 53 0.2283
58304 130 73 0.4252
58304 130 61 0.3543
58304 130 70 0.3543
58304 130 49 0.2362
58304 130 42 0.2362
58304 130 54 0.2835
58434 65 82 0.4016
58434 65 70 0.2598
58500 130 73 0.3937
58500 130 61 0.2913
58630 65 85 0.4567
58630 65 73 0.3858
58630 65 34 0.2205
58630 65 46 0.2677
58695 130 70 0.4252
58695 130 82 0.5039
58695 65 37 0.2677
58695 65 49 0.315
58760 65 49 0.2205
58760 65 61 0.2677
58826 130 73 0.4094
58826 130 85 0.4882
58826 65 46 0.2362
58826 65 49 0.2362
58826 65 58 0.2835
58891 130 44 0.2835
58891 130 49 0.2835
58891 130 56 0.3386
58956 32 85 0.4409
58956 65 75 0.4409
58956 65 87 0.5276
58989 32 83 0.4803
59021 32 82 0.5276
59021 65 89 0.5276
59021 65 77 0.4409
59021 65 37 0.2677
59021 65 49 0.315
59054 32 83 0.4724
59086 195 82 0.4409
59086 195 90 0.5276
59086 195 78 0.4409
59086 195 42 0.2835
59086 195 49 0.2835
59086 195 54 0.3386
59282 195 80 0.378
59282 195 89 0.378
59282 195 92 0.4488
59282 195 37 0.2205
59282 195 49 0.2598
59413 65 85 0.4094
59478 130 94 0.3386
59478 130 90 0.2835
59478 130 85 0.2835
59478 130 82 0.2835
59478 130 30 0.1732
59478 130 42 0.2047
59608 64 70 0.2835
59608 64 73 0.2835
59608 64 82 0.3386
59608 64 42 0.1732
59608 64 54 0.2047
59673 97 85 0.4724
59673 97 82 0.4016
59673 97 73 0.4016
59673 130 42 0.1969
59673 130 54 0.2283
59771 32 86 0.5276
59771 32 83 0.4488
59771 32 74 0.4488
59804 32 88 0.5669
59804 32 85 0.4724
59804 32 76 0.4724
59804 48 42 0.2835
59804 48 54 0.3386
59836 32 90 0.4409
59836 32 86 0.3701
59836 32 78 0.3701
59853 16 40 0.2441
59853 16 52 0.2835
59869 130 90 0.4016
59869 130 78 0.3386
59869 195 38 0.2205
59869 195 50 0.2598
60000 64 86 0.315
60000 64 74 0.2677
60065 65 86 0.3622
60065 65 74 0.3071
60065 195 42 0.1969
60065 195 54 0.2362
60130 65 83 0.3386
60130 65 71 0.2835
60195 65 73 0.2835
60195 65 85 0.3386
60260 130 74 0.3071
60260 130 86 0.3701
60260 130 47 0.2047
60260 130 59 0.2441
60521 65 47 0.2047
60521 65 59 0.2441
60586 32 43 0.1732
60586 32 55 0.2047
60619 31 38 0.1732
60619 31 50 0.2047
60652 195 71 0.3071
60652 195 83 0.3701
60652 130 38 0.2047
60652 130 50 0.2441
60782 64 35 0.1732
60782 64 47 0.2047
60847 195 74 0.3071
60847 195 86 0.3701
60847 65 35 0.2047
60847 65 47 0.2441
60913 65 31 0.1732
60913 65 43 0.2126
60978 65 33 0.1732
60978 65 45 0.2126
61043 260 91 0.6299
61043 260 79 0.5276
61043 65 35 0.3622
61043 65 47 0.4331
61108 65 47 0.3858
61108 65 55 0.4567
61173 65 48 0.4094
61173 65 57 0.4882
61239 65 50 0.4252
61239 65 59 0.5118
61304 65 71 0.3543
61304 65 74 0.4252
61304 65 59 0.3543
61304 65 55 0.2992
61369 32 66 0.3465
61369 32 72 0.4094
61369 32 50 0.2598
61369 32 60 0.3071
61369 32 57 0.2598
61402 32 67 0.315
61402 32 71 0.3701
61402 32 59 0.2677
61402 32 55 0.2205
61434 65 67 0.3386
61434 65 71 0.4016
61434 326 55 0.2835
61434 22 59 0.3307
61456 21 64 0.2913
61478 21 62 0.2913
61500 22 61 0.3307
61521 21 64 0.2992
61543 16 62 0.2992
61565 129 43 0.4567
61565 22 59 0.3307
61587 21 64 0.2913
61608 16 62 0.2913
61630 22 61 0.3307
61652 21 64 0.2913
61673 16 62 0.2913
61695 64 43 0.4567
61695 22 59 0.3307
61717 21 64 0.2992
61739 16 62 0.2992
61760 21 43 0.4409
61760 65 55 0.2835
61760 22 59 0.3307
61782 21 42 0.3937
61782 21 63 0.2992
61804 16 43 0.3937
61804 16 62 0.2992
61826 129 38 0.4094
61826 65 54 0.2835
61826 22 57 0.3307
61847 21 64 0.2913
61869 16 62 0.2913
61891 65 55 0.2835
61891 22 59 0.3307
61913 21 64 0.2992
61934 16 62 0.2992
61956 129 38 0.4094
61956 65 57 0.2992
61956 22 60 0.3622
61978 21 64 0.315
62000 16 62 0.315
62021 65 57 0.2992
62021 22 60 0.3543
62043 21 64 0.2992
62065 16 62 0.2992
62086 130 38 0.4094
62086 65 55 0.2835
62086 22 59 0.3307
62108 21 64 0.2835
62130 16 62 0.2835
62152 65 54 0.2756
62152 21 58 0.3228
62173 21 64 0.2992
62195 16 62 0.2992
62217 65 35 0.378
62217 326 55 0.2835
62217 22 59 0.3307
62239 21 64 0.2913
62260 21 62 0.2913
62282 22 61 0.3386
62304 21 64 0.2992
62326 16 62 0.3071
62347 129 91 0.5276
62347 129 79 0.4646
62347 22 59 0.3465
62369 21 64 0.2992
62391 16 62 0.3071
62413 22 61 0.3622
62434 21 64 0.3071
62456 16 62 0.315
62478 64 79 0.4646
62478 64 91 0.5276
62478 22 59 0.3701
62500 21 64 0.3307
62521 16 62 0.3307
62543 22 91 0.5118
62543 22 79 0.4488
62543 65 55 0.315
62543 22 59 0.378
62565 21 78 0.4016
62565 21 90 0.4567
62565 21 63 0.3386
62586 21 79 0.3622
62586 16 91 0.4331
62586 16 62 0.3386
62608 129 86 0.5276
62608 129 74 0.4646
62608 65 54 0.3228
62608 22 57 0.3937
62630 21 64 0.3386
62652 16 62 0.3386
62673 65 55 0.3307
62673 22 59 0.4016
62695 21 64 0.3543
62717 16 62 0.3622
62739 129 74 0.4882
62739 129 86 0.5512
62739 65 57 0.3701
62739 22 60 0.4488
62760 21 64 0.3937
62782 16 62 0.4016
62804 65 57 0.3701
62804 22 60 0.4488
62826 21 64 0.378
62847 16 62 0.378
62869 129 74 0.4961
62869 129 86 0.5669
62869 65 55 0.3622
62869 22 59 0.4331
62891 21 64 0.3622
62913 16 62 0.3701
62934 65 54 0.3622
62934 21 58 0.4331
62956 21 64 0.3937
62978 16 62 0.2992
63000 129 86 0.5748
63000 129 74 0.5039
63000 65 54 0.3543
63000 21 58 0.4331
63021 21 64 0.3937
63043 16 62 0.4016
63065 65 55 0.3937
63065 22 59 0.4724
63086 21 64 0.4252
63108 16 62 0.4331
63130 129 74 0.5591
63130 129 86 0.6299
63130 65 56 0.4488
63130 22 59 0.5433
63152 21 64 0.4803
63173 16 62 0.4961
63195 65 56 0.4646
63195 21 59 0.5512
63217 21 64 0.4724
63239 16 62 0.4803
63260 86 74 0.5906
63260 86 86 0.6614
63260 65 56 0.4252
63260 22 59 0.4724
63282 21 65 0.4252
63304 16 62 0.4331
63326 65 56 0.4173
63326 22 59 0.4961
63347 21 73 0.4961
63347 21 85 0.5669
63347 21 65 0.4488
63369 21 74 0.5039
63369 21 86 0.5748
63369 16 62 0.4488
63391 129 78 0.5827
63391 129 86 0.6693
63391 129 74 0.5827
63391 65 57 0.4331
63391 21 62 0.5276
63413 21 66 0.4567
63434 16 64 0.4646
63456 65 58 0.4567
63456 22 62 0.5512
63478 21 66 0.4882
63500 16 64 0.5039
63521 129 78 0.6457
63521 129 74 0.6457
63521 129 86 0.7323
63521 65 59 0.5197
63521 22 62 0.622
63543 21 66 0.5591
63565 16 64 0.5669
63586 65 59 0.5354
63586 21 62 0.6378
63608 21 66 0.5433
63630 16 64 0.5512
63652 86 78 0.6772
63652 86 90 0.7638
63652 65 59 0.4882
63652 22 62 0.5433
63673 21 66 0.4961
63695 16 64 0.4961
63717 65 59 0.4803
63717 22 62 0.5669
63739 21 77 0.5669
63739 21 89 0.6457
63739 21 65 0.5118
63760 21 78 0.5748
63760 21 90 0.6535
63760 16 66 0.5197
63782 129 78 0.6693
63782 129 90 0.7638
63782 65 59 0.4961
63782 21 62 0.5984
63804 21 67 0.5197
63826 16 66 0.5276
63847 65 60 0.5197
63847 21 63 0.622
63869 21 68 0.5591
63891 16 66 0.5748
63913 97 78 0.811
63913 97 90 0.811
63913 65 60 0.5591
63913 21 63 0.6614
63934 21 69 0.5669
63956 16 66 0.5669
63978 65 48 0.5748
63978 21 51 0.6772
64000 21 57 0.5827
64021 16 54 0.5827
64043 97 78 0.811
64043 97 90 0.811
64043 65 60 0.5433
64043 21 63 0.6457
64065 21 69 0.5748
64086 16 66 0.5748
64108 65 48 0.5591
64108 21 51 0.6614
64130 21 57 0.5984
64152 16 54 0.5984
64173 32 90 0.8031
64173 32 78 0.8031
64173 9 60 0.6378
64190 16 69 0.5827
64206 64 90 0.8031
64206 16 66 0.5827
64206 16 63 0.4882
64222 16 69 0.5827
64239 9 48 0.6378
64255 16 57 0.5906
64271 64 90 0.811
64271 16 51 0.4961
64271 16 54 0.5906
64288 16 57 0.5906
64304 9 60 0.6378
64320 16 69 0.5827
64336 64 90 0.8189
64336 16 66 0.5827
64336 16 63 0.4882
64353 16 69 0.5827
64369 6 48 0.6378
64380 10 57 0.5748
64391 10 51 0.5748
64391 10 54 0.5748
64402 64 90 0.8346
64402 10 57 0.5748
64413 10 51 0.4882
64413 10 54 0.5748
64423 10 57 0.5748
64434 6 60 0.6378
64445 10 69 0.5748
64456 10 63 0.5748
64456 10 66 0.5748
64467 64 90 0.8425
64467 10 69 0.5748
64478 10 63 0.4882
64478 10 66 0.5748
64489 10 69 0.5748
64500 6 48 0.6378
64510 10 57 0.5827
64521 10 51 0.5827
64522 10 54 0.5827
64532 32 90 0.8504
64532 10 57 0.5827
64543 10 51 0.4882
64543 10 54 0.5827
64554 10 57 0.5827
64565 130 73 0.378
64565 130 61 0.2992
64695 64 69 0.3307
64695 64 57 0.2598
64760 65 69 0.3701
64760 65 57 0.2756
64826 65 66 0.3228
64826 65 54 0.2441
64891 65 65 0.2677
64891 65 68 0.3228
64891 65 61 0.2677
64891 65 49 0.2047
64891 65 56 0.2441
64956 130 57 0.3307
64956 130 66 0.3307
64956 130 69 0.3937
64956 130 61 0.3307
64956 130 42 0.2205
64956 130 54 0.2677
65086 65 58 0.3701
65086 65 61 0.3701
65086 65 66 0.3701
65086 65 70 0.4409
65086 65 42 0.2756
65086 65 54 0.3228
65152 130 62 0.4016
65152 130 59 0.4016
65152 130 71 0.4803
65152 130 66 0.4016
65152 130 35 0.2835
65152 130 47 0.3386
65282 65 71 0.4331
65282 65 66 0.4331
65282 65 62 0.4331
65282 65 74 0.5197
65282 65 35 0.3228
65282 65 47 0.3858
65347 130 71 0.5276
65347 130 62 0.5276
65347 130 74 0.622
65347 130 65 0.5276
65347 130 32 0.3701
65347 130 44 0.4567
65478 64 69 0.4331
65478 64 66 0.4331
65478 64 73 0.5118
65478 64 61 0.4331
65478 64 33 0.315
65478 64 45 0.3701
65543 65 69 0.4961
65543 65 66 0.4961
65543 65 73 0.5984
65543 65 61 0.4961
65543 65 33 0.3622
65543 65 45 0.4488
65608 65 59 0.4331
65608 65 62 0.4331
65608 65 68 0.4331
65608 65 71 0.5354
65608 65 35 0.3386
65608 65 47 0.4016
65673 65 66 0.4331
65673 65 63 0.4331
65673 65 57 0.4331
65673 65 69 0.5276
65673 65 48 0.4016
65673 65 36 0.3307
65739 130 66 0.378
65739 130 57 0.378
65739 130 69 0.4488
65739 130 63 0.378
65739 65 36 0.2677
65739 65 48 0.3307
65804 130 61 0.3622
65804 97 37 0.2992
65804 97 49 0.3543
65869 65 65 0.3622
65869 65 56 0.3622
65869 65 68 0.4331
65902 32 36 0.2677
65902 32 48 0.315
65934 65 65 0.4173
65934 65 61 0.4173
65934 65 68 0.5039
65934 65 56 0.4173
65934 65 37 0.3071
65934 65 49 0.378
66000 65 55 0.3858
66000 65 58 0.3858
66000 65 64 0.3858
66000 130 67 0.4724
66000 65 37 0.2992
66000 65 49 0.3543
66065 48 62 0.4094
66065 48 59 0.4094
66065 48 55 0.4094
66065 65 50 0.378
66065 65 38 0.315
66114 16 67 0.4173
66130 130 83 0.5118
66130 195 43 0.3386
66130 195 31 0.252
66130 195 38 0.252
66195 65 71 0.4331
66260 64 69 0.4094
66260 64 81 0.4882
66326 65 69 0.4331
66326 65 81 0.5118
66326 195 43 0.2362
66326 195 35 0.2362
66326 195 50 0.2835
66391 65 67 0.4016
66391 65 79 0.4488
66456 64 66 0.3937
66456 64 78 0.4488
66521 65 66 0.4331
66521 65 78 0.5118
66521 195 36 0.2598
66521 195 52 0.3071
66521 195 43 0.2598
66586 65 64 0.4094
66586 65 76 0.4409
66652 64 66 0.4094
66652 64 78 0.4409
66717 65 66 0.4094
66717 65 78 0.4803
66717 65 35 0.2283
66717 65 43 0.2283
66717 65 50 0.2756
66782 97 67 0.4331
66782 97 79 0.4646
66782 97 43 0.3622
66847 65 38 0.252
66880 32 54 0.3386
66880 32 66 0.3622
66880 32 42 0.2992
66913 65 54 0.3543
66913 65 66 0.4724
66913 65 38 0.2283
66913 65 42 0.2756
66978 65 57 0.3543
66978 65 69 0.4173
66978 65 37 0.2283
66978 65 45 0.2441
67043 64 61 0.3386
67043 64 66 0.3386
67043 64 69 0.3386
67043 64 73 0.4016
67043 64 37 0.2047
67043 64 49 0.2441
67108 130 61 0.3543
67108 130 73 0.4252
67108 130 65 0.3543
67108 130 68 0.3543
67108 130 37 0.2283
67108 130 49 0.2756
67239 64 61 0.2835
67239 64 73 0.3386
67239 64 69 0.2835
67239 64 66 0.2835
67239 64 42 0.2126
67239 64 49 0.252
67304 65 69 0.315
67304 65 61 0.315
67304 65 73 0.378
67304 65 42 0.2283
67304 67 49 0.2756
67369 65 62 0.2835
67369 65 74 0.3386
67369 65 67 0.2835
67369 195 35 0.2126
67369 65 50 0.252
67434 65 55 0.2835
67434 65 67 0.3386
67434 65 43 0.252
67500 65 59 0.2913
67500 65 71 0.3701
67500 65 47 0.2756
67565 65 49 0.2913
67565 65 61 0.3543
67565 65 37 0.2756
67630 32 65 0.3465
67630 32 53 0.2913
67630 65 37 0.2598
67630 32 41 0.2598
67663 32 54 0.252
67663 32 66 0.2992
67663 32 42 0.2362
67695 97 54 0.1969
67695 97 58 0.1969
67695 97 64 0.1969
67695 130 66 0.4094
67695 65 37 0.2283
67695 65 42 0.2756
67760 65 30 0.1811
67760 65 42 0.2205
67793 64 66 0.1969
67826 65 78 0.4488
67826 65 34 0.1811
67826 65 46 0.2205
67858 64 66 0.1969
67891 130 78 0.4488
67891 65 37 0.2283
67891 65 49 0.2756
67923 64 66 0.1969
67956 65 30 0.1811
67956 65 42 0.2205
67989 64 66 0.1969
68021 65 73 0.3937
68021 65 34 0.1811
68021 65 46 0.2205
68054 64 66 0.1969
68086 65 76 0.4488
68086 65 35 0.2047
68086 65 47 0.2441
68119 64 66 0.1969
68152 65 74 0.4016
68152 65 30 0.1732
68152 65 42 0.2126
68184 64 62 0.1969
68184 64 68 0.1969
68184 64 65 0.1969
68217 130 71 0.4016
68217 65 35 0.1732
68217 65 47 0.2126
68250 64 62 0.1969
68250 64 65 0.1969
68250 64 68 0.1969
68282 65 38 0.2047
68282 65 50 0.2441
68315 64 62 0.1969
68315 64 65 0.1969
68315 64 68 0.1969
68347 65 74 0.4409
68347 65 30 0.1654
68347 65 42 0.1969
68380 64 62 0.1969
68380 64 65 0.1969
68380 64 68 0.1969
68413 65 71 0.4173
68413 65 35 0.1654
68413 65 47 0.1969
68445 32 62 0.1969
68445 32 65 0.1969
68445 32 68 0.1969
68478 65 61 0.2677
68478 65 66 0.2677
68478 21 70 0.378
68478 65 37 0.189
68478 65 49 0.2283
68500 21 78 0.3543
68521 21 73 0.378
68543 21 82 0.4252
68543 65 30 0.1496
68543 65 42 0.1811
68565 21 78 0.4016
68586 21 85 0.4016
68608 21 78 0.4488
68608 65 34 0.1575
68608 65 46 0.189
68630 21 91 0.4961
68652 21 90 0.4646
68673 21 89 0.5039
68673 65 37 0.2047
68673 65 49 0.252
68695 21 90 0.4646
68717 43 88 0.4646
68739 65 30 0.1732
68739 65 42 0.2047
68760 21 85 0.4488
68782 21 82 0.4488
68804 65 73 0.2677
68804 21 79 0.4882
68804 65 34 0.1732
68804 65 46 0.2126
68826 21 78 0.4724
68847 43 76 0.4724
68869 65 35 0.2362
68869 65 47 0.2835
68891 21 73 0.4646
68913 21 74 0.4646
68934 21 83 0.4961
68934 65 30 0.189
68934 65 42 0.2283
68956 21 80 0.4173
68978 43 86 0.4567
69000 65 35 0.1732
69000 65 47 0.2126
69021 21 85 0.4173
69043 21 83 0.3937
69065 129 71 0.3307
69065 129 74 0.3307
69065 129 77 0.3307
69065 129 80 0.3307
69065 129 83 0.4094
69065 21 38 0.2283
69065 21 50 0.2756
69086 21 30 0.2598
69108 21 35 0.2756
69130 21 38 0.3307
69152 21 42 0.315
69173 21 47 0.2992
69195 65 71 0.3465
69195 65 74 0.3465
69195 65 77 0.3465
69195 65 80 0.3465
69195 65 83 0.4409
69195 21 50 0.2756
69217 21 42 0.2598
69239 21 50 0.2441
69260 325 70 0.3386
69260 325 73 0.3386
69260 325 78 0.3386
69260 325 82 0.4252
69260 21 42 0.2126
69282 21 49 0.1575
69304 21 42 0.1575
69326 21 54 0.2126
69347 21 49 0.1732
69369 21 54 0.1732
69391 21 42 0.2126
69413 21 49 0.1811
69434 21 42 0.1811
69456 21 54 0.2126
69478 21 49 0.1811
69500 21 54 0.1811
69521 21 49 0.2126
69543 21 42 0.1654
69565 21 49 0.1654
69586 195 70 0.3307
69586 195 73 0.3307
69586 195 78 0.3307
69586 195 82 0.4173
69586 21 54 0.2126
69608 21 49 0.1732
69630 21 54 0.1732
69652 21 37 0.2126
69673 21 42 0.1811
69695 21 37 0.1811
69717 21 49 0.2126
69739 21 42 0.1811
69760 21 49 0.1811
69782 195 90 0.3937
69782 195 82 0.315
69782 195 78 0.315
69782 21 37 0.2047
69804 21 42 0.1732
69826 21 37 0.1732
69847 21 49 0.2126
69869 21 42 0.1811
69891 21 49 0.1811
69913 21 37 0.2126
69934 21 42 0.1811
69956 21 37 0.1811
69978 129 78 0.2835
69978 129 82 0.2835
69978 129 90 0.3622
69978 21 49 0.2126
70000 21 42 0.189
70021 21 49 0.189
70043 21 42 0.2126
70065 21 37 0.1811
70086 21 42 0.1811
70108 258 94 0.3465
70108 258 85 0.2756
70108 258 82 0.2756
70108 21 30 0.2126
70130 21 37 0.1811
70152 21 30 0.1811
70173 21 42 0.2126
70195 21 37 0.189
70217 21 42 0.189
70239 21 30 0.2126
70260 21 37 0.189
70282 21 30 0.189
70304 21 42 0.2126
70326 21 37 0.1811
70347 21 42 0.1811
70369 65 73 0.2756
70369 21 37 0.2126
70391 21 42 0.189
70413 21 37 0.189
70434 130 73 0.2992
70434 65 49 0.2362
70500 65 61 0.2047
70565 64 69 0.2598
70565 64 57 0.2047
70630 65 69 0.2913
70630 65 57 0.2205
70695 65 66 0.252
70695 65 54 0.189
70760 65 65 0.2126
70760 65 68 0.252
70760 65 61 0.2126
70760 65 53 0.1575
70760 65 49 0.1575
70760 65 56 0.189
70826 130 66 0.2598
70826 130 69 0.315
70826 130 61 0.2598
70826 65 57 0.2598
70826 65 54 0.2126
70891 195 42 0.2205
70891 195 54 0.252
70956 65 58 0.2283
70956 65 61 0.2283
70956 65 66 0.2283
70956 65 70 0.2913
71021 130 62 0.2835
71021 130 59 0.2835
71021 130 71 0.3622
71021 130 66 0.2835
71086 65 35 0.2205
71086 65 47 0.2677
71152 65 70 0.3071
71152 65 66 0.3071
71152 65 61 0.3071
71152 65 73 0.3858
71152 65 30 0.252
71152 65 42 0.3071
71217 64 71 0.3465
71217 64 62 0.3465
71217 64 74 0.4409
71217 64 66 0.3465
71217 65 35 0.3307
71282 129 71 0.2205
71282 129 68 0.2205
71282 129 74 0.2756
71282 129 62 0.2205
71282 129 29 0.2205
71282 129 41 0.2677
71413 129 71 0.2598
71413 129 68 0.2598
71413 129 74 0.3307
71413 129 62 0.2598
71413 129 29 0.2205
71413 129 41 0.2677
71543 32 62 0.1969
71543 32 68 0.1969
71543 32 71 0.1969
71543 32 74 0.252
71543 32 41 0.2362
71543 32 29 0.1969
71576 31 70 0.1969
71576 31 61 0.1969
71576 31 73 0.252
71576 31 30 0.2047
71576 31 42 0.2441
71608 391 61 0.2598
71608 391 70 0.2598
71608 391 73 0.3071
71608 195 30 0.2205
71608 195 42 0.2677
71804 391 42 0.189
71804 391 49 0.189
71804 391 58 0.2283
72000 390 70 0.2205
72000 390 78 0.2205
72000 390 85 0.2598
72195 391 30 0.1496
72195 391 37 0.1496
72195 391 46 0.1811
72391 195 70 0.2205
72391 195 78 0.2205
72391 195 85 0.2598
72586 195 58 0.2205
72586 195 66 0.2205
72586 195 73 0.2598
72586 195 30 0.1496
72586 195 37 0.1496
72586 195 46 0.1811
72782 130 30 0.126
72798 114 37 0.1417
72815 97 46 0.1575
72831 81 58 0.189
72847 65 66 0.189
72864 48 73 0.2598
