259 37 68 0.4016
296 111 63 0.3622
296 111 59 0.3622
296 37 68 0.4331
333 37 70 0.3858
370 37 70 0.4016
407 37 68 0.3858
407 37 59 0.3858
407 37 63 0.3858
444 111 59 0.3622
444 111 63 0.3622
444 37 68 0.4331
481 37 70 0.4016
518 37 70 0.4094
555 37 68 0.4409
555 37 59 0.3701
555 37 62 0.3701
592 111 59 0.3858
592 111 62 0.3858
592 37 68 0.4567
629 37 70 0.4173
666 37 70 0.4331
703 37 62 0.378
703 37 59 0.378
703 37 68 0.4488
740 111 59 0.3937
740 111 63 0.3937
740 37 68 0.4724
777 37 70 0.4409
814 37 70 0.4409
851 37 64 0.3937
851 37 59 0.3937
851 37 68 0.4724
888 222 59 0.4094
888 222 65 0.4094
888 37 68 0.4882
925 37 70 0.4488
962 37 70 0.4567
999 37 68 0.3701
1036 37 68 0.4016
1073 37 73 0.3307
1110 74 73 0.315
1443 37 58 0.315
1443 37 66 0.3622
1480 111 66 0.3858
1480 111 58 0.3228
1517 37 70 0.3465
1554 37 70 0.3622
1591 37 58 0.3071
1591 37 65 0.3465
1628 111 65 0.378
1628 111 58 0.3307
1665 37 70 0.3543
1702 37 70 0.3701
1739 37 58 0.2992
1739 37 63 0.3307
1776 111 63 0.3858
1776 111 58 0.3465
1813 37 70 0.3465
1850 37 70 0.3622
1887 27 61 0.3465
1887 27 58 0.3071
1924 27 58 0.3307
1924 27 63 0.378
1961 27 58 0.3307
1961 27 65 0.3307
1998 27 66 0.378
1998 27 58 0.3307
2035 27 58 0.3465
2035 27 70 0.3465
2072 111 59 0.3465
2072 111 68 0.3858
2109 37 71 0.3465
2146 37 71 0.3622
2183 37 66 0.3465
2183 37 59 0.3071
2220 111 59 0.3307
2220 111 66 0.378
2257 37 71 0.3543
2294 37 71 0.3701
2331 37 65 0.3307
2331 37 59 0.2992
2368 111 59 0.3465
2368 111 65 0.3858
2405 37 71 0.3465
2442 37 71 0.3622
2479 18 65 0.3465
2479 37 59 0.3071
2516 148 59 0.3307
2516 27 66 0.378
2553 27 65 0.3307
2590 27 66 0.378
2627 27 68 0.3465
2664 111 58 0.3465
2664 111 66 0.3858
2701 37 70 0.3465
2738 37 70 0.3937
2775 37 58 0.3465
2775 37 65 0.378
2812 111 58 0.3937
2812 111 65 0.4488
2849 37 70 0.4331
2886 37 70 0.4803
2923 37 64 0.4488
2923 37 58 0.3937
2960 111 58 0.4882
2960 111 64 0.5512
2997 37 70 0.4882
3034 37 70 0.5197
3071 37 64 0.4882
3071 37 58 0.4409
3108 111 58 0.4646
3108 74 64 0.5197
3145 37 72 0.4646
3182 37 72 0.4567
3219 37 70 0.3858
3219 37 64 0.3858
3256 111 65 0.3543
3256 111 69 0.3937
3256 111 60 0.3543
3367 37 60 0.3307
3367 37 67 0.378
3367 37 72 0.378
3404 111 72 0.3937
3404 111 67 0.3937
3404 111 60 0.3543
3515 37 69 0.4094
3515 37 65 0.4094
3515 37 74 0.4567
3552 111 65 0.4331
3552 111 69 0.4331
3552 111 74 0.4882
3663 27 77 0.4409
3663 27 69 0.3858
3663 27 72 0.3858
3700 27 65 0.4331
3700 27 69 0.4331
3700 27 74 0.4724
3737 27 72 0.3937
3737 27 64 0.3543
3737 27 67 0.3543
3774 27 60 0.3622
3774 27 65 0.3622
3774 27 69 0.4016
3811 27 58 0.315
3811 27 67 0.3543
3811 27 62 0.315
3848 111 62 0.3543
3848 37 58 0.3543
3848 111 67 0.3937
3959 37 62 0.3307
3959 37 67 0.378
3959 37 70 0.378
3996 111 62 0.3543
3996 111 70 0.3937
3996 111 67 0.3937
4107 37 67 0.4094
4107 37 70 0.4094
4107 37 74 0.4567
4144 111 67 0.4331
4144 111 70 0.4331
4144 111 74 0.4882
4255 27 70 0.3937
4255 27 67 0.3937
4255 27 74 0.3937
4255 27 77 0.4488
4292 27 67 0.4409
4292 27 77 0.4882
4292 27 70 0.4409
4292 27 74 0.4409
4329 27 67 0.3622
4329 27 70 0.3622
4329 27 76 0.4094
4366 27 67 0.3858
4366 27 77 0.4331
4366 27 74 0.3858
4366 27 70 0.3858
4403 27 72 0.3307
4403 27 70 0.3307
4403 27 67 0.3307
4403 27 79 0.378
4422 129 65 0.3071
4431 120 72 0.3543
4440 111 81 0.3937
4551 37 84 0.4094
4551 37 72 0.3701
4551 37 79 0.4094
4588 111 84 0.4409
4588 111 79 0.4409
4588 111 72 0.3937
4699 37 86 0.5039
4699 37 77 0.4646
4699 37 81 0.4646
4736 111 77 0.4803
4736 111 81 0.4803
4736 111 86 0.5433
4847 27 81 0.4331
4847 27 84 0.4331
4847 27 89 0.4882
4884 27 81 0.4646
4884 27 77 0.4646
4884 27 86 0.5197
4921 27 76 0.378
4921 27 79 0.378
4921 27 84 0.4094
4958 27 81 0.4016
4958 27 77 0.3622
4958 27 72 0.3622
4995 27 70 0.3071
4995 27 74 0.3071
4995 27 79 0.3465
5032 111 79 0.3937
5032 111 70 0.3543
5032 111 74 0.3543
5143 37 70 0.378
5143 37 67 0.3307
5143 37 74 0.378
5180 111 74 0.3937
5180 111 70 0.3937
5180 111 67 0.3543
5291 37 70 0.3858
5291 37 60 0.3858
5291 37 67 0.3858
5291 37 72 0.4331
5328 111 60 0.3701
5328 111 72 0.4094
5328 111 67 0.3701
5328 111 70 0.3701
5439 37 66 0.3858
5439 37 60 0.3858
5439 37 70 0.4409
5439 37 72 0.4409
5476 111 60 0.4173
5476 111 66 0.4173
5476 111 70 0.4646
5476 111 72 0.4646
5587 37 70 0.4646
5587 37 66 0.4646
5587 37 61 0.4646
5587 37 73 0.5197
5624 111 61 0.4803
5624 111 73 0.5512
5624 111 66 0.4803
5624 111 70 0.4803
5735 37 66 0.4803
5735 37 63 0.4803
5735 37 70 0.5433
5735 37 75 0.5433
5772 111 63 0.5276
5772 111 66 0.5276
5772 111 75 0.5827
5772 111 70 0.5827
5883 37 63 0.4094
5920 222 63 0.4567
5957 37 70 0.3543
5994 148 70 0.3071
6401 37 63 0.3228
6438 296 63 0.378
6475 37 70 0.3228
6512 222 70 0.3307
6771 37 68 0.4016
6808 111 59 0.3622
6808 111 63 0.3622
6808 37 68 0.4331
6845 37 70 0.3858
6882 37 70 0.4016
6919 37 63 0.3858
6919 37 59 0.3858
6919 37 68 0.3858
6956 111 59 0.3622
6956 111 63 0.3622
6956 37 68 0.4331
6993 37 70 0.4016
7030 37 70 0.4094
7067 37 59 0.3701
7067 37 62 0.3701
7067 37 68 0.4409
7104 111 59 0.3858
7104 111 62 0.3858
7104 37 68 0.4567
7141 37 70 0.4173
7178 37 70 0.4331
7215 37 59 0.378
7215 37 62 0.378
7215 37 68 0.4488
7252 37 68 0.4724
7252 111 59 0.3937
7252 111 63 0.3937
7289 37 70 0.4409
7326 37 70 0.4409
7364 37 59 0.3937
7364 37 64 0.3937
7364 37 68 0.4724
7401 222 65 0.4094
7401 37 68 0.4882
7401 222 59 0.4094
7438 37 70 0.4488
7475 37 70 0.4567
7512 37 68 0.3701
7549 37 68 0.4016
7586 37 73 0.3307
7623 74 73 0.315
7956 37 66 0.3622
7956 37 58 0.2992
7993 111 58 0.315
7993 111 66 0.3858
8030 37 70 0.3465
8067 37 70 0.3622
8104 37 58 0.3071
8104 37 65 0.3465
8141 111 65 0.378
8141 111 58 0.3307
8178 37 70 0.3543
8215 37 70 0.3701
8252 37 58 0.2992
8252 37 63 0.3307
8289 111 63 0.3858
8289 111 58 0.3465
8326 37 70 0.3465
8363 37 70 0.3622
8400 27 58 0.3071
8400 27 61 0.3465
8437 27 63 0.378
8437 27 58 0.3307
8474 27 58 0.3307
8474 27 65 0.3307
8511 27 58 0.3307
8511 27 66 0.378
8548 27 58 0.3465
8548 27 70 0.3465
8585 111 59 0.3465
8585 111 68 0.3858
8622 37 71 0.3465
8659 37 71 0.3622
8696 37 59 0.3071
8696 37 66 0.3465
8733 111 59 0.3307
8733 111 66 0.378
8770 37 71 0.3543
8807 37 71 0.3701
8844 37 59 0.2992
8844 37 65 0.3307
8881 111 59 0.3465
8881 111 65 0.3858
8918 37 71 0.3465
8955 37 71 0.3622
8992 18 65 0.3465
8992 37 59 0.3071
9029 148 59 0.3307
9029 27 66 0.378
9066 27 65 0.3307
9103 27 66 0.378
9140 27 68 0.3465
9177 111 58 0.3465
9177 111 66 0.3858
9214 37 70 0.3465
9251 37 70 0.378
9288 37 58 0.3228
9288 37 65 0.3622
9325 111 58 0.3543
9325 111 65 0.3937
9362 37 70 0.3543
9399 37 70 0.3937
9436 37 58 0.378
9436 37 63 0.378
9473 111 58 0.378
9473 111 63 0.4173
9510 37 70 0.3858
9547 37 70 0.4173
9584 37 63 0.4173
9584 37 57 0.378
9621 111 57 0.4409
9621 111 63 0.4961
9658 37 69 0.4803
9695 37 69 0.5512
9732 37 63 0.5276
9732 37 57 0.4646
9769 111 58 0.3465
9769 111 66 0.3858
9806 37 70 0.3465
9843 37 70 0.3622
9880 37 66 0.3465
9880 37 58 0.3071
9917 111 58 0.3307
9917 111 66 0.378
9954 37 70 0.3543
9991 37 70 0.3701
10028 27 58 0.2992
10028 27 66 0.3307
10065 111 59 0.3465
10065 111 63 0.3858
10102 37 70 0.3465
10139 37 70 0.3622
10176 37 59 0.3071
10176 37 63 0.3465
10213 111 59 0.3307
10213 111 63 0.378
10250 37 70 0.3543
10287 37 70 0.3701
10324 27 59 0.2992
10324 27 63 0.3307
10361 111 58 0.3465
10361 111 66 0.3858
10398 37 70 0.3465
10435 37 70 0.3622
10472 37 66 0.3465
10472 37 58 0.3071
10509 111 58 0.3307
10509 111 66 0.378
10546 37 70 0.3543
10583 37 70 0.3701
10620 37 58 0.378
10620 37 66 0.3307
10657 111 59 0.3465
10657 111 63 0.3858
10694 37 70 0.3465
10731 37 70 0.3622
10768 37 59 0.3071
10768 37 63 0.3465
10805 111 59 0.3307
10805 111 63 0.378
10842 37 70 0.3543
10879 37 70 0.3701
10916 37 59 0.2992
10916 37 63 0.3307
10953 111 58 0.3465
10953 111 66 0.3858
10990 37 70 0.3465
11027 37 70 0.3622
11064 37 58 0.3071
11064 37 66 0.3465
11101 111 58 0.3307
11101 111 66 0.378
11138 37 70 0.3543
11175 37 70 0.3701
11212 37 66 0.3307
11212 37 58 0.378
11249 111 58 0.3228
11249 111 66 0.3622
11286 37 70 0.315
11323 37 70 0.3228
11360 37 66 0.3071
11360 37 58 0.2756
11397 111 66 0.3228
11397 111 58 0.2913
11434 37 70 0.2992
11471 37 70 0.3071
11508 37 58 0.3071
11508 37 66 0.2677
11545 37 66 0.3071
11582 37 70 0.2677
11619 37 70 0.3071
11656 37 66 0.2677
11693 148 73 0.3071
11693 37 66 0.3071
11730 37 70 0.2598
11767 37 70 0.3071
11804 37 66 0.2598
11841 37 66 0.2913
11878 37 70 0.2362
11915 37 70 0.2835
11952 37 66 0.2205
11989 148 73 0.2756
11989 37 66 0.2756
12026 37 70 0.2205
12063 37 70 0.2677
12100 37 66 0.2205
12174 37 70 0.2441
12211 37 70 0.2362
296 111 54 0.3543
407 37 54 0.3071
444 111 53 0.3543
555 37 53 0.3543
592 111 52 0.3858
703 37 52 0.3858
740 111 51 0.4173
851 37 50 0.3858
888 222 49 0.4173
1184 111 42 0.2283
1184 111 49 0.2598
1221 37 37 0.2126
1258 37 37 0.2362
1295 37 42 0.2047
1295 37 49 0.2283
1332 111 42 0.2283
1332 111 49 0.2598
1369 37 37 0.2047
1406 37 37 0.2283
1443 37 42 0.2047
1443 37 49 0.2283
1480 111 42 0.2283
1480 111 49 0.2598
1517 37 37 0.2126
1554 37 37 0.2362
1591 37 49 0.2205
1591 37 42 0.1969
1628 111 42 0.2283
1628 111 49 0.2598
1665 37 37 0.2047
1702 37 37 0.2283
1739 37 42 0.2047
1739 37 49 0.2283
1776 111 42 0.2283
1776 111 49 0.2598
1813 37 37 0.2126
1850 37 37 0.2362
1887 37 49 0.2205
1887 37 42 0.1969
1924 111 42 0.2283
1924 111 49 0.2598
1961 37 37 0.2047
1998 37 37 0.2283
2035 37 42 0.2047
2035 37 49 0.2283
2072 111 42 0.2283
2072 111 49 0.2598
2109 37 37 0.2126
2146 37 37 0.2362
2183 37 49 0.2205
2183 37 42 0.1969
2220 111 42 0.2283
2220 111 49 0.2598
2257 37 37 0.2047
2294 37 37 0.2283
2331 37 42 0.2047
2331 37 49 0.2283
2368 111 42 0.2283
2368 111 49 0.2598
2405 37 37 0.2126
2442 37 37 0.2362
2479 37 49 0.2205
2479 37 42 0.1969
2516 27 39 0.2756
2516 148 49 0.2126
2553 27 37 0.2362
2590 27 39 0.2835
2627 27 41 0.2362
2664 111 42 0.2283
2664 111 49 0.2598
2701 37 37 0.2126
2738 37 37 0.2598
2775 37 49 0.2362
2775 37 42 0.2126
2812 111 42 0.2677
2812 111 49 0.3071
2849 37 37 0.2598
2886 37 37 0.2992
2923 37 42 0.2677
2923 37 48 0.3071
2960 111 42 0.3228
2960 111 48 0.3701
2997 37 36 0.2913
3034 37 36 0.3465
3071 37 48 0.3071
3071 37 43 0.2756
3108 111 43 0.3071
3108 111 48 0.3622
3145 37 36 0.2677
3182 37 36 0.2913
3219 37 43 0.2362
3219 37 48 0.2598
3256 582 41 0.3937
3256 111 53 0.3937
3293 37 57 0.3465
3330 37 57 0.378
3367 37 52 0.378
3404 111 52 0.3937
3441 37 57 0.3622
3478 37 57 0.3858
3515 37 50 0.4173
3552 111 50 0.4409
3589 37 57 0.3701
3626 37 57 0.3858
3663 27 48 0.378
3700 27 50 0.4173
3737 27 52 0.3622
3774 27 53 0.3858
3811 27 55 0.3465
3839 601 41 0.3937
3848 111 55 0.3937
3885 37 58 0.3465
3922 37 58 0.378
3959 37 53 0.378
3996 111 53 0.3937
4033 37 58 0.3622
4070 37 58 0.3858
4107 37 52 0.4173
4144 111 52 0.4409
4181 37 58 0.3701
4218 37 58 0.3858
4255 27 50 0.378
4292 27 50 0.4173
4329 27 48 0.3622
4366 27 50 0.3858
4403 27 52 0.3465
4440 582 41 0.3937
4440 111 53 0.3937
4477 37 57 0.3465
4514 37 57 0.3858
4551 37 52 0.4094
4588 111 52 0.4409
4625 37 57 0.4094
4662 37 57 0.4488
4699 37 50 0.4724
4736 111 50 0.4961
4773 37 57 0.4173
4810 37 57 0.4409
4847 27 48 0.4331
4884 27 50 0.4646
4921 27 52 0.3858
4958 27 53 0.3937
4995 27 55 0.3465
5023 157 41 0.3937
5032 111 55 0.3937
5069 37 58 0.3465
5106 37 58 0.378
5143 37 53 0.378
5180 111 53 0.3937
5217 37 58 0.3622
5254 37 58 0.3937
5291 37 52 0.4331
5328 111 52 0.4094
5365 37 58 0.3701
5402 37 58 0.4331
5439 37 51 0.4409
5476 111 51 0.4646
5513 37 58 0.4488
5550 37 58 0.4803
5587 37 49 0.5197
5624 111 49 0.5512
5661 37 58 0.4724
5698 37 58 0.5276
5735 37 48 0.5433
5772 370 48 0.5827
5809 37 58 0.4882
5846 296 58 0.5433
6179 37 47 0.2677
6216 518 47 0.3071
6253 37 56 0.2598
6290 444 56 0.2598
6808 111 54 0.3543
6919 37 54 0.3071
6956 111 53 0.3543
7067 37 53 0.3543
7104 111 52 0.3858
7215 37 52 0.3858
7252 111 51 0.4173
7364 37 50 0.3858
7401 222 49 0.4173
7697 111 42 0.2283
7697 111 49 0.2598
7734 37 37 0.2126
7771 37 37 0.2362
7808 37 42 0.2047
7808 37 49 0.2283
7845 111 42 0.2283
7845 111 49 0.2598
7882 37 37 0.2047
7919 37 37 0.2283
7956 37 42 0.2047
7956 37 49 0.2283
7993 111 42 0.2283
7993 111 49 0.2598
8030 37 37 0.2126
8067 37 37 0.2362
8104 37 49 0.2205
8104 37 42 0.1969
8141 111 42 0.2283
8141 111 49 0.2598
8178 37 37 0.2047
8215 37 37 0.2283
8252 37 42 0.2047
8252 37 49 0.2283
8289 111 42 0.2283
8289 111 49 0.2598
8326 37 37 0.2126
8363 37 37 0.2362
8400 37 49 0.2205
8400 37 42 0.1969
8437 111 42 0.2283
8437 111 49 0.2598
8474 37 37 0.2047
8511 37 37 0.2283
8548 37 42 0.2047
8548 37 49 0.2283
8585 111 42 0.2283
8585 111 49 0.2598
8622 37 37 0.2126
8659 37 37 0.2362
8696 37 49 0.2205
8696 37 42 0.1969
8733 111 42 0.2283
8733 111 49 0.2598
8770 37 37 0.2047
8807 37 37 0.2283
8844 37 42 0.2047
8844 37 49 0.2283
8881 111 42 0.2283
8881 111 49 0.2598
8918 37 37 0.2126
8955 37 37 0.2362
8992 37 49 0.2205
8992 37 42 0.1969
9029 27 39 0.2756
9029 148 49 0.2126
9066 27 37 0.2362
9103 27 39 0.2835
9140 27 41 0.2362
9177 111 42 0.2283
9177 111 49 0.2598
9214 37 37 0.2126
9251 37 37 0.2441
9288 37 49 0.2283
9288 37 42 0.2047
9325 111 42 0.2441
9325 111 49 0.2835
9362 37 37 0.2283
9399 37 37 0.2677
9436 37 42 0.189
9436 37 47 0.2126
9473 111 42 0.2362
9473 111 47 0.2756
9510 37 35 0.2441
9547 37 35 0.2756
9584 37 48 0.2677
9584 37 42 0.2362
9621 111 42 0.2992
9621 111 48 0.3307
9658 37 36 0.2835
9695 37 36 0.3543
9732 37 42 0.315
9732 37 48 0.3543
9760 305 37 0.4173
9769 74 54 0.4409
9843 74 53 0.4094
9917 74 51 0.4409
9991 64 49 0.4016
10046 305 37 0.3701
10065 74 58 0.5197
10139 55 56 0.4488
10194 18 54 0.4173
10213 37 54 0.4646
10250 37 53 0.4173
10287 37 51 0.4488
10324 27 53 0.4094
10352 305 37 0.3701
10361 74 54 0.4409
10435 37 49 0.4094
10472 37 50 0.3701
10509 37 51 0.4409
10546 37 48 0.378
10583 74 49 0.4016
10638 305 37 0.3701
10657 74 58 0.5197
10731 55 56 0.4488
10786 18 54 0.4173
10805 37 54 0.4646
10842 37 53 0.4173
10879 37 51 0.4488
10916 37 53 0.4094
10953 111 42 0.378
10953 111 49 0.4331
11064 27 36 0.3701
11101 27 37 0.4173
11138 27 42 0.378
11175 27 46 0.4016
11212 27 49 0.378
11249 111 51 0.4016
11360 27 48 0.3228
11397 27 49 0.3701
11434 27 54 0.315
11471 27 58 0.3307
11508 27 61 0.3071
11545 148 63 0.3228
11693 148 58 0.3071
11841 148 63 0.3071
11989 148 58 0.2756
12137 296 66 0.2205
