0 42 38 0.3307
10 11 50 0.2913
20 11 49 0.252
30 11 50 0.2913
40 42 41 0.2913
50 11 53 0.2913
61 11 52 0.2598
71 11 53 0.2913
81 42 38 0.3386
91 11 50 0.2913
101 11 49 0.2598
111 11 50 0.2913
122 40 41 0.2913
132 11 53 0.2913
142 11 52 0.252
152 11 53 0.2677
162 81 38 0.3701
172 10 50 0.2835
183 10 62 0.3701
193 10 50 0.315
203 10 62 0.4094
213 10 50 0.3307
223 10 62 0.4252
233 10 50 0.3622
244 10 62 0.4803
244 81 36 0.4567
244 81 48 0.4567
254 10 50 0.3858
264 10 62 0.4646
274 10 50 0.3386
284 10 62 0.4252
294 10 50 0.315
305 10 62 0.3937
315 10 50 0.3543
325 162 34 0.2992
325 162 46 0.3543
335 11 50 0.2913
345 11 49 0.2677
355 11 50 0.2913
366 42 41 0.2913
376 11 53 0.2913
386 11 52 0.2756
396 11 53 0.2913
406 42 38 0.3543
416 11 50 0.2913
427 11 49 0.2677
437 11 50 0.2913
447 42 41 0.2992
457 11 53 0.2913
467 11 52 0.2598
477 11 53 0.2913
488 81 46 0.3937
488 81 34 0.3937
498 10 50 0.2835
508 10 62 0.3701
518 10 50 0.315
528 10 62 0.4094
538 10 50 0.3307
549 10 62 0.4252
559 10 50 0.3622
569 10 62 0.4803
569 81 33 0.4646
569 81 45 0.4646
579 10 50 0.3858
589 10 62 0.4646
600 10 50 0.3386
610 10 62 0.4252
620 10 50 0.315
630 10 62 0.3937
640 10 50 0.3543
650 40 31 0.315
650 40 43 0.315
661 11 58 0.315
671 11 60 0.3228
681 11 58 0.3307
691 40 33 0.3386
691 40 45 0.3386
701 11 57 0.3543
711 11 58 0.3701
722 11 57 0.378
732 40 34 0.3622
732 40 46 0.3622
742 11 55 0.4016
752 11 57 0.4094
762 11 55 0.4252
772 40 38 0.378
772 40 50 0.378
783 11 53 0.4488
793 11 55 0.4567
803 11 53 0.4646
813 81 38 0.4016
813 81 50 0.4016
823 11 52 0.4567
833 11 55 0.4803
844 11 57 0.5039
854 11 58 0.5276
864 11 57 0.4961
874 11 55 0.4961
884 10 52 0.5039
894 81 64 0.5354
894 81 37 0.3937
894 81 49 0.3937
905 11 55 0.4803
915 11 57 0.4803
925 11 58 0.4803
935 11 57 0.4331
945 11 58 0.4252
955 11 57 0.4094
966 10 55 0.4016
976 40 38 0.3937
976 40 50 0.3937
986 10 53 0.4567
996 10 62 0.4331
1006 10 53 0.3858
1016 40 48 0.4252
1016 40 50 0.4252
1027 10 54 0.5118
1037 10 62 0.4646
1047 10 54 0.4488
1057 40 47 0.4567
1057 40 50 0.4567
1067 10 55 0.5512
1077 10 62 0.5197
1088 10 55 0.4724
1098 40 46 0.4961
1098 40 50 0.4961
1108 10 56 0.5827
1118 10 62 0.5197
1128 10 56 0.4803
1138 122 45 0.5039
1138 81 50 0.5039
1138 81 53 0.5039
1149 10 57 0.4882
1159 10 62 0.5118
1169 10 65 0.5276
1179 10 69 0.5512
1189 10 65 0.5354
1200 10 64 0.5197
1210 10 62 0.5039
1220 11 61 0.4724
1220 40 52 0.4252
1220 40 55 0.4252
1230 11 58 0.4646
1240 11 57 0.4409
1250 11 58 0.4331
1261 11 57 0.4252
1271 11 55 0.3858
1281 11 53 0.3858
1291 11 52 0.378
1301 42 38 0.3307
1311 11 50 0.2913
1322 11 49 0.252
1332 11 50 0.2913
1342 42 41 0.2913
1352 11 53 0.2913
1362 11 52 0.2598
1372 11 53 0.2913
1383 42 38 0.3386
1393 11 50 0.2913
1403 11 49 0.2598
1413 11 50 0.2913
1423 40 41 0.2913
1433 11 53 0.2913
1444 11 52 0.252
1454 11 53 0.2677
1464 81 38 0.3701
1474 10 50 0.2835
1484 10 62 0.3701
1494 10 50 0.315
1505 10 62 0.4094
1515 10 50 0.3307
1525 10 62 0.4252
1535 10 50 0.3622
1545 10 62 0.4803
1545 81 36 0.4567
1545 81 48 0.4567
1555 10 50 0.3858
1566 10 62 0.4646
1576 10 50 0.3386
1586 10 62 0.4252
1596 10 50 0.315
1606 10 62 0.3937
1616 10 50 0.3543
1627 162 34 0.2992
1627 162 46 0.3543
1637 11 50 0.2913
1647 11 49 0.2677
1657 11 50 0.2913
1667 42 41 0.2913
1677 11 53 0.2913
1688 11 52 0.2756
1698 11 53 0.2913
1708 42 38 0.3543
1718 11 50 0.2913
1728 11 49 0.2677
1738 11 50 0.2913
1749 42 41 0.2992
1759 11 53 0.2913
1769 11 52 0.2598
1779 11 53 0.2913
1789 81 46 0.3937
1789 81 34 0.3937
1800 10 50 0.2835
1810 10 62 0.3701
1820 10 50 0.315
1830 10 62 0.4094
1840 10 50 0.3307
1850 10 62 0.4252
1861 10 50 0.3622
1871 10 62 0.4803
1871 81 33 0.4646
1871 81 45 0.4646
1881 10 50 0.3858
1891 10 62 0.4646
1901 10 50 0.3386
1911 10 62 0.4252
1922 10 50 0.315
1932 10 62 0.3937
1942 10 50 0.3543
1952 40 31 0.315
1952 40 43 0.315
1962 11 58 0.315
1972 11 60 0.3228
1983 11 58 0.3307
1993 40 33 0.3386
1993 40 45 0.3386
2003 11 57 0.3543
2013 11 58 0.3701
2023 11 57 0.378
2033 40 34 0.3622
2033 40 46 0.3622
2044 11 55 0.4016
2054 11 57 0.4094
2064 11 55 0.4252
2074 40 38 0.378
2074 40 50 0.378
2084 11 53 0.4488
2094 11 55 0.4567
2105 11 53 0.4646
2115 81 38 0.4016
2115 81 50 0.4016
2125 11 52 0.4567
2135 11 55 0.4803
2145 11 57 0.5039
2155 11 58 0.5276
2166 11 57 0.4961
2176 11 55 0.4961
2186 10 52 0.5039
2196 81 64 0.5354
2196 81 37 0.3937
2196 81 49 0.3937
2206 11 55 0.4803
2216 11 57 0.4803
2227 11 58 0.4803
2237 11 57 0.4331
2247 11 58 0.4252
2257 11 57 0.4094
2267 10 55 0.4016
2277 40 38 0.3937
2277 40 50 0.3937
2288 10 53 0.4567
2298 10 62 0.4331
2308 10 53 0.3858
2318 40 48 0.4252
2318 40 50 0.4252
2328 10 54 0.5118
2338 10 62 0.4646
2349 10 54 0.4488
2359 40 47 0.4567
2359 40 50 0.4567
2369 10 55 0.5512
2379 10 62 0.5197
2389 10 55 0.4724
2400 40 46 0.4961
2400 40 50 0.4961
2410 10 56 0.5827
2420 10 62 0.5197
2430 10 56 0.4803
2440 122 45 0.5039
2440 81 50 0.5039
2440 81 53 0.5039
2450 10 57 0.4882
2461 10 62 0.5118
2471 10 65 0.5276
2481 10 69 0.5512
2491 10 65 0.5354
2501 10 62 0.5197
2511 10 57 0.5039
2522 40 49 0.4724
2522 40 52 0.4724
2532 10 57 0.4882
2542 10 61 0.5118
2552 10 64 0.5354
2562 10 69 0.5591
2572 10 64 0.5354
2583 10 61 0.5276
2593 10 57 0.5118
2603 50 41 0.5512
2613 10 57 0.5669
2623 10 60 0.5906
2633 10 57 0.5748
2644 40 69 0.5984
2654 10 41 0.4961
2664 10 40 0.5354
2674 10 41 0.4961
2684 50 45 0.5984
2694 10 60 0.5512
2705 10 65 0.5827
2715 10 60 0.5748
2725 40 72 0.6063
2735 10 45 0.4961
2745 10 44 0.5354
2755 10 45 0.4961
2766 81 48 0.5906
2776 10 57 0.5354
2786 10 60 0.5591
2796 10 65 0.5748
2806 40 69 0.5984
2816 10 65 0.5827
2827 10 60 0.5669
2837 10 57 0.5512
2847 81 36 0.5197
2857 10 55 0.4961
2867 10 60 0.5276
2877 10 64 0.5433
2888 40 67 0.5669
2898 10 64 0.5512
2908 10 60 0.5354
2918 10 55 0.5197
2928 50 43 0.5512
2938 10 58 0.5669
2949 10 62 0.5906
2959 10 58 0.5748
2969 40 70 0.5984
2979 10 43 0.4961
2989 10 42 0.5354
3000 10 43 0.4961
3010 50 37 0.5906
3020 10 57 0.5512
3030 10 64 0.5827
3040 10 57 0.5748
3050 40 69 0.6063
3061 10 37 0.4961
3071 10 36 0.5354
3081 10 37 0.4961
3091 81 40 0.5669
3101 10 57 0.5669
3111 10 61 0.5906
3122 10 57 0.5748
3132 81 67 0.6299
3142 10 57 0.4961
3152 10 61 0.5354
3162 10 57 0.4961
3172 81 38 0.5669
3183 10 57 0.5748
3193 10 62 0.6063
3203 10 57 0.5984
3213 40 65 0.6299
3223 10 57 0.5197
3233 10 62 0.5591
3244 10 57 0.5197
3254 61 32 0.6457
3254 61 44 0.6457
3264 10 62 0.6772
3274 10 65 0.7165
3284 10 62 0.6614
3294 40 74 0.7559
3315 10 33 0.6378
3315 10 45 0.6378
3335 61 34 0.6772
3335 61 46 0.6772
3345 10 74 0.685
3355 10 77 0.748
3366 10 74 0.7008
3376 33 86 0.7953
3396 10 33 0.6457
3396 10 45 0.6457
3409 17 77 0.6063
3411 15 83 0.6693
3414 12 86 0.7323
3416 10 89 0.8346
3416 10 32 0.6772
3416 10 44 0.6772
3457 11 53 0.6299
3457 11 41 0.5354
3467 11 52 0.622
3467 11 40 0.5276
3477 11 51 0.6063
3477 11 39 0.5118
3488 10 50 0.5906
3488 10 38 0.5039
3498 11 53 0.5906
3498 11 41 0.5039
3508 11 52 0.5669
3508 11 40 0.4724
3518 11 51 0.5433
3518 11 39 0.4488
3528 10 50 0.5118
3528 10 38 0.4331
3538 11 53 0.5433
3538 11 41 0.4567
3549 11 52 0.5276
3549 11 40 0.4488
3559 11 51 0.4961
3559 11 39 0.4173
3569 50 50 0.4803
3569 10 38 0.4016
3579 40 57 0.4409
3579 40 53 0.3701
3579 10 33 0.378
3589 10 45 0.3543
3600 10 44 0.3543
3610 10 45 0.3543
3620 33 53 0.4016
3620 33 57 0.4016
3620 33 62 0.4724
3620 10 33 0.3937
3630 10 45 0.378
3640 10 44 0.378
3650 4 45 0.378
3653 88 52 0.3858
3655 86 55 0.4094
3658 43 58 0.4331
3661 40 62 0.5118
3661 10 33 0.4173
3671 10 45 0.3937
3681 10 44 0.3701
3691 10 45 0.3543
3701 40 57 0.378
3701 40 61 0.4488
3701 10 33 0.378
3711 10 45 0.3543
3722 10 44 0.3543
3732 10 45 0.3543
3742 40 53 0.4173
3742 40 62 0.4646
3742 40 57 0.4173
3742 11 38 0.4094
3752 11 45 0.3622
3762 11 44 0.3622
3772 11 45 0.3701
3783 40 64 0.4882
3783 40 61 0.4331
3783 40 57 0.4331
3783 11 33 0.4252
3793 11 45 0.3937
3803 11 44 0.3937
3813 11 45 0.4016
3823 40 57 0.4724
3823 40 62 0.4724
3823 40 65 0.5276
3823 11 38 0.5039
3833 11 45 0.4488
3844 11 44 0.4488
3854 11 45 0.4488
3864 40 67 0.5512
3864 40 60 0.4882
3864 40 64 0.4882
3864 11 36 0.5827
3874 11 48 0.5118
3884 11 47 0.5118
3894 11 48 0.5118
3905 50 41 0.5512
3915 10 57 0.5669
3925 10 60 0.5906
3935 10 57 0.5748
3945 40 69 0.5984
3955 10 41 0.4961
3966 10 40 0.5354
3976 10 41 0.4961
3986 50 45 0.5827
3996 10 60 0.5512
4006 10 65 0.5827
4016 10 60 0.5748
4027 40 72 0.6063
4037 10 45 0.4961
4047 10 44 0.5354
4057 10 45 0.4961
4067 81 48 0.5827
4077 10 57 0.5354
4088 10 60 0.5591
4098 10 65 0.5748
4108 40 69 0.5984
4118 10 65 0.5827
4128 10 60 0.5669
4138 10 57 0.5512
4149 81 36 0.5197
4159 10 55 0.4961
4169 10 60 0.5276
4179 10 64 0.5433
4189 40 67 0.5669
4200 10 64 0.5512
4210 10 60 0.5354
4220 10 55 0.5197
4230 50 43 0.5512
4240 10 58 0.5669
4250 10 62 0.5906
4261 10 58 0.5748
4271 40 70 0.5984
4281 10 43 0.4961
4291 10 42 0.5354
4301 10 43 0.4961
4311 50 37 0.5984
4322 10 57 0.5512
4332 10 64 0.5827
4342 10 57 0.5748
4352 40 69 0.6063
4362 10 37 0.4961
4372 10 36 0.5354
4383 10 37 0.4961
4393 81 40 0.5827
4403 10 57 0.5669
4413 10 61 0.5906
4423 10 57 0.5748
4433 81 67 0.6299
4444 10 57 0.4961
4454 10 61 0.5354
4464 10 57 0.4961
4474 81 38 0.5669
4484 10 57 0.5748
4494 10 62 0.6063
4505 10 57 0.5984
4515 40 65 0.6299
4525 10 57 0.5197
4535 10 62 0.5591
4545 10 57 0.5197
4555 61 32 0.6457
4555 61 44 0.6457
4566 10 62 0.6772
4576 10 65 0.7165
4586 10 62 0.6614
4596 40 74 0.7559
4616 10 33 0.6378
4616 10 45 0.6378
4637 61 34 0.6772
4637 61 46 0.6772
4647 10 74 0.685
4657 10 77 0.748
4667 10 74 0.7008
4677 33 86 0.7953
4698 10 33 0.6457
4698 10 45 0.6457
4711 17 77 0.6063
4713 15 83 0.6693
4716 12 86 0.7323
4718 10 89 0.8346
4718 10 32 0.6772
4718 10 44 0.6772
4759 11 53 0.6299
4759 11 41 0.5354
4769 11 52 0.622
4769 11 40 0.5276
4779 11 51 0.6063
4779 11 39 0.5118
4789 10 50 0.5906
4789 10 38 0.5039
4800 11 53 0.5906
4800 11 41 0.5039
4810 11 52 0.5669
4810 11 40 0.4724
4820 11 51 0.5433
4820 11 39 0.4488
4830 10 50 0.5118
4830 10 38 0.4331
4840 11 53 0.5433
4840 11 41 0.4567
4850 11 52 0.5276
4850 11 40 0.4488
4861 11 51 0.4961
4861 11 39 0.4173
4871 50 50 0.4803
4871 10 38 0.4016
4881 40 57 0.4409
4881 40 53 0.3701
4881 10 33 0.378
4891 10 45 0.3543
4901 10 44 0.3543
4911 10 45 0.3543
4922 33 62 0.4724
4922 33 57 0.4016
4922 33 53 0.4016
4922 10 33 0.3937
4932 10 45 0.378
4942 10 44 0.378
4952 4 45 0.378
4955 88 52 0.3858
4957 86 55 0.4094
4960 43 58 0.4331
4962 40 62 0.5118
4962 10 33 0.4173
4972 10 45 0.3937
4983 10 44 0.3701
4993 10 45 0.3543
5003 40 61 0.4488
5003 40 57 0.378
5003 10 33 0.378
5013 10 45 0.3543
5023 10 44 0.3543
5033 10 45 0.3543
5044 7 53 0.4094
5044 7 57 0.4094
5044 7 62 0.4646
5044 42 38 0.3858
5054 11 50 0.3465
5064 11 49 0.2992
5074 11 50 0.3465
5084 42 41 0.3465
5094 11 53 0.3465
5105 11 52 0.3071
5115 11 53 0.3465
5125 42 38 0.3937
5135 11 50 0.3465
5145 11 49 0.3071
5155 11 50 0.3465
5166 40 41 0.3465
5176 11 53 0.3465
5186 11 52 0.2992
5196 11 53 0.315
5206 81 38 0.4016
5216 10 50 0.3071
5227 10 62 0.4016
5237 10 50 0.3465
5247 10 62 0.4488
5257 10 50 0.3622
5267 10 62 0.4646
5277 10 50 0.3937
5288 10 62 0.5276
5288 81 34 0.4961
5288 81 46 0.4961
5298 10 50 0.4173
5308 10 62 0.5039
5318 10 50 0.3701
5328 10 62 0.4646
5338 10 50 0.3465
5349 10 62 0.4331
5359 10 50 0.3858
5369 42 38 0.4094
5379 11 50 0.3465
5389 11 49 0.315
5400 11 50 0.3465
5410 42 41 0.3465
5420 11 53 0.3465
5430 11 52 0.3228
5440 11 53 0.3465
5450 42 38 0.4094
5461 11 50 0.3465
5471 11 49 0.315
5481 11 50 0.3465
5491 42 41 0.3622
5501 11 53 0.3465
5511 11 52 0.3071
5522 11 53 0.3465
5532 81 38 0.4331
5542 10 50 0.3071
5552 10 62 0.4016
5562 10 50 0.3465
5572 10 62 0.4488
5583 10 50 0.3622
5593 10 62 0.4646
5603 10 50 0.3937
5613 81 55 0.5039
5613 81 58 0.5197
5613 81 31 0.4331
5613 81 43 0.4567
5623 10 50 0.4173
5633 10 62 0.5039
5644 10 50 0.3701
5654 10 62 0.4646
5664 10 50 0.3465
5674 10 62 0.4331
5684 50 50 0.3858
5694 40 54 0.3858
5694 40 57 0.3858
5694 10 26 0.4409
5705 10 38 0.2283
5715 10 26 0.3071
5725 10 38 0.2283
5735 10 26 0.315
5745 10 38 0.2205
5755 10 26 0.3071
5766 10 38 0.2283
5776 81 57 0.3228
5776 81 62 0.3228
5776 81 66 0.3858
5776 10 26 0.3701
5786 10 38 0.2205
5796 10 26 0.3071
5806 10 38 0.2283
5816 10 26 0.3386
5827 10 38 0.2283
5837 10 26 0.3307
5847 10 38 0.2441
5857 81 57 0.3701
5857 81 55 0.3701
5857 81 64 0.4409
5857 10 26 0.4488
5867 10 38 0.2598
5877 10 26 0.3543
5888 10 38 0.2835
5898 10 26 0.3622
5908 10 38 0.2756
5918 10 26 0.3543
5928 10 38 0.2835
5938 81 54 0.3858
5938 81 57 0.3858
5938 81 62 0.4567
5938 10 26 0.4409
5949 10 38 0.2835
5959 10 26 0.3701
5969 10 38 0.2992
5979 10 26 0.4331
5989 10 38 0.3307
6000 10 26 0.5039
6010 10 38 0.3307
6020 81 69 0.5354
6020 81 62 0.4488
6020 81 60 0.4488
6020 10 31 0.5748
6030 10 38 0.3937
6040 10 31 0.4488
6050 10 38 0.3701
6061 10 31 0.4961
6071 10 38 0.2992
6081 10 31 0.3858
6091 10 38 0.3071
6101 40 59 0.4488
6101 81 62 0.4252
6101 81 67 0.5039
6101 10 31 0.4331
6111 10 38 0.2756
6122 10 31 0.3622
6132 10 38 0.2598
6142 40 58 0.4488
6142 10 31 0.3701
6152 10 38 0.2362
6162 10 31 0.3386
6172 10 38 0.2441
6183 81 66 0.4646
6183 81 57 0.3937
6183 81 62 0.3937
6183 10 33 0.3543
6193 10 38 0.2362
6203 10 33 0.3543
6213 10 38 0.2677
6223 10 33 0.3701
6233 10 38 0.2835
6244 10 33 0.3937
6254 10 38 0.2992
6264 81 55 0.4488
6264 81 62 0.4488
6264 81 64 0.5276
6264 10 34 0.4488
6274 10 38 0.315
6284 10 34 0.3937
6294 10 38 0.2835
6305 10 34 0.378
6315 10 38 0.2756
6325 10 34 0.3071
6335 10 38 0.252
6345 20 57 0.4094
6345 20 66 0.4882
6345 20 62 0.4094
6345 20 33 0.3622
6386 30 45 0.4961
6416 5 47 0.4724
6422 5 45 0.4803
6427 20 44 0.5039
6447 20 45 0.4567
6467 20 49 0.5039
6488 20 50 0.4488
6508 20 55 0.5118
6528 13 54 0.4646
6544 5 54 0.4409
6549 30 59 0.5039
6579 10 57 0.4646
6589 40 57 0.4567
6630 40 54 0.4567
6630 40 62 0.4567
6630 40 57 0.4094
6630 40 33 0.3386
6630 40 45 0.378
6671 162 58 0.4567
6671 325 55 0.4094
6671 325 52 0.4094
6671 162 62 0.4567
6671 10 33 0.3386
6671 10 45 0.378
6691 10 33 0.3307
6691 10 45 0.3701
6732 10 33 0.3386
6732 10 45 0.378
6752 10 33 0.3386
6752 10 45 0.378
6772 10 33 0.3386
6772 10 45 0.378
6813 10 33 0.3386
6813 10 45 0.378
6833 203 57 0.4567
6833 162 61 0.4567
6833 10 33 0.3386
6833 10 45 0.378
6854 10 33 0.3228
6854 10 45 0.3622
6894 10 33 0.2992
6894 10 45 0.3386
6915 10 33 0.2913
6915 10 45 0.3307
6935 10 33 0.2835
6935 10 45 0.315
6976 10 33 0.2598
6976 10 45 0.2913
6996 40 62 0.3465
6996 40 50 0.3071
6996 40 54 0.3071
6996 40 26 0.2283
6996 40 38 0.2598
7077 40 45 0.2913
7077 40 50 0.2598
7077 40 54 0.2913
7077 40 26 0.2126
7077 40 38 0.2441
7159 81 50 0.2598
7159 81 26 0.1732
7159 81 38 0.1969
