109 54 57 0.7402
109 54 33 0.5197
109 54 45 0.6142
164 54 56 0.7402
164 54 32 0.5197
164 54 44 0.6142
219 328 49 0.7717
219 328 25 0.5512
219 328 37 0.6457
465 27 68 0.1654
465 28 61 0.1654
465 28 73 0.2047
465 27 64 0.1811
465 27 56 0.1496
465 28 52 0.1496
493 28 71 0.1654
493 28 64 0.1654
493 28 76 0.2047
493 28 68 0.1811
493 28 59 0.1496
493 28 56 0.1496
520 27 70 0.1654
520 27 75 0.2047
520 27 63 0.1654
520 27 67 0.1811
520 27 58 0.1496
520 27 55 0.1496
547 54 57 0.5197
547 54 33 0.378
547 54 45 0.4488
575 27 69 0.1732
575 27 62 0.1732
575 27 74 0.2126
575 27 66 0.1969
575 27 60 0.1654
575 27 54 0.1654
602 54 56 0.5197
602 54 32 0.378
602 54 44 0.4567
630 27 66 0.1732
630 27 72 0.2126
630 27 60 0.1732
630 27 63 0.2126
630 27 54 0.1732
630 27 51 0.1732
657 109 49 0.5197
657 109 25 0.378
657 109 37 0.4488
684 27 68 0.1969
684 28 61 0.1969
684 28 73 0.2441
684 27 64 0.2126
684 27 56 0.1811
684 28 52 0.1811
712 28 71 0.1969
712 28 76 0.2441
712 28 64 0.1969
712 28 68 0.2126
712 28 59 0.1811
712 28 56 0.1811
739 27 75 0.2441
739 27 63 0.1969
739 27 70 0.1969
739 27 67 0.2126
739 27 58 0.1811
739 27 55 0.1811
767 54 57 0.5748
767 54 33 0.4173
767 54 45 0.5039
794 27 74 0.252
794 27 69 0.2126
794 27 62 0.2126
794 27 66 0.2362
794 27 60 0.189
794 27 54 0.189
821 54 56 0.6063
821 54 32 0.4488
821 54 44 0.5433
849 27 72 0.2598
849 27 60 0.2126
849 27 66 0.2126
849 27 63 0.2598
849 27 54 0.2126
849 27 51 0.2126
876 109 49 0.6063
876 109 25 0.4646
876 109 37 0.5512
904 27 68 0.3465
904 27 73 0.4331
904 27 61 0.3465
904 28 64 0.378
904 28 56 0.315
904 28 52 0.315
931 28 80 0.4331
931 28 68 0.3465
931 27 73 0.3465
931 28 71 0.378
931 27 61 0.315
931 28 59 0.315
958 27 78 0.4331
958 27 73 0.3465
958 27 66 0.3465
958 27 69 0.378
958 27 61 0.315
958 27 57 0.315
986 54 60 0.6299
986 54 36 0.4646
986 54 48 0.5512
1013 27 64 0.4016
1013 27 69 0.4016
1013 27 76 0.4803
1013 27 66 0.4488
1013 27 57 0.3622
1013 27 54 0.3622
1041 54 59 0.6299
1041 54 35 0.4724
1041 54 47 0.5591
1068 27 75 0.4803
1068 27 63 0.4016
1068 27 69 0.4016
1068 27 66 0.4803
1068 27 57 0.4016
1068 27 54 0.4016
1095 109 52 0.6535
1095 109 28 0.4646
1095 109 40 0.5512
1123 27 76 0.5669
1123 27 64 0.4488
1123 27 71 0.4488
1123 28 68 0.4882
1123 28 59 0.4094
1123 28 56 0.4094
1150 28 83 0.5906
1150 27 76 0.4646
1150 28 71 0.4646
1150 28 75 0.5039
1150 27 64 0.4331
1150 28 63 0.4331
1178 27 76 0.4646
1178 27 81 0.5906
1178 27 69 0.4646
1178 27 73 0.5039
1178 27 64 0.4331
1178 27 61 0.4331
1205 54 64 0.6929
1205 54 40 0.5039
1205 54 52 0.6142
1232 27 68 0.4724
1232 27 80 0.5748
1232 27 73 0.4724
1232 27 70 0.5276
1232 27 61 0.4331
1232 27 58 0.4331
1260 54 63 0.6929
1260 54 39 0.5197
1260 54 51 0.622
1287 27 73 0.4724
1287 27 67 0.4724
1287 27 79 0.5748
1287 27 70 0.5748
1287 27 61 0.4724
1287 27 58 0.4724
1315 165 56 0.7244
1315 246 32 0.5039
1315 246 44 0.6063
1342 28 68 0.4016
1342 28 80 0.4724
1342 28 75 0.4016
1342 28 71 0.3228
1342 28 63 0.2756
1342 28 59 0.2756
1369 27 76 0.5197
1369 27 81 0.5197
1369 27 69 0.4409
1369 27 73 0.4409
1369 27 64 0.4409
1369 27 61 0.3701
1397 28 78 0.4724
1397 28 66 0.4016
1397 28 73 0.4016
1397 28 69 0.4094
1397 28 61 0.3465
1397 28 57 0.3465
1424 27 80 0.5118
1424 27 68 0.4331
1424 27 75 0.4331
1424 27 71 0.4252
1424 27 63 0.3543
1424 27 59 0.3543
1452 28 64 0.4016
1452 28 71 0.4016
1452 28 76 0.4724
1452 28 68 0.4094
1452 28 59 0.3465
1452 108 56 0.3465
1479 27 66 0.4331
1479 27 78 0.5118
1479 27 73 0.4331
1479 27 69 0.4252
1479 27 61 0.3543
1479 27 57 0.3543
1506 28 69 0.4016
1506 28 75 0.4016
1506 28 63 0.4016
1506 28 66 0.4094
1506 28 57 0.3465
1506 28 54 0.3465
1534 26 76 0.5118
1534 26 64 0.4331
1534 26 71 0.4331
1534 26 68 0.4331
1534 26 59 0.3622
1534 27 56 0.3622
1561 28 76 0.4724
1561 28 64 0.4016
1561 28 71 0.4016
1561 28 68 0.4094
1561 28 59 0.3465
1561 28 56 0.3465
1589 27 66 0.4409
1589 27 73 0.4409
1589 27 78 0.5276
1589 27 69 0.4331
1589 27 61 0.3622
1589 27 57 0.3622
1616 28 63 0.4016
1616 28 75 0.4724
1616 28 69 0.4016
1616 28 66 0.4094
1616 28 57 0.3465
1616 28 54 0.3465
1643 27 71 0.4409
1643 27 76 0.5197
1643 27 64 0.4409
1643 27 68 0.4409
1643 27 59 0.3701
1643 27 56 0.3701
1671 28 73 0.4094
1671 28 61 0.3465
1671 28 68 0.3465
1671 28 64 0.3543
1671 28 56 0.2992
1671 28 52 0.2992
1698 27 75 0.3465
1698 27 63 0.2835
1698 27 69 0.2835
1698 27 66 0.315
1698 27 57 0.2677
1698 27 54 0.2677
1726 28 60 0.2283
1726 28 66 0.2283
1726 28 72 0.2756
1726 28 63 0.2362
1726 28 54 0.1969
1726 28 51 0.1969
1753 26 61 0.1969
1753 26 73 0.2283
1753 26 68 0.1969
1753 26 52 0.1732
1753 26 56 0.1732
1753 26 64 0.2126
1780 28 73 0.2047
1780 27 68 0.1654
1780 28 61 0.1654
1780 27 64 0.1811
1780 27 56 0.1496
1780 28 52 0.1496
1808 28 64 0.1654
1808 28 71 0.1654
1808 28 76 0.2047
1808 28 68 0.1811
1808 28 59 0.1496
1808 28 56 0.1496
1835 28 63 0.1654
1835 28 75 0.2047
1835 28 70 0.1654
1835 28 67 0.1811
1835 28 58 0.1496
1835 28 55 0.1496
1863 54 57 0.3937
1863 54 33 0.2835
1863 54 45 0.3386
1890 27 62 0.1732
1890 27 69 0.1732
1890 27 74 0.2126
1890 27 66 0.1969
1890 27 60 0.1654
1890 27 54 0.1654
1917 54 56 0.4331
1917 54 32 0.2913
1917 54 44 0.3622
1945 27 72 0.2126
1945 27 66 0.1732
1945 27 60 0.1732
1945 27 63 0.2126
1945 27 54 0.1732
1945 27 51 0.1732
1972 109 49 0.4252
1972 109 25 0.2913
1972 109 37 0.3465
1999 27 61 0.2205
1999 27 68 0.2205
1999 27 73 0.2913
1999 28 64 0.2441
1999 28 56 0.2126
1999 28 52 0.2126
2027 28 68 0.252
2027 28 80 0.3228
2027 27 73 0.252
2027 28 71 0.2756
2027 27 61 0.2362
2027 28 59 0.2362
2054 27 73 0.252
2054 27 66 0.252
2054 27 78 0.3228
2054 27 69 0.2756
2054 27 61 0.2362
2054 27 57 0.2362
2082 54 57 0.4882
2082 54 33 0.3465
2082 54 45 0.4331
2109 27 76 0.2835
2109 27 69 0.2283
2109 27 64 0.2283
2109 27 66 0.252
2109 27 60 0.2126
2109 27 54 0.2126
2136 54 56 0.4724
2136 54 32 0.315
2136 54 44 0.378
2164 27 66 0.2126
2164 27 60 0.2126
2164 27 72 0.2598
2164 27 63 0.2835
2164 27 54 0.2283
2164 27 51 0.2283
2191 165 49 0.4488
2191 246 25 0.3465
2191 246 37 0.3465
2219 28 61 0.2362
2219 28 73 0.2835
2219 28 68 0.2362
2219 28 64 0.2362
2219 28 56 0.2047
2219 28 52 0.2047
2246 27 69 0.3071
2246 27 62 0.2598
2246 27 74 0.3071
2246 27 66 0.2598
2246 27 57 0.2598
2246 27 54 0.2126
2273 28 66 0.2362
2273 28 59 0.2362
2273 28 71 0.2835
2273 28 62 0.2362
2273 28 54 0.2047
2273 28 50 0.2047
2301 27 73 0.3071
2301 27 68 0.2598
2301 27 61 0.2598
2301 27 64 0.252
2301 27 56 0.2126
2301 27 52 0.2126
2328 28 57 0.2126
2328 28 64 0.2126
2328 28 69 0.252
2328 28 61 0.2126
2328 28 52 0.1811
2328 108 49 0.1811
2356 27 59 0.2362
2356 27 71 0.2756
2356 27 66 0.2362
2356 27 62 0.2283
2356 27 54 0.189
2356 27 50 0.189
2383 28 62 0.2205
2383 28 56 0.2205
2383 28 68 0.2205
2383 28 59 0.2283
2383 28 54 0.189
2383 28 47 0.189
2410 26 66 0.1969
2410 26 57 0.1969
2410 26 69 0.2362
2410 27 49 0.1811
2410 26 54 0.1811
2410 26 61 0.2205
2438 28 69 0.2047
2438 28 57 0.1654
2438 27 66 0.1654
2438 27 61 0.1811
2438 27 54 0.1496
2438 28 49 0.1496
2465 27 66 0.1654
2465 27 61 0.1654
2465 28 73 0.2047
2465 28 64 0.1811
2465 27 54 0.1496
2465 28 52 0.1496
2493 27 66 0.1654
2493 27 59 0.1654
2493 27 71 0.2047
2493 27 62 0.1811
2493 27 54 0.1496
2493 27 50 0.1496
2520 54 55 0.4016
2520 54 31 0.2677
2520 54 43 0.3228
2547 27 64 0.1732
2547 27 57 0.1732
2547 27 69 0.2126
2547 27 61 0.1969
2547 27 52 0.1654
2575 54 56 0.378
2575 54 32 0.2677
2575 54 44 0.3228
2602 27 56 0.1732
2602 27 68 0.2126
2602 27 63 0.1732
2602 27 60 0.2126
2602 27 54 0.1732
2602 27 51 0.1732
2630 109 49 0.3701
2630 109 25 0.3071
2630 109 37 0.3071
2657 28 61 0.1969
2657 28 52 0.1969
2657 28 44 0.1969
2684 28 56 0.1969
2684 28 64 0.1969
2684 28 47 0.1969
2712 27 55 0.1969
2712 27 63 0.1969
2712 27 46 0.1969
2739 54 57 0.2913
2739 54 33 0.2756
2739 54 45 0.2756
2767 27 60 0.1811
2767 27 54 0.1811
2767 27 62 0.1811
2794 54 56 0.2677
2794 54 32 0.2756
2794 54 44 0.2756
2821 27 51 0.1811
2821 27 60 0.1811
2821 27 54 0.1811
2849 109 49 0.3386
2849 109 25 0.2835
2849 109 37 0.2835
2876 28 61 0.1969
2876 28 52 0.1969
2876 28 44 0.1969
2904 28 56 0.1969
2904 28 64 0.1969
2904 28 47 0.1969
2931 27 55 0.1969
2931 27 63 0.1969
2931 27 46 0.1969
2958 54 57 0.2913
2958 54 33 0.2756
2958 54 45 0.2756
2986 27 60 0.1811
2986 27 54 0.1811
2986 27 62 0.1811
3013 54 56 0.2677
3013 54 32 0.2756
3013 54 44 0.2756
3041 27 51 0.1811
3041 27 60 0.1811
3041 27 54 0.1811
3068 54 64 0.3307
3068 219 25 0.2992
3068 219 37 0.2992
3086 18 56 0.2835
3105 18 61 0.2835
3123 54 63 0.3228
3123 54 46 0.2756
3141 18 55 0.2677
3159 18 61 0.2677
3178 54 62 0.3071
3178 54 45 0.2677
3196 18 54 0.2677
3214 18 60 0.2677
3232 54 61 0.3071
3232 54 44 0.252
3251 18 52 0.2677
3269 18 56 0.2677
3287 54 64 0.3543
3287 54 47 0.2913
3287 219 37 0.315
3305 18 56 0.2992
3324 18 61 0.2992
3342 54 63 0.3465
3342 54 46 0.2992
3360 18 55 0.2913
3378 18 61 0.2913
3397 54 62 0.3386
3397 54 45 0.2756
3415 18 54 0.2835
3433 18 60 0.2913
3452 54 61 0.3228
3452 54 44 0.2677
3470 18 52 0.2835
3488 18 56 0.2835
3506 54 68 0.3858
3506 54 40 0.3228
3525 18 56 0.3386
3543 18 61 0.3465
3561 54 66 0.3937
3561 54 39 0.3307
3579 18 57 0.3307
3598 18 61 0.3543
3616 54 69 0.4094
3616 54 42 0.3386
3634 18 54 0.3543
3652 18 61 0.3622
3671 54 68 0.4173
3671 54 40 0.3307
3689 18 56 0.3701
3707 18 61 0.3701
3726 54 66 0.4961
3726 54 45 0.4173
3744 18 54 0.4252
3762 18 61 0.3307
3762 18 64 0.4252
3780 54 66 0.4724
3780 54 39 0.4016
3799 18 54 0.3937
3817 18 61 0.3937
3835 54 64 0.4488
3835 54 44 0.378
3853 18 54 0.378
3872 18 63 0.378
3872 18 60 0.3071
3890 54 64 0.4173
3890 273 37 0.3465
3908 18 52 0.3622
3926 18 61 0.3622
3945 54 64 0.5197
3945 54 47 0.4331
3963 18 56 0.4488
3981 18 61 0.4488
3999 54 63 0.5039
3999 54 46 0.4331
4018 18 55 0.4252
4036 18 61 0.4252
4054 54 62 0.4882
4054 54 45 0.4094
4073 18 54 0.4173
4091 18 60 0.4173
4109 54 61 0.4724
4109 54 44 0.3858
4127 18 52 0.4094
4146 18 56 0.4094
4164 54 64 0.5197
4164 54 47 0.4331
4164 219 37 0.4724
4182 18 56 0.4488
4200 18 61 0.4488
4219 54 63 0.5039
4219 54 46 0.4331
4237 18 55 0.4252
4255 18 61 0.4252
4273 54 62 0.4882
4273 54 45 0.4094
4292 18 54 0.4173
4310 18 60 0.4173
4328 54 61 0.4724
4328 54 44 0.3858
4347 18 52 0.4094
4365 18 56 0.4094
4383 54 68 0.5197
4383 54 40 0.4331
4401 18 56 0.4488
4420 18 61 0.4567
4438 54 66 0.5197
4438 54 39 0.4252
4456 18 57 0.4488
4474 18 61 0.4724
4493 54 69 0.5512
4493 54 42 0.4567
4511 18 54 0.4724
4529 18 61 0.4882
4547 54 68 0.5669
4547 54 40 0.4331
4566 18 56 0.5039
4584 18 61 0.5118
4602 54 73 0.6142
4602 219 45 0.4724
4602 54 52 0.5591
4621 18 61 0.4961
4639 18 69 0.5039
4657 54 71 0.6378
4657 54 54 0.4961
4675 18 62 0.5433
4694 18 69 0.5669
4712 54 74 0.6535
4712 54 53 0.6063
4730 18 62 0.5591
4748 18 68 0.5748
4767 54 73 0.685
4767 54 52 0.5512
4785 18 61 0.622
4803 18 69 0.6142
4821 54 78 0.7087
4821 54 60 0.5354
4821 54 63 0.6378
4840 18 69 0.5669
4858 18 75 0.5591
4876 54 76 0.7008
4876 54 61 0.5276
4876 54 64 0.5433
4894 18 68 0.5906
4913 18 73 0.5906
4931 54 74 0.6693
4931 54 56 0.5118
4931 54 59 0.6142
4949 18 65 0.5827
4968 18 71 0.5669
4986 54 73 0.6693
4986 54 57 0.5039
4986 54 61 0.5354
5004 18 66 0.5906
5022 18 69 0.5748
5041 54 74 0.6378
5041 54 56 0.4803
5041 54 59 0.5748
5059 18 65 0.5118
5077 18 71 0.5118
5095 54 73 0.6299
5095 54 57 0.4724
5095 54 61 0.4882
5114 18 66 0.5354
5132 18 69 0.5276
5150 54 71 0.5984
5150 54 53 0.4567
5150 54 56 0.5591
5168 18 62 0.5118
5187 18 68 0.5118
5205 54 69 0.6063
5205 54 54 0.4488
5205 54 57 0.4882
5223 18 61 0.5197
5242 18 66 0.5118
5260 54 69 0.5748
5260 54 51 0.4409
5260 54 54 0.5197
5278 18 60 0.4567
5296 18 66 0.4567
5315 54 68 0.5669
5315 54 52 0.4331
5315 54 56 0.4409
5333 18 61 0.4803
5351 18 64 0.4882
5369 54 66 0.5512
5369 54 48 0.4252
5369 54 51 0.5118
5388 18 57 0.4724
5406 18 63 0.4724
5424 54 64 0.5591
5424 54 49 0.4173
5424 54 52 0.4488
5442 18 56 0.4961
5461 18 61 0.4803
5479 54 62 0.5748
5479 109 42 0.5197
5497 18 57 0.4567
5515 18 61 0.4567
5534 54 69 0.5748
5534 54 50 0.4488
5552 18 57 0.4961
5570 18 61 0.5118
5589 54 63 0.5906
5589 109 43 0.5433
5607 18 58 0.5118
5625 18 61 0.5197
5643 54 70 0.622
5643 54 51 0.4961
5662 18 58 0.5591
5680 18 61 0.5433
5698 54 64 0.6693
5698 109 44 0.6063
5716 18 59 0.5354
5735 18 63 0.5354
5753 54 71 0.685
5753 54 52 0.5354
5771 18 59 0.5906
5789 18 63 0.6063
5808 54 72 0.6929
5808 54 51 0.6457
5826 18 60 0.5906
5844 18 66 0.6063
5863 54 73 0.7323
5863 54 49 0.5827
5881 18 61 0.6535
5899 18 64 0.6457
5904 219 37 0.6772
5917 54 76 0.7402
5917 54 59 0.622
5936 18 68 0.6378
5954 18 73 0.6378
5972 54 75 0.7165
5972 54 58 0.622
5990 18 67 0.5984
6009 18 73 0.5984
6027 54 74 0.6929
6027 54 57 0.5827
6045 18 66 0.5906
6063 18 72 0.5906
6082 54 73 0.6772
6082 41 56 0.5433
6100 18 64 0.5827
6118 18 68 0.5827
6123 232 37 0.6772
6136 54 76 0.7402
6136 54 59 0.622
6155 18 68 0.6378
6173 18 73 0.6378
6191 54 75 0.7165
6191 54 58 0.622
6210 18 67 0.5984
6228 18 73 0.5984
6246 54 74 0.6929
6246 54 57 0.5827
6264 18 66 0.5906
6283 18 72 0.5906
6301 54 73 0.6772
6301 54 56 0.5433
6319 18 64 0.5827
6337 18 68 0.5827
6356 54 80 0.7402
6356 219 61 0.6772
6356 54 52 0.622
6374 18 68 0.6378
6392 18 73 0.6457
6410 54 78 0.7323
6410 54 51 0.6299
6429 18 69 0.6299
6447 18 73 0.6378
6465 54 81 0.7402
6465 54 54 0.622
6484 18 66 0.6378
6502 18 73 0.6457
6520 54 80 0.7402
6520 54 52 0.5984
6538 18 68 0.6457
6557 18 73 0.6457
6575 54 78 0.7323
6575 54 57 0.6299
6593 18 66 0.6378
6611 18 73 0.6378
6611 18 76 0.6378
6630 54 78 0.7165
6630 54 51 0.5276
6648 18 66 0.6299
6666 18 73 0.6457
6684 54 76 0.6929
6684 54 56 0.5748
6703 18 66 0.6299
6721 18 72 0.5039
6721 18 75 0.622
6739 54 76 0.6772
6739 41 49 0.5197
6757 18 64 0.5906
6776 18 73 0.5906
6780 219 37 0.6772
6794 54 76 0.7402
6794 54 59 0.622
6812 18 68 0.6378
6831 18 73 0.6378
6849 54 75 0.7165
6849 54 58 0.622
6867 18 67 0.5984
6885 18 73 0.5984
6904 54 74 0.6929
6904 54 57 0.5827
6922 18 66 0.5906
6940 18 72 0.5906
6958 54 73 0.6772
6958 41 56 0.5433
6977 18 64 0.5827
6995 18 68 0.5827
6999 232 37 0.6772
7013 54 76 0.7402
7013 54 59 0.622
7031 18 68 0.6378
7050 18 73 0.6378
7068 54 75 0.7165
7068 54 58 0.622
7086 18 67 0.5984
7105 18 73 0.5984
7123 54 74 0.6929
7123 54 57 0.5827
7141 18 66 0.5906
7159 18 72 0.5906
7178 54 73 0.6772
7178 54 56 0.5433
7196 18 64 0.5827
7214 18 68 0.5827
7232 54 80 0.7087
7232 219 61 0.6457
7232 54 52 0.5906
7251 18 68 0.6142
7269 18 73 0.622
7287 54 78 0.7087
7287 54 51 0.5669
7305 18 69 0.6063
7324 18 73 0.622
7342 54 81 0.7244
7342 54 54 0.5984
7360 18 66 0.622
7378 18 73 0.6457
7397 54 80 0.7402
7397 54 52 0.5591
7415 18 68 0.6457
7433 18 73 0.6614
7452 54 83 0.7795
7452 54 68 0.7008
7452 54 65 0.5906
7470 18 74 0.622
7488 18 80 0.6378
7506 54 81 0.7953
7506 54 69 0.622
7506 54 66 0.5276
7525 18 73 0.6772
7543 18 78 0.7008
7561 54 86 0.7953
7561 54 68 0.622
7561 54 71 0.7323
7579 18 77 0.685
7598 18 83 0.6929
7616 54 85 0.8189
7616 54 69 0.5591
7616 54 73 0.6614
7634 18 78 0.7323
7652 18 81 0.7244
7671 54 90 0.8189
7671 54 72 0.622
7671 54 75 0.7402
7689 18 81 0.7087
7707 18 87 0.7087
7726 54 88 0.811
7726 54 73 0.6142
7726 54 76 0.6299
7744 18 80 0.748
7762 18 85 0.7717
7780 18 84 0.7165
7780 18 90 0.7165
7780 18 93 0.8504
7799 18 75 0.5197
7799 18 78 0.6142
7817 18 90 0.6535
7817 18 93 0.7717
7817 18 84 0.6535
7835 18 76 0.5906
7835 18 80 0.7008
7853 18 92 0.7795
7853 18 88 0.6614
7853 18 85 0.6614
7872 18 80 0.5748
7872 18 76 0.4882
7890 18 81 0.7087
7890 18 87 0.7087
7890 18 90 0.8346
7908 18 72 0.4961
7908 18 75 0.5906
7926 18 87 0.6299
7926 18 90 0.748
7926 18 81 0.5354
7945 18 73 0.5748
7945 18 76 0.6772
7963 18 88 0.748
7963 18 85 0.6299
7963 18 80 0.6299
7981 18 76 0.5748
7981 18 73 0.4882
7999 18 77 0.6929
7999 18 83 0.6929
7999 18 86 0.8189
8018 18 68 0.5039
8018 18 71 0.5984
8036 18 83 0.6378
8036 18 86 0.7559
8036 18 77 0.6378
8054 18 69 0.5748
8054 18 73 0.6772
8073 18 85 0.7323
8073 18 81 0.622
8073 18 78 0.622
8091 18 73 0.5748
8091 18 69 0.4882
8109 18 74 0.6693
8109 18 80 0.6693
8109 18 83 0.7953
8127 18 65 0.4961
8127 18 68 0.5906
8146 18 80 0.622
8146 18 83 0.7323
8146 18 74 0.622
8164 18 66 0.5748
8164 18 69 0.685
8182 18 81 0.7244
8182 18 78 0.6142
8182 18 73 0.6142
8200 18 66 0.4803
8200 18 69 0.5669
8219 18 72 0.6614
8219 18 81 0.7795
8219 18 78 0.6614
8237 18 66 0.4882
8237 18 63 0.5748
8255 18 78 0.6142
8255 18 81 0.7244
8255 18 72 0.6142
8273 18 64 0.5748
8273 18 68 0.6772
8292 18 73 0.6063
8292 18 80 0.7165
8292 18 76 0.6063
8310 18 64 0.4803
8310 18 68 0.5669
8328 18 75 0.6378
8328 18 69 0.6378
8328 18 78 0.7559
8347 18 63 0.5827
8347 18 60 0.4882
8365 18 78 0.7165
8365 18 69 0.6063
8365 18 75 0.6063
8383 18 61 0.5433
8383 18 64 0.6457
8401 18 68 0.5984
8401 18 76 0.5984
8401 18 73 0.5984
8420 18 61 0.4724
8420 18 64 0.5591
8438 18 71 0.622
8438 18 65 0.622
8438 18 74 0.7402
8456 18 59 0.5433
8456 18 56 0.4567
8474 18 74 0.685
8474 18 65 0.5748
8474 18 71 0.5748
8493 18 57 0.5354
8493 18 61 0.6299
8511 18 66 0.5748
8511 18 73 0.6772
8511 18 69 0.5748
8529 18 57 0.4409
8529 18 61 0.5276
8547 18 68 0.6063
8547 18 62 0.6063
8547 18 71 0.7165
8566 18 56 0.5039
8566 18 53 0.4252
8584 18 71 0.6535
8584 18 62 0.5512
8584 18 68 0.5512
8602 18 54 0.5039
8602 18 57 0.5984
8621 18 61 0.5433
8621 18 69 0.6457
8621 18 66 0.5433
8639 18 54 0.4252
8639 18 57 0.5039
8657 18 60 0.5906
8657 18 66 0.5906
8657 18 69 0.7008
8675 18 51 0.4173
8675 18 54 0.4961
8694 18 69 0.6457
8694 18 66 0.5433
8694 18 60 0.5433
8712 18 56 0.5748
8712 18 52 0.4882
8730 18 64 0.5354
8730 18 68 0.6299
8730 18 61 0.5354
8748 18 56 0.4803
8748 18 52 0.4016
8767 18 63 0.5748
8767 18 66 0.6772
8767 18 57 0.5748
8785 18 48 0.4094
8785 18 51 0.4882
8803 18 57 0.5197
8803 18 66 0.6142
8803 18 63 0.5197
8821 18 52 0.5669
8821 18 49 0.4803
8840 18 61 0.5197
8840 18 64 0.6142
8840 18 56 0.5197
8858 18 52 0.4646
8858 18 49 0.3937
8876 18 66 0.5669
8876 18 69 0.6693
8876 18 60 0.5669
8894 18 51 0.4173
8894 18 54 0.4961
8913 18 60 0.5354
8913 18 69 0.6299
8913 18 66 0.5354
8931 18 56 0.5906
8931 18 52 0.4961
8949 18 64 0.5433
8949 18 68 0.6457
8949 18 61 0.5433
8968 18 56 0.4961
8968 18 52 0.4173
8986 18 63 0.5827
8986 18 66 0.6929
8986 18 57 0.5827
9004 18 48 0.4173
9004 18 51 0.4961
9022 18 57 0.5512
9022 18 66 0.6535
9022 18 63 0.5512
9041 18 52 0.5827
9041 18 49 0.4882
9059 18 61 0.5591
9059 18 64 0.6614
9059 18 56 0.5591
9077 18 52 0.4882
9077 18 49 0.4094
9095 18 66 0.7244
9095 18 63 0.6142
9095 18 57 0.6142
9114 18 48 0.4409
9114 18 51 0.5276
9132 18 63 0.5748
9132 18 57 0.5748
9132 18 66 0.6772
9150 18 52 0.622
9150 18 49 0.5276
9168 18 64 0.7087
9168 18 56 0.5984
9168 18 61 0.5984
9187 18 49 0.4567
9187 18 52 0.5433
9205 18 66 0.7559
9205 18 63 0.6378
9205 18 57 0.6378
9223 18 48 0.4567
9223 18 51 0.5433
9242 18 63 0.5984
9242 18 57 0.5984
9242 18 66 0.7087
9260 18 52 0.6457
9260 18 49 0.5512
9278 18 64 0.7165
9278 18 56 0.6063
9278 18 61 0.6063
9296 18 49 0.4567
9296 18 52 0.5512
9315 18 66 0.7874
9315 18 63 0.6693
9315 18 57 0.6693
9333 18 48 0.4882
9333 18 51 0.5827
9351 18 63 0.6457
9351 18 57 0.6457
9351 18 66 0.7559
9369 18 52 0.7087
9369 18 49 0.5906
9388 18 64 0.7638
9388 18 56 0.6457
9388 18 61 0.6457
9406 18 49 0.5039
9406 18 52 0.5906
9424 219 57 0.7402
9424 219 69 0.874
9424 219 33 0.6457
9424 219 45 0.7638
9534 109 73 0.8425
9534 109 66 0.7165
9534 109 78 0.8425
9534 109 49 0.5906
9534 109 54 0.5906
9534 109 61 0.7087
9643 219 68 0.8898
9643 219 56 0.6457
9643 219 32 0.6614
9643 219 44 0.7323
9753 109 80 0.8504
9753 109 68 0.6063
9753 109 72 0.8504
9753 109 66 0.7087
9753 109 63 0.6142
9753 109 60 0.5591
9753 109 54 0.5512
9863 109 49 0.6457
9863 54 52 0.6457
9863 54 56 0.8425
9863 54 61 0.874
9863 109 25 0.4567
9863 109 28 0.4567
9863 109 32 0.6142
9863 109 37 0.6142
9890 27 85 0.8031
9890 27 73 0.685
9890 27 80 0.8031
9890 27 76 0.685
9890 27 64 0.5984
9890 82 61 0.5984
9890 54 56 0.5118
9890 82 52 0.5118
9917 27 80 0.7165
9917 27 76 0.7165
9917 27 85 0.8425
9917 27 88 0.8425
9917 27 68 0.6378
9917 27 64 0.6378
9917 27 59 0.5276
9917 54 56 0.5276
9945 27 82 0.8425
9945 27 87 0.8425
9945 27 79 0.7165
9945 27 75 0.7165
9945 27 67 0.622
9945 27 63 0.622
9945 27 58 0.5276
9945 27 55 0.5276
9972 54 57 0.7244
9972 54 69 0.8504
9972 54 33 0.5276
9972 54 45 0.6299
9999 27 86 0.8031
9999 27 74 0.685
9999 27 84 0.8031
9999 27 78 0.685
9999 27 66 0.5984
9999 27 62 0.5984
9999 27 60 0.5118
9999 27 54 0.5118
10027 54 56 0.7244
10027 54 68 0.8504
10027 54 32 0.5276
10027 54 44 0.6299
10054 27 84 0.8031
10054 27 72 0.685
10054 27 78 0.8031
10054 27 75 0.685
10054 27 63 0.5984
10054 27 60 0.5984
10054 27 54 0.5118
10054 27 51 0.5118
10082 109 49 0.622
10082 54 52 0.622
10082 54 56 0.8189
10082 54 61 0.8504
10082 109 25 0.4409
10082 109 28 0.4409
10082 109 32 0.5984
10082 109 37 0.5984
10109 27 76 0.685
10109 27 73 0.685
10109 27 85 0.8031
10109 27 80 0.8031
10109 27 64 0.5984
10109 82 61 0.5984
10109 54 56 0.5118
10109 82 52 0.5118
10136 27 88 0.8425
10136 27 76 0.7165
10136 27 85 0.8425
10136 27 80 0.7165
10136 27 68 0.6378
10136 27 64 0.6378
10136 27 59 0.5276
10136 54 56 0.5276
10164 27 79 0.7165
10164 27 75 0.7165
10164 27 87 0.8425
10164 27 82 0.8425
10164 27 67 0.622
10164 27 63 0.622
10164 27 55 0.5276
10164 27 58 0.5276
10191 54 57 0.7323
10191 54 69 0.8661
10191 54 33 0.5354
10191 54 45 0.6457
10219 27 78 0.685
10219 27 86 0.8031
10219 27 84 0.8031
10219 27 74 0.685
10219 27 66 0.5984
10219 27 62 0.5984
10219 27 60 0.5118
10219 27 54 0.5118
10246 54 56 0.7244
10246 54 68 0.8583
10246 54 32 0.5276
10246 54 44 0.6299
10273 27 75 0.685
10273 27 72 0.685
10273 27 78 0.8031
10273 27 84 0.8031
10273 27 63 0.5984
10273 27 60 0.5984
10273 27 54 0.5118
10273 27 51 0.5118
10301 109 49 0.7323
10301 54 52 0.7323
10301 54 56 0.8425
10301 54 61 0.8661
10301 109 25 0.5197
10301 109 28 0.5197
10301 109 32 0.6063
10301 109 37 0.6063
10328 27 76 0.685
10328 27 85 0.8031
10328 27 80 0.8031
10328 27 73 0.685
10328 27 64 0.5984
10328 54 61 0.5984
10328 82 56 0.5118
10328 82 52 0.5118
10356 27 85 0.8425
10356 27 80 0.7165
10356 27 92 0.8425
10356 27 59 0.5276
10356 27 71 0.6378
10356 27 68 0.6378
10356 54 61 0.5276
10383 27 78 0.685
10383 27 90 0.8031
10383 27 85 0.8031
10383 27 57 0.5118
10383 27 69 0.5984
10383 27 66 0.5984
10383 27 61 0.5118
10410 54 60 0.7244
10410 54 72 0.8583
10410 54 36 0.5276
10410 54 48 0.6299
10438 27 78 0.685
10438 27 76 0.685
10438 27 88 0.8031
10438 27 81 0.8031
10438 27 66 0.5984
10438 27 64 0.5984
10438 27 57 0.5118
10438 27 54 0.5118
10465 54 59 0.7165
10465 54 71 0.8425
10465 54 35 0.5197
10465 54 47 0.622
10493 27 87 0.8031
10493 27 75 0.685
10493 27 81 0.8031
10493 27 78 0.685
10493 27 66 0.5984
10493 27 63 0.5984
10493 27 57 0.5118
10493 27 54 0.5118
10520 109 52 0.7244
10520 54 56 0.7244
10520 54 59 0.8504
10520 54 64 0.8504
10520 109 28 0.5118
10520 109 32 0.5118
10520 109 35 0.5984
10520 109 40 0.5984
10547 27 80 0.7087
10547 27 76 0.7087
10547 27 88 0.8346
10547 27 83 0.8346
10547 27 68 0.622
10547 54 64 0.622
10547 82 59 0.5276
10547 82 56 0.5276
10575 27 83 0.7402
10575 27 95 0.874
10575 27 88 0.874
10575 27 63 0.5512
10575 27 75 0.6535
10575 27 71 0.6535
10575 54 64 0.5512
10602 27 81 0.7087
10602 27 88 0.8346
10602 27 93 0.8346
10602 27 64 0.5276
10602 27 73 0.622
10602 27 69 0.622
10602 27 61 0.5276
10630 54 64 0.7244
10630 54 76 0.8583
10630 54 40 0.5276
10630 54 52 0.6299
10657 27 85 0.811
10657 27 82 0.6929
10657 27 92 0.811
10657 27 80 0.6929
10657 27 70 0.6063
10657 27 68 0.6063
10657 27 61 0.5197
10657 27 58 0.5197
10684 54 63 0.7244
10684 54 75 0.8583
10684 54 39 0.5276
10684 54 51 0.6299
10712 27 85 0.8031
10712 27 91 0.8031
10712 27 79 0.685
10712 27 82 0.685
10712 27 70 0.5984
10712 27 67 0.5984
10712 27 61 0.5118
10712 27 58 0.5118
10739 164 56 0.6535
10739 54 59 0.7165
10739 54 63 0.8425
10739 54 68 0.8425
10739 246 32 0.5118
10739 246 35 0.5118
10739 246 39 0.5906
10739 246 44 0.5906
10767 27 83 0.6693
10767 27 80 0.6693
10767 27 87 0.7795
10767 27 92 0.7795
10767 109 59 0.5039
10767 109 63 0.5039
10767 109 68 0.5906
10767 27 71 0.5906
10794 27 93 0.811
10794 27 81 0.6929
10794 27 85 0.6929
10794 27 88 0.811
10794 27 73 0.6142
10794 27 69 0.6142
10794 27 64 0.5197
10794 27 61 0.5197
10821 27 85 0.7874
10821 27 90 0.7874
10821 27 81 0.6693
10821 27 78 0.6693
10821 27 69 0.5906
10821 27 66 0.5906
10821 27 61 0.5039
10821 27 57 0.5039
10849 27 92 0.811
10849 27 80 0.6929
10849 27 87 0.811
10849 27 83 0.6929
10849 27 71 0.6142
10849 54 68 0.6142
10849 109 63 0.5197
10849 54 59 0.5197
10876 27 88 0.7874
10876 27 76 0.6693
10876 27 83 0.7874
10876 27 80 0.6693
10876 108 68 0.5906
10876 27 64 0.5906
10876 108 59 0.5039
10876 108 56 0.5039
10904 27 81 0.6929
10904 27 78 0.6929
10904 27 90 0.811
10904 27 85 0.811
10904 27 69 0.6142
10904 27 66 0.6142
10904 27 61 0.5197
10904 27 57 0.5197
10931 27 87 0.7874
10931 27 75 0.6693
10931 27 81 0.7874
10931 27 78 0.6693
10931 27 66 0.5906
10931 54 63 0.5906
10931 27 57 0.5039
10931 27 54 0.5039
10958 26 80 0.685
10958 26 76 0.685
10958 26 88 0.811
10958 26 83 0.811
10958 27 68 0.6063
10958 26 64 0.6063
10958 27 59 0.5197
10958 27 56 0.5197
10986 27 80 0.6693
10986 27 88 0.7874
10986 27 83 0.7874
10986 27 76 0.6693
10986 27 68 0.5906
10986 27 64 0.5906
10986 27 59 0.5039
10986 27 56 0.5039
11013 27 81 0.685
11013 27 78 0.685
11013 27 85 0.811
11013 27 90 0.811
11013 27 69 0.6063
11013 27 66 0.6063
11013 27 61 0.5197
11013 27 57 0.5197
11041 27 78 0.6693
11041 27 87 0.7874
11041 27 81 0.7874
11041 27 75 0.6693
11041 27 66 0.5906
11041 27 63 0.5906
11041 27 57 0.5039
11041 27 54 0.5039
11068 27 83 0.811
11068 27 80 0.6929
11068 27 88 0.811
11068 27 76 0.6929
11068 27 68 0.6142
11068 27 64 0.6142
11068 27 59 0.5197
11068 27 56 0.5197
11095 27 80 0.7874
11095 27 85 0.7874
11095 27 73 0.6693
11095 27 76 0.6693
11095 27 64 0.5906
11095 27 61 0.5906
11095 27 56 0.5039
11095 27 52 0.5039
11123 27 78 0.6772
11123 27 75 0.6772
11123 27 81 0.8031
11123 27 87 0.8031
11123 27 66 0.5984
11123 27 63 0.5984
11123 27 57 0.5197
11123 27 54 0.5197
11150 27 75 0.6693
11150 27 84 0.7874
11150 27 78 0.7874
11150 27 72 0.6693
11150 27 63 0.5906
11150 27 60 0.5906
11150 27 54 0.5039
11150 27 51 0.5039
11164 123 49 0.7008
11164 39 61 0.874
11164 123 25 0.5354
11164 123 37 0.7402
11178 26 73 0.6772
11178 26 76 0.6772
11178 26 80 0.7953
11178 26 85 0.7953
11178 26 52 0.5118
11178 26 56 0.5118
11178 54 61 0.5984
11178 26 64 0.5984
11205 27 80 0.7953
11205 27 76 0.6772
11205 27 85 0.7953
11205 27 73 0.6772
11205 27 64 0.5984
11205 82 61 0.5984
11205 27 56 0.5118
11205 27 52 0.5118
11232 27 85 0.8346
11232 27 88 0.8346
11232 27 76 0.7087
11232 27 80 0.7087
11232 27 68 0.6299
11232 27 64 0.6299
11232 27 59 0.5276
11232 27 56 0.5276
11260 27 82 0.8346
11260 27 79 0.7087
11260 27 87 0.8346
11260 27 75 0.7087
11260 27 67 0.622
11260 27 63 0.622
11260 27 55 0.5276
11260 27 58 0.5276
11287 54 57 0.7244
11287 54 69 0.8583
11287 54 33 0.5354
11287 54 45 0.6378
11315 27 84 0.7953
11315 27 86 0.7953
11315 27 74 0.6772
11315 27 78 0.6772
11315 27 66 0.5984
11315 27 62 0.5984
11315 27 60 0.5118
11315 27 54 0.5118
11342 54 56 0.7165
11342 54 68 0.8504
11342 54 32 0.5276
11342 54 44 0.622
11369 27 78 0.7953
11369 27 84 0.7953
11369 27 75 0.6772
11369 27 72 0.6772
11369 27 63 0.5984
11369 27 60 0.5984
11369 27 51 0.5118
11369 27 54 0.5118
11397 109 49 0.7008
11397 54 52 0.7008
11397 54 56 0.7953
11397 54 61 0.8268
11397 109 25 0.5197
11397 109 28 0.5197
11397 109 32 0.6063
11397 109 37 0.6063
11424 27 85 0.7953
11424 27 73 0.6772
11424 27 76 0.6772
11424 27 80 0.7953
11424 27 64 0.5984
11424 54 61 0.5984
11424 82 56 0.5118
11424 82 52 0.5118
11452 27 85 0.8346
11452 27 92 0.8346
11452 27 80 0.7087
11452 27 59 0.5276
11452 27 71 0.6299
11452 27 68 0.6299
11452 54 61 0.5276
11479 27 85 0.7953
11479 27 90 0.7953
11479 27 78 0.6772
11479 27 57 0.5118
11479 27 69 0.5984
11479 27 66 0.5984
11479 27 61 0.5118
11506 54 57 0.7165
11506 54 69 0.8504
11506 54 33 0.5276
11506 54 45 0.622
11534 27 84 0.7953
11534 27 78 0.6772
11534 27 88 0.7953
11534 27 76 0.6772
11534 27 66 0.5984
11534 27 64 0.5984
11534 27 60 0.5118
11534 27 54 0.5118
11561 41 56 0.7087
11561 41 68 0.8346
11561 41 32 0.5197
11561 41 44 0.6142
11589 27 78 0.7953
11589 27 84 0.7953
11589 27 72 0.6772
11589 27 75 0.6772
11589 27 63 0.5984
11589 27 60 0.5984
11589 27 54 0.5118
11589 27 51 0.5118
11602 150 49 0.6693
11602 39 61 0.8268
11602 150 25 0.4961
11602 150 37 0.6457
11616 26 76 0.685
11616 26 80 0.811
11616 26 73 0.685
11616 26 85 0.811
11616 26 52 0.5118
11616 26 56 0.5118
11616 55 61 0.6063
11616 26 64 0.6063
11643 28 68 0.5039
11643 109 61 0.5039
11643 28 73 0.5906
11643 28 64 0.5118
11643 28 56 0.4252
11643 28 52 0.4252
11671 27 69 0.6063
11671 27 74 0.6063
11671 27 62 0.5276
11671 27 66 0.5276
11671 27 57 0.5276
11671 27 54 0.4331
11698 28 71 0.5591
11698 28 59 0.4724
11698 28 66 0.4724
11698 28 62 0.4803
11698 28 54 0.4094
11698 28 50 0.4094
11726 27 73 0.5827
11726 27 68 0.4961
11726 27 61 0.4961
11726 27 64 0.4882
11726 27 56 0.4094
11726 27 52 0.4094
11753 28 64 0.3937
11753 28 69 0.4646
11753 28 57 0.3937
11753 28 61 0.4016
11753 28 52 0.3386
11753 28 49 0.3386
11780 27 71 0.4488
11780 27 59 0.3701
11780 27 66 0.3701
11780 27 62 0.3622
11780 27 54 0.3071
11780 27 50 0.3071
11808 28 68 0.3071
11808 28 56 0.3071
11808 28 62 0.3071
11808 28 59 0.315
11808 28 50 0.2598
11808 28 47 0.2598
11835 26 57 0.2677
11835 26 66 0.2677
11835 26 69 0.315
11835 26 49 0.2441
11835 26 54 0.2441
11835 26 61 0.2992
11863 27 57 0.2283
11863 27 69 0.2756
11863 27 66 0.2283
11863 27 61 0.2441
11863 27 54 0.2047
11863 27 49 0.2047
11890 27 66 0.2283
11890 27 73 0.2756
11890 27 61 0.2283
11890 27 64 0.2441
11890 27 54 0.2047
11890 27 52 0.2047
11917 27 71 0.2756
11917 27 59 0.2283
11917 27 66 0.2283
11917 27 62 0.2441
11917 27 54 0.2047
11917 27 50 0.2047
11945 54 55 0.5669
11945 54 31 0.378
11945 54 43 0.4488
11972 27 64 0.2362
11972 27 69 0.2835
11972 27 57 0.2362
11972 27 61 0.2677
11972 27 52 0.2205
11999 54 56 0.5276
11999 54 32 0.3858
11999 54 44 0.4567
12027 27 63 0.2362
12027 27 56 0.2362
12027 27 68 0.2835
12027 27 60 0.2835
12027 27 54 0.2362
12027 27 51 0.2362
12054 219 49 0.4016
12054 219 25 0.2992
12054 219 37 0.3543
12109 164 73 0.3543
12109 164 69 0.2992
12109 164 61 0.2992
12109 164 64 0.3071
12109 164 57 0.2677
12109 164 52 0.2677
12273 219 49 0.378
12273 219 25 0.2756
12273 219 37 0.3386
12328 164 61 0.2677
12328 164 68 0.2677
12328 164 73 0.3307
12328 164 64 0.2913
12328 164 58 0.2441
12328 164 52 0.2441
12493 219 49 0.3543
12493 219 25 0.2598
12493 219 37 0.315
12547 164 61 0.252
12547 164 73 0.3071
12547 164 69 0.252
12547 164 64 0.2677
12547 164 52 0.2283
12547 164 55 0.2283
12712 219 49 0.3465
12712 219 25 0.2362
12712 219 37 0.2913
12767 164 66 0.252
12767 164 61 0.252
12767 164 70 0.252
12767 164 73 0.2913
12767 164 52 0.2205
12767 164 54 0.2205
12767 164 58 0.2205
12767 164 64 0.2598
12931 219 49 0.315
12931 219 25 0.2205
12931 219 37 0.2677
12986 164 61 0.2283
12986 164 73 0.2756
12986 164 69 0.2283
12986 164 66 0.2283
12986 164 63 0.2441
12986 164 57 0.2047
12986 164 54 0.2047
12986 164 51 0.2047
13150 190 49 0.3071
13150 438 25 0.2126
13150 438 37 0.252
13260 81 68 0.1811
13260 81 73 0.2126
13260 81 64 0.1811
13260 81 61 0.1811
13260 81 56 0.189
13260 81 52 0.1496
13260 328 49 0.1496
13260 81 44 0.1496
13342 27 80 0.1732
13342 27 68 0.1417
13342 27 76 0.1417
13342 27 73 0.1417
13342 27 64 0.1417
13342 27 61 0.126
13342 27 52 0.126
13342 27 56 0.126
13369 219 80 0.1339
13369 219 68 0.1102
13369 219 76 0.1102
13369 219 73 0.1102
13369 219 64 0.1102
13369 219 61 0.0945
13369 219 56 0.0945
13369 219 52 0.0945
