68 34 76 0.5118
103 34 74 0.5669
137 34 72 0.4724
171 15 71 0.4724
188 5 71 0.4252
194 5 72 0.3858
200 5 74 0.4016
206 34 72 0.5354
240 34 71 0.4724
274 68 69 0.5197
309 34 77 0.6063
343 17 77 0.4961
343 17 69 0.4961
377 17 77 0.4567
377 17 71 0.3858
412 68 71 0.4016
412 68 77 0.4803
480 30 72 0.3071
480 30 76 0.3622
515 68 76 0.3701
515 68 81 0.4409
584 30 80 0.3622
584 30 74 0.3071
618 68 72 0.3701
618 68 77 0.4409
687 30 71 0.2992
687 30 76 0.3543
721 34 71 0.3937
721 34 68 0.3307
755 34 74 0.3937
755 34 71 0.3307
790 34 72 0.3386
790 34 69 0.2835
824 68 71 0.3622
824 68 68 0.3071
893 34 76 0.5118
927 34 74 0.5669
961 34 72 0.4724
996 15 71 0.4724
1013 5 71 0.4252
1019 5 72 0.3858
1024 5 74 0.4016
1030 34 72 0.5354
1065 34 71 0.4724
1099 34 69 0.5197
1133 34 77 0.6063
1168 17 77 0.4961
1168 17 72 0.4173
1202 17 77 0.4567
1202 17 71 0.3858
1236 68 71 0.4016
1236 68 77 0.4803
1305 30 72 0.3071
1305 30 76 0.3622
1339 68 69 0.3701
1339 32 76 0.4803
1374 32 76 0.4803
1408 34 71 0.378
1408 34 76 0.4724
1442 68 72 0.378
1442 17 79 0.5512
1460 17 78 0.4252
1477 68 76 0.4409
1511 34 71 0.3622
1546 68 69 0.3701
1546 32 76 0.4803
1580 32 76 0.4803
1614 34 71 0.378
1614 34 76 0.4724
1649 68 72 0.378
1649 17 79 0.5512
1666 17 78 0.4331
1683 68 76 0.4409
1717 34 71 0.3622
1752 17 69 0.3307
1752 32 76 0.4803
1769 17 64 0.2598
1786 17 72 0.3071
1786 32 76 0.4803
1803 17 64 0.2598
1820 17 71 0.2992
1820 34 74 0.4724
1838 17 64 0.3307
1855 17 69 0.3307
1855 32 72 0.4803
1872 17 64 0.2598
1889 17 68 0.3071
1889 32 71 0.4803
1906 17 64 0.2598
1923 17 67 0.2992
1923 34 70 0.4724
1941 17 64 0.3307
1958 34 78 0.5512
1958 137 69 0.5512
1992 103 72 0.4882
2095 34 71 0.4882
2130 34 66 0.4252
2130 34 69 0.4882
2164 68 67 0.4882
2181 17 59 0.3228
2198 17 64 0.3543
2215 17 59 0.3228
2233 17 66 0.3543
2233 34 69 0.4882
2250 17 59 0.3228
2267 34 67 0.4882
2267 34 71 0.4882
2301 34 79 0.4331
2336 34 78 0.3307
2336 34 69 0.2756
2370 171 76 0.4252
2542 32 74 0.378
2576 17 67 0.2913
2576 32 74 0.4252
2593 17 64 0.2283
2611 17 67 0.2756
2611 32 72 0.4252
2628 17 64 0.2283
2645 17 67 0.2677
2645 34 71 0.4252
2662 17 64 0.2913
2679 17 66 0.2913
2679 32 69 0.4252
2696 17 64 0.2283
2714 17 67 0.2756
2714 32 71 0.4252
2731 17 62 0.2283
2748 17 69 0.2677
2748 34 72 0.4252
2765 17 60 0.2913
2782 51 64 0.4331
2834 8 66 0.3858
2842 8 64 0.3622
2851 17 63 0.4331
2868 17 64 0.4882
2885 68 67 0.5354
2954 34 66 0.4331
2989 100 64 0.4331
3092 67 64 0.4094
3160 33 64 0.3622
3195 66 65 0.4094
3263 32 65 0.378
3298 66 65 0.4331
3366 32 65 0.4016
3401 34 69 0.4646
3435 34 68 0.4094
3504 67 68 0.4882
3573 33 68 0.4409
3607 66 69 0.5118
3676 32 69 0.4567
3710 66 69 0.5276
3779 32 69 0.4803
3813 34 72 0.5512
3847 34 71 0.4882
3916 66 74 0.5591
3985 12 72 0.5039
4002 12 71 0.4803
4019 34 69 0.5512
4054 34 68 0.4882
4191 34 76 0.5118
4225 34 74 0.5669
4260 34 72 0.4724
4294 15 71 0.4724
4311 5 71 0.4252
4317 5 72 0.3858
4323 5 74 0.4016
4328 34 72 0.5354
4363 34 71 0.4724
4397 68 69 0.5197
4431 34 77 0.6063
4466 17 72 0.3937
4466 17 77 0.4961
4466 17 69 0.3937
4500 17 77 0.4567
4500 17 71 0.3858
4535 68 71 0.4016
4535 68 77 0.4803
4603 30 72 0.3071
4603 30 76 0.3622
4638 68 76 0.3701
4638 68 81 0.4409
4706 30 80 0.3622
4706 30 74 0.3071
4741 68 72 0.3701
4741 68 77 0.4409
4809 30 71 0.2992
4809 30 76 0.3543
4844 34 71 0.3937
4844 34 68 0.3307
4878 34 74 0.3937
4878 34 71 0.3307
4912 34 72 0.3386
4912 34 69 0.2835
4947 68 71 0.3622
4947 68 68 0.3071
5016 34 71 0.315
5050 34 76 0.3622
5084 34 72 0.3307
5119 34 69 0.3307
5153 34 72 0.3937
5187 30 70 0.3622
5222 34 70 0.4016
5256 34 79 0.5118
5290 17 77 0.4488
5308 17 76 0.3937
5325 17 74 0.4409
5342 17 72 0.3858
5359 34 70 0.4252
5393 34 69 0.3701
5428 34 68 0.315
5462 34 69 0.3622
5497 34 72 0.3307
5531 34 74 0.3307
5565 103 69 0.3071
5565 68 76 0.3622
5634 17 74 0.315
5651 17 72 0.315
5668 68 74 0.3543
5668 103 68 0.2992
5737 17 72 0.315
5754 17 71 0.315
5771 68 69 0.3622
5840 34 81 0.3701
5874 34 79 0.4252
5909 34 77 0.3622
5943 34 76 0.3386
5943 34 67 0.3386
5978 34 76 0.4252
5978 68 66 0.3543
6012 30 74 0.3858
6046 34 67 0.3701
6046 34 79 0.3701
6081 137 67 0.4016
6081 34 77 0.4016
6115 34 76 0.3622
6149 30 74 0.3386
6184 34 74 0.4567
6218 17 72 0.3858
6235 17 71 0.3228
6252 17 69 0.3858
6270 17 68 0.3543
6287 17 69 0.3858
6304 17 71 0.3858
6321 34 72 0.3622
6355 34 74 0.3307
6390 103 69 0.2756
6390 68 76 0.3307
6459 17 74 0.2913
6476 17 72 0.2913
6493 103 68 0.2756
6493 68 74 0.3307
6562 17 72 0.2913
6579 17 71 0.2913
6596 68 72 0.3307
6630 101 64 0.2756
6665 17 71 0.2913
6682 17 69 0.2913
6699 68 71 0.3307
6733 171 64 0.2756
6768 17 69 0.2913
6785 17 68 0.2913
6802 171 69 0.3307
6905 103 58 0.2756
6974 68 67 0.2756
7008 103 57 0.2677
7043 34 65 0.2598
7077 34 64 0.2598
7111 34 62 0.252
7146 34 64 0.2441
7146 34 60 0.2441
7180 34 62 0.2283
7180 34 65 0.2283
7214 51 57 0.2362
7266 8 59 0.2126
7274 8 57 0.2126
7283 17 56 0.2283
7300 17 57 0.2047
7317 68 60 0.2205
7386 34 56 0.2047
7386 34 59 0.2047
7420 34 57 0.2362
7455 17 57 0.1732
7472 17 56 0.1575
7489 17 57 0.1732
7506 17 52 0.1575
7524 17 53 0.2047
7541 17 50 0.1575
7558 17 57 0.1732
7575 17 56 0.1575
7592 17 57 0.1732
7609 17 53 0.1575
7627 17 52 0.2047
7644 17 48 0.1575
7661 17 57 0.1732
7678 17 56 0.1575
7695 17 57 0.1732
7713 17 52 0.1575
7730 17 47 0.1575
7730 17 53 0.1575
7730 17 56 0.2047
7747 17 50 0.1575
7764 17 47 0.1339
7764 17 53 0.1339
7764 17 56 0.1732
7781 17 50 0.1575
7798 17 47 0.1339
7798 17 53 0.1339
7798 17 56 0.1732
7816 17 50 0.1575
7833 68 48 0.189
7833 68 57 0.2205
8005 34 81 0.4016
8039 34 79 0.4488
8073 34 77 0.3858
8108 17 76 0.3543
8125 5 76 0.2913
8131 5 77 0.2913
8136 5 79 0.2913
8142 34 77 0.4252
8176 34 76 0.5039
8211 34 74 0.5669
8245 34 82 0.622
8279 25 82 0.5512
8314 25 82 0.5512
8348 68 82 0.5118
8417 240 81 0.4094
8417 34 76 0.315
8451 34 74 0.3622
8486 34 72 0.315
8520 17 71 0.2913
8537 5 71 0.2913
8543 5 72 0.2913
8549 5 74 0.2913
8554 34 72 0.3858
8589 34 71 0.4173
8623 34 69 0.4409
8657 34 77 0.5118
8692 25 68 0.378
8692 25 74 0.378
8692 25 77 0.4803
8726 25 68 0.378
8726 25 74 0.378
8726 25 77 0.4803
8760 412 68 0.4094
8760 412 74 0.4094
8760 412 77 0.5118
9173 34 72 0.2126
9173 34 76 0.2677
9173 34 69 0.2126
9241 8 57 0.2283
9276 8 57 0.2677
9344 8 57 0.2441
9379 8 57 0.2677
68 17 60 0.315
85 17 64 0.252
103 17 59 0.315
120 17 64 0.2283
137 17 57 0.252
154 17 64 0.2441
171 17 56 0.2992
188 17 64 0.252
206 17 57 0.315
223 17 64 0.2598
240 17 59 0.2992
257 17 64 0.2441
274 17 60 0.3071
292 17 64 0.3307
309 17 50 0.3701
326 17 62 0.3622
343 17 53 0.3701
360 17 62 0.315
377 17 56 0.2441
395 17 62 0.2047
412 17 48 0.2598
429 17 62 0.189
446 17 56 0.2205
463 17 62 0.1811
480 17 57 0.2126
498 17 59 0.2047
515 17 60 0.1969
532 17 64 0.1575
549 17 60 0.189
566 17 64 0.1654
584 17 59 0.1732
601 17 64 0.1654
618 17 57 0.189
635 17 64 0.1654
652 17 57 0.1811
669 17 64 0.1732
687 17 56 0.189
704 17 64 0.1732
721 17 52 0.315
738 17 64 0.252
755 17 57 0.2913
773 17 64 0.2441
790 17 51 0.2913
807 17 66 0.2441
824 17 52 0.315
841 17 65 0.3307
858 17 64 0.3071
876 17 62 0.2913
893 17 60 0.315
910 17 64 0.252
927 17 59 0.315
944 17 64 0.2283
961 17 57 0.252
979 17 64 0.2441
996 17 56 0.2992
1013 17 64 0.252
1030 17 57 0.315
1047 17 64 0.2598
1065 17 59 0.2992
1082 17 64 0.2441
1099 17 60 0.3071
1116 17 64 0.3307
1133 17 50 0.3701
1150 17 62 0.3622
1168 17 53 0.3701
1185 17 62 0.315
1202 17 56 0.2441
1219 17 62 0.2047
1236 17 48 0.2598
1254 17 62 0.189
1271 17 56 0.2205
1288 17 62 0.1811
1305 17 57 0.2126
1322 17 59 0.2047
1339 17 60 0.3307
1357 17 64 0.2598
1374 17 60 0.3071
1391 17 64 0.2598
1408 17 59 0.2992
1425 17 64 0.3307
1442 17 57 0.4173
1460 17 64 0.3228
1477 17 57 0.2362
1494 17 64 0.189
1511 17 59 0.2205
1528 17 64 0.2047
1546 17 60 0.3307
1563 17 64 0.2598
1580 17 60 0.3071
1597 17 64 0.2598
1614 17 59 0.2992
1631 17 64 0.3307
1649 17 57 0.4173
1666 17 64 0.2598
1683 17 57 0.2441
1700 17 64 0.2205
1717 17 59 0.2598
1734 17 64 0.2047
1752 68 60 0.4409
1820 34 56 0.3937
1855 34 57 0.4409
1889 34 59 0.3858
1923 34 61 0.4331
1958 17 51 0.4882
1975 17 60 0.3543
1992 17 66 0.4252
2009 17 60 0.3307
2027 17 51 0.4252
2044 17 60 0.3228
2061 17 51 0.4882
2078 17 60 0.3543
2095 17 66 0.4252
2112 17 60 0.3307
2130 17 51 0.4252
2147 17 60 0.3228
2164 34 52 0.4409
2198 34 47 0.4409
2233 34 45 0.4803
2267 17 43 0.5433
2284 17 59 0.3543
2301 17 55 0.2598
2319 17 59 0.2362
2336 17 57 0.2913
2353 17 60 0.2283
2370 17 59 0.3622
2387 17 64 0.2362
2404 17 67 0.2756
2422 17 71 0.2441
2439 17 67 0.2677
2456 17 64 0.2677
2473 103 59 0.3543
2490 17 64 0.2126
2508 17 67 0.2677
2525 17 65 0.2126
2542 17 67 0.2677
2559 17 65 0.2205
2576 103 60 0.3937
2679 34 48 0.3937
2714 34 47 0.3465
2748 34 45 0.3858
2782 206 47 0.3937
2800 17 59 0.2283
2817 17 55 0.2756
2834 17 59 0.2283
2851 17 55 0.2756
2868 17 59 0.315
2885 17 55 0.3701
2903 17 59 0.2677
2920 17 64 0.2913
2937 17 59 0.2283
2954 34 51 0.2756
2971 17 59 0.2283
2989 103 40 0.3543
2989 17 56 0.2756
3006 17 59 0.2283
3023 17 56 0.252
3040 17 52 0.2283
3057 17 51 0.2677
3074 17 52 0.2283
3092 103 47 0.3543
3092 17 56 0.2756
3109 17 59 0.2283
3126 17 56 0.252
3143 17 52 0.2283
3160 17 51 0.2677
3177 17 52 0.2283
3195 103 45 0.3543
3195 17 57 0.2756
3212 17 60 0.2283
3229 17 57 0.252
3246 17 52 0.2283
3263 17 51 0.2756
3281 17 52 0.2362
3298 103 45 0.378
3298 17 57 0.2913
3315 17 60 0.2441
3332 17 57 0.2756
3349 17 52 0.252
3366 17 51 0.2992
3384 17 52 0.252
3401 103 40 0.4016
3401 17 59 0.315
3418 17 62 0.2598
3435 17 59 0.2835
3452 17 52 0.2598
3469 17 51 0.3071
3487 17 52 0.2598
3504 103 47 0.4252
3504 17 59 0.3307
3521 17 62 0.2677
3538 17 59 0.2992
3555 17 52 0.2756
3573 17 51 0.3228
3590 17 52 0.2756
3607 103 40 0.4409
3607 17 60 0.3386
3624 17 64 0.2835
3641 17 60 0.315
3658 17 52 0.2835
3676 17 51 0.3386
3693 17 52 0.2913
3710 103 48 0.4567
3710 17 60 0.3543
3727 17 64 0.2913
3744 17 60 0.3228
3762 17 52 0.2992
3779 17 51 0.3543
3796 17 52 0.2992
3813 103 40 0.4724
3813 17 62 0.3701
3830 17 68 0.3071
3847 17 62 0.3386
3865 17 52 0.3071
3882 17 51 0.3543
3899 17 52 0.3071
3916 103 47 0.4567
3916 17 62 0.3543
3933 17 65 0.2913
3950 17 62 0.3228
3968 17 53 0.2992
3985 17 52 0.3543
4002 17 53 0.2992
4019 103 40 0.4724
4019 17 62 0.3701
4036 17 65 0.3071
4054 17 62 0.3386
4071 17 52 0.3071
4088 17 51 0.3543
4105 17 52 0.3071
4122 17 59 0.315
4139 17 65 0.3307
4157 17 64 0.3071
4174 17 62 0.2913
4191 17 60 0.315
4208 17 64 0.252
4225 17 59 0.315
4243 17 64 0.2283
4260 17 57 0.252
4277 17 64 0.2441
4294 17 56 0.2992
4311 17 64 0.252
4328 17 57 0.315
4346 17 64 0.2598
4363 17 59 0.2992
4380 17 64 0.2441
4397 17 60 0.3071
4414 17 64 0.3307
4431 17 50 0.3701
4449 17 62 0.3622
4466 17 53 0.3701
4483 17 62 0.315
4500 17 56 0.2441
4517 17 62 0.2047
4535 17 48 0.2598
4552 17 62 0.189
4569 17 56 0.2205
4586 17 62 0.1811
4603 17 57 0.2126
4620 17 59 0.2047
4638 17 60 0.1969
4655 17 64 0.1575
4672 17 62 0.189
4689 17 60 0.1654
4706 17 59 0.1732
4724 17 64 0.1654
4741 17 57 0.189
4758 17 64 0.1654
4775 17 57 0.1811
4792 17 64 0.1732
4809 17 56 0.189
4827 17 64 0.1732
4844 17 52 0.315
4861 17 64 0.252
4878 17 57 0.2913
4895 17 53 0.2441
4912 17 52 0.2913
4930 17 51 0.2441
4947 17 52 0.315
4964 17 62 0.3307
4981 17 59 0.3071
4998 17 56 0.2913
5016 17 52 0.2913
5033 17 50 0.2913
5050 17 48 0.2677
5067 17 57 0.2047
5084 17 64 0.2677
5101 17 57 0.2362
5119 17 48 0.2677
5136 17 57 0.2362
5153 17 50 0.2677
5170 17 57 0.2362
5187 17 65 0.2992
5204 17 57 0.2441
5222 17 50 0.2913
5239 17 57 0.3465
5256 17 52 0.378
5273 17 55 0.2913
5290 17 67 0.3386
5308 17 55 0.2441
5325 17 52 0.2992
5342 17 55 0.252
5359 17 53 0.2913
5376 17 60 0.2441
5393 17 65 0.2913
5411 17 60 0.2283
5428 17 59 0.2598
5445 17 53 0.2283
5462 17 60 0.2677
5479 17 53 0.2047
5497 17 57 0.2677
5514 17 53 0.2362
5531 17 59 0.2677
5548 17 53 0.2362
5565 17 60 0.2677
5565 103 52 0.2677
5582 17 64 0.2362
5600 17 60 0.2441
5617 17 64 0.2126
5634 17 57 0.2441
5651 17 64 0.2283
5668 17 59 0.2677
5668 103 52 0.2677
5685 17 64 0.2126
5703 17 59 0.2677
5720 17 64 0.2441
5737 17 62 0.2677
5754 17 64 0.2126
5771 17 60 0.2677
5789 17 64 0.2283
5806 17 69 0.2677
5823 17 67 0.2362
5840 17 65 0.2913
5857 17 57 0.2913
5874 17 64 0.3543
5892 17 57 0.2441
5909 17 62 0.2677
5926 17 57 0.2362
5943 17 61 0.2677
5960 17 57 0.2362
5978 17 60 0.3386
5978 17 50 0.3386
5995 17 57 0.2362
6012 17 62 0.2992
6029 17 60 0.2441
6046 17 59 0.2913
6063 17 55 0.2913
6081 17 59 0.3543
6098 17 55 0.2441
6115 17 60 0.2677
6132 17 55 0.2362
6149 17 59 0.2677
6166 17 53 0.2362
6184 17 52 0.3386
6201 17 55 0.2362
6218 17 60 0.2992
6235 17 64 0.2441
6252 17 60 0.2441
6270 17 59 0.2283
6287 17 57 0.2756
6304 17 56 0.2441
6321 17 57 0.2441
6338 17 53 0.2047
6355 17 59 0.2441
6373 17 53 0.2126
6390 103 52 0.2205
6390 17 60 0.2598
6407 17 64 0.2047
6424 17 60 0.2283
6441 17 64 0.2047
6459 17 57 0.2283
6476 17 64 0.2126
6493 103 52 0.2205
6493 17 59 0.2598
6510 17 64 0.2047
6527 17 59 0.2283
6544 17 64 0.2047
6562 17 62 0.2283
6579 17 64 0.2126
6596 17 60 0.2598
6613 17 52 0.2047
6630 17 60 0.2283
6647 17 52 0.2047
6665 17 62 0.2283
6682 17 60 0.2126
6699 17 62 0.2598
6716 17 52 0.2047
6733 17 62 0.2283
6751 17 52 0.2047
6768 17 60 0.2283
6785 17 59 0.2126
6802 17 60 0.2598
6819 17 52 0.2047
6836 17 60 0.2283
6854 17 52 0.2047
6871 17 60 0.2283
6888 17 52 0.2126
6905 17 60 0.2598
6922 17 52 0.2047
6939 17 60 0.2283
6957 17 52 0.2047
6974 17 60 0.2283
6991 17 52 0.2126
7008 17 60 0.252
7025 17 53 0.1969
7043 17 60 0.2205
7060 17 53 0.189
7077 17 60 0.2126
7094 17 53 0.1969
7111 17 59 0.2362
7128 17 53 0.1811
7146 17 52 0.2047
7163 17 57 0.1811
7180 17 50 0.1969
7197 17 53 0.1811
7214 206 40 0.2126
7232 17 52 0.1732
7249 17 48 0.189
7266 17 52 0.1654
7283 17 48 0.189
7300 17 52 0.1732
7317 17 48 0.2047
7335 17 52 0.1575
7352 17 57 0.1732
7369 17 52 0.1575
7386 17 50 0.1732
7403 17 52 0.1575
7420 68 45 0.1969
7420 17 48 0.2047
7438 17 52 0.1575
7524 68 33 0.1969
7524 68 45 0.1969
7627 68 33 0.1969
7627 68 45 0.1969
7730 25 33 0.1575
7730 25 45 0.1969
7764 25 33 0.1575
7764 25 45 0.1969
7798 25 33 0.1575
7798 25 45 0.1969
7833 17 33 0.2047
7850 17 40 0.1575
7867 17 45 0.1732
7884 17 44 0.1575
7901 17 45 0.1732
7919 17 40 0.1575
7936 17 41 0.2047
7953 17 38 0.1575
7970 17 45 0.1732
7987 17 44 0.1575
8005 17 45 0.1732
8022 17 41 0.1575
8039 17 40 0.2047
8056 17 37 0.1575
8073 17 45 0.1732
8089 17 44 0.1575
8108 17 45 0.1732
8125 17 40 0.1575
8142 17 38 0.2205
8159 17 45 0.1811
8176 17 40 0.2047
8194 17 45 0.1969
8211 17 41 0.2598
8228 17 45 0.3307
8245 17 43 0.3701
8262 17 33 0.3228
8279 17 43 0.3386
8297 17 33 0.2992
8314 17 43 0.3386
8331 17 33 0.2992
8348 17 43 0.378
8365 17 33 0.2362
8382 17 43 0.2992
8400 17 33 0.2047
8417 17 43 0.2598
8434 17 33 0.2047
8451 17 41 0.2047
8468 17 33 0.1575
8486 17 40 0.1732
8503 17 33 0.1575
8520 17 38 0.1732
8537 17 33 0.1575
8554 17 40 0.2205
8571 17 33 0.1811
8589 17 38 0.2047
8606 17 33 0.1969
8623 17 36 0.2598
8640 17 33 0.3307
8657 17 35 0.3701
8674 17 33 0.3228
8692 17 35 0.3386
8709 17 33 0.2992
8726 17 35 0.3386
8743 17 33 0.2992
8760 17 35 0.378
8778 17 33 0.2362
8795 17 35 0.2992
8812 17 38 0.3228
8829 17 41 0.3701
8846 17 38 0.2047
8863 17 35 0.378
8881 17 33 0.2362
8898 17 35 0.2992
8915 17 38 0.3386
8932 17 41 0.3937
8949 17 38 0.2047
8967 25 33 0.2362
9001 25 33 0.1654
9035 25 33 0.1654
9070 25 33 0.2126
9104 25 33 0.1654
9138 25 33 0.1575
9173 34 33 0.1654
9241 8 45 0.1417
9241 8 33 0.1417
9276 8 33 0.1654
9276 8 45 0.1654
9344 8 45 0.1339
9344 8 33 0.1339
9379 8 33 0.1654
9379 8 45 0.1654
