0 101 63 0.5669
0 76 67 0.5669
0 76 75 0.6929
76 25 67 0.5748
101 50 70 0.6614
101 50 67 0.5512
101 50 63 0.5512
152 25 72 0.6142
152 25 67 0.5039
152 50 63 0.5039
177 25 67 0.5748
202 101 70 0.6299
202 101 63 0.5276
202 101 67 0.5276
304 50 63 0.4882
304 50 67 0.5197
304 25 70 0.6378
329 25 72 0.5512
354 50 63 0.5354
354 25 67 0.6378
380 25 72 0.5354
405 101 70 0.6299
405 101 67 0.5276
405 101 63 0.5276
506 101 63 0.5354
506 101 67 0.5354
506 101 70 0.6378
608 76 77 0.6614
608 76 65 0.5512
608 152 70 0.5512
684 25 79 0.6063
684 25 67 0.5039
709 50 65 0.5512
709 50 77 0.6614
760 50 68 0.5354
760 25 60 0.5354
760 25 72 0.6378
785 25 62 0.5197
785 25 74 0.6142
811 101 75 0.6614
811 101 63 0.5512
811 101 67 0.5512
912 25 63 0.5276
912 50 67 0.5276
912 25 75 0.6299
937 25 62 0.4567
937 25 74 0.5433
963 25 72 0.5906
963 25 60 0.4961
963 50 68 0.4961
988 25 74 0.5039
988 25 62 0.4173
1013 152 67 0.5118
1013 152 63 0.5118
1013 101 58 0.5118
1013 152 70 0.6063
1115 101 58 0.5669
1166 50 70 0.5591
1166 50 68 0.4646
1166 50 65 0.4646
1216 152 67 0.4882
1216 152 70 0.5748
1216 101 58 0.4724
1216 152 63 0.4724
1318 101 58 0.5669
1368 50 65 0.4646
1368 50 68 0.4646
1368 50 70 0.5591
1419 101 63 0.5669
1419 76 67 0.5748
1419 76 75 0.6929
1495 25 67 0.5748
1520 50 70 0.6614
1520 50 67 0.5512
1520 50 63 0.5512
1571 25 72 0.6142
1571 25 67 0.5039
1571 50 63 0.5039
1596 25 67 0.5748
1622 101 70 0.6299
1622 101 67 0.5276
1622 101 63 0.5276
1723 50 67 0.5197
1723 50 63 0.4882
1723 25 70 0.6378
1749 25 72 0.5512
1774 50 63 0.5354
1774 25 67 0.6378
1799 25 72 0.5354
1825 101 63 0.5276
1825 101 70 0.6299
1825 101 67 0.5276
1926 101 70 0.6378
1926 101 67 0.5354
1926 101 63 0.5354
2027 76 77 0.6614
2027 76 65 0.5512
2027 152 70 0.5512
2103 25 67 0.5039
2103 25 79 0.6063
2129 50 65 0.5512
2129 50 77 0.6614
2179 25 72 0.6378
2179 25 60 0.5354
2179 50 68 0.5354
2205 25 62 0.5197
2205 25 74 0.6142
2230 101 67 0.5512
2230 101 63 0.5512
2230 101 75 0.6614
2332 25 63 0.5276
2332 50 67 0.5276
2332 25 75 0.6299
2357 25 62 0.4567
2357 25 74 0.5433
2382 25 72 0.5906
2382 25 60 0.4961
2382 50 68 0.4961
2408 25 74 0.5039
2408 25 62 0.4173
2433 152 70 0.5748
2433 152 67 0.4882
2433 101 63 0.4882
2534 25 63 0.5512
2560 25 62 0.5197
2585 50 66 0.4646
2585 50 72 0.5591
2585 25 60 0.4803
2610 25 62 0.4567
2636 126 67 0.5827
2636 101 60 0.4882
2636 126 62 0.4882
2737 25 59 0.4961
2788 50 55 0.6299
2839 12 60 0.5906
2889 50 63 0.5197
2889 50 67 0.6299
2889 50 60 0.4803
2940 25 62 0.5276
2991 50 65 0.5276
2991 50 67 0.6378
2991 50 62 0.4882
3041 25 63 0.5748
3092 25 62 0.4567
3092 50 65 0.4567
3092 50 67 0.5433
3117 25 60 0.5591
3143 25 59 0.5197
3193 50 67 0.6299
3193 50 55 0.4724
3193 50 65 0.4961
3244 25 60 0.5906
3295 50 60 0.5197
3295 50 67 0.6299
3295 50 63 0.5197
3346 25 57 0.5276
3396 25 57 0.5197
3396 50 65 0.5197
3396 50 67 0.6378
3422 25 59 0.5276
3447 25 60 0.5906
3498 50 63 0.5197
3498 50 67 0.6299
3498 50 60 0.5197
3548 25 75 0.5591
3548 25 79 0.6693
3548 25 67 0.5591
3548 25 72 0.5591
3599 50 67 0.6378
3599 50 55 0.5276
3650 25 72 0.5906
3650 25 67 0.5906
3650 25 63 0.5906
3650 25 60 0.5906
3700 50 60 0.5197
3700 50 72 0.6299
3751 25 62 0.5197
3751 25 74 0.6299
3751 25 71 0.5197
3751 25 67 0.5197
3802 50 62 0.5276
3802 50 74 0.6378
3852 25 67 0.5906
3852 25 63 0.5906
3852 25 75 0.5906
3852 25 72 0.5906
3903 25 62 0.5197
3903 25 74 0.6299
3929 25 72 0.6299
3929 25 60 0.5197
3954 25 62 0.5197
3954 25 67 0.5197
3954 25 71 0.5197
3954 25 74 0.6299
4005 50 55 0.5276
4005 50 67 0.6378
4055 25 60 0.622
4055 25 72 0.622
4106 50 75 0.5827
4106 50 79 0.6929
4106 50 67 0.5827
4106 50 72 0.5827
4157 25 63 0.5591
4157 25 75 0.6693
4207 25 62 0.5669
4207 25 67 0.5669
4207 25 71 0.5669
4207 25 74 0.6772
4233 25 75 0.6772
4233 25 63 0.5669
4258 25 60 0.5748
4258 25 72 0.6772
4283 25 75 0.7795
4283 25 79 0.7795
4283 25 67 0.6535
4283 25 72 0.6535
4309 101 77 0.7874
4309 101 80 0.7874
4309 101 68 0.6535
4309 101 72 0.6535
4410 50 70 0.6378
4410 50 74 0.6378
4410 50 77 0.7559
4410 50 82 0.7559
4461 25 67 0.6142
4461 25 70 0.6142
4461 25 79 0.7244
4461 25 75 0.7244
4486 25 75 0.7244
4486 25 72 0.6142
4486 25 67 0.6142
4486 25 79 0.7244
4512 101 77 0.7795
4512 101 72 0.6535
4512 101 68 0.6535
4512 101 80 0.7795
4613 50 77 0.7795
4613 50 82 0.7795
4613 50 74 0.6535
4613 50 70 0.6535
4664 25 67 0.6378
4664 25 70 0.6378
4664 25 75 0.7559
4664 25 79 0.7559
4714 12 87 0.622
4714 12 79 0.622
4727 12 75 0.5512
4752 12 75 0.5512
4765 12 86 0.622
4765 12 79 0.622
4778 12 74 0.4882
4803 12 74 0.4961
4816 12 84 0.6063
4816 12 78 0.6063
4828 12 72 0.4961
4854 12 72 0.4961
4866 12 74 0.5906
4866 12 79 0.5906
4866 12 83 0.5906
4879 12 71 0.4882
4904 12 71 0.4882
4917 12 80 0.6063
4917 12 74 0.6063
4917 12 71 0.6063
4930 12 68 0.4724
4955 12 68 0.4803
4968 12 72 0.5906
4968 12 79 0.5906
4980 12 67 0.4567
5006 12 67 0.4567
5019 12 67 0.5748
5019 12 71 0.5748
5019 12 77 0.5748
5031 12 65 0.4488
5057 12 65 0.4488
5069 25 63 0.5748
5069 25 75 0.6772
5069 25 67 0.5748
5069 25 72 0.5748
5095 25 67 0.6535
5095 25 72 0.6535
5095 25 75 0.7795
5095 25 79 0.7795
5120 101 68 0.6535
5120 101 72 0.6535
5120 101 80 0.7874
5120 101 77 0.7874
5221 50 77 0.7559
5221 50 74 0.6378
5221 50 70 0.6378
5221 50 82 0.7559
5272 25 75 0.7244
5272 25 70 0.6142
5272 25 67 0.6142
5272 25 79 0.7244
5297 25 75 0.7244
5297 25 79 0.7244
5297 25 67 0.6142
5297 25 72 0.6142
5323 101 68 0.6535
5323 101 80 0.7795
5323 101 77 0.7795
5323 101 72 0.6535
5424 50 70 0.6535
5424 50 82 0.7795
5424 50 74 0.6535
5424 50 77 0.7795
5475 25 67 0.6378
5475 25 70 0.6378
5475 25 75 0.7559
5475 25 79 0.7559
5525 12 79 0.622
5525 12 75 0.622
5538 12 67 0.5512
5564 12 67 0.5512
5576 12 80 0.622
5576 12 75 0.622
5589 12 68 0.4882
5614 12 68 0.4961
5627 12 82 0.6063
5627 12 75 0.6063
5640 12 70 0.4961
5665 12 70 0.4961
5678 12 84 0.5906
5678 12 75 0.5906
5690 12 72 0.4882
5716 12 72 0.4882
5728 12 79 0.6063
5728 12 83 0.6063
5741 12 71 0.4724
5766 12 71 0.4803
5779 12 84 0.5906
5779 12 79 0.5906
5792 12 72 0.4567
5817 12 72 0.4567
5830 12 86 0.5748
5830 12 79 0.5748
5842 12 74 0.4488
5868 12 74 0.4488
5880 25 79 0.5748
5880 25 75 0.5748
5880 25 87 0.6772
5906 25 75 0.6535
5906 25 79 0.6535
5906 25 87 0.7795
5906 25 84 0.7795
5931 101 89 0.7874
5931 101 84 0.7874
5931 101 77 0.6535
6032 50 85 0.7559
6032 50 77 0.7559
6032 50 73 0.6378
6083 25 74 0.6142
6083 25 86 0.7244
6083 25 77 0.7244
6109 25 84 0.7244
6109 25 87 0.7244
6109 25 75 0.6142
6109 25 79 0.6142
6134 101 77 0.6535
6134 101 84 0.7795
6134 101 89 0.7795
6235 50 73 0.6535
6235 50 77 0.7795
6235 50 85 0.7795
6286 12 86 0.5906
6286 12 82 0.5906
6286 12 77 0.5906
6299 12 74 0.4882
6324 12 74 0.4882
6337 12 78 0.6063
6337 12 81 0.6063
6349 12 69 0.4724
6375 12 69 0.4803
6387 12 82 0.5906
6387 12 77 0.5906
6400 12 70 0.4567
6425 12 70 0.4567
6438 12 78 0.5748
6438 12 69 0.5748
6451 12 66 0.4488
6476 12 66 0.4488
6489 12 77 0.5669
6489 12 70 0.5669
6501 12 65 0.4409
6527 12 65 0.4409
6539 12 66 0.5433
6539 12 69 0.5433
6552 12 63 0.4488
6577 12 63 0.4173
6590 12 70 0.5354
6590 12 65 0.5354
6603 12 62 0.4409
6628 12 62 0.4488
6641 12 63 0.5039
6641 12 57 0.5039
6653 12 54 0.4409
6679 12 54 0.4409
6692 12 65 0.5276
6692 12 58 0.5276
6704 12 53 0.4016
6730 12 53 0.4016
6742 12 54 0.4961
6742 12 57 0.4961
6755 12 51 0.4094
6780 12 51 0.3858
6793 12 58 0.4882
6793 12 53 0.4882
6806 12 50 0.4016
6831 12 50 0.4094
6844 12 57 0.4646
6844 12 51 0.4646
6856 12 48 0.4016
6882 12 48 0.4016
6894 12 50 0.4646
6894 12 58 0.4646
6907 12 46 0.3622
6932 12 46 0.3622
6945 12 51 0.4488
6945 12 57 0.4488
6958 12 48 0.3701
6983 12 48 0.3465
6996 12 50 0.4409
6996 12 58 0.4409
7008 12 46 0.3622
7034 12 46 0.3701
7046 12 57 0.4094
7046 12 51 0.4094
7059 12 48 0.3622
7084 12 48 0.3622
7097 25 50 0.4646
7097 25 58 0.4646
7148 16 50 0.3858
7165 16 53 0.4016
7182 16 58 0.3858
7198 16 62 0.4094
7215 16 58 0.4252
7232 16 62 0.4409
7249 16 65 0.4567
7266 16 70 0.4724
7283 16 74 0.4803
7300 101 63 0.5039
7300 76 75 0.622
7300 76 67 0.5039
7376 25 67 0.5354
7401 50 63 0.4409
7401 50 67 0.4409
7401 50 70 0.5591
7452 25 72 0.5512
7452 25 67 0.4488
7452 50 63 0.4488
7477 25 67 0.5118
7503 101 70 0.5591
7503 101 67 0.4724
7503 101 63 0.4724
7604 50 63 0.4173
7604 50 67 0.4488
7604 27 70 0.5512
7629 25 72 0.4803
7655 50 63 0.4646
7655 27 67 0.5512
7680 25 72 0.4646
7705 118 67 0.4724
7705 118 63 0.4724
7705 118 70 0.5591
7824 16 62 0.4488
7841 16 63 0.4488
7858 16 67 0.4567
7874 16 70 0.4882
7891 16 75 0.5197
7908 78 77 0.5906
7908 78 65 0.4961
7908 152 70 0.4961
7984 27 79 0.5433
7984 27 67 0.4488
8010 50 65 0.4961
8010 50 77 0.5906
8060 25 72 0.5669
8060 27 60 0.4803
8060 52 68 0.4803
8086 25 62 0.4646
8086 25 74 0.5512
8111 126 63 0.4961
8111 152 67 0.4961
8111 126 75 0.5906
8238 27 62 0.4094
8238 27 74 0.4882
8263 27 72 0.5276
8263 27 60 0.4409
8263 50 68 0.4409
8288 25 62 0.3701
8288 25 74 0.4488
8314 50 63 0.4331
8314 50 67 0.4331
8314 50 70 0.5433
8365 76 63 0.4173
8365 101 67 0.4173
8365 101 70 0.5197
8441 25 62 0.4409
8466 50 68 0.3937
8466 50 70 0.4961
8466 25 60 0.4173
8491 25 62 0.3937
8517 50 63 0.4173
8517 50 67 0.4331
8517 50 70 0.5118
8567 67 70 0.4961
8567 101 63 0.4016
8567 101 67 0.4173
8635 16 72 0.4646
8652 16 69 0.4567
8669 50 68 0.4173
8669 16 70 0.4961
8669 50 62 0.4173
8686 16 72 0.4961
8703 16 74 0.5197
8719 76 75 0.622
8719 76 67 0.5039
8795 25 67 0.5354
8821 50 63 0.4409
8821 50 67 0.4409
8821 50 70 0.5591
8871 27 72 0.5512
8871 25 67 0.4488
8871 50 63 0.4488
8897 25 67 0.5118
8922 101 70 0.5591
8922 101 67 0.4724
8922 101 63 0.4724
9024 50 63 0.4173
9024 50 67 0.4488
9024 27 70 0.5512
9049 25 72 0.4803
9074 50 63 0.4646
9074 27 67 0.5512
9100 25 72 0.4646
9125 118 67 0.4488
9125 118 63 0.4409
9125 118 70 0.5591
9243 16 62 0.4488
9260 16 63 0.4488
9277 16 67 0.4567
9294 16 70 0.4882
9311 16 75 0.5197
9328 78 77 0.5906
9328 78 65 0.4961
9328 152 70 0.4961
9404 27 79 0.5433
9404 27 67 0.4488
9429 50 65 0.4961
9429 50 77 0.5906
9480 27 72 0.5669
9480 27 60 0.4646
9480 50 68 0.4488
9505 25 62 0.4646
9505 25 74 0.5512
9531 126 63 0.4961
9531 152 67 0.4961
9531 126 75 0.5906
9657 27 62 0.4094
9657 27 74 0.4882
9683 27 72 0.5276
9683 27 60 0.4409
9683 50 68 0.4409
9708 25 62 0.3701
9708 25 74 0.4488
9733 50 63 0.4331
9733 50 67 0.4331
9733 50 70 0.5433
9784 76 63 0.4173
9784 101 67 0.4173
9784 101 70 0.5197
9860 25 62 0.4409
9885 50 68 0.4173
9885 50 70 0.4961
9885 25 60 0.4173
9911 25 62 0.3937
9936 50 70 0.5197
9936 50 67 0.4567
9936 50 63 0.4331
9987 101 70 0.5039
9987 101 67 0.4094
9987 76 63 0.4094
10063 25 62 0.4173
10088 50 68 0.3858
10088 50 70 0.4646
10088 25 60 0.3858
10114 25 62 0.3622
10139 25 70 0.4961
10139 25 67 0.4173
10139 25 63 0.4173
10190 177 70 0.4646
10190 177 63 0.3937
10190 177 67 0.3937
10392 177 63 0.3386
10392 177 67 0.3386
10392 177 70 0.4252
10663 16 62 0.2913
10680 16 63 0.2835
10697 16 65 0.315
10713 16 62 0.2835
10730 16 65 0.2835
10747 25 63 0.315
10866 16 69 0.2913
10880 16 70 0.2835
10899 16 72 0.315
10916 16 69 0.2835
10933 16 72 0.2835
10950 25 70 0.315
11068 16 78 0.2913
11083 16 79 0.2835
11102 16 81 0.315
11119 16 82 0.2835
11136 16 86 0.2835
11153 202 87 0.315
11204 50 75 0.2362
11204 50 79 0.2362
11254 101 75 0.2362
11254 101 79 0.2362
0 152 51 0.4567
0 152 58 0.5512
152 50 51 0.3465
152 50 58 0.4094
152 50 46 0.3465
202 152 58 0.5039
202 152 51 0.4173
354 50 51 0.3858
354 50 58 0.4567
354 50 46 0.3858
405 152 51 0.4252
405 152 58 0.5118
557 50 46 0.3937
557 50 58 0.4803
557 50 51 0.3937
608 152 62 0.5276
608 152 58 0.4409
608 152 51 0.4409
760 50 53 0.4409
760 50 46 0.3622
811 152 51 0.4409
811 152 58 0.5276
963 50 46 0.3622
963 50 53 0.4409
1013 126 51 0.5118
1140 25 50 0.4961
1166 25 48 0.4646
1166 50 46 0.3937
1191 25 50 0.4409
1216 126 51 0.4724
1343 25 50 0.4961
1368 50 46 0.3937
1368 25 48 0.4646
1394 25 50 0.4409
1419 152 58 0.5512
1419 152 51 0.4567
1571 50 46 0.3465
1571 50 58 0.4094
1571 50 51 0.3465
1622 152 51 0.4173
1622 152 58 0.5039
1774 50 51 0.3858
1774 50 46 0.3858
1774 50 58 0.4567
1825 152 58 0.5118
1825 152 51 0.4252
1977 50 51 0.3937
1977 50 46 0.3937
1977 50 58 0.4803
2027 152 51 0.4409
2027 152 58 0.4409
2027 152 62 0.5276
2179 50 53 0.4409
2179 50 46 0.3622
2230 152 58 0.5276
2230 152 51 0.4409
2382 50 53 0.4409
2382 50 46 0.3622
2433 152 51 0.4882
2433 152 58 0.4882
2585 50 44 0.3937
2585 50 50 0.3937
2636 126 43 0.4094
2636 126 50 0.4882
2762 25 41 0.4961
2788 25 39 0.4961
2813 25 38 0.4961
2839 12 36 0.5276
2864 12 43 0.4803
2889 12 48 0.4961
2915 12 43 0.4646
2940 12 36 0.5276
2965 12 43 0.4646
2991 12 48 0.4882
3016 12 43 0.4646
3041 12 36 0.5354
3067 12 43 0.4724
3092 12 48 0.4961
3117 12 43 0.4724
3143 12 36 0.5276
3168 12 43 0.4724
3193 12 48 0.4961
3219 12 43 0.4646
3244 12 36 0.5276
3269 12 43 0.4803
3295 12 48 0.4961
3320 12 43 0.4646
3346 12 36 0.5276
3371 12 43 0.4646
3396 12 48 0.4882
3422 12 43 0.4646
3447 12 36 0.5276
3472 12 43 0.4803
3498 12 48 0.4961
3523 12 43 0.4646
3548 12 36 0.5276
3574 12 43 0.4646
3599 12 48 0.4882
3624 12 43 0.4646
3650 12 36 0.5276
3675 12 43 0.4803
3700 12 48 0.4961
3726 12 55 0.4646
3751 12 55 0.5276
3776 12 48 0.4646
3802 12 43 0.4882
3827 12 36 0.4646
3852 12 36 0.5276
3878 12 43 0.4803
3903 12 48 0.4961
3929 12 55 0.4646
3954 12 55 0.5276
3979 12 48 0.4646
4005 12 43 0.4882
4030 12 36 0.4646
4055 12 36 0.5512
4081 12 43 0.4961
4106 12 48 0.5276
4131 12 55 0.4882
4157 12 55 0.5669
4182 12 48 0.4882
4207 12 43 0.5118
4233 12 36 0.4882
4258 25 36 0.5039
4283 25 51 0.4646
4283 25 55 0.5512
4283 25 60 0.5512
4283 25 48 0.4646
4309 91 56 0.4646
4309 91 65 0.5512
4309 91 60 0.5512
4309 91 53 0.4646
4401 60 46 0.4173
4404 57 53 0.4173
4407 53 58 0.4961
4410 50 62 0.4961
4461 25 63 0.5197
4461 25 55 0.4409
4461 25 58 0.5197
4461 25 51 0.4409
4486 25 63 0.5197
4486 25 60 0.5197
4512 91 56 0.4646
4512 91 53 0.4646
4512 91 65 0.5512
4512 91 60 0.5512
4603 60 46 0.4803
4607 57 53 0.4803
4610 53 58 0.5748
4613 50 62 0.5748
4664 25 58 0.5197
4664 25 55 0.4409
4664 25 51 0.4409
4664 25 63 0.5197
4714 12 67 0.5748
4714 12 60 0.5748
4740 12 72 0.5276
4765 12 62 0.5827
4765 12 59 0.5827
4790 12 71 0.5276
4816 12 62 0.5669
4816 12 56 0.5669
4841 12 68 0.4882
4866 12 55 0.5591
4866 12 62 0.5591
4892 12 67 0.4646
4917 12 53 0.5512
4942 12 65 0.4488
4968 12 51 0.5276
4993 12 63 0.4409
5019 12 50 0.4961
5044 12 62 0.4567
5069 25 48 0.5039
5095 25 63 0.5512
5095 25 60 0.5512
5120 91 56 0.4646
5120 91 65 0.5512
5120 91 60 0.5512
5120 91 53 0.4646
5212 60 46 0.4173
5215 57 53 0.4173
5218 53 58 0.4961
5221 50 62 0.4961
5272 25 63 0.5197
5272 25 55 0.4409
5272 25 58 0.5197
5272 25 51 0.4409
5297 25 60 0.5197
5297 25 63 0.5197
5323 91 56 0.4646
5323 91 60 0.5512
5323 91 65 0.5512
5323 91 53 0.4646
5415 60 46 0.4803
5418 57 53 0.4803
5421 53 58 0.5748
5424 50 62 0.5748
5475 25 63 0.5197
5475 25 58 0.5197
5475 25 55 0.4409
5475 25 51 0.4409
5525 12 51 0.5748
5525 12 58 0.5748
5551 12 63 0.5276
5576 12 58 0.5827
5576 12 53 0.5827
5602 12 65 0.5276
5627 12 58 0.5669
5627 12 55 0.5669
5652 12 67 0.4882
5678 12 56 0.5591
5678 12 63 0.5591
5703 12 68 0.4646
5728 12 55 0.5512
5728 12 62 0.5512
5754 12 67 0.4488
5779 12 62 0.5276
5779 12 57 0.5276
5804 12 69 0.4409
5830 12 62 0.4961
5830 12 59 0.4961
5855 12 71 0.4567
5880 25 60 0.5512
5880 25 72 0.5512
5880 25 67 0.5512
5906 25 60 0.4961
5906 25 70 0.4961
5906 25 58 0.4961
5931 76 57 0.5512
5931 76 69 0.5512
5931 76 60 0.5512
6007 25 53 0.4646
6007 25 65 0.4646
6032 25 67 0.4882
6032 25 55 0.4882
6058 25 69 0.5197
6058 25 57 0.5197
6083 25 70 0.5433
6083 25 58 0.5433
6109 25 60 0.4961
6109 25 70 0.4961
6109 25 58 0.4961
6134 76 60 0.5433
6134 76 69 0.5433
6134 76 57 0.5433
6210 25 65 0.4803
6210 25 53 0.4803
6235 25 67 0.4961
6235 25 55 0.4961
6261 25 57 0.5039
6261 25 69 0.5039
6286 12 58 0.5591
6286 12 65 0.5591
6311 12 70 0.4646
6337 12 63 0.5512
6337 12 58 0.5512
6362 12 66 0.4488
6387 12 62 0.5276
6387 12 58 0.5276
6413 12 65 0.4409
6438 12 46 0.4961
6463 12 63 0.4567
6489 12 46 0.5039
6514 12 62 0.4331
6539 12 46 0.4961
6565 12 60 0.4331
6590 12 46 0.4961
6615 12 58 0.4331
6641 12 34 0.4882
6666 12 51 0.4409
6692 12 34 0.4646
6717 12 50 0.3937
6742 12 34 0.4567
6768 12 48 0.3937
6793 12 34 0.4567
6818 12 46 0.3937
6844 12 34 0.4567
6869 12 42 0.4016
6894 12 34 0.4094
6920 12 41 0.3543
6945 12 34 0.4016
6970 12 42 0.3543
6996 12 34 0.4016
7021 12 41 0.3543
7046 12 34 0.4016
7072 12 42 0.3622
7097 16 34 0.3543
7114 16 41 0.3386
7131 16 46 0.3386
7300 152 51 0.3543
7300 16 58 0.4409
7317 16 57 0.3543
7334 16 58 0.3543
7351 16 60 0.4016
7367 16 57 0.3622
7384 16 60 0.3622
7401 101 58 0.4331
7452 50 46 0.3071
7503 16 58 0.4016
7503 152 51 0.3622
7520 16 57 0.3543
7536 16 58 0.3543
7553 16 60 0.3858
7570 16 57 0.3622
7587 16 60 0.3622
7604 101 58 0.4409
7655 50 46 0.3465
7705 152 51 0.3228
7705 16 58 0.4016
7722 16 57 0.3543
7739 16 58 0.3543
7756 16 60 0.4016
7773 16 57 0.3701
7790 16 60 0.3701
7807 101 58 0.4488
7858 50 46 0.3543
7908 16 62 0.3937
7908 25 58 0.3622
7908 25 51 0.3622
7925 16 61 0.3543
7942 16 62 0.3543
7959 16 63 0.3858
7976 16 61 0.3622
7993 16 63 0.3622
8010 25 62 0.4488
8060 50 46 0.3228
8060 50 58 0.3937
8111 152 51 0.3543
8111 16 58 0.4016
8128 16 57 0.3543
8145 16 58 0.3543
8162 16 60 0.3858
8179 16 57 0.3543
8196 16 60 0.3543
8212 25 58 0.4488
8263 50 58 0.3937
8263 50 46 0.3228
8314 16 58 0.3858
8314 152 51 0.3622
8331 16 57 0.3543
8348 16 58 0.3543
8365 16 60 0.3858
8381 16 57 0.3701
8398 16 60 0.3701
8415 101 58 0.4488
8466 50 46 0.3543
8517 16 58 0.378
8517 126 51 0.3858
8534 16 57 0.3465
8550 16 58 0.3465
8567 16 60 0.3701
8584 16 57 0.3386
8601 16 60 0.3307
8618 50 58 0.4331
8669 50 58 0.4094
8669 50 46 0.3543
8719 16 58 0.4409
8719 152 51 0.3543
8736 16 57 0.3543
8753 16 58 0.3543
8770 16 60 0.4016
8787 16 57 0.3622
8804 16 60 0.3622
8821 101 58 0.4331
8871 50 46 0.3071
8922 16 58 0.4016
8922 152 51 0.3622
8939 16 57 0.3543
8956 16 58 0.3543
8973 16 60 0.3858
8990 16 57 0.3622
9007 16 60 0.3622
9024 101 58 0.4409
9074 50 46 0.3465
9125 16 58 0.4016
9125 152 51 0.3228
9142 16 57 0.3543
9159 16 58 0.3543
9176 16 60 0.4016
9193 16 57 0.3701
9209 16 60 0.3701
9226 101 58 0.4488
9277 50 46 0.3543
9328 25 51 0.3622
9328 16 62 0.3937
9328 25 58 0.3622
9345 16 61 0.3543
9362 16 62 0.3543
9378 16 63 0.3858
9395 16 61 0.3622
9412 16 63 0.3622
9429 25 62 0.4488
9480 50 46 0.3228
9480 50 58 0.3937
9531 152 51 0.3543
9531 16 58 0.4016
9547 16 57 0.3543
9564 16 58 0.3543
9581 16 60 0.3858
9598 16 57 0.3543
9615 16 60 0.3543
9632 25 58 0.4488
9683 50 58 0.3937
9683 50 46 0.3228
9733 152 51 0.3622
9733 16 58 0.3858
9750 16 57 0.3543
9767 16 58 0.3543
9784 16 60 0.3858
9801 16 57 0.3701
9818 16 60 0.3701
9835 101 58 0.4488
9885 50 46 0.3543
9936 152 51 0.3622
9936 16 58 0.3858
9953 16 57 0.3543
9970 16 58 0.3465
9987 16 60 0.378
10004 16 57 0.3622
10021 16 60 0.3543
10038 118 58 0.4252
10088 50 46 0.3307
10139 152 51 0.3307
10156 16 57 0.315
10173 16 58 0.315
10190 16 60 0.3465
10207 16 57 0.3228
10223 16 60 0.3228
10240 118 58 0.3937
10291 50 46 0.3701
10342 152 51 0.2992
10359 16 57 0.2913
10376 16 58 0.2835
10392 16 60 0.315
10409 16 57 0.2992
10426 16 60 0.2913
10443 118 58 0.3543
10494 50 46 0.315
10544 25 51 0.2677
10561 16 57 0.2598
10578 16 58 0.2598
10595 16 60 0.2756
10612 16 57 0.2677
10629 16 60 0.2598
10646 25 58 0.315
10764 16 66 0.2598
10781 16 67 0.2598
10798 16 68 0.2756
10815 16 66 0.2677
10832 16 68 0.2598
10849 25 67 0.315
10967 16 74 0.2598
10984 16 75 0.2598
11001 16 77 0.2756
11018 16 74 0.2677
11035 16 77 0.2598
11051 25 75 0.315
11204 50 70 0.2047
11204 50 63 0.2047
11254 101 63 0.2047
11254 101 70 0.2047
