152 76 71 0.4173
152 76 59 0.3465
152 76 68 0.3465
152 76 28 0.2441
152 76 40 0.3465
229 76 60 0.3228
229 76 68 0.3228
229 76 71 0.3858
229 76 33 0.2205
229 76 45 0.3228
305 76 61 0.2835
305 76 66 0.2835
305 76 69 0.3465
305 76 30 0.2047
305 76 42 0.3622
381 76 66 0.2835
381 38 62 0.3386
381 76 69 0.2835
381 76 35 0.2205
381 76 47 0.3071
420 38 63 0.3622
458 76 69 0.2283
458 38 66 0.3858
458 76 28 0.2047
458 76 40 0.2913
496 38 64 0.2835
534 73 68 0.2992
534 38 59 0.3307
534 73 40 0.1811
534 73 52 0.2677
572 35 56 0.2835
611 76 56 0.3071
611 76 64 0.3071
611 76 68 0.378
611 76 35 0.2126
611 76 47 0.3071
687 76 68 0.3622
687 76 57 0.3071
687 76 64 0.3071
687 76 36 0.2126
687 76 48 0.3071
763 76 58 0.3071
763 76 64 0.3071
763 76 66 0.3622
763 76 37 0.2126
763 76 49 0.3071
840 76 64 0.2913
840 38 65 0.3543
840 76 58 0.2362
840 76 30 0.1969
840 76 42 0.2835
878 38 66 0.3701
916 38 69 0.378
916 76 63 0.2835
916 76 57 0.2047
916 76 35 0.2283
954 38 66 0.3465
993 73 57 0.3543
993 38 64 0.3543
993 73 54 0.1811
993 73 47 0.1654
1031 35 63 0.2992
1069 76 73 0.4488
1069 76 61 0.378
1069 76 69 0.378
1069 76 30 0.2677
1069 76 42 0.3228
1145 76 62 0.378
1145 76 69 0.378
1145 76 73 0.4488
1145 76 35 0.2677
1145 76 47 0.315
1222 76 69 0.3701
1222 76 63 0.3701
1222 76 71 0.4409
1222 76 32 0.2677
1222 76 44 0.315
1298 76 68 0.3465
1298 44 64 0.4173
1298 76 71 0.3465
1298 76 37 0.2677
1298 76 49 0.3228
1336 38 65 0.4173
1375 38 68 0.4331
1375 76 71 0.3937
1375 76 30 0.2283
1375 76 42 0.2756
1413 38 66 0.3543
1451 73 69 0.3622
1451 38 61 0.3858
1451 73 42 0.1732
1451 73 54 0.2283
1489 35 57 0.3465
1527 76 66 0.3228
1527 76 60 0.3228
1527 76 69 0.3858
1527 76 38 0.2362
1527 76 50 0.2835
1604 76 66 0.2835
1604 76 59 0.2835
1604 76 69 0.3465
1604 76 39 0.2362
1604 76 51 0.2835
1680 76 66 0.2913
1680 76 68 0.3622
1680 76 60 0.2913
1680 76 40 0.2441
1680 76 52 0.2913
1757 76 61 0.3071
1757 76 64 0.3071
1757 152 68 0.3701
1757 76 37 0.2677
1757 76 49 0.3228
1833 76 63 0.2835
1833 76 56 0.2835
1833 76 60 0.2835
1833 76 32 0.2362
1833 76 44 0.2835
1909 71 56 0.2677
1909 71 61 0.2677
1909 71 65 0.315
1909 71 68 0.315
1909 71 25 0.2362
1909 71 37 0.2835
1986 152 80 0.3465
1986 76 68 0.2835
1986 76 73 0.2835
1986 76 65 0.2677
1986 76 61 0.2677
2062 76 72 0.3071
2062 76 68 0.3071
2062 76 75 0.3071
2062 76 56 0.3307
2062 76 63 0.2835
2139 76 68 0.2913
2139 76 73 0.2913
2139 76 77 0.3622
2139 76 80 0.3622
2139 76 49 0.2756
2139 76 61 0.2756
2215 76 70 0.3071
2215 41 78 0.4173
2215 76 82 0.3071
2215 28 42 0.2992
2240 28 54 0.2441
2253 38 73 0.3858
2266 25 58 0.2283
2291 76 68 0.2835
2291 41 77 0.4173
2291 76 80 0.3307
2291 28 44 0.2992
2317 28 56 0.2598
2330 41 73 0.3858
2342 25 65 0.2362
2368 41 72 0.4094
2368 76 80 0.315
2368 76 68 0.2677
2368 28 56 0.3307
2368 28 66 0.3307
2393 28 63 0.2598
2406 38 75 0.378
2419 25 56 0.315
2444 152 68 0.3071
2444 76 73 0.3071
2444 76 80 0.3701
2444 76 65 0.2362
2444 76 61 0.2362
2521 76 80 0.4488
2521 76 72 0.378
2521 76 75 0.378
2521 76 56 0.3622
2521 76 63 0.3622
2597 76 68 0.3465
2597 76 71 0.3465
2597 76 77 0.3465
2597 76 80 0.4094
2597 76 49 0.3228
2597 76 61 0.3228
2673 41 81 0.5197
2673 41 78 0.4331
2673 41 69 0.4331
2673 28 42 0.3307
2699 28 54 0.2913
2711 41 71 0.3937
2711 38 75 0.3937
2711 41 83 0.4724
2724 25 57 0.3071
2750 76 76 0.4646
2750 41 73 0.4567
2750 41 85 0.5433
2750 28 40 0.3701
2775 28 52 0.3071
2788 41 81 0.5197
2788 41 69 0.4409
2801 25 61 0.3071
2826 76 74 0.5354
2826 41 68 0.4961
2826 41 80 0.5906
2826 76 52 0.3858
2852 25 59 0.3307
2864 38 83 0.5512
2864 38 71 0.4646
2877 25 62 0.3307
2902 76 82 0.622
2902 76 70 0.5276
2902 76 79 0.5276
2902 76 73 0.5276
2902 76 52 0.4094
2902 76 55 0.4094
2902 76 61 0.4094
2979 76 72 0.5512
2979 76 79 0.5512
2979 76 84 0.6535
2979 76 52 0.4646
2979 76 55 0.4646
2979 76 60 0.4646
3055 74 73 0.5354
3055 74 79 0.5354
3055 74 85 0.6378
3055 74 52 0.4646
3055 74 55 0.4646
3055 74 58 0.4646
3132 76 67 0.2677
3132 76 64 0.2677
3132 76 70 0.315
3132 76 49 0.2677
3132 76 52 0.2677
3132 76 55 0.2677
3208 76 64 0.2835
3208 76 67 0.2835
3208 76 72 0.3465
3208 76 48 0.2913
3208 76 52 0.2913
3208 76 55 0.2913
3284 71 73 0.315
3284 71 67 0.2677
3284 71 64 0.2677
3284 71 46 0.2677
3284 71 55 0.2677
3284 71 52 0.2677
3361 76 64 0.3071
3361 76 68 0.378
3361 76 56 0.3071
3361 76 47 0.3071
3361 76 35 0.2126
3437 76 57 0.3071
3437 76 68 0.3622
3437 76 64 0.3071
3437 76 48 0.3071
3437 76 36 0.2126
3514 76 66 0.3622
3514 76 58 0.3071
3514 76 64 0.3071
3514 76 37 0.2126
3514 76 49 0.3071
3590 76 58 0.2362
3590 38 65 0.3543
3590 76 64 0.2913
3590 76 42 0.2835
3590 76 30 0.1969
3628 38 66 0.3701
3666 38 69 0.378
3666 76 63 0.2835
3666 76 57 0.2047
3666 76 35 0.2283
3705 38 66 0.3465
3743 73 57 0.3543
3743 38 64 0.3543
3743 73 47 0.1654
3743 73 54 0.1811
3781 35 63 0.2992
3819 76 73 0.4488
3819 76 61 0.378
3819 76 69 0.378
3819 76 30 0.2677
3819 76 42 0.3228
3896 76 69 0.378
3896 76 73 0.4488
3896 76 62 0.378
3896 76 35 0.2677
3896 76 47 0.315
3972 76 71 0.4409
3972 76 69 0.3701
3972 76 63 0.3701
3972 76 44 0.315
3972 76 32 0.2677
4048 76 71 0.3465
4048 76 68 0.3465
4048 44 64 0.4173
4048 76 37 0.2677
4048 76 49 0.3228
4087 38 65 0.4173
4125 38 68 0.4331
4125 76 71 0.3937
4125 76 30 0.2283
4125 76 42 0.2756
4163 38 66 0.3858
4201 73 69 0.3622
4201 38 61 0.3858
4201 73 54 0.2283
4201 73 42 0.1732
4239 35 57 0.3465
4278 73 68 0.4646
4278 73 74 0.5433
4278 73 62 0.4646
4278 73 28 0.3937
4278 73 40 0.4646
4354 76 63 0.4724
4354 76 74 0.5669
4354 76 69 0.4724
4354 76 29 0.4016
4354 76 41 0.4724
4430 76 69 0.4488
4430 76 72 0.4488
4430 76 63 0.4488
4430 76 53 0.4488
4430 76 41 0.378
4507 76 75 0.6063
4507 76 60 0.5197
4507 76 69 0.5197
4507 76 42 0.4803
4507 76 30 0.4016
4583 76 74 0.5827
4583 76 62 0.4882
4583 76 69 0.4882
4583 76 42 0.3937
4583 76 54 0.4646
4660 76 72 0.5512
4660 76 69 0.4646
4660 76 63 0.4646
4660 76 29 0.3622
4660 76 41 0.4331
4736 76 51 0.3937
4736 76 63 0.4803
4736 152 57 0.3937
4736 76 41 0.3071
4736 152 48 0.3701
4812 76 50 0.378
4812 76 62 0.4488
4812 76 42 0.2756
4889 76 57 0.3465
4889 76 51 0.3465
4889 76 63 0.4094
4889 76 43 0.3228
4889 152 47 0.3228
4965 76 52 0.3465
4965 76 55 0.3465
4965 76 64 0.4173
4965 76 40 0.3307
5042 57 54 0.3228
5042 57 63 0.3228
5042 57 66 0.3858
5042 57 47 0.3071
5042 57 35 0.2598
5099 171 28 0.2835
5108 238 40 0.3228
5118 229 56 0.2913
5118 229 59 0.2913
5118 229 68 0.3622
5118 229 64 0.2913
5118 229 47 0.2835
5347 305 59 0.2205
5347 305 68 0.2756
5347 305 56 0.2205
5347 305 51 0.2047
5347 305 39 0.2047
5347 305 47 0.2047
5653 76 75 0.4094
5678 25 71 0.3307
5704 25 68 0.3228
5729 76 73 0.3858
5729 25 63 0.3228
5755 25 59 0.2126
5780 25 56 0.2598
5805 76 71 0.4331
5831 25 68 0.3622
5856 25 64 0.315
5882 76 70 0.3858
5882 25 59 0.315
5907 25 56 0.2205
5933 25 52 0.2677
5958 76 68 0.4331
5984 25 64 0.3622
6009 25 61 0.3622
6035 35 71 0.5197
6035 25 56 0.3465
6060 25 52 0.2362
6073 35 70 0.4724
6086 25 49 0.2756
6111 76 68 0.4488
6137 25 64 0.3701
6162 25 61 0.3858
6187 35 71 0.5197
6187 25 56 0.3465
6213 25 52 0.2598
6226 35 70 0.4724
6238 25 49 0.2756
6267 76 68 0.4488
6292 25 64 0.3622
6318 25 61 0.3937
6340 35 73 0.5354
6340 25 58 0.378
6366 25 55 0.315
6378 35 71 0.4567
6391 25 51 0.2835
6417 76 70 0.4882
6442 25 67 0.4016
6468 25 63 0.378
6493 76 76 0.4646
6493 25 61 0.315
6518 25 58 0.2126
6544 25 55 0.2598
6569 76 75 0.4409
6569 38 51 0.2992
6595 25 70 0.3071
6620 25 67 0.3701
6646 76 73 0.3858
6646 25 63 0.3228
6671 25 59 0.2205
6697 25 56 0.2598
6722 76 71 0.4331
6748 25 68 0.315
6773 25 64 0.3622
6799 76 70 0.3858
6799 25 59 0.315
6824 25 56 0.2283
6850 25 52 0.2362
6875 76 68 0.4331
6900 25 64 0.3622
6926 25 61 0.3622
6951 35 71 0.5197
6951 25 56 0.3465
6977 25 52 0.2598
6990 35 70 0.4724
7002 25 49 0.2756
7028 76 64 0.5433
7053 28 61 0.4724
7079 25 58 0.4488
7104 35 68 0.5512
7104 25 52 0.378
7130 25 49 0.2677
7142 35 66 0.5276
7155 25 46 0.315
7181 76 61 0.5748
7206 25 58 0.5276
7231 25 54 0.4724
7257 76 63 0.5433
7257 25 49 0.4803
7282 25 46 0.4646
7308 25 42 0.4252
7333 152 64 0.6063
7359 25 61 0.5433
7384 25 58 0.4646
7410 25 49 0.4882
7435 25 46 0.4409
7461 25 43 0.4016
7486 76 63 0.3937
7486 38 39 0.3228
7512 25 67 0.3228
7537 25 70 0.3622
7563 76 61 0.3937
7563 25 44 0.2913
7588 25 51 0.2283
7613 25 56 0.2756
7639 76 59 0.3937
7664 25 63 0.3307
7690 25 68 0.3622
7715 76 58 0.3858
7715 25 40 0.3228
7741 25 47 0.2835
7766 25 52 0.3071
7792 76 56 0.3937
7817 28 59 0.315
7843 25 64 0.3622
7868 31 59 0.4646
7868 25 37 0.3622
7894 25 44 0.315
7906 33 58 0.4331
7919 25 52 0.2677
7944 76 56 0.4094
7970 28 61 0.3228
7995 25 64 0.3622
8021 31 59 0.4567
8021 25 37 0.3622
8046 25 44 0.315
8059 33 58 0.4252
8072 25 52 0.2677
8097 76 56 0.3937
8123 25 59 0.3307
8148 25 64 0.3622
8174 31 61 0.4409
8174 25 39 0.3465
8199 25 46 0.315
8212 33 59 0.4016
8225 25 55 0.2677
8250 76 58 0.3858
8276 25 63 0.3622
8301 25 67 0.3465
8326 76 76 0.4646
8326 25 61 0.315
8352 25 58 0.2205
8377 25 55 0.2598
8403 76 75 0.4331
8403 38 51 0.2598
8428 25 70 0.315
8454 25 67 0.3071
8479 76 73 0.3858
8479 25 63 0.3228
8505 25 59 0.2283
8530 25 56 0.2598
8556 76 71 0.4331
8581 25 68 0.315
8607 25 64 0.3622
8632 76 70 0.3858
8632 25 59 0.315
8658 25 56 0.2283
8683 25 52 0.2677
8708 76 68 0.4331
8734 25 64 0.3622
8759 25 61 0.3622
8785 31 58 0.5197
8785 25 37 0.3622
8810 25 44 0.2362
8823 33 59 0.4646
8836 25 52 0.2835
8861 76 61 0.4488
8887 25 64 0.4724
8912 25 68 0.5039
8938 31 71 0.5354
8938 25 56 0.4016
8963 25 52 0.3307
8976 33 70 0.5039
8989 25 49 0.378
9014 76 68 0.5669
9039 25 64 0.5039
9065 25 61 0.5354
9090 31 56 0.622
9090 25 38 0.4094
9116 25 44 0.3071
9129 33 58 0.5748
9141 25 53 0.3543
9167 76 59 0.622
9192 25 65 0.5748
9218 25 68 0.5906
9243 31 71 0.6693
9243 25 56 0.5197
9269 25 53 0.378
9281 33 70 0.6063
9294 25 50 0.4331
9320 458 68 0.5591
9345 25 65 0.4882
9371 25 59 0.4331
9396 25 39 0.4094
9421 25 47 0.2913
9447 25 51 0.3307
9472 25 63 0.3701
9498 25 59 0.2835
9523 25 56 0.315
9549 25 39 0.315
9574 25 49 0.2205
9600 25 51 0.2677
9625 25 61 0.315
9651 25 58 0.2677
9676 98 56 0.2835
9692 82 32 0.2677
9702 73 44 0.2677
9778 76 68 0.2835
9778 76 71 0.3543
9778 76 59 0.2835
9778 76 40 0.3228
9778 76 28 0.2283
9854 76 71 0.3622
9854 76 60 0.2992
9854 76 68 0.2992
9854 76 33 0.2047
9854 76 45 0.2992
9931 76 61 0.2677
9931 76 69 0.3228
9931 76 66 0.2677
9931 76 30 0.189
9931 76 42 0.3386
10007 76 69 0.2677
10007 38 62 0.315
10007 76 66 0.2677
10007 76 47 0.2913
10007 76 35 0.2047
10045 38 63 0.3386
10084 38 66 0.3622
10084 76 69 0.2126
10084 76 28 0.189
10084 76 40 0.2756
10122 38 64 0.2677
10160 73 68 0.2835
10160 38 59 0.3071
10160 73 52 0.252
10160 73 40 0.1654
10198 35 56 0.2677
10236 76 56 0.2913
10236 76 64 0.2913
10236 76 68 0.3543
10236 76 47 0.2913
10236 76 35 0.1969
10313 76 57 0.2913
10313 76 68 0.3386
10313 76 64 0.2913
10313 76 48 0.2913
10313 76 36 0.1969
10389 76 66 0.3386
10389 76 64 0.2913
10389 76 58 0.2913
10389 76 37 0.1969
10389 76 49 0.2913
10466 76 64 0.2756
10466 76 58 0.2205
10466 38 65 0.3307
10466 76 30 0.1811
10466 76 42 0.2677
10504 38 66 0.3465
10542 38 69 0.3543
10542 76 57 0.189
10542 76 63 0.2677
10542 76 35 0.2126
10580 38 66 0.3228
10618 73 57 0.3307
10618 38 64 0.3307
10618 73 47 0.1496
10618 73 54 0.1654
10656 35 63 0.2835
10695 76 69 0.3858
10695 76 73 0.4646
10695 76 61 0.3858
10695 76 42 0.3228
10695 76 30 0.2756
10771 76 73 0.4646
10771 76 62 0.3858
10771 76 69 0.3858
10771 76 35 0.2756
10771 76 47 0.3228
10847 76 71 0.4567
10847 76 63 0.378
10847 76 69 0.378
10847 76 32 0.2756
10847 76 44 0.3228
10924 44 64 0.4331
10924 76 68 0.3543
10924 76 71 0.3543
10924 76 37 0.2756
10924 76 49 0.3228
10962 38 65 0.4331
11000 76 71 0.4016
11000 38 68 0.4488
11000 76 42 0.2835
11000 76 30 0.2283
11038 38 66 0.3937
11077 73 69 0.3701
11077 38 61 0.3937
11077 73 42 0.1732
11077 73 54 0.2283
11115 35 57 0.3543
11153 76 62 0.3937
11153 76 68 0.3937
11153 76 74 0.4724
11153 76 28 0.4331
11153 76 40 0.4331
11229 76 63 0.4409
11229 76 74 0.5276
11229 76 69 0.4409
11229 76 29 0.4094
11229 76 41 0.4094
11306 76 69 0.4173
11306 76 63 0.4173
11306 76 72 0.4961
11306 76 41 0.4173
11306 76 53 0.4173
11382 38 71 0.5354
11382 76 62 0.4488
11382 76 68 0.4488
11382 76 29 0.4409
11382 76 41 0.3701
11420 38 72 0.4488
11459 38 69 0.5197
11459 149 53 0.4646
11459 38 60 0.4646
11459 38 75 0.5197
11497 38 72 0.4409
11497 38 57 0.4173
11535 38 70 0.5512
11536 38 55 0.4488
11573 35 69 0.4961
11574 37 53 0.3858
11611 76 69 0.4882
11611 76 75 0.5906
11611 76 60 0.4882
11611 76 41 0.5039
11611 76 29 0.5039
11688 76 62 0.5354
11688 76 74 0.6299
11688 76 69 0.5354
11688 76 30 0.5433
11688 76 42 0.5433
11764 76 72 0.5906
11764 76 69 0.4882
11764 76 63 0.4882
11764 76 42 0.4567
11764 76 54 0.5433
11841 76 62 0.5354
11841 76 68 0.5354
11841 38 71 0.6378
11841 76 41 0.5433
11841 76 29 0.5433
11879 38 72 0.6142
11917 38 69 0.6457
11917 229 79 0.6457
11917 38 63 0.5512
11917 305 53 0.5512
11955 38 75 0.5433
11955 41 60 0.4646
11993 41 74 0.5669
11993 41 58 0.4961
12032 41 72 0.5276
12032 41 57 0.4646
12070 41 71 0.5433
12070 41 56 0.4331
12108 38 72 0.4882
12108 38 57 0.3858
12146 76 77 0.5276
12146 38 75 0.5276
12146 38 60 0.4173
12184 41 72 0.4646
12184 41 57 0.3701
12223 41 70 0.4882
12223 41 55 0.4094
12261 41 69 0.3622
12261 41 53 0.2913
12299 41 67 0.4331
12299 41 51 0.3465
12337 41 65 0.3701
12337 41 50 0.2913
12375 41 63 0.3622
12375 41 48 0.2835
12414 41 60 0.2835
12414 41 45 0.2362
12452 71 58 0.2835
12452 71 43 0.2362
12528 152 57 0.3228
12528 76 63 0.3858
12528 152 48 0.3701
12528 76 41 0.3071
12605 76 62 0.4173
12605 76 42 0.3307
12681 76 63 0.4094
12681 76 57 0.3465
12681 152 47 0.3858
12681 76 43 0.3228
12757 76 64 0.4173
12757 76 55 0.3465
12757 76 40 0.3307
12834 76 66 0.3858
12834 76 63 0.3228
12834 76 54 0.3228
12834 76 47 0.3701
12834 76 35 0.3071
12910 152 64 0.2913
12910 152 68 0.3622
12910 152 59 0.2913
12910 152 56 0.2913
12910 152 40 0.2835
12910 152 47 0.3465
13063 152 68 0.2205
13063 152 71 0.2756
13063 152 59 0.2205
13063 152 51 0.2362
13063 152 39 0.2047
13216 76 76 0.4882
13216 25 37 0.3622
13241 25 69 0.315
13241 25 52 0.2756
13267 25 64 0.315
13267 101 57 0.3071
13292 76 75 0.4646
13292 76 49 0.3071
13292 76 53 0.3071
13318 25 69 0.315
13343 25 65 0.315
13368 76 73 0.4488
13368 25 33 0.3701
13394 25 69 0.315
13394 25 49 0.2756
13419 25 66 0.315
13419 25 54 0.315
13445 76 71 0.4252
13445 76 50 0.3622
13445 76 45 0.3071
13470 25 68 0.315
13496 25 65 0.315
13521 76 69 0.4488
13521 35 66 0.4961
13521 25 35 0.3858
13547 25 51 0.2992
13559 35 64 0.4488
13572 25 54 0.3307
13598 35 73 0.5512
13598 76 63 0.4173
13598 76 47 0.3071
13598 76 57 0.378
13636 35 71 0.4724
13674 35 61 0.5354
13674 76 64 0.4882
13674 25 35 0.3937
13700 25 49 0.315
13712 35 59 0.4882
13725 15 52 0.3307
13741 85 47 0.3937
13750 76 57 0.4173
13750 35 69 0.5354
13750 76 61 0.3937
13789 35 68 0.4567
13827 76 61 0.4094
13827 25 35 0.4331
13827 35 56 0.4724
13852 25 45 0.3622
13865 35 54 0.3937
13878 25 49 0.3622
13903 229 68 0.4882
13903 152 52 0.4331
13903 305 47 0.3937
13941 265 57 0.3858
13980 76 61 0.4331
14056 381 59 0.3622
14056 152 51 0.378
14132 305 66 0.4488
14209 152 57 0.3228
14209 35 28 0.2913
14247 35 40 0.2283
14285 35 47 0.2677
14323 35 52 0.2362
14362 229 56 0.2835
14400 190 59 0.2598
14438 152 64 0.3307
14438 152 52 0.2362
14476 35 68 0.3071
14514 35 71 0.315
14553 35 76 0.2835
14591 35 80 0.2913
14591 76 28 0.2126
14629 35 83 0.2835
14667 229 40 0.2283
14677 219 47 0.2283
14686 210 56 0.2283
14696 200 71 0.2283
14705 190 76 0.2362
14715 181 80 0.2598
14724 171 83 0.2835
14734 162 88 0.315
