0 208 61 0.2677
0 208 66 0.3228
0 208 70 0.4331
0 34 42 0.3071
34 34 53 0.1575
69 34 56 0.1969
104 34 54 0.1654
138 34 58 0.2205
173 34 49 0.1969
208 208 66 0.3228
208 208 61 0.2677
208 208 70 0.4331
208 34 42 0.3071
242 34 53 0.1732
277 34 56 0.2283
312 34 54 0.1811
346 34 58 0.2441
381 34 49 0.2126
416 208 61 0.2677
416 208 70 0.4331
416 208 66 0.3228
416 34 42 0.3071
450 34 53 0.1969
485 34 56 0.2205
520 34 54 0.1969
554 34 58 0.252
589 34 49 0.2205
624 208 65 0.3228
624 138 71 0.4331
624 34 37 0.3071
658 34 55 0.2283
693 34 58 0.252
728 34 56 0.2205
763 69 68 0.3858
763 34 59 0.252
797 34 49 0.2126
832 208 66 0.2913
832 208 70 0.4016
832 208 61 0.252
832 34 42 0.3071
867 34 53 0.1969
901 34 56 0.2205
936 34 54 0.2047
971 34 58 0.2205
1005 34 49 0.2126
1040 208 61 0.2756
1040 138 66 0.3386
1040 138 70 0.4488
1040 34 42 0.315
1075 34 53 0.2598
1109 34 56 0.2992
1144 34 54 0.2598
1179 69 70 0.4646
1179 69 66 0.3465
1179 34 58 0.2992
1213 34 49 0.2598
1248 208 61 0.2598
1248 41 70 0.5197
1248 41 66 0.3858
1248 34 42 0.3465
1283 34 53 0.2598
1290 41 71 0.3858
1290 41 68 0.2835
1317 34 56 0.2913
1331 41 70 0.3858
1331 41 66 0.2835
1352 34 54 0.2362
1373 41 65 0.2835
1373 41 68 0.3858
1387 34 58 0.2992
1415 41 70 0.3701
1415 41 66 0.2835
1421 34 49 0.2598
1456 138 65 0.252
1456 69 73 0.5197
1456 69 70 0.3858
1456 34 37 0.3071
1491 34 55 0.2205
1526 69 71 0.3858
1526 69 68 0.2835
1526 34 58 0.2598
1560 34 56 0.2205
1595 34 59 0.252
1630 34 68 0.3937
1630 34 61 0.252
1630 34 49 0.2283
1664 208 61 0.2677
1664 208 66 0.3622
1664 208 70 0.4331
1664 34 42 0.3071
1699 34 53 0.2047
1734 34 56 0.2441
1768 34 54 0.2362
1803 34 58 0.2756
1838 34 49 0.2598
1872 208 70 0.4331
1872 208 61 0.3228
1872 208 73 0.5197
1872 34 42 0.3622
1907 34 53 0.2362
1942 34 56 0.3386
1976 34 54 0.2913
2011 34 58 0.3622
2046 34 49 0.3228
2080 208 70 0.4882
2080 208 78 0.5669
2080 208 66 0.3622
2080 34 39 0.4173
2115 34 57 0.3071
2150 34 60 0.3622
2184 34 58 0.2992
2219 34 63 0.3386
2254 34 54 0.2677
2289 208 73 0.3937
2289 190 77 0.4724
2289 208 68 0.2913
2289 34 44 0.3307
2323 34 55 0.2205
2358 34 58 0.2598
2393 34 56 0.2205
2427 34 61 0.2441
2462 26 53 0.2126
2479 225 66 0.2835
2485 219 68 0.3307
2491 5 77 0.3465
2497 208 75 0.4409
2497 34 44 0.3071
2531 34 55 0.2047
2566 34 58 0.2283
2601 34 56 0.2047
2635 34 60 0.2283
2670 34 51 0.1969
2705 208 65 0.2205
2705 208 73 0.3543
2705 208 68 0.2913
2705 34 49 0.2835
2739 34 55 0.2047
2774 34 58 0.2283
2809 34 56 0.2047
2843 34 61 0.2283
2878 34 53 0.1969
2913 34 56 0.2598
2947 34 54 0.2047
2982 34 59 0.2362
3017 34 51 0.2126
3052 34 54 0.2441
3086 34 53 0.2126
3121 34 58 0.2362
3156 34 49 0.2205
3190 34 58 0.2441
3225 34 47 0.2205
3260 34 58 0.2598
3294 17 56 0.2205
3312 20 58 0.2126
3329 208 66 0.2835
3329 208 70 0.3858
3329 208 61 0.2126
3329 34 42 0.3071
3364 34 53 0.1654
3398 34 56 0.2126
3433 34 54 0.2047
3468 34 58 0.2283
3502 34 49 0.1969
3537 208 61 0.2677
3537 208 66 0.3228
3537 208 70 0.4331
3537 34 42 0.3071
3572 34 53 0.1811
3606 34 56 0.2126
3641 34 54 0.2047
3676 34 58 0.2441
3710 34 49 0.2205
3745 208 66 0.3228
3745 416 61 0.2677
3745 208 70 0.4331
3745 34 42 0.3071
3780 34 53 0.1969
3815 34 56 0.2205
3849 34 54 0.1969
3884 34 58 0.2598
3919 34 49 0.2283
3953 190 71 0.4331
3953 208 65 0.3622
3953 34 37 0.3071
3988 34 55 0.1969
4023 34 58 0.2205
4057 34 56 0.1969
4092 34 59 0.2205
4127 34 49 0.1969
4144 17 68 0.3622
4161 208 66 0.2913
4161 208 61 0.252
4161 208 70 0.4016
4161 34 42 0.3071
4196 34 53 0.1969
4231 34 56 0.2205
4265 34 54 0.2047
4300 34 58 0.2205
4335 34 49 0.2047
4369 92 61 0.3228
4369 92 70 0.4331
4369 69 66 0.3228
4369 34 42 0.3071
4404 34 53 0.252
4439 34 56 0.2835
4462 21 61 0.2047
4462 21 70 0.378
4462 21 66 0.2756
4473 34 54 0.2362
4485 21 66 0.2835
4485 21 70 0.3858
4485 21 61 0.2126
4508 21 61 0.2205
4508 21 66 0.2835
4508 21 70 0.4016
4508 34 58 0.2756
4531 21 66 0.3071
4531 21 70 0.4094
4531 21 61 0.2283
4543 34 49 0.2441
4554 21 70 0.4409
4554 21 66 0.3228
4554 21 61 0.2441
4578 69 66 0.3858
4578 69 70 0.5197
4578 208 61 0.2835
4578 34 42 0.3071
4612 34 53 0.252
4647 34 68 0.3228
4647 34 71 0.4488
4647 34 56 0.2835
4682 34 66 0.3386
4682 34 70 0.4567
4682 34 54 0.2441
4716 34 68 0.4724
4716 34 65 0.3465
4716 34 58 0.2835
4751 34 70 0.4724
4751 34 66 0.3543
4751 34 49 0.2441
4786 69 70 0.3858
4786 69 73 0.5197
4786 138 65 0.2835
4786 34 37 0.3071
4820 34 55 0.2362
4855 69 68 0.2677
4855 69 71 0.3622
4855 34 58 0.2677
4890 34 56 0.2205
4924 34 59 0.2677
4959 34 61 0.252
4959 34 68 0.3937
4959 34 49 0.2441
4994 208 64 0.3622
4994 208 61 0.2677
4994 208 70 0.4331
4994 34 42 0.3071
5028 34 53 0.2047
5063 34 56 0.2441
5098 34 54 0.2362
5132 34 58 0.2756
5167 34 49 0.2598
5202 190 70 0.5197
5202 208 64 0.4331
5202 34 42 0.3622
5236 34 53 0.2362
5271 34 56 0.315
5306 34 54 0.2756
5341 34 58 0.3307
5375 34 49 0.2913
5393 17 71 0.4882
5410 208 70 0.4646
5410 208 64 0.3465
5410 208 73 0.5591
5410 34 42 0.3701
5445 34 53 0.2677
5479 34 56 0.3543
5514 34 54 0.2913
5549 34 58 0.3465
5583 34 49 0.2283
5618 208 64 0.3543
5618 190 75 0.5669
5618 208 70 0.4724
5618 34 42 0.4016
5653 34 53 0.2992
5687 34 56 0.3622
5722 34 54 0.2913
5757 34 58 0.3465
5791 34 49 0.2677
5809 17 73 0.4724
5826 208 73 0.4882
5826 208 64 0.2677
5826 208 70 0.3307
5826 34 47 0.3071
5861 34 54 0.2283
5895 34 56 0.2677
5930 34 55 0.2283
5965 34 58 0.2283
6000 34 49 0.1969
6034 208 68 0.3307
6034 208 71 0.4016
6034 208 63 0.252
6034 34 47 0.2835
6069 34 55 0.2047
6104 34 58 0.2283
6138 34 56 0.2047
6173 34 59 0.2283
6208 34 51 0.1969
6242 208 61 0.3937
6242 208 67 0.4409
6242 208 70 0.4409
6242 34 39 0.3228
6277 34 50 0.2362
6312 34 52 0.2992
6346 34 51 0.2362
6381 34 55 0.2835
6416 34 46 0.2283
6450 208 68 0.3937
6450 208 59 0.3543
6450 190 71 0.4724
6450 34 44 0.2992
6485 34 50 0.2598
6520 34 52 0.2913
6554 34 51 0.2283
6589 34 56 0.2677
6624 34 44 0.2205
6641 17 63 0.3858
6658 208 68 0.4488
6658 416 65 0.2441
6658 208 59 0.2913
6658 34 37 0.3071
6693 34 48 0.2047
6728 34 51 0.2283
6763 34 49 0.2047
6797 34 53 0.2283
6832 34 44 0.1969
6867 208 70 0.4016
6867 208 61 0.2598
6867 34 37 0.2835
6901 34 48 0.2047
6936 34 51 0.2283
6971 34 49 0.2047
7005 34 53 0.2283
7040 34 44 0.1969
7075 138 58 0.2598
7075 138 66 0.4016
7075 34 42 0.2835
7109 34 48 0.2047
7144 34 51 0.2283
7179 34 49 0.2047
7213 34 54 0.2283
7248 34 42 0.1969
7283 208 71 0.4173
7283 208 63 0.2835
7283 34 35 0.2677
7317 34 53 0.2283
7352 34 56 0.2598
7387 34 54 0.2047
7421 34 59 0.2283
7456 34 47 0.1969
7491 208 59 0.252
7491 208 68 0.3937
7491 416 65 0.3228
7491 34 37 0.2756
7526 34 48 0.1811
7560 34 51 0.1969
7595 34 49 0.1732
7630 34 53 0.189
7664 34 44 0.1575
7699 208 70 0.3307
7699 138 61 0.2756
7699 34 37 0.2283
7734 34 48 0.1575
7768 34 51 0.1811
7803 34 49 0.1496
7838 69 59 0.3071
7838 34 53 0.1811
7872 34 44 0.1417
7907 277 58 0.189
7907 277 66 0.2992
7907 34 42 0.2047
7942 34 48 0.1496
7976 34 51 0.1732
8011 34 49 0.1496
8046 34 54 0.1732
8080 34 37 0.1417
8115 34 42 0.2047
8150 34 48 0.1496
8184 34 51 0.1732
8219 34 49 0.1496
8254 34 54 0.1732
8289 34 41 0.1417
8323 208 78 0.4724
8323 34 39 0.2441
8358 32 66 0.189
8358 32 51 0.1575
8358 32 58 0.2362
8393 32 66 0.2047
8393 32 51 0.1732
8393 32 58 0.2598
8427 32 66 0.2205
8427 32 51 0.1811
8427 32 58 0.2835
8462 32 66 0.2441
8462 32 51 0.2047
8462 32 63 0.315
8497 32 66 0.2205
8497 32 51 0.1811
8497 32 58 0.2835
8531 138 70 0.4488
8531 32 66 0.2283
8531 32 51 0.189
8531 32 58 0.2913
8566 32 66 0.2283
8566 32 51 0.189
8566 32 61 0.2913
8601 32 66 0.2205
8601 32 51 0.1811
8601 32 60 0.2835
8635 32 66 0.2126
8635 32 51 0.1732
8635 32 58 0.2677
8670 32 66 0.2047
8670 69 72 0.4567
8670 32 44 0.1732
8670 32 58 0.2598
8705 32 66 0.2047
8705 32 44 0.1732
8705 32 56 0.2598
8739 32 65 0.2362
8739 156 72 0.4724
8739 34 37 0.2362
8774 32 65 0.2126
8774 32 56 0.2126
8774 32 44 0.2205
8809 32 65 0.2441
8809 32 49 0.2598
8809 32 56 0.2441
8843 32 65 0.2362
8843 32 51 0.2441
8843 32 56 0.2362
8878 32 65 0.2047
8878 32 49 0.2205
8878 32 56 0.2047
8895 17 73 0.3386
8913 32 65 0.2047
8913 17 77 0.3307
8913 32 44 0.2205
8913 32 56 0.2047
8930 17 75 0.315
8947 208 73 0.4094
8947 32 65 0.2047
8947 32 49 0.2205
8947 32 56 0.2047
8982 32 65 0.2047
8982 32 51 0.2205
8982 32 56 0.2047
9017 32 65 0.2047
9017 32 49 0.2205
9017 32 56 0.2047
9052 32 65 0.2047
9052 32 54 0.2205
9052 32 56 0.2047
9086 32 65 0.2047
9086 32 53 0.2205
9086 32 56 0.2047
9121 32 65 0.2047
9121 32 44 0.2205
9121 32 56 0.2047
9156 208 76 0.4724
9156 34 37 0.2441
9190 32 64 0.189
9190 32 49 0.1575
9190 32 56 0.2362
9225 32 64 0.2047
9225 32 49 0.1732
9225 32 56 0.2598
9260 32 64 0.2205
9260 32 49 0.1811
9260 32 56 0.2835
9294 32 64 0.2441
9294 32 49 0.2047
9294 32 61 0.315
9329 32 64 0.2205
9329 32 49 0.1811
9329 32 56 0.2835
9364 32 64 0.2283
9364 138 68 0.4488
9364 32 49 0.189
9364 32 56 0.2913
9398 32 64 0.2283
9398 32 49 0.189
9398 32 59 0.2913
9433 32 64 0.2205
9433 32 49 0.1811
9433 32 58 0.2835
9468 32 64 0.2126
9468 32 49 0.1732
9468 32 56 0.2677
9502 69 70 0.4567
9502 32 64 0.2047
9502 32 42 0.1732
9502 32 56 0.2598
9537 32 64 0.2047
9537 32 42 0.1732
9537 32 54 0.2598
9572 32 63 0.2362
9572 156 70 0.4724
9572 34 35 0.2362
9606 32 63 0.2126
9606 32 54 0.2126
9606 32 42 0.2205
9641 32 63 0.2441
9641 32 47 0.2598
9641 32 54 0.2441
9676 32 63 0.2362
9676 32 49 0.2441
9676 32 54 0.2362
9710 32 63 0.2047
9710 32 47 0.2205
9710 32 54 0.2047
9728 17 71 0.3386
9745 17 75 0.3307
9745 32 63 0.2047
9745 32 42 0.2205
9745 32 54 0.2047
9763 17 73 0.315
9780 32 63 0.189
9780 138 71 0.3543
9780 32 47 0.2205
9780 32 54 0.2047
9815 32 63 0.2047
9815 32 49 0.2205
9815 32 54 0.2047
9849 32 63 0.2047
9849 32 47 0.2205
9849 32 54 0.2047
9884 32 63 0.2047
9884 32 42 0.2205
9884 32 54 0.2047
9919 32 63 0.2047
9919 69 70 0.4409
9919 32 47 0.2205
9919 32 54 0.2047
9953 32 61 0.2047
9953 32 49 0.2205
9953 32 54 0.2047
9988 32 59 0.2362
9988 69 70 0.4724
9988 32 51 0.1732
9988 32 54 0.2362
10023 32 59 0.2126
10023 32 54 0.2126
10023 32 51 0.1732
10057 86 68 0.4331
10057 32 59 0.1654
10057 32 51 0.2047
10057 32 54 0.2441
10092 32 59 0.2362
10092 32 51 0.1969
10092 32 54 0.2362
10127 32 61 0.2047
10127 32 49 0.1732
10127 32 54 0.2047
10144 17 70 0.3386
10161 17 73 0.3307
10161 32 61 0.2047
10161 32 49 0.1732
10161 32 54 0.2047
10179 17 71 0.315
10196 32 63 0.2362
10196 69 70 0.4724
10196 32 47 0.1732
10196 32 54 0.2362
10231 32 63 0.2126
10231 32 54 0.2126
10231 32 47 0.1732
10265 86 68 0.4252
10265 32 63 0.1654
10265 32 47 0.2047
10265 32 54 0.2441
10300 32 63 0.2362
10300 32 47 0.1969
10300 32 54 0.2362
10335 32 61 0.2047
10335 32 49 0.1732
10335 32 54 0.2047
10352 17 70 0.315
10369 32 61 0.2047
10369 17 73 0.3071
10369 32 49 0.1732
10369 32 54 0.2047
10387 17 71 0.2992
10404 32 59 0.2598
10404 69 70 0.4488
10404 32 51 0.1732
10404 32 54 0.2362
10439 32 59 0.2283
10439 32 54 0.2126
10439 32 51 0.1732
10473 242 68 0.4173
10473 32 63 0.315
10473 32 47 0.2047
10473 32 54 0.2441
10508 32 63 0.3465
10508 32 47 0.1969
10508 32 54 0.2362
10543 32 65 0.4173
10543 32 47 0.2283
10543 32 56 0.2756
10578 32 63 0.3307
10578 32 47 0.189
10578 32 56 0.2283
10612 34 65 0.378
10612 32 47 0.1732
10612 32 56 0.2362
10647 34 63 0.3307
10647 32 54 0.2126
10647 32 47 0.1732
10682 34 65 0.315
10682 32 47 0.2047
10682 32 56 0.2441
10716 34 63 0.3622
10716 34 70 0.4331
10716 32 47 0.2126
10716 32 54 0.252
10751 34 61 0.4016
10751 34 73 0.4803
10751 32 46 0.2205
10751 32 54 0.2677
10786 34 70 0.4331
10786 34 61 0.3622
10786 32 49 0.2283
10786 32 54 0.2756
10820 32 58 0.2362
10820 69 66 0.4724
10820 32 51 0.1732
10820 32 54 0.2362
10855 32 58 0.2677
10855 32 54 0.2126
10855 32 51 0.1732
10890 32 63 0.3622
10890 69 66 0.4567
10890 32 51 0.2047
10890 32 58 0.2441
10924 32 63 0.2677
10924 32 51 0.1969
10924 32 58 0.2362
10959 69 66 0.4488
10959 32 60 0.378
10959 69 63 0.378
10959 32 44 0.189
10959 32 51 0.2283
10959 32 56 0.2756
10994 32 60 0.2913
10994 32 44 0.189
10994 32 51 0.189
10994 32 56 0.2283
11028 138 68 0.4252
11028 69 66 0.4724
11028 32 59 0.2677
11028 69 63 0.4016
11028 32 49 0.2598
11028 32 56 0.3071
11063 32 59 0.3228
11063 32 56 0.2677
11063 32 49 0.2205
11098 69 61 0.3307
11098 69 65 0.4409
11098 32 59 0.3937
11098 32 49 0.2441
11098 32 56 0.2913
11132 32 59 0.3228
11132 32 49 0.2126
11132 32 56 0.252
11167 69 63 0.3307
11167 32 59 0.3937
11167 69 68 0.4409
11167 32 49 0.2362
11167 32 56 0.2835
11202 32 59 0.3228
11202 32 49 0.2126
11202 32 56 0.252
11237 69 63 0.3307
11237 69 68 0.4409
11237 69 59 0.3307
11237 32 49 0.1732
11237 32 56 0.2362
11271 32 49 0.2126
11271 32 42 0.1496
11306 69 70 0.4094
11306 69 58 0.3071
11306 69 61 0.3071
11306 32 42 0.1811
11306 32 49 0.2441
11341 32 42 0.1732
11341 32 49 0.2362
11375 69 63 0.2913
11375 69 68 0.3937
11375 69 59 0.252
11375 32 42 0.1654
11375 32 49 0.2756
11410 32 42 0.1654
11410 32 53 0.2283
11445 208 58 0.2992
11445 208 61 0.2992
11445 208 70 0.4016
11445 32 42 0.2677
11445 32 54 0.2677
11479 34 41 0.2283
11514 34 44 0.252
11549 34 42 0.2283
11583 34 46 0.252
11618 34 37 0.2283
11653 208 70 0.4331
11653 208 64 0.3622
11653 34 30 0.3071
11687 34 53 0.2047
11722 34 56 0.2441
11757 34 54 0.2362
11791 34 58 0.2756
11826 34 49 0.2598
11861 190 70 0.5197
11861 208 64 0.4331
11861 34 42 0.3622
11895 34 53 0.2362
11930 34 56 0.315
11965 34 54 0.2756
12000 34 58 0.3307
12034 34 49 0.2913
12052 17 71 0.4882
12069 208 70 0.4646
12069 208 73 0.5591
12069 208 64 0.3465
12069 34 42 0.3701
12104 34 53 0.2677
12138 34 56 0.3543
12173 34 54 0.2913
12208 34 58 0.3465
12242 34 49 0.2283
12277 190 75 0.5276
12277 208 64 0.2362
12277 208 78 0.5276
12277 208 70 0.3543
12277 34 42 0.378
12312 34 53 0.2598
12346 34 56 0.3071
12381 34 54 0.2677
12416 34 58 0.2992
12450 34 49 0.2677
12468 17 73 0.5197
12485 208 78 0.5433
12485 208 64 0.2362
12485 208 73 0.378
12485 34 47 0.3465
12520 34 53 0.2283
12554 34 56 0.2598
12589 34 54 0.2283
12624 34 58 0.252
12658 34 49 0.2126
12693 208 71 0.3937
12693 416 75 0.4803
12693 208 63 0.2913
12693 34 47 0.3071
12728 34 53 0.2205
12763 34 56 0.2441
12797 34 54 0.2205
12832 34 59 0.2441
12867 34 47 0.2047
12901 208 61 0.3937
12901 208 67 0.3937
12901 208 71 0.4409
12901 34 39 0.3228
12936 34 50 0.2362
12971 34 52 0.2992
13005 34 51 0.2362
13040 34 55 0.2835
13075 34 46 0.2283
13109 208 68 0.3701
13109 208 59 0.3307
13109 190 71 0.4488
13109 34 44 0.2992
13144 34 50 0.2598
13179 34 52 0.2913
13213 34 51 0.2283
13248 34 56 0.2677
13283 34 44 0.2205
13300 17 63 0.3858
13317 208 68 0.4646
13317 208 65 0.3701
13317 208 59 0.3307
13317 34 37 0.3071
13352 381 77 0.4252
13352 34 48 0.2047
13387 34 51 0.2283
13421 34 49 0.2047
13456 34 53 0.2283
13491 34 44 0.1969
13526 138 65 0.3307
13526 138 59 0.2913
13526 138 68 0.4016
13526 34 37 0.2835
13560 34 48 0.2047
13595 34 51 0.2283
13630 34 49 0.2047
13664 69 70 0.4016
13664 69 61 0.3307
13664 34 53 0.2283
13699 34 44 0.1969
13734 138 58 0.3307
13734 138 66 0.4252
13734 34 42 0.2835
13768 173 78 0.4646
13768 34 48 0.2047
13803 34 51 0.2283
13838 34 49 0.2047
13872 34 54 0.2283
13907 34 42 0.1969
13942 208 63 0.315
13942 208 71 0.4488
13942 208 68 0.3543
13942 34 35 0.2677
13976 173 80 0.4803
13976 34 50 0.2283
14011 34 53 0.2598
14046 34 51 0.2047
14080 34 59 0.2283
14115 34 44 0.1969
14150 416 59 0.2677
14150 416 65 0.2992
14150 208 68 0.4016
14150 34 37 0.2756
14184 364 77 0.4567
14184 34 48 0.1811
14219 34 51 0.1969
14254 34 49 0.1732
14289 34 53 0.189
14323 34 44 0.1575
14358 208 70 0.4409
14358 34 37 0.2283
14393 34 48 0.1575
14427 34 51 0.1811
14462 34 49 0.1496
14497 34 56 0.1811
14531 34 37 0.1417
14549 17 78 0.4252
14566 416 66 0.3307
14566 416 58 0.2126
14566 34 30 0.2047
14601 381 78 0.4488
14601 34 48 0.1496
14635 34 51 0.1732
14670 34 49 0.1496
14705 34 54 0.1732
14739 34 37 0.1417
14774 34 42 0.2047
14809 34 48 0.1496
14843 34 51 0.1732
14878 34 49 0.1496
14913 34 54 0.1732
14947 34 37 0.1417
14982 34 30 0.2598
15017 32 58 0.2362
15017 32 42 0.1969
15017 32 51 0.1969
15052 32 58 0.2598
15052 32 42 0.2126
15052 32 51 0.2126
15086 32 58 0.2677
15086 32 42 0.2205
15086 32 51 0.2205
15121 32 63 0.2913
15121 32 42 0.2362
15121 32 51 0.2362
15156 32 58 0.315
15156 32 42 0.2047
15156 32 51 0.2047
15190 32 58 0.1969
15190 138 70 0.4094
15190 32 42 0.2047
15190 32 51 0.2047
15225 32 61 0.2992
15225 32 42 0.2047
15225 32 51 0.2047
15260 32 59 0.2913
15260 32 42 0.1969
15260 32 51 0.1969
15294 32 58 0.2362
15294 32 42 0.1969
15294 32 49 0.1969
15329 32 58 0.1417
15329 17 69 0.315
15329 32 42 0.1654
15329 32 49 0.1654
15346 17 70 0.2756
15364 17 73 0.315
15364 32 58 0.1417
15364 32 42 0.1339
15364 32 49 0.1339
15381 17 71 0.2756
15398 416 70 0.2598
15398 416 58 0.2362
15398 416 42 0.1575
15398 416 49 0.1969
