149 10 72 0.2598
160 10 74 0.2677
171 10 76 0.3228
182 10 72 0.2677
192 16 69 0.2677
224 10 76 0.2756
235 10 72 0.2756
246 10 69 0.2756
257 10 77 0.3228
267 10 74 0.2756
278 16 69 0.2756
310 10 77 0.2756
321 10 74 0.2756
332 10 69 0.2756
342 10 74 0.3228
353 10 71 0.2835
364 16 68 0.2835
396 10 74 0.2835
407 10 71 0.2835
417 10 68 0.2835
428 10 76 0.3228
439 10 72 0.2756
449 16 69 0.2756
482 10 71 0.2992
492 10 72 0.2992
503 10 74 0.2992
514 10 76 0.3543
524 10 72 0.2913
535 16 69 0.2992
567 10 76 0.3465
578 10 72 0.3307
589 10 69 0.3307
599 10 77 0.3622
610 10 74 0.3386
621 16 69 0.3386
653 10 77 0.3622
664 10 74 0.3622
674 10 69 0.3622
685 10 74 0.4094
696 10 71 0.3701
707 16 68 0.3701
739 10 74 0.378
749 10 71 0.378
760 10 68 0.378
771 10 76 0.4409
782 10 72 0.4094
792 16 69 0.4094
824 10 74 0.4331
835 10 71 0.4331
846 10 68 0.4331
857 10 76 0.5039
867 10 72 0.4331
878 16 69 0.4331
910 10 74 0.4567
921 10 71 0.4567
932 10 68 0.4567
942 10 76 0.5433
953 10 72 0.4488
964 16 69 0.4567
996 10 74 0.5039
1007 10 71 0.5118
1017 10 68 0.5118
1028 10 76 0.5591
1039 10 72 0.5118
1049 10 69 0.5039
1060 10 64 0.4961
1157 42 64 0.5591
1199 64 64 0.5039
1199 64 69 0.5591
1264 21 64 0.4882
1264 21 71 0.5354
1285 42 69 0.5039
1285 42 72 0.5591
1328 42 71 0.5039
1328 42 74 0.5591
1371 42 72 0.5039
1371 42 76 0.5748
1414 85 76 0.5354
1414 85 79 0.5984
1499 32 74 0.5039
1499 32 77 0.5748
1532 10 72 0.4724
1532 10 76 0.5276
1542 42 72 0.5039
1542 42 76 0.5591
1585 32 71 0.5039
1585 32 74 0.5591
1617 10 69 0.4724
1617 10 72 0.5276
1628 42 69 0.5039
1628 42 72 0.5591
1671 32 65 0.5118
1671 32 72 0.5118
1671 32 76 0.5827
1703 10 71 0.4724
1703 10 74 0.5276
1714 85 69 0.4567
1714 85 72 0.5197
1799 21 68 0.4488
1799 21 71 0.5118
1842 42 62 0.5039
1842 42 64 0.5591
1885 64 60 0.5039
1885 64 64 0.5039
1885 64 69 0.5591
1949 21 64 0.4882
1949 21 71 0.5354
1971 42 69 0.5039
1971 42 72 0.5591
2014 42 71 0.5039
2014 42 74 0.5591
2057 40 72 0.5039
2057 40 76 0.5748
2099 85 67 0.5354
2099 85 76 0.5354
2099 85 79 0.5984
2185 32 74 0.5039
2185 32 77 0.5748
2217 10 72 0.4724
2217 10 76 0.5276
2228 42 72 0.5039
2228 42 76 0.5591
2271 32 71 0.5039
2271 32 74 0.5591
2303 10 69 0.4724
2303 10 72 0.5276
2314 42 69 0.5039
2314 42 72 0.5591
2357 32 67 0.5118
2357 32 71 0.5827
2389 10 65 0.4724
2389 10 69 0.5276
2399 10 65 0.4488
2399 10 69 0.5039
2421 10 59 0.4488
2421 10 68 0.4488
2421 10 71 0.5118
2442 10 60 0.4646
2442 10 69 0.4646
2442 10 72 0.5276
2464 10 62 0.4882
2464 10 71 0.4882
2464 10 74 0.5433
2485 10 64 0.5039
2485 10 72 0.5039
2485 10 76 0.5591
2507 10 62 0.4882
2507 10 71 0.4882
2507 10 74 0.5433
2528 10 60 0.4646
2528 10 69 0.4646
2528 10 72 0.5276
2560 10 59 0.4488
2560 10 64 0.4488
2560 10 71 0.5118
2571 85 59 0.4173
2571 85 64 0.4173
2571 85 71 0.5197
2657 21 60 0.4488
2657 21 69 0.5118
2721 10 68 0.2756
2732 10 69 0.2756
2742 10 71 0.3228
2753 10 68 0.2756
2764 16 64 0.2756
2796 10 71 0.2756
2807 10 68 0.2756
2817 10 64 0.2756
2828 10 72 0.3228
2839 10 69 0.2756
2849 16 64 0.2756
2882 10 72 0.2835
2892 10 69 0.2835
2903 10 64 0.2835
2914 10 69 0.3228
2924 10 66 0.2756
2935 16 63 0.2756
2967 10 69 0.2835
2978 10 66 0.2835
2989 10 63 0.2835
2999 10 71 0.3228
3010 10 68 0.2756
3021 16 64 0.2756
3053 10 66 0.2992
3064 10 68 0.2992
3074 10 69 0.2992
3085 10 71 0.3543
3096 10 68 0.2913
3107 16 64 0.2992
3139 10 71 0.3543
3149 10 68 0.3622
3160 10 64 0.3622
3171 10 72 0.3937
3182 10 69 0.3622
3192 16 64 0.3622
3224 10 72 0.4094
3235 10 69 0.4094
3246 10 64 0.4094
3257 10 69 0.4488
3267 10 66 0.4173
3278 16 63 0.4173
3310 10 69 0.4567
3321 10 66 0.4567
3332 10 63 0.4724
3342 10 71 0.5197
3353 10 68 0.4567
3364 16 64 0.4488
3407 21 64 0.5591
3428 64 64 0.5039
3428 64 71 0.5591
3492 21 69 0.4882
3492 21 72 0.5354
3514 42 68 0.5039
3514 42 74 0.5591
3557 42 69 0.5039
3557 42 72 0.5591
3599 10 68 0.5039
3599 10 77 0.5748
3632 8 68 0.5039
3632 8 76 0.5748
3642 85 68 0.5354
3642 85 74 0.5984
3728 42 68 0.5039
3728 42 77 0.5748
3771 42 69 0.5039
3771 42 76 0.5591
3814 42 64 0.5039
3814 42 72 0.5591
3857 42 64 0.5039
3857 42 71 0.5433
3899 42 60 0.4488
3899 42 63 0.5118
3899 32 69 0.5512
3932 10 71 0.5276
3942 85 60 0.4567
3942 85 63 0.4567
3942 85 69 0.5197
4028 42 59 0.4488
4028 42 64 0.4488
4028 42 68 0.5118
4071 42 64 0.5591
4114 64 59 0.5039
4114 64 64 0.5039
4114 64 71 0.5591
4178 21 60 0.4882
4178 21 69 0.4882
4178 21 72 0.5354
4199 42 62 0.5039
4199 42 68 0.5039
4199 42 74 0.5591
4242 42 65 0.5039
4242 42 68 0.5039
4242 42 77 0.5591
4285 10 69 0.5039
4285 10 64 0.5039
4285 10 76 0.5748
4317 8 69 0.5039
4317 8 62 0.5039
4317 8 74 0.5748
4328 85 60 0.5039
4328 85 69 0.5354
4328 85 72 0.5906
4414 42 72 0.5433
4414 42 64 0.5433
4414 42 76 0.6142
4457 42 71 0.5433
4457 42 62 0.5433
4457 42 74 0.6063
4499 42 69 0.5433
4499 42 64 0.5433
4499 42 72 0.6063
4542 42 67 0.5669
4542 42 62 0.5354
4542 42 71 0.5906
4585 42 66 0.5591
4585 42 60 0.5591
4585 42 62 0.5591
4585 32 69 0.622
4617 10 71 0.5827
4628 85 66 0.5118
4628 85 60 0.5118
4628 85 62 0.5118
4628 85 69 0.5748
4714 40 59 0.5039
4714 40 62 0.5039
4714 40 67 0.5591
4757 42 67 0.6457
4799 64 67 0.5591
4799 64 76 0.5591
4799 64 79 0.622
4864 21 65 0.5433
4864 21 74 0.5433
4864 21 77 0.5984
4885 42 64 0.5591
4885 42 72 0.5591
4885 42 76 0.622
4928 42 65 0.5591
4928 42 74 0.5591
4928 42 77 0.622
4971 42 72 0.5591
4971 42 64 0.5591
4971 42 76 0.6299
5014 32 62 0.5748
5014 32 71 0.5748
5014 32 74 0.6299
5046 10 60 0.5433
5046 10 69 0.5433
5046 10 72 0.5984
5057 42 62 0.5433
5057 42 71 0.5433
5057 42 74 0.622
5099 42 65 0.5512
5099 42 67 0.6693
5142 64 72 0.5591
5142 64 64 0.5591
5142 64 76 0.622
5207 10 62 0.5591
5207 10 71 0.5591
5207 10 74 0.622
5228 10 60 0.5039
5228 10 69 0.5039
5228 10 72 0.5984
5249 10 62 0.5118
5249 10 71 0.5118
5249 10 74 0.6063
5271 10 64 0.5276
5271 10 72 0.5276
5271 10 76 0.622
5292 10 62 0.5118
5292 10 71 0.5118
5292 10 74 0.6063
5314 42 69 0.5591
5314 42 60 0.5591
5314 42 72 0.6299
5357 32 59 0.5748
5357 32 68 0.5748
5357 32 71 0.6299
5389 10 57 0.5118
5389 10 66 0.5118
5389 10 69 0.5748
5399 42 59 0.5118
5399 42 68 0.5118
5399 42 71 0.5984
5442 42 62 0.5591
5442 42 64 0.6299
5485 64 60 0.5591
5485 64 64 0.5591
5485 64 69 0.622
5549 21 64 0.5433
5549 21 71 0.5984
5571 42 69 0.5591
5571 42 72 0.622
5614 42 71 0.5591
5614 42 74 0.622
5657 40 72 0.5591
5657 40 76 0.6299
5699 85 67 0.5984
5699 85 76 0.5984
5699 85 79 0.6772
5785 32 74 0.5591
5785 32 77 0.6299
5817 10 72 0.5354
5817 10 76 0.5984
5828 42 72 0.5591
5828 42 76 0.622
5871 32 71 0.5591
5871 32 74 0.622
5903 10 69 0.5354
5903 10 72 0.5984
5914 21 69 0.5591
5914 21 72 0.622
5935 21 72 0.6693
5957 32 64 0.5354
5957 32 65 0.5748
5957 32 72 0.5748
5957 32 76 0.622
5989 10 71 0.5354
5989 10 74 0.5984
5999 85 69 0.5197
5999 85 72 0.5906
6042 32 63 0.5984
6074 10 64 0.5197
6085 21 68 0.4803
6085 21 71 0.5433
6128 42 62 0.5591
6128 42 64 0.6299
6171 64 60 0.5591
6171 64 64 0.5591
6171 64 69 0.622
6235 21 64 0.5433
6235 21 71 0.5984
6257 32 69 0.5591
6257 32 72 0.622
6289 10 64 0.5591
6289 10 71 0.622
6299 32 69 0.5591
6299 32 72 0.622
6332 10 74 0.622
6332 10 71 0.5591
6342 40 72 0.5591
6342 40 76 0.6299
6385 85 76 0.5984
6385 85 79 0.6772
6471 160 79 0.6063
6471 160 82 0.6929
6632 8 70 0.5276
6632 8 79 0.5276
6632 8 82 0.622
6642 10 69 0.5748
6642 10 77 0.5748
6642 8 81 0.6378
6674 8 67 0.5354
6674 8 76 0.5354
6674 8 79 0.5984
6685 117 65 0.5906
6685 117 74 0.5906
6685 117 77 0.6614
6803 8 65 0.5276
6803 8 74 0.5276
6803 8 77 0.622
6814 10 64 0.5748
6814 10 72 0.5748
6814 10 76 0.6378
6846 8 62 0.5354
6846 8 71 0.5354
6846 8 74 0.5984
6857 107 60 0.5906
6857 107 69 0.5906
6857 107 72 0.6614
6964 8 59 0.5276
6964 8 68 0.5276
6964 8 71 0.622
6985 10 57 0.5748
6985 10 66 0.5748
6985 10 69 0.6378
7007 8 59 0.5354
7007 8 68 0.5354
7007 8 71 0.5984
7028 10 60 0.5039
7028 10 69 0.5039
7028 10 72 0.5984
7049 10 62 0.5118
7049 10 71 0.5118
7049 10 74 0.6063
7071 10 64 0.5276
7071 10 72 0.5276
7071 10 76 0.622
7092 10 65 0.5433
7092 10 74 0.5433
7092 10 77 0.6378
7114 10 64 0.5197
7114 10 72 0.5197
7114 10 76 0.6142
7135 10 62 0.5118
7135 10 71 0.5118
7135 10 74 0.6063
7157 10 60 0.5039
7157 10 69 0.5039
7157 10 72 0.5984
7189 8 64 0.5039
7189 8 71 0.5984
7199 85 64 0.5039
7199 85 71 0.5984
7285 42 60 0.5039
7285 42 69 0.5984
7339 10 69 0.2677
7349 10 68 0.2677
7360 10 69 0.2677
7371 10 71 0.3228
7382 10 68 0.2756
7392 16 64 0.2756
7424 10 71 0.2677
7435 10 68 0.2677
7446 10 64 0.2677
7457 10 72 0.3228
7467 10 69 0.2677
7478 16 64 0.2677
7510 10 72 0.2835
7521 10 69 0.2835
7532 10 64 0.2835
7542 10 69 0.3228
7553 10 66 0.2835
7564 16 63 0.2835
7596 10 69 0.2835
7607 10 66 0.2835
7617 10 63 0.2835
7628 10 71 0.3228
7639 10 68 0.2756
7649 16 64 0.2756
7682 10 66 0.3071
7692 10 68 0.3071
7703 10 69 0.3071
7714 10 71 0.3307
7724 10 68 0.2992
7735 16 64 0.2992
7767 10 71 0.3622
7778 10 68 0.3701
7789 10 64 0.3701
7799 10 72 0.4173
7810 10 69 0.378
7821 16 64 0.378
7853 10 72 0.4173
7864 10 69 0.4252
7874 10 64 0.4252
7885 10 69 0.4724
7896 10 66 0.4409
7907 16 63 0.4409
7939 10 69 0.4567
7949 10 66 0.4567
7960 10 63 0.4567
7971 10 71 0.5591
7982 10 68 0.4646
7992 16 64 0.4724
8035 21 64 0.622
8057 64 59 0.5591
8057 64 64 0.5591
8057 64 71 0.622
8121 21 60 0.5433
8121 21 64 0.5433
8121 21 72 0.5984
8142 42 62 0.5591
8142 42 64 0.5591
8142 42 74 0.622
8185 42 60 0.5591
8185 42 64 0.5591
8185 42 72 0.622
8228 10 65 0.5591
8228 10 68 0.5591
8228 10 77 0.6299
8260 8 64 0.5591
8260 8 68 0.5591
8260 8 76 0.6299
8271 85 62 0.5984
8271 85 68 0.5984
8271 85 74 0.6772
8357 42 65 0.5591
8357 42 68 0.5591
8357 42 77 0.6299
8399 42 64 0.5591
8399 42 69 0.5591
8399 42 76 0.622
8442 42 60 0.5591
8442 42 64 0.5591
8442 42 72 0.622
8485 42 59 0.5906
8485 42 64 0.5591
8485 42 71 0.5906
8528 42 60 0.5197
8528 42 63 0.5748
8528 32 69 0.5984
8560 10 71 0.5984
8571 85 60 0.5197
8571 85 63 0.5197
8571 85 69 0.5906
8657 40 59 0.5118
8657 40 64 0.5118
8657 40 68 0.5748
8699 42 64 0.622
8742 64 59 0.5591
8742 64 64 0.5591
8742 64 71 0.622
8807 21 60 0.5433
8807 21 69 0.5433
8807 21 72 0.5984
8828 42 62 0.5591
8828 42 68 0.5591
8828 42 74 0.622
8871 42 65 0.5591
8871 42 68 0.5591
8871 42 77 0.622
8914 10 69 0.5591
8914 10 64 0.5591
8914 10 76 0.6299
8946 8 69 0.5591
8946 8 62 0.5591
8946 8 74 0.6299
8957 85 60 0.5591
8957 85 69 0.5984
8957 85 72 0.6614
9042 42 66 0.5906
9042 42 72 0.5906
9042 42 64 0.5906
9042 42 76 0.6614
9085 42 67 0.5906
9085 42 71 0.5906
9085 42 62 0.5906
9085 42 74 0.6535
9128 42 60 0.5906
9128 42 69 0.5906
9128 42 64 0.5906
9128 42 72 0.6535
9171 42 59 0.5827
9171 42 67 0.5984
9171 42 62 0.5827
9171 42 71 0.6299
9214 42 66 0.5984
9214 42 57 0.5984
9214 42 60 0.5984
9214 32 69 0.6693
9246 10 59 0.6142
9246 10 71 0.6142
9257 85 66 0.5433
9257 85 57 0.5433
9257 85 60 0.5433
9257 85 69 0.6063
9342 40 59 0.5354
9342 40 62 0.5354
9342 40 67 0.5984
9385 42 67 0.6929
9428 64 67 0.5906
9428 64 76 0.5984
9428 64 79 0.6929
9492 21 65 0.5748
9492 21 74 0.5748
9492 21 77 0.622
9514 42 64 0.5906
9514 42 72 0.5906
9514 42 76 0.6535
9557 42 65 0.5906
9557 42 74 0.5906
9557 42 77 0.6535
9599 42 72 0.5906
9599 42 64 0.5906
9599 42 76 0.6614
9642 32 62 0.5984
9642 32 71 0.5984
9642 32 74 0.6614
9674 10 60 0.5748
9674 10 69 0.5748
9674 10 72 0.622
9685 42 62 0.5748
9685 42 71 0.5748
9685 42 74 0.6535
9728 42 65 0.5827
9728 42 67 0.7008
9771 64 72 0.5984
9771 64 64 0.5906
9771 64 76 0.6693
9835 10 62 0.5906
9835 10 71 0.5906
9835 10 74 0.6535
9857 10 60 0.5276
9857 10 69 0.5276
9857 10 72 0.6142
9878 10 62 0.5354
9878 10 71 0.5354
9878 10 74 0.6299
9899 10 64 0.5512
9899 10 72 0.5512
9899 10 76 0.6535
9921 10 62 0.5354
9921 10 71 0.5354
9921 10 74 0.6299
9942 42 69 0.5906
9942 42 60 0.5906
9942 42 72 0.6614
9985 32 59 0.5984
9985 32 68 0.5984
9985 32 71 0.6614
10017 10 57 0.5354
10017 10 66 0.5354
10017 10 69 0.5984
10028 42 59 0.5354
10028 42 68 0.5354
10028 42 71 0.6142
10071 42 62 0.5906
10071 42 64 0.6614
10114 64 57 0.5906
10114 64 60 0.5906
10114 64 64 0.5906
10114 64 69 0.6535
10178 21 59 0.5748
10178 21 64 0.5748
10178 21 71 0.622
10199 42 60 0.5906
10199 42 69 0.5906
10199 42 72 0.6535
10242 42 62 0.5906
10242 42 71 0.5906
10242 42 74 0.6535
10285 42 64 0.5906
10285 42 72 0.5906
10285 42 76 0.6614
10328 85 67 0.622
10328 85 76 0.622
10328 85 79 0.7087
10414 32 65 0.5906
10414 32 74 0.5906
10414 32 77 0.6614
10446 10 64 0.5591
10446 10 72 0.5591
10446 10 76 0.6142
10457 42 64 0.5906
10457 42 72 0.5906
10457 42 76 0.6535
10499 32 62 0.5906
10499 32 71 0.5906
10499 32 74 0.6535
10532 10 60 0.5591
10532 10 69 0.5591
10532 10 72 0.6142
10542 42 60 0.5906
10542 42 69 0.5906
10542 42 72 0.6535
10585 32 64 0.5984
10585 32 72 0.5984
10585 32 76 0.6693
10617 10 62 0.5591
10617 10 71 0.5591
10617 10 74 0.6142
10628 85 60 0.5433
10628 85 69 0.5433
10628 85 72 0.6063
10714 42 59 0.5354
10714 42 68 0.5354
10714 42 71 0.5984
10757 42 62 0.5906
10757 42 64 0.6614
10799 64 57 0.5906
10799 64 60 0.5906
10799 64 64 0.5906
10799 64 69 0.6535
10864 21 59 0.5748
10864 21 64 0.5748
10864 21 71 0.622
10885 32 60 0.5906
10885 32 69 0.5906
10885 32 72 0.6535
10917 10 59 0.5906
10917 10 68 0.5906
10917 10 71 0.6535
10928 32 60 0.5906
10928 32 69 0.5906
10928 32 72 0.6535
10960 10 62 0.5906
10960 10 74 0.6535
10960 10 71 0.5906
10971 42 64 0.5906
10971 42 72 0.5906
10971 42 76 0.6614
11014 85 67 0.622
11014 85 76 0.622
11014 85 79 0.7087
11099 160 70 0.6299
11099 160 79 0.6299
11099 160 82 0.7244
11260 10 70 0.5984
11260 10 79 0.5984
11260 10 82 0.6535
11271 32 69 0.5984
11271 32 77 0.5984
11271 32 81 0.6693
11303 10 67 0.5591
11303 10 76 0.5591
11303 10 79 0.6142
11314 117 65 0.6063
11314 117 74 0.6063
11314 117 77 0.6929
11432 10 65 0.5512
11432 10 74 0.5512
11432 10 77 0.6535
11442 32 64 0.5984
11442 32 72 0.5984
11442 32 76 0.6693
11474 10 62 0.5591
11474 10 71 0.5591
11474 10 74 0.6142
11485 117 60 0.5827
11485 117 69 0.6063
11485 117 72 0.6457
11592 10 59 0.3307
11592 10 68 0.3307
11592 10 71 0.4724
11614 10 57 0.4173
11614 10 66 0.4173
11614 10 69 0.5039
11635 10 59 0.4094
11635 10 68 0.4094
11635 10 71 0.4882
11657 10 69 0.4094
11657 10 72 0.4961
11657 10 60 0.4094
11678 10 62 0.4252
11678 10 74 0.5118
11678 10 71 0.4252
11699 10 64 0.4409
11699 10 76 0.5276
11699 10 72 0.4409
11721 10 65 0.4488
11721 10 74 0.4488
11721 10 77 0.5433
11742 10 64 0.4488
11742 10 72 0.4488
11742 10 76 0.5354
11764 10 71 0.4488
11764 10 74 0.5354
11764 10 62 0.4488
11785 10 69 0.4488
11785 10 72 0.5354
11785 10 60 0.4488
11807 10 68 0.4567
11807 10 71 0.5354
11807 10 59 0.4567
11828 10 72 0.5512
11828 10 60 0.4646
11828 10 69 0.4646
11849 10 62 0.4646
11849 10 71 0.4646
11849 10 74 0.5591
11871 10 72 0.4961
11871 10 76 0.5984
11871 10 64 0.4961
11892 10 65 0.5118
11892 10 77 0.6142
11892 10 74 0.5118
11914 10 64 0.4961
11914 10 76 0.5984
11914 10 72 0.4961
11935 10 62 0.5039
11935 10 71 0.5039
11935 10 74 0.5984
11957 10 60 0.5039
11957 10 69 0.5039
11957 10 72 0.5984
11978 10 68 0.5039
11978 10 71 0.5984
11978 10 59 0.5039
11999 10 69 0.5197
11999 10 72 0.622
11999 10 60 0.5197
12021 10 74 0.6378
12021 10 71 0.5354
12021 10 62 0.5354
12042 10 76 0.6614
12042 10 72 0.5512
12042 10 64 0.5512
12064 10 65 0.5748
12064 10 74 0.5748
12064 10 77 0.6772
12085 10 76 0.6535
12085 10 64 0.5433
12085 10 72 0.5433
12107 10 62 0.5354
12107 10 71 0.5354
12107 10 74 0.6378
12128 10 60 0.5276
12128 10 69 0.5276
12128 10 72 0.6299
12149 10 68 0.5354
12149 10 59 0.5354
12149 10 71 0.6299
12171 10 60 0.5512
12171 10 69 0.5512
12171 10 72 0.6614
12192 10 74 0.6693
12192 10 62 0.5591
12192 10 71 0.5591
12214 10 64 0.5827
12214 10 72 0.5827
12214 10 76 0.6929
12235 10 77 0.7087
12235 10 65 0.5984
12235 10 74 0.5984
12257 10 64 0.5827
12257 10 72 0.5827
12257 10 76 0.685
12278 10 62 0.5827
12278 10 74 0.685
12278 10 71 0.5827
12299 10 69 0.5748
12299 10 60 0.5748
12299 10 72 0.6772
12321 10 68 0.5748
12321 10 59 0.5748
12321 10 71 0.6772
12342 16 69 0.5669
12342 16 72 0.7323
12342 16 60 0.5669
12364 16 71 0.7008
12364 16 59 0.5433
12364 16 68 0.5433
12385 16 72 0.7323
12385 16 60 0.5669
12385 16 69 0.5669
12407 16 59 0.5276
12407 16 68 0.5276
12407 16 71 0.6693
12428 16 60 0.5669
12428 16 72 0.7323
12428 16 69 0.5669
12449 16 71 0.6535
12449 16 68 0.5197
12449 16 59 0.5197
12471 16 60 0.5669
12471 16 69 0.5669
12471 16 72 0.7323
12492 16 71 0.6535
12492 16 59 0.5197
12492 16 68 0.5197
12514 16 60 0.5669
12514 16 69 0.5669
12514 16 72 0.7323
12535 16 59 0.5276
12535 16 68 0.5276
12535 16 71 0.6693
12557 16 69 0.5669
12557 16 60 0.5669
12557 16 72 0.7323
12578 16 62 0.5197
12578 16 71 0.5197
12578 16 74 0.6535
12599 42 76 0.7323
12599 42 64 0.5669
12599 42 72 0.5669
12642 32 59 0.5354
12642 32 64 0.5354
12642 32 71 0.6929
12674 10 60 0.4961
12674 10 72 0.6378
12685 85 64 0.5354
12685 85 59 0.5354
12685 85 71 0.6929
12771 42 57 0.4961
12771 42 69 0.6378
12824 10 71 0.5354
12835 10 72 0.5433
12846 10 74 0.5197
12857 10 76 0.5984
12867 10 72 0.5039
12878 16 69 0.5039
12910 10 76 0.5512
12921 10 72 0.5433
12932 10 69 0.5433
12942 10 77 0.5984
12953 10 74 0.5039
12964 16 69 0.5039
12996 10 77 0.5354
13007 10 74 0.5354
13017 10 69 0.5354
13028 10 74 0.5984
13039 10 71 0.5039
13049 16 68 0.5039
13082 10 74 0.5039
13092 10 71 0.5039
13103 10 68 0.5039
13114 10 76 0.5906
13124 10 72 0.4882
13135 16 69 0.4961
13167 10 71 0.3701
13178 10 72 0.3701
13189 10 74 0.378
13199 10 76 0.4488
13210 10 73 0.3622
13221 16 69 0.3622
13253 10 76 0.3465
13264 10 73 0.3465
13274 10 69 0.3465
13285 10 77 0.4094
13296 10 74 0.3307
13307 16 69 0.3307
13339 10 77 0.3465
13349 10 74 0.3465
13360 10 69 0.3465
13371 10 74 0.3937
13382 10 71 0.3307
13392 16 68 0.3307
13424 10 74 0.3386
13435 10 71 0.3386
13446 10 68 0.3386
13457 10 76 0.3858
13467 10 72 0.3228
13478 16 69 0.3228
13510 10 74 0.3386
13521 10 71 0.3386
13532 10 68 0.3386
13542 10 76 0.4094
13553 10 72 0.3386
13564 16 69 0.3386
13596 10 74 0.3071
13607 10 71 0.3071
13617 10 68 0.3071
13628 10 76 0.3701
13639 10 72 0.3071
13649 10 69 0.2992
13660 10 74 0.2992
13671 10 71 0.2992
13682 10 68 0.2992
13692 10 76 0.3622
13703 10 72 0.3228
13714 10 69 0.2992
13724 10 74 0.2992
13735 10 71 0.2992
13746 10 68 0.2992
13757 10 76 0.3543
13767 10 72 0.2992
13778 10 69 0.2992
13789 10 74 0.2992
13799 10 71 0.2992
13810 10 68 0.2913
13821 10 76 0.3465
13832 10 72 0.2913
13842 10 69 0.2913
13853 10 74 0.2913
13864 10 71 0.2913
13874 10 68 0.2913
13885 10 76 0.3228
13896 10 72 0.2756
13907 10 69 0.2756
13917 10 76 0.2756
13928 10 72 0.2756
13939 10 69 0.2677
13949 10 76 0.3307
13960 10 72 0.2756
13971 10 69 0.2756
13982 10 76 0.2756
13992 10 72 0.2835
14003 10 69 0.2835
14014 10 76 0.3228
14024 10 72 0.2835
14035 10 69 0.2835
14046 10 76 0.2835
14057 10 72 0.2835
14067 10 69 0.2677
14078 10 76 0.3071
14089 10 72 0.2598
14099 10 69 0.2598
14110 10 76 0.2598
14121 10 72 0.2598
14132 10 69 0.2598
14142 85 76 0.2992
14228 42 72 0.2756
14271 128 69 0.2756
214 42 64 0.2126
214 42 60 0.1811
214 42 57 0.1811
299 42 57 0.1811
299 42 62 0.1811
299 42 65 0.2126
385 42 62 0.2126
385 42 59 0.1811
385 42 57 0.1811
471 42 64 0.2126
471 42 60 0.1811
471 42 57 0.1811
557 42 64 0.2441
557 42 60 0.1969
557 42 57 0.1969
642 42 57 0.2126
642 42 62 0.2126
642 42 65 0.2677
728 42 62 0.2835
728 42 59 0.2283
728 42 57 0.2283
792 16 60 0.2441
792 16 57 0.2441
792 16 64 0.2992
814 42 65 0.2992
814 42 62 0.2441
814 42 57 0.2441
878 16 57 0.2677
878 16 60 0.2677
878 16 64 0.3307
899 42 65 0.3307
899 42 62 0.2677
899 42 57 0.2677
964 16 60 0.2913
964 16 57 0.2913
964 16 64 0.3622
985 42 65 0.3622
985 42 62 0.2913
985 42 57 0.2913
1071 10 60 0.4724
1082 10 57 0.4567
1092 10 52 0.4567
1103 10 48 0.4488
1114 21 33 0.4488
1114 21 45 0.4488
1157 42 52 0.4409
1199 64 48 0.4252
1199 64 57 0.4567
1264 21 52 0.4094
1264 21 59 0.4488
1285 42 57 0.4252
1285 42 60 0.4567
1328 42 59 0.4252
1328 42 62 0.4567
1371 42 60 0.4252
1371 42 64 0.4567
1414 85 64 0.4488
1414 85 67 0.5118
1499 32 65 0.4961
1499 32 62 0.4409
1532 10 60 0.4252
1532 10 64 0.4567
1542 42 60 0.4409
1542 42 64 0.4961
1585 32 59 0.4252
1585 32 62 0.4567
1617 10 57 0.3937
1617 10 60 0.4409
1628 42 57 0.4252
1628 42 60 0.4567
1671 42 50 0.4252
1671 32 60 0.4409
1671 32 64 0.4961
1703 10 62 0.4409
1703 10 59 0.3937
1714 107 52 0.3858
1714 85 60 0.4409
1714 85 57 0.3858
1799 21 56 0.378
1799 21 59 0.4331
1842 42 52 0.4409
1885 64 45 0.4252
1885 64 48 0.4252
1885 64 57 0.4567
1949 21 52 0.4094
1949 21 59 0.4488
1971 42 57 0.4252
1971 42 60 0.4567
2014 42 59 0.4252
2014 42 62 0.4567
2057 40 60 0.4252
2057 40 64 0.4567
2099 10 52 0.5276
2099 85 64 0.5276
2121 10 53 0.5433
2142 128 55 0.5906
2185 32 65 0.4961
2185 32 62 0.4409
2217 10 60 0.4252
2217 10 64 0.4567
2228 42 60 0.4409
2228 42 64 0.4961
2271 42 55 0.4252
2271 32 59 0.4252
2271 32 62 0.4567
2303 10 57 0.3937
2303 10 60 0.4409
2314 42 57 0.4252
2314 42 60 0.4567
2357 42 52 0.4094
2357 42 55 0.4094
2357 42 59 0.4488
2399 42 53 0.3307
2399 21 57 0.3701
2421 10 56 0.3858
2442 10 52 0.3622
2442 10 57 0.4094
2464 10 50 0.3701
2464 10 59 0.4252
2485 10 48 0.378
2485 10 60 0.4331
2507 10 50 0.3622
2507 10 59 0.4173
2528 10 52 0.3543
2528 10 57 0.3937
2560 10 52 0.378
2571 85 52 0.4094
2657 21 45 0.378
2657 21 57 0.4331
2785 42 59 0.2126
2785 42 56 0.1811
2785 42 52 0.1811
2871 42 52 0.1811
2871 42 57 0.1811
2871 42 60 0.2126
2957 42 57 0.2126
2957 42 54 0.1811
2957 42 52 0.1811
3042 42 59 0.2126
3042 42 56 0.1811
3042 42 52 0.1811
3128 42 62 0.2441
3128 42 59 0.1969
3128 42 52 0.1969
3214 42 52 0.2283
3214 42 57 0.2283
3214 42 60 0.2913
3299 42 57 0.2756
3299 42 60 0.3307
3299 42 54 0.2756
3299 42 52 0.2756
3385 21 52 0.4409
3385 21 56 0.4409
3385 21 59 0.5197
3407 21 52 0.4409
3428 64 56 0.4252
3428 64 59 0.4567
3492 21 57 0.4094
3492 21 60 0.4488
3514 42 59 0.4252
3514 42 62 0.4567
3557 42 57 0.4252
3557 42 60 0.4567
3599 10 62 0.4252
3599 10 65 0.4567
3632 8 60 0.4252
3632 8 64 0.4567
3642 85 59 0.4488
3642 85 62 0.5118
3728 42 65 0.4961
3728 42 62 0.4409
3771 42 60 0.4409
3771 42 64 0.4961
3814 42 57 0.4252
3814 42 60 0.4567
3857 42 56 0.4409
3857 42 59 0.4803
3899 42 54 0.4331
3899 32 57 0.4724
3932 10 59 0.4409
3942 128 52 0.3858
3942 85 57 0.4409
4028 42 56 0.4331
4071 42 52 0.4409
4114 64 56 0.4567
4178 21 57 0.4488
4199 42 59 0.4567
4242 42 62 0.4567
4285 10 60 0.4567
4317 8 59 0.4567
4328 85 57 0.4724
4414 42 54 0.5354
4414 42 45 0.4803
4457 42 47 0.4803
4457 42 55 0.5354
4499 42 48 0.4567
4499 42 60 0.5118
4542 42 50 0.4567
4542 42 59 0.5118
4585 42 50 0.4803
4585 32 57 0.5354
4617 10 59 0.4882
4628 85 50 0.4331
4628 85 57 0.4882
4714 40 43 0.4094
4714 40 55 0.4646
4757 42 53 0.4882
4757 42 55 0.5276
4799 128 52 0.4961
4799 64 64 0.5197
4864 21 62 0.5039
4885 42 60 0.5197
4928 42 50 0.4646
4928 42 62 0.5197
4971 107 55 0.5197
4971 42 60 0.5197
5014 32 59 0.5354
5046 10 57 0.5748
5057 42 59 0.5197
5078 10 53 0.5748
5099 10 52 0.5984
5099 42 55 0.5591
5121 10 50 0.5748
5142 128 48 0.4882
5142 64 60 0.5512
5207 10 59 0.4961
5228 10 57 0.5039
5249 10 59 0.5354
5271 42 47 0.5354
5271 10 60 0.5354
5292 10 59 0.5197
5314 107 52 0.5197
5314 42 57 0.5197
5357 32 56 0.5354
5389 10 54 0.5354
5399 42 56 0.4882
5421 10 50 0.5984
5442 10 48 0.622
5442 42 52 0.5827
5464 10 45 0.5984
5485 64 45 0.4646
5485 64 48 0.4646
5485 64 57 0.5197
5549 21 52 0.4488
5549 21 59 0.5039
5571 42 57 0.4646
5571 42 60 0.5197
5614 42 59 0.4646
5614 42 62 0.5197
5657 40 60 0.4646
5657 40 64 0.5197
5699 10 52 0.5984
5699 85 64 0.5984
5721 10 53 0.6063
5742 128 55 0.6614
5785 32 65 0.5512
5785 32 62 0.4882
5817 10 60 0.4646
5817 10 64 0.5197
5828 42 60 0.4882
5828 42 64 0.5512
5871 42 56 0.4646
5871 32 59 0.4646
5871 32 62 0.5197
5903 10 57 0.4488
5903 10 60 0.4961
5914 42 57 0.4646
5914 42 60 0.5197
5957 42 50 0.4488
5957 32 60 0.5039
5989 10 59 0.4961
5989 10 62 0.4961
5999 107 52 0.4409
5999 85 60 0.4961
5999 85 57 0.4409
6085 21 56 0.4094
6085 21 59 0.4488
6128 42 52 0.5827
6171 64 45 0.4646
6171 64 48 0.4646
6171 64 57 0.5197
6235 21 52 0.4488
6235 21 59 0.5039
6257 32 60 0.5276
6257 32 57 0.4646
6289 10 59 0.4961
6289 10 52 0.4173
6299 32 60 0.5354
6299 32 57 0.4488
6332 10 62 0.4252
6332 10 59 0.4094
6342 40 64 0.5197
6342 40 60 0.4646
6385 85 67 0.5984
6385 85 64 0.5984
6471 160 67 0.5906
6471 160 70 0.5906
6535 10 65 0.5906
6557 10 64 0.5591
6578 10 62 0.5591
6599 42 61 0.5197
6632 8 67 0.4961
6642 10 65 0.5118
6674 8 64 0.4646
6685 117 62 0.5591
6707 10 60 0.5591
6728 10 59 0.5591
6749 10 57 0.5591
6771 42 56 0.5197
6803 8 62 0.4961
6814 10 60 0.5118
6846 8 59 0.4646
6857 117 57 0.5591
6878 10 55 0.5591
6899 10 54 0.5591
6921 10 52 0.5591
6942 42 51 0.5197
6964 8 56 0.4961
6985 10 54 0.5118
7007 8 56 0.4646
7028 142 52 0.4646
7028 10 57 0.5591
7049 10 59 0.5748
7071 10 60 0.5827
7092 10 62 0.5906
7114 10 60 0.5984
7135 10 59 0.5906
7157 10 57 0.5748
7189 8 52 0.4567
7189 8 59 0.5512
7199 85 52 0.4567
7199 85 59 0.5512
7285 42 45 0.4646
7285 42 57 0.5591
7414 42 59 0.2126
7414 42 56 0.1811
7414 42 52 0.1811
7499 42 52 0.1811
7499 42 57 0.1811
7499 42 60 0.2126
7585 42 57 0.2126
7585 42 54 0.1811
7585 42 52 0.1811
7671 42 59 0.2126
7671 42 56 0.1811
7671 42 52 0.1811
7714 42 40 0.2126
7714 42 52 0.252
7757 42 62 0.2441
7757 42 59 0.1969
7757 42 52 0.1969
7842 42 52 0.252
7842 42 57 0.252
7842 42 60 0.2992
7885 42 40 0.2598
7885 42 52 0.2992
7928 42 57 0.2913
7928 42 60 0.3543
7928 42 54 0.2913
7928 42 52 0.2913
8014 21 52 0.4488
8014 21 56 0.4961
8014 21 59 0.6142
8035 21 40 0.4488
8035 21 52 0.4961
8057 64 44 0.4646
8057 64 52 0.5197
8121 21 45 0.4488
8121 21 52 0.5039
8142 42 47 0.4646
8142 42 52 0.5197
8185 42 45 0.4646
8185 42 52 0.5197
8228 10 50 0.4646
8228 10 52 0.5197
8260 8 48 0.4646
8260 8 52 0.5197
8271 85 47 0.5039
8271 85 52 0.5748
8357 42 50 0.4882
8357 42 62 0.5512
8357 42 52 0.4882
8399 42 48 0.4882
8399 42 52 0.4882
8399 42 60 0.5512
8442 42 52 0.4646
8442 42 45 0.4646
8442 42 57 0.5197
8485 42 52 0.4882
8485 42 44 0.4882
8485 42 56 0.5433
8528 42 52 0.4488
8528 42 42 0.4488
8528 42 54 0.5512
8571 42 40 0.4409
8571 42 52 0.5276
8614 85 28 0.5197
8614 85 40 0.5984
8699 42 40 0.4409
8699 42 52 0.4961
8742 64 50 0.4409
8742 64 52 0.4409
8742 64 56 0.5197
8807 21 48 0.4252
8807 21 52 0.4252
8807 21 57 0.5039
8828 42 47 0.4409
8828 42 52 0.4409
8828 42 59 0.5197
8871 42 50 0.4409
8871 42 52 0.4409
8871 42 62 0.5197
8914 10 48 0.4409
8914 10 52 0.4409
8914 10 60 0.5197
8946 8 47 0.4409
8946 8 52 0.4409
8946 8 59 0.5197
8957 85 45 0.4488
8957 85 52 0.4488
8957 85 57 0.5354
9042 42 45 0.5827
9042 42 33 0.5118
9085 42 35 0.5118
9085 42 47 0.5827
9128 42 36 0.4882
9128 42 48 0.5433
9171 42 38 0.4882
9171 42 50 0.5433
9214 42 38 0.5118
9214 42 50 0.5827
9257 42 31 0.4961
9257 42 43 0.5748
9299 85 43 0.6063
9299 85 55 0.7087
9385 42 41 0.5433
9385 42 53 0.6142
9428 42 40 0.5197
9428 42 43 0.5197
9428 42 48 0.5197
9428 42 52 0.5512
9471 85 52 0.5197
9471 85 55 0.5197
9471 85 60 0.5197
9471 85 64 0.5197
9557 42 38 0.4488
9557 42 50 0.5433
9599 42 43 0.378
9599 42 55 0.4488
9642 64 31 0.378
9642 64 43 0.4488
9707 21 41 0.4646
9707 21 53 0.5433
9728 16 40 0.4803
9728 16 52 0.5748
9749 16 38 0.4646
9749 16 50 0.5433
9771 42 36 0.5197
9771 42 48 0.5591
9814 85 48 0.5197
9814 85 52 0.5197
9814 85 57 0.5197
9814 85 60 0.5197
9899 42 35 0.5276
9899 42 47 0.5591
9942 42 40 0.4488
9942 42 52 0.5433
9985 64 28 0.4488
9985 64 40 0.5433
10049 21 38 0.4961
10049 21 50 0.5984
10071 16 36 0.5276
10071 16 48 0.622
10092 16 35 0.4961
10092 16 47 0.5984
10114 21 33 0.5118
10114 21 45 0.5984
10135 21 40 0.4488
10135 21 52 0.5433
10157 21 36 0.4724
10157 21 48 0.5827
10178 21 40 0.4488
10178 21 52 0.5433
10199 21 45 0.4882
10199 21 57 0.5906
10221 21 40 0.4488
10221 21 52 0.5433
10242 21 47 0.4882
10242 21 59 0.5906
10264 21 40 0.4488
10264 21 52 0.5433
10285 21 48 0.4961
10285 21 60 0.5984
10307 21 47 0.4488
10307 21 59 0.5433
10328 21 48 0.4567
10328 21 60 0.5512
10349 21 50 0.4646
10349 21 62 0.5748
10371 21 52 0.4724
10371 21 64 0.5827
10392 21 43 0.4409
10392 21 55 0.5276
10414 21 45 0.4567
10414 21 57 0.5512
10435 21 47 0.4724
10435 21 59 0.5827
10457 21 48 0.4961
10457 21 60 0.5984
10478 21 40 0.4409
10478 21 52 0.5276
10499 21 42 0.4488
10499 21 54 0.5433
10521 21 44 0.4567
10521 21 56 0.5512
10542 21 45 0.4646
10542 21 57 0.5748
10564 21 36 0.4488
10564 21 48 0.5433
10585 21 41 0.4724
10585 21 53 0.5827
10607 21 38 0.4488
10607 21 50 0.5433
10628 21 40 0.4882
10628 21 52 0.5906
10649 21 39 0.4488
10649 21 51 0.5433
10671 21 40 0.4488
10671 21 52 0.5433
10692 21 39 0.4488
10692 21 51 0.5433
10714 21 40 0.4724
10714 21 52 0.5827
10735 21 38 0.4488
10735 21 50 0.5433
10757 21 35 0.4488
10757 21 47 0.5433
10778 21 36 0.4488
10778 21 48 0.5433
10799 21 33 0.5118
10799 21 45 0.5984
10821 21 52 0.5433
10821 21 40 0.4488
10842 21 36 0.4724
10842 21 48 0.5827
10864 21 40 0.4488
10864 21 52 0.5433
10885 21 45 0.4882
10885 21 57 0.5906
10907 21 40 0.4488
10907 21 52 0.5433
10928 21 45 0.4882
10928 21 57 0.5906
10949 21 59 0.5433
10949 21 47 0.4488
10971 21 60 0.5984
10971 21 48 0.4961
10992 21 59 0.5433
10992 21 47 0.4488
11014 21 48 0.4567
11014 21 60 0.5512
11035 21 50 0.4646
11035 21 62 0.5748
11057 21 64 0.5827
11057 21 52 0.4724
11078 21 53 0.4409
11078 21 65 0.5276
11099 21 67 0.5512
11099 21 55 0.4567
11121 21 69 0.5827
11121 21 57 0.4724
11142 21 58 0.4882
11142 21 70 0.5984
11164 21 55 0.5197
11164 21 67 0.6063
11185 21 52 0.4882
11185 21 64 0.5906
11207 21 50 0.4882
11207 21 62 0.5906
11228 42 49 0.5118
11228 42 61 0.5433
11260 10 67 0.5197
11271 32 65 0.5354
11303 10 64 0.4882
11314 21 50 0.5118
11314 21 62 0.6063
11335 10 48 0.5118
11335 10 60 0.5827
11357 10 47 0.5118
11357 10 59 0.5827
11378 10 45 0.5118
11378 10 57 0.5827
11399 42 44 0.4646
11399 42 56 0.5748
11432 10 62 0.5197
11442 32 60 0.5354
11474 10 59 0.4882
11485 21 45 0.5118
11485 21 57 0.5748
11507 10 43 0.4961
11507 10 55 0.5748
11528 10 42 0.5118
11528 10 54 0.5827
11549 10 40 0.5118
11549 10 52 0.5827
11571 21 39 0.4646
11571 21 51 0.5748
11592 10 56 0.3858
11614 10 54 0.4173
11635 10 56 0.378
11657 10 40 0.378
11657 10 52 0.4094
11678 10 59 0.4252
11699 10 60 0.4331
11721 10 62 0.4488
11742 10 60 0.4567
11764 10 59 0.4567
11785 10 57 0.4488
11807 10 52 0.4409
11828 10 57 0.4488
11849 10 59 0.4567
11871 10 60 0.4882
11892 10 62 0.5039
11914 10 60 0.5118
11935 10 59 0.5197
11957 10 57 0.5118
11978 10 44 0.4173
11978 10 47 0.4173
11978 10 56 0.4961
11999 10 45 0.4409
11999 10 57 0.5197
11999 10 48 0.4409
12021 10 47 0.4488
12021 10 50 0.4488
12021 10 59 0.5354
12042 10 48 0.4567
12042 10 52 0.4567
12042 10 60 0.5433
12064 10 50 0.4567
12064 10 53 0.4567
12064 10 62 0.5512
12085 10 48 0.4646
12085 10 52 0.4646
12085 10 60 0.5591
12107 10 47 0.4567
12107 10 50 0.4567
12107 10 59 0.5512
12128 10 45 0.4488
12128 10 48 0.4488
12128 10 57 0.5354
12149 10 44 0.4488
12149 10 47 0.4488
12149 10 56 0.5276
12171 10 45 0.4409
12171 10 48 0.4409
12171 10 57 0.5197
12192 10 47 0.4409
12192 10 50 0.4409
12192 10 59 0.5276
12214 10 48 0.4488
12214 10 52 0.4488
12214 10 60 0.5354
12235 10 50 0.4567
12235 10 53 0.4567
12235 10 62 0.5433
12257 10 48 0.4646
12257 10 52 0.4646
12257 10 60 0.5591
12278 10 47 0.4646
12278 10 50 0.4646
12278 10 59 0.5591
12299 10 45 0.4488
12299 10 48 0.4488
12299 10 57 0.5354
12321 10 44 0.4488
12321 10 47 0.4488
12321 10 56 0.5276
12342 16 45 0.4252
12342 16 48 0.4252
12342 16 57 0.5591
12364 16 47 0.4094
12364 16 56 0.5118
12364 16 44 0.4094
12385 16 48 0.4252
12385 16 57 0.5591
12385 16 45 0.4252
12407 16 47 0.4016
12407 16 56 0.5039
12407 16 44 0.4016
12428 16 48 0.4252
12428 16 57 0.5591
12428 16 45 0.4252
12449 16 47 0.4016
12449 16 56 0.5039
12449 16 44 0.4016
12471 16 48 0.4252
12471 16 57 0.5591
12471 16 45 0.4252
12492 16 47 0.3937
12492 16 56 0.4961
12492 16 44 0.3937
12514 42 48 0.4252
12514 42 57 0.5591
12514 42 45 0.4252
12557 42 45 0.4173
12557 42 53 0.5197
12557 42 41 0.4173
12599 42 44 0.4173
12599 42 52 0.5197
12599 42 40 0.4173
12642 42 40 0.4094
12642 42 52 0.5276
12642 32 47 0.5276
12674 10 48 0.4567
12685 85 40 0.4094
12685 85 47 0.4094
12685 85 52 0.5276
12771 42 33 0.3858
12771 42 45 0.4882
12899 42 64 0.3622
12899 42 60 0.2992
12899 42 57 0.2992
12985 42 57 0.2992
12985 42 62 0.2992
12985 42 65 0.3622
13071 42 62 0.378
13071 42 59 0.3071
13071 42 57 0.3071
13157 42 64 0.2992
13157 42 60 0.2598
13157 42 57 0.2598
13242 42 67 0.2913
13242 42 64 0.252
13242 42 57 0.252
13328 42 57 0.2205
13328 42 62 0.2205
13328 42 65 0.2835
13414 42 62 0.2126
13414 42 65 0.2598
13414 42 59 0.2126
13414 42 57 0.2126
13478 16 60 0.2047
13478 16 57 0.2047
13478 16 64 0.2756
13499 42 65 0.2677
13499 42 62 0.2047
13499 42 57 0.2047
13564 16 57 0.2205
13564 16 60 0.2205
13564 16 64 0.2913
13585 42 65 0.2677
13585 42 62 0.2126
13585 42 57 0.2126
13628 128 57 0.2126
13628 42 64 0.2677
13628 42 60 0.2126
13671 42 62 0.1969
13671 42 65 0.2441
13714 21 64 0.252
13714 21 60 0.1969
13735 21 62 0.1969
13735 21 65 0.252
13757 42 64 0.2598
13757 42 60 0.2126
13757 128 57 0.2598
13799 42 62 0.189
13799 42 65 0.2283
13842 21 60 0.189
13842 21 64 0.2205
13864 21 62 0.189
13864 21 65 0.2205
13885 514 64 0.252
13885 514 60 0.1969
13885 514 57 0.1969
14142 257 33 0.1969
14142 257 45 0.2441
