232 6 63 0.5591
240 231 63 0.5827
472 6 68 0.5197
472 6 66 0.4409
472 6 60 0.4409
480 231 60 0.4646
480 231 66 0.4646
480 231 68 0.5591
712 6 69 0.5197
712 6 66 0.4409
712 6 59 0.4409
719 56 69 0.5512
719 56 66 0.4567
719 56 59 0.4567
780 56 59 0.4724
780 56 69 0.5669
780 56 66 0.4724
840 56 65 0.4961
840 56 69 0.5827
900 39 63 0.4961
900 39 69 0.5827
952 127 62 0.4961
956 123 65 0.4961
960 119 70 0.5669
1080 4 70 0.2835
1080 4 74 0.3228
1084 3 62 0.2835
1084 3 65 0.2835
1088 3 70 0.2835
1088 3 74 0.2835
1088 3 77 0.3228
1092 4 70 0.2835
1092 4 65 0.2835
1097 3 82 0.3228
1097 3 74 0.2835
1097 3 77 0.2835
1101 3 70 0.2835
1101 3 74 0.2835
1105 3 77 0.2835
1105 3 82 0.2835
1105 3 86 0.3228
1109 3 74 0.2835
1109 3 77 0.2835
1113 3 82 0.2835
1113 3 86 0.2835
1113 3 89 0.3228
1118 3 77 0.2835
1118 3 82 0.2835
1122 3 94 0.3386
1122 3 86 0.2913
1122 3 89 0.2913
1126 3 82 0.3071
1126 3 86 0.3071
1131 3 98 0.3543
1131 3 94 0.3228
1131 3 89 0.3228
1135 3 86 0.3386
1135 3 89 0.378
1140 59 94 0.3465
1140 59 98 0.3858
1140 59 101 0.3465
1200 9 94 0.2835
1200 9 97 0.3228
1200 9 88 0.2835
1210 9 91 0.2598
1210 9 99 0.2913
1220 8 89 0.2756
1220 8 98 0.2992
1230 10 93 0.3228
1230 10 89 0.2835
1230 10 85 0.2835
1240 9 87 0.2598
1240 9 96 0.2913
1249 8 86 0.2598
1249 8 94 0.2913
1260 10 88 0.3228
1260 10 85 0.2835
1260 10 82 0.2835
1270 9 86 0.2756
1270 9 91 0.2992
1280 8 82 0.2756
1280 8 89 0.2992
1290 9 76 0.2835
1290 9 82 0.2835
1290 9 85 0.3228
1300 9 79 0.2598
1300 9 87 0.2913
1310 8 77 0.2756
1310 8 86 0.2992
1320 10 81 0.3228
1320 10 77 0.2835
1320 10 73 0.2835
1330 9 75 0.2598
1330 9 84 0.2913
1339 8 74 0.2756
1339 8 82 0.2992
1350 9 76 0.3386
1350 9 73 0.2913
1350 9 70 0.2913
1360 9 74 0.2835
1360 9 79 0.3228
1370 8 77 0.3307
1370 8 70 0.2835
1380 10 64 0.3071
1380 10 73 0.3543
1380 10 70 0.3071
1390 9 67 0.2835
1390 9 75 0.3307
1399 8 65 0.2835
1399 8 74 0.3228
1410 10 69 0.3622
1410 10 65 0.3307
1410 10 61 0.3307
1420 9 63 0.2992
1420 9 72 0.3465
1430 8 62 0.3071
1430 8 70 0.3543
1439 10 64 0.3858
1439 10 58 0.3465
1439 10 61 0.3465
1450 9 62 0.3228
1450 9 67 0.3543
1459 8 58 0.3228
1459 8 65 0.3543
1470 10 52 0.3858
1470 10 61 0.4331
1470 10 58 0.3858
1480 9 55 0.3543
1480 9 63 0.4094
1489 8 53 0.3543
1489 8 62 0.4094
1500 9 57 0.4567
1500 9 53 0.4094
1500 9 49 0.4094
1510 9 60 0.4252
1510 9 51 0.378
1520 8 50 0.378
1520 8 58 0.4252
1530 10 52 0.4961
1530 10 49 0.4331
1530 10 46 0.4331
1540 9 50 0.4173
1540 9 55 0.4646
1549 8 46 0.4173
1549 8 53 0.4646
1560 9 49 0.5433
1560 9 46 0.4882
1560 9 40 0.4882
1570 9 43 0.4331
1570 9 51 0.4961
1580 8 41 0.4331
1580 8 50 0.4961
1706 18 80 0.4173
1707 17 86 0.4488
1708 16 89 0.4724
1709 15 94 0.5039
1739 119 58 0.5197
1859 4 81 0.3228
1865 4 82 0.2835
1871 4 87 0.2992
1876 4 84 0.2835
1882 4 82 0.2835
1887 4 80 0.2835
1893 4 79 0.2598
1950 11 55 0.2126
1950 11 58 0.2126
1950 11 63 0.2362
1980 11 65 0.252
1980 11 58 0.2205
1980 11 56 0.2205
2009 11 66 0.2441
2009 11 57 0.2126
2009 11 58 0.2126
2039 30 58 0.2283
2039 30 67 0.2598
2070 14 55 0.2126
2070 14 63 0.2362
2100 3 81 0.3228
2104 3 82 0.2835
2108 3 91 0.2835
2112 3 89 0.2835
2117 3 87 0.2835
2121 3 86 0.2835
2125 3 84 0.2835
2129 3 82 0.2835
2134 3 80 0.2835
2138 3 79 0.2598
2190 11 63 0.2047
2190 11 55 0.2047
2190 11 58 0.2047
2220 11 56 0.2205
2220 11 62 0.2205
2220 11 65 0.252
2250 11 58 0.2126
2250 11 67 0.2362
2280 57 55 0.2126
2280 57 63 0.2362
2340 3 93 0.3228
2344 3 94 0.2835
2348 2 99 0.2992
2351 2 96 0.2835
2354 3 94 0.2835
2357 2 92 0.2835
2361 2 91 0.2598
2430 11 63 0.2598
2430 11 58 0.2283
2430 11 55 0.2283
2460 11 65 0.2835
2460 11 58 0.2441
2460 11 56 0.2441
2490 11 66 0.2756
2490 11 58 0.2362
2490 11 57 0.2362
2520 30 58 0.252
2520 30 67 0.2835
2550 14 55 0.2283
2550 14 63 0.2598
2580 3 93 0.3228
2583 3 94 0.2835
2587 2 103 0.2835
2590 2 101 0.2835
2593 2 99 0.2835
2595 2 98 0.2835
2598 2 96 0.2835
2601 2 94 0.2835
2604 2 92 0.2835
2607 2 91 0.2598
2670 11 63 0.2835
2670 11 58 0.252
2670 11 55 0.252
2700 11 56 0.2598
2700 11 62 0.2598
2700 11 65 0.2913
2730 11 62 0.252
2730 11 56 0.252
2730 11 67 0.2835
2760 57 55 0.2362
2760 57 63 0.2756
2910 11 62 0.3937
2910 11 58 0.3543
2940 11 60 0.3937
2940 11 58 0.3937
2940 11 63 0.4409
2970 11 58 0.3543
2970 11 61 0.3543
2970 11 64 0.4016
3000 29 62 0.3543
3000 29 65 0.4094
3029 15 58 0.3465
3029 15 62 0.3858
3150 11 62 0.3858
3150 11 58 0.3465
3179 11 57 0.3622
3179 11 63 0.4173
3210 11 57 0.3543
3210 11 65 0.3937
3240 57 58 0.3543
3240 57 62 0.4016
3300 4 70 0.4567
3304 4 69 0.4567
3309 4 68 0.4567
3315 4 67 0.4567
3340 4 62 0.5039
3344 4 61 0.5276
3350 4 60 0.5512
3354 4 59 0.5669
3360 7 58 0.685
3390 11 74 0.4173
3390 11 62 0.3622
3390 11 70 0.3622
3419 11 63 0.4016
3419 11 75 0.4488
3419 11 70 0.4016
3450 11 76 0.4252
3450 11 70 0.378
3450 11 64 0.378
3479 57 70 0.3543
3479 57 65 0.3543
3479 30 77 0.4331
3510 14 74 0.4094
3576 4 60 0.4488
3581 4 62 0.4567
3586 4 63 0.4724
3590 4 64 0.4882
3595 4 67 0.4961
3600 69 65 0.4331
3629 30 74 0.3307
3629 30 68 0.2835
3660 29 69 0.3228
3660 29 75 0.3543
3669 10 65 0.3386
3679 10 67 0.2913
3690 29 72 0.2835
3690 10 63 0.3386
3690 29 77 0.3228
3700 10 60 0.3071
3710 2 62 0.2992
3716 61 58 0.2835
3717 60 65 0.2835
3718 58 70 0.2835
3719 57 74 0.2992
3779 11 82 0.3622
3779 11 73 0.3622
3779 11 77 0.3622
3791 3 81 0.2992
3794 5 80 0.2992
3794 5 72 0.2992
3800 5 79 0.3071
3800 5 74 0.3071
3800 5 71 0.3071
3806 5 70 0.3228
3806 5 78 0.3228
3811 5 77 0.3307
3811 5 72 0.3307
3811 5 69 0.3307
3817 5 76 0.3386
3817 5 68 0.3386
3823 5 75 0.3465
3823 5 70 0.3465
3823 5 67 0.3465
3828 5 74 0.3543
3828 5 66 0.3543
3834 5 65 0.3622
3834 5 68 0.3622
3834 5 73 0.3622
3840 7 64 0.378
3840 7 72 0.378
3840 7 67 0.378
3869 11 58 0.2913
3869 11 64 0.3386
3869 11 55 0.2913
3900 11 56 0.3228
3900 11 65 0.3543
3900 11 61 0.3228
3929 11 59 0.2913
3929 11 62 0.2913
3929 11 68 0.3386
3960 29 67 0.3386
3960 29 64 0.2913
3990 11 55 0.252
3990 11 60 0.2835
4019 11 77 0.3937
4019 11 73 0.3937
4019 11 82 0.3937
4031 3 81 0.3228
4035 5 72 0.3307
4035 5 80 0.3307
4040 5 79 0.3386
4040 5 74 0.3386
4040 5 71 0.3386
4046 5 78 0.3465
4046 5 70 0.3465
4051 5 77 0.3543
4051 5 72 0.3543
4051 5 69 0.3543
4057 5 76 0.3543
4057 5 68 0.3543
4063 5 67 0.3622
4063 5 70 0.3622
4063 5 75 0.3622
4068 5 74 0.3858
4068 5 66 0.3858
4074 5 68 0.3937
4074 5 73 0.3937
4074 5 65 0.3937
4079 7 64 0.4016
4079 7 67 0.4016
4079 7 72 0.4016
4110 11 64 0.2913
4110 11 67 0.2913
4110 11 76 0.3386
4110 11 70 0.2913
4140 11 65 0.3307
4140 11 73 0.3307
4140 11 77 0.3622
4140 11 68 0.3307
4170 11 68 0.2913
4170 11 71 0.2913
4170 11 80 0.3386
4170 11 74 0.2913
4200 29 76 0.2913
4200 29 79 0.3386
4200 29 67 0.2913
4230 11 72 0.2835
4260 59 68 0.3937
4260 5 65 0.3937
4266 6 64 0.3543
4272 5 63 0.3543
4277 6 62 0.3622
4284 5 61 0.3858
4290 5 60 0.3937
4295 6 59 0.4016
4302 5 58 0.4173
4308 6 57 0.4252
4314 5 56 0.4331
4320 7 65 0.4488
4320 7 62 0.4488
4350 11 56 0.3228
4350 11 62 0.3543
4350 11 53 0.3228
4380 11 54 0.3543
4380 11 63 0.3543
4380 11 59 0.3543
4410 11 57 0.3307
4410 11 60 0.3307
4410 11 66 0.3622
4440 29 65 0.4016
4440 29 62 0.3543
4470 11 53 0.2992
4470 11 58 0.3465
4500 60 68 0.3937
4500 5 64 0.3937
4505 6 63 0.3543
4512 6 62 0.3543
4518 6 61 0.3622
4524 5 60 0.3858
4530 5 59 0.3937
4535 6 58 0.4016
4542 5 57 0.4173
4548 6 56 0.4252
4554 6 59 0.4331
4560 7 62 0.4488
4560 7 65 0.4488
4590 11 74 0.4094
4590 11 68 0.3543
4590 11 62 0.3543
4590 11 65 0.3543
4620 11 75 0.5276
4620 11 66 0.4724
4620 11 63 0.4724
4620 11 71 0.4724
4650 11 72 0.4724
4650 11 78 0.5276
4650 11 69 0.4724
4650 11 66 0.4724
4678 31 65 0.4961
4678 31 70 0.4961
4679 30 74 0.4961
4680 30 82 0.622
4710 11 58 0.5118
4747 2 81 0.4961
4747 2 93 0.5512
4755 6 91 0.5591
4755 6 79 0.4961
4765 6 89 0.5748
4765 6 77 0.5118
4774 7 87 0.5984
4774 7 75 0.5276
4785 7 73 0.5512
4785 7 85 0.6142
4795 7 83 0.6378
4795 7 71 0.5669
4830 30 50 0.4961
4830 30 62 0.5512
4830 30 58 0.4961
4830 30 53 0.4961
4867 2 85 0.4961
4867 2 97 0.5512
4875 6 95 0.5591
4875 6 83 0.4961
4885 6 93 0.5748
4885 6 81 0.5118
4895 7 91 0.5984
4895 7 79 0.5276
4905 7 89 0.6142
4905 7 77 0.5512
4915 7 75 0.5669
4915 7 87 0.6378
4950 29 65 0.5512
4950 29 53 0.4961
4950 29 58 0.4961
4950 29 62 0.4961
4984 5 88 0.4646
4984 5 100 0.5197
4995 4 98 0.5197
4995 4 86 0.4646
5005 4 96 0.5276
5005 4 84 0.4724
5015 5 94 0.5276
5015 5 82 0.4724
5025 4 92 0.5433
5025 4 80 0.4882
5035 4 78 0.4882
5035 4 90 0.5433
5045 5 88 0.5512
5045 5 76 0.4961
5055 4 86 0.5512
5055 4 74 0.4961
5065 5 84 0.5591
5065 5 72 0.4961
5074 6 82 0.5591
5074 6 70 0.4961
5085 6 80 0.5669
5085 6 68 0.5039
5095 6 78 0.5669
5095 6 66 0.5039
5105 6 64 0.5039
5105 6 76 0.5669
5115 6 74 0.5669
5115 6 62 0.5039
5125 6 60 0.5118
5125 6 72 0.5748
5134 7 70 0.5748
5134 7 58 0.5118
5145 7 68 0.5748
5145 7 56 0.5118
5155 7 62 0.5748
5155 7 50 0.5118
5190 4 45 0.5827
5195 5 46 0.5669
5200 5 50 0.5669
5205 5 53 0.5748
5209 5 56 0.5748
5215 6 58 0.5827
5220 6 62 0.5827
5224 6 65 0.5984
5230 4 68 0.5984
5235 4 70 0.6063
5240 5 74 0.6063
5245 4 77 0.6063
5250 5 80 0.6142
5255 6 82 0.6142
5262 6 86 0.622
5268 6 89 0.6299
5274 5 92 0.6299
5280 3 93 0.6378
5284 3 96 0.6142
5288 3 94 0.6063
5292 3 92 0.6063
5297 3 89 0.6063
5301 3 86 0.6063
5305 3 82 0.6063
5310 3 81 0.6378
5314 4 84 0.6142
5318 4 82 0.6063
5322 4 80 0.6063
5327 4 77 0.6063
5331 4 74 0.6063
5335 4 70 0.6063
5340 3 69 0.6378
5344 4 72 0.6142
5348 4 70 0.6063
5352 4 68 0.6063
5357 4 65 0.6063
5361 4 62 0.6063
5365 4 58 0.5984
5370 6 57 0.6142
5376 6 58 0.6299
5382 6 62 0.6535
5388 6 65 0.6693
5394 5 68 0.6929
5404 1 58 0.5039
5404 1 70 0.6378
5409 4 74 0.5748
5409 4 62 0.4567
5415 4 72 0.5827
5415 4 60 0.4646
5421 4 70 0.6063
5421 4 58 0.4882
5428 4 68 0.622
5428 4 56 0.4961
5434 4 66 0.6378
5434 4 54 0.5039
5440 4 64 0.6457
5440 4 52 0.5118
5446 4 62 0.6614
5446 4 50 0.5197
5453 4 48 0.5433
5453 4 60 0.6772
5490 12 63 0.5039
5490 12 67 0.5039
5490 12 75 0.6378
5520 12 65 0.5512
5520 12 68 0.5512
5520 12 77 0.685
5550 12 66 0.5039
5550 12 69 0.5039
5550 12 78 0.6378
5580 30 70 0.5512
5580 30 67 0.5512
5580 30 79 0.685
5610 14 63 0.5039
5610 14 75 0.6299
5646 2 58 0.6063
5646 2 70 0.6063
5652 6 65 0.5512
5652 6 77 0.5512
5661 6 62 0.5669
5661 6 74 0.5669
5669 6 58 0.5827
5669 6 70 0.5827
5678 6 55 0.5984
5678 6 67 0.5984
5686 6 51 0.622
5686 6 63 0.622
5695 7 48 0.6378
5695 7 60 0.6378
5730 12 63 0.5591
5730 12 67 0.5591
5730 12 75 0.622
5759 12 65 0.5984
5759 12 68 0.5984
5759 12 77 0.6693
5790 12 67 0.5591
5790 12 70 0.5591
5790 12 79 0.622
5820 57 63 0.5197
5820 57 67 0.5197
5820 57 75 0.5827
5880 3 93 0.3228
5884 3 94 0.2835
5888 2 99 0.2992
5891 3 96 0.2835
5894 3 94 0.2835
5897 2 92 0.2835
5900 3 91 0.2598
5970 11 55 0.2283
5970 11 58 0.2283
5970 11 63 0.2598
6000 11 56 0.2441
6000 11 59 0.2441
6000 11 65 0.2835
6030 11 57 0.2362
6030 11 60 0.2362
6030 11 66 0.2756
6059 30 59 0.2362
6059 30 67 0.2756
6090 14 55 0.2205
6090 14 62 0.252
6120 3 94 0.2126
6123 3 95 0.2126
6127 3 103 0.2283
6131 3 102 0.2283
6134 3 100 0.2283
6138 3 98 0.2283
6142 3 96 0.2283
6146 3 95 0.2205
6150 3 93 0.2205
6153 3 91 0.2205
6157 3 90 0.2205
6161 3 88 0.2205
6165 3 86 0.2126
6168 3 84 0.2126
6172 3 83 0.2126
6176 3 81 0.2126
6180 11 79 0.2126
6209 27 60 0.252
6209 27 64 0.252
6209 27 67 0.2835
6240 25 60 0.252
6240 25 68 0.2835
6240 25 65 0.252
6270 27 56 0.2362
6270 27 62 0.2362
6270 27 70 0.2756
6300 56 55 0.2283
6300 56 63 0.2283
6300 56 70 0.2598
6450 14 55 0.622
6480 90 60 0.6457
6509 29 67 0.6142
6539 90 62 0.6457
6570 29 59 0.622
6600 89 74 0.6457
6630 15 65 0.622
6659 59 63 0.6378
6689 15 67 0.6535
6720 44 79 0.6772
6750 14 72 0.6063
6764 15 80 0.5669
6780 59 74 0.6063
6780 29 72 0.6063
6809 29 62 0.5039
6809 29 71 0.5669
6839 45 91 0.6693
6839 45 86 0.5984
6839 45 83 0.5984
6839 45 79 0.5984
6884 11 91 0.5984
6884 11 79 0.5276
6900 11 80 0.5591
6900 11 92 0.622
6914 11 79 0.5276
6914 11 91 0.5984
6930 11 80 0.5276
6930 11 92 0.5984
6945 11 74 0.5276
6945 11 86 0.5984
6959 11 91 0.622
6959 11 79 0.5591
6975 11 78 0.5276
6975 11 90 0.5984
6989 11 79 0.5276
6989 11 91 0.5984
7005 11 84 0.5984
7005 11 72 0.5276
7020 11 89 0.622
7020 11 77 0.5591
7034 11 76 0.5433
7034 11 88 0.6063
7050 11 77 0.5433
7050 11 89 0.6063
7064 11 71 0.5433
7064 11 83 0.6063
7080 11 75 0.5591
7080 11 87 0.622
7095 11 74 0.5276
7095 11 86 0.5984
7109 11 75 0.5276
7109 11 87 0.5984
7125 11 72 0.5276
7125 11 84 0.5984
7139 15 72 0.5276
7139 15 84 0.5984
7155 12 70 0.5039
7155 12 82 0.5669
7170 14 70 0.5039
7170 14 82 0.5669
7184 12 68 0.5039
7184 12 80 0.5669
7200 14 68 0.5433
7200 14 80 0.6063
7214 12 67 0.5039
7214 12 79 0.5669
7230 15 67 0.5039
7230 15 79 0.5669
7245 12 66 0.5039
7245 12 78 0.5669
7259 15 66 0.5276
7259 15 78 0.5984
7275 11 67 0.5197
7275 11 79 0.5827
7289 15 91 0.748
7289 15 79 0.6693
7320 44 55 0.5748
7320 44 67 0.6457
7364 15 51 0.5591
7364 15 63 0.622
7380 15 48 0.5748
7380 15 60 0.6457
7395 14 47 0.5512
7395 14 59 0.6142
7409 11 48 0.5512
7409 11 60 0.6142
7425 11 50 0.5512
7425 11 62 0.6142
7439 15 51 0.5748
7439 15 63 0.6457
7455 15 50 0.5512
7455 15 62 0.6142
7470 11 51 0.5512
7470 11 63 0.6142
7484 11 53 0.5512
7484 11 65 0.6142
7500 14 55 0.5748
7500 14 67 0.6457
7514 15 54 0.5591
7514 15 66 0.622
7530 11 55 0.5591
7530 11 67 0.622
7545 11 57 0.5591
7545 11 69 0.622
7559 15 59 0.5984
7559 15 71 0.6693
7575 14 57 0.5591
7575 14 69 0.622
7589 11 59 0.5591
7589 11 71 0.622
7605 11 55 0.5591
7605 11 67 0.622
7620 14 60 0.622
7620 14 72 0.6929
7634 15 59 0.5669
7634 15 71 0.6299
7650 11 60 0.5669
7650 11 72 0.6299
7664 11 62 0.5669
7664 11 74 0.6299
7680 15 63 0.6535
7680 15 75 0.7244
7695 14 62 0.5669
7695 14 74 0.6378
7709 11 63 0.5669
7709 11 75 0.6378
7725 11 65 0.5669
7725 11 77 0.6378
7739 15 67 0.6535
7739 15 79 0.7244
7770 22 55 0.7323
7889 30 71 0.4488
7889 30 83 0.5669
7889 30 77 0.5669
7920 29 83 0.5039
7920 29 87 0.6378
7920 29 75 0.5039
7950 29 72 0.4409
7950 29 75 0.4409
7950 29 84 0.5591
8009 29 74 0.4724
8009 29 86 0.5984
8009 29 80 0.4724
8039 30 91 0.6457
8039 30 86 0.5118
8039 30 79 0.5118
8070 29 72 0.4567
8070 29 79 0.4567
8070 29 84 0.5748
8130 29 80 0.5276
8130 29 84 0.5276
8130 29 92 0.6693
8159 29 79 0.5748
8159 29 84 0.5748
8159 29 91 0.7244
8189 22 95 0.6772
8189 22 91 0.5433
8189 22 83 0.5433
8220 22 84 0.6063
8220 22 87 0.6063
8220 22 96 0.7638
8250 22 63 0.5118
8250 22 67 0.5118
8250 22 72 0.6457
8280 45 58 0.6378
8280 45 70 0.7087
8310 29 62 0.5197
8310 29 65 0.5197
8325 14 58 0.5512
8325 14 70 0.6142
8340 15 58 0.5748
8340 15 70 0.6457
8355 15 57 0.5039
8355 15 69 0.5669
8370 14 58 0.5197
8370 14 70 0.5827
8385 15 62 0.5433
8385 15 74 0.6063
8400 14 65 0.5591
8400 14 77 0.622
8415 15 70 0.5669
8415 15 82 0.6378
8430 15 74 0.5748
8430 15 86 0.6535
8445 14 77 0.5984
8445 14 89 0.6693
8460 15 80 0.6142
8460 15 92 0.685
8475 14 77 0.5748
8475 14 89 0.6457
8490 22 86 0.5512
8490 22 74 0.4961
8490 22 77 0.4961
8520 44 58 0.6378
8520 44 70 0.7087
8550 29 62 0.4646
8550 29 65 0.5197
8565 15 58 0.5512
8565 15 70 0.6142
8580 15 58 0.5748
8580 15 70 0.6457
8595 14 57 0.5039
8595 14 69 0.5669
8610 15 58 0.5197
8610 15 70 0.5827
8625 14 62 0.5433
8625 14 74 0.6063
8640 15 65 0.5591
8640 15 77 0.622
8655 15 70 0.5669
8655 15 82 0.6378
8670 14 74 0.5748
8670 14 86 0.6535
8685 15 77 0.5984
8685 15 89 0.6693
8700 14 80 0.6142
8700 14 92 0.685
8715 11 77 0.5748
8715 11 89 0.6457
8730 22 83 0.5512
8730 22 74 0.4961
8730 22 71 0.4961
8760 45 67 0.6457
8760 45 79 0.7165
8805 15 63 0.5512
8805 15 75 0.6142
8820 11 60 0.5748
8820 11 72 0.6535
8835 11 59 0.5512
8835 11 71 0.6142
8850 22 63 0.4016
8850 22 67 0.4016
8850 14 60 0.5512
8850 14 72 0.6142
8865 15 62 0.5512
8865 15 74 0.6142
8880 59 67 0.4252
8880 59 72 0.4252
8880 11 63 0.5669
8880 11 75 0.6378
8895 11 62 0.5512
8895 11 74 0.6142
8910 15 63 0.5512
8910 15 75 0.6142
8925 14 65 0.5512
8925 14 77 0.6142
8940 22 74 0.4252
8940 22 72 0.4252
8940 11 67 0.5669
8940 11 79 0.6378
8955 12 66 0.5512
8955 12 78 0.6142
8970 22 71 0.4252
8970 22 74 0.4252
8970 14 67 0.5512
8970 14 79 0.6142
8985 15 81 0.6142
8985 15 69 0.5512
9000 11 71 0.5827
9000 11 83 0.6614
9015 13 69 0.5512
9015 13 81 0.6142
9030 22 74 0.4252
9030 22 77 0.4252
9030 15 71 0.5512
9030 15 83 0.6142
9045 14 67 0.5512
9045 14 79 0.6142
9060 22 75 0.4724
9060 12 72 0.622
9060 12 84 0.6929
9075 14 71 0.5433
9075 14 83 0.6063
9090 22 79 0.4724
9090 22 75 0.4724
9090 15 72 0.5512
9090 15 84 0.6142
9105 15 74 0.5669
9105 15 86 0.6299
9120 22 84 0.4961
9120 22 79 0.4961
9120 12 75 0.6378
9120 12 87 0.7087
9135 15 74 0.5512
9135 15 86 0.6142
9150 22 80 0.4961
9150 22 84 0.4961
9150 14 75 0.5669
9150 14 87 0.6378
9165 15 77 0.5748
9165 15 89 0.6535
9180 15 83 0.6378
9180 15 79 0.6378
9180 15 91 0.7008
9210 22 59 0.5433
9210 22 62 0.5433
9210 22 67 0.6063
9240 45 91 0.6693
9240 45 83 0.5984
9240 45 86 0.5984
9240 45 79 0.5984
9285 15 79 0.5748
9285 15 91 0.6535
9300 14 86 0.6063
9300 14 80 0.6063
9300 14 92 0.6772
9315 15 91 0.6535
9315 15 79 0.5748
9330 15 86 0.6063
9330 15 92 0.6535
9330 15 80 0.5748
9345 14 86 0.6535
9345 14 74 0.5748
9360 15 79 0.6063
9360 15 91 0.6772
9375 14 78 0.5748
9375 14 90 0.6535
9390 15 84 0.5748
9390 15 79 0.5748
9390 15 91 0.6535
9405 15 84 0.6535
9405 15 72 0.5748
9420 14 84 0.6063
9420 14 89 0.6772
9420 14 77 0.6063
9435 15 76 0.5827
9435 15 88 0.6614
9450 11 83 0.5827
9450 11 89 0.6614
9450 11 77 0.5827
9465 15 71 0.5827
9465 15 83 0.6614
9480 15 87 0.6772
9480 15 75 0.6063
9495 14 86 0.6535
9495 14 74 0.5748
9510 11 79 0.5748
9510 11 87 0.6535
9510 11 75 0.5748
9525 14 84 0.6535
9525 14 72 0.5748
9540 11 74 0.6063
9540 11 70 0.6063
9540 11 82 0.6772
9555 11 72 0.5748
9555 11 68 0.5748
9555 11 80 0.6535
9570 11 67 0.5748
9570 11 79 0.6535
9585 11 65 0.5748
9585 11 77 0.6535
9600 11 63 0.6142
9600 11 75 0.685
9615 11 79 0.6535
9615 11 67 0.5748
9630 11 71 0.6535
9630 11 65 0.5748
9630 11 77 0.6535
9645 12 74 0.6535
9645 11 62 0.5748
9660 15 71 0.6535
9660 15 59 0.5748
9675 11 72 0.6457
9675 11 60 0.5748
9690 22 72 0.6378
9690 22 79 0.6378
9690 22 75 0.6378
9690 22 84 0.7087
9772 7 63 0.6142
9780 120 63 0.6457
9900 14 71 0.6142
9900 14 59 0.5512
9915 11 72 0.5669
9915 11 60 0.5039
9930 22 80 0.4331
9930 22 78 0.4331
9930 22 75 0.4331
9930 22 87 0.4882
10012 7 68 0.4724
10012 7 66 0.4252
10012 7 60 0.4252
10020 119 68 0.5276
10020 119 60 0.4724
10020 119 66 0.4724
10140 60 63 0.3543
10140 60 66 0.3543
10140 60 69 0.3937
10200 7 71 0.4016
10200 7 83 0.4488
10215 7 72 0.378
10215 7 84 0.4252
10230 22 78 0.3622
10230 22 90 0.4173
10260 7 76 0.378
10260 7 88 0.4252
10275 7 77 0.3543
10275 7 89 0.3937
10290 22 101 0.3858
10290 22 89 0.3465
10320 59 60 0.3228
10320 59 63 0.3228
10320 59 69 0.4094
10380 120 58 0.3307
10380 120 62 0.3307
10380 120 70 0.4173
10680 45 58 0.3543
10680 45 70 0.4094
10710 29 62 0.3543
10710 29 65 0.3543
10710 29 68 0.3543
10725 11 58 0.3228
10725 11 70 0.3543
10740 7 58 0.3386
10740 7 70 0.378
10755 7 57 0.3543
10755 7 69 0.3937
10770 7 58 0.3543
10770 7 70 0.4016
10785 7 62 0.3543
10785 7 74 0.4016
10800 7 65 0.3622
10800 7 77 0.4173
10815 7 70 0.3858
10815 7 82 0.4331
10830 7 74 0.3858
10830 7 86 0.4331
10845 7 77 0.3937
10845 7 89 0.4409
10860 7 92 0.4567
10860 7 80 0.4094
10875 7 77 0.3858
10875 7 89 0.4331
10890 15 74 0.3307
10890 15 86 0.3622
10980 7 92 0.378
10980 7 80 0.3386
10995 7 77 0.2992
10995 7 89 0.3465
11010 15 71 0.2756
11010 15 83 0.2992
11100 7 92 0.2835
11107 7 89 0.2835
11115 7 83 0.2835
11122 7 82 0.2835
11160 7 68 0.2835
11167 7 65 0.2835
11175 7 59 0.2835
11182 7 58 0.2835
11220 14 38 0.2835
11276 33 81 0.2835
11277 32 84 0.2835
11278 31 90 0.2913
11280 29 93 0.2992
11337 32 80 0.2835
11338 31 86 0.2913
11340 30 94 0.2992
11392 7 58 0.2362
11400 7 58 0.252
11405 7 59 0.2441
11410 7 58 0.2598
11415 7 59 0.2441
11420 7 58 0.2598
11424 7 59 0.252
11430 7 58 0.2756
11435 7 59 0.252
11440 7 58 0.2756
11445 7 59 0.252
11450 7 58 0.2835
11455 7 59 0.2598
11460 7 58 0.2835
11465 7 59 0.2598
11469 7 58 0.2835
11475 7 59 0.2598
11480 7 58 0.2835
11485 7 59 0.252
11490 5 58 0.2835
11493 5 59 0.252
11497 7 58 0.2756
11505 9 57 0.252
11512 7 58 0.252
11580 7 60 0.3071
11585 7 61 0.2835
11590 7 60 0.3071
11594 7 61 0.2835
11600 7 60 0.3071
11604 7 61 0.2835
11610 5 60 0.3071
11613 5 61 0.2835
11617 7 60 0.3228
11625 9 59 0.2913
11632 7 60 0.2913
11819 15 62 0.189
11940 4 81 0.3228
11945 4 82 0.2835
11951 4 87 0.2992
11956 4 84 0.2835
11962 4 82 0.2835
11967 4 80 0.2835
11973 4 79 0.2598
12030 11 55 0.2126
12030 11 58 0.2126
12030 11 63 0.2362
12060 11 56 0.2205
12060 11 58 0.2205
12060 11 65 0.252
12090 11 57 0.2126
12090 11 58 0.2126
12090 11 66 0.2441
12119 30 58 0.2283
12119 30 67 0.2598
12150 14 55 0.2126
12150 14 63 0.2362
12180 3 81 0.3228
12184 3 82 0.2835
12188 3 91 0.2835
12192 3 89 0.2835
12197 3 87 0.2835
12201 3 86 0.2835
12205 3 84 0.2835
12209 3 82 0.2835
12213 3 80 0.2835
12218 3 79 0.2598
12269 11 55 0.2047
12269 11 58 0.2047
12269 11 63 0.2283
12300 11 56 0.2205
12300 11 62 0.2205
12300 11 65 0.252
12330 11 58 0.2126
12330 11 67 0.2362
12360 57 55 0.2126
12360 57 63 0.2362
12419 3 93 0.3228
12424 3 94 0.2835
12427 3 99 0.2992
12431 3 96 0.2835
12434 2 94 0.2835
12437 3 92 0.2835
12441 3 91 0.2598
12510 11 55 0.2283
12510 11 58 0.2283
12510 11 63 0.2598
12540 11 56 0.2441
12540 11 58 0.2441
12540 11 65 0.2835
12569 11 57 0.2362
12569 11 58 0.2362
12569 11 66 0.2756
12600 29 58 0.252
12600 29 67 0.2835
12630 14 55 0.2283
12630 14 63 0.2598
12660 3 93 0.3228
12663 3 94 0.2835
12667 2 103 0.2835
12670 2 101 0.2835
12673 2 99 0.2835
12676 2 98 0.2835
12678 2 96 0.2835
12681 2 94 0.2835
12684 2 92 0.2835
12686 2 91 0.2598
12750 11 55 0.252
12750 11 58 0.252
12750 11 63 0.2835
12780 11 56 0.2598
12780 11 62 0.2598
12780 11 65 0.2913
12810 11 62 0.252
12810 11 56 0.252
12810 11 67 0.2835
12840 57 55 0.2362
12840 57 63 0.2756
12990 11 62 0.3937
12990 11 58 0.3543
13019 11 58 0.3937
13019 11 60 0.3937
13019 11 63 0.4409
13050 11 58 0.3543
13050 11 61 0.3543
13050 11 64 0.4016
13079 30 62 0.3543
13079 30 65 0.4094
13110 15 58 0.3465
13110 15 62 0.3858
13229 11 62 0.3858
13229 11 58 0.3465
13260 11 57 0.3622
13260 11 63 0.4173
13290 11 57 0.3543
13290 11 65 0.3937
13319 57 62 0.4016
13319 57 58 0.3543
13379 4 70 0.4567
13385 4 69 0.4567
13389 4 68 0.4567
13394 4 67 0.4567
13419 4 62 0.5118
13425 4 61 0.5433
13430 4 60 0.5669
13435 4 59 0.5748
13440 7 58 0.685
13469 11 74 0.4173
13469 11 62 0.3307
13469 11 70 0.3307
13500 11 70 0.3543
13500 11 75 0.4488
13500 11 63 0.3543
13529 11 64 0.3386
13529 11 70 0.3386
13529 11 76 0.4252
13560 57 65 0.3228
13560 57 70 0.3228
13560 30 77 0.4331
13590 14 74 0.4094
13657 4 60 0.4488
13661 4 62 0.4567
13666 4 63 0.4724
13670 4 64 0.4882
13675 4 67 0.4961
13679 70 65 0.4331
13710 30 74 0.3307
13710 30 68 0.2835
13740 29 69 0.3228
13740 29 75 0.3543
13750 9 65 0.3386
13760 9 67 0.2598
13769 9 63 0.3386
13769 30 77 0.3228
13769 30 72 0.3228
13779 10 60 0.3071
13790 2 62 0.2992
13796 61 58 0.252
13797 59 65 0.252
13798 58 70 0.252
13800 57 74 0.2992
13860 11 77 0.3622
13860 11 73 0.3622
13860 11 82 0.3622
13871 3 81 0.2992
13875 5 80 0.2992
13875 5 72 0.2992
13880 5 79 0.3071
13880 5 74 0.3071
13880 5 71 0.3071
13886 5 78 0.3228
13886 5 70 0.3228
13891 5 77 0.3307
13891 5 72 0.3307
13891 5 69 0.3307
13897 5 76 0.3386
13897 5 68 0.3386
13903 5 75 0.3465
13903 5 70 0.3465
13903 5 67 0.3465
13908 5 74 0.3543
13908 5 66 0.3543
13914 5 73 0.3622
13914 5 68 0.3622
13914 5 65 0.3622
13919 7 64 0.378
13919 7 67 0.378
13919 7 72 0.378
13950 11 55 0.2913
13950 11 64 0.3386
13950 11 58 0.2913
13979 11 61 0.3228
13979 11 65 0.3543
13979 11 56 0.3228
14010 11 59 0.2913
14010 11 62 0.2913
14010 11 68 0.3386
14040 29 67 0.3386
14040 29 64 0.2913
14069 11 55 0.252
14069 11 60 0.2835
14100 11 89 0.3937
14100 11 85 0.3937
14100 11 94 0.3937
14111 3 93 0.3228
14115 5 92 0.3307
14115 5 84 0.3307
14120 5 91 0.3386
14120 5 86 0.3386
14120 5 83 0.3386
14126 5 90 0.3465
14126 5 82 0.3465
14131 5 89 0.3543
14131 5 84 0.3543
14131 5 81 0.3543
14137 5 88 0.3543
14137 5 80 0.3543
14143 5 87 0.3622
14143 5 82 0.3622
14143 5 79 0.3622
14148 5 86 0.3858
14148 5 78 0.3858
14154 5 85 0.3937
14154 5 80 0.3937
14154 5 77 0.3937
14160 7 76 0.4016
14160 7 79 0.4016
14160 7 84 0.4016
14190 11 64 0.2913
14190 11 67 0.2913
14190 11 76 0.3386
14190 11 70 0.2913
14219 11 65 0.3307
14219 11 73 0.3307
14219 11 77 0.3622
14219 11 68 0.3307
14250 11 68 0.2913
14250 11 71 0.2913
14250 11 74 0.2913
14250 11 80 0.3386
14279 30 67 0.2913
14279 30 79 0.3386
14279 30 76 0.2913
14310 11 72 0.2835
14340 59 68 0.3937
14340 5 65 0.3937
14345 6 64 0.3543
14351 6 63 0.3543
14358 5 62 0.3622
14363 6 61 0.3858
14369 6 60 0.3937
14376 6 59 0.4016
14382 6 58 0.4173
14388 6 57 0.4252
14394 6 56 0.4331
14400 7 62 0.4488
14400 7 65 0.4488
14429 11 53 0.3228
14429 11 62 0.3543
14429 11 56 0.3228
14460 11 59 0.3543
14460 11 63 0.4016
14460 11 54 0.3543
14490 11 57 0.3307
14490 11 60 0.3307
14490 11 66 0.3622
14519 30 65 0.4016
14519 30 62 0.3543
14550 11 53 0.2992
14550 11 58 0.3465
14579 60 68 0.3937
14579 6 64 0.3937
14585 6 63 0.3543
14591 6 62 0.3543
14597 6 61 0.3622
14604 6 60 0.3858
14610 6 59 0.3937
14616 6 58 0.4016
14622 6 57 0.4173
14628 6 56 0.4252
14634 6 59 0.4331
14640 7 62 0.4488
14640 7 65 0.4488
14669 11 62 0.3543
14669 11 65 0.3543
14669 11 74 0.4094
14669 11 68 0.3543
14700 11 63 0.4724
14700 11 71 0.4724
14700 11 75 0.5276
14700 11 66 0.4724
14729 11 66 0.4724
14729 11 69 0.4724
14729 11 72 0.4724
14729 11 78 0.5276
14758 31 65 0.4961
14758 31 70 0.4961
14759 30 74 0.4961
14760 30 82 0.622
14790 11 58 0.5118
14827 2 81 0.4961
14827 2 93 0.5512
14835 6 91 0.5591
14835 6 79 0.4961
14844 6 89 0.5748
14844 6 77 0.5118
14855 6 87 0.5984
14855 6 75 0.5276
14865 7 85 0.622
14865 7 73 0.5591
14875 7 83 0.6457
14875 7 71 0.5748
14910 30 50 0.5039
14910 30 53 0.5039
14910 30 58 0.5039
14910 30 62 0.5669
14947 2 85 0.4961
14947 2 97 0.5512
14954 6 95 0.5591
14954 6 83 0.4961
14964 6 93 0.5748
14964 6 81 0.5118
14975 6 91 0.5984
14975 6 79 0.5276
14985 7 89 0.622
14985 7 77 0.5591
14994 7 87 0.6457
14994 7 75 0.5748
15029 30 65 0.5669
15029 30 53 0.5039
15029 30 58 0.5039
15029 30 62 0.5039
15065 4 88 0.4646
15065 4 100 0.5197
15075 5 98 0.5197
15075 5 86 0.4646
15085 5 96 0.5276
15085 5 84 0.4724
15094 5 94 0.5276
15094 5 82 0.4724
15104 5 92 0.5433
15104 5 80 0.4882
15114 5 90 0.5433
15114 5 78 0.4882
15125 4 76 0.4961
15125 4 88 0.5512
15135 5 86 0.5512
15135 5 74 0.4961
15144 5 84 0.5591
15144 5 72 0.4961
15155 6 82 0.5591
15155 6 70 0.4961
15165 6 80 0.5669
15165 6 68 0.5039
15175 6 78 0.5669
15175 6 66 0.5039
15185 6 64 0.5039
15185 6 76 0.5669
15194 6 74 0.5669
15194 6 62 0.5039
15204 6 72 0.5748
15204 6 60 0.5118
15215 6 70 0.5748
15215 6 58 0.5118
15225 7 68 0.5748
15225 7 56 0.5118
15235 7 62 0.5748
15235 7 50 0.5118
15269 5 45 0.5827
15275 4 46 0.5669
15279 5 50 0.5669
15285 5 53 0.5748
15290 5 56 0.5748
15294 6 58 0.5827
15300 6 62 0.5827
15305 6 65 0.5984
15310 5 68 0.5984
15315 4 70 0.6063
15319 5 74 0.6063
15325 4 77 0.6063
15329 6 80 0.6142
15335 6 82 0.6142
15341 6 86 0.622
15347 6 89 0.6299
15354 6 92 0.6299
15360 3 93 0.6378
15364 3 96 0.6142
15368 3 94 0.6063
15372 3 92 0.6063
15377 3 89 0.6063
15381 3 86 0.6063
15385 3 82 0.6063
15390 3 81 0.6378
15394 4 84 0.6142
15398 4 82 0.6063
15402 4 80 0.6063
15407 4 77 0.6063
15411 4 74 0.6063
15415 4 70 0.6063
15419 3 69 0.6378
15424 4 72 0.6142
15428 4 70 0.6063
15432 4 68 0.6063
15437 4 65 0.6063
15441 4 62 0.6063
15445 4 58 0.5984
15450 6 57 0.6142
15456 6 58 0.6299
15461 6 62 0.6535
15468 6 65 0.6693
15473 6 68 0.6929
15484 1 58 0.6063
15484 1 70 0.7165
15489 4 74 0.5827
15489 4 62 0.5827
15495 4 72 0.6063
15495 4 60 0.5039
15501 4 70 0.6142
15501 4 58 0.5118
15508 4 68 0.6378
15508 4 56 0.5354
15514 4 66 0.6378
15514 4 54 0.5433
15520 4 64 0.6614
15520 4 52 0.5669
15526 4 62 0.6772
15526 4 50 0.5669
15533 4 48 0.5748
15533 4 60 0.6929
15569 12 63 0.5669
15569 12 67 0.5669
15569 12 75 0.6378
15600 12 65 0.6142
15600 12 68 0.6142
15600 12 77 0.685
15629 12 66 0.5669
15629 12 69 0.5669
15629 12 78 0.6378
15660 30 70 0.6142
15660 30 67 0.6142
15660 30 79 0.685
15690 14 63 0.5669
15690 14 75 0.6299
15726 2 58 0.5669
15726 2 70 0.6378
15732 6 65 0.5118
15732 6 77 0.5669
15741 6 62 0.5276
15741 6 74 0.5906
15749 6 58 0.5512
15749 6 70 0.6299
15758 6 55 0.5669
15758 6 67 0.6378
15766 6 51 0.6063
15766 6 63 0.6772
15775 7 48 0.6142
15775 7 60 0.6929
15810 12 63 0.5591
15810 12 67 0.5591
15810 12 75 0.622
15840 12 65 0.5984
15840 12 68 0.5984
15840 12 77 0.6693
15869 12 67 0.5591
15869 12 70 0.5591
15869 12 79 0.622
15900 57 67 0.5197
15900 57 63 0.5197
15900 57 75 0.5827
15960 3 93 0.3228
15963 3 94 0.2835
15967 3 99 0.2992
15971 3 96 0.2835
15974 3 94 0.2835
15977 3 92 0.2835
15981 2 91 0.2598
16050 11 55 0.2283
16050 11 58 0.2283
16050 11 63 0.2598
16079 11 56 0.2441
16079 11 59 0.2441
16079 11 65 0.2835
16110 11 57 0.2362
16110 11 60 0.2362
16110 11 66 0.2756
16140 29 59 0.2362
16140 29 67 0.2756
16169 15 55 0.2205
16169 15 62 0.252
16200 3 94 0.2126
16203 3 95 0.2126
16207 3 103 0.2283
16211 3 102 0.2283
16215 3 100 0.2283
16218 3 98 0.2283
16222 3 96 0.2283
16226 3 95 0.2205
16229 3 93 0.2205
16233 3 91 0.2205
16237 3 90 0.2205
16241 3 88 0.2205
16244 3 86 0.2126
16248 3 84 0.2126
16252 3 83 0.2126
16256 3 81 0.2126
16260 11 79 0.2126
16290 27 60 0.252
16290 27 64 0.252
16290 27 67 0.2835
16319 25 60 0.252
16319 25 68 0.2835
16319 25 65 0.252
16350 27 56 0.2362
16350 27 62 0.2362
16350 27 70 0.2756
16379 56 55 0.2283
16379 56 63 0.2283
16379 56 70 0.2598
16530 25 87 0.2992
16530 25 83 0.2756
16530 25 75 0.2756
16560 25 89 0.3228
16560 25 83 0.2835
16560 25 75 0.2835
16590 22 90 0.3386
16590 22 83 0.2913
16590 22 75 0.2913
16618 62 75 0.2756
16618 61 82 0.2756
16620 30 91 0.2992
16650 15 87 0.2835
16770 30 58 0.2598
16770 30 61 0.2598
16770 30 67 0.2913
16800 27 58 0.2835
16800 27 60 0.2835
16800 27 68 0.3071
16830 22 68 0.2756
16830 22 72 0.3071
16830 30 58 0.2283
16830 30 62 0.2283
16852 7 67 0.2362
16852 7 70 0.2756
16860 59 63 0.2283
16860 59 67 0.2598
16920 3 93 0.2835
16923 3 94 0.252
16928 3 99 0.2756
16931 3 96 0.252
16934 3 94 0.252
16937 3 92 0.2441
16941 2 91 0.2283
17010 25 69 0.2756
17010 25 75 0.2756
17010 25 83 0.2992
17040 25 69 0.2756
17040 25 83 0.3228
17040 25 76 0.2835
17070 22 69 0.2913
17070 22 78 0.2913
17070 22 83 0.3386
17100 29 80 0.3071
17100 29 83 0.3543
17130 15 92 0.3465
17130 15 88 0.2992
17160 3 70 0.2835
17164 3 71 0.252
17167 4 80 0.2835
17172 3 78 0.2756
17176 3 76 0.2598
17180 3 75 0.2598
17183 3 73 0.252
17250 29 61 0.2441
17250 29 67 0.2441
17250 29 70 0.2835
17280 27 62 0.2598
17280 27 68 0.2598
17280 27 70 0.2913
17298 41 62 0.2362
17302 37 68 0.2126
17306 3 74 0.2441
17310 22 72 0.2835
17332 7 70 0.252
17340 57 70 0.2441
17340 57 63 0.2126
17340 57 67 0.2126
17490 29 55 0.252
17490 29 58 0.252
17490 29 61 0.2835
17520 27 56 0.2598
17520 27 58 0.2598
17520 27 62 0.2913
17550 22 56 0.2441
17550 22 60 0.2835
17550 29 62 0.2441
17572 7 55 0.2126
17572 7 58 0.2441
17580 60 55 0.2126
17580 60 51 0.2126
17580 60 63 0.2362
17640 4 93 0.2835
17645 4 94 0.2441
17651 4 99 0.2835
17656 4 96 0.2835
17662 4 94 0.2756
17667 4 92 0.2598
17673 4 91 0.252
17700 3 81 0.2598
17704 3 82 0.2756
17709 4 91 0.2835
17713 3 87 0.2835
17718 3 86 0.2913
17723 3 84 0.2992
17727 3 82 0.3071
17760 4 69 0.3465
17765 4 70 0.3543
17771 4 75 0.3622
17776 4 72 0.3858
17782 4 70 0.4016
17787 4 68 0.4173
17793 4 67 0.4331
17820 3 57 0.4173
17824 3 58 0.4252
17829 4 67 0.4409
17833 4 63 0.4488
17838 3 62 0.4646
17843 3 60 0.4724
17847 3 58 0.4961
17910 30 63 0.5433
17910 30 58 0.4882
17910 30 55 0.4882
17910 30 51 0.4882
17970 30 63 0.5276
17970 30 59 0.4724
17970 30 54 0.4724
17970 30 51 0.4724
18000 29 63 0.5276
18000 29 59 0.4803
18000 29 56 0.4803
18000 29 51 0.4803
18030 30 65 0.5276
18030 30 59 0.4803
18030 30 56 0.4803
18030 30 53 0.4803
18060 119 55 0.5276
18060 119 58 0.5276
18060 119 63 0.5276
18060 119 67 0.5906
18180 60 55 0.5118
18180 60 58 0.5118
18180 60 63 0.5118
18180 60 67 0.5748
18240 59 55 0.5118
18240 59 58 0.5118
18240 59 63 0.5118
18240 59 67 0.5748
18300 240 55 0.5118
18300 240 58 0.5118
18300 240 63 0.5118
18300 240 67 0.5748
472 6 63 0.4488
480 231 63 0.4646
712 6 63 0.4409
719 56 63 0.4567
780 56 63 0.4882
840 56 62 0.4252
840 56 53 0.4252
900 39 53 0.4252
900 39 60 0.5039
941 138 46 0.5118
944 134 53 0.4567
948 131 58 0.4567
1589 30 34 0.6457
1620 4 34 0.3622
1624 4 36 0.3386
1629 4 34 0.378
1633 4 36 0.378
1638 4 34 0.4409
1642 4 36 0.4094
1647 4 34 0.4803
1651 4 36 0.4567
1655 4 34 0.5354
1660 4 36 0.5197
1664 5 34 0.5748
1670 5 33 0.622
1675 5 34 0.5512
1680 7 46 0.6063
1702 22 62 0.4252
1703 21 70 0.4252
1705 19 77 0.4252
1898 4 77 0.2913
1904 4 75 0.2913
1909 4 74 0.2835
1914 4 72 0.2835
1920 11 70 0.3228
1950 11 46 0.2126
1950 11 39 0.2126
1980 11 46 0.2126
1980 11 39 0.2126
2009 11 46 0.2126
2009 11 39 0.2126
2039 60 46 0.2283
2039 60 39 0.2283
2142 3 77 0.2913
2146 3 75 0.2913
2151 3 74 0.2835
2155 4 72 0.2835
2160 11 70 0.3228
2190 11 46 0.2126
2190 11 39 0.2126
2220 11 39 0.2283
2220 11 46 0.2283
2250 11 39 0.2126
2250 11 46 0.2126
2280 57 39 0.2126
2280 57 46 0.2126
2364 2 89 0.2913
2367 2 87 0.2913
2370 3 86 0.2835
2374 2 84 0.2835
2377 3 82 0.2835
2380 3 80 0.2835
2383 3 79 0.2835
2386 3 77 0.2835
2390 3 75 0.2835
2393 3 74 0.2835
2397 2 72 0.2835
2400 11 70 0.3228
2430 11 39 0.2283
2430 11 46 0.2283
2460 11 39 0.252
2460 11 46 0.252
2490 11 39 0.2362
2490 11 46 0.2362
2520 60 39 0.252
2520 60 46 0.252
2609 2 89 0.2913
2612 2 87 0.2913
2615 2 86 0.2835
2618 2 84 0.2835
2620 2 82 0.2835
2623 2 80 0.2835
2626 2 79 0.2835
2629 2 77 0.2835
2631 2 75 0.2835
2634 2 74 0.2835
2637 2 72 0.2835
2640 11 70 0.3228
2670 11 39 0.2441
2670 11 46 0.2441
2700 11 39 0.252
2700 11 47 0.252
2730 11 46 0.2441
2730 11 39 0.2441
2760 57 39 0.2283
2760 57 51 0.2283
2760 57 46 0.2283
2820 4 46 0.4173
2825 4 45 0.4173
2829 4 44 0.4173
2835 4 43 0.4173
2840 4 42 0.4173
2845 4 41 0.4173
2850 4 40 0.4331
2855 4 39 0.4488
2860 4 38 0.4646
2865 4 37 0.4882
2870 4 36 0.4961
2874 4 35 0.5118
2879 7 34 0.6299
2910 11 46 0.3228
2910 11 53 0.3228
2940 11 54 0.3543
2940 11 46 0.3543
2970 11 46 0.3386
2970 11 55 0.3386
3000 59 46 0.3543
3000 29 58 0.3543
3029 15 53 0.3465
3060 4 34 0.4331
3064 4 36 0.4409
3069 4 38 0.4488
3073 4 39 0.4646
3078 4 41 0.4724
3083 4 43 0.4882
3087 4 45 0.4961
3092 4 46 0.4961
3097 4 48 0.5039
3101 4 50 0.5118
3106 4 51 0.5276
3110 4 52 0.5433
3115 4 55 0.5512
3120 149 53 0.4961
3150 11 41 0.3228
3150 11 46 0.3228
3179 11 48 0.3465
3179 11 41 0.3465
3210 11 50 0.3386
3210 11 41 0.3386
3240 60 46 0.3465
3269 15 34 0.378
3320 4 66 0.4567
3325 4 65 0.4567
3329 4 64 0.4724
3335 4 63 0.4961
3390 11 53 0.3465
3390 11 58 0.3465
3390 11 46 0.3465
3419 11 60 0.378
3419 11 54 0.378
3419 11 46 0.378
3450 11 55 0.3543
3450 11 46 0.3543
3450 11 61 0.378
3479 60 53 0.3622
3479 60 46 0.3622
3479 30 62 0.4173
3510 14 58 0.4094
3540 4 46 0.3858
3544 4 48 0.3937
3549 4 50 0.4016
3553 4 51 0.4173
3558 4 53 0.4252
3563 4 55 0.4331
3567 4 57 0.4331
3572 4 58 0.4409
3629 30 53 0.2756
3629 30 59 0.2756
3660 29 53 0.2835
3660 29 60 0.2835
3690 29 53 0.252
3690 22 65 0.2835
3690 29 57 0.252
3712 64 46 0.252
3713 63 53 0.252
3715 62 62 0.2835
3869 4 48 0.4016
3874 5 49 0.4173
3880 4 48 0.4252
3885 4 47 0.4409
3890 5 46 0.4488
3895 4 45 0.4567
3900 11 44 0.4724
3929 4 41 0.4094
3934 4 42 0.4016
3938 4 41 0.3937
3942 4 40 0.3937
3947 4 39 0.3858
3951 4 38 0.378
3955 4 37 0.3622
3960 29 36 0.3228
3990 11 52 0.2835
4110 29 48 0.4016
4110 4 60 0.4016
4115 5 61 0.4173
4120 4 60 0.4252
4125 4 59 0.4409
4130 5 58 0.4488
4135 4 57 0.4567
4140 11 44 0.4724
4140 11 56 0.4724
4170 30 41 0.4094
4170 4 53 0.4094
4174 4 55 0.4016
4178 4 53 0.3937
4182 4 52 0.3937
4187 4 51 0.3858
4191 4 50 0.378
4195 4 49 0.3622
4200 29 48 0.3228
4200 29 36 0.3228
4230 11 64 0.2835
4230 11 55 0.2835
4260 53 72 0.3937
4260 5 80 0.3937
4266 6 79 0.378
4272 5 78 0.3858
4277 6 77 0.3937
4284 5 76 0.4094
4290 5 75 0.4252
4295 6 74 0.4331
4302 5 73 0.4409
4308 11 72 0.4567
4314 5 71 0.4646
4320 7 68 0.4882
4320 7 70 0.4882
4350 4 46 0.4016
4355 5 47 0.4173
4360 4 46 0.4252
4365 4 45 0.4409
4370 5 44 0.4488
4375 4 43 0.4567
4380 11 42 0.4724
4410 4 39 0.4488
4414 4 41 0.4488
4418 4 39 0.4409
4422 4 38 0.4331
4427 4 37 0.4331
4431 4 36 0.4252
4435 4 35 0.4252
4440 29 34 0.4173
4470 11 50 0.3858
4500 5 80 0.3937
4500 60 71 0.3937
4505 6 79 0.378
4512 6 78 0.3858
4518 6 77 0.3937
4524 5 76 0.4094
4530 5 75 0.4252
4535 6 74 0.4331
4542 5 73 0.4409
4548 6 72 0.4567
4554 6 71 0.4646
4560 7 68 0.4882
4560 7 70 0.4882
4586 33 46 0.4646
4590 4 58 0.4646
4595 5 59 0.4724
4600 4 58 0.4882
4605 4 57 0.4882
4609 5 56 0.4961
4615 4 55 0.4961
4620 11 42 0.4961
4620 11 54 0.4961
4646 33 39 0.5039
4650 4 51 0.5039
4654 4 53 0.5039
4658 4 51 0.5039
4662 4 50 0.5039
4666 4 49 0.5039
4671 4 48 0.5039
4675 4 47 0.5039
4676 33 34 0.4882
4677 59 46 0.6063
4710 11 50 0.4094
4710 11 53 0.4094
4740 4 70 0.5669
4740 7 82 0.6299
4750 6 80 0.5433
4750 6 68 0.4882
4759 6 78 0.5591
4759 6 66 0.4961
4770 6 64 0.5118
4770 6 76 0.5748
4780 7 62 0.5276
4780 7 74 0.5984
4790 7 60 0.5512
4790 7 72 0.6142
4800 14 70 0.6614
4800 14 58 0.5984
4830 30 34 0.4961
4830 30 46 0.4961
4830 30 41 0.4961
4860 7 86 0.6299
4860 4 74 0.5669
4870 6 84 0.5433
4870 6 72 0.4882
4880 6 82 0.5591
4880 6 70 0.4961
4890 6 80 0.5748
4890 6 68 0.5118
4900 7 78 0.5984
4900 7 66 0.5276
4909 7 64 0.5512
4909 7 76 0.6142
4920 15 74 0.6614
4920 15 62 0.5984
4950 29 41 0.4961
4950 29 34 0.4961
4950 29 50 0.4961
4980 4 89 0.5827
4980 4 77 0.5197
4990 4 87 0.5827
4990 4 75 0.5197
4999 5 85 0.5984
4999 5 73 0.5276
5010 4 83 0.6063
5010 4 71 0.5433
5020 4 81 0.6142
5020 4 69 0.5512
5030 5 67 0.5591
5030 5 79 0.622
5040 4 65 0.5591
5040 4 77 0.622
5050 4 63 0.5669
5050 4 75 0.6299
5059 5 61 0.5669
5059 5 73 0.6378
5070 6 71 0.6457
5070 5 59 0.5748
5080 6 69 0.6457
5080 6 57 0.5748
5090 6 67 0.6535
5090 6 55 0.5748
5100 6 65 0.6614
5100 6 53 0.5827
5110 6 63 0.6693
5110 6 51 0.5984
5120 6 61 0.6772
5120 6 49 0.6063
5130 6 47 0.6063
5130 6 59 0.6772
5140 7 57 0.685
5140 7 45 0.6142
5149 7 41 0.622
5149 7 53 0.6929
5160 29 46 0.7402
5160 29 34 0.6614
5190 4 33 0.5827
5195 5 34 0.5669
5200 5 38 0.5669
5205 5 41 0.5748
5209 5 44 0.5748
5215 6 46 0.5827
5220 6 50 0.5827
5224 6 53 0.5984
5230 4 56 0.5984
5235 4 58 0.6063
5240 5 62 0.6063
5245 4 65 0.6063
5250 5 68 0.6142
5255 6 70 0.6142
5262 6 74 0.622
5268 6 77 0.6299
5274 5 80 0.6299
5280 3 81 0.6378
5284 3 84 0.6142
5288 3 82 0.6063
5292 3 80 0.6063
5297 3 77 0.6063
5301 3 74 0.6063
5305 3 70 0.6063
5310 3 69 0.6378
5314 4 72 0.6142
5318 4 70 0.6063
5322 4 68 0.6063
5327 4 65 0.6063
5331 4 62 0.6063
5335 4 58 0.6063
5340 3 57 0.6378
5344 4 60 0.6142
5348 4 58 0.6063
5352 4 56 0.6063
5357 4 53 0.6063
5361 4 50 0.6063
5365 4 46 0.5984
5370 6 45 0.6142
5376 6 46 0.6299
5382 6 50 0.6535
5388 6 53 0.6693
5394 5 56 0.6929
5400 3 57 0.7244
5400 3 45 0.5748
5406 4 51 0.5197
5406 4 63 0.6614
5412 4 61 0.6693
5412 4 49 0.5276
5418 4 59 0.685
5418 4 47 0.5512
5425 4 57 0.7087
5425 4 45 0.5669
5431 4 43 0.5669
5431 4 55 0.7087
5437 4 41 0.5748
5437 4 53 0.7244
5443 4 39 0.5748
5443 4 51 0.7323
5449 4 37 0.748
5449 4 49 0.748
5456 5 47 0.7638
5456 5 35 0.7638
5460 11 46 0.7244
5460 11 34 0.5827
5490 12 51 0.4961
5490 12 46 0.4961
5490 12 39 0.4961
5520 12 53 0.5118
5520 12 46 0.5118
5520 12 39 0.5118
5550 12 39 0.4961
5550 12 46 0.4961
5550 12 54 0.4961
5580 30 55 0.6457
5580 60 46 0.5118
5580 60 39 0.5118
5610 14 51 0.622
5640 5 57 0.6693
5640 5 45 0.6693
5648 6 55 0.6378
5648 6 67 0.6378
5657 6 63 0.6535
5657 6 51 0.6535
5665 6 60 0.6693
5665 6 48 0.6693
5673 6 56 0.685
5673 6 44 0.685
5682 6 53 0.7087
5682 6 41 0.7087
5691 6 38 0.7244
5691 6 50 0.7244
5700 11 34 0.7244
5700 11 46 0.7244
5730 12 39 0.5197
5730 12 51 0.5197
5730 12 46 0.5197
5759 12 53 0.5591
5759 12 39 0.5591
5759 12 47 0.5591
5759 12 50 0.5591
5790 12 39 0.5197
5790 12 46 0.5197
5790 12 55 0.5197
5820 57 51 0.5039
5820 57 46 0.5039
5820 57 39 0.5039
5904 3 89 0.2913
5907 3 87 0.2913
5910 2 86 0.2835
5913 3 84 0.2835
5917 3 82 0.2835
5920 2 80 0.2835
5923 3 79 0.2835
5927 3 77 0.2835
5930 2 75 0.2835
5933 3 74 0.2835
5937 3 72 0.2835
5940 11 70 0.3228
5970 11 51 0.2283
6000 11 50 0.252
6030 11 38 0.2362
6059 60 43 0.2283
6059 30 50 0.2283
6090 14 47 0.2126
6120 3 90 0.2126
6123 3 91 0.2126
6127 3 95 0.2283
6131 3 93 0.2283
6134 3 91 0.2283
6138 3 90 0.2283
6142 3 88 0.2283
6146 3 86 0.2205
6150 3 84 0.2205
6153 3 83 0.2205
6157 3 81 0.2205
6161 3 79 0.2205
6165 3 78 0.2126
6168 3 76 0.2126
6172 3 74 0.2126
6176 3 72 0.2126
6180 11 71 0.2126
6209 27 48 0.2205
6240 25 41 0.2441
6270 27 46 0.2362
6270 27 34 0.2362
6300 56 46 0.2362
6300 56 39 0.2362
6359 45 43 0.5748
6359 45 55 0.6457
6405 15 39 0.5591
6405 15 51 0.622
6420 14 36 0.5748
6420 14 48 0.6457
6434 15 35 0.5512
6434 15 47 0.6142
6450 11 36 0.5512
6450 11 48 0.6142
6464 11 38 0.5512
6464 11 50 0.6142
6480 15 39 0.5748
6480 15 51 0.6457
6495 14 38 0.5512
6495 14 50 0.6142
6509 11 39 0.5512
6509 11 51 0.6142
6525 11 41 0.5512
6525 11 53 0.6142
6539 15 43 0.5748
6539 15 55 0.6457
6555 15 42 0.5591
6555 15 54 0.622
6570 11 43 0.5591
6570 11 55 0.622
6584 11 45 0.5591
6584 11 57 0.622
6600 14 47 0.5984
6600 14 59 0.6693
6614 15 45 0.5591
6614 15 57 0.622
6630 11 47 0.5591
6630 11 59 0.622
6645 11 43 0.5591
6645 11 55 0.622
6659 15 48 0.622
6659 15 60 0.6929
6675 14 47 0.5669
6675 14 59 0.6299
6689 11 48 0.5669
6689 11 60 0.6299
6705 11 50 0.5669
6705 11 62 0.6299
6720 14 51 0.6535
6720 14 63 0.7244
6734 15 50 0.5669
6734 15 62 0.6378
6750 11 51 0.5669
6750 11 63 0.6378
6764 11 53 0.5669
6764 11 65 0.6378
6780 15 55 0.6535
6780 15 67 0.7244
6809 22 43 0.5748
6809 22 50 0.5748
6809 22 59 0.6457
6839 45 55 0.5984
6839 45 59 0.5984
6839 45 62 0.5984
6839 45 67 0.6693
6930 29 53 0.4331
6930 59 62 0.4882
6930 59 59 0.4882
6959 29 67 0.5276
6959 60 51 0.4724
6989 30 60 0.5433
7050 29 50 0.4331
7050 29 59 0.4331
7050 59 56 0.4882
7080 29 63 0.5276
7080 29 48 0.4724
7109 29 51 0.4409
7109 29 55 0.4409
7109 29 60 0.4961
7125 134 44 0.4409
7139 15 63 0.4724
7139 15 67 0.5276
7155 12 62 0.4488
7155 12 65 0.5039
7170 14 62 0.4488
7170 14 65 0.5039
7184 12 60 0.4488
7184 12 63 0.5039
7200 14 60 0.4882
7200 14 63 0.5433
7214 12 58 0.4488
7214 12 62 0.5039
7230 15 58 0.4488
7230 15 62 0.5039
7245 12 56 0.4488
7245 12 60 0.5039
7259 15 60 0.5276
7259 15 56 0.4724
7275 11 55 0.4646
7275 11 59 0.5197
7289 15 43 0.5512
7289 15 55 0.6142
7409 15 31 0.5591
7439 90 36 0.5748
7470 29 43 0.5512
7500 89 38 0.5748
7530 29 35 0.5591
7559 90 50 0.5748
7589 15 41 0.5591
7620 89 39 0.5039
7650 14 43 0.5748
7680 45 55 0.6063
7709 15 48 0.5433
7725 14 56 0.5039
7739 30 48 0.5433
7739 60 50 0.6063
7770 29 47 0.5669
7800 45 67 0.6693
7800 45 59 0.5276
7800 45 62 0.5276
7800 45 55 0.5276
7845 11 55 0.4724
7845 11 67 0.5984
7859 11 56 0.4961
7859 11 68 0.622
7875 11 67 0.5984
7875 11 55 0.4724
7889 11 68 0.5984
7889 11 56 0.4724
7905 11 62 0.5984
7905 11 50 0.4724
7920 11 55 0.4961
7920 11 67 0.622
7934 11 54 0.4724
7934 11 66 0.5984
7950 11 55 0.4724
7950 11 67 0.5984
7964 11 60 0.5984
7964 11 48 0.4724
7980 11 65 0.622
7980 11 53 0.4961
7995 11 52 0.4882
7995 11 64 0.6063
8009 11 65 0.6063
8009 11 53 0.4882
8025 11 47 0.4882
8025 11 59 0.6063
8039 11 63 0.622
8039 11 51 0.4961
8055 11 62 0.5984
8055 11 50 0.4724
8070 11 63 0.5984
8070 11 51 0.4724
8084 11 60 0.5984
8084 11 48 0.4724
8100 11 46 0.4724
8100 11 58 0.5984
8114 11 44 0.4488
8114 11 56 0.5669
8130 11 43 0.4488
8130 11 55 0.5669
8145 11 41 0.4488
8145 11 53 0.5669
8159 11 39 0.4882
8159 11 51 0.6063
8175 11 55 0.5669
8175 11 43 0.4488
8189 11 41 0.4488
8189 11 53 0.5669
8205 12 50 0.5669
8205 11 38 0.4488
8220 14 47 0.5984
8220 14 35 0.4724
8235 12 48 0.5827
8235 12 36 0.4646
8250 22 55 0.5118
8250 22 51 0.5118
8250 22 60 0.6457
8280 45 34 0.6142
8280 45 46 0.685
8310 29 41 0.4646
8310 29 44 0.5197
8325 14 34 0.5512
8325 14 46 0.6142
8340 15 34 0.5748
8340 15 46 0.6457
8355 15 33 0.4882
8355 15 45 0.5433
8370 14 34 0.5039
8370 14 46 0.5669
8385 15 38 0.5276
8385 15 50 0.5984
8400 14 41 0.5512
8400 14 53 0.6142
8415 15 46 0.5669
8415 15 58 0.6378
8430 15 50 0.5827
8430 15 62 0.6614
8445 14 53 0.6063
8445 14 65 0.6772
8460 15 68 0.7087
8460 15 56 0.6299
8475 14 53 0.5748
8475 14 65 0.6457
8490 22 50 0.4961
8490 22 56 0.4961
8490 22 58 0.4961
8490 22 62 0.5591
8520 44 34 0.6142
8520 44 46 0.685
8550 29 41 0.4646
8550 29 44 0.5197
8565 15 34 0.5512
8565 15 46 0.6142
8580 15 34 0.5748
8580 15 46 0.6457
8595 14 33 0.4882
8595 14 45 0.5433
8610 15 34 0.5039
8610 15 46 0.5669
8625 14 38 0.5276
8625 14 50 0.5984
8640 15 41 0.5512
8640 15 53 0.6142
8655 15 46 0.5669
8655 15 58 0.6378
8670 14 50 0.5827
8670 14 62 0.6614
8685 15 53 0.6063
8685 15 65 0.6772
8700 14 68 0.7087
8700 14 56 0.6299
8715 11 53 0.5748
8715 11 65 0.6457
8730 22 47 0.4961
8730 22 53 0.4961
8730 22 56 0.4961
8730 22 59 0.5591
8760 45 43 0.7087
8760 45 55 0.7087
8805 15 39 0.5512
8805 15 51 0.5512
8820 11 36 0.5748
8820 11 48 0.5748
8835 11 35 0.5512
8835 11 47 0.5512
8850 22 39 0.4016
8850 22 43 0.4016
8850 14 36 0.5512
8850 14 48 0.5512
8865 15 38 0.5512
8865 15 50 0.5512
8880 59 43 0.4252
8880 59 48 0.4252
8880 11 39 0.5669
8880 11 51 0.5669
8895 11 38 0.5512
8895 11 50 0.5512
8910 15 39 0.5512
8910 15 51 0.5512
8925 14 41 0.5512
8925 14 53 0.5512
8940 22 50 0.4252
8940 22 48 0.4252
8940 11 43 0.5669
8940 11 55 0.5669
8955 12 42 0.5512
8955 12 54 0.5512
8970 22 47 0.4252
8970 22 50 0.4252
8970 14 43 0.5512
8970 14 55 0.5512
8985 15 57 0.5512
8985 15 45 0.5512
9000 11 47 0.5827
9000 11 59 0.5827
9015 13 45 0.5512
9015 13 57 0.5512
9030 22 50 0.4252
9030 22 53 0.4252
9030 15 47 0.5512
9030 15 59 0.5512
9045 14 43 0.5512
9045 14 55 0.5512
9060 22 51 0.4724
9060 12 48 0.622
9060 12 60 0.622
9075 14 47 0.5433
9075 14 59 0.5433
9090 22 55 0.4724
9090 22 51 0.4724
9090 15 48 0.5512
9090 15 60 0.5512
9105 15 50 0.5669
9105 15 62 0.5669
9120 22 60 0.4961
9120 22 55 0.4961
9120 12 51 0.6378
9120 12 63 0.6378
9135 15 50 0.5512
9135 15 62 0.5512
9150 22 56 0.4961
9150 22 60 0.4961
9150 14 51 0.5669
9150 14 63 0.5669
9165 15 53 0.5748
9165 15 65 0.5748
9180 15 59 0.6378
9180 15 55 0.6378
9180 15 67 0.6378
9210 22 43 0.5433
9210 22 50 0.5433
9210 22 55 0.5433
9240 45 67 0.6299
9240 45 62 0.5669
9240 45 59 0.5669
9240 45 55 0.5669
9285 15 43 0.5039
9285 15 55 0.5669
9300 14 41 0.5197
9300 14 47 0.5197
9300 14 53 0.5827
9315 15 40 0.5039
9315 15 52 0.5669
9330 15 41 0.5039
9330 15 47 0.5039
9330 15 53 0.5669
9345 14 47 0.5039
9345 14 59 0.5669
9360 15 39 0.5197
9360 15 51 0.5827
9375 14 38 0.5039
9375 14 50 0.5669
9390 15 39 0.5039
9390 15 48 0.5669
9390 15 51 0.5669
9405 15 44 0.5039
9405 15 56 0.5669
9420 14 38 0.5197
9420 14 44 0.5197
9420 14 50 0.5827
9435 15 37 0.5039
9435 15 49 0.5669
9450 11 38 0.5039
9450 11 43 0.5039
9450 11 50 0.5669
9465 15 43 0.5039
9465 15 55 0.5669
9480 15 36 0.5197
9480 15 48 0.5827
9495 14 35 0.5039
9495 14 47 0.5669
9510 11 36 0.5039
9510 11 43 0.5039
9510 11 48 0.5669
9525 14 39 0.5039
9525 14 51 0.5669
9540 30 41 0.5197
9540 30 53 0.5827
9570 11 51 0.5039
9570 11 63 0.5669
9585 11 50 0.5039
9585 11 62 0.5669
9600 11 48 0.5276
9600 11 60 0.5984
9615 11 43 0.5039
9615 11 55 0.5669
9630 11 44 0.5039
9630 11 56 0.5669
9645 12 43 0.5039
9645 12 55 0.5669
9660 15 35 0.5039
9660 15 47 0.5669
9675 11 36 0.4961
9675 11 48 0.5591
9690 22 48 0.5512
9690 22 51 0.5512
9690 22 55 0.5512
9690 22 60 0.6142
9900 14 35 0.5433
9900 14 47 0.6063
9915 11 36 0.4961
9915 11 48 0.5591
9930 22 56 0.4331
9930 22 48 0.4331
9930 22 54 0.4331
9930 22 63 0.4961
10012 7 63 0.4409
10020 119 63 0.4882
10140 7 35 0.4252
10140 7 47 0.4724
10155 7 36 0.4016
10155 7 48 0.4488
10170 22 42 0.3622
10170 22 54 0.4173
10200 59 69 0.4016
10200 59 66 0.3543
10200 59 63 0.3543
10260 60 62 0.3465
10260 60 65 0.3465
10260 60 69 0.3858
10320 7 40 0.3543
10320 7 52 0.4567
10335 11 41 0.3543
10335 11 53 0.4488
10350 29 65 0.4173
10350 29 53 0.3307
10440 45 34 0.378
10440 45 46 0.4252
10470 29 41 0.3622
10470 29 44 0.3622
10485 11 34 0.378
10485 11 46 0.378
10500 7 34 0.3543
10500 7 46 0.3937
10515 7 33 0.3543
10515 7 45 0.4094
10530 7 34 0.3543
10530 7 46 0.4094
10545 7 38 0.3622
10545 7 50 0.4173
10560 7 41 0.3858
10560 7 53 0.4331
10575 7 46 0.4016
10575 7 58 0.4488
10590 7 50 0.4016
10590 7 62 0.4488
10605 7 53 0.4094
10605 7 65 0.4567
10620 7 68 0.4724
10620 7 56 0.4252
10635 7 53 0.4016
10635 7 65 0.4488
10650 14 50 0.3465
10650 14 62 0.3858
10897 7 68 0.2992
10905 7 62 0.3071
10912 7 53 0.3307
10920 29 46 0.3465
11017 7 56 0.2756
11025 7 53 0.2835
11032 7 47 0.2992
11040 30 39 0.3071
11130 7 80 0.2835
11137 7 77 0.2835
11145 7 71 0.2835
11152 7 70 0.2835
11190 7 56 0.2835
11197 7 53 0.2835
11205 7 47 0.2835
11212 7 46 0.2835
11271 38 62 0.2441
11272 37 69 0.252
11273 36 72 0.2598
11274 35 78 0.2756
11332 37 58 0.252
11333 36 65 0.2598
11335 35 68 0.2756
11336 33 74 0.2835
11519 7 59 0.2835
11525 7 60 0.2756
11529 7 59 0.2835
11535 7 60 0.2756
11540 7 59 0.2835
11544 7 60 0.2756
11550 5 59 0.2835
11553 5 60 0.2756
11557 7 59 0.2913
11565 9 58 0.2835
11572 7 59 0.2835
11640 7 61 0.3228
11645 7 62 0.2913
11649 7 61 0.3307
11655 7 62 0.2913
11660 7 61 0.3386
11665 7 62 0.2992
11669 5 61 0.3465
11673 5 62 0.3071
11677 5 61 0.3465
11681 5 62 0.3071
11685 5 61 0.3465
11688 5 62 0.3228
11692 5 61 0.3543
11696 5 62 0.3228
11700 7 61 0.3543
11705 7 62 0.3228
11710 7 61 0.3543
11715 7 62 0.3071
11720 7 61 0.3543
11724 7 62 0.3071
11730 5 61 0.3465
11733 5 62 0.2992
11737 5 61 0.3386
11741 5 62 0.2913
11744 5 61 0.3228
11748 5 62 0.2913
11752 5 61 0.3228
11756 5 62 0.2835
11760 7 61 0.3228
11765 7 62 0.2835
11769 7 61 0.2992
11775 7 62 0.2756
11780 7 61 0.2835
11785 7 62 0.2598
11790 5 61 0.2835
11793 5 62 0.252
11797 7 61 0.2598
11805 7 60 0.2283
11812 7 61 0.2047
11978 4 77 0.2913
11983 4 75 0.2913
11989 4 74 0.2835
11994 4 72 0.2835
12000 11 70 0.3228
12030 11 39 0.2126
12030 11 46 0.2126
12060 11 39 0.2126
12060 11 46 0.2126
12090 11 39 0.2126
12090 11 46 0.2126
12119 60 39 0.2283
12119 60 46 0.2283
12222 3 77 0.2913
12226 3 75 0.2913
12230 3 74 0.2835
12235 4 72 0.2835
12240 11 70 0.3228
12269 11 39 0.2126
12269 11 46 0.2126
12300 11 39 0.2283
12300 11 46 0.2283
12330 11 39 0.2126
12330 11 46 0.2126
12360 57 39 0.2126
12360 57 46 0.2126
12444 3 89 0.2913
12447 3 87 0.2913
12450 3 86 0.2835
12454 3 84 0.2835
12457 3 82 0.2835
12460 2 80 0.2835
12463 3 79 0.2835
12466 3 77 0.2835
12470 2 75 0.2835
12473 2 74 0.2835
12476 3 72 0.2835
12480 11 70 0.3228
12510 11 39 0.2283
12510 11 46 0.2283
12540 11 39 0.252
12540 11 46 0.252
12569 11 39 0.2362
12569 11 46 0.2362
12600 59 39 0.252
12600 59 46 0.252
12689 2 89 0.2913
12692 2 87 0.2913
12695 2 86 0.2835
12697 2 84 0.2835
12700 2 82 0.2835
12703 2 80 0.2835
12706 2 79 0.2835
12708 2 77 0.2835
12711 2 75 0.2835
12714 2 74 0.2835
12717 2 72 0.2835
12719 11 70 0.3228
12750 11 39 0.2441
12750 11 46 0.2441
12780 11 39 0.252
12780 11 47 0.252
12810 11 39 0.2441
12810 11 46 0.2441
12840 57 51 0.2283
12840 57 39 0.2283
12840 57 46 0.2283
12900 4 46 0.4173
12905 4 45 0.4173
12910 4 44 0.4173
12915 4 43 0.4173
12919 4 42 0.4173
12925 4 41 0.4173
12929 4 40 0.4409
12935 4 39 0.4567
12939 4 38 0.4724
12944 4 37 0.4961
12950 4 36 0.5039
12954 4 35 0.5197
12960 7 34 0.6535
12990 11 53 0.3228
12990 11 46 0.3228
13019 11 46 0.3543
13019 11 54 0.3543
13050 11 55 0.3386
13050 11 46 0.3386
13079 29 58 0.3543
13079 60 46 0.3543
13110 15 53 0.3465
13140 4 34 0.4331
13144 4 36 0.4409
13149 4 38 0.4488
13153 4 39 0.4646
13158 4 41 0.4724
13163 4 43 0.4882
13167 4 45 0.4961
13172 4 46 0.4961
13177 4 48 0.5039
13181 4 50 0.5118
13186 4 51 0.5276
13190 4 52 0.5433
13195 4 55 0.5512
13200 150 53 0.4961
13229 11 46 0.3228
13229 11 41 0.3228
13260 11 41 0.3465
13260 11 48 0.3465
13290 11 50 0.3386
13290 11 41 0.3386
13319 59 46 0.3465
13350 15 34 0.378
13400 4 66 0.4567
13404 4 65 0.4567
13410 4 64 0.4724
13415 4 63 0.4961
13469 11 58 0.2992
13469 11 53 0.2992
13469 11 46 0.2992
13500 11 60 0.3386
13500 11 46 0.3386
13500 11 54 0.3386
13529 11 61 0.3386
13529 11 55 0.3228
13529 11 46 0.3228
13560 59 53 0.3307
13560 30 62 0.3307
13560 59 46 0.3307
13590 14 58 0.3228
13619 4 46 0.3858
13624 4 48 0.3937
13629 4 50 0.4016
13633 4 51 0.4173
13638 4 53 0.4252
13643 4 55 0.4331
13647 4 57 0.4331
13652 4 58 0.4409
13710 30 53 0.2756
13710 30 59 0.2756
13740 29 60 0.2835
13740 29 53 0.2835
13769 30 65 0.2835
13769 30 53 0.252
13769 30 57 0.252
13792 65 46 0.252
13793 63 53 0.252
13794 62 62 0.2835
13950 5 48 0.4016
13955 4 49 0.4173
13960 5 48 0.4252
13965 4 47 0.4409
13969 5 46 0.4488
13975 4 45 0.4567
13979 11 44 0.4724
14010 4 41 0.4094
14014 4 43 0.4016
14018 4 41 0.3937
14022 4 40 0.3937
14026 4 39 0.3858
14031 4 38 0.378
14035 4 37 0.3622
14040 29 36 0.3543
14069 11 52 0.3071
14190 29 48 0.4016
14190 4 60 0.4016
14194 5 61 0.4173
14200 4 60 0.4252
14204 5 59 0.4409
14210 4 58 0.4488
14214 5 57 0.4567
14219 11 44 0.4252
14219 11 56 0.4724
14250 29 41 0.4094
14250 4 53 0.4094
14254 4 55 0.4016
14258 4 53 0.3937
14262 4 52 0.3937
14266 4 51 0.3858
14271 4 50 0.378
14275 4 49 0.3622
14279 30 36 0.3228
14279 30 48 0.3543
14310 11 55 0.2835
14310 11 64 0.3071
14340 53 72 0.3937
14340 5 80 0.3937
14345 6 79 0.378
14351 6 78 0.3858
14358 5 77 0.3937
14363 6 76 0.4094
14369 6 75 0.4252
14376 6 74 0.4331
14382 6 73 0.4409
14388 12 72 0.4567
14394 6 71 0.4646
14400 7 70 0.4882
14400 7 68 0.4882
14429 5 46 0.4016
14435 4 47 0.4173
14439 5 46 0.4252
14444 5 45 0.4409
14450 4 44 0.4488
14454 5 43 0.4567
14460 11 42 0.4724
14490 4 39 0.4488
14494 4 41 0.4488
14498 4 39 0.4409
14502 4 38 0.4331
14507 4 37 0.4331
14511 4 36 0.4252
14515 4 35 0.4252
14519 30 34 0.4173
14550 11 50 0.3858
14579 60 71 0.3937
14579 6 80 0.3937
14585 6 79 0.378
14591 6 78 0.3858
14597 6 77 0.3937
14604 6 76 0.4094
14610 6 75 0.4252
14616 6 74 0.4331
14622 6 73 0.4409
14628 6 72 0.4567
14634 6 71 0.4646
14640 7 70 0.4882
14640 7 68 0.4882
14666 33 46 0.4173
14669 5 58 0.4646
14675 4 59 0.4724
14679 5 58 0.4882
14685 5 57 0.4882
14690 4 56 0.4961
14694 5 55 0.4961
14700 11 42 0.4409
14700 11 54 0.4961
14726 33 39 0.4488
14729 4 51 0.5039
14734 4 53 0.5039
14738 4 51 0.5039
14742 4 50 0.5039
14747 4 49 0.5039
14751 4 48 0.5039
14755 4 47 0.5039
14756 33 34 0.5433
14757 60 46 0.6063
14790 11 53 0.5118
14790 11 50 0.4567
14819 5 70 0.5669
14819 7 82 0.6299
14829 6 68 0.5433
14829 6 80 0.5433
14840 6 66 0.4961
14840 6 78 0.5591
14850 6 64 0.5118
14850 6 76 0.5748
14860 7 62 0.5276
14860 7 74 0.5984
14869 7 60 0.5591
14869 7 72 0.622
14879 15 58 0.6378
14879 15 70 0.7087
14910 30 34 0.5039
14910 30 41 0.5039
14910 30 46 0.5039
14940 7 74 0.5669
14940 7 86 0.6299
14950 6 72 0.4882
14950 6 84 0.5433
14960 6 70 0.4961
14960 6 82 0.5591
14969 6 68 0.5118
14969 6 80 0.5748
14979 7 66 0.5276
14979 7 78 0.5984
14990 7 64 0.5591
14990 7 76 0.622
15000 15 62 0.6378
15000 15 74 0.7087
15029 30 34 0.5039
15029 30 41 0.5039
15029 30 50 0.5039
15060 5 77 0.5197
15060 5 89 0.5827
15069 5 75 0.5197
15069 5 87 0.5827
15080 4 73 0.5276
15080 4 85 0.5984
15090 4 71 0.5433
15090 4 83 0.6063
15100 4 69 0.5512
15100 4 81 0.6142
15110 4 67 0.5591
15110 4 79 0.622
15119 5 65 0.5591
15119 5 77 0.622
15129 5 63 0.5669
15129 5 75 0.6299
15140 4 61 0.5669
15140 5 73 0.6378
15150 5 59 0.5748
15150 6 71 0.6457
15160 6 57 0.5748
15160 6 69 0.6457
15169 6 55 0.5748
15169 6 67 0.6535
15179 6 53 0.5827
15179 6 65 0.6614
15189 6 51 0.5984
15189 6 63 0.6693
15200 6 49 0.6063
15200 6 61 0.6772
15210 6 47 0.6063
15210 6 59 0.6772
15219 7 45 0.6142
15219 7 57 0.685
15230 7 41 0.622
15230 7 53 0.6929
15240 29 34 0.6614
15240 29 46 0.7402
15269 5 33 0.5827
15275 4 34 0.5669
15279 5 38 0.5669
15285 5 41 0.5748
15290 5 44 0.5748
15294 6 46 0.5827
15300 6 50 0.5827
15305 6 53 0.5984
15310 5 56 0.5984
15315 4 58 0.6063
15319 5 62 0.6063
15325 4 65 0.6063
15329 6 68 0.6142
15335 6 70 0.6142
15341 6 74 0.622
15347 6 77 0.6299
15354 6 80 0.6299
15360 3 81 0.6378
15364 3 84 0.6142
15368 3 82 0.6063
15372 3 80 0.6063
15377 3 77 0.6063
15381 3 74 0.6063
15385 3 70 0.6063
15390 3 69 0.6378
15394 4 72 0.6142
15398 4 70 0.6063
15402 4 68 0.6063
15407 4 65 0.6063
15411 4 62 0.6063
15415 4 58 0.6063
15419 3 57 0.6378
15424 4 60 0.6142
15428 4 58 0.6063
15432 4 56 0.6063
15437 4 53 0.6063
15441 4 50 0.6063
15445 4 46 0.5984
15450 6 45 0.6142
15456 6 46 0.6299
15461 6 50 0.6535
15468 6 53 0.6693
15473 6 56 0.6929
15479 3 45 0.5748
15479 3 57 0.7244
15486 4 51 0.4646
15486 4 63 0.5906
15492 4 49 0.4724
15492 4 61 0.5984
15498 4 47 0.4961
15498 4 59 0.6142
15505 4 45 0.5039
15505 4 57 0.6378
15511 4 43 0.5118
15511 4 55 0.6378
15517 4 41 0.5197
15517 4 53 0.6614
15523 4 39 0.5433
15523 4 51 0.685
15529 4 49 0.7008
15529 4 37 0.7008
15536 5 35 0.5669
15536 5 47 0.7087
15540 11 34 0.5433
15540 11 46 0.685
15569 12 51 0.5591
15569 12 39 0.5591
15569 12 46 0.5591
15600 12 53 0.5748
15600 12 39 0.5748
15600 12 46 0.5748
15629 12 54 0.5591
15629 12 39 0.5591
15629 12 46 0.5591
15660 30 55 0.5748
15660 59 39 0.5748
15660 59 46 0.5748
15690 14 51 0.5591
15719 5 45 0.5591
15719 5 57 0.6299
15728 6 55 0.5276
15728 6 67 0.5984
15737 6 51 0.5354
15737 6 63 0.6142
15745 6 48 0.5669
15745 6 60 0.6378
15754 6 44 0.5906
15754 6 56 0.6614
15762 6 41 0.6142
15762 6 53 0.6772
15771 6 38 0.6299
15771 6 50 0.7008
15779 11 34 0.6378
15779 11 46 0.7087
15810 12 51 0.5827
15810 12 39 0.5197
15810 12 46 0.5197
15840 12 50 0.622
15840 12 53 0.622
15840 12 39 0.5591
15840 12 47 0.5591
15869 12 55 0.5827
15869 12 39 0.5197
15869 12 46 0.5197
15900 57 51 0.5669
15900 57 39 0.5039
15900 57 46 0.5039
15984 3 89 0.2913
15987 3 87 0.2913
15990 3 86 0.2835
15994 3 84 0.2835
15997 3 82 0.2835
16000 3 80 0.2835
16003 2 79 0.2835
16007 2 77 0.2835
16010 3 75 0.2835
16013 3 74 0.2835
16016 3 72 0.2835
16019 11 70 0.3228
16050 11 51 0.2283
16079 11 50 0.252
16110 11 38 0.2362
16140 59 43 0.2283
16140 29 50 0.2283
16169 15 47 0.2126
16200 3 90 0.2126
16203 3 91 0.2126
16207 3 95 0.2283
16211 3 93 0.2283
16215 3 91 0.2283
16218 3 90 0.2283
16222 3 88 0.2283
16226 3 86 0.2205
16229 3 84 0.2205
16233 3 83 0.2205
16237 3 81 0.2205
16241 3 79 0.2205
16244 3 78 0.2126
16248 3 76 0.2126
16252 3 74 0.2126
16256 3 72 0.2126
16260 11 71 0.2126
16290 27 48 0.252
16319 25 41 0.2835
16350 27 34 0.2756
16350 27 46 0.2756
16379 56 39 0.2756
16379 56 46 0.2756
16440 4 57 0.3071
16445 4 58 0.3386
16450 4 63 0.3465
16455 4 62 0.3386
16460 4 60 0.3386
16465 4 58 0.3307
16470 4 56 0.3228
16474 4 55 0.3228
16480 4 53 0.3071
16485 4 51 0.3071
16489 4 50 0.3071
16495 4 48 0.3071
16500 119 47 0.3307
16530 25 39 0.1969
16530 25 45 0.1969
16530 25 54 0.2205
16560 25 39 0.2126
16560 25 45 0.2126
16560 25 54 0.2441
16590 22 39 0.2126
16590 22 45 0.2126
16590 22 54 0.2441
16613 36 39 0.2283
16615 34 46 0.2598
16616 33 55 0.2598
16680 3 57 0.2913
16684 3 58 0.3228
16688 3 67 0.3307
16692 3 65 0.3307
16697 3 63 0.3307
16701 3 62 0.3307
16705 3 60 0.3228
16709 3 58 0.3228
16714 3 56 0.3228
16718 3 55 0.3228
16722 3 53 0.3071
16726 3 51 0.3071
16731 3 50 0.3071
16735 4 48 0.2913
16740 179 46 0.3228
16770 30 40 0.2756
16800 27 41 0.2913
16830 30 34 0.2598
16860 59 39 0.252
16944 3 89 0.2598
16947 3 87 0.2598
16950 3 86 0.252
16954 3 84 0.252
16957 3 82 0.252
16960 3 80 0.252
16963 2 79 0.252
16967 2 77 0.252
16970 3 75 0.252
16973 3 74 0.252
16977 3 72 0.252
16980 120 71 0.2835
17010 25 59 0.2441
17010 25 66 0.2835
17040 25 59 0.2441
17040 25 64 0.2835
17070 25 59 0.2441
17070 22 63 0.2835
17100 29 64 0.2835
17100 29 68 0.3071
17130 15 71 0.2283
17130 15 76 0.2598
17187 4 71 0.252
17192 3 69 0.252
17196 3 68 0.252
17200 3 66 0.252
17204 4 64 0.252
17208 3 63 0.252
17212 3 61 0.252
17216 3 59 0.252
17220 120 58 0.2756
17250 29 52 0.252
17280 27 53 0.2835
17310 30 46 0.2441
17340 57 51 0.2126
17400 3 57 0.2835
17404 3 58 0.2992
17408 3 67 0.2992
17412 3 65 0.2992
17417 3 63 0.2992
17421 3 62 0.2992
17425 3 60 0.2992
17429 3 58 0.2992
17434 3 56 0.2992
17438 3 55 0.2992
17442 3 53 0.2913
17446 3 51 0.2913
17451 3 50 0.2913
17455 4 48 0.2835
17460 180 46 0.2992
17490 29 40 0.2598
17520 27 41 0.2835
17550 29 34 0.2441
17580 60 39 0.2047
17678 4 89 0.2598
17684 4 87 0.2598
17689 4 86 0.252
17695 4 84 0.252
17732 3 80 0.2992
17737 3 79 0.3071
17741 3 77 0.3228
17746 3 75 0.3307
17750 3 74 0.3386
17755 3 72 0.3543
17798 4 65 0.4331
17804 4 63 0.4488
17809 4 62 0.4646
17815 4 60 0.4882
17852 4 56 0.4882
17857 3 55 0.4961
17861 3 53 0.5118
17866 3 51 0.5276
17870 4 50 0.5433
17875 3 48 0.5591
17880 60 46 0.6772
17910 30 37 0.4882
17910 30 39 0.4882
17940 59 47 0.6378
17970 30 35 0.4724
17970 30 39 0.4724
18000 29 32 0.4803
18000 29 39 0.4803
18000 29 47 0.5669
18030 30 32 0.4803
18030 30 39 0.4803
18030 30 44 0.5669
18060 119 27 0.4803
18060 119 34 0.4803
18060 119 39 0.5433
18180 60 27 0.4803
18180 60 34 0.4803
18180 60 39 0.5433
18240 59 27 0.4803
18240 59 34 0.4803
18240 59 39 0.5433
18300 240 27 0.4803
18300 240 34 0.4803
18300 240 39 0.5433
