52 26 57 0.2441
52 26 50 0.2441
78 26 50 0.2441
78 26 57 0.2441
105 26 50 0.2835
105 26 57 0.2835
262 26 50 0.2441
262 26 57 0.2441
288 26 50 0.2441
288 26 57 0.2441
315 26 50 0.2756
315 26 57 0.2756
393 8 69 0.3071
402 8 71 0.3071
411 8 69 0.3228
420 52 66 0.3465
446 26 69 0.3465
472 6 66 0.3307
472 6 74 0.3543
498 6 78 0.3307
498 6 66 0.3543
525 26 76 0.3543
525 52 66 0.2913
551 26 74 0.3307
577 6 66 0.3307
603 6 69 0.3228
603 6 66 0.3228
630 26 71 0.3543
630 26 69 0.3543
630 26 66 0.3543
682 26 66 0.3228
682 26 69 0.3228
682 26 71 0.3228
721 13 66 0.3228
721 13 71 0.3228
721 13 69 0.3228
735 52 71 0.3228
735 52 69 0.3228
735 52 66 0.3228
787 6 62 0.3307
787 6 66 0.3307
813 6 62 0.3307
813 6 68 0.3307
813 6 66 0.3307
840 52 62 0.3543
840 52 66 0.3543
840 26 69 0.3543
866 26 71 0.3307
892 6 66 0.3465
892 6 62 0.3465
918 6 62 0.3465
918 6 68 0.3465
918 6 66 0.3465
945 26 69 0.3543
945 52 62 0.3543
945 52 66 0.3543
971 26 71 0.3307
997 13 62 0.3465
997 13 66 0.3465
1023 6 66 0.3465
1023 6 62 0.3465
1023 6 68 0.3465
1050 26 62 0.3701
1050 26 64 0.3701
1050 26 69 0.3701
1102 26 61 0.3307
1102 26 69 0.3307
1141 13 69 0.3307
1141 13 61 0.3307
1155 26 69 0.3307
1155 26 61 0.3307
1233 8 73 0.3465
1242 8 74 0.3465
1251 8 73 0.3465
1260 52 71 0.3701
1286 26 74 0.3701
1312 6 79 0.3858
1312 6 71 0.3858
1338 6 83 0.3543
1338 6 71 0.3543
1365 26 81 0.378
1365 52 71 0.3228
1391 26 79 0.3307
1417 6 71 0.3307
1417 6 67 0.3307
1443 6 67 0.3307
1443 6 71 0.3307
1443 6 74 0.3307
1470 26 78 0.3622
1470 26 74 0.3622
1470 26 71 0.3622
1470 26 67 0.3622
1522 26 78 0.3307
1522 26 74 0.3307
1522 26 71 0.3307
1522 26 67 0.3307
1561 13 78 0.3307
1561 13 74 0.3307
1561 13 71 0.3307
1561 13 67 0.3307
1575 52 78 0.3307
1575 52 74 0.3307
1575 52 67 0.3307
1575 52 71 0.3307
1627 6 71 0.3307
1627 6 67 0.3307
1653 6 73 0.3307
1653 6 71 0.3307
1653 6 67 0.3307
1680 26 74 0.3622
1680 52 67 0.3622
1680 52 71 0.3622
1706 26 76 0.3307
1732 6 71 0.3543
1732 6 67 0.3543
1758 6 67 0.3543
1758 6 71 0.3543
1758 6 73 0.3543
1785 26 74 0.3701
1785 52 67 0.3701
1785 52 71 0.3701
1811 26 76 0.3465
1837 6 71 0.3543
1837 6 67 0.3543
1863 6 67 0.3543
1863 6 71 0.3543
1863 6 73 0.3543
1890 26 74 0.3858
1890 26 69 0.3858
1890 26 67 0.3858
1942 26 74 0.3543
1942 26 66 0.3543
1981 13 74 0.3543
1981 13 66 0.3543
1995 26 74 0.3543
1995 26 66 0.3543
2152 26 62 0.2126
2152 26 69 0.2126
2178 26 62 0.2126
2178 26 69 0.2126
2205 26 62 0.2598
2205 26 69 0.2598
2362 26 62 0.2126
2362 26 69 0.2126
2388 26 62 0.2126
2388 26 69 0.2126
2415 26 62 0.2441
2415 26 69 0.2441
2493 8 81 0.2756
2502 8 83 0.2756
2511 8 81 0.2835
2520 52 78 0.3071
2546 26 81 0.3071
2572 6 78 0.3071
2572 6 86 0.3071
2598 6 90 0.2913
2598 6 78 0.2913
2625 26 88 0.3228
2625 52 78 0.2598
2651 26 86 0.2913
2677 6 78 0.2913
2703 6 81 0.2835
2703 6 78 0.2835
2730 26 78 0.3071
2730 26 81 0.3071
2730 26 83 0.3071
2782 26 78 0.2913
2782 26 81 0.2913
2782 26 83 0.2913
2822 13 83 0.2913
2822 13 78 0.2913
2822 13 81 0.2913
2835 52 78 0.2913
2835 52 81 0.2913
2835 52 83 0.2913
2887 6 74 0.2992
2887 6 78 0.2992
2913 6 74 0.2992
2913 6 80 0.2992
2913 6 78 0.2992
2940 26 81 0.3228
2940 52 78 0.3228
2940 52 74 0.3228
2966 26 83 0.2913
2992 6 78 0.3071
2992 6 74 0.3071
3018 6 80 0.2992
3018 6 74 0.2992
3018 6 78 0.2992
3045 52 78 0.3228
3045 52 74 0.3228
3045 26 81 0.3228
3071 26 83 0.2913
3097 6 74 0.3071
3097 6 78 0.3071
3123 6 80 0.3071
3123 6 74 0.3071
3123 6 78 0.3071
3150 26 74 0.3228
3150 26 76 0.3228
3150 26 81 0.3228
3202 26 73 0.2992
3202 26 81 0.2992
3242 13 73 0.2992
3242 13 81 0.2992
3255 26 73 0.2992
3255 26 81 0.2992
3333 8 85 0.3071
3342 8 86 0.3071
3351 8 85 0.3071
3360 52 83 0.3307
3386 26 86 0.3307
3412 6 91 0.3465
3412 6 83 0.3465
3438 6 95 0.3071
3438 6 83 0.3071
3465 26 93 0.3307
3465 52 83 0.2913
3491 26 91 0.2992
3517 6 83 0.2992
3517 6 79 0.2992
3543 6 83 0.2992
3543 6 79 0.2992
3543 6 86 0.2992
3570 26 83 0.3307
3570 26 86 0.3307
3570 26 90 0.3307
3570 26 79 0.3307
3622 26 83 0.2913
3622 26 86 0.2913
3622 26 90 0.2913
3622 26 79 0.2913
3662 13 83 0.2913
3662 13 86 0.2913
3662 13 90 0.2913
3662 13 79 0.2913
3675 52 83 0.2913
3675 52 86 0.2913
3675 52 90 0.2913
3675 52 79 0.2913
3727 6 79 0.2992
3727 6 83 0.2992
3753 6 85 0.2992
3753 6 83 0.2992
3753 6 79 0.2992
3780 52 83 0.3307
3780 52 79 0.3307
3780 26 86 0.3307
3806 26 88 0.2992
3832 6 83 0.3071
3832 6 79 0.3071
3858 6 85 0.3071
3858 6 83 0.3071
3858 6 79 0.3071
3885 26 86 0.3307
3885 52 83 0.3307
3885 52 79 0.3307
3911 26 88 0.3071
3937 6 83 0.3071
3937 6 79 0.3071
3963 6 85 0.3071
3963 6 83 0.3071
3963 6 79 0.3071
3990 26 86 0.3465
3990 26 81 0.3465
3990 26 79 0.3465
4042 26 86 0.3071
4042 26 78 0.3071
4082 13 86 0.3071
4082 13 78 0.3071
4095 26 86 0.3071
4095 26 78 0.3071
4410 13 61 0.5906
4410 52 64 0.5906
4423 13 59 0.5354
4436 13 61 0.5354
4449 6 57 0.5354
4462 13 62 0.5354
4462 52 66 0.5591
4488 13 59 0.5354
4515 13 61 0.5906
4515 52 64 0.5906
4528 13 59 0.5433
4541 13 61 0.5433
4554 6 57 0.5433
4567 13 62 0.5354
4567 52 66 0.5591
4593 13 59 0.5354
4646 26 74 0.4409
4646 8 78 0.4409
4646 26 68 0.4409
4655 8 80 0.4409
4663 8 78 0.4409
4672 13 76 0.4724
4672 13 73 0.4724
4672 13 69 0.4724
4698 13 73 0.4646
4698 13 76 0.4646
4698 13 69 0.4646
4725 105 76 0.4646
4725 105 73 0.4646
4725 105 69 0.4646
4830 52 60 0.4094
4830 52 64 0.4094
4882 26 68 0.378
4882 26 72 0.378
4882 26 76 0.378
4908 26 68 0.3701
4908 26 72 0.3701
4908 26 76 0.3701
4935 52 68 0.3622
4935 52 72 0.3622
4935 52 76 0.3622
4987 6 72 0.2677
4987 6 76 0.2677
5013 6 76 0.2677
5013 6 72 0.2677
5013 6 77 0.2677
5040 52 72 0.2913
5040 52 76 0.2913
5040 26 79 0.2913
5066 26 81 0.2677
5092 6 72 0.2677
5092 6 76 0.2677
5119 6 72 0.2677
5119 6 76 0.2677
5119 6 77 0.2677
5145 52 71 0.2992
5145 52 77 0.2992
5145 26 79 0.2992
5171 26 81 0.2677
5197 13 67 0.2677
5197 13 71 0.2677
5197 13 76 0.2677
5224 13 67 0.2677
5224 13 71 0.2677
5224 13 74 0.2677
5237 6 74 0.2756
5243 6 76 0.2756
5250 52 64 0.3071
5250 26 74 0.3071
5276 26 72 0.2677
5302 13 64 0.2677
5302 13 72 0.2677
5329 13 64 0.2677
5329 13 72 0.2677
5355 39 64 0.3071
5355 39 72 0.3071
5460 13 64 0.5906
5460 52 67 0.5906
5473 13 62 0.5354
5486 13 64 0.5354
5499 6 60 0.5354
5512 13 65 0.5354
5512 52 69 0.5591
5539 13 62 0.5354
5565 13 64 0.5906
5565 52 67 0.5906
5578 13 62 0.5433
5591 13 64 0.5433
5604 6 60 0.5433
5617 13 65 0.5354
5617 52 69 0.5591
5644 13 62 0.5354
5696 26 77 0.4409
5696 8 81 0.4409
5696 26 71 0.4409
5705 8 83 0.4409
5714 8 81 0.4409
5722 13 79 0.4724
5722 13 76 0.4724
5722 13 72 0.4724
5749 13 76 0.4646
5749 13 79 0.4646
5749 13 72 0.4646
5775 105 79 0.4646
5775 105 76 0.4646
5775 105 72 0.4646
5880 52 63 0.4094
5880 52 67 0.4094
5932 26 71 0.378
5932 26 75 0.378
5932 26 79 0.378
5959 26 71 0.3701
5959 26 75 0.3701
5959 26 79 0.3701
5985 52 71 0.3622
5985 52 75 0.3622
5985 52 79 0.3622
6037 6 75 0.2677
6037 6 79 0.2677
6064 13 79 0.2677
6064 13 75 0.2677
6064 13 80 0.2677
6090 52 75 0.2913
6090 52 79 0.2913
6090 26 82 0.2913
6116 26 84 0.2677
6142 6 75 0.2677
6142 6 79 0.2677
6169 6 75 0.2677
6169 6 79 0.2677
6169 6 80 0.2677
6195 52 74 0.2992
6195 52 80 0.2992
6195 26 82 0.2992
6221 26 84 0.2677
6247 13 70 0.2677
6247 13 74 0.2677
6247 13 79 0.2677
6274 13 70 0.2677
6274 13 74 0.2677
6274 13 77 0.2677
6287 6 77 0.2756
6293 6 79 0.2756
6300 52 67 0.3071
6300 26 77 0.3071
6326 26 75 0.2677
6352 13 67 0.2677
6352 13 75 0.2677
6379 13 67 0.2677
6379 13 75 0.2677
6405 52 67 0.3071
6405 52 75 0.3071
6470 13 55 0.1969
6470 13 61 0.2205
6497 13 63 0.2283
6497 13 61 0.1969
6497 13 55 0.1969
6523 13 55 0.1969
6523 13 61 0.1969
6523 13 65 0.2677
6549 13 55 0.2047
6549 13 61 0.2047
6549 13 67 0.2598
6575 13 55 0.2126
6575 13 61 0.2441
6602 13 63 0.2441
6602 13 55 0.2126
6602 13 61 0.2126
6628 13 55 0.2205
6628 13 61 0.2205
6628 13 65 0.2835
6654 13 55 0.2205
6654 13 61 0.2205
6654 13 67 0.2598
6680 13 55 0.2283
6680 13 61 0.2677
6707 13 63 0.2677
6707 13 55 0.2362
6707 13 61 0.2362
6733 13 55 0.2283
6733 13 61 0.2283
6733 13 65 0.3071
6759 13 68 0.3307
6785 13 55 0.2441
6785 13 61 0.2441
6785 13 67 0.2992
6812 13 63 0.2992
6812 13 55 0.2441
6812 13 61 0.2441
6838 13 55 0.2441
6838 13 61 0.2441
6838 13 65 0.3071
6864 13 55 0.252
6864 13 61 0.2992
6890 13 56 0.2835
6890 13 63 0.2835
6917 13 63 0.2756
6917 13 65 0.2756
6917 13 56 0.2756
6943 13 56 0.2362
6943 13 63 0.2362
6943 13 67 0.315
6969 13 56 0.2441
6969 13 63 0.2441
6969 13 68 0.3071
6995 13 56 0.2441
6995 13 63 0.2835
7022 13 63 0.2835
7022 13 56 0.2441
7022 13 65 0.2441
7048 13 56 0.252
7048 13 63 0.252
7048 13 67 0.3228
7074 13 56 0.252
7074 13 63 0.252
7074 13 68 0.3071
7100 13 56 0.2677
7100 13 63 0.3071
7127 13 63 0.3071
7127 13 56 0.2677
7127 13 65 0.2677
7153 13 56 0.2677
7153 13 63 0.2677
7153 13 67 0.3465
7179 13 70 0.378
7205 13 56 0.2835
7205 13 63 0.2835
7205 13 68 0.3465
7232 13 63 0.3465
7232 13 56 0.2835
7232 13 65 0.2835
7258 13 56 0.2835
7258 13 63 0.2835
7258 13 67 0.3543
7284 13 56 0.2835
7284 13 63 0.3386
7310 13 60 0.378
7310 13 66 0.378
7337 13 66 0.3465
7337 13 68 0.3465
7337 13 60 0.3465
7363 13 60 0.3701
7363 13 66 0.3701
7363 13 70 0.3701
7389 13 60 0.2913
7389 13 66 0.2913
7389 13 72 0.3622
7415 13 60 0.378
7415 13 66 0.378
7442 13 66 0.3465
7442 13 60 0.2913
7442 13 68 0.2913
7468 13 60 0.3701
7468 13 66 0.3701
7468 13 70 0.3701
7494 13 60 0.2913
7494 13 66 0.2913
7494 13 72 0.3543
7520 13 60 0.3701
7520 13 66 0.3701
7547 13 66 0.3622
7547 13 60 0.3622
7547 13 68 0.3622
7573 13 60 0.4409
7573 13 66 0.4409
7573 13 70 0.4409
7599 13 73 0.3937
7626 13 60 0.4331
7626 13 66 0.4331
7626 13 72 0.4331
7652 13 68 0.378
7652 13 60 0.315
7652 13 66 0.315
7678 13 60 0.315
7678 13 66 0.315
7678 13 70 0.3937
7704 13 60 0.315
7704 13 66 0.3701
7731 13 61 0.4646
7731 13 68 0.4646
7757 13 68 0.4094
7757 13 70 0.4094
7757 13 61 0.4094
7783 13 61 0.4488
7783 13 68 0.4488
7783 13 72 0.4488
7809 13 61 0.4331
7809 13 68 0.4331
7809 13 73 0.4331
7836 13 61 0.4646
7836 13 68 0.4646
7862 13 68 0.4173
7862 13 61 0.4173
7862 13 70 0.4173
7888 13 61 0.4646
7888 13 68 0.4646
7888 13 72 0.4646
7914 13 61 0.4331
7914 13 68 0.4331
7914 13 73 0.4331
7941 13 61 0.4646
7941 13 68 0.4646
7967 13 68 0.4488
7967 13 61 0.4488
7967 13 70 0.4488
7993 13 61 0.5039
7993 13 68 0.5039
7993 13 72 0.5039
8019 13 75 0.5039
8046 13 61 0.4882
8046 13 68 0.4882
8046 13 73 0.4882
8072 13 70 0.4646
8072 13 61 0.378
8072 13 68 0.378
8098 13 61 0.378
8098 13 68 0.378
8098 13 72 0.4803
8124 13 61 0.378
8124 13 68 0.4488
8151 13 62 0.5591
8151 13 68 0.5591
8177 13 68 0.4961
8177 13 62 0.4961
8177 13 70 0.4961
8203 13 62 0.5512
8203 13 68 0.5512
8203 13 72 0.5512
8229 13 75 0.5906
8256 13 62 0.5433
8256 13 68 0.5433
8256 13 74 0.5433
8282 13 70 0.4961
8282 13 62 0.4094
8282 13 68 0.4094
8308 13 62 0.4094
8308 13 68 0.4094
8308 13 72 0.5197
8334 13 68 0.4882
8361 13 74 0.5512
8361 13 72 0.5512
8361 13 68 0.5512
8387 13 68 0.5197
8387 13 75 0.5197
8387 13 72 0.5197
8413 13 77 0.5669
8413 13 68 0.5669
8413 13 72 0.5669
8439 13 80 0.6378
8466 13 79 0.6299
8466 13 68 0.6299
8466 13 72 0.6299
8492 13 72 0.5669
8492 13 75 0.5669
8492 13 68 0.5669
8518 13 77 0.6299
8518 13 68 0.6299
8518 13 72 0.6299
8544 13 74 0.5197
8571 13 77 0.5906
8597 13 79 0.5906
8623 13 80 0.6378
8649 13 84 0.5906
8676 13 80 0.5906
8702 13 77 0.5906
8728 13 80 0.6378
8754 13 77 0.5906
8781 13 74 0.5906
8807 13 77 0.5906
8833 13 74 0.6378
8859 13 70 0.5906
8886 13 74 0.5906
8912 13 70 0.5906
8938 13 67 0.6378
8964 13 70 0.5906
8991 13 67 0.5906
9017 13 63 0.5906
9043 13 67 0.6693
9069 13 63 0.6299
9096 13 60 0.6299
9122 13 63 0.6299
9148 13 60 0.7323
9174 13 56 0.6772
9201 13 60 0.7008
9227 13 56 0.811
9240 210 55 0.8504
9292 52 68 0.7323
9292 52 56 0.6535
9292 52 60 0.6535
9292 52 63 0.6535
9345 52 80 0.7323
9345 52 75 0.6535
9345 52 68 0.6535
9345 52 72 0.6535
9397 52 92 0.7165
9397 52 87 0.6378
9397 52 84 0.6378
9397 52 80 0.6378
9450 210 54 0.8504
9502 52 68 0.7323
9502 52 56 0.6535
9502 52 60 0.6535
9502 52 63 0.6535
9555 52 80 0.7323
9555 52 75 0.6535
9555 52 68 0.6535
9555 52 72 0.6535
9607 52 92 0.7165
9607 52 87 0.6378
9607 52 84 0.6378
9607 52 80 0.6378
9660 210 53 0.874
9712 52 68 0.7323
9712 52 56 0.6535
9712 52 59 0.6535
9712 52 63 0.6535
9765 52 80 0.7323
9765 52 75 0.6535
9765 52 68 0.6535
9765 52 71 0.6535
9817 52 92 0.7165
9817 52 87 0.6378
9817 52 83 0.6378
9817 52 80 0.6378
9870 210 52 0.874
9922 52 57 0.6535
9922 52 69 0.7323
9922 52 55 0.6535
9922 52 61 0.6535
9922 52 67 0.7323
9975 52 67 0.6535
9975 52 81 0.7323
9975 52 79 0.7323
9975 52 69 0.6535
9975 52 73 0.6535
10027 26 81 0.6142
10027 26 93 0.6772
10027 26 91 0.6772
10027 26 85 0.6142
10027 26 79 0.6142
10054 8 81 0.6929
10062 8 83 0.6929
10071 8 81 0.6929
10080 52 78 0.7638
10106 26 81 0.7638
10133 13 81 0.7087
10133 13 86 0.7953
10133 13 78 0.7087
10159 13 81 0.6535
10159 13 90 0.7323
10159 13 78 0.6535
10185 52 81 0.5906
10185 26 88 0.8031
10185 52 78 0.5906
10211 26 86 0.7323
10238 13 74 0.7008
10238 13 78 0.7323
10264 13 74 0.6378
10264 13 81 0.7087
10264 13 78 0.6378
10290 26 74 0.6693
10290 26 83 0.748
10290 26 81 0.6693
10290 26 78 0.6693
10343 26 74 0.6063
10343 26 83 0.6772
10343 26 81 0.6063
10343 26 78 0.6063
10382 13 74 0.6063
10382 13 83 0.6772
10382 13 81 0.6063
10382 13 78 0.6063
10395 52 74 0.6063
10395 52 83 0.6772
10395 52 81 0.6772
10395 52 78 0.6063
10448 13 74 0.7087
10448 13 78 0.7087
10474 13 74 0.7087
10474 13 80 0.7087
10474 13 78 0.7087
10500 52 74 0.685
10500 52 78 0.685
10500 26 81 0.7638
10526 26 83 0.7008
10553 13 78 0.7323
10553 13 74 0.7323
10579 13 80 0.7087
10579 13 78 0.7087
10579 13 74 0.7087
10605 26 81 0.7638
10605 52 74 0.685
10605 52 78 0.685
10631 26 83 0.7008
10658 13 74 0.7323
10658 13 78 0.7323
10684 13 80 0.7323
10684 13 74 0.7323
10684 13 78 0.7323
10710 26 69 0.685
10710 26 74 0.685
10710 26 76 0.685
10710 26 81 0.7638
10763 26 76 0.5906
10763 26 69 0.5906
10763 26 73 0.5906
10763 26 81 0.6614
10802 13 69 0.5906
10802 13 76 0.5906
10802 13 73 0.5906
10802 13 81 0.6614
10815 52 69 0.5906
10815 52 76 0.5906
10815 52 73 0.5906
10815 52 81 0.6614
10894 8 85 0.7008
10903 8 86 0.7008
10911 8 85 0.7008
10920 52 83 0.7559
10946 26 86 0.7559
10973 13 86 0.7008
10973 13 91 0.7795
10973 13 83 0.7008
10999 13 86 0.6378
10999 13 95 0.7165
10999 13 83 0.6378
11025 26 93 0.7638
11025 52 83 0.5984
11051 26 91 0.6772
11078 13 83 0.6772
11078 13 79 0.5984
11104 13 83 0.5984
11104 13 86 0.6772
11104 13 79 0.5984
11130 26 90 0.7087
11130 26 86 0.6299
11130 26 83 0.6299
11130 26 79 0.6299
11183 26 90 0.6299
11183 26 86 0.5669
11183 26 83 0.5669
11183 26 79 0.5669
11222 13 90 0.6299
11222 13 86 0.5669
11222 13 83 0.5669
11222 13 79 0.5669
11235 52 90 0.6299
11235 52 86 0.5669
11235 52 83 0.5669
11235 52 79 0.5669
11288 13 83 0.6772
11288 13 79 0.6772
11314 13 85 0.6772
11314 13 83 0.6772
11314 13 79 0.6772
11340 26 86 0.7559
11340 52 79 0.6772
11340 52 83 0.6772
11366 26 88 0.6772
11393 13 83 0.7165
11393 13 79 0.7165
11419 13 85 0.7008
11419 13 83 0.7008
11419 13 79 0.7008
11445 26 86 0.7559
11445 52 83 0.6772
11445 52 79 0.6772
11471 26 88 0.7008
11498 13 83 0.7165
11498 13 79 0.7165
11524 13 85 0.7165
11524 13 83 0.7165
11524 13 79 0.7165
11550 26 74 0.6614
11550 26 86 0.7402
11550 26 81 0.6614
11550 26 79 0.6614
11603 26 81 0.5748
11603 26 74 0.5748
11603 26 86 0.6378
11603 26 78 0.5748
11642 13 81 0.5748
11642 13 74 0.5748
11642 13 86 0.6378
11642 13 78 0.5748
11655 26 81 0.5748
11655 26 74 0.5748
11655 26 86 0.6378
11655 26 78 0.5748
11970 26 71 0.3465
11970 105 59 0.2362
11970 105 62 0.2362
11996 52 69 0.3622
12049 26 67 0.3307
12075 105 59 0.2362
12075 105 62 0.2362
12075 105 66 0.3465
12180 26 69 0.3465
12180 105 57 0.2362
12180 105 60 0.2362
12206 52 67 0.3622
12259 26 66 0.315
12285 105 57 0.2362
12285 105 60 0.2362
12285 105 64 0.3465
12390 26 67 0.3543
12390 105 55 0.2441
12390 105 59 0.2441
12416 52 66 0.3622
12469 26 64 0.315
12495 105 55 0.2677
12495 105 62 0.2441
12495 105 67 0.3622
12600 26 66 0.3543
12600 105 55 0.3465
12600 105 61 0.3465
12626 52 64 0.3622
12679 26 66 0.3307
12705 105 54 0.3465
12705 105 62 0.3465
12810 105 64 0.315
12810 105 71 0.315
12810 26 76 0.4409
12836 52 74 0.4331
12889 26 72 0.3465
12915 105 64 0.315
12915 105 67 0.315
12915 105 71 0.3543
13020 105 62 0.2835
13020 105 69 0.2835
13020 26 74 0.4016
13046 52 72 0.4331
13099 26 71 0.3465
13125 105 62 0.2992
13125 105 66 0.2992
13125 105 69 0.3543
13230 105 60 0.2835
13230 105 67 0.2835
13230 26 72 0.4094
13256 52 71 0.4331
13309 26 69 0.3701
13335 65 78 0.4803
13335 105 67 0.2756
13335 105 72 0.2756
13401 13 81 0.4331
13414 8 79 0.3465
13423 8 76 0.3465
13431 8 72 0.3465
13440 105 60 0.2913
13440 105 66 0.2913
13440 26 71 0.3622
13466 52 69 0.378
13519 26 71 0.3071
13545 26 60 0.315
13545 105 67 0.2362
13571 45 59 0.2913
13637 118 71 0.2126
13644 111 75 0.2126
13650 26 83 0.3307
13676 52 82 0.3543
13729 13 80 0.315
13742 118 71 0.2126
13749 111 75 0.2126
13755 91 82 0.3465
13847 118 71 0.2126
13854 111 75 0.2126
13860 26 82 0.3307
13886 52 80 0.3543
13939 13 78 0.315
13952 118 71 0.2126
13959 111 75 0.2126
13965 105 80 0.3307
14070 105 72 0.2283
14070 26 80 0.3307
14096 52 79 0.3701
14149 26 78 0.3307
14175 26 73 0.2913
14175 52 77 0.3937
14201 52 72 0.3071
14228 52 76 0.3465
14254 26 71 0.2756
14280 105 70 0.2441
14280 26 75 0.2992
14306 52 73 0.3307
14359 26 75 0.3307
14385 72 66 0.2362
14385 72 71 0.2362
14477 118 67 0.1811
14484 111 71 0.1811
14490 26 79 0.2913
14516 52 78 0.3071
14569 13 76 0.2835
14582 118 67 0.1811
14589 111 71 0.1811
14595 91 78 0.2992
14687 118 67 0.1811
14694 111 71 0.1811
14700 26 78 0.2913
14726 52 76 0.3071
14779 13 74 0.2835
14792 118 67 0.1811
14799 111 71 0.1811
14805 105 76 0.2992
14910 105 68 0.2126
14910 26 76 0.3071
14936 52 75 0.3543
14989 26 74 0.3071
15015 26 69 0.2756
15015 52 73 0.3701
15041 52 68 0.2913
15068 52 72 0.315
15094 26 67 0.2441
15120 105 66 0.2283
15120 26 71 0.2835
15147 52 69 0.3071
15199 26 66 0.3071
15225 105 62 0.2205
15330 26 71 0.2756
15330 105 59 0.2047
15330 105 62 0.2047
15357 52 69 0.2835
15409 26 67 0.2677
15435 105 59 0.2047
15435 105 62 0.2047
15435 105 66 0.2835
15540 26 69 0.2835
15540 105 57 0.2047
15540 105 60 0.2047
15567 52 67 0.2992
15619 26 66 0.2756
15645 105 57 0.2047
15645 105 60 0.2047
15645 105 64 0.2835
15750 26 67 0.2913
15750 105 55 0.2126
15750 105 59 0.2126
15777 52 66 0.2992
15829 26 64 0.2756
15855 105 55 0.2126
15855 105 62 0.2126
15855 105 67 0.2126
15960 26 66 0.2913
15960 105 55 0.2835
15960 105 61 0.2835
15987 52 64 0.2992
16039 26 66 0.2756
16065 105 54 0.2835
16065 105 62 0.2835
16170 105 64 0.2756
16170 105 71 0.2756
16170 26 76 0.3701
16197 52 74 0.3622
16249 26 72 0.2835
16275 105 64 0.2756
16275 105 67 0.2756
16275 105 71 0.2992
16380 105 62 0.2283
16380 105 69 0.2283
16380 26 74 0.3307
16407 52 72 0.3622
16459 26 71 0.2835
16485 105 62 0.2441
16485 105 66 0.2441
16485 105 69 0.2992
16590 105 60 0.2283
16590 105 67 0.2283
16590 26 72 0.3465
16617 52 71 0.3622
16669 26 69 0.3071
16695 65 78 0.4016
16695 105 67 0.2205
16695 105 72 0.2205
16761 13 81 0.3622
16774 8 79 0.2835
16783 8 76 0.2835
16792 8 72 0.2835
16800 105 60 0.2362
16800 105 66 0.2362
16800 26 71 0.2992
16827 52 69 0.315
16879 26 71 0.2677
16905 26 60 0.2756
16905 105 67 0.2047
16932 52 59 0.2362
16997 118 71 0.2126
17004 111 75 0.2126
17010 26 83 0.3307
17037 52 82 0.3543
17089 13 80 0.315
17102 118 71 0.2126
17109 111 75 0.2126
17115 91 82 0.3307
17207 118 71 0.2126
17214 111 75 0.2126
17220 26 82 0.3307
17247 52 80 0.3543
17299 13 78 0.315
17312 118 71 0.2126
17319 111 75 0.2126
17325 105 80 0.3307
17430 105 72 0.2283
17430 26 80 0.3307
17457 52 79 0.3701
17509 26 78 0.3307
17535 26 73 0.2913
17535 52 77 0.3937
17562 52 72 0.3071
17588 52 76 0.3465
17614 26 71 0.2756
17640 105 70 0.2441
17640 26 75 0.2992
17667 52 73 0.3307
17719 26 75 0.3307
17745 72 66 0.2362
17745 72 71 0.2362
17837 118 67 0.1811
17844 111 71 0.1811
17850 26 79 0.2913
17877 52 78 0.3071
17929 13 76 0.2835
17942 118 67 0.1811
17949 111 71 0.1811
17955 91 78 0.2992
18047 118 67 0.1811
18054 111 71 0.1811
18060 26 78 0.2913
18087 52 76 0.3071
18139 13 74 0.2835
18152 118 67 0.1811
18159 111 71 0.1811
18165 105 76 0.2992
18270 105 68 0.2126
18270 26 76 0.3071
18297 52 75 0.3543
18349 26 74 0.3071
18375 26 69 0.2756
18375 52 73 0.3701
18402 52 68 0.2913
18428 52 72 0.315
18454 26 67 0.2441
18480 105 66 0.2283
18480 26 71 0.2835
18507 52 69 0.3071
18559 26 66 0.3071
18585 105 62 0.2205
18690 26 71 0.2756
18690 105 59 0.2047
18690 105 62 0.2047
18717 52 69 0.2835
18769 26 67 0.2677
18795 105 59 0.2047
18795 105 62 0.2047
18795 105 66 0.2835
18900 26 69 0.2835
18900 105 57 0.2047
18900 105 60 0.2047
18927 52 67 0.2992
18979 26 66 0.2756
19005 105 57 0.2047
19005 105 60 0.2047
19005 105 64 0.2913
19110 26 67 0.2913
19110 105 55 0.2126
19110 105 59 0.2126
19137 52 66 0.2992
19189 26 64 0.2756
19215 105 55 0.2126
19215 105 62 0.2126
19215 105 67 0.2126
19320 26 66 0.2913
19320 105 55 0.2835
19320 105 61 0.2835
19347 52 64 0.2992
19399 26 66 0.2756
19425 105 54 0.2835
19425 105 62 0.2835
19530 105 64 0.2756
19530 105 71 0.2756
19530 26 76 0.3701
19557 52 74 0.3622
19609 26 72 0.2835
19635 105 64 0.2756
19635 105 67 0.2756
19635 105 71 0.2992
19740 105 62 0.2283
19740 105 69 0.2283
19740 26 74 0.3307
19767 52 72 0.3622
19819 26 71 0.2835
19845 105 62 0.2441
19845 105 66 0.2441
19845 105 69 0.2992
19950 105 60 0.2283
19950 105 67 0.2283
19950 26 72 0.3465
19977 52 71 0.3622
20029 26 69 0.3071
20055 65 78 0.4016
20055 105 67 0.2205
20055 105 72 0.2205
20121 13 81 0.3622
20134 8 79 0.2835
20143 8 76 0.2835
20152 8 72 0.2835
20160 105 60 0.2362
20160 105 66 0.2362
20160 26 71 0.2992
20187 52 69 0.315
20239 26 71 0.2677
20266 26 60 0.2756
20266 105 67 0.2047
20292 52 59 0.2362
20423 26 50 0.2441
20423 26 57 0.2441
20449 26 50 0.2441
20449 26 57 0.2441
20476 26 50 0.2835
20476 26 57 0.2835
20633 26 50 0.2441
20633 26 57 0.2441
20659 26 50 0.2441
20659 26 57 0.2441
20686 26 50 0.2756
20686 26 57 0.2756
20764 8 69 0.3071
20773 8 71 0.3071
20782 8 69 0.3228
20791 52 66 0.3465
20817 26 69 0.3465
20843 6 74 0.3543
20843 6 66 0.3307
20869 6 78 0.3307
20869 6 66 0.3543
20896 26 76 0.3543
20896 52 66 0.2913
20922 26 74 0.3307
20948 6 66 0.3307
20974 6 69 0.3228
20974 6 66 0.3228
21001 26 71 0.3543
21001 26 69 0.3543
21001 26 66 0.3543
21053 26 71 0.3228
21053 26 69 0.3228
21053 26 66 0.3228
21092 13 71 0.3228
21092 13 69 0.3228
21092 13 66 0.3228
21106 52 71 0.3228
21106 52 69 0.3228
21106 52 66 0.3228
21158 6 62 0.3307
21158 6 66 0.3307
21184 6 62 0.3307
21184 6 68 0.3307
21184 6 66 0.3307
21211 52 62 0.3543
21211 52 66 0.3543
21211 26 69 0.3543
21237 26 71 0.3307
21263 6 66 0.3465
21263 6 62 0.3465
21289 6 68 0.3465
21289 6 66 0.3465
21289 6 62 0.3465
21316 26 69 0.3543
21316 52 62 0.3543
21316 52 66 0.3543
21342 26 71 0.3307
21368 6 62 0.3465
21368 6 66 0.3465
21394 6 68 0.3465
21394 6 62 0.3465
21394 6 66 0.3465
21421 26 62 0.3701
21421 26 64 0.3701
21421 26 69 0.3701
21473 26 61 0.3307
21473 26 69 0.3307
21512 13 61 0.3307
21512 13 69 0.3307
21526 26 61 0.3307
21526 26 69 0.3307
21604 8 73 0.3465
21613 8 74 0.3465
21622 8 73 0.3465
21631 52 71 0.3701
21657 26 74 0.3701
21683 6 79 0.3858
21683 6 71 0.3858
21709 6 83 0.3543
21709 6 71 0.3543
21736 26 81 0.378
21736 52 71 0.3228
21762 26 79 0.3307
21788 6 71 0.3307
21788 6 67 0.3307
21814 6 71 0.3307
21814 6 74 0.3307
21814 6 67 0.3307
21841 26 78 0.3622
21841 26 74 0.3622
21841 26 71 0.3622
21841 26 67 0.3622
21893 26 78 0.3307
21893 26 74 0.3307
21893 26 71 0.3307
21893 26 67 0.3307
21932 13 78 0.3307
21932 13 74 0.3307
21932 13 71 0.3307
21932 13 67 0.3307
21946 52 78 0.3307
21946 52 74 0.3307
21946 52 71 0.3307
21946 52 67 0.3307
21998 6 71 0.3307
21998 6 67 0.3307
22024 6 73 0.3307
22024 6 71 0.3307
22024 6 67 0.3307
22051 26 74 0.3622
22051 52 67 0.3622
22051 52 71 0.3622
22077 26 76 0.3307
22103 6 71 0.3543
22103 6 67 0.3543
22129 6 73 0.3543
22129 6 71 0.3543
22129 6 67 0.3543
22156 26 74 0.3701
22156 52 71 0.3701
22156 52 67 0.3701
22182 26 76 0.3465
22208 6 71 0.3543
22208 6 67 0.3543
22234 6 73 0.3543
22234 6 71 0.3543
22234 6 67 0.3543
22261 26 74 0.3858
22261 26 69 0.3858
22261 26 67 0.3858
22313 26 74 0.3543
22313 26 66 0.3543
22352 13 74 0.3543
22352 13 66 0.3543
22366 26 74 0.3543
22366 26 66 0.3543
22523 26 62 0.2126
22523 26 69 0.2126
22549 26 62 0.2126
22549 26 69 0.2126
22576 26 62 0.2598
22576 26 69 0.2598
22733 26 62 0.2126
22733 26 69 0.2126
22759 26 62 0.2126
22759 26 69 0.2126
22786 26 62 0.2441
22786 26 69 0.2441
22864 8 81 0.2756
22873 8 83 0.2756
22882 8 81 0.2835
22891 52 78 0.3071
22917 26 81 0.3071
22943 6 86 0.3071
22943 6 78 0.3071
22969 6 90 0.2913
22969 6 78 0.2913
22996 26 88 0.3228
22996 52 78 0.2598
23022 26 86 0.2913
23048 6 78 0.2913
23074 6 81 0.2835
23074 6 78 0.2835
23101 26 83 0.3071
23101 26 81 0.3071
23101 26 78 0.3071
23153 26 83 0.2913
23153 26 81 0.2913
23153 26 78 0.2913
23193 13 83 0.2913
23193 13 81 0.2913
23193 13 78 0.2913
23206 52 83 0.2913
23206 52 81 0.2913
23206 52 78 0.2913
23258 6 74 0.2992
23258 6 78 0.2992
23284 6 74 0.2992
23284 6 80 0.2992
23284 6 78 0.2992
23311 52 74 0.3228
23311 52 78 0.3228
23311 26 81 0.3228
23337 26 83 0.2913
23363 6 78 0.3071
23363 6 74 0.3071
23389 6 80 0.2992
23389 6 78 0.2992
23389 6 74 0.2992
23416 26 81 0.3228
23416 52 74 0.3228
23416 52 78 0.3228
23442 26 83 0.2913
23468 6 74 0.3071
23468 6 78 0.3071
23494 6 80 0.3071
23494 6 74 0.3071
23494 6 78 0.3071
23521 26 74 0.3228
23521 26 76 0.3228
23521 26 81 0.3228
23573 26 73 0.2992
23573 26 81 0.2992
23613 13 73 0.2992
23613 13 81 0.2992
23626 26 73 0.2992
23626 26 81 0.2992
23704 8 85 0.3071
23713 8 86 0.3071
23722 8 85 0.3071
23731 52 83 0.3307
23757 26 86 0.3307
23783 6 91 0.3465
23783 6 83 0.3465
23809 6 95 0.3071
23809 6 83 0.3071
23836 26 93 0.3307
23836 52 83 0.2913
23862 26 91 0.2992
23888 6 83 0.2992
23888 6 79 0.2992
23914 6 83 0.2992
23914 6 86 0.2992
23914 6 79 0.2992
23941 26 90 0.3307
23941 26 86 0.3307
23941 26 83 0.3307
23941 26 79 0.3307
23993 26 90 0.2913
23993 26 86 0.2913
23993 26 83 0.2913
23993 26 79 0.2913
24033 13 90 0.2913
24033 13 86 0.2913
24033 13 83 0.2913
24033 13 79 0.2913
24046 52 90 0.2913
24046 52 86 0.2913
24046 52 83 0.2913
24046 52 79 0.2913
24098 6 83 0.2992
24098 6 79 0.2992
24124 6 85 0.2992
24124 6 83 0.2992
24124 6 79 0.2992
24151 26 86 0.3307
24151 52 79 0.3307
24151 52 83 0.3307
24177 26 88 0.2992
24203 6 83 0.3071
24203 6 79 0.3071
24229 6 85 0.3071
24229 6 83 0.3071
24229 6 79 0.3071
24256 26 86 0.3307
24256 52 83 0.3307
24256 52 79 0.3307
24282 26 88 0.3071
24308 6 83 0.3071
24308 6 79 0.3071
24334 6 85 0.3071
24334 6 83 0.3071
24334 6 79 0.3071
24361 26 86 0.3465
24361 26 81 0.3465
24361 26 79 0.3465
24413 26 86 0.3071
24413 26 78 0.3071
24453 13 86 0.3071
24453 13 78 0.3071
24466 26 86 0.3071
24466 26 78 0.3071
24781 13 61 0.5906
24781 52 64 0.5906
24794 13 59 0.5354
24807 13 61 0.5354
24820 6 57 0.5354
24833 13 62 0.5354
24833 52 66 0.5591
24859 13 59 0.5354
24886 13 61 0.5906
24886 52 64 0.5906
24899 13 59 0.5433
24912 13 61 0.5433
24925 6 57 0.5433
24938 13 62 0.5354
24938 52 66 0.5591
24964 13 59 0.5354
25017 26 74 0.4409
25017 8 78 0.4409
25017 26 68 0.4409
25026 8 80 0.4409
25034 8 78 0.4409
25043 13 76 0.4724
25043 13 73 0.4724
25043 13 69 0.4724
25069 13 73 0.4646
25069 13 76 0.4646
25069 13 69 0.4646
25096 105 76 0.4646
25096 105 73 0.4646
25096 105 69 0.4646
25201 52 60 0.4094
25201 52 64 0.4094
25253 26 68 0.378
25253 26 72 0.378
25253 26 76 0.378
25280 26 68 0.3701
25280 26 72 0.3701
25280 26 76 0.3701
25306 52 68 0.3622
25306 52 72 0.3622
25306 52 76 0.3622
25358 13 72 0.2677
25358 13 76 0.2677
25385 13 76 0.2677
25385 13 72 0.2677
25385 13 77 0.2677
25411 52 72 0.2913
25411 52 76 0.2913
25411 26 79 0.2913
25437 26 81 0.2677
25463 13 72 0.2677
25463 13 76 0.2677
25490 13 72 0.2677
25490 13 76 0.2677
25490 13 77 0.2677
25516 52 71 0.2992
25516 52 77 0.2992
25516 26 79 0.2992
25542 26 81 0.2677
25568 13 67 0.2677
25568 13 71 0.2677
25568 13 76 0.2677
25595 13 67 0.2677
25595 13 71 0.2677
25595 13 74 0.2677
25608 6 74 0.2756
25614 6 76 0.2756
25621 52 64 0.3071
25621 26 74 0.3071
25647 26 72 0.2677
25673 13 64 0.2677
25673 13 72 0.2677
25700 13 64 0.2677
25700 13 72 0.2677
25726 39 64 0.3071
25726 39 72 0.3071
25831 13 64 0.5906
25831 52 67 0.5906
25844 13 62 0.5354
25857 13 64 0.5354
25870 6 60 0.5354
25883 13 65 0.5354
25883 52 69 0.5591
25910 13 62 0.5354
25936 13 64 0.5906
25936 52 67 0.5906
25949 13 62 0.5433
25962 13 64 0.5433
25975 6 60 0.5433
25988 13 65 0.5354
25988 52 69 0.5591
26015 13 62 0.5354
26067 26 77 0.4409
26067 8 81 0.4409
26067 26 71 0.4409
26076 8 83 0.4409
26085 8 81 0.4409
26093 13 79 0.4724
26093 13 76 0.4724
26093 13 72 0.4724
26120 13 76 0.4646
26120 13 79 0.4646
26120 13 72 0.4646
26146 105 79 0.4646
26146 105 76 0.4646
26146 105 72 0.4646
26251 52 63 0.4094
26251 52 67 0.4094
26303 26 71 0.378
26303 26 75 0.378
26303 26 79 0.378
26330 26 71 0.3701
26330 26 75 0.3701
26330 26 79 0.3701
26356 52 71 0.3622
26356 52 75 0.3622
26356 52 79 0.3622
26408 6 75 0.2677
26408 6 79 0.2677
26435 6 79 0.2677
26435 6 75 0.2677
26435 6 80 0.2677
26461 52 75 0.2913
26461 52 79 0.2913
26461 26 82 0.2913
26487 26 84 0.2677
26513 6 75 0.2677
26513 6 79 0.2677
26540 6 75 0.2677
26540 6 79 0.2677
26540 6 80 0.2677
26566 52 74 0.2992
26566 52 80 0.2992
26566 26 82 0.2992
26592 26 84 0.2677
26618 13 70 0.2677
26618 13 74 0.2677
26618 13 79 0.2677
26645 13 70 0.2677
26645 13 74 0.2677
26645 13 77 0.2677
26658 6 77 0.2756
26664 6 79 0.2756
26671 52 67 0.3071
26671 26 77 0.3071
26697 26 75 0.2677
26723 13 67 0.2677
26723 13 75 0.2677
26750 13 67 0.2677
26750 13 75 0.2677
26776 52 67 0.3071
26776 52 75 0.3071
26841 13 55 0.1969
26841 13 61 0.2205
26868 13 63 0.2283
26868 13 61 0.1969
26868 13 55 0.1969
26894 13 55 0.1969
26894 13 58 0.1969
26894 13 65 0.2677
26920 13 55 0.2047
26920 13 61 0.2047
26920 13 67 0.2598
26946 13 55 0.2126
26946 13 61 0.2441
26973 13 63 0.2441
26973 13 55 0.2126
26973 13 61 0.2126
26999 13 55 0.2205
26999 13 61 0.2205
26999 13 65 0.2835
27025 13 55 0.2205
27025 13 61 0.2205
27025 13 67 0.2598
27051 13 55 0.2283
27051 13 61 0.2677
27078 13 63 0.2677
27078 13 55 0.2362
27078 13 61 0.2362
27104 13 55 0.2283
27104 13 61 0.2283
27104 13 65 0.3071
27130 13 68 0.3307
27156 13 55 0.2441
27156 13 61 0.2441
27156 13 67 0.2992
27183 13 63 0.2992
27183 13 55 0.2441
27183 13 61 0.2441
27209 13 55 0.2441
27209 13 61 0.2441
27209 13 65 0.3071
27235 13 55 0.252
27235 13 61 0.2992
27261 13 56 0.2835
27261 13 63 0.2835
27288 13 63 0.2756
27288 13 65 0.2756
27288 13 56 0.2756
27314 13 56 0.2362
27314 13 63 0.2362
27314 13 67 0.315
27340 13 56 0.2441
27340 13 63 0.2441
27340 13 68 0.3071
27366 13 56 0.2441
27366 13 63 0.2835
27393 13 63 0.2835
27393 13 56 0.2441
27393 13 65 0.2441
27419 13 56 0.252
27419 13 63 0.252
27419 13 67 0.3228
27445 13 56 0.252
27445 13 63 0.252
27445 13 68 0.3071
27471 13 56 0.2677
27471 13 63 0.3071
27498 13 63 0.3071
27498 13 56 0.2756
27498 13 65 0.2756
27524 13 56 0.2677
27524 13 63 0.2677
27524 13 67 0.3465
27550 13 70 0.378
27576 13 56 0.2835
27576 13 63 0.2835
27576 13 68 0.3465
27603 13 63 0.3465
27603 13 56 0.2835
27603 13 65 0.2835
27629 13 56 0.2835
27629 13 63 0.2835
27629 13 67 0.3543
27655 13 56 0.2835
27655 13 63 0.3386
27681 13 60 0.378
27681 13 66 0.378
27708 13 66 0.3465
27708 13 68 0.3465
27708 13 60 0.3465
27734 13 60 0.3701
27734 13 66 0.3701
27734 13 70 0.3701
27760 13 60 0.2913
27760 13 66 0.2913
27760 13 72 0.3622
27787 13 60 0.378
27787 13 66 0.378
27813 13 66 0.3465
27813 13 60 0.2913
27813 13 68 0.2913
27839 13 60 0.3701
27839 13 66 0.3701
27839 13 70 0.3701
27865 13 60 0.2913
27865 13 66 0.2913
27865 13 72 0.3543
27892 13 60 0.3701
27892 13 66 0.3701
27918 13 66 0.3622
27918 13 60 0.3622
27918 13 68 0.3622
27944 13 60 0.4409
27944 13 66 0.4409
27944 13 70 0.4409
27970 13 73 0.3937
27997 13 60 0.4331
27997 13 66 0.4331
27997 13 72 0.4331
28023 13 68 0.378
28023 13 60 0.315
28023 13 66 0.315
28049 13 60 0.315
28049 13 66 0.315
28049 13 70 0.3937
28075 13 60 0.315
28075 13 66 0.3701
28102 13 61 0.4646
28102 13 68 0.4646
28128 13 68 0.4094
28128 13 70 0.4094
28128 13 61 0.4094
28154 13 61 0.4488
28154 13 68 0.4488
28154 13 72 0.4488
28180 13 61 0.4331
28180 13 68 0.4331
28180 13 73 0.4331
28207 13 61 0.4646
28207 13 68 0.4646
28233 13 68 0.4173
28233 13 61 0.4173
28233 13 70 0.4173
28259 13 61 0.4646
28259 13 68 0.4646
28259 13 72 0.4646
28285 13 61 0.4331
28285 13 68 0.4331
28285 13 73 0.4331
28312 13 61 0.4646
28312 13 68 0.4646
28338 13 68 0.4488
28338 13 61 0.4488
28338 13 70 0.4488
28364 13 61 0.5039
28364 13 68 0.5039
28364 13 72 0.5039
28390 13 75 0.5039
28417 13 61 0.4882
28417 13 68 0.4882
28417 13 73 0.4882
28443 13 70 0.4646
28443 13 61 0.378
28443 13 68 0.378
28469 13 61 0.378
28469 13 68 0.378
28469 13 72 0.4803
28495 13 61 0.378
28495 13 68 0.4488
28522 13 62 0.5591
28522 13 68 0.5591
28548 13 68 0.4961
28548 13 62 0.4961
28548 13 70 0.4961
28574 13 62 0.5512
28574 13 68 0.5512
28574 13 72 0.5512
28600 13 75 0.5906
28627 13 62 0.5433
28627 13 68 0.5433
28627 13 74 0.5433
28653 13 70 0.4961
28653 13 62 0.4094
28653 13 68 0.4094
28679 13 62 0.4094
28679 13 68 0.4094
28679 13 72 0.5197
28705 13 68 0.4882
28732 13 74 0.5512
28732 13 72 0.5512
28732 13 68 0.5512
28758 13 68 0.5197
28758 13 75 0.5197
28758 13 72 0.5197
28784 13 77 0.5669
28784 13 68 0.5669
28784 13 72 0.5669
28810 13 80 0.6378
28837 13 79 0.6299
28837 13 68 0.6299
28837 13 72 0.6299
28863 13 72 0.5669
28863 13 75 0.5669
28863 13 68 0.5669
28889 13 77 0.6299
28889 13 68 0.6299
28889 13 72 0.6299
28915 13 74 0.5197
28942 13 77 0.5906
28968 13 79 0.5906
28994 13 80 0.6378
29020 13 84 0.5906
29047 13 80 0.5906
29073 13 77 0.5906
29099 13 80 0.6378
29125 13 77 0.5906
29152 13 74 0.5906
29178 13 77 0.5906
29204 13 74 0.6378
29230 13 70 0.5906
29257 13 74 0.5906
29283 13 70 0.5906
29309 13 67 0.6378
29335 13 70 0.5906
29362 13 67 0.5906
29388 13 63 0.5906
29414 13 67 0.6693
29440 13 63 0.6299
29467 13 60 0.6299
29493 13 63 0.6299
29519 13 60 0.7323
29545 13 56 0.6772
29572 13 60 0.7008
29598 13 56 0.811
29611 210 55 0.8504
29663 52 68 0.7323
29663 52 56 0.6535
29663 52 60 0.6535
29663 52 63 0.6535
29716 52 80 0.7323
29716 52 75 0.6535
29716 52 68 0.6535
29716 52 72 0.6535
29768 52 92 0.7165
29768 52 87 0.6378
29768 52 84 0.6378
29768 52 80 0.6378
29821 210 54 0.8504
29873 52 68 0.7323
29873 52 56 0.6535
29873 52 60 0.6535
29873 52 63 0.6535
29926 52 80 0.7323
29926 52 75 0.6535
29926 52 68 0.6535
29926 52 72 0.6535
29978 52 92 0.7165
29978 52 87 0.6378
29978 52 84 0.6378
29978 52 80 0.6378
30031 210 53 0.874
30083 52 68 0.7323
30083 52 56 0.6535
30083 52 59 0.6535
30083 52 63 0.6535
30136 52 80 0.7323
30136 52 75 0.6535
30136 52 68 0.6535
30136 52 71 0.6535
30188 52 92 0.7165
30188 52 87 0.6378
30188 52 83 0.6378
30188 52 80 0.6378
30241 210 52 0.874
30294 52 57 0.6535
30294 52 69 0.7323
30294 52 55 0.6535
30294 52 61 0.6535
30294 52 67 0.7323
30346 52 67 0.6535
30346 52 81 0.7323
30346 52 79 0.7323
30346 52 69 0.6535
30346 52 73 0.6535
30399 26 81 0.6142
30399 26 93 0.6772
30399 26 91 0.6772
30399 26 85 0.6142
30399 26 79 0.6142
30425 8 81 0.6929
30434 8 83 0.6929
30442 8 81 0.6929
30451 52 78 0.7638
30477 26 81 0.7638
30504 13 81 0.7087
30504 13 86 0.7953
30504 13 78 0.7087
30530 13 81 0.6535
30530 13 90 0.7323
30530 13 78 0.6535
30556 52 81 0.5906
30556 26 88 0.8031
30556 52 78 0.5906
30582 26 86 0.7323
30609 13 74 0.7087
30609 13 78 0.7323
30635 13 74 0.6378
30635 13 81 0.7087
30635 13 78 0.6378
30661 26 74 0.6693
30661 26 83 0.748
30661 26 81 0.748
30661 26 78 0.6693
30714 26 74 0.6063
30714 26 83 0.6772
30714 26 81 0.6772
30714 26 78 0.6063
30753 13 74 0.6063
30753 13 83 0.6772
30753 13 81 0.6772
30753 13 78 0.6063
30766 52 74 0.6063
30766 52 83 0.6772
30766 52 81 0.6772
30766 52 78 0.6063
30819 13 74 0.7087
30819 13 78 0.7087
30845 13 74 0.7087
30845 13 80 0.7087
30845 13 78 0.7087
30871 52 74 0.685
30871 52 78 0.685
30871 26 81 0.7638
30897 26 83 0.7008
30924 13 78 0.7323
30924 13 74 0.7323
30950 13 80 0.7087
30950 13 78 0.7087
30950 13 74 0.7087
30976 26 81 0.7638
30976 52 74 0.685
30976 52 78 0.685
31002 26 83 0.7008
31029 13 74 0.7323
31029 13 78 0.7323
31055 13 80 0.7323
31055 13 74 0.7323
31055 13 78 0.7323
31081 26 69 0.685
31081 26 74 0.685
31081 26 76 0.685
31081 26 81 0.7638
31134 26 76 0.5906
31134 26 69 0.5906
31134 26 73 0.5906
31134 26 81 0.6614
31173 13 69 0.5906
31173 13 76 0.5906
31173 13 73 0.5906
31173 13 81 0.6614
31186 52 69 0.5906
31186 52 76 0.5906
31186 52 73 0.5906
31186 52 81 0.6614
31265 8 85 0.7008
31274 8 86 0.7008
31282 8 85 0.7008
31291 52 83 0.7559
31317 26 86 0.7559
31344 13 86 0.7008
31344 13 91 0.7795
31344 13 83 0.7008
31370 13 86 0.6378
31370 13 95 0.7165
31370 13 83 0.6378
31396 26 93 0.7638
31396 52 83 0.5984
31422 26 91 0.6772
31449 13 83 0.6772
31449 13 79 0.6772
31475 13 83 0.6772
31475 13 86 0.6772
31475 13 79 0.5984
31501 26 90 0.7087
31501 26 86 0.6299
31501 26 83 0.6299
31501 26 79 0.6299
31554 26 90 0.6299
31554 26 86 0.5669
31554 26 83 0.5669
31554 26 79 0.5669
31593 13 90 0.6299
31593 13 86 0.5669
31593 13 83 0.5669
31593 13 79 0.5669
31606 52 90 0.6299
31606 52 86 0.5669
31606 52 83 0.5669
31606 52 79 0.5669
31659 13 83 0.6772
31659 13 79 0.6772
31685 13 85 0.6772
31685 13 83 0.6772
31685 13 79 0.6772
31711 26 86 0.7559
31711 52 79 0.6772
31711 52 83 0.6772
31737 26 88 0.6772
31764 13 83 0.7165
31764 13 79 0.7165
31790 13 85 0.7008
31790 13 83 0.7008
31790 13 79 0.7008
31816 26 86 0.7559
31816 52 83 0.6772
31816 52 79 0.6772
31842 26 88 0.7008
31869 13 83 0.7165
31869 13 79 0.7165
31895 13 85 0.7165
31895 13 83 0.7165
31895 13 79 0.7165
31921 26 74 0.6614
31921 26 86 0.7402
31921 26 81 0.6614
31921 26 79 0.6614
31974 26 81 0.5748
31974 26 74 0.5748
31974 26 86 0.6378
31974 26 78 0.5748
32013 13 81 0.5748
32013 13 74 0.5748
32013 13 86 0.6378
32013 13 78 0.5748
32026 26 81 0.5748
32026 26 74 0.5748
32026 26 86 0.6378
32026 26 78 0.5748
32105 8 86 0.5591
32114 8 88 0.5591
32122 8 86 0.5591
32144 13 84 0.5669
32144 13 78 0.5669
32170 13 88 0.5669
32170 13 84 0.5669
32170 13 78 0.5669
32197 13 86 0.5669
32197 13 84 0.5669
32197 13 78 0.5669
32223 13 90 0.5669
32223 13 84 0.5669
32223 13 78 0.5669
32249 13 84 0.5669
32249 13 78 0.5669
32275 13 88 0.5669
32275 13 84 0.5669
32275 13 78 0.5669
32302 13 86 0.5669
32302 13 84 0.5669
32302 13 78 0.5669
32328 13 90 0.5669
32328 13 84 0.5669
32328 13 78 0.5669
32341 26 83 0.6614
32341 26 81 0.6614
32341 26 86 0.6614
32394 26 83 0.5669
32394 26 79 0.5669
32394 26 86 0.5669
32433 13 83 0.5669
32433 13 86 0.5669
32433 13 79 0.5669
32446 52 83 0.5669
32446 52 86 0.5669
32446 52 79 0.5669
32525 8 81 0.4961
32534 8 83 0.4961
32542 8 81 0.4961
32564 13 79 0.5039
32564 13 73 0.5039
32590 13 83 0.5039
32590 13 79 0.5039
32590 13 73 0.5039
32617 13 79 0.5039
32617 13 81 0.5039
32617 13 73 0.5039
32643 13 85 0.5039
32643 13 79 0.5039
32643 13 73 0.5039
32669 13 73 0.4961
32669 13 79 0.4961
32695 13 83 0.4961
32695 13 79 0.4961
32695 13 73 0.4961
32722 13 73 0.4961
32722 13 79 0.4961
32722 13 81 0.4961
32748 13 79 0.4961
32748 13 85 0.4961
32748 13 73 0.4961
32761 26 81 0.5512
32761 26 78 0.5512
32761 26 76 0.5512
32814 26 81 0.5039
32814 26 78 0.5039
32814 26 74 0.5039
32853 13 81 0.5039
32853 13 78 0.5039
32853 13 74 0.5039
32866 52 81 0.5039
32866 52 78 0.5039
32866 52 74 0.5039
32945 8 74 0.3937
32954 8 76 0.3937
32962 8 74 0.3937
32984 13 72 0.4016
32984 13 66 0.4016
33011 13 76 0.4016
33011 13 72 0.4016
33011 13 66 0.4016
33037 13 72 0.4016
33037 13 74 0.4016
33037 13 66 0.4016
33063 13 78 0.4016
33063 13 72 0.4016
33063 13 66 0.4016
33089 13 66 0.3937
33089 13 72 0.3937
33116 13 76 0.3937
33116 13 72 0.3937
33116 13 66 0.3937
33142 13 66 0.3937
33142 13 72 0.3937
33142 13 74 0.3937
33168 13 72 0.3937
33168 13 78 0.3937
33168 13 66 0.3937
33181 26 74 0.4724
33181 26 71 0.4724
33181 26 69 0.4724
33234 26 74 0.4016
33234 26 71 0.4016
33234 26 67 0.4016
33273 13 74 0.4016
33273 13 71 0.4016
33273 13 67 0.4016
33286 52 74 0.4016
33286 52 71 0.4016
33286 52 67 0.4016
33365 8 69 0.3701
33374 8 71 0.3701
33382 8 69 0.3701
33404 13 67 0.3701
33404 13 61 0.3701
33431 13 71 0.3701
33431 13 67 0.3701
33431 13 61 0.3701
33457 13 67 0.3701
33457 13 69 0.3701
33457 13 61 0.3701
33483 13 73 0.3701
33483 13 67 0.3701
33483 13 61 0.3701
33509 13 61 0.3701
33509 13 67 0.3701
33536 13 71 0.3701
33536 13 67 0.3701
33536 13 61 0.3701
33562 13 61 0.3701
33562 13 67 0.3701
33562 13 69 0.3701
33588 13 67 0.3701
33588 13 73 0.3701
33588 13 61 0.3701
33601 26 69 0.4331
33601 26 66 0.4331
33601 26 64 0.4331
33654 26 69 0.3701
33654 26 66 0.3701
33654 26 62 0.3701
33693 13 69 0.3701
33693 13 66 0.3701
33693 13 62 0.3701
33706 52 69 0.3701
33706 52 66 0.3701
33706 52 62 0.3701
33811 26 62 0.3543
33811 26 59 0.3543
33811 26 57 0.3543
33864 26 62 0.3307
33864 26 59 0.3307
33864 26 55 0.3307
33903 13 62 0.3307
33903 13 59 0.3307
33903 13 55 0.3307
33916 52 62 0.3307
33916 52 59 0.3307
33916 52 55 0.3307
34074 13 52 0.2756
34074 13 57 0.2756
34074 13 54 0.2756
34179 13 50 0.2756
34179 13 57 0.2756
34179 13 54 0.2756
34284 13 45 0.2756
34284 13 47 0.2756
34284 13 50 0.2756
34389 13 43 0.2756
34389 13 47 0.2756
34389 13 50 0.2756
34494 26 50 0.2756
34494 26 43 0.2756
34599 26 62 0.2756
34599 26 55 0.2756
34704 26 74 0.2913
34704 26 67 0.2913
34809 26 86 0.3071
34809 26 79 0.3071
34914 26 86 0.3071
34914 26 79 0.3071
35019 26 67 0.2913
35019 26 74 0.2913
35124 26 55 0.2756
35124 26 62 0.2756
35229 26 43 0.2677
35229 26 50 0.2677
35386 26 31 0.2362
35386 26 38 0.2362
35491 39 86 0.9921
35491 39 81 0.7402
35491 39 78 0.7323
35491 39 74 0.7323
0 26 38 0.2835
0 26 45 0.2835
157 26 38 0.2441
157 26 45 0.2441
183 26 45 0.2441
183 26 38 0.2441
210 26 38 0.2835
210 26 45 0.2835
367 26 38 0.2441
367 26 45 0.2441
393 26 45 0.2441
393 26 38 0.2441
420 26 45 0.2756
420 26 38 0.2756
472 6 50 0.2441
472 6 57 0.2441
498 6 50 0.2441
498 6 57 0.2441
525 26 50 0.2756
525 26 57 0.2756
577 6 38 0.2441
577 6 45 0.2441
603 6 38 0.2441
603 6 45 0.2441
630 52 45 0.2756
630 52 38 0.2756
682 26 50 0.2598
682 26 57 0.2598
721 13 50 0.2598
721 13 57 0.2598
735 52 57 0.2598
735 52 50 0.2598
840 52 35 0.2677
840 52 42 0.2677
892 6 54 0.2441
892 6 47 0.2441
918 6 47 0.2441
918 6 54 0.2441
945 52 40 0.2677
945 52 47 0.2677
997 13 52 0.2441
997 13 59 0.2441
1023 6 52 0.2441
1023 6 59 0.2441
1050 52 33 0.2756
1050 52 40 0.2756
1102 26 57 0.2598
1102 26 64 0.2598
1141 13 64 0.2598
1141 13 57 0.2598
1155 26 64 0.2598
1155 26 57 0.2598
1260 52 43 0.3071
1260 52 50 0.3071
1312 6 62 0.2992
1312 6 55 0.2992
1338 6 55 0.2992
1338 6 62 0.2992
1365 52 55 0.3228
1365 52 62 0.3228
1470 52 40 0.2835
1470 52 47 0.2835
1522 26 59 0.2677
1522 26 52 0.2677
1561 13 52 0.2677
1561 13 59 0.2677
1575 52 52 0.2835
1575 52 59 0.2835
1680 52 45 0.3071
1680 52 52 0.3071
1732 6 64 0.2835
1732 6 57 0.2835
1758 6 57 0.2835
1758 6 64 0.2835
1785 52 57 0.3071
1785 52 64 0.3071
1890 52 45 0.3071
1890 52 38 0.3071
1942 26 69 0.2835
1942 26 62 0.2835
1981 13 69 0.2835
1981 13 62 0.2835
1995 52 62 0.2835
1995 52 69 0.2835
2047 26 50 0.2126
2047 26 57 0.2126
2073 26 50 0.2126
2073 26 57 0.2126
2100 26 50 0.2441
2100 26 57 0.2441
2257 26 50 0.2126
2257 26 57 0.2126
2283 26 50 0.2126
2283 26 57 0.2126
2310 26 57 0.2362
2310 26 50 0.2362
2467 26 50 0.2126
2467 26 57 0.2126
2493 26 50 0.2126
2493 26 57 0.2126
2520 26 50 0.2441
2520 26 57 0.2441
2572 6 62 0.2126
2572 6 69 0.2126
2598 6 69 0.2126
2598 6 62 0.2126
2625 26 62 0.2441
2625 26 69 0.2441
2677 6 57 0.2126
2677 6 50 0.2126
2703 6 57 0.2126
2703 6 50 0.2126
2730 52 50 0.2441
2730 52 57 0.2441
2782 26 62 0.2362
2782 26 69 0.2362
2822 13 62 0.2362
2822 13 69 0.2362
2835 52 69 0.2362
2835 52 62 0.2362
2940 52 47 0.2362
2940 52 54 0.2362
2992 6 66 0.2126
2992 6 59 0.2126
3018 6 59 0.2126
3018 6 66 0.2126
3045 52 52 0.2362
3045 52 59 0.2362
3097 6 64 0.2126
3097 6 71 0.2126
3123 6 71 0.2126
3123 6 64 0.2126
3150 52 57 0.2362
3150 52 64 0.2362
3202 26 69 0.2205
3202 26 76 0.2205
3242 13 76 0.2205
3242 13 69 0.2205
3255 26 76 0.2205
3255 26 69 0.2205
3360 52 55 0.2756
3360 52 62 0.2756
3412 6 67 0.2598
3412 6 74 0.2598
3438 6 74 0.2598
3438 6 67 0.2598
3465 52 67 0.2835
3465 52 74 0.2835
3570 52 52 0.2598
3570 52 59 0.2598
3622 26 71 0.2283
3622 26 64 0.2283
3662 13 64 0.2283
3662 13 71 0.2283
3675 52 71 0.2598
3675 52 64 0.2598
3780 52 57 0.2677
3780 52 64 0.2677
3832 6 76 0.2598
3832 6 69 0.2598
3858 6 69 0.2598
3858 6 76 0.2598
3885 52 69 0.2756
3885 52 76 0.2756
3990 52 69 0.2677
3990 52 62 0.2677
4042 26 81 0.2598
4042 26 74 0.2598
4082 13 81 0.2598
4082 13 74 0.2598
4095 52 74 0.2598
4095 52 81 0.2598
4200 52 45 0.6299
4200 52 52 0.6299
4252 13 45 0.5669
4252 13 52 0.5669
4278 13 52 0.5669
4278 13 45 0.5669
4305 52 45 0.6299
4305 52 52 0.6299
4357 13 45 0.5669
4357 13 52 0.5669
4383 13 45 0.5669
4383 13 52 0.5669
4410 52 45 0.5591
4410 52 52 0.5591
4462 26 45 0.5039
4462 26 52 0.5039
4488 13 45 0.5039
4488 13 52 0.5039
4515 52 45 0.5591
4515 52 52 0.5591
4567 26 45 0.5039
4567 26 52 0.5039
4593 13 45 0.5039
4593 13 52 0.5039
4830 52 56 0.4646
5040 13 43 0.2598
5040 13 52 0.2598
5053 13 55 0.2598
5066 13 60 0.2598
5079 13 64 0.2598
5145 13 43 0.2598
5145 13 50 0.2598
5158 13 55 0.2598
5171 13 59 0.2598
5184 13 65 0.2598
5250 52 36 0.2598
5250 52 43 0.2598
5302 13 48 0.2362
5302 13 55 0.2362
5329 13 48 0.2362
5329 13 55 0.2362
5355 39 48 0.2598
5355 39 55 0.2598
5407 13 55 0.5669
5407 13 48 0.5669
5434 13 48 0.5669
5434 13 55 0.5669
5460 52 48 0.5591
5460 52 55 0.5591
5512 26 55 0.5039
5512 26 48 0.5039
5539 13 48 0.5039
5539 13 55 0.5039
5565 52 55 0.5591
5565 52 48 0.5591
5617 26 55 0.5039
5617 26 48 0.5039
5644 13 55 0.5039
5644 13 48 0.5039
5880 52 59 0.4646
6090 13 46 0.2598
6090 13 55 0.2598
6103 13 58 0.2598
6116 13 63 0.2598
6129 13 67 0.2598
6195 13 53 0.2598
6195 13 46 0.2598
6208 13 58 0.2598
6221 13 62 0.2598
6234 13 68 0.2598
6300 52 46 0.2598
6300 52 39 0.2598
6352 13 58 0.2362
6352 13 51 0.2362
6379 13 58 0.2362
6379 13 51 0.2362
6405 52 58 0.2598
6405 52 51 0.2598
6457 13 46 0.2126
6457 13 51 0.2126
6484 13 39 0.1811
6510 13 46 0.1811
6510 13 51 0.1811
6536 13 39 0.2047
6562 13 46 0.2283
6562 13 51 0.2283
6589 13 39 0.2126
6615 13 46 0.2126
6615 13 51 0.2126
6641 13 39 0.2205
6667 13 46 0.2756
6667 13 51 0.2756
6694 13 39 0.2362
6720 13 46 0.2362
6720 13 51 0.2362
6746 13 39 0.2362
6772 13 46 0.2835
6772 13 51 0.2835
6799 13 39 0.2598
6825 13 46 0.2598
6825 13 51 0.2598
6851 13 39 0.2598
6877 13 48 0.2598
6877 13 51 0.2598
6904 13 39 0.2362
6930 13 48 0.2441
6930 13 51 0.2441
6956 13 39 0.2362
6982 13 48 0.2677
6982 13 51 0.2677
7009 13 39 0.2441
7035 13 48 0.252
7035 13 51 0.252
7061 13 39 0.252
7087 13 48 0.315
7087 13 51 0.315
7114 13 39 0.2677
7140 13 48 0.2756
7140 13 51 0.2756
7166 13 39 0.2756
7192 13 48 0.3307
7192 13 51 0.3307
7219 13 39 0.2913
7245 13 48 0.2992
7245 13 51 0.2992
7271 13 39 0.2992
7297 13 44 0.3465
7297 13 54 0.3465
7324 13 39 0.3307
7350 13 44 0.3465
7350 13 54 0.3465
7376 13 39 0.3071
7402 13 44 0.3543
7402 13 54 0.3543
7429 13 39 0.3307
7455 13 44 0.3307
7455 13 54 0.3307
7481 13 39 0.3465
7507 13 44 0.378
7507 13 54 0.378
7534 13 39 0.3307
7560 13 44 0.3701
7560 13 54 0.3701
7586 13 39 0.3465
7612 13 44 0.3937
7612 13 54 0.3937
7639 13 39 0.3622
7665 13 44 0.3622
7665 13 54 0.3622
7691 13 39 0.3622
7717 13 44 0.3937
7717 13 53 0.3937
7744 13 39 0.3622
7770 13 44 0.378
7770 13 53 0.378
7796 13 39 0.3622
7822 13 44 0.4016
7822 13 53 0.4016
7849 13 39 0.3701
7875 13 44 0.3937
7875 13 53 0.3937
7901 13 39 0.3701
7927 13 44 0.4724
7927 13 53 0.4724
7954 13 39 0.3937
7980 13 44 0.4409
7980 13 53 0.4409
8006 13 39 0.4016
8032 13 44 0.4646
8032 13 53 0.4646
8059 13 39 0.4173
8085 13 44 0.4488
8085 13 53 0.4488
8111 13 39 0.4173
8137 26 39 0.4724
8137 26 46 0.4724
8137 26 53 0.4724
8164 26 39 0.4331
8164 26 46 0.4331
8164 26 53 0.4331
8190 52 39 0.4488
8190 52 46 0.4488
8190 52 53 0.4488
8242 26 51 0.4173
8242 26 58 0.4173
8242 26 65 0.4173
8269 26 51 0.4173
8269 26 58 0.4173
8269 26 65 0.4173
8295 52 51 0.4803
8295 52 58 0.4803
8295 52 65 0.4803
8347 26 39 0.4646
8347 26 46 0.4646
8347 26 53 0.4646
8374 26 39 0.4331
8374 26 46 0.4331
8374 26 53 0.4331
8400 52 39 0.4646
8400 52 46 0.4646
8400 52 53 0.4646
8452 26 51 0.4803
8452 26 58 0.4803
8452 26 65 0.4803
8479 26 51 0.4409
8479 26 58 0.4409
8479 26 65 0.4409
8505 52 51 0.5039
8505 52 58 0.5039
8505 52 65 0.5039
8557 13 65 0.5906
8557 13 53 0.5906
8584 13 55 0.5906
8584 13 67 0.5906
8610 13 68 0.6457
8610 13 56 0.6457
8636 13 72 0.5906
8636 13 60 0.5906
8662 13 68 0.5906
8662 13 56 0.5906
8689 13 65 0.5906
8689 13 53 0.5906
8715 26 68 0.6457
8715 26 56 0.6457
8741 26 65 0.5906
8741 26 53 0.5906
8767 26 62 0.5906
8767 26 50 0.5906
8794 26 53 0.5906
8794 26 65 0.5906
8820 26 50 0.6457
8820 26 62 0.6457
8846 26 46 0.5906
8846 26 58 0.5906
8872 26 62 0.5906
8872 26 50 0.5906
8899 26 46 0.5906
8899 26 58 0.5906
8925 26 43 0.6457
8925 26 55 0.6457
8951 26 46 0.5906
8951 26 58 0.5906
8977 26 43 0.5906
8977 26 55 0.5906
9004 26 39 0.5906
9004 26 51 0.5906
9030 26 43 0.6693
9030 26 55 0.6693
9056 26 39 0.622
9056 26 51 0.622
9082 26 36 0.622
9082 26 48 0.622
9109 26 39 0.622
9109 26 51 0.622
9135 26 36 0.6693
9135 26 48 0.6693
9161 26 32 0.6378
9161 26 44 0.6378
9187 26 36 0.6772
9187 26 48 0.6772
9214 26 32 0.748
9214 26 44 0.748
9240 210 31 0.7087
9240 210 43 0.8425
9292 52 51 0.6929
9292 52 48 0.5827
9292 52 44 0.5827
9345 52 63 0.6929
9345 52 60 0.5827
9345 52 56 0.5827
9397 52 75 0.6929
9397 52 72 0.5827
9397 52 68 0.5827
9450 210 30 0.7087
9450 210 42 0.8425
9502 52 51 0.6929
9502 52 48 0.5827
9502 52 44 0.5827
9555 52 63 0.6929
9555 52 60 0.5827
9555 52 56 0.5827
9607 52 75 0.6929
9607 52 72 0.5827
9607 52 68 0.5827
9660 210 29 0.7323
9660 210 41 0.8661
9712 52 51 0.6929
9712 52 47 0.5827
9712 52 44 0.5827
9765 52 63 0.6929
9765 52 59 0.5827
9765 52 56 0.5827
9817 52 75 0.6929
9817 52 71 0.5827
9817 52 68 0.5827
9870 210 28 0.7323
9870 105 40 0.8661
9922 52 49 0.6929
9922 52 45 0.5827
9922 157 40 0.5827
9975 52 57 0.5827
9975 52 61 0.6929
9975 52 52 0.5827
10027 26 73 0.6929
10027 26 69 0.5827
10027 26 64 0.5827
10080 13 38 0.622
10080 13 45 0.622
10093 13 50 0.5354
10106 13 54 0.5354
10119 13 57 0.5354
10133 10 62 0.5512
10143 10 57 0.5512
10154 10 54 0.5433
10164 10 50 0.5354
10175 10 45 0.5354
10185 10 38 0.5039
10196 10 45 0.5433
10206 10 50 0.5512
10217 10 54 0.5591
10227 10 57 0.5748
10238 26 62 0.5906
10290 26 38 0.6063
10290 26 45 0.6063
10290 26 50 0.6063
10316 52 62 0.5354
10316 52 57 0.5354
10316 52 54 0.5354
10369 52 66 0.5354
10369 52 62 0.5354
10369 52 57 0.5354
10421 26 69 0.5354
10421 26 66 0.5354
10421 26 62 0.5354
10500 8 35 0.5197
10509 8 42 0.4646
10518 8 47 0.4646
10526 8 50 0.4646
10535 8 54 0.4646
10544 8 59 0.4646
10553 26 62 0.4646
10605 10 40 0.5197
10616 10 47 0.4646
10626 10 52 0.4646
10637 10 56 0.4646
10647 10 62 0.4646
10658 26 66 0.4646
10710 26 33 0.5906
10710 26 40 0.5906
10710 26 45 0.5906
10736 52 61 0.5039
10736 52 57 0.5039
10736 52 52 0.5039
10789 52 64 0.5039
10789 52 61 0.5039
10789 52 57 0.5039
10841 26 69 0.5039
10841 26 64 0.5039
10841 26 61 0.5039
10920 13 43 0.5118
10920 13 50 0.5118
10933 13 55 0.4488
10946 13 59 0.4488
10959 13 62 0.4488
10973 10 67 0.5118
10983 10 62 0.4646
10994 10 59 0.4567
11004 10 55 0.4567
11015 10 50 0.4488
11025 10 43 0.4409
11036 10 47 0.4409
11046 10 55 0.4488
11057 10 59 0.4488
11067 10 62 0.4488
11078 26 67 0.4488
11130 26 40 0.5748
11130 26 47 0.5748
11130 26 52 0.5748
11156 52 66 0.4882
11156 52 62 0.4882
11156 52 59 0.4882
11156 52 55 0.4882
11209 52 67 0.4882
11209 52 66 0.4882
11209 52 62 0.4882
11209 52 59 0.4882
11261 26 71 0.4882
11261 26 67 0.4882
11261 26 66 0.4882
11261 26 62 0.4882
11340 10 45 0.5433
11351 10 52 0.4724
11361 10 57 0.4724
11372 10 62 0.4724
11382 10 67 0.4724
11393 26 71 0.4724
11445 10 45 0.5433
11456 10 52 0.4724
11466 10 57 0.4724
11477 10 62 0.4724
11487 10 67 0.4724
11498 26 71 0.4724
11550 26 38 0.5906
11550 26 45 0.5906
11550 26 50 0.5906
11576 52 66 0.5039
11576 52 62 0.5039
11576 52 57 0.5039
11629 52 69 0.5039
11629 52 66 0.5039
11629 52 62 0.5039
11681 26 66 0.4882
11681 26 69 0.4882
11681 26 74 0.4882
11760 105 43 0.3465
11760 105 50 0.3465
11865 105 43 0.3465
11865 105 50 0.3465
11970 105 43 0.2362
11970 105 50 0.2362
12075 26 59 0.3465
12075 105 43 0.2362
12075 105 50 0.2362
12101 52 57 0.3543
12154 26 55 0.315
12180 105 43 0.2126
12180 105 50 0.2126
12180 105 54 0.3307
12285 26 57 0.3465
12285 105 43 0.2362
12285 105 50 0.2362
12311 52 55 0.3622
12364 26 54 0.315
12390 105 52 0.3307
12390 105 43 0.2126
12390 105 50 0.2126
12495 26 55 0.3465
12495 105 40 0.2913
12521 52 54 0.3622
12574 26 52 0.3307
12600 105 33 0.3465
12600 105 45 0.3465
12705 26 38 0.3937
12705 26 45 0.3937
12731 52 62 0.4331
12731 52 50 0.4331
12784 26 49 0.4331
12784 26 61 0.4331
12810 105 48 0.315
12810 105 55 0.315
12810 105 60 0.315
12915 105 55 0.2677
12915 26 52 0.2441
12915 26 64 0.2441
12941 52 50 0.2835
12941 52 62 0.2835
12994 26 48 0.2205
12994 26 60 0.2205
13020 105 47 0.2441
13020 105 54 0.2441
13020 105 59 0.2441
13125 105 54 0.2835
13125 26 50 0.2441
13125 26 62 0.2441
13151 52 48 0.2835
13151 52 60 0.2835
13204 26 47 0.2283
13204 26 59 0.2283
13230 105 45 0.2362
13230 105 52 0.2362
13230 105 57 0.2362
13335 105 33 0.4331
13335 26 60 0.4488
13361 52 59 0.4016
13414 26 57 0.3543
13440 105 38 0.315
13440 105 50 0.315
13545 72 43 0.2362
13545 72 50 0.2362
13617 452 54 0.2126
13624 446 63 0.2126
13630 439 66 0.2126
13755 26 71 0.2283
13781 52 70 0.2283
13834 26 68 0.2126
13860 105 70 0.2126
13965 26 70 0.2283
13991 52 68 0.2283
14044 26 66 0.2126
14070 105 63 0.2283
14070 105 66 0.2283
14175 105 61 0.2677
14175 105 68 0.2677
14280 105 64 0.2441
14280 105 54 0.2441
14385 26 64 0.2441
14385 105 59 0.1969
14411 45 63 0.2441
14457 452 50 0.1811
14464 446 59 0.1811
14471 439 62 0.1811
14595 26 67 0.2283
14621 52 66 0.2283
14674 26 64 0.2126
14700 105 66 0.2126
14805 26 66 0.2283
14831 52 64 0.2283
14884 26 62 0.2126
14910 105 59 0.2126
14910 105 62 0.2126
15015 105 57 0.2362
15015 105 64 0.2362
15120 105 60 0.2283
15120 105 50 0.2283
15225 26 59 0.2283
15252 52 57 0.2283
15304 26 54 0.2283
15330 52 43 0.1811
15330 52 50 0.1811
15383 52 74 0.2677
15435 26 59 0.2283
15435 105 43 0.2047
15435 105 50 0.2047
15462 52 57 0.2756
15514 26 55 0.2441
15540 52 43 0.1732
15540 52 50 0.1732
15540 52 54 0.1732
15593 52 74 0.2756
15645 26 57 0.2283
15645 105 43 0.2047
15645 105 50 0.2047
15672 52 55 0.2835
15724 26 54 0.2441
15750 52 52 0.1732
15750 52 43 0.1732
15750 52 50 0.1732
15803 39 74 0.2677
15842 118 40 0.2362
15855 26 55 0.2677
15882 52 54 0.2835
15934 26 52 0.2441
15960 52 33 0.2835
15960 52 45 0.2835
16013 52 69 0.2835
16065 26 38 0.3307
16065 26 45 0.3307
16092 52 62 0.3622
16092 52 50 0.3622
16144 26 49 0.3622
16144 26 61 0.3622
16170 52 48 0.2756
16170 52 55 0.2756
16170 52 60 0.2756
16223 52 79 0.3622
16275 105 55 0.1732
16275 26 52 0.1811
16275 26 64 0.1811
16302 52 50 0.2441
16302 52 62 0.2441
16354 26 48 0.1969
16354 26 60 0.1969
16380 52 47 0.2126
16380 52 54 0.2126
16380 52 59 0.2126
16433 52 78 0.3622
16485 105 54 0.1732
16485 26 50 0.1811
16485 26 62 0.1811
16512 52 48 0.2441
16512 52 60 0.2441
16564 26 47 0.1969
16564 26 59 0.1969
16590 52 45 0.2047
16590 52 52 0.2047
16590 52 57 0.2047
16643 39 76 0.3465
16682 118 33 0.4409
16695 26 60 0.4331
16722 52 59 0.3307
16774 26 57 0.2913
16800 52 38 0.2756
16800 52 50 0.2756
16853 52 74 0.2992
16905 78 43 0.2047
16905 78 50 0.2047
16978 452 54 0.2126
16984 446 63 0.2126
16991 439 66 0.2126
17115 26 71 0.2283
17142 52 70 0.2283
17194 26 68 0.2126
17220 105 70 0.2126
17325 26 70 0.2283
17352 52 68 0.2283
17404 26 66 0.2126
17430 105 63 0.2283
17430 105 66 0.2283
17535 105 61 0.2677
17535 105 68 0.2677
17640 105 64 0.2441
17640 105 54 0.2441
17745 26 64 0.2441
17745 105 59 0.1969
17772 45 63 0.2441
17818 452 50 0.1811
17824 446 59 0.1811
17831 439 62 0.1811
17955 26 67 0.2283
17982 52 66 0.2283
18034 26 64 0.2126
18060 105 66 0.2126
18165 26 66 0.2283
18192 52 64 0.2283
18244 26 62 0.2126
18270 105 59 0.2126
18270 105 62 0.2126
18375 105 57 0.2362
18375 105 64 0.2362
18480 105 60 0.2283
18480 105 50 0.2283
18585 26 59 0.2283
18612 52 57 0.2283
18664 26 54 0.2283
18690 52 43 0.1811
18690 52 50 0.1811
18743 52 74 0.2677
18795 26 59 0.2283
18795 105 43 0.2047
18795 105 50 0.2047
18822 52 57 0.2756
18874 26 55 0.2441
18900 52 43 0.1732
18900 52 50 0.1732
18900 52 54 0.1732
18953 52 74 0.2756
19005 26 57 0.2283
19005 105 43 0.2047
19005 105 50 0.2047
19032 52 55 0.2835
19084 26 54 0.2441
19110 52 52 0.1732
19110 52 43 0.1732
19110 52 50 0.1732
19163 39 74 0.2756
19202 118 40 0.2362
19215 26 55 0.2677
19242 52 54 0.2835
19294 26 52 0.2441
19320 52 33 0.2835
19320 52 45 0.2835
19373 52 69 0.2835
19425 26 38 0.3307
19425 26 45 0.3307
19452 52 62 0.3622
19452 52 50 0.3622
19504 26 49 0.3622
19504 26 61 0.3622
19530 52 48 0.2756
19530 52 55 0.2756
19530 52 60 0.2756
19583 52 79 0.3701
19635 105 55 0.1732
19635 26 52 0.1811
19635 26 64 0.1811
19662 52 50 0.2441
19662 52 62 0.2441
19714 26 48 0.1969
19714 26 60 0.1969
19740 52 47 0.2126
19740 52 54 0.2126
19740 52 59 0.2126
19793 52 78 0.3622
19845 105 54 0.1732
19845 26 50 0.1811
19845 26 62 0.1811
19872 52 48 0.2441
19872 52 60 0.2441
19924 26 47 0.1969
19924 26 59 0.1969
19950 52 45 0.2047
19950 52 52 0.2047
19950 52 57 0.2047
20003 39 76 0.3307
20042 118 33 0.4409
20055 26 60 0.4331
20082 52 59 0.3307
20134 26 57 0.2913
20160 52 38 0.2756
20160 52 50 0.2756
20213 52 74 0.2756
20266 78 43 0.2047
20266 78 50 0.2047
20371 26 38 0.2835
20371 26 45 0.2835
20528 26 38 0.2441
20528 26 45 0.2441
20554 26 38 0.2441
20554 26 45 0.2441
20581 26 38 0.2835
20581 26 45 0.2835
20738 26 38 0.2441
20738 26 45 0.2441
20764 26 38 0.2441
20764 26 45 0.2441
20791 26 38 0.2756
20791 26 45 0.2756
20843 6 50 0.2441
20843 6 57 0.2441
20869 6 50 0.2441
20869 6 57 0.2441
20896 26 57 0.2756
20896 26 50 0.2756
20948 6 38 0.2441
20948 6 45 0.2441
20974 6 38 0.2441
20974 6 45 0.2441
21001 52 38 0.2756
21001 52 45 0.2756
21053 26 50 0.2598
21053 26 57 0.2598
21092 13 50 0.2598
21092 13 57 0.2598
21106 52 50 0.2598
21106 52 57 0.2598
21211 52 35 0.2677
21211 52 42 0.2677
21263 6 47 0.2441
21263 6 54 0.2441
21289 6 47 0.2441
21289 6 54 0.2441
21316 52 40 0.2677
21316 52 47 0.2677
21368 6 52 0.2441
21368 6 59 0.2441
21394 6 52 0.2441
21394 6 59 0.2441
21421 52 33 0.2756
21421 52 40 0.2756
21473 26 64 0.2598
21473 26 57 0.2598
21512 13 64 0.2598
21512 13 57 0.2598
21526 26 64 0.2598
21526 26 57 0.2598
21631 52 43 0.3071
21631 52 50 0.3071
21683 6 62 0.2992
21683 6 55 0.2992
21709 6 62 0.2992
21709 6 55 0.2992
21736 52 55 0.3228
21736 52 62 0.3228
21841 52 40 0.2835
21841 52 47 0.2835
21893 26 59 0.2677
21893 26 52 0.2677
21932 13 59 0.2677
21932 13 52 0.2677
21946 52 52 0.2835
21946 52 59 0.2835
22051 52 45 0.3071
22051 52 52 0.3071
22103 6 64 0.2835
22103 6 57 0.2835
22129 6 64 0.2835
22129 6 57 0.2835
22156 52 57 0.3071
22156 52 64 0.3071
22261 52 38 0.3071
22261 52 45 0.3071
22313 26 69 0.2835
22313 26 62 0.2835
22352 13 69 0.2835
22352 13 62 0.2835
22366 52 69 0.2835
22366 52 62 0.2835
22418 26 50 0.2126
22418 26 57 0.2126
22444 26 50 0.2126
22444 26 57 0.2126
22471 26 50 0.2441
22471 26 57 0.2441
22628 26 50 0.2126
22628 26 57 0.2126
22654 26 50 0.2126
22654 26 57 0.2126
22681 26 50 0.2362
22681 26 57 0.2362
22838 26 50 0.2126
22838 26 57 0.2126
22864 26 50 0.2126
22864 26 57 0.2126
22891 26 50 0.2441
22891 26 57 0.2441
22943 6 62 0.2126
22943 6 69 0.2126
22969 6 62 0.2126
22969 6 69 0.2126
22996 26 69 0.2441
22996 26 62 0.2441
23048 6 50 0.2126
23048 6 57 0.2126
23074 6 50 0.2126
23074 6 57 0.2126
23101 52 50 0.2441
23101 52 57 0.2441
23153 26 62 0.2362
23153 26 69 0.2362
23193 13 62 0.2362
23193 13 69 0.2362
23206 52 62 0.2362
23206 52 69 0.2362
23311 52 47 0.2362
23311 52 54 0.2362
23363 6 59 0.2126
23363 6 66 0.2126
23389 6 59 0.2126
23389 6 66 0.2126
23416 52 52 0.2362
23416 52 59 0.2362
23468 6 64 0.2126
23468 6 71 0.2126
23494 6 64 0.2126
23494 6 71 0.2126
23521 52 57 0.2362
23521 52 64 0.2362
23573 26 76 0.2205
23573 26 69 0.2205
23613 13 76 0.2205
23613 13 69 0.2205
23626 26 76 0.2205
23626 26 69 0.2205
23731 52 55 0.2756
23731 52 62 0.2756
23783 6 74 0.2598
23783 6 67 0.2598
23809 6 74 0.2598
23809 6 67 0.2598
23836 52 67 0.2835
23836 52 74 0.2835
23941 52 52 0.2598
23941 52 59 0.2598
23993 26 71 0.2283
23993 26 64 0.2283
24033 13 71 0.2283
24033 13 64 0.2283
24046 52 64 0.2598
24046 52 71 0.2598
24151 52 57 0.2677
24151 52 64 0.2677
24203 6 76 0.2598
24203 6 69 0.2598
24229 6 76 0.2598
24229 6 69 0.2598
24256 52 69 0.2756
24256 52 76 0.2756
24361 52 62 0.2677
24361 52 69 0.2677
24413 26 81 0.2598
24413 26 74 0.2598
24453 13 81 0.2598
24453 13 74 0.2598
24466 52 81 0.2598
24466 52 74 0.2598
24571 52 45 0.6299
24571 52 52 0.6299
24623 13 45 0.5669
24623 13 52 0.5669
24649 13 52 0.5669
24649 13 45 0.5669
24676 52 45 0.6299
24676 52 52 0.6299
24728 13 45 0.5669
24728 13 52 0.5669
24754 13 45 0.5669
24754 13 52 0.5669
24781 52 45 0.5591
24781 52 52 0.5591
24833 26 45 0.5039
24833 26 52 0.5039
24859 13 45 0.5039
24859 13 52 0.5039
24886 52 45 0.5591
24886 52 52 0.5591
24938 26 45 0.5039
24938 26 52 0.5039
24964 13 45 0.5039
24964 13 52 0.5039
25201 52 56 0.4646
25411 13 43 0.2598
25411 13 52 0.2598
25424 13 55 0.2598
25437 13 60 0.2598
25450 13 64 0.2598
25516 13 43 0.2598
25516 13 50 0.2598
25529 13 55 0.2598
25542 13 59 0.2598
25555 13 65 0.2598
25621 52 36 0.2598
25621 52 43 0.2598
25673 13 48 0.2362
25673 13 55 0.2362
25700 13 48 0.2362
25700 13 55 0.2362
25726 39 48 0.2598
25726 39 55 0.2598
25778 13 55 0.5669
25778 13 48 0.5669
25805 13 48 0.5669
25805 13 55 0.5669
25831 52 48 0.5591
25831 52 55 0.5591
25883 26 55 0.5039
25883 26 48 0.5039
25910 13 48 0.5039
25910 13 55 0.5039
25936 52 55 0.5591
25936 52 48 0.5591
25988 26 55 0.5039
25988 26 48 0.5039
26015 13 55 0.5039
26015 13 48 0.5039
26251 52 59 0.4646
26461 13 46 0.2598
26461 13 55 0.2598
26474 13 58 0.2598
26487 13 63 0.2598
26500 13 67 0.2598
26566 13 53 0.2598
26566 13 46 0.2598
26579 13 58 0.2598
26592 13 62 0.2598
26605 13 68 0.2598
26671 52 46 0.2598
26671 52 39 0.2598
26723 13 58 0.2362
26723 13 51 0.2362
26750 13 58 0.2362
26750 13 51 0.2362
26776 52 58 0.2598
26776 52 51 0.2598
26828 13 46 0.2126
26828 13 51 0.2126
26855 13 39 0.1811
26881 13 46 0.1811
26881 13 51 0.1811
26907 13 39 0.2047
26933 13 46 0.2283
26933 13 51 0.2283
26960 13 39 0.2126
26986 13 46 0.2126
26986 13 51 0.2126
27012 13 39 0.2205
27038 13 46 0.2756
27038 13 51 0.2756
27065 13 39 0.2362
27091 13 46 0.2362
27091 13 51 0.2362
27117 13 39 0.2362
27143 13 46 0.2835
27143 13 51 0.2835
27170 13 39 0.2598
27196 13 46 0.2598
27196 13 51 0.2598
27222 13 39 0.2598
27248 13 48 0.2598
27248 13 51 0.2598
27275 13 39 0.2362
27301 13 48 0.2441
27301 13 51 0.2441
27327 13 39 0.2362
27353 13 48 0.2677
27353 13 51 0.2677
27380 13 39 0.2441
27406 13 48 0.252
27406 13 51 0.252
27432 13 39 0.252
27458 13 48 0.315
27458 13 51 0.315
27485 13 39 0.2677
27511 13 48 0.2756
27511 13 51 0.2756
27537 13 39 0.2756
27563 13 48 0.3307
27563 13 51 0.3307
27590 13 39 0.2913
27616 13 48 0.2992
27616 13 51 0.2992
27642 13 39 0.2992
27668 13 44 0.3465
27668 13 54 0.3465
27695 13 39 0.3307
27721 13 44 0.3465
27721 13 54 0.3465
27747 13 39 0.3071
27773 13 44 0.3543
27773 13 54 0.3543
27800 13 39 0.3307
27826 13 44 0.3307
27826 13 54 0.3307
27852 13 39 0.3465
27878 13 44 0.378
27878 13 54 0.378
27905 13 39 0.3307
27931 13 44 0.3701
27931 13 54 0.3701
27957 13 39 0.3465
27983 13 44 0.3937
27983 13 54 0.3937
28010 13 39 0.3622
28036 13 44 0.3622
28036 13 54 0.3622
28062 13 39 0.3622
28088 13 44 0.3937
28088 13 53 0.3937
28115 13 39 0.3622
28141 13 44 0.378
28141 13 53 0.378
28167 13 39 0.3622
28193 13 44 0.4016
28193 13 53 0.4016
28220 13 39 0.3701
28246 13 44 0.3937
28246 13 53 0.3937
28272 13 39 0.3701
28298 13 44 0.4724
28298 13 53 0.4724
28325 13 39 0.3937
28351 13 44 0.4409
28351 13 53 0.4409
28377 13 39 0.4016
28403 13 44 0.4646
28403 13 53 0.4646
28430 13 39 0.4173
28456 13 44 0.4488
28456 13 53 0.4488
28482 13 39 0.4173
28508 26 39 0.4724
28508 26 46 0.4724
28508 26 53 0.4724
28535 26 39 0.4331
28535 26 46 0.4331
28535 26 53 0.4331
28561 52 39 0.4488
28561 52 46 0.4488
28561 52 53 0.4488
28613 26 51 0.4173
28613 26 58 0.4173
28613 26 65 0.4173
28640 26 51 0.4173
28640 26 58 0.4173
28640 26 65 0.4173
28666 52 51 0.4803
28666 52 58 0.4803
28666 52 65 0.4803
28718 26 39 0.4646
28718 26 46 0.4646
28718 26 53 0.4646
28745 26 39 0.4331
28745 26 46 0.4331
28745 26 53 0.4331
28771 52 39 0.4646
28771 52 46 0.4646
28771 52 53 0.4646
28823 26 51 0.4803
28823 26 58 0.4803
28823 26 65 0.4803
28850 26 51 0.4409
28850 26 58 0.4409
28850 26 65 0.4409
28876 52 51 0.5039
28876 52 58 0.5039
28876 52 65 0.5039
28928 13 65 0.5906
28928 13 53 0.5906
28955 13 55 0.5906
28955 13 67 0.5906
28981 13 68 0.6457
28981 13 56 0.6457
29007 13 72 0.5906
29007 13 60 0.5906
29033 13 68 0.5906
29033 13 56 0.5906
29060 13 65 0.5906
29060 13 53 0.5906
29086 26 68 0.6457
29086 26 56 0.6457
29112 26 65 0.5906
29112 26 53 0.5906
29138 26 62 0.5906
29138 26 50 0.5906
29165 26 53 0.5906
29165 26 65 0.5906
29191 26 50 0.6457
29191 26 62 0.6457
29217 26 46 0.5906
29217 26 58 0.5906
29243 26 62 0.5906
29243 26 50 0.5906
29270 26 46 0.5906
29270 26 58 0.5906
29296 26 43 0.6457
29296 26 55 0.6457
29322 26 46 0.5906
29322 26 58 0.5906
29348 26 43 0.5906
29348 26 55 0.5906
29375 26 39 0.5906
29375 26 51 0.5906
29401 26 43 0.6693
29401 26 55 0.6693
29427 26 39 0.622
29427 26 51 0.622
29453 26 36 0.622
29453 26 48 0.622
29480 26 39 0.622
29480 26 51 0.622
29506 26 36 0.6693
29506 26 48 0.6693
29532 26 32 0.6378
29532 26 44 0.6378
29558 26 36 0.6772
29558 26 48 0.6772
29585 26 32 0.748
29585 26 44 0.748
29611 210 31 0.7087
29611 210 43 0.8425
29663 52 51 0.6929
29663 52 48 0.5827
29663 52 44 0.5827
29716 52 63 0.6929
29716 52 60 0.5827
29716 52 56 0.5827
29768 52 75 0.6929
29768 52 72 0.5827
29768 52 68 0.5827
29821 210 30 0.7087
29821 210 42 0.8425
29873 52 51 0.6929
29873 52 48 0.5827
29873 52 44 0.5827
29926 52 63 0.6929
29926 52 60 0.5827
29926 52 56 0.5827
29978 52 75 0.6929
29978 52 72 0.5827
29978 52 68 0.5827
30031 210 29 0.7323
30031 210 41 0.8661
30083 52 51 0.6929
30083 52 47 0.5827
30083 52 44 0.5827
30136 52 63 0.6929
30136 52 59 0.5827
30136 52 56 0.5827
30188 52 75 0.6929
30188 52 71 0.5827
30188 52 68 0.5827
30241 210 28 0.7323
30241 105 40 0.8661
30294 52 49 0.6929
30294 52 45 0.5827
30294 157 40 0.5827
30346 52 57 0.5827
30346 52 61 0.6929
30346 52 52 0.5827
30399 26 73 0.6929
30399 26 69 0.5827
30399 26 64 0.5827
30451 13 38 0.622
30451 13 45 0.622
30464 13 50 0.5354
30477 13 54 0.5354
30490 13 57 0.5354
30504 10 62 0.5512
30514 10 57 0.5512
30525 10 54 0.5433
30535 10 50 0.5354
30546 10 45 0.5354
30556 10 38 0.5039
30567 10 45 0.5433
30577 10 50 0.5512
30588 10 54 0.5591
30598 10 57 0.5748
30609 26 62 0.5906
30661 26 38 0.6063
30661 26 45 0.6063
30661 26 50 0.6063
30687 52 62 0.5354
30687 52 57 0.5354
30687 52 54 0.5354
30740 52 66 0.5354
30740 52 62 0.5354
30740 52 57 0.5354
30792 26 69 0.5354
30792 26 66 0.5354
30792 26 62 0.5354
30871 8 35 0.5197
30880 8 42 0.4646
30889 8 47 0.4646
30897 8 50 0.4646
30906 8 54 0.4646
30915 8 59 0.4646
30924 26 62 0.4646
30976 10 40 0.5197
30987 10 47 0.4646
30997 10 52 0.4646
31008 10 56 0.4646
31018 10 62 0.4646
31029 26 66 0.4646
31081 26 33 0.5906
31081 26 40 0.5906
31081 26 45 0.5906
31107 52 61 0.5039
31107 52 57 0.5039
31107 52 52 0.5039
31160 52 64 0.5039
31160 52 61 0.5039
31160 52 57 0.5039
31212 26 69 0.5039
31212 26 64 0.5039
31212 26 61 0.5039
31291 13 43 0.5118
31291 13 50 0.5118
31304 13 55 0.4488
31317 13 59 0.4488
31330 13 62 0.4488
31344 10 67 0.5118
31354 10 62 0.4646
31365 10 59 0.4567
31375 10 55 0.4567
31386 10 50 0.4488
31396 10 43 0.4409
31407 10 47 0.4409
31417 10 55 0.4488
31428 10 59 0.4488
31438 10 62 0.4488
31449 26 67 0.4488
31501 26 40 0.5748
31501 26 47 0.5748
31501 26 52 0.5748
31527 52 66 0.4882
31527 52 62 0.4882
31527 52 59 0.4882
31527 52 55 0.4882
31580 52 67 0.4882
31580 52 66 0.4882
31580 52 62 0.4882
31580 52 59 0.4882
31632 26 71 0.4882
31632 26 67 0.4882
31632 26 66 0.4882
31632 26 62 0.4882
31711 10 45 0.5433
31722 10 52 0.4724
31732 10 57 0.4724
31743 10 62 0.4724
31753 10 67 0.4724
31764 26 71 0.4724
31816 10 45 0.5433
31827 10 52 0.4724
31837 10 57 0.4724
31848 10 62 0.4724
31858 10 67 0.4724
31869 26 71 0.4724
31921 26 38 0.5906
31921 26 45 0.5906
31921 26 50 0.5906
31947 52 66 0.5039
31947 52 62 0.5039
31947 52 57 0.5039
32000 52 69 0.5039
32000 52 66 0.5039
32000 52 62 0.5039
32052 26 66 0.4882
32052 26 69 0.4882
32052 26 74 0.4882
32131 19 38 0.4331
32131 19 45 0.4331
32157 19 33 0.378
32157 19 45 0.378
32184 19 38 0.4331
32184 19 45 0.4331
32210 19 33 0.378
32210 19 45 0.378
32236 19 38 0.4094
32236 19 45 0.4094
32262 19 33 0.378
32262 19 45 0.378
32289 19 38 0.4331
32289 19 45 0.4331
32315 19 33 0.3622
32315 19 45 0.3622
32341 19 38 0.4016
32341 19 45 0.4016
32367 19 33 0.4094
32394 19 38 0.4016
32394 19 45 0.4016
32420 19 33 0.4094
32446 19 38 0.4016
32446 19 45 0.4016
32472 19 33 0.4016
32499 19 38 0.4016
32499 19 45 0.4016
32525 19 33 0.4094
32551 19 38 0.4331
32551 19 45 0.4331
32577 19 33 0.378
32577 19 45 0.378
32604 19 38 0.4331
32604 19 45 0.4331
32630 19 33 0.378
32630 19 45 0.378
32656 19 38 0.4173
32656 19 45 0.4173
32682 19 33 0.378
32682 19 45 0.378
32709 19 38 0.4173
32709 19 45 0.4173
32735 19 33 0.3622
32735 19 45 0.3622
32761 19 38 0.4016
32761 19 45 0.4016
32787 19 33 0.4094
32814 19 38 0.4016
32814 19 45 0.4016
32840 19 33 0.4094
32866 19 38 0.4016
32866 19 45 0.4016
32892 19 33 0.4016
32919 19 38 0.4016
32919 19 45 0.4016
32945 19 33 0.315
32971 19 38 0.3465
32971 19 45 0.3465
32997 19 33 0.2992
32997 19 45 0.2992
33024 19 38 0.3465
33024 19 45 0.3465
33050 19 33 0.2992
33050 19 45 0.2992
33076 19 38 0.3307
33076 19 45 0.3307
33102 19 33 0.2992
33102 19 45 0.2992
33129 19 38 0.3307
33129 19 45 0.3307
33155 19 33 0.2835
33181 19 38 0.3071
33181 19 45 0.3071
33207 19 33 0.315
33234 19 38 0.3071
33234 19 45 0.3071
33260 19 33 0.315
33286 19 38 0.3071
33286 19 45 0.3071
33312 19 33 0.3071
33339 19 38 0.3071
33339 19 45 0.3071
33365 19 33 0.3071
33391 19 38 0.3465
33391 19 45 0.3465
33417 19 33 0.2992
33444 19 38 0.3465
33444 19 45 0.3465
33470 19 33 0.2992
33496 19 38 0.3307
33496 19 45 0.3307
33522 19 33 0.2992
33549 19 38 0.3307
33549 19 45 0.3307
33575 19 33 0.2835
33601 19 38 0.3071
33601 19 45 0.3071
33627 19 33 0.315
33654 19 38 0.3071
33654 19 45 0.3071
33680 19 33 0.315
33706 19 38 0.3071
33706 19 45 0.3071
33732 19 33 0.3071
33759 19 38 0.3071
33759 19 45 0.3071
33785 19 33 0.3071
33811 19 38 0.2756
33811 19 45 0.2756
33837 19 33 0.2835
33864 19 38 0.2756
33864 19 45 0.2756
33890 19 33 0.2835
33916 19 38 0.2756
33916 19 45 0.2756
33942 19 33 0.2756
33969 19 38 0.2756
33969 19 45 0.2756
33995 19 33 0.2756
34021 13 38 0.2756
34021 13 45 0.2756
34074 13 33 0.2835
34126 13 38 0.2756
34126 13 45 0.2756
34179 13 33 0.2756
34231 13 38 0.2756
34231 13 45 0.2756
34284 13 33 0.2677
34336 13 38 0.2756
34336 13 45 0.2756
34389 13 33 0.2756
34441 26 38 0.2756
34441 26 45 0.2756
34546 26 57 0.2756
34546 26 50 0.2756
34651 26 62 0.2756
34651 26 69 0.2756
34756 26 81 0.2992
34756 26 74 0.2992
34861 26 93 0.3307
34861 26 86 0.3307
34966 26 81 0.3071
34966 26 74 0.3071
35071 26 62 0.2756
35071 26 69 0.2756
35176 26 50 0.2441
35176 26 57 0.2441
35281 26 38 0.2441
35281 26 45 0.2441
35491 39 26 0.6063
35491 39 33 0.6063
35491 39 38 0.7165
