0 49 64 0.5354
0 49 67 0.5354
12 24 79 0.4488
12 24 72 0.4488
24 73 55 0.4803
36 12 79 0.4488
36 12 72 0.4488
49 24 72 0.5512
49 24 81 0.5512
49 24 63 0.4016
49 24 66 0.4016
73 49 64 0.5512
73 49 67 0.5512
86 24 79 0.4488
86 24 72 0.4488
98 73 55 0.4646
110 12 79 0.4488
110 12 72 0.4488
122 24 76 0.5354
122 24 72 0.5354
122 24 67 0.4016
122 24 60 0.4016
147 49 67 0.5433
147 49 62 0.5433
159 24 77 0.4252
159 24 72 0.4252
172 73 55 0.4567
184 12 72 0.4252
184 12 77 0.4252
196 24 74 0.5118
196 24 79 0.5118
196 24 59 0.3701
196 24 67 0.3701
221 49 60 0.5433
221 49 67 0.5433
233 24 76 0.4016
233 24 72 0.4016
245 73 55 0.4488
258 12 72 0.4016
258 12 76 0.4016
270 24 67 0.4724
270 24 72 0.4724
270 24 60 0.3622
270 24 64 0.3622
295 49 64 0.5197
307 24 67 0.3543
307 24 72 0.3543
319 73 55 0.3622
331 12 67 0.3543
331 12 72 0.3543
344 24 72 0.4331
344 24 69 0.4331
344 24 65 0.3071
368 49 64 0.5197
381 24 72 0.3543
381 24 67 0.3543
393 73 55 0.3465
405 12 72 0.3622
405 12 67 0.3622
418 24 72 0.4252
418 24 64 0.4252
418 24 60 0.3071
442 49 62 0.4646
454 24 65 0.3386
454 24 67 0.3386
467 73 55 0.3465
479 12 67 0.3386
479 12 65 0.3386
491 24 67 0.4567
491 24 64 0.2992
516 49 60 0.4488
528 24 67 0.2677
528 24 64 0.2677
540 49 55 0.3465
553 12 67 0.2677
553 12 64 0.2677
565 24 64 0.3543
565 24 67 0.3543
565 24 60 0.2756
590 49 67 0.5748
590 49 64 0.5748
602 24 79 0.4488
602 24 72 0.4488
614 73 55 0.4803
627 12 72 0.4488
627 12 79 0.4488
639 24 72 0.5512
639 24 81 0.5512
639 24 63 0.4016
639 24 66 0.4016
663 49 64 0.5748
663 49 67 0.5748
676 24 79 0.4488
676 24 72 0.4488
688 73 55 0.4646
700 12 72 0.4488
700 12 79 0.4488
713 24 72 0.5354
713 24 76 0.5354
713 24 60 0.4016
713 24 67 0.4016
737 49 62 0.5512
737 49 67 0.5512
750 24 72 0.4252
750 24 77 0.4252
762 73 55 0.4567
774 12 72 0.4252
774 12 77 0.4252
786 24 74 0.5276
786 24 79 0.5276
786 24 59 0.3701
786 24 67 0.3701
811 49 60 0.5591
811 49 67 0.5591
823 24 72 0.4016
823 24 76 0.4016
836 73 55 0.4488
848 12 72 0.4016
848 12 76 0.4016
860 24 67 0.4961
860 24 72 0.4961
860 24 60 0.3622
860 24 64 0.3622
885 49 64 0.5197
897 24 72 0.3543
897 24 67 0.3543
909 73 55 0.3622
922 12 67 0.3543
922 12 72 0.3543
934 24 72 0.4409
934 24 69 0.4409
934 24 65 0.3071
959 49 64 0.5197
971 24 67 0.3543
971 24 72 0.3543
983 73 55 0.3465
995 12 72 0.3622
995 12 67 0.3622
1008 24 72 0.4331
1008 24 64 0.4331
1008 24 60 0.3071
1032 49 62 0.4646
1045 24 67 0.3386
1045 24 65 0.3386
1057 73 55 0.3465
1069 12 67 0.3386
1069 12 65 0.3386
1081 24 67 0.4252
1081 24 64 0.2992
1106 49 60 0.4488
1118 24 67 0.2677
1118 24 64 0.2677
1131 49 55 0.3465
1143 12 67 0.2677
1143 12 64 0.2677
1155 24 67 0.3622
1155 24 64 0.3622
1155 24 60 0.2756
1180 49 58 0.4724
1192 24 67 0.3622
1192 24 64 0.3622
1192 24 72 0.3622
1204 73 60 0.4567
1217 12 72 0.3622
1217 12 64 0.3622
1217 12 67 0.3622
1229 24 69 0.4331
1229 24 72 0.4331
1229 24 64 0.4331
1229 24 57 0.4409
1254 49 55 0.5039
1266 24 70 0.3701
1266 24 64 0.3701
1266 24 72 0.3701
1278 73 60 0.4724
1290 12 72 0.3701
1290 12 64 0.3701
1290 12 70 0.3701
1303 24 70 0.4488
1303 24 72 0.4488
1303 24 65 0.4488
1303 24 53 0.4567
1327 49 52 0.5512
1340 24 70 0.4252
1340 24 67 0.4252
1340 24 72 0.4252
1352 24 60 0.5354
1364 12 72 0.4252
1364 12 67 0.4252
1364 12 70 0.4252
1377 24 70 0.5276
1377 24 73 0.5276
1377 24 67 0.5276
1377 49 61 0.5354
1377 24 51 0.5354
1401 49 50 0.6142
1413 24 70 0.4488
1413 24 67 0.4488
1413 24 74 0.4488
1426 24 62 0.5748
1438 12 74 0.4488
1438 12 67 0.4488
1438 12 70 0.4488
1450 24 70 0.5748
1450 24 76 0.5748
1450 24 67 0.5748
1450 24 64 0.5748
1450 24 49 0.5748
1475 49 50 0.6772
1487 24 77 0.4646
1487 24 69 0.4646
1487 24 74 0.4646
1500 24 62 0.6378
1512 12 74 0.4646
1512 12 69 0.4646
1512 12 77 0.4646
1524 24 70 0.6457
1524 24 76 0.6457
1524 24 67 0.6457
1524 24 55 0.6063
1524 24 43 0.6063
1549 49 45 0.748
1561 24 69 0.4961
1561 24 65 0.4961
1561 24 74 0.4961
1573 24 57 0.7244
1586 12 69 0.4961
1586 12 65 0.4961
1586 12 74 0.4961
1598 24 69 0.6535
1598 24 73 0.6535
1598 24 64 0.6535
1598 24 45 0.7087
1598 24 33 0.7087
1622 49 38 0.8031
1635 24 69 0.5354
1635 24 65 0.5354
1635 24 74 0.5354
1647 24 50 0.748
1659 12 69 0.5433
1659 12 65 0.5433
1659 12 74 0.5433
1672 24 66 0.685
1672 24 72 0.685
1672 24 63 0.685
1672 24 44 0.7244
1672 24 32 0.7244
1696 24 31 0.8268
1696 24 43 0.8268
1709 24 65 0.5906
1709 24 62 0.5906
1709 24 72 0.5906
1721 24 55 0.7874
1733 12 65 0.5906
1733 12 62 0.5906
1733 12 72 0.5906
1745 24 65 0.7008
1745 24 71 0.7008
1745 24 62 0.7008
1745 24 43 0.748
1745 24 31 0.748
1770 24 36 0.8504
1782 24 72 0.5748
1782 24 67 0.5748
1795 24 52 0.7087
1807 12 67 0.5748
1807 12 72 0.5748
1819 24 72 0.7165
1819 24 69 0.7165
1819 24 53 0.6772
1844 49 52 0.8504
1856 24 67 0.5984
1856 24 72 0.5984
1868 49 36 0.7087
1881 12 72 0.5984
1881 12 67 0.5984
1893 24 67 0.7165
1893 24 72 0.7165
1893 24 64 0.7165
1893 24 48 0.685
1918 49 50 0.8661
1930 24 72 0.6378
1930 24 67 0.6378
1930 24 65 0.6378
1942 49 36 0.7244
1954 12 72 0.6378
1954 12 67 0.6378
1954 12 65 0.6378
1967 24 72 0.7559
1967 24 67 0.7559
1967 24 52 0.685
1991 49 48 0.8583
2004 24 72 0.6614
2004 24 67 0.6614
2004 24 64 0.6614
2016 49 36 0.7323
2028 12 72 0.6614
2028 12 67 0.6614
2028 12 64 0.6614
2040 24 72 0.7795
2040 24 67 0.7795
2040 24 60 0.7795
2040 24 43 0.7165
2065 49 52 0.8504
2065 49 43 0.7165
2077 24 64 0.5984
2077 24 72 0.5984
2077 24 67 0.5984
2090 49 36 0.6772
2102 12 64 0.5984
2102 12 67 0.5984
2102 12 72 0.5984
2114 24 65 0.7244
2114 24 72 0.7244
2114 24 67 0.7244
2114 24 45 0.622
2114 24 53 0.7402
2139 49 43 0.7165
2139 49 52 0.8504
2151 24 64 0.5984
2151 24 67 0.5984
2151 24 72 0.5984
2163 49 36 0.6772
2176 12 64 0.5984
2176 12 72 0.5984
2176 12 67 0.5984
2188 24 67 0.7165
2188 24 72 0.7165
2188 24 60 0.7165
2188 24 40 0.6142
2188 24 48 0.7323
2213 49 41 0.7087
2213 49 50 0.8346
2225 24 72 0.5906
2225 24 62 0.5906
2225 24 67 0.5906
2237 49 36 0.685
2250 12 72 0.5906
2250 12 62 0.5906
2250 12 67 0.5906
2262 24 72 0.7165
2262 24 64 0.7165
2262 24 67 0.7165
2262 24 43 0.622
2262 24 52 0.7402
2286 49 40 0.7008
2286 49 48 0.8268
2299 24 72 0.5827
2299 24 67 0.5827
2299 24 60 0.5827
2311 49 36 0.6929
2323 12 72 0.5827
2323 12 60 0.5827
2336 18 72 0.7244
2336 18 60 0.7244
2336 18 48 0.748
2360 49 58 0.4724
2372 24 67 0.3622
2372 24 64 0.3622
2372 24 72 0.3622
2385 73 60 0.4567
2397 12 72 0.3622
2397 12 64 0.3622
2397 12 67 0.3622
2409 24 69 0.4409
2409 24 72 0.4409
2409 24 64 0.4409
2409 24 57 0.4409
2434 49 55 0.5039
2446 24 70 0.3701
2446 24 64 0.3701
2446 24 72 0.3701
2459 73 60 0.4724
2471 12 72 0.3701
2471 12 64 0.3701
2471 12 70 0.3701
2483 24 70 0.4567
2483 24 72 0.4567
2483 24 65 0.4567
2483 24 53 0.4567
2508 49 52 0.5512
2520 24 70 0.4252
2520 24 67 0.4252
2520 24 72 0.4252
2532 24 60 0.5354
2545 12 72 0.4252
2545 12 67 0.4252
2545 12 70 0.4252
2557 24 70 0.5276
2557 24 73 0.5276
2557 24 67 0.5276
2557 49 61 0.5354
2557 24 51 0.5354
2581 49 50 0.6142
2594 24 70 0.4488
2594 24 67 0.4488
2594 24 74 0.4488
2606 24 62 0.5748
2618 12 74 0.4488
2618 12 67 0.4488
2618 12 70 0.4488
2631 24 70 0.5748
2631 24 76 0.5748
2631 24 67 0.5748
2631 24 64 0.5748
2631 24 49 0.5748
2655 49 50 0.6772
2668 24 77 0.4646
2668 24 69 0.4646
2668 24 74 0.4646
2680 24 62 0.6378
2692 12 74 0.4646
2692 12 69 0.4646
2692 12 77 0.4646
2704 24 70 0.6457
2704 24 76 0.6457
2704 24 67 0.6457
2704 24 55 0.6063
2704 24 43 0.6063
2729 49 45 0.748
2741 24 69 0.4961
2741 24 65 0.4961
2741 24 74 0.4961
2754 24 57 0.7244
2766 12 69 0.4961
2766 12 65 0.4961
2766 12 74 0.4961
2778 24 69 0.6535
2778 24 73 0.6535
2778 24 64 0.6535
2778 24 45 0.7087
2778 24 33 0.7087
2803 49 38 0.8031
2815 24 69 0.5354
2815 24 65 0.5354
2815 24 74 0.5354
2827 24 50 0.748
2840 12 69 0.5433
2840 12 65 0.5433
2840 12 74 0.5433
2852 24 66 0.685
2852 24 72 0.685
2852 24 63 0.685
2852 24 44 0.7244
2852 24 32 0.7244
2877 24 31 0.8268
2877 24 43 0.8268
2889 24 65 0.5906
2889 24 62 0.5906
2889 24 72 0.5906
2901 24 55 0.7874
2913 12 65 0.5906
2913 12 62 0.5906
2913 12 72 0.5906
2926 24 65 0.7008
2926 24 71 0.7008
2926 24 62 0.7008
2926 24 43 0.748
2926 24 31 0.748
2950 24 36 0.8819
2963 24 72 0.5748
2963 24 67 0.5748
2975 24 52 0.7165
2987 12 67 0.5748
2987 12 72 0.5748
3000 24 72 0.7165
3000 24 69 0.7165
3000 24 53 0.6772
3024 49 52 0.8661
3036 24 67 0.5984
3036 24 72 0.5984
3049 49 36 0.7165
3061 12 72 0.5984
3061 12 67 0.5984
3073 24 67 0.7165
3073 24 72 0.7165
3073 24 64 0.7165
3073 24 48 0.6772
3098 49 50 0.8504
3110 24 72 0.6378
3110 24 67 0.6378
3110 24 65 0.6378
3122 49 36 0.7165
3135 12 72 0.6378
3135 12 67 0.6378
3135 12 65 0.6378
3147 24 72 0.7717
3147 24 67 0.7717
3147 24 52 0.6929
3172 49 48 0.8583
3184 24 72 0.6614
3184 24 67 0.6614
3184 24 64 0.6614
3196 49 36 0.7244
3209 12 72 0.6614
3209 12 67 0.6614
3209 12 64 0.6614
3221 24 72 0.7717
3221 24 67 0.7717
3221 24 60 0.7717
3221 24 43 0.6929
3245 49 52 0.8425
3245 49 43 0.8425
3258 24 64 0.622
3258 24 72 0.622
3258 24 67 0.622
3270 49 36 0.7087
3282 12 64 0.622
3282 12 67 0.622
3282 12 72 0.622
3295 24 65 0.748
3295 24 72 0.748
3295 24 67 0.748
3295 24 45 0.685
3295 24 53 0.685
3319 49 43 0.8504
3319 49 52 0.8504
3331 24 64 0.622
3331 24 67 0.622
3331 24 72 0.622
3344 49 36 0.7087
3356 12 64 0.622
3356 12 72 0.622
3356 12 67 0.622
3368 24 67 0.748
3368 24 72 0.748
3368 24 60 0.748
3368 24 40 0.6929
3368 24 48 0.6929
3393 49 41 0.8504
3393 49 50 0.8504
3405 24 72 0.6063
3405 24 62 0.6063
3405 24 67 0.6063
3418 49 36 0.7165
3430 12 72 0.6063
3430 12 62 0.6063
3430 12 67 0.6063
3442 24 72 0.748
3442 24 64 0.748
3442 24 67 0.748
3442 24 43 0.7008
3442 24 52 0.7008
3467 49 40 0.8583
3467 49 48 0.8583
3479 24 72 0.5984
3479 24 67 0.5984
3479 24 60 0.5984
3491 49 36 0.7244
3504 12 72 0.5984
3504 12 60 0.5984
3516 24 72 0.748
3516 24 60 0.748
3516 24 48 0.8189
