0 127 52 0.2992
0 127 55 0.2992
0 63 59 0.4331
63 31 60 0.3937
95 31 59 0.3937
127 127 71 0.4016
127 127 51 0.2598
127 31 59 0.4173
127 127 54 0.2598
159 95 66 0.3465
191 31 78 0.3228
223 31 71 0.2835
255 127 71 0.3937
255 127 52 0.2835
255 63 59 0.3937
255 127 55 0.2835
287 95 79 0.3858
319 31 60 0.3937
351 31 59 0.3937
382 127 71 0.3622
382 127 51 0.2283
382 31 59 0.378
382 127 54 0.2283
414 95 66 0.3071
446 31 78 0.2913
478 31 71 0.2362
510 127 71 0.3622
510 127 52 0.2362
510 63 59 0.3228
510 127 55 0.2362
542 95 79 0.3228
574 31 60 0.3228
606 31 59 0.3228
638 127 71 0.315
638 127 50 0.2047
638 127 54 0.2047
638 31 59 0.3071
670 95 66 0.2756
702 31 78 0.2677
734 31 71 0.2126
765 127 71 0.3071
765 127 48 0.1811
765 127 52 0.1732
765 63 59 0.2913
797 95 76 0.2362
829 31 60 0.2598
861 31 59 0.2677
893 127 71 0.3071
893 127 47 0.1496
893 127 51 0.1496
893 31 59 0.2835
925 95 66 0.2441
957 31 78 0.2362
989 31 71 0.1969
1021 127 71 0.378
1021 127 52 0.2441
1021 63 59 0.3701
1021 127 55 0.2677
1053 95 83 0.3858
1085 31 60 0.3543
1117 31 59 0.3543
1148 127 71 0.3622
1148 127 51 0.2283
1148 127 54 0.2283
1148 31 59 0.378
1180 95 66 0.3071
1212 31 78 0.2913
1244 31 71 0.2441
1276 127 71 0.3937
1276 127 52 0.2756
1276 127 55 0.2756
1276 63 59 0.378
1308 95 79 0.3858
1340 31 60 0.3937
1372 31 59 0.3937
1404 127 71 0.3307
1404 127 51 0.2126
1404 127 54 0.2126
1404 31 59 0.3543
1436 95 66 0.3071
1468 31 78 0.2913
1500 31 71 0.2362
1531 127 71 0.3228
1531 127 52 0.2283
1531 127 55 0.2283
1531 63 59 0.3071
1563 95 79 0.3071
1595 31 60 0.2913
1627 31 59 0.2835
1659 127 71 0.3071
1659 127 54 0.1969
1659 31 59 0.2835
1659 127 50 0.1969
1691 95 66 0.2598
1723 31 78 0.2441
1755 31 71 0.1969
1787 127 71 0.2992
1787 127 52 0.1496
1787 63 59 0.2677
1787 127 48 0.1575
1819 95 76 0.2205
1851 31 60 0.2283
1882 31 59 0.2362
1914 127 71 0.2677
1914 127 51 0.126
1914 31 59 0.2362
1914 127 47 0.126
1946 95 66 0.2205
1978 31 78 0.2047
2010 31 71 0.189
2042 127 80 0.2205
2042 127 71 0.2205
2042 127 76 0.2205
2042 127 83 0.3071
2042 127 40 0.2677
2042 63 47 0.2677
2106 31 49 0.315
2138 31 47 0.2992
2170 31 71 0.315
2170 127 83 0.2362
2170 127 78 0.2362
2170 127 75 0.2362
2170 127 69 0.2362
2170 127 40 0.2598
2170 31 47 0.2992
2202 63 80 0.3307
2202 63 56 0.315
2265 31 78 0.2992
2265 31 54 0.2835
2297 127 68 0.2283
2297 127 71 0.2283
2297 127 76 0.3071
2297 127 40 0.2598
2297 63 47 0.2992
2361 31 49 0.2913
2393 31 47 0.2913
2425 31 59 0.315
2425 127 57 0.2283
2425 127 63 0.2283
2425 127 66 0.2283
2425 127 71 0.2283
2425 127 40 0.2598
2425 31 47 0.2992
2457 63 68 0.315
2457 63 56 0.2992
2521 31 66 0.2913
2521 31 54 0.2756
2553 127 56 0.2283
2553 127 59 0.2283
2553 127 64 0.2992
2553 127 40 0.2598
2553 63 47 0.2992
2617 31 49 0.2756
2648 31 47 0.2756
2680 127 63 0.2283
2680 127 59 0.2283
2680 31 54 0.2835
2680 127 47 0.2598
2680 31 42 0.2677
2712 63 56 0.3071
2712 63 44 0.2835
2776 31 54 0.2756
2776 31 42 0.2598
2808 127 52 0.2835
2808 127 58 0.1969
2808 63 61 0.2047
2808 127 42 0.2126
2872 31 63 0.2598
2904 31 61 0.2362
2936 127 51 0.2126
2936 127 59 0.2126
2936 31 30 0.2598
2936 31 42 0.2598
2968 63 32 0.2598
2968 63 44 0.2598
3031 31 30 0.2126
3031 31 42 0.2126
3063 127 71 0.2835
3063 127 80 0.2835
3063 127 76 0.2835
3063 127 83 0.3307
3063 63 28 0.2835
3063 63 40 0.2835
3127 31 49 0.2992
3159 31 47 0.2835
3191 31 71 0.315
3191 127 83 0.2126
3191 127 78 0.2126
3191 127 75 0.2126
3191 127 69 0.2126
3191 127 40 0.2598
3191 31 47 0.2677
3223 63 80 0.3307
3223 63 56 0.315
3287 31 78 0.2992
3287 31 54 0.2835
3319 127 68 0.2283
3319 127 71 0.2283
3319 127 76 0.3071
3319 127 40 0.2598
3319 63 47 0.2992
3382 31 49 0.2913
3414 31 47 0.2835
3446 31 59 0.315
3446 127 57 0.2283
3446 127 63 0.2283
3446 127 66 0.2283
3446 127 71 0.2283
3446 127 40 0.2598
3446 31 47 0.2992
3478 63 68 0.315
3478 63 56 0.2992
3542 31 66 0.2913
3542 31 54 0.2756
3574 127 56 0.2283
3574 127 59 0.2283
3574 127 64 0.2992
3574 127 40 0.2598
3574 63 47 0.2992
3638 31 49 0.2756
3670 31 47 0.2756
3702 127 63 0.2283
3702 127 59 0.2283
3702 31 54 0.2835
3702 127 47 0.2598
3702 31 42 0.2677
3734 63 56 0.3071
3734 63 44 0.2835
3797 31 54 0.2756
3797 31 42 0.2598
3829 127 52 0.2835
3829 127 58 0.1969
3829 63 61 0.2047
3829 127 42 0.2126
3893 31 63 0.2362
3925 31 61 0.2205
3957 127 51 0.1969
3957 127 59 0.1969
3957 31 30 0.2362
3957 31 42 0.2362
3989 63 32 0.2362
3989 63 44 0.2362
4053 31 30 0.1811
4053 31 42 0.1811
4085 127 62 0.2913
4085 382 59 0.2047
4085 255 54 0.2047
4085 63 35 0.3307
4148 31 37 0.2756
4180 31 35 0.2756
4212 127 61 0.2677
4212 31 30 0.2677
4244 63 42 0.2677
4276 127 57 0.252
4308 31 30 0.2598
4340 255 64 0.2913
4340 63 28 0.2677
4404 63 56 0.252
4404 31 30 0.2677
4436 31 28 0.2677
4468 127 57 0.2441
4468 127 61 0.2756
4468 31 33 0.2913
4500 63 45 0.315
4563 31 44 0.2913
4595 382 61 0.2677
4595 191 66 0.2992
4595 127 69 0.2992
4595 63 42 0.2756
4659 31 44 0.2677
4691 31 42 0.2677
4723 127 68 0.2756
4723 31 37 0.2362
4755 63 49 0.2598
4787 191 64 0.2677
4819 31 37 0.2047
4851 63 68 0.2677
4851 127 70 0.3465
4851 31 42 0.2598
4882 63 54 0.2913
4914 191 66 0.2992
4946 31 42 0.2677
4978 127 63 0.2441
4978 127 71 0.2992
4978 31 35 0.2913
5010 63 47 0.3228
5074 31 47 0.3228
5106 127 71 0.2677
5106 127 64 0.2677
5106 255 48 0.2441
5106 63 59 0.378
5170 31 60 0.3622
5202 31 59 0.3543
5234 127 64 0.2283
5234 127 69 0.2283
5234 31 59 0.378
5265 63 62 0.3937
5329 31 60 0.3465
5361 127 66 0.2283
5361 63 60 0.3622
5361 63 59 0.2677
5361 127 50 0.2283
5425 31 62 0.3543
5425 63 57 0.2283
5457 31 60 0.3307
5489 127 67 0.2283
5489 31 59 0.3071
5489 127 55 0.2598
5521 63 64 0.2913
5521 63 60 0.2913
5585 30 62 0.2677
5585 31 59 0.2677
5617 127 71 0.2205
5617 127 64 0.2205
5617 255 48 0.2283
5617 63 59 0.3071
5680 31 60 0.2598
5712 31 59 0.2598
5744 127 64 0.2047
5744 127 69 0.2047
5744 31 59 0.2835
5776 63 62 0.2992
5840 31 60 0.2598
5872 127 66 0.189
5872 63 60 0.2835
5872 63 59 0.2283
5872 127 50 0.189
5936 31 62 0.2756
5936 63 57 0.2047
5968 31 60 0.2677
6000 127 71 0.2047
6000 31 59 0.2362
6000 31 55 0.2047
6000 127 51 0.2283
6031 63 67 0.2283
6031 63 59 0.2283
6095 30 66 0.2047
6095 31 57 0.2047
6127 127 52 0.2441
6127 63 55 0.2441
6191 31 60 0.315
6223 31 59 0.315
6255 127 71 0.3307
6255 127 51 0.2126
6255 127 54 0.2126
6255 31 59 0.3307
6287 95 66 0.2913
6319 31 78 0.2913
6351 31 71 0.2598
6382 127 71 0.3307
6382 127 52 0.2362
6382 127 55 0.2362
6382 63 59 0.3307
6414 95 79 0.3228
6446 31 60 0.3307
6478 31 59 0.3307
6510 127 71 0.2992
6510 127 51 0.189
6510 127 54 0.189
6510 31 59 0.315
6542 95 66 0.2598
6574 31 78 0.2598
6606 31 71 0.1969
6638 127 71 0.315
6638 127 52 0.2205
6638 127 55 0.2205
6638 63 59 0.2992
6670 95 83 0.3228
6702 31 60 0.2992
6734 31 59 0.2913
6765 127 72 0.2913
6765 127 57 0.1811
6765 31 60 0.2913
6797 95 71 0.252
6829 31 83 0.2283
6861 31 72 0.189
6893 127 72 0.2126
6893 127 50 0.1811
6893 127 54 0.1811
6893 63 60 0.252
6925 95 81 0.2205
6957 31 62 0.2283
6989 31 60 0.2283
7021 127 71 0.2598
7021 127 55 0.1732
7021 31 59 0.2441
7053 95 69 0.2441
7085 31 81 0.2047
7117 31 71 0.1732
7148 127 71 0.2047
7148 127 48 0.1732
7148 127 52 0.1732
7148 63 59 0.2441
7180 95 79 0.2047
7212 31 60 0.2205
7244 31 59 0.2205
7276 127 69 0.252
7276 127 54 0.1732
7276 31 57 0.2362
7308 95 67 0.2205
7340 31 79 0.1969
7372 31 69 0.1654
7404 127 69 0.1969
7404 127 47 0.1654
7404 127 51 0.1654
7404 63 57 0.2126
7436 95 78 0.2047
7468 31 59 0.1969
7500 542 57 0.189
7531 510 69 0.1575
7531 510 76 0.1575
7531 510 60 0.1575
7531 510 52 0.1575
7914 127 45 0.1102
