100 200 63 0.2992
100 200 57 0.2992
100 200 69 0.4173
100 200 53 0.2913
100 200 48 0.2441
300 100 63 0.2992
300 100 58 0.2992
300 100 70 0.4252
300 200 46 0.2126
300 200 53 0.252
400 75 74 0.4961
475 25 72 0.4488
500 200 72 0.4724
500 200 63 0.3386
500 200 60 0.3386
500 200 45 0.252
500 200 53 0.2992
700 100 58 0.3071
700 100 63 0.3701
700 100 70 0.4409
700 100 46 0.2205
700 200 53 0.2598
800 100 63 0.315
800 100 69 0.4488
800 100 57 0.315
800 100 48 0.2992
900 100 58 0.2992
900 200 63 0.3543
900 100 67 0.4252
900 100 46 0.252
900 200 53 0.2126
1000 300 60 0.4016
1000 50 65 0.4724
1000 100 45 0.2677
1050 12 67 0.3937
1062 12 65 0.3543
1075 12 64 0.3937
1087 12 65 0.4094
1100 75 67 0.4646
1100 200 41 0.2992
1100 200 57 0.3543
1175 25 63 0.4094
1200 100 63 0.4567
1300 200 56 0.2756
1300 200 50 0.2756
1300 200 62 0.3937
1300 200 46 0.252
1300 200 34 0.2126
1500 200 56 0.1811
1500 87 51 0.1811
1500 200 60 0.3228
1500 87 36 0.1417
1500 87 48 0.1732
1587 87 39 0.2677
1600 75 55 0.3622
1600 75 51 0.315
1675 25 53 0.2913
1675 25 38 0.2205
1700 200 53 0.2362
1700 200 56 0.2835
1700 200 58 0.3386
1700 200 50 0.252
1700 200 38 0.2126
1900 200 56 0.2283
1900 200 58 0.3307
1900 100 51 0.2283
1900 100 36 0.1811
1900 100 48 0.2205
2000 100 50 0.2756
2000 100 46 0.2205
2000 100 34 0.1811
2100 100 48 0.3386
2100 100 44 0.2283
2100 100 32 0.189
2200 50 46 0.3701
2200 50 43 0.2677
2200 50 31 0.2205
2250 16 48 0.3228
2250 16 44 0.2047
2250 16 32 0.2047
2262 16 46 0.2677
2262 16 43 0.1811
2262 16 31 0.1811
2275 16 45 0.3307
2275 16 30 0.2205
2275 16 42 0.2205
2287 16 46 0.3622
2287 16 31 0.2283
2287 16 43 0.2283
2300 75 48 0.3937
2300 75 32 0.2205
2300 75 44 0.2677
2375 25 44 0.3465
2375 25 41 0.2362
2375 25 29 0.1969
2400 87 44 0.3465
2400 87 29 0.2362
2400 87 41 0.2835
2487 12 31 0.2913
2487 12 43 0.2913
2500 200 71 0.4173
2500 200 67 0.2992
2500 200 62 0.2992
2500 200 53 0.2441
2500 200 55 0.2913
2700 87 66 0.3858
2700 87 60 0.3228
2700 87 72 0.4646
2700 100 55 0.2677
2700 100 51 0.2283
2787 112 63 0.2913
2787 12 66 0.2913
2800 75 75 0.5827
2800 100 57 0.2913
2800 100 48 0.2126
2875 25 74 0.4646
2900 200 65 0.3543
2900 200 74 0.4961
2900 200 47 0.2598
2900 200 55 0.3071
3100 100 63 0.3701
3100 100 72 0.4409
3100 200 55 0.3071
3100 100 48 0.2598
3200 100 62 0.378
3200 100 71 0.4488
3200 100 53 0.3543
3300 100 60 0.3543
3300 100 68 0.4252
3300 200 55 0.2047
3300 100 51 0.2992
3400 50 67 0.4724
3400 100 59 0.4016
3400 100 50 0.3228
3450 12 68 0.3937
3462 12 67 0.3543
3475 12 65 0.3937
3487 12 67 0.4094
3500 75 68 0.4646
3500 200 62 0.4016
3500 200 53 0.3543
3500 200 47 0.2992
3575 25 65 0.4094
3600 100 65 0.4567
3700 400 58 0.3386
3700 400 55 0.3071
3700 400 64 0.5197
3700 150 49 0.252
3850 27 49 0.2992
3875 27 48 0.2992
3900 27 46 0.2992
3925 27 48 0.2992
3950 27 46 0.2992
3975 27 44 0.2992
4000 27 43 0.2992
4025 27 44 0.2992
4050 27 43 0.2992
4075 27 41 0.2992
4100 150 58 0.3228
4100 150 67 0.4252
4100 300 40 0.2992
4250 50 61 0.2992
4250 50 70 0.3543
4300 50 60 0.2992
4300 50 68 0.3543
4375 25 58 0.2992
4375 25 67 0.3543
4400 100 61 0.2992
4400 100 70 0.3543
4500 400 60 0.2992
4500 400 69 0.3543
4500 150 42 0.2992
4650 27 42 0.2992
4675 27 41 0.2992
4700 27 39 0.2992
4725 27 41 0.2992
4750 27 39 0.2992
4775 27 37 0.2992
4800 27 36 0.2992
4825 27 37 0.2992
4850 27 36 0.2992
4875 27 34 0.2992
4900 150 63 0.2992
4900 150 72 0.4488
4900 300 33 0.2992
5050 50 66 0.2992
5050 50 75 0.3543
5100 50 65 0.2992
5100 50 73 0.4252
5150 50 63 0.2992
5150 50 72 0.4252
5200 50 66 0.2992
5200 50 75 0.4252
5200 100 33 0.2992
5250 50 73 0.4252
5250 50 65 0.2992
5300 50 70 0.4252
5300 50 61 0.2992
5300 200 34 0.2992
5350 50 66 0.4252
5350 50 58 0.2992
5400 50 73 0.4252
5400 50 65 0.2992
5450 50 72 0.4252
5450 50 64 0.2992
5500 50 68 0.4252
5500 50 60 0.2992
5500 100 36 0.2992
5550 50 64 0.4252
5550 50 55 0.2992
5600 87 57 0.2992
5600 87 65 0.4252
5600 87 41 0.2992
5687 212 69 0.3701
5687 212 63 0.2677
5687 212 57 0.252
5687 212 53 0.2205
5687 212 48 0.1811
5700 287 77 0.4409
5900 87 63 0.2992
5900 87 70 0.4252
5900 87 58 0.2992
5900 200 53 0.252
5900 200 46 0.2126
5987 112 62 0.2677
5987 12 63 0.2835
6000 75 74 0.5433
6075 25 72 0.4803
6100 200 72 0.4724
6100 200 60 0.3386
6100 200 63 0.3386
6100 200 53 0.2992
6100 200 45 0.252
6300 100 58 0.3071
6300 200 63 0.3071
6300 100 70 0.4409
6300 100 46 0.2205
6300 200 53 0.2598
6400 100 69 0.4488
6400 100 57 0.315
6400 100 48 0.2992
6500 200 63 0.3543
6500 100 58 0.2992
6500 100 67 0.4252
6500 100 46 0.252
6500 200 53 0.2126
6600 50 65 0.4724
6600 300 60 0.4016
6600 100 45 0.3228
6650 12 67 0.3937
6662 12 65 0.3543
6675 12 64 0.3937
6687 12 65 0.4094
6700 75 67 0.4646
6700 200 57 0.3543
6700 200 41 0.2992
6775 25 63 0.4094
6800 100 63 0.4567
6900 500 62 0.3937
6900 500 60 0.3307
6900 200 57 0.2756
6900 200 42 0.2126
6900 500 50 0.252
7100 100 55 0.4252
7100 100 43 0.2913
7200 200 54 0.4567
7200 75 46 0.4252
7275 25 45 0.3307
7300 200 45 0.3858
7500 100 43 0.3543
7600 100 42 0.4016
7700 100 39 0.3465
7800 20 38 0.3465
7820 20 39 0.2992
7840 19 38 0.3307
7859 20 36 0.2992
7880 20 38 0.2992
7900 75 39 0.3307
7975 25 36 0.2677
8000 200 34 0.2598
8600 200 74 0.4488
8600 200 46 0.3622
8650 50 62 0.2677
8700 50 60 0.3228
8750 50 58 0.2677
8800 50 57 0.3071
8800 200 75 0.4488
8800 200 48 0.3622
8850 50 63 0.2756
8900 50 60 0.3386
8950 50 57 0.2835
9000 50 54 0.3622
9000 200 66 0.4488
9000 200 50 0.3307
9050 50 60 0.2913
9100 50 58 0.3228
9150 50 57 0.2677
9200 200 67 0.4488
9200 50 55 0.3622
9200 200 51 0.3622
9250 50 58 0.2677
9300 50 55 0.3071
9350 50 51 0.2677
9400 200 69 0.4488
9400 200 54 0.315
9450 50 63 0.2835
9500 50 62 0.3307
9550 50 60 0.3071
9600 200 70 0.4488
9600 50 58 0.3071
9600 200 55 0.3622
9650 50 62 0.2598
9700 50 58 0.3386
9750 50 55 0.2835
9800 200 61 0.4488
9800 200 52 0.3307
9850 50 58 0.2913
9900 50 57 0.3465
9950 50 55 0.2835
10000 50 54 0.3307
10000 200 62 0.4094
10000 200 50 0.3071
10050 50 57 0.2677
10100 50 54 0.3071
10150 50 50 0.2677
10200 200 62 0.3937
10200 200 34 0.2756
10250 50 50 0.252
10300 50 48 0.2677
10350 50 46 0.2362
10400 200 63 0.3937
10400 200 45 0.315
10400 200 36 0.315
10450 50 51 0.2441
10500 50 57 0.2835
10550 50 60 0.315
10600 200 65 0.4252
10600 200 38 0.3465
10650 50 53 0.2835
10700 50 51 0.3543
10750 50 50 0.2913
10800 200 67 0.4488
10800 200 39 0.3858
10800 200 48 0.3858
10850 50 55 0.315
10900 50 60 0.3701
10950 50 63 0.315
11000 200 69 0.4724
11000 200 42 0.3228
11050 50 60 0.3228
11100 50 58 0.3543
11150 150 57 0.3071
11200 150 70 0.5276
11200 200 43 0.315
11250 50 58 0.3071
11300 50 63 0.3701
11300 100 55 0.2756
11350 50 67 0.3386
11400 150 65 0.3937
11400 200 45 0.3071
11450 50 53 0.2756
11500 50 60 0.315
11550 50 63 0.2677
11600 200 62 0.3937
11600 200 46 0.315
11650 50 53 0.2677
11700 50 58 0.3071
11750 50 62 0.2677
11800 200 74 0.4331
11800 200 34 0.2756
11850 50 62 0.252
11900 50 60 0.2677
11950 50 58 0.2362
12000 200 75 0.4331
12000 200 57 0.315
12000 200 48 0.315
12050 50 63 0.2441
12100 50 69 0.2835
12150 50 72 0.315
12200 200 77 0.4646
12200 200 38 0.3465
12250 50 65 0.2835
12300 50 63 0.3543
12350 50 62 0.2913
12400 200 79 0.4882
12400 200 51 0.3858
12400 200 60 0.3858
12450 50 67 0.315
12500 50 72 0.3701
12550 50 75 0.315
12600 200 81 0.5354
12600 200 54 0.3228
12650 50 72 0.3228
12700 50 70 0.3543
12750 150 69 0.3071
12800 150 82 0.5512
12800 200 55 0.315
12850 50 70 0.3307
12900 50 75 0.4016
12900 100 67 0.2992
12950 50 79 0.3465
13000 150 77 0.4331
13000 400 57 0.3071
13050 50 65 0.2756
13050 100 65 0.2756
13100 50 72 0.315
13150 50 75 0.2913
13150 50 63 0.2756
13200 200 74 0.4331
13200 200 62 0.315
13250 50 66 0.2677
13300 50 72 0.3071
13350 250 74 0.3307
13400 200 46 0.3228
13450 50 62 0.2362
13500 50 60 0.2835
13550 50 58 0.2362
13600 200 75 0.4331
13600 200 48 0.3228
13600 149 57 0.3228
13650 50 63 0.2441
13700 50 60 0.2992
13750 50 57 0.252
13800 200 66 0.4173
13800 200 50 0.2913
13850 50 60 0.2598
13900 50 58 0.2835
13950 50 57 0.2362
14000 50 55 0.3228
14000 200 67 0.4173
14000 149 51 0.3228
14050 50 58 0.2362
14100 50 55 0.2756
14150 50 51 0.2362
14200 200 69 0.4173
14200 200 54 0.2835
14250 50 63 0.252
14300 50 62 0.2913
14350 50 60 0.2756
14400 50 58 0.2756
14400 200 70 0.4173
14400 149 55 0.3228
14450 50 62 0.2283
14500 50 58 0.2992
14550 50 55 0.252
14600 200 61 0.4016
14600 200 52 0.2913
14650 50 58 0.2598
14700 50 57 0.3071
14750 50 55 0.252
14800 50 54 0.2913
14800 200 62 0.3622
14800 149 50 0.2756
14850 50 57 0.2362
14900 50 54 0.2756
14950 50 50 0.2362
15000 100 65 0.4016
15000 200 47 0.2756
15050 50 56 0.2677
15100 50 55 0.315
15100 50 63 0.378
15150 150 53 0.2756
15150 50 62 0.3307
15200 100 60 0.3622
15200 200 48 0.2756
15250 50 55 0.2362
15300 50 51 0.252
15300 50 62 0.2992
15350 50 48 0.2835
15350 50 63 0.3386
15400 100 65 0.3622
15400 200 46 0.3543
15450 50 56 0.2362
15500 50 50 0.3465
15500 200 66 0.4094
15550 50 46 0.2441
15600 200 39 0.3858
15650 50 55 0.2362
15700 50 51 0.3386
15700 100 67 0.4016
15750 50 46 0.1969
15800 100 68 0.4094
15800 200 39 0.2756
15850 50 59 0.1811
15900 50 58 0.2677
15900 50 67 0.315
15950 150 56 0.2283
15950 50 65 0.2756
16000 100 63 0.3622
16000 200 51 0.2756
16050 50 58 0.2205
16100 50 55 0.2677
16100 50 65 0.3228
16150 50 51 0.2677
16150 50 67 0.3228
16200 100 69 0.3937
16200 200 50 0.315
16250 50 60 0.2913
16300 50 54 0.3543
16300 200 70 0.4094
16350 50 50 0.2677
16400 200 43 0.378
16450 50 59 0.2756
16500 50 55 0.2992
16500 100 71 0.3937
16550 250 50 0.2126
16600 200 74 0.4409
16600 400 36 0.2835
16650 50 65 0.2126
16700 50 59 0.252
16750 50 55 0.2126
16800 200 75 0.4646
16850 50 63 0.2126
16900 50 60 0.2677
16950 50 55 0.2205
17000 200 66 0.3701
17000 200 50 0.2598
17050 50 60 0.2283
17100 50 58 0.252
17150 50 57 0.2126
17200 200 67 0.3701
17200 200 51 0.2835
17250 50 58 0.2126
17300 50 55 0.2441
17350 50 51 0.2126
17400 50 50 0.2441
17400 200 69 0.3701
17400 200 42 0.252
17450 50 60 0.2205
17500 50 57 0.2598
17550 50 50 0.2441
17600 200 70 0.3701
17600 200 43 0.2835
17650 50 58 0.2047
17700 50 57 0.2677
17750 50 55 0.2205
17800 50 53 0.2677
17800 200 61 0.3543
17800 200 45 0.2598
17850 50 52 0.2283
17900 50 57 0.2756
17950 150 55 0.2205
18000 187 62 0.3228
18000 187 50 0.2441
18050 650 57 0.2756
18100 50 54 0.2441
18150 50 50 0.2126
18187 512 63 0.2992
18200 500 69 0.4409
18200 187 54 0.2913
18200 500 48 0.2441
18387 300 53 0.3465
18700 100 63 0.2992
18700 100 58 0.2992
18700 100 70 0.4252
18700 200 53 0.252
18700 200 46 0.2126
18800 100 70 0.3543
18800 75 74 0.4961
18875 25 72 0.4488
18900 200 72 0.4724
18900 200 63 0.3386
18900 200 60 0.3386
18900 200 45 0.252
18900 200 53 0.2992
19100 100 58 0.3071
19100 100 63 0.3071
19100 100 70 0.4409
19100 100 46 0.2205
19100 200 53 0.2598
19200 100 63 0.315
19200 100 69 0.4488
19200 100 57 0.315
19200 100 48 0.2992
19300 100 58 0.2992
19300 200 63 0.3543
19300 100 67 0.4252
19300 100 46 0.252
19300 200 53 0.2126
19400 300 60 0.4016
19400 50 65 0.4724
19400 100 45 0.3228
19450 12 67 0.3937
19462 12 65 0.3543
19475 12 64 0.3937
19487 12 65 0.4094
19500 75 67 0.4646
19500 200 41 0.2992
19500 200 57 0.3543
19575 25 63 0.4094
19600 100 63 0.4567
19700 200 56 0.3307
19700 200 50 0.3307
19700 200 62 0.3937
19700 200 46 0.2992
19700 200 34 0.252
19900 200 56 0.2205
19900 87 51 0.2205
19900 200 60 0.3228
19900 100 36 0.1732
19900 100 48 0.2047
20000 75 55 0.3622
20000 75 39 0.2677
20000 75 51 0.315
20075 25 53 0.2913
20075 25 50 0.2205
20075 25 38 0.1575
20100 200 53 0.2362
20100 200 56 0.3386
20100 400 58 0.3386
20100 200 50 0.252
20100 200 38 0.2126
20300 100 56 0.2756
20300 100 51 0.2283
20300 100 36 0.1811
20300 100 48 0.2205
20400 100 55 0.2283
20400 100 50 0.2598
20400 100 46 0.2205
20400 100 34 0.1811
20500 200 58 0.3386
20500 100 53 0.2047
20500 100 48 0.2283
20500 100 44 0.189
20500 100 32 0.1575
20600 50 51 0.3071
20600 50 46 0.3071
20600 50 43 0.2205
20600 50 31 0.1811
20650 16 53 0.2835
20650 16 48 0.2362
20650 16 44 0.1811
20650 16 32 0.1496
20662 16 46 0.1969
20662 16 51 0.2362
20662 16 43 0.1575
20662 16 31 0.1339
20675 16 44 0.2441
20675 16 50 0.2913
20675 16 29 0.1654
20675 16 41 0.1969
20687 16 51 0.3228
20687 16 46 0.2756
20687 16 31 0.1732
20687 16 43 0.2047
20700 75 55 0.3937
20700 100 58 0.3307
20700 75 50 0.315
20700 75 34 0.1969
20700 75 46 0.2362
20775 25 50 0.2677
20775 25 44 0.2677
20775 25 41 0.1654
20775 25 29 0.1654
20800 200 46 0.252
20800 200 51 0.2835
20800 200 58 0.3228
20800 200 31 0.1811
20800 200 43 0.2441
21000 200 49 0.2205
21000 200 52 0.2205
21000 200 57 0.2677
21000 200 33 0.1654
21000 200 45 0.1969
21200 400 50 0.189
21200 400 54 0.189
21200 400 57 0.2283
21200 400 26 0.1339
21200 400 33 0.1339
21200 400 38 0.1575
