66 11 77 0.3543
77 11 79 0.2992
88 11 81 0.2992
99 11 77 0.3465
110 11 79 0.2913
121 11 81 0.2913
132 8 72 0.3543
132 8 69 0.2835
132 8 65 0.2362
165 8 72 0.3543
165 8 69 0.2835
165 8 65 0.2362
198 11 77 0.3543
209 11 79 0.2992
220 11 81 0.2992
232 11 77 0.3465
243 11 79 0.2913
254 11 81 0.2913
265 8 74 0.3543
265 8 70 0.2835
265 8 65 0.2362
298 8 74 0.3543
298 8 70 0.2835
298 8 65 0.2362
331 11 86 0.4173
342 11 84 0.3937
353 11 82 0.3937
364 11 81 0.4331
375 11 79 0.4488
386 11 77 0.4567
397 11 76 0.4961
397 132 60 0.3701
397 132 55 0.3071
397 132 52 0.3071
397 132 48 0.3071
408 11 79 0.4488
419 11 77 0.4409
430 11 76 0.4882
441 11 74 0.4252
453 11 72 0.4252
464 11 70 0.4409
475 11 69 0.3937
486 11 67 0.3937
497 11 74 0.4803
508 11 72 0.4173
519 11 70 0.4173
530 8 69 0.4961
530 11 53 0.3228
541 11 57 0.2441
552 11 60 0.2283
563 8 72 0.4488
563 11 53 0.2913
574 11 57 0.2677
585 11 60 0.1969
596 11 53 0.3071
607 11 57 0.2598
618 11 60 0.2362
629 33 84 0.5039
629 11 53 0.3228
640 11 57 0.252
651 11 60 0.2126
662 33 81 0.5433
662 11 53 0.3228
674 11 57 0.2441
685 11 60 0.2598
696 33 77 0.4961
696 11 53 0.2992
707 11 57 0.2756
718 11 60 0.2362
729 33 74 0.5354
729 11 53 0.3071
740 11 58 0.2362
751 11 62 0.2362
762 33 70 0.4252
762 11 53 0.2913
773 11 58 0.252
784 11 62 0.2362
795 33 69 0.4567
795 11 53 0.3228
806 11 57 0.2441
817 11 60 0.1811
828 33 72 0.3937
828 11 53 0.2756
839 11 57 0.2126
850 11 60 0.2126
861 11 53 0.2913
872 11 57 0.2441
883 11 60 0.1969
895 33 84 0.5039
895 11 53 0.3228
906 11 57 0.252
917 11 60 0.2047
928 33 81 0.5433
928 11 53 0.3228
939 11 57 0.2441
950 11 60 0.2126
961 33 77 0.4961
961 11 53 0.2992
972 11 57 0.2756
983 11 60 0.2362
994 33 74 0.5354
994 11 53 0.3071
1005 11 59 0.2362
1016 11 62 0.2362
1027 33 81 0.4252
1027 11 53 0.2913
1038 11 59 0.252
1049 11 62 0.2362
1060 8 79 0.4567
1060 11 52 0.3228
1071 11 55 0.2441
1082 11 60 0.1969
1093 11 79 0.4173
1104 11 77 0.3858
1116 11 76 0.3858
1127 8 74 0.4567
1127 11 53 0.3228
1138 11 57 0.2441
1149 11 62 0.2205
1160 11 77 0.4173
1171 11 76 0.3858
1182 11 74 0.3858
1193 8 72 0.4567
1193 11 55 0.3228
1204 11 60 0.2362
1215 11 64 0.2205
1226 11 76 0.3858
1237 11 74 0.3543
1248 11 72 0.3465
1259 8 71 0.4016
1259 11 55 0.2835
1270 11 62 0.2047
1281 11 65 0.189
1292 11 67 0.3386
1303 11 69 0.3071
1314 11 71 0.2992
1325 8 72 0.3937
1325 11 60 0.2677
1337 11 62 0.2362
1348 11 64 0.2362
1359 11 60 0.2677
1370 11 62 0.2362
1381 11 64 0.2362
1392 11 72 0.3543
1392 8 60 0.2677
1403 11 74 0.3071
1414 11 76 0.315
1425 11 72 0.3622
1436 11 74 0.3071
1447 11 76 0.3071
1458 11 74 0.3701
1458 8 71 0.2992
1469 11 76 0.2913
1480 11 77 0.2913
1491 11 74 0.3386
1502 11 76 0.2992
1513 11 77 0.2992
1524 11 76 0.3386
1524 8 70 0.3228
1535 11 77 0.2992
1546 11 79 0.2598
1558 11 76 0.2913
1569 11 77 0.2677
1580 11 79 0.2283
1657 11 77 0.3543
1668 11 79 0.2992
1679 11 81 0.2992
1690 11 77 0.3465
1701 11 79 0.2913
1712 11 81 0.2913
1723 8 72 0.3543
1723 8 69 0.2835
1723 8 65 0.2362
1756 8 72 0.3543
1756 8 69 0.2835
1756 8 65 0.2362
1790 11 77 0.3543
1801 11 79 0.2992
1812 11 81 0.2992
1823 11 77 0.3465
1834 11 79 0.2913
1845 11 81 0.2913
1856 8 74 0.3543
1856 8 70 0.2835
1856 8 65 0.2362
1889 8 74 0.3543
1889 8 70 0.2835
1889 8 65 0.2362
1922 11 86 0.4173
1933 11 84 0.3937
1944 11 82 0.3937
1955 11 81 0.4331
1966 11 79 0.4488
1977 11 77 0.4567
1988 11 76 0.4961
1988 132 60 0.3701
1988 132 55 0.3071
1988 132 52 0.3071
1988 132 48 0.3071
1999 11 79 0.4488
2011 11 77 0.4409
2022 11 76 0.4882
2033 11 74 0.4252
2044 11 72 0.4252
2055 11 70 0.4409
2066 11 69 0.3937
2077 11 67 0.3937
2088 11 74 0.4803
2099 11 72 0.4173
2110 11 70 0.4173
2121 8 69 0.4961
2121 11 53 0.3228
2132 11 57 0.2441
2143 11 60 0.2205
2154 8 72 0.4488
2154 11 53 0.2913
2165 11 57 0.2677
2176 11 60 0.2283
2187 11 53 0.3071
2198 11 57 0.2598
2209 11 60 0.2047
2220 33 84 0.5039
2220 11 53 0.3228
2232 11 57 0.252
2243 11 60 0.1969
2254 33 81 0.5433
2254 11 53 0.3228
2265 11 57 0.2441
2276 11 60 0.2126
2287 33 77 0.4961
2287 11 53 0.2992
2298 11 57 0.2756
2309 11 60 0.2283
2320 33 74 0.5354
2320 11 53 0.3071
2331 11 58 0.2362
2342 11 62 0.189
2353 33 70 0.4252
2353 11 53 0.2913
2364 11 58 0.252
2375 11 62 0.2126
2386 33 69 0.4567
2386 11 53 0.3228
2397 11 57 0.2441
2408 11 60 0.1969
2419 33 72 0.3937
2419 11 53 0.2756
2430 11 57 0.2126
2441 11 60 0.1654
2453 11 53 0.2913
2464 11 57 0.2441
2475 11 60 0.189
2486 33 84 0.5039
2486 11 53 0.3228
2497 11 57 0.252
2508 11 60 0.189
2519 33 81 0.5433
2519 11 53 0.3228
2530 11 57 0.2441
2541 11 60 0.2283
2552 33 77 0.4961
2552 11 53 0.2992
2563 11 57 0.2756
2574 11 60 0.2362
2585 33 76 0.5354
2585 11 55 0.3071
2596 11 58 0.2362
2607 11 64 0.2047
2618 33 86 0.5433
2618 11 55 0.2913
2629 11 58 0.252
2640 11 64 0.1811
2651 8 84 0.5039
2651 11 57 0.3228
2662 11 60 0.2441
2674 11 65 0.2126
2685 11 84 0.4173
2696 11 82 0.3858
2707 11 81 0.3858
2718 8 79 0.4567
2718 11 58 0.3228
2729 11 62 0.2441
2740 11 67 0.2047
2751 11 82 0.4173
2762 11 81 0.3858
2773 11 79 0.3858
2784 8 77 0.4252
2784 11 60 0.3228
2795 11 65 0.2441
2806 11 69 0.2126
2817 16 77 0.3937
2817 11 60 0.2598
2828 11 65 0.2283
2834 5 79 0.3307
2839 5 77 0.3228
2839 11 69 0.189
2845 5 76 0.2913
2850 33 81 0.4252
2850 11 60 0.2677
2861 11 65 0.2283
2872 11 69 0.1969
2883 33 79 0.3386
2883 11 60 0.2441
2894 11 64 0.2047
2906 11 70 0.1732
2917 11 65 0.2835
2928 11 69 0.2047
2939 11 72 0.2047
2950 16 77 0.3937
2950 11 65 0.2598
2961 11 69 0.2126
2966 5 79 0.3307
2972 5 77 0.3228
2972 11 72 0.2126
2977 5 76 0.2913
2983 11 65 0.3228
2994 11 70 0.2283
3005 11 74 0.189
3016 16 77 0.3937
3016 11 65 0.2598
3027 11 70 0.2126
3033 5 79 0.3307
3038 5 77 0.3228
3038 11 74 0.1969
3044 5 76 0.2913
3049 11 65 0.3228
3060 11 69 0.2283
3071 11 72 0.1969
3082 11 81 0.4173
3093 11 79 0.4252
3104 11 77 0.4331
3116 11 76 0.4488
3127 11 74 0.4567
3138 11 72 0.4724
3149 11 70 0.4803
3149 33 48 0.3228
3149 33 60 0.3858
3160 11 69 0.4882
3171 11 67 0.5039
3182 8 65 0.5512
3182 11 53 0.4488
3193 11 57 0.315
3204 11 60 0.252
3215 16 65 0.5512
3215 11 53 0.3622
3226 11 57 0.2913
3232 5 67 0.4567
3237 5 65 0.4488
3237 11 60 0.252
3243 5 64 0.4016
3248 11 53 0.4488
3259 11 58 0.315
3270 11 62 0.2598
3281 16 65 0.5512
3281 11 53 0.3622
3292 11 58 0.2913
3298 5 67 0.4567
3303 5 65 0.4488
3303 11 62 0.252
3309 5 64 0.4016
3314 11 53 0.4488
3325 11 57 0.315
3337 11 60 0.2598
3348 11 69 0.5276
3359 11 67 0.4961
3370 11 65 0.4961
3381 11 64 0.5276
3381 66 48 0.5354
3381 66 36 0.4488
3392 11 62 0.4961
3403 11 60 0.5039
3414 11 58 0.5276
3425 11 57 0.5354
3436 11 55 0.5354
3447 16 53 0.5984
3447 11 41 0.4961
3458 11 45 0.4173
3469 11 48 0.3622
3480 11 41 0.4961
3491 11 45 0.4173
3502 11 48 0.378
3513 16 60 0.4724
3513 16 65 0.5984
3513 16 57 0.4724
3513 11 41 0.4961
3524 11 45 0.4173
3535 11 48 0.3622
3546 11 41 0.4961
3558 11 45 0.4173
3569 11 48 0.3701
3580 49 57 0.4724
3580 49 60 0.4724
3580 49 65 0.5984
3580 49 41 0.4961
3646 11 81 0.3543
3657 11 79 0.2992
3668 11 77 0.2992
3679 11 81 0.3465
3690 11 79 0.2913
3701 11 77 0.2913
3712 33 84 0.378
3712 11 65 0.2205
3723 11 69 0.1654
3734 11 72 0.1417
3745 33 84 0.3465
3745 11 65 0.2047
3756 11 69 0.189
3767 11 72 0.1575
3779 33 81 0.3701
3779 11 65 0.2126
3790 11 69 0.1654
3801 11 72 0.1496
3812 33 77 0.2913
3812 11 65 0.1969
3823 11 69 0.1732
3834 11 72 0.1654
3845 33 78 0.4252
3845 11 64 0.2205
3856 11 67 0.1654
3867 11 72 0.1339
3878 33 79 0.378
3878 11 64 0.189
3889 11 67 0.1417
3900 11 72 0.1417
3911 11 88 0.4173
3911 11 64 0.2205
3922 11 86 0.3228
3922 11 67 0.1654
3933 11 84 0.2992
3933 11 72 0.1654
3944 11 83 0.3858
3944 11 64 0.189
3955 11 81 0.2913
3955 11 67 0.1417
3966 9 79 0.2913
3966 11 72 0.1417
3977 49 79 0.4252
3977 11 62 0.2205
3988 11 67 0.1654
3999 11 71 0.1575
4011 11 62 0.2047
4022 11 67 0.189
4027 8 76 0.3071
4033 11 71 0.1654
4035 8 77 0.2992
4044 5 77 0.3701
4044 11 62 0.2126
4049 5 79 0.2913
4055 11 67 0.1654
4055 5 77 0.3386
4060 5 79 0.2913
4066 11 71 0.1575
4066 5 77 0.3543
4071 5 79 0.2677
4077 11 62 0.1969
4077 5 77 0.3386
4083 5 79 0.315
4088 11 67 0.1732
4088 5 77 0.3543
4093 8 76 0.3465
4099 11 71 0.1654
4102 8 77 0.3465
4110 11 76 0.3543
4110 16 60 0.2913
4121 11 79 0.3937
4132 11 77 0.3307
4143 11 76 0.3465
4154 11 74 0.3307
4165 11 72 0.315
4176 11 77 0.3543
4176 16 59 0.2362
4187 11 81 0.4331
4198 11 79 0.4016
4209 11 77 0.4173
4209 16 59 0.2598
4220 11 76 0.3622
4232 11 74 0.3622
4243 11 76 0.4173
4243 16 60 0.3386
4254 11 79 0.4567
4265 11 77 0.3858
4276 11 76 0.4094
4287 11 74 0.3858
4298 11 72 0.3701
4309 11 77 0.4173
4309 16 59 0.2756
4320 11 81 0.4646
4331 11 79 0.4646
4342 11 77 0.4803
4342 16 59 0.3071
4353 11 76 0.4173
4364 11 74 0.4173
4375 11 76 0.4803
4375 16 60 0.3937
4386 11 79 0.5118
4397 11 77 0.4409
4408 11 76 0.4724
4419 11 74 0.4409
4430 11 72 0.4252
4441 11 82 0.4961
4441 16 52 0.3622
4441 16 60 0.4173
4453 11 86 0.5906
4464 11 84 0.5433
4475 11 82 0.5512
4475 16 52 0.3701
4475 16 60 0.4252
4486 11 81 0.4724
4497 11 79 0.4724
4508 11 81 0.4961
4508 16 53 0.3622
4508 16 60 0.4173
4519 11 83 0.5512
4530 11 84 0.5433
4541 11 83 0.4882
4552 11 81 0.4724
4563 11 79 0.4724
4574 11 77 0.5197
4574 16 53 0.3465
4585 11 76 0.5039
4596 11 74 0.4803
4607 11 72 0.4803
4607 16 54 0.2913
4618 11 71 0.4173
4629 11 69 0.378
4640 49 67 0.4567
4640 11 55 0.2205
4651 11 60 0.1654
4662 11 64 0.1654
4674 11 55 0.2047
4685 11 60 0.189
4690 8 72 0.3071
4696 11 64 0.1654
4698 8 74 0.2992
4707 5 74 0.3701
4707 11 55 0.2126
4712 5 76 0.2913
4718 11 59 0.1654
4718 5 74 0.3386
4723 5 76 0.2913
4729 11 62 0.1654
4729 5 74 0.3543
4734 5 76 0.2677
4740 11 55 0.1969
4740 5 74 0.3386
4746 5 76 0.315
4751 11 59 0.1732
4751 5 74 0.3543
4756 8 72 0.3465
4762 11 62 0.1654
4765 8 74 0.3465
4773 11 76 0.4016
4773 16 60 0.3307
4784 11 77 0.3386
4795 11 79 0.3307
4806 11 72 0.3701
4817 11 74 0.3307
4828 11 76 0.315
4839 16 77 0.4016
4839 11 59 0.2835
4850 11 60 0.2047
4861 11 62 0.2047
4872 11 55 0.2835
4883 11 57 0.2441
4895 11 59 0.2441
4906 11 76 0.4016
4906 16 60 0.3386
4917 11 77 0.3386
4928 11 79 0.3307
4939 11 72 0.3701
4950 11 74 0.3307
4961 11 76 0.315
4972 16 77 0.4016
4972 11 59 0.2835
4983 11 60 0.2047
4994 11 62 0.2047
5005 11 55 0.2835
5016 11 57 0.2441
5027 11 59 0.2441
5038 11 76 0.4016
5038 33 60 0.2913
5049 11 79 0.3465
5060 11 76 0.3465
5071 11 72 0.4016
5071 33 52 0.315
5082 11 76 0.3701
5093 11 72 0.3622
5104 11 69 0.4803
5104 33 53 0.3465
5116 11 72 0.4094
5127 11 69 0.4094
5138 11 65 0.4803
5138 33 53 0.378
5149 11 69 0.4331
5160 11 65 0.4252
5171 11 64 0.5118
5171 16 55 0.4567
5182 11 67 0.4331
5193 11 65 0.4567
5204 11 64 0.5118
5204 16 55 0.4016
5215 11 62 0.4567
5226 11 60 0.4409
5237 5 62 0.5118
5237 16 43 0.4567
5243 5 64 0.4016
5248 5 62 0.4724
5254 5 64 0.4016
5259 5 62 0.4961
5265 5 64 0.3701
5270 16 43 0.4331
5270 5 62 0.4724
5276 5 64 0.4409
5282 5 62 0.4961
5287 8 60 0.4803
5295 8 62 0.4803
5303 11 64 0.5591
5303 16 48 0.4331
5314 11 65 0.4724
5325 11 67 0.4567
5337 11 60 0.5118
5348 11 62 0.4567
5359 11 64 0.4409
5370 16 65 0.5591
5370 11 47 0.4409
5381 11 48 0.3307
5392 11 50 0.3465
5403 11 43 0.4409
5414 11 45 0.378
5425 11 47 0.3622
5436 11 64 0.5591
5436 16 48 0.4488
5447 11 65 0.4724
5458 11 67 0.4567
5469 11 60 0.5118
5480 11 62 0.4567
5491 11 64 0.4409
5502 16 65 0.5591
5502 11 47 0.4409
5513 11 48 0.3307
5524 11 50 0.3071
5535 11 43 0.4409
5546 11 45 0.378
5558 11 47 0.3307
5569 11 64 0.5276
5569 16 48 0.378
5580 11 67 0.4488
5591 11 72 0.4331
5602 11 76 0.4803
5602 16 48 0.3701
5602 16 36 0.3071
5613 11 72 0.4331
5624 11 67 0.4173
5635 11 64 0.5276
5646 11 69 0.4488
5657 11 72 0.4331
5668 11 76 0.4803
5668 16 57 0.3701
5668 16 45 0.3071
5679 11 72 0.4331
5690 11 69 0.4173
5701 11 62 0.5276
5712 11 65 0.4488
5723 11 69 0.4331
5734 11 74 0.4803
5734 16 53 0.3701
5734 16 41 0.3071
5745 11 69 0.4331
5756 11 65 0.4173
5767 11 62 0.5276
5779 11 65 0.4488
5790 11 67 0.4331
5801 11 71 0.4803
5801 16 55 0.3701
5801 16 43 0.3071
5812 11 67 0.4331
5823 11 65 0.4173
5834 11 64 0.6142
5845 11 67 0.5197
5856 11 72 0.4961
5867 11 76 0.5591
5867 16 60 0.4331
5867 16 48 0.3622
5878 11 72 0.4961
5889 11 67 0.4803
5900 11 64 0.6142
5911 11 69 0.5197
5922 11 72 0.4961
5933 11 76 0.5591
5933 16 57 0.4331
5933 16 45 0.3622
5944 11 72 0.4961
5955 11 69 0.4803
5966 11 69 0.6142
5966 16 41 0.3937
5966 16 53 0.4724
5977 11 74 0.5197
5988 11 77 0.4961
5999 11 81 0.5591
5999 16 53 0.4331
5999 16 41 0.3622
6011 11 77 0.4961
6022 11 74 0.4803
6033 11 67 0.6142
6033 16 43 0.3937
6033 16 55 0.4724
6044 11 71 0.5197
6055 11 74 0.4961
6066 11 79 0.5591
6066 16 55 0.4331
6066 16 43 0.3622
6077 11 74 0.4961
6088 11 71 0.4803
6099 11 72 0.5512
6099 132 36 0.4016
6099 132 48 0.4724
6110 11 71 0.5039
6121 11 72 0.4567
6132 11 76 0.5512
6143 11 74 0.4803
6154 11 72 0.4803
6165 11 71 0.5197
6176 11 69 0.4803
6187 11 67 0.4488
6198 11 65 0.5118
6209 11 64 0.4646
6220 11 62 0.4409
6232 11 60 0.5512
6232 132 36 0.4016
6232 132 48 0.4724
6243 11 59 0.5039
6254 11 60 0.4803
6265 11 64 0.5512
6276 11 62 0.4961
6287 11 60 0.4961
6298 11 59 0.5197
6309 11 57 0.4803
6320 11 55 0.4567
6331 11 53 0.5118
6342 11 52 0.4646
6353 11 50 0.4646
6364 8 48 0.6614
6364 8 36 0.5591
6397 8 36 0.4882
6397 8 48 0.5827
6430 11 64 0.4803
6441 11 62 0.3937
6453 11 60 0.3937
6464 11 67 0.4331
6475 11 65 0.3701
6486 11 64 0.3701
6497 8 70 0.4331
6497 8 36 0.3543
6497 8 48 0.4252
6530 8 48 0.3701
6530 8 36 0.3071
6563 11 76 0.4173
6574 11 74 0.3307
6585 11 72 0.3071
6596 11 79 0.378
6607 11 77 0.2913
6618 11 76 0.2913
6629 8 82 0.3701
6629 8 67 0.2598
6629 8 60 0.2126
6629 8 64 0.2126
6662 8 67 0.2205
6662 8 60 0.189
6662 8 64 0.189
6828 11 77 0.3543
6839 11 79 0.2992
6850 11 81 0.2992
6861 11 77 0.3465
6872 11 79 0.2913
6883 11 81 0.2913
6895 8 72 0.3543
6895 8 69 0.2835
6895 8 65 0.2362
6928 8 72 0.3543
6928 8 69 0.2835
6928 8 65 0.2362
6961 11 77 0.3543
6972 11 79 0.2992
6983 11 81 0.2992
6994 11 77 0.3465
7005 11 79 0.2913
7016 11 81 0.2913
7027 8 74 0.3543
7027 8 70 0.2835
7027 8 65 0.2362
7060 8 74 0.3543
7060 8 70 0.2835
7060 8 65 0.2362
7093 11 86 0.4173
7104 11 84 0.3937
7116 11 82 0.3937
7127 11 81 0.4331
7138 11 79 0.4488
7149 11 77 0.4567
7160 11 76 0.4961
7160 132 60 0.3701
7160 132 55 0.3071
7160 132 52 0.3071
7160 132 48 0.3071
7171 11 79 0.4488
7182 11 77 0.4409
7193 11 76 0.4882
7204 11 74 0.4252
7215 11 72 0.4252
7226 11 70 0.4409
7237 11 69 0.3937
7248 11 67 0.3937
7259 11 74 0.4803
7270 11 72 0.4173
7281 11 70 0.4173
7292 8 69 0.4961
7292 11 53 0.3228
7303 11 57 0.2441
7314 11 60 0.2283
7325 8 72 0.4488
7325 11 53 0.2913
7337 11 57 0.2677
7348 11 60 0.1969
7359 11 53 0.3071
7370 11 57 0.2598
7381 11 60 0.2362
7392 33 84 0.5039
7392 11 53 0.3228
7403 11 57 0.252
7414 11 60 0.2126
7425 33 81 0.5433
7425 11 53 0.3228
7436 11 57 0.2441
7447 11 60 0.2598
7458 33 77 0.4961
7458 11 53 0.2992
7469 11 57 0.2756
7480 11 60 0.2362
7491 33 74 0.5354
7491 11 53 0.3071
7502 11 58 0.2362
7513 11 62 0.2362
7524 33 70 0.4252
7524 11 53 0.2913
7535 11 58 0.252
7546 11 62 0.2362
7558 33 69 0.4567
7558 11 53 0.3228
7569 11 57 0.2441
7580 11 60 0.1811
7591 33 72 0.3937
7591 11 53 0.2756
7602 11 57 0.2126
7613 11 60 0.2126
7624 11 53 0.2913
7635 11 57 0.2441
7646 11 60 0.1969
7657 33 84 0.5039
7657 11 53 0.3228
7668 11 57 0.252
7679 11 60 0.2047
7690 33 81 0.5433
7690 11 53 0.3228
7701 11 57 0.2441
7712 11 60 0.2126
7723 33 77 0.4961
7723 11 53 0.2992
7734 11 57 0.2756
7745 11 60 0.2362
7756 33 74 0.5354
7756 11 53 0.3071
7767 11 59 0.2362
7779 11 62 0.2362
7790 33 81 0.4252
7790 11 53 0.2913
7801 11 59 0.252
7812 11 62 0.2362
7823 8 79 0.4567
7823 11 52 0.3228
7834 11 55 0.2441
7845 11 60 0.1969
7856 11 79 0.4173
7867 11 77 0.3858
7878 11 76 0.3858
7889 8 74 0.4567
7889 11 53 0.3228
7900 11 57 0.2441
7911 11 62 0.2205
7922 11 77 0.4173
7933 11 76 0.3858
7944 11 74 0.3858
7955 8 72 0.4567
7955 11 55 0.3228
7966 11 60 0.2362
7977 11 64 0.2205
7988 11 76 0.3858
7999 11 74 0.3543
8011 11 72 0.3465
8022 8 71 0.4016
8022 11 55 0.2835
8033 11 62 0.2047
8044 11 65 0.189
8055 11 67 0.3386
8066 11 69 0.3071
8077 11 71 0.2992
8088 8 72 0.3937
8088 11 60 0.2677
8099 11 62 0.2362
8110 11 64 0.2362
8121 11 60 0.2677
8132 11 62 0.2362
8143 11 64 0.2362
8154 11 72 0.3543
8154 8 60 0.2677
8165 11 74 0.3071
8176 11 76 0.315
8187 11 72 0.3622
8198 11 74 0.3071
8209 11 76 0.3071
8220 11 74 0.3701
8220 8 71 0.2992
8232 11 76 0.2913
8243 11 77 0.2913
8254 11 74 0.3386
8265 11 76 0.2992
8276 11 77 0.2992
8287 11 76 0.3386
8287 8 70 0.3228
8298 11 77 0.2992
8309 11 79 0.2598
8320 11 76 0.2913
8331 11 77 0.2677
8342 11 79 0.2283
8419 11 77 0.3543
8430 11 79 0.2992
8441 11 81 0.2992
8453 11 77 0.3465
8464 11 79 0.2913
8475 11 81 0.2913
8486 8 72 0.3543
8486 8 69 0.2835
8486 8 65 0.2362
8519 8 72 0.3543
8519 8 69 0.2835
8519 8 65 0.2362
8552 11 77 0.3543
8563 11 79 0.2992
8574 11 81 0.2992
8585 11 77 0.3465
8596 11 79 0.2913
8607 11 81 0.2913
8618 8 74 0.3543
8618 8 70 0.2835
8618 8 65 0.2362
8651 8 74 0.3543
8651 8 70 0.2835
8651 8 65 0.2362
8685 11 86 0.4173
8696 11 84 0.3937
8707 11 82 0.3937
8718 11 81 0.4331
8729 11 79 0.4488
8740 11 77 0.4567
8751 11 76 0.4961
8751 132 60 0.3701
8751 132 55 0.3071
8751 132 52 0.3071
8751 132 48 0.3071
8762 11 79 0.4488
8773 11 77 0.4409
8784 11 76 0.4882
8795 11 74 0.4252
8806 11 72 0.4252
8817 11 70 0.4409
8828 11 69 0.3937
8839 11 67 0.3937
8850 11 74 0.4803
8861 11 72 0.4173
8872 11 70 0.4173
8883 8 69 0.4961
8883 11 53 0.3228
8895 11 57 0.2441
8906 11 60 0.2205
8917 8 72 0.4488
8917 11 53 0.2913
8928 11 57 0.2677
8939 11 60 0.2283
8950 11 53 0.3071
8961 11 57 0.2598
8972 11 60 0.2047
8983 33 84 0.5039
8983 11 53 0.3228
8994 11 57 0.252
9005 11 60 0.1969
9016 33 81 0.5433
9016 11 53 0.3228
9027 11 57 0.2441
9038 11 60 0.2126
9049 33 77 0.4961
9049 11 53 0.2992
9060 11 57 0.2756
9071 11 60 0.2283
9082 33 74 0.5354
9082 11 53 0.3071
9093 11 58 0.2362
9104 11 62 0.189
9116 33 70 0.4252
9116 11 53 0.2913
9127 11 58 0.252
9138 11 62 0.2126
9149 33 69 0.4567
9149 11 53 0.3228
9160 11 57 0.2441
9171 11 60 0.1969
9182 33 72 0.3937
9182 11 53 0.2756
9193 11 57 0.2126
9204 11 60 0.1654
9215 11 53 0.2913
9226 11 57 0.2441
9237 11 60 0.189
9248 33 84 0.5039
9248 11 53 0.3228
9259 11 57 0.252
9270 11 60 0.189
9281 33 81 0.5433
9281 11 53 0.3228
9292 11 57 0.2441
9303 11 60 0.2283
9314 33 77 0.4961
9314 11 53 0.2992
9325 11 57 0.2756
9337 11 60 0.2362
9348 33 76 0.5354
9348 11 55 0.3071
9359 11 58 0.2362
9370 11 64 0.2047
9381 33 86 0.5433
9381 11 55 0.2913
9392 11 58 0.252
9403 11 64 0.1811
9414 8 84 0.5039
9414 11 57 0.3228
9425 11 60 0.2441
9436 11 65 0.2126
9447 11 84 0.4173
9458 11 82 0.3858
9469 11 81 0.3858
9480 8 79 0.4567
9480 11 58 0.3228
9491 11 62 0.2441
9502 11 67 0.2047
9513 11 82 0.4173
9524 11 81 0.3858
9535 11 79 0.3858
9546 8 77 0.4252
9546 11 60 0.3228
9558 11 65 0.2441
9569 11 69 0.2126
9580 16 77 0.3937
9580 11 60 0.2598
9591 11 65 0.2283
9596 5 79 0.3307
9602 5 77 0.3228
9602 11 69 0.189
9607 5 76 0.2913
9613 33 81 0.4252
9613 11 60 0.2677
9624 11 65 0.2283
9635 11 69 0.1969
9646 33 79 0.3386
9646 11 60 0.2441
9657 11 64 0.2047
9668 11 70 0.1732
9679 11 65 0.2835
9690 11 69 0.2047
9701 11 72 0.2047
9712 16 77 0.3937
9712 11 65 0.2598
9723 11 69 0.2126
9729 5 79 0.3307
9734 5 77 0.3228
9734 11 72 0.2126
9740 5 76 0.2913
9745 11 65 0.3228
9756 11 70 0.2283
9767 11 74 0.189
9778 16 77 0.3937
9778 11 65 0.2598
9790 11 70 0.2126
9795 5 79 0.3307
9801 5 77 0.3228
9801 11 74 0.1969
9806 5 76 0.2913
9812 11 65 0.3228
9823 11 69 0.2283
9834 11 72 0.1969
9845 11 81 0.4173
9856 11 79 0.4252
9867 11 77 0.4331
9878 11 76 0.4488
9889 11 74 0.4567
9900 11 72 0.4724
9911 11 70 0.4803
9911 33 48 0.3228
9911 33 60 0.3858
9922 11 69 0.4882
9933 11 67 0.5039
9944 8 65 0.5512
9944 11 53 0.4488
9955 11 57 0.315
9966 11 60 0.252
9977 16 65 0.5512
9977 11 53 0.3622
9988 11 57 0.2913
9994 5 67 0.4567
9999 5 65 0.4488
9999 11 60 0.252
10005 5 64 0.4016
10011 11 53 0.4488
10022 11 58 0.315
10033 11 62 0.2598
10044 16 65 0.5512
10044 11 53 0.3622
10055 11 58 0.2913
10060 5 67 0.4567
10066 5 65 0.4488
10066 11 62 0.252
10071 5 64 0.4016
10077 11 53 0.4488
10088 11 57 0.315
10099 11 60 0.2598
10110 11 69 0.5276
10121 11 67 0.4961
10132 11 65 0.4961
10143 11 64 0.5276
10143 66 48 0.5354
10143 66 36 0.4488
10154 11 62 0.4961
10165 11 60 0.5039
10176 11 58 0.5276
10187 11 57 0.5354
10198 11 55 0.5354
10209 16 53 0.5984
10209 11 41 0.4961
10220 11 45 0.4173
10232 11 48 0.3622
10243 11 41 0.4961
10254 11 45 0.4173
10265 11 48 0.378
10276 16 60 0.4724
10276 16 65 0.5984
10276 16 57 0.4724
10276 11 41 0.4961
10287 11 45 0.4173
10298 11 48 0.3622
10309 11 41 0.4961
10320 11 45 0.4173
10331 11 48 0.3701
10342 49 57 0.4724
10342 49 60 0.4724
10342 49 65 0.5984
10342 49 41 0.4961
