0 98 53 0.3071
0 98 56 0.3622
0 115 37 0.252
0 115 44 0.252
0 115 49 0.2992
88 39 54 0.2441
88 39 58 0.2913
117 58 56 0.2913
117 58 53 0.2441
117 58 44 0.1969
117 56 37 0.1969
117 56 49 0.2362
176 14 53 0.3622
176 117 37 0.2126
176 117 49 0.252
176 117 44 0.2126
191 14 56 0.3071
205 14 61 0.3386
220 14 65 0.315
235 14 68 0.3386
250 14 73 0.3386
264 14 77 0.3465
279 14 80 0.3701
294 53 85 0.4094
294 53 61 0.2362
294 53 65 0.2362
294 53 56 0.1969
352 98 68 0.2992
352 98 65 0.2992
352 115 56 0.2047
352 115 49 0.2047
352 115 61 0.2441
441 39 66 0.2756
441 39 70 0.2756
470 58 65 0.2835
470 58 68 0.2835
470 56 49 0.1969
470 56 61 0.2362
470 56 56 0.1969
529 14 65 0.2992
529 117 56 0.2126
529 117 49 0.2126
529 117 61 0.252
544 14 68 0.252
558 14 73 0.2835
573 14 77 0.2677
588 14 80 0.2835
602 14 85 0.2835
617 14 89 0.2913
632 14 92 0.2992
647 58 97 0.3307
647 58 73 0.1654
647 58 68 0.1654
647 58 77 0.1969
705 115 54 0.3071
705 115 63 0.3622
705 115 48 0.315
705 115 44 0.2677
823 58 54 0.3071
823 44 63 0.3622
823 58 44 0.3071
823 44 48 0.3071
867 14 60 0.3307
867 14 51 0.2835
882 14 54 0.2756
882 14 60 0.3307
882 115 44 0.2756
882 117 51 0.3307
897 14 80 0.3622
911 14 78 0.3386
926 14 75 0.3386
941 14 72 0.3858
955 14 68 0.378
970 14 66 0.3465
985 14 63 0.3465
1000 14 60 0.3622
1000 58 48 0.2756
1000 58 44 0.2283
1014 14 56 0.3307
1029 14 55 0.3622
1044 14 54 0.3307
1058 115 61 0.3622
1058 115 53 0.3071
1058 115 44 0.2598
1058 115 37 0.2598
1058 115 49 0.3071
1176 56 53 0.2913
1176 56 61 0.3465
1176 56 37 0.2441
1176 56 49 0.2913
1176 56 44 0.2441
1235 14 53 0.2756
1235 14 56 0.3307
1235 115 44 0.2283
1235 115 49 0.2756
1235 115 37 0.2283
1250 14 77 0.3858
1264 14 73 0.3622
1279 14 68 0.3622
1294 14 65 0.3858
1308 14 61 0.3386
1323 14 56 0.3622
1338 14 53 0.3386
1352 14 49 0.3307
1367 14 44 0.2992
1382 14 41 0.315
1397 14 37 0.3071
1411 117 50 0.2835
1411 117 56 0.2835
1411 88 58 0.3386
1411 115 34 0.2598
1411 115 41 0.2598
1411 115 46 0.3071
1500 29 59 0.3307
1529 58 58 0.3071
1529 58 56 0.2598
1529 58 50 0.2598
1529 58 34 0.252
1529 58 46 0.2992
1529 58 41 0.252
1588 14 51 0.2598
1588 14 54 0.3071
1588 117 39 0.2362
1588 117 46 0.2835
1602 14 51 0.3071
1617 14 54 0.3307
1632 14 58 0.3307
1647 14 63 0.378
1661 14 66 0.3465
1676 14 70 0.3858
1691 14 66 0.3937
1705 58 75 0.4961
1705 58 63 0.2441
1705 58 54 0.2047
1705 58 58 0.2047
1764 117 62 0.3543
1764 117 68 0.3543
1764 88 70 0.4252
1764 115 53 0.2598
1764 115 46 0.2598
1764 115 58 0.3071
1852 29 71 0.4094
1882 58 68 0.3465
1882 58 62 0.3465
1882 58 70 0.4094
1882 56 53 0.252
1882 56 58 0.2992
1882 56 46 0.252
1941 14 63 0.4488
1941 14 66 0.4488
1941 115 58 0.3858
1941 115 51 0.3228
1955 14 63 0.3858
1970 14 66 0.4488
1985 14 70 0.4016
2000 14 75 0.4331
2014 14 78 0.4646
2029 14 82 0.5039
2044 14 78 0.5433
2058 44 87 0.5906
2058 58 58 0.3543
2058 58 54 0.3543
2058 58 63 0.4173
2102 14 85 0.5118
2117 14 84 0.5591
2117 117 32 0.4252
2117 117 44 0.5039
2132 14 92 0.5984
2147 14 90 0.5669
2161 14 87 0.5669
2176 14 84 0.6063
2191 14 80 0.5669
2205 14 78 0.5669
2220 14 75 0.5669
2235 14 72 0.5827
2235 57 60 0.4016
2235 58 56 0.4016
2235 44 66 0.4724
2250 14 68 0.5669
2264 29 66 0.5669
2279 14 63 0.5669
2294 14 60 0.5591
2294 117 44 0.5118
2294 117 32 0.4331
2308 14 56 0.5276
2323 14 55 0.5591
2338 14 56 0.5276
2352 14 58 0.5197
2367 14 56 0.4646
2382 14 55 0.5197
2397 58 56 0.4646
2411 44 65 0.5118
2411 58 44 0.4016
2411 58 48 0.4724
2455 14 54 0.4016
2455 14 63 0.4803
2470 14 61 0.5118
2470 14 53 0.4331
2470 117 37 0.4016
2470 117 49 0.4724
2470 117 44 0.4016
2485 14 53 0.5039
2500 14 56 0.5039
2514 14 61 0.5039
2529 14 65 0.5039
2544 14 68 0.4961
2558 14 73 0.4803
2573 14 77 0.4803
2588 14 80 0.4803
2588 58 61 0.2835
2588 58 56 0.2835
2588 58 65 0.3386
2602 14 85 0.4961
2617 14 89 0.5039
2632 14 92 0.5118
2647 58 97 0.6063
2647 58 65 0.3386
2647 58 56 0.2835
2647 58 61 0.2835
2764 44 61 0.4803
2808 14 65 0.4252
2823 88 65 0.4961
2823 29 39 0.3543
2823 29 51 0.4252
2852 29 51 0.3858
2882 29 61 0.3858
2882 29 55 0.3228
2911 14 63 0.4488
2911 29 51 0.3858
2926 14 65 0.4567
2941 14 67 0.4646
2941 29 55 0.3228
2941 29 61 0.3858
2955 14 68 0.4803
2970 14 70 0.4961
2970 29 51 0.3858
2985 14 72 0.5039
3000 73 73 0.5197
3000 29 39 0.3543
3000 29 51 0.4252
3029 29 51 0.3701
3058 29 61 0.3701
3058 29 55 0.3071
3073 4 75 0.5039
3078 4 77 0.5039
3083 4 75 0.5039
3088 14 74 0.5039
3088 29 51 0.3701
3102 14 75 0.5197
3117 14 77 0.5512
3117 29 61 0.3701
3117 29 55 0.3071
3132 14 79 0.5748
3147 14 80 0.5984
3147 29 51 0.3701
3161 14 82 0.6299
3176 88 84 0.6614
3176 29 44 0.4252
3176 29 32 0.3543
3205 29 51 0.378
3235 29 60 0.378
3235 29 56 0.315
3264 14 82 0.5039
3264 29 51 0.3307
3279 14 80 0.5039
3294 14 79 0.5512
3294 29 56 0.2756
3294 29 60 0.3307
3308 14 82 0.4961
3323 14 80 0.5118
3323 29 51 0.3307
3338 14 77 0.4724
3352 117 75 0.4724
3352 29 32 0.3543
3352 29 44 0.4252
3382 29 51 0.2913
3411 29 60 0.2913
3411 29 56 0.2441
3441 29 51 0.2913
3470 44 72 0.4016
3470 44 75 0.4724
3470 29 56 0.2441
3470 29 60 0.2913
3500 29 51 0.2913
3514 14 73 0.378
3514 14 77 0.4488
3529 29 73 0.4016
3529 29 77 0.4724
3529 29 51 0.4252
3529 29 39 0.3543
3558 29 67 0.4488
3558 29 51 0.2913
3588 29 55 0.2441
3588 29 61 0.2913
3617 29 73 0.3858
3617 29 77 0.4567
3617 29 51 0.2913
3647 29 67 0.4173
3647 29 55 0.2441
3647 29 61 0.2913
3676 29 77 0.4567
3676 29 73 0.3858
3676 29 51 0.2913
3705 29 73 0.4016
3705 29 77 0.4724
3705 29 51 0.4252
3705 29 39 0.3543
3735 29 67 0.4567
3735 29 51 0.2913
3764 29 55 0.2441
3764 29 61 0.2913
3794 29 65 0.4016
3794 29 73 0.4724
3794 29 51 0.2913
3823 29 63 0.4016
3823 29 72 0.4724
3823 29 55 0.2913
3852 29 61 0.378
3852 29 70 0.4488
3852 29 51 0.2913
3882 14 60 0.4252
3882 29 44 0.4252
3882 29 32 0.3543
3897 73 72 0.4724
3911 29 51 0.2913
3941 29 60 0.2913
3941 29 56 0.2441
3970 14 70 0.4646
3970 29 51 0.2913
3985 14 68 0.4488
4000 14 67 0.4488
4000 29 60 0.2913
4000 29 56 0.2441
4014 14 70 0.4646
4029 14 68 0.4567
4029 29 51 0.2913
4044 14 65 0.4252
4058 117 63 0.4173
4058 29 44 0.4252
4058 29 32 0.3543
4088 29 51 0.2913
4117 29 56 0.2441
4117 29 60 0.2913
4147 29 51 0.2913
4176 44 63 0.5039
4176 29 56 0.2441
4176 29 60 0.2913
4205 29 51 0.2913
4220 14 65 0.4646
4235 88 65 0.4961
4235 29 51 0.4252
4235 29 39 0.3543
4264 29 51 0.3858
4294 29 61 0.3858
4294 29 55 0.3228
4323 14 63 0.4488
4323 29 51 0.3858
4338 14 65 0.4567
4352 14 67 0.4646
4352 29 61 0.3858
4352 29 55 0.3228
4367 14 68 0.4803
4382 14 70 0.4961
4382 29 51 0.3858
4397 14 72 0.5039
4411 73 73 0.5197
4411 29 39 0.3543
4411 29 51 0.4252
4441 29 51 0.3701
4470 29 55 0.3071
4470 29 61 0.3701
4485 4 75 0.5039
4490 4 77 0.5039
4495 4 75 0.5039
4500 14 74 0.5039
4500 29 51 0.3701
4514 14 75 0.5197
4529 14 77 0.5512
4529 29 61 0.3701
4529 29 55 0.3071
4544 14 79 0.5748
4558 14 80 0.5984
4558 29 51 0.3701
4573 14 82 0.6299
4588 88 84 0.6614
4588 29 44 0.4252
4588 29 32 0.3543
4617 29 51 0.378
4647 29 60 0.378
4647 29 56 0.315
4676 14 82 0.5039
4676 29 51 0.3307
4691 14 80 0.5039
4705 14 79 0.5512
4705 29 56 0.2756
4705 29 60 0.3307
4720 14 82 0.4961
4735 14 80 0.5118
4735 29 51 0.3307
4750 14 77 0.4724
4764 117 75 0.4724
4764 29 44 0.4252
4764 29 32 0.3543
4794 29 51 0.2913
4823 29 56 0.2441
4823 29 60 0.2913
4852 29 51 0.2913
4882 44 72 0.4016
4882 44 75 0.4724
4882 29 56 0.2441
4882 29 60 0.2913
4911 29 51 0.2913
4926 12 73 0.378
4926 12 77 0.4488
4941 29 73 0.4016
4941 29 77 0.4724
4941 29 51 0.4252
4941 29 39 0.3543
4970 29 67 0.4488
4970 29 51 0.2913
5000 29 55 0.2441
5000 29 61 0.2913
5029 29 77 0.4567
5029 29 73 0.3858
5029 29 51 0.2913
5058 29 67 0.4173
5058 29 55 0.2441
5058 29 61 0.2913
5088 26 73 0.3858
5088 26 77 0.4567
5088 29 51 0.2913
5117 29 77 0.4724
5117 29 73 0.4016
5117 29 51 0.4252
5117 29 39 0.3543
5147 29 67 0.4567
5147 29 51 0.2913
5176 29 61 0.2913
5176 29 55 0.2441
5205 14 65 0.4016
5205 14 73 0.4724
5205 29 51 0.2913
5235 14 63 0.4016
5235 14 72 0.4724
5235 29 55 0.2913
5264 14 70 0.4488
5264 14 61 0.378
5264 29 51 0.2913
5294 73 60 0.378
5294 73 68 0.4488
5294 14 56 0.2913
5294 14 44 0.2441
5323 29 51 0.2913
5352 29 56 0.2441
5352 29 60 0.2913
5367 14 63 0.4488
5382 14 68 0.4094
5382 29 51 0.2913
5397 14 72 0.4016
5411 14 75 0.3858
5411 29 60 0.2913
5411 29 56 0.2441
5426 14 80 0.3701
5441 14 84 0.3465
5441 29 51 0.2913
5455 14 87 0.3307
5470 14 92 0.3465
5470 58 60 0.2913
5470 58 56 0.2441
5485 11 80 0.2913
5499 14 80 0.2913
5515 11 92 0.2913
5529 14 92 0.3465
5544 11 80 0.2913
5558 14 80 0.2913
5574 11 92 0.2913
5588 14 92 0.3386
5603 11 80 0.2913
5617 14 80 0.2913
5632 107 61 0.3622
5633 11 92 0.2913
5639 100 65 0.3071
5647 93 68 0.4094
5647 14 92 0.3465
5662 11 80 0.2913
5676 14 80 0.2913
5690 11 92 0.2913
5705 14 92 0.3465
5720 11 80 0.2913
5734 14 80 0.2913
5735 34 70 0.4094
5749 11 92 0.2913
5764 44 65 0.2756
5764 44 61 0.2756
5764 44 68 0.3307
5765 14 92 0.315
5779 11 80 0.2756
5793 14 80 0.2756
5808 11 92 0.2756
5808 176 56 0.2992
5816 169 61 0.252
5823 14 92 0.2677
5823 161 65 0.3622
5838 11 80 0.2205
5853 14 80 0.2205
5867 11 92 0.2205
5882 14 92 0.252
5897 11 80 0.2126
5911 14 80 0.2126
5926 11 92 0.2126
5941 14 92 0.2677
5955 11 80 0.2205
5970 14 80 0.2126
5985 107 61 0.3622
5985 11 92 0.2126
5992 100 65 0.3071
6000 93 68 0.4094
6000 14 92 0.378
6015 11 80 0.2913
6029 14 80 0.2913
6043 11 92 0.2913
6059 14 92 0.3465
6074 11 80 0.2913
6088 29 70 0.4173
6088 14 80 0.2913
6103 11 92 0.2913
6117 44 65 0.2835
6117 44 68 0.3386
6117 44 61 0.2835
6117 14 92 0.3071
6131 11 80 0.2756
6147 14 80 0.2756
6161 11 92 0.2756
6161 191 56 0.315
6169 183 61 0.2677
6176 176 65 0.3701
6177 14 92 0.252
6190 11 80 0.2047
6206 14 80 0.2047
6221 11 92 0.2126
6236 14 92 0.2756
6250 11 80 0.2205
6264 14 80 0.2205
6279 11 92 0.2205
6293 14 92 0.2835
6308 11 80 0.2205
6324 14 80 0.2205
6330 117 66 0.4016
6337 11 92 0.2205
6338 110 68 0.4016
6345 102 72 0.3386
6352 9 82 0.2913
6352 95 75 0.4961
6360 9 80 0.2441
6367 9 82 0.2913
6375 9 80 0.2362
6382 9 82 0.2913
6389 9 80 0.252
6397 9 82 0.2992
6405 9 80 0.252
6412 9 82 0.3071
6419 9 80 0.2677
6426 9 82 0.3071
6434 9 80 0.2677
6441 9 82 0.315
6448 58 66 0.3858
6448 9 80 0.2756
6455 9 82 0.3307
6455 51 68 0.3858
6462 9 80 0.2756
6463 44 72 0.3228
6470 9 82 0.3307
6470 36 75 0.4803
6477 9 80 0.2677
6484 9 82 0.315
6492 9 80 0.2677
6500 9 82 0.3071
6507 9 80 0.2677
6507 176 63 0.3071
6514 9 82 0.2992
6514 169 66 0.3701
6521 9 80 0.2441
6522 161 68 0.3071
6528 9 82 0.2913
6529 154 72 0.4567
6536 9 80 0.252
6544 9 82 0.2756
6551 9 80 0.2362
6559 9 82 0.2756
6566 9 80 0.2441
6573 9 82 0.2756
6581 9 80 0.2756
6588 9 82 0.2756
6595 9 80 0.2362
6602 9 82 0.2992
6610 9 80 0.2756
6618 9 82 0.3071
6625 9 80 0.2756
6632 9 82 0.315
6639 9 80 0.2835
6647 9 82 0.3386
6654 9 80 0.2992
6662 9 82 0.3386
6669 9 80 0.2992
6676 9 82 0.3386
6683 9 80 0.2913
6691 9 82 0.3307
6691 117 65 0.4094
6698 9 80 0.2835
6698 110 68 0.3465
6705 102 73 0.5197
6706 9 82 0.3386
6712 9 80 0.2992
6721 9 82 0.3386
6728 9 80 0.2913
6736 9 82 0.3386
6743 9 80 0.2913
6750 9 82 0.3307
6757 9 80 0.2835
6764 9 82 0.3386
6771 9 80 0.2992
6780 9 82 0.3465
6786 9 80 0.2913
6794 9 82 0.3307
6800 9 80 0.2913
6808 58 65 0.3937
6809 9 82 0.3307
6815 9 80 0.2835
6816 51 68 0.3307
6823 9 82 0.3307
6823 44 73 0.5039
6831 9 80 0.3071
6837 9 82 0.3307
6845 9 80 0.2835
6853 9 82 0.3307
6860 9 80 0.2913
6867 176 61 0.3622
6868 9 82 0.3071
6875 169 65 0.3622
6875 9 80 0.2913
6882 9 82 0.2913
6882 161 68 0.3543
6889 9 80 0.2441
6897 9 82 0.2677
6904 9 80 0.2362
6911 9 82 0.2677
6919 9 80 0.2677
6926 9 82 0.2677
6933 9 80 0.2362
6941 9 82 0.2677
6948 9 80 0.2677
6956 9 82 0.2677
6963 9 80 0.2362
6970 9 82 0.2677
6977 9 80 0.2362
6984 9 82 0.2677
6992 9 80 0.2362
7000 9 82 0.2756
7007 9 80 0.2362
7014 9 82 0.2756
7022 9 80 0.2283
7029 9 82 0.2756
7036 9 80 0.2283
7043 9 82 0.2756
7044 107 61 0.3622
7051 9 80 0.2362
7051 100 65 0.3071
7058 93 68 0.4094
7059 14 92 0.3465
7073 11 80 0.2913
7087 14 80 0.2913
7102 11 92 0.2913
7117 14 92 0.3465
7132 11 80 0.2913
7146 14 80 0.2913
7147 34 70 0.4094
7161 11 92 0.2913
7176 44 65 0.2756
7176 44 68 0.3307
7176 44 61 0.2756
7177 14 92 0.315
7191 11 80 0.2756
7205 14 80 0.2756
7220 11 92 0.2756
7220 176 56 0.2992
7227 169 61 0.252
7234 14 92 0.2677
7235 161 65 0.3622
7250 11 80 0.2205
7264 14 80 0.2205
7279 11 92 0.2205
7294 14 92 0.252
7309 11 80 0.2126
7323 14 80 0.2126
7338 11 92 0.2126
7352 14 92 0.2677
7367 11 80 0.2205
7381 14 80 0.2126
7397 107 61 0.3622
7397 11 92 0.2126
7404 100 65 0.3071
7411 93 68 0.4094
7412 14 92 0.378
7426 11 80 0.2913
7441 14 80 0.2913
7455 11 92 0.2913
7471 14 92 0.3465
7485 11 80 0.2913
7500 29 70 0.4173
7500 14 80 0.2913
7515 11 92 0.2913
7529 44 65 0.2835
7529 44 68 0.3386
7529 44 61 0.2835
7529 14 92 0.3071
7543 11 80 0.2756
7558 14 80 0.2756
7573 11 92 0.2756
7573 169 56 0.315
7580 161 61 0.2677
7588 154 65 0.3701
7588 14 92 0.252
7602 11 80 0.2047
7618 14 80 0.2047
7633 11 92 0.2126
7647 14 92 0.2756
7662 11 80 0.2205
7676 14 80 0.2205
7691 11 92 0.2205
7705 14 92 0.2835
7720 11 80 0.2205
7736 14 80 0.2205
7742 125 56 0.3937
7749 11 92 0.2205
7750 117 60 0.3937
7757 110 63 0.3307
7764 102 66 0.4567
7764 9 82 0.2913
7772 9 80 0.2362
7778 9 82 0.2992
7787 9 80 0.252
7794 9 82 0.3071
7800 9 80 0.2756
7809 9 82 0.315
7815 9 80 0.2913
7824 9 82 0.3307
7831 9 80 0.2992
7837 9 82 0.3465
7845 9 80 0.2992
7852 9 82 0.3622
7861 9 80 0.3071
7867 58 56 0.4252
7868 9 82 0.3701
7874 9 80 0.315
7875 51 61 0.4252
7882 44 65 0.4016
7883 9 82 0.3701
7890 9 80 0.315
7897 9 82 0.3858
7904 9 80 0.3858
7911 9 82 0.3937
7919 9 80 0.3465
7926 9 82 0.4173
7926 110 56 0.4488
7933 9 80 0.3701
7933 102 60 0.378
7941 95 63 0.5118
7941 9 82 0.4331
7949 9 80 0.3701
7955 9 82 0.3858
7962 9 80 0.3465
7970 9 82 0.3858
7978 9 80 0.3858
7985 9 82 0.3858
7993 9 80 0.3465
8000 9 82 0.3858
8006 9 80 0.3307
8014 9 82 0.3701
8022 9 80 0.3071
8028 9 82 0.3465
8036 58 53 0.4173
8037 9 80 0.3071
8044 51 59 0.4173
8044 9 82 0.3307
8051 9 80 0.2992
8051 44 62 0.3543
8058 9 82 0.3307
8058 36 65 0.4803
8066 9 80 0.3071
8074 9 82 0.3307
8081 9 80 0.3071
8088 9 82 0.3307
8095 9 80 0.3071
8095 198 56 0.4016
8102 9 82 0.3307
8102 191 60 0.4724
8110 183 63 0.4016
8111 9 80 0.2992
8117 14 80 0.4094
8117 176 66 0.5433
8132 14 82 0.4252
8147 14 84 0.4488
8161 14 85 0.4646
8176 14 87 0.4961
8191 14 89 0.5118
8205 14 90 0.5276
8220 14 92 0.5512
8235 14 94 0.5591
8250 14 92 0.5591
8264 14 90 0.5512
8279 14 89 0.5433
8294 14 87 0.5433
8308 14 85 0.5276
8323 14 84 0.5197
8338 14 82 0.5197
8352 14 80 0.5197
8367 14 78 0.5197
8382 14 77 0.5118
8397 14 75 0.5039
8411 14 73 0.4961
8426 14 72 0.4961
8441 14 70 0.4803
8455 14 68 0.4724
8470 14 66 0.4724
8485 14 65 0.4567
8500 14 63 0.4724
8514 14 61 0.4961
8529 14 60 0.4646
8544 14 58 0.4724
8558 14 56 0.4961
8573 14 54 0.5039
8588 11 53 0.5197
8600 11 51 0.5276
8611 11 49 0.5433
8623 11 48 0.5512
8635 11 46 0.5669
8647 117 32 0.6614
8647 117 44 0.6614
8823 93 68 0.3622
8911 34 70 0.3386
8941 235 68 0.3386
9000 176 60 0.2205
9000 176 54 0.2441
9000 176 51 0.2047
9000 176 44 0.2047
9176 93 68 0.3622
9264 34 70 0.3386
9294 235 68 0.3386
9352 176 61 0.2205
9352 176 53 0.252
9352 176 44 0.2126
9529 93 68 0.3622
9617 34 70 0.315
9647 235 68 0.315
9705 117 62 0.2756
9705 117 47 0.1969
9705 117 53 0.2362
9705 117 44 0.1969
9823 58 63 0.2992
9823 58 48 0.1969
9823 58 54 0.2362
9823 58 44 0.1969
9882 294 60 0.2677
9882 294 66 0.2677
9882 294 68 0.315
9882 294 56 0.2283
9882 294 51 0.189
9882 294 44 0.189
10235 93 68 0.315
10235 93 65 0.2677
10235 115 56 0.2126
10235 115 61 0.252
10235 115 49 0.2126
10323 34 70 0.2992
10323 34 66 0.2992
10352 63 68 0.2835
10352 56 65 0.2362
10352 58 61 0.2205
10352 56 56 0.1811
10352 56 49 0.1811
10411 171 61 0.2441
10411 171 65 0.2913
10411 171 56 0.2205
10411 171 49 0.1811
10588 93 68 0.315
10588 93 65 0.2677
10588 115 61 0.252
10588 115 56 0.2126
10588 115 49 0.2126
10676 34 66 0.252
10676 34 70 0.2992
10705 56 65 0.2362
10705 63 68 0.2835
10705 56 49 0.189
10705 58 61 0.2283
10705 56 56 0.189
10764 171 61 0.2362
10764 171 65 0.2835
10764 171 56 0.2283
10764 171 49 0.189
10941 115 75 0.4173
10941 115 66 0.3543
10941 115 60 0.3386
10941 115 56 0.2835
11058 58 66 0.2756
11058 39 75 0.4016
11058 39 60 0.3307
11058 58 56 0.2756
11102 12 72 0.3307
11102 12 63 0.2756
11117 171 66 0.2756
11117 171 72 0.3307
11117 171 56 0.2283
11117 171 63 0.2756
11294 115 65 0.315
11294 115 73 0.378
11294 115 61 0.2913
11294 115 49 0.2441
11411 56 65 0.2756
11411 39 73 0.3307
11411 56 61 0.2756
11411 56 49 0.2283
11455 12 68 0.2992
11470 171 68 0.2992
11470 171 65 0.252
11470 171 61 0.252
11470 171 49 0.2126
11647 115 66 0.315
11647 115 70 0.378
11647 115 54 0.2756
11647 115 61 0.3307
11764 56 70 0.4094
11764 58 66 0.3465
11764 58 54 0.2835
11764 56 61 0.3386
11823 93 73 0.4252
11823 93 70 0.3543
11823 115 54 0.315
11823 115 61 0.378
11911 34 68 0.3228
11911 34 72 0.3858
11941 58 66 0.3543
11941 58 70 0.4252
11941 56 61 0.3465
11941 58 54 0.2913
12000 93 68 0.4173
12000 93 65 0.3543
12000 115 61 0.3071
12000 115 49 0.2598
12088 34 66 0.2835
12088 34 70 0.3386
12117 63 68 0.3622
12117 58 65 0.3071
12117 56 49 0.252
12117 56 61 0.2992
12176 171 61 0.2835
12176 171 65 0.3386
12176 171 56 0.2835
12176 171 49 0.2362
12352 115 70 0.378
12352 115 66 0.315
12352 115 61 0.3307
12352 115 54 0.2756
12470 58 66 0.3465
12470 56 70 0.4094
12470 56 54 0.2835
12470 56 61 0.3386
12529 93 70 0.3543
12529 93 73 0.4252
12529 115 54 0.315
12529 115 61 0.378
12617 34 72 0.3858
12617 34 68 0.3228
12647 58 66 0.3543
12647 58 70 0.4252
12647 56 61 0.3465
12647 56 54 0.2913
12705 93 68 0.4173
12705 93 65 0.3543
12705 115 61 0.315
12705 115 49 0.2677
12794 34 70 0.3386
12794 34 66 0.2835
12823 63 68 0.3622
12823 56 65 0.3071
12823 58 61 0.3071
12823 56 49 0.2598
12882 171 65 0.3386
12882 171 61 0.2835
12882 171 56 0.2835
12882 171 49 0.2362
13058 115 66 0.3543
13058 115 75 0.4252
13058 115 56 0.2835
13058 115 60 0.3386
13176 56 75 0.4252
13176 56 66 0.3543
13176 56 60 0.3465
13176 56 56 0.2913
13235 117 66 0.4016
13235 93 78 0.4724
13235 115 60 0.4016
13235 115 56 0.3386
13323 34 75 0.4331
13352 58 66 0.3622
13352 58 72 0.4331
13352 56 56 0.3307
13352 58 63 0.3937
13411 294 65 0.3465
13411 181 73 0.4094
13411 294 56 0.2835
13411 294 61 0.2835
13411 294 49 0.2362
13588 117 68 0.252
13588 117 77 0.2992
13764 93 73 0.3386
13764 115 65 0.2835
13764 115 49 0.2283
13764 117 61 0.2756
13764 115 56 0.2283
13852 34 68 0.315
13882 58 65 0.315
13882 58 61 0.2677
13882 58 56 0.2441
13882 58 49 0.2047
13941 88 65 0.2913
13941 115 60 0.2913
13941 93 68 0.3465
13941 115 44 0.2362
13941 115 56 0.2835
14029 26 63 0.2598
14029 34 66 0.3071
14058 56 63 0.2913
14058 56 60 0.2441
14058 56 54 0.2441
14058 56 44 0.2047
14117 115 68 0.2047
14117 115 65 0.2047
14117 93 77 0.2441
14117 115 61 0.1654
14117 115 56 0.1339
14117 115 49 0.1339
14205 34 73 0.2205
14235 58 65 0.1811
14235 34 68 0.2205
14235 58 61 0.1496
14235 58 56 0.126
14235 58 49 0.126
14264 29 65 0.2205
14294 115 60 0.1969
14294 93 70 0.2362
14294 117 66 0.2362
14294 115 44 0.1496
14294 115 56 0.1811
14294 115 51 0.1496
14382 34 68 0.2283
14411 58 60 0.189
14411 34 63 0.2283
14411 58 44 0.1339
14411 58 54 0.1654
14441 29 65 0.2283
14470 294 61 0.2126
14470 56 49 0.1654
14470 58 53 0.1654
14529 58 53 0.1102
14529 56 44 0.0945
14529 56 49 0.1181
14529 56 37 0.0945
14588 58 53 0.1102
14588 56 49 0.1181
14588 56 44 0.0945
14588 56 37 0.0945
14647 117 53 0.1102
14647 117 44 0.0945
14647 117 37 0.0945
14647 117 49 0.1181
14823 88 56 0.3071
14823 29 49 0.2126
14823 29 37 0.1732
14852 55 68 0.1811
14852 55 61 0.1496
14852 55 65 0.1496
14911 29 58 0.2835
14911 55 61 0.126
14911 55 68 0.1496
14911 55 65 0.126
14941 58 56 0.2913
14970 27 65 0.1496
14970 27 61 0.1496
14970 27 68 0.1811
15000 176 53 0.2677
15000 29 37 0.1732
15000 29 49 0.2126
15029 55 61 0.126
15029 55 68 0.1496
15029 55 65 0.126
15088 55 61 0.126
15088 55 65 0.126
15088 55 68 0.1496
15147 27 68 0.1496
15147 27 65 0.126
15147 27 61 0.126
15176 88 56 0.2992
15176 29 49 0.2126
15176 29 37 0.1732
15205 55 61 0.1496
15205 55 65 0.1496
15205 55 68 0.1811
15264 29 58 0.2835
15264 55 68 0.1496
15264 55 65 0.126
15264 55 61 0.126
15294 58 56 0.3071
15323 27 65 0.1496
15323 27 68 0.1811
15323 27 61 0.1496
15352 176 53 0.2913
15352 29 37 0.1732
15352 29 49 0.2126
15382 55 68 0.1496
15382 55 65 0.126
15382 55 61 0.126
15441 55 65 0.126
15441 55 68 0.1496
15441 55 61 0.126
15500 27 65 0.126
15500 27 61 0.126
15500 27 68 0.1496
15529 117 63 0.3622
15529 29 44 0.2362
15529 29 32 0.1969
15558 55 66 0.1654
15558 55 68 0.1969
15617 55 68 0.1654
15617 55 66 0.1339
15647 44 63 0.3386
15676 27 66 0.1496
15676 27 68 0.1811
15691 12 60 0.2992
15705 176 60 0.2992
15705 29 32 0.2047
15705 29 44 0.2441
15735 55 68 0.2047
15735 55 66 0.1732
15794 55 66 0.1575
15794 55 68 0.189
15852 29 68 0.2126
15852 29 66 0.1732
15882 117 61 0.4094
15882 29 49 0.252
15882 29 37 0.2126
15911 55 68 0.2205
15911 55 65 0.1811
15970 55 65 0.1575
15970 55 68 0.189
16000 44 61 0.3937
16029 29 65 0.1811
16029 29 68 0.2205
16044 12 56 0.3307
16058 176 56 0.3307
16058 29 37 0.2047
16058 29 49 0.2441
16088 55 68 0.2126
16088 55 65 0.1732
16147 55 68 0.2205
16147 55 65 0.1811
16205 29 65 0.1811
16205 29 68 0.2205
16235 115 58 0.4724
16235 29 30 0.2441
16235 29 42 0.2913
16264 55 61 0.189
16264 55 70 0.2283
16264 55 66 0.189
16323 55 70 0.2283
16323 55 61 0.189
16323 55 66 0.189
16352 58 58 0.4567
16382 27 66 0.189
16382 27 70 0.2283
16382 27 61 0.189
16411 88 61 0.4961
16411 29 42 0.3307
16411 29 30 0.2756
16441 55 66 0.2362
16441 55 70 0.2835
16500 29 60 0.4173
16500 55 66 0.2362
16500 55 70 0.2835
16529 58 58 0.4567
16558 27 66 0.2362
16558 27 70 0.2835
16588 88 56 0.4803
16588 29 37 0.2283
16588 29 49 0.2756
16617 55 61 0.189
16617 55 68 0.2283
16617 55 65 0.189
16676 29 58 0.4331
16676 55 68 0.2283
16676 55 61 0.189
16676 55 65 0.189
16705 58 56 0.4646
16735 27 61 0.189
16735 27 65 0.189
16735 27 68 0.2283
16764 176 53 0.4173
16764 29 37 0.2205
16764 29 49 0.2677
16794 55 61 0.189
16794 55 68 0.2283
16794 55 65 0.189
16852 55 65 0.189
16852 55 61 0.189
16852 55 68 0.2283
16911 27 65 0.189
16911 27 61 0.189
16911 27 68 0.2283
16941 115 58 0.4724
16941 29 30 0.2441
16941 29 42 0.2913
16970 55 66 0.189
16970 55 70 0.2283
16970 55 61 0.189
17029 55 61 0.189
17029 55 66 0.189
17029 55 70 0.2283
17058 58 58 0.4567
17088 27 61 0.189
17088 27 66 0.189
17088 27 70 0.2283
17117 88 61 0.4961
17117 29 42 0.3386
17117 29 30 0.2835
17147 55 66 0.252
17147 55 70 0.2992
17205 29 60 0.4173
17205 55 66 0.252
17205 55 70 0.2992
17235 58 58 0.4567
17264 27 66 0.252
17264 27 70 0.2992
17294 88 56 0.4803
17294 29 37 0.2283
17294 29 49 0.2756
17323 55 61 0.189
17323 55 68 0.2283
17323 55 65 0.189
17382 29 58 0.4331
17382 55 65 0.189
17382 55 61 0.189
17382 55 68 0.2283
17411 58 56 0.4646
17441 27 65 0.189
17441 27 61 0.189
17441 27 68 0.2283
17470 176 53 0.4173
17470 29 37 0.2205
17470 29 49 0.2677
17500 55 61 0.189
17500 55 68 0.2283
17500 55 65 0.189
17558 55 68 0.2283
17558 55 61 0.189
17558 55 65 0.189
17617 27 65 0.189
17617 27 68 0.2283
17617 27 61 0.189
17647 115 63 0.5197
17647 29 44 0.2992
17647 29 32 0.252
17676 55 72 0.2677
17676 55 66 0.2205
17676 55 68 0.2205
17735 55 72 0.2677
17735 55 68 0.2205
17735 55 66 0.2205
17764 58 63 0.5039
17794 25 66 0.2205
17794 26 68 0.2205
17794 27 72 0.2677
17823 88 66 0.5591
17823 29 32 0.2598
17823 29 44 0.3071
17852 55 72 0.2756
17852 55 68 0.2283
17911 29 63 0.5118
17911 55 68 0.2283
17911 55 72 0.2756
17941 58 60 0.5039
17970 27 66 0.2283
17970 27 72 0.2756
17970 27 68 0.2283
18000 176 61 0.5591
18000 29 37 0.2835
18000 29 49 0.3386
18029 55 65 0.2283
18029 55 68 0.2283
18029 55 73 0.2756
18088 55 68 0.2283
18088 55 73 0.2756
18088 55 65 0.2283
18147 27 73 0.2756
18147 27 65 0.2283
18147 27 68 0.2283
18176 117 65 0.4803
18176 29 49 0.2992
18176 29 37 0.252
18205 55 73 0.189
18205 55 77 0.2283
18205 55 68 0.189
18264 55 77 0.2283
18264 55 73 0.189
18264 55 68 0.189
18323 27 68 0.189
18323 27 77 0.2283
18323 27 73 0.189
18352 88 61 0.5591
18352 29 37 0.2835
18352 29 49 0.3386
18382 55 68 0.2756
18382 55 65 0.2283
18441 29 56 0.5118
18441 55 61 0.2283
18441 55 65 0.2283
18441 55 68 0.2756
18470 58 53 0.4724
18500 27 68 0.2756
18500 27 61 0.2283
18500 27 65 0.2283
18529 88 56 0.5197
18529 29 44 0.2992
18529 29 32 0.252
18558 55 68 0.2283
18558 55 60 0.189
18558 55 65 0.189
18617 29 54 0.4567
18617 55 60 0.189
18617 55 63 0.189
18617 55 68 0.2283
18647 58 51 0.4252
18676 27 66 0.2283
18676 27 60 0.189
18676 29 56 0.2283
18705 294 49 0.4173
18705 29 37 0.252
18735 55 65 0.2205
18735 55 61 0.1811
18735 58 56 0.2205
18794 58 56 0.2205
18794 55 61 0.1811
18794 55 65 0.2205
18852 27 65 0.2205
18852 29 56 0.2205
18852 27 61 0.1811
18882 117 37 0.2677
19000 58 65 0.5039
19051 7 61 0.2913
19058 88 65 0.5906
19058 29 46 0.3071
19058 29 34 0.2598
19088 29 53 0.252
19117 29 58 0.252
19147 29 66 0.5039
19147 29 61 0.252
19176 58 65 0.5039
19176 29 58 0.252
19205 29 53 0.252
19235 29 61 0.5906
19235 58 73 0.5906
19235 29 46 0.2441
19235 29 58 0.2913
19264 29 65 0.4173
19294 58 72 0.5669
19294 29 63 0.5669
19294 29 48 0.2283
19294 29 57 0.2756
19323 29 65 0.4173
19352 29 61 0.5669
19352 58 70 0.5669
19352 29 49 0.2441
19352 29 58 0.2913
19382 29 65 0.4252
19404 7 63 0.4488
19411 88 70 0.5827
19411 29 41 0.2677
19411 29 53 0.315
19441 29 53 0.252
19470 29 57 0.252
19500 14 69 0.4724
19500 29 63 0.252
19529 29 69 0.5039
19529 29 57 0.252
19558 29 72 0.4488
19558 29 53 0.252
19580 7 63 0.2441
19588 117 65 0.5512
19588 29 29 0.2598
19588 29 41 0.3071
19617 29 53 0.252
19647 29 57 0.252
19676 29 63 0.252
19705 58 65 0.5039
19705 29 57 0.252
19735 29 53 0.252
19757 7 61 0.252
19764 88 65 0.5906
19764 29 34 0.2598
19764 29 46 0.3071
19794 29 53 0.252
19823 29 58 0.252
19852 29 66 0.5039
19852 29 61 0.252
19882 58 65 0.5039
19882 29 58 0.252
19911 29 53 0.252
19941 29 61 0.5906
19941 58 73 0.5906
19941 29 58 0.2913
19941 29 46 0.2441
19970 29 65 0.4094
20000 29 63 0.5669
20000 58 72 0.5669
20000 29 57 0.2756
20000 29 48 0.2283
20029 29 65 0.4094
20058 29 61 0.5669
20058 58 70 0.5669
20058 29 58 0.2913
20058 29 49 0.2913
20088 29 65 0.4173
20110 7 63 0.4724
20117 88 70 0.5827
20117 29 41 0.2677
20117 29 53 0.315
20147 29 53 0.252
20176 29 57 0.252
20205 14 69 0.4724
20205 29 63 0.252
20235 29 69 0.5039
20235 29 57 0.252
20264 29 72 0.4488
20264 29 53 0.252
20286 7 63 0.3071
20294 117 65 0.5512
20294 29 41 0.2598
20294 29 53 0.3071
20323 29 53 0.252
20352 29 57 0.252
20382 29 63 0.252
20411 58 65 0.5748
20411 29 57 0.252
20441 29 53 0.252
20463 7 61 0.2756
20470 88 65 0.6299
20470 29 46 0.4094
20470 29 34 0.3465
20500 29 53 0.2992
20529 29 58 0.2992
20558 29 66 0.5276
20558 29 61 0.2992
20588 58 65 0.5276
20588 29 58 0.2992
20617 29 53 0.2992
20647 58 77 0.6457
20647 58 65 0.4409
20647 58 37 0.3071
20647 58 49 0.3622
20676 29 70 0.4488
20676 29 73 0.4488
20705 58 75 0.6299
20705 58 63 0.3858
20705 58 48 0.2756
20705 58 36 0.2283
20735 29 72 0.4488
20735 29 69 0.4488
20764 58 73 0.6063
20764 58 61 0.378
20764 58 46 0.2913
20764 58 34 0.2441
20794 14 70 0.4488
20794 14 65 0.4488
20808 102 63 0.4646
20816 95 66 0.3937
20823 88 72 0.5906
20823 29 51 0.4094
20823 29 39 0.3465
20852 29 51 0.2835
20882 29 54 0.2835
20911 29 73 0.5433
20911 29 60 0.2913
20941 58 72 0.5433
20941 29 54 0.2913
20970 29 51 0.2913
21000 58 75 0.6614
21000 58 63 0.4016
21000 58 48 0.3701
21000 58 36 0.3071
21029 29 66 0.4724
21029 29 72 0.4724
21058 58 61 0.3937
21058 58 73 0.6457
21058 58 49 0.315
21058 58 37 0.2677
21088 29 65 0.4567
21088 29 70 0.4567
21117 58 72 0.6142
21117 58 60 0.3622
21117 36 51 0.315
21117 36 39 0.2677
21147 14 63 0.4094
21147 7 66 0.4331
21154 7 58 0.3228
21161 7 61 0.3701
21169 7 65 0.3701
21176 117 70 0.6457
21176 14 53 0.4094
21176 14 41 0.3465
21205 29 53 0.2835
21235 29 58 0.2835
21264 29 61 0.2835
21294 58 70 0.6457
21294 29 58 0.2835
21323 29 53 0.2835
21338 7 58 0.3622
21345 7 64 0.3622
21352 88 70 0.6457
21352 14 54 0.4094
21352 14 42 0.3465
21382 29 54 0.2835
21411 29 60 0.2835
21441 14 72 0.6142
21441 29 64 0.2835
21455 14 70 0.6142
21470 29 69 0.6142
21470 29 58 0.2835
21500 29 70 0.5906
21500 29 54 0.2835
21529 176 72 0.6772
21529 14 41 0.3465
21529 14 53 0.4094
21558 29 53 0.2992
21588 58 65 0.5827
21588 29 57 0.2992
21617 29 60 0.2992
21647 58 65 0.5827
21647 29 57 0.2992
21676 29 53 0.2992
21705 29 65 0.5827
21705 29 41 0.3622
21735 29 53 0.2677
21764 29 65 0.4724
21764 29 60 0.4016
21764 29 63 0.4016
21764 29 41 0.3622
21794 29 53 0.2677
21823 29 57 0.3937
21823 29 65 0.4646
21823 29 60 0.3937
21823 29 41 0.3622
21852 29 53 0.2677
21875 7 61 0.2362
21882 88 65 0.5906
21882 29 46 0.3071
21882 29 34 0.2598
21911 29 53 0.252
21941 29 58 0.252
21970 29 66 0.5039
21970 29 61 0.252
22000 58 65 0.5039
22000 29 58 0.252
22029 29 53 0.252
22058 29 61 0.5906
22058 58 73 0.5906
22058 29 58 0.2913
22058 29 46 0.2441
22088 29 65 0.4488
22117 58 72 0.5669
22117 29 63 0.5669
22117 29 48 0.2283
22117 29 57 0.2756
22147 29 65 0.4488
22176 58 70 0.5669
22176 29 61 0.5669
22176 29 58 0.2913
22176 29 49 0.2441
22205 29 65 0.4488
22227 7 63 0.4488
22235 88 70 0.5827
22235 29 53 0.315
22235 29 41 0.2677
22264 29 53 0.252
22294 29 57 0.252
22323 14 69 0.4724
22323 29 63 0.252
22352 29 69 0.5039
22352 29 57 0.252
22382 29 72 0.4488
22382 29 53 0.252
22404 7 61 0.2835
22411 117 65 0.5512
22411 29 41 0.3071
22411 29 29 0.2598
22441 29 53 0.252
22470 29 57 0.252
22500 29 63 0.252
22529 51 65 0.5039
22529 29 57 0.252
22558 29 53 0.252
22580 7 61 0.2362
22588 88 65 0.5906
22588 29 46 0.3071
22588 29 34 0.2598
22617 29 53 0.252
22647 29 58 0.252
22676 29 66 0.5039
22676 29 61 0.252
22705 58 65 0.5039
22705 29 58 0.252
22735 29 53 0.252
22764 58 73 0.5906
22764 29 61 0.5906
22764 29 58 0.2913
22764 29 46 0.2441
22794 29 65 0.4331
22823 58 72 0.5669
22823 29 63 0.5669
22823 29 57 0.2756
22823 29 48 0.2283
22852 29 65 0.4331
22882 29 61 0.5669
22882 58 70 0.5669
22882 29 58 0.2913
22882 29 49 0.2441
22911 29 65 0.4331
22933 7 61 0.4094
22941 88 68 0.5827
22941 29 51 0.315
22941 29 39 0.2677
22970 29 51 0.252
23000 29 55 0.252
23029 22 67 0.4724
23029 29 61 0.252
23058 29 67 0.5039
23058 29 55 0.252
23088 29 70 0.4488
23088 29 51 0.252
23110 7 61 0.3465
23117 117 63 0.5512
23117 29 39 0.2598
23117 29 51 0.3071
23147 29 51 0.252
23176 29 55 0.252
23205 29 61 0.252
23235 58 75 0.5197
23235 58 73 0.4409
23235 29 55 0.252
23264 29 51 0.252
23294 88 75 0.5827
23294 88 72 0.4882
23294 29 44 0.315
23323 29 51 0.252
23352 29 56 0.252
23382 29 77 0.5039
23382 29 60 0.252
23411 51 75 0.5039
23411 29 63 0.252
23441 29 68 0.252
23463 7 75 0.4173
23470 117 80 0.6063
23470 117 72 0.2992
23588 58 79 0.5591
23647 88 77 0.5827
23647 88 73 0.4882
23647 29 49 0.315
23676 29 53 0.252
23705 29 58 0.252
23735 29 79 0.5039
23735 29 61 0.252
23764 58 77 0.5039
23764 29 65 0.252
23794 29 70 0.252
23816 7 77 0.4173
23823 117 82 0.6063
23823 117 73 0.2992
23941 58 80 0.5591
23985 7 70 0.4646
23992 7 73 0.4646
24000 88 79 0.5827
24000 29 51 0.315
24000 29 39 0.2677
24029 29 51 0.252
24058 29 55 0.252
24088 29 77 0.5039
24088 29 61 0.252
24117 58 75 0.5039
24117 29 55 0.252
24147 29 51 0.252
24161 7 63 0.3386
24169 7 67 0.4016
24176 88 73 0.5827
24176 29 39 0.2598
24176 29 51 0.3071
24205 29 51 0.252
24235 29 55 0.252
24264 29 72 0.5039
24264 29 61 0.252
24294 58 70 0.5039
24294 29 55 0.252
24323 29 51 0.252
24338 7 68 0.3937
24345 7 71 0.4016
24352 176 77 0.4724
24352 29 44 0.2598
24352 29 56 0.3071
24382 29 59 0.2283
24411 29 62 0.2283
24441 29 65 0.2283
24470 29 62 0.2283
24500 29 59 0.2283
24529 117 75 0.4803
24529 29 56 0.2835
24558 29 60 0.252
24588 29 63 0.252
24617 29 68 0.252
24647 58 73 0.4409
24647 58 75 0.5197
24647 58 67 0.252
24676 29 63 0.252
24705 88 72 0.4882
24705 88 75 0.5827
24705 29 44 0.315
24735 29 51 0.252
24764 29 56 0.252
24794 29 77 0.5039
24794 29 60 0.252
24823 51 75 0.5039
24823 29 63 0.252
24852 29 68 0.252
24875 7 75 0.4331
24882 117 80 0.6063
24882 117 72 0.2992
25000 58 79 0.5512
25058 88 73 0.4882
25058 88 77 0.5827
25058 29 49 0.315
25088 29 53 0.252
25117 29 58 0.252
25147 29 79 0.5039
25147 29 61 0.252
25176 51 77 0.5039
25176 29 65 0.252
25205 29 70 0.252
25227 7 77 0.4331
25235 117 82 0.6063
25235 117 73 0.2992
25352 58 80 0.5276
25397 7 70 0.4488
25404 7 73 0.4488
25411 88 79 0.5827
25411 29 51 0.315
25411 29 39 0.2677
25441 29 51 0.252
25470 29 55 0.252
25500 29 77 0.5039
25500 29 61 0.252
25529 58 75 0.5039
25529 29 55 0.252
25558 29 51 0.252
25573 7 63 0.3307
25580 7 67 0.4016
25588 88 73 0.5197
25588 29 51 0.3071
25588 29 39 0.2598
25617 29 51 0.252
25647 29 55 0.252
25676 29 72 0.5039
25676 29 61 0.252
25705 58 70 0.4724
25705 29 55 0.252
25735 29 51 0.252
25764 29 68 0.5118
25764 29 56 0.2835
25764 29 60 0.3386
25794 29 72 0.4331
25794 29 63 0.2913
25823 29 75 0.4252
25823 29 68 0.2835
25852 29 80 0.4173
25852 29 72 0.2835
25882 29 84 0.4094
25882 29 75 0.2756
25911 29 87 0.4016
25911 29 80 0.2677
25941 117 92 0.3937
25941 58 84 0.252
26117 93 68 0.3622
26205 34 70 0.3386
26235 235 68 0.3386
26294 176 60 0.2205
26294 176 54 0.2441
26294 176 44 0.2047
26294 176 51 0.2047
26470 93 68 0.3622
26558 34 70 0.3386
26588 235 68 0.3386
26647 176 61 0.2205
26647 176 44 0.2126
26647 176 53 0.252
26823 93 68 0.3622
26911 34 70 0.315
26941 235 68 0.315
27000 117 62 0.2756
27000 117 44 0.1969
27000 117 47 0.1969
27000 117 53 0.2362
27117 58 63 0.2992
27117 58 54 0.2362
27117 58 48 0.1969
27117 58 44 0.1969
27176 294 68 0.315
27176 294 60 0.2677
27176 294 66 0.2677
27176 294 44 0.189
27176 294 51 0.189
27176 294 56 0.2283
27522 7 65 0.2677
27529 88 68 0.3622
27529 14 37 0.2441
27529 14 49 0.2913
27558 29 53 0.2362
27588 29 56 0.2362
27617 14 67 0.3386
27617 29 61 0.2362
27632 14 68 0.315
27647 14 67 0.3465
27647 29 56 0.2362
27661 14 68 0.315
27676 14 70 0.3465
27676 29 53 0.2362
27691 14 68 0.315
27705 176 65 0.3622
27705 29 49 0.2756
27735 29 53 0.1496
27764 9 89 0.2756
27764 29 56 0.1496
27774 9 87 0.2756
27784 9 85 0.2835
27794 9 84 0.2835
27794 29 61 0.1496
27803 9 82 0.2913
27813 9 80 0.2913
27823 9 78 0.2992
27823 29 56 0.1496
27833 9 77 0.2992
27843 9 75 0.3071
27852 9 73 0.3071
27852 29 53 0.1496
27862 9 72 0.315
27872 9 70 0.315
27877 4 65 0.2756
27882 88 68 0.3622
27882 14 37 0.2441
27882 14 49 0.2913
27911 29 53 0.2362
27941 29 56 0.2362
27970 14 67 0.3386
27970 29 61 0.2362
27985 14 68 0.315
28000 14 67 0.3465
28000 29 56 0.2362
28014 14 68 0.315
28029 14 70 0.3386
28029 29 53 0.2362
28044 14 68 0.315
28058 176 65 0.3622
28058 29 49 0.2756
28088 29 53 0.1496
28117 9 89 0.2677
28117 29 56 0.1496
28127 9 87 0.2677
28137 9 85 0.2677
28147 9 84 0.2756
28147 29 61 0.1496
28156 9 82 0.2756
28166 9 80 0.2835
28176 9 78 0.2835
28176 29 56 0.1496
28186 9 77 0.2913
28196 9 75 0.2913
28205 9 73 0.2992
28205 29 53 0.1496
28215 9 72 0.2992
28225 9 73 0.2992
28235 88 75 0.3622
28235 14 44 0.2441
28235 14 56 0.2913
28264 29 56 0.2362
28294 29 60 0.2362
28323 14 74 0.3307
28323 29 66 0.2362
28338 14 75 0.315
28352 14 78 0.3386
28352 29 60 0.2362
28367 14 77 0.315
28382 14 75 0.315
28382 29 56 0.2362
28397 14 73 0.315
28411 176 72 0.3622
28411 14 56 0.2913
28411 14 44 0.2913
28441 29 56 0.1496
28470 9 90 0.2756
28470 29 60 0.1496
28480 9 89 0.2756
28490 9 87 0.2756
28500 9 85 0.2835
28500 29 66 0.1496
28509 9 84 0.2835
28519 9 82 0.2835
28529 9 80 0.2913
28529 29 60 0.1496
28539 9 78 0.2913
28549 9 77 0.2913
28558 9 75 0.2992
28558 29 56 0.1496
28568 7 73 0.2992
28578 9 73 0.2992
28583 4 65 0.2677
28588 88 73 0.3622
28588 14 49 0.2913
28588 14 37 0.2441
28617 29 53 0.2362
28647 29 56 0.2362
28676 14 72 0.3307
28676 29 61 0.2362
28691 14 73 0.315
28705 14 72 0.315
28705 29 56 0.2362
28720 14 73 0.315
28735 14 77 0.3386
28735 29 53 0.2362
28750 14 73 0.315
28764 176 68 0.3622
28764 29 49 0.2756
28794 29 53 0.1496
28823 9 89 0.2756
28823 29 56 0.1496
28833 9 87 0.2756
28843 9 85 0.2756
28852 9 84 0.2835
28852 29 61 0.1496
28862 9 82 0.2835
28872 9 80 0.2913
28882 9 78 0.2913
28882 29 56 0.1496
28892 9 77 0.2992
28901 9 75 0.2992
28911 9 73 0.3071
28911 29 53 0.1496
28921 9 72 0.3071
28931 9 73 0.3071
28936 4 66 0.2677
28941 88 70 0.3622
28941 14 42 0.2441
28941 14 54 0.2913
28970 29 58 0.2362
29000 29 60 0.2362
29029 14 69 0.3386
29029 29 66 0.2362
29044 14 70 0.315
29058 14 72 0.3465
29058 29 61 0.2362
29073 14 70 0.315
29088 14 69 0.3386
29088 29 58 0.2362
29102 14 70 0.315
29117 29 73 0.3622
29117 14 42 0.2441
29117 14 54 0.2913
29147 9 94 0.2756
29147 29 58 0.1496
29156 9 92 0.2756
29166 9 90 0.2756
29176 9 89 0.2835
29176 29 61 0.1496
29186 9 87 0.2835
29196 9 85 0.2913
29205 9 84 0.2913
29205 29 66 0.1496
29215 9 82 0.2992
29225 9 80 0.2992
29235 9 78 0.2992
29235 29 61 0.1496
29245 9 77 0.3071
29254 9 75 0.3071
29264 9 73 0.315
29264 29 58 0.1496
29274 9 72 0.315
29284 9 70 0.3307
29289 4 65 0.2677
29294 88 68 0.3622
29294 14 49 0.2913
29294 14 37 0.2441
29323 29 56 0.2362
29352 29 61 0.2362
29382 14 67 0.3386
29382 29 65 0.2362
29397 14 68 0.315
29411 14 67 0.3465
29411 29 61 0.2362
29426 14 68 0.315
29441 14 70 0.3465
29441 29 56 0.2362
29455 14 68 0.315
29470 117 65 0.3622
29470 14 49 0.2913
29470 14 37 0.2441
29500 9 89 0.2756
29500 29 56 0.1496
29509 9 87 0.2756
29519 9 85 0.2756
29529 9 84 0.2835
29529 29 61 0.1496
29539 9 82 0.2835
29549 9 80 0.2913
29558 9 78 0.2913
29558 88 65 0.1496
29568 9 77 0.2992
29578 9 75 0.2992
29588 9 73 0.2992
29588 29 61 0.1496
29598 9 72 0.3071
29607 9 70 0.3071
29617 9 68 0.315
29617 29 56 0.1496
29627 9 66 0.315
29637 9 65 0.3307
29642 4 66 0.2677
29647 88 70 0.3622
29647 14 54 0.2913
29647 14 42 0.2441
29676 29 58 0.2362
29705 29 60 0.2362
29735 14 69 0.3386
29735 29 66 0.2362
29750 14 70 0.315
29764 14 72 0.3386
29764 29 61 0.2362
29779 14 70 0.315
29794 14 69 0.3386
29794 29 58 0.2362
29808 14 70 0.315
29823 29 73 0.3622
29823 14 54 0.2913
29823 14 42 0.2441
29852 9 94 0.3386
29852 29 58 0.1496
29862 9 92 0.3386
29872 9 90 0.3386
29882 9 89 0.3386
29882 29 61 0.1496
29892 9 87 0.3386
29901 9 85 0.3307
29911 9 84 0.3307
29911 29 66 0.1496
29921 9 82 0.3307
29931 9 80 0.3307
29941 9 78 0.3307
29941 29 61 0.1496
29950 9 77 0.315
29960 9 75 0.315
29970 9 73 0.315
29970 29 58 0.1496
29980 9 72 0.315
29990 9 70 0.315
29995 4 65 0.2677
30000 88 68 0.3622
30000 14 37 0.2441
30000 14 49 0.2913
30029 29 56 0.2362
30058 29 61 0.2362
30088 14 67 0.3386
30088 29 65 0.2362
30102 14 68 0.315
30117 14 67 0.3386
30117 29 61 0.2362
30132 14 68 0.315
30147 14 70 0.3386
30147 29 56 0.2362
30161 14 68 0.315
30176 117 65 0.3622
30176 14 37 0.2441
30176 14 49 0.2913
30205 29 56 0.1496
30235 9 89 0.2835
30235 29 61 0.1496
30245 9 87 0.2835
30254 9 85 0.2913
30264 9 84 0.2913
30264 88 65 0.1496
30274 9 82 0.2992
30284 9 80 0.3071
30294 9 78 0.3071
30294 29 61 0.1496
30303 9 77 0.315
30313 9 75 0.3307
30323 9 73 0.3307
30323 29 56 0.1496
30333 9 72 0.3386
30343 9 73 0.3386
30348 2 66 0.2677
30350 2 72 0.2677
30352 88 75 0.3622
30352 14 32 0.2441
30352 14 44 0.2913
30382 29 56 0.2362
30411 29 60 0.2362
30441 14 74 0.3465
30441 29 66 0.2362
30455 14 75 0.315
30470 14 77 0.3465
30470 29 60 0.2362
30485 14 75 0.315
30500 14 74 0.3386
30500 29 56 0.2362
30514 14 75 0.315
30524 2 66 0.2677
30526 2 73 0.2677
30529 29 78 0.3622
30529 14 32 0.2441
30529 14 44 0.2913
30558 9 90 0.2756
30558 29 56 0.1496
30568 9 89 0.2756
30578 9 87 0.2756
30588 9 85 0.2835
30588 29 60 0.1496
30598 9 84 0.2835
30607 9 82 0.2913
30617 9 80 0.2913
30617 29 66 0.1496
30627 9 78 0.2992
30637 9 77 0.2992
30647 9 75 0.3071
30647 29 60 0.1496
30656 9 73 0.3071
30666 9 72 0.315
30676 9 70 0.315
30676 29 56 0.1496
30686 9 68 0.3307
30696 9 66 0.3307
30705 88 65 0.3071
30705 88 73 0.3622
30705 14 37 0.2441
30705 14 49 0.2913
30735 29 56 0.2362
30764 29 61 0.2362
30794 14 72 0.3465
30794 29 65 0.2362
30808 14 73 0.315
30823 14 75 0.3465
30823 29 61 0.2362
30838 14 73 0.315
30852 14 72 0.3465
30852 29 56 0.2362
30867 14 73 0.315
30882 29 65 0.3622
30882 29 77 0.3622
30882 14 37 0.2441
30882 14 49 0.2913
30911 9 90 0.315
30911 29 56 0.1496
30921 9 89 0.315
30931 9 87 0.315
30941 9 85 0.315
30941 29 61 0.1496
30950 9 84 0.315
30960 9 82 0.3071
30970 9 80 0.3071
30970 29 65 0.1496
30980 9 78 0.3071
30990 9 77 0.3071
31000 9 75 0.2992
31000 29 61 0.1496
31009 9 73 0.2992
31019 9 72 0.2992
31029 9 70 0.2992
31029 29 56 0.1496
31039 9 68 0.2992
31049 9 66 0.3071
31053 4 65 0.2677
31058 88 73 0.3622
31058 14 49 0.2677
31058 14 37 0.2205
31088 29 53 0.1811
31117 29 56 0.1811
31147 29 68 0.3071
31147 29 61 0.1811
31176 58 65 0.3071
31176 29 56 0.1811
31205 29 53 0.1811
31235 88 68 0.3386
31235 88 60 0.2835
31235 14 32 0.2126
31235 14 44 0.252
31264 29 44 0.189
31294 29 48 0.189
31323 29 66 0.315
31323 29 51 0.189
31352 58 63 0.315
31352 29 54 0.189
31382 29 56 0.189
31406 2 77 0.1969
31409 2 80 0.1969
31411 88 89 0.315
31411 14 49 0.2283
31411 14 37 0.189
31441 29 56 0.1417
31470 29 61 0.1417
31485 7 85 0.2835
31500 7 80 0.2835
31500 29 65 0.1417
31514 7 77 0.2835
31529 7 73 0.2835
31529 29 61 0.1417
31544 7 68 0.2835
31558 7 65 0.2835
31558 29 56 0.1417
31573 7 61 0.2835
31583 2 60 0.1969
31585 2 66 0.1969
31588 88 70 0.3071
31588 14 32 0.1732
31588 14 44 0.2126
31617 58 44 0.1339
31647 29 48 0.1339
31676 29 68 0.2756
31676 29 51 0.1339
31705 29 63 0.2756
31705 29 54 0.1339
31735 29 65 0.2756
31735 29 56 0.1339
31764 14 61 0.2756
31764 58 49 0.1102
31764 58 53 0.1339
31779 14 65 0.252
31794 14 56 0.252
31808 14 61 0.252
31823 14 65 0.2835
31823 58 49 0.1102
31823 58 53 0.1102
31823 58 56 0.1339
31838 14 68 0.2756
31852 14 73 0.2756
31867 14 77 0.2756
31882 14 80 0.2677
31882 58 61 0.1102
31882 58 65 0.1339
31882 58 56 0.1102
31897 14 85 0.2677
31911 14 89 0.2677
31926 14 92 0.2677
31941 53 97 0.2992
31941 58 61 0.1102
31941 58 65 0.1339
31941 58 56 0.1102
32000 44 68 0.4173
32058 44 68 0.4173
32112 2 60 0.2756
32115 2 63 0.2835
32117 88 68 0.4173
32117 29 44 0.2992
32117 29 32 0.252
32147 29 56 0.2441
32176 29 60 0.2441
32205 29 70 0.378
32205 29 66 0.2441
32235 56 68 0.378
32235 29 60 0.2441
32264 29 56 0.2441
32289 4 68 0.3071
32291 2 72 0.3071
32294 73 78 0.4961
32294 29 32 0.252
32294 29 44 0.2992
32323 29 56 0.2992
32352 29 60 0.2362
32367 14 68 0.3622
32382 14 67 0.3622
32382 29 66 0.2362
32397 14 68 0.3622
32411 14 70 0.3622
32411 29 60 0.2362
32426 14 68 0.3622
32441 14 67 0.3622
32441 29 56 0.2362
32455 14 68 0.3622
32468 2 65 0.3071
32470 88 68 0.4173
32470 29 37 0.252
32470 29 49 0.2992
32500 29 56 0.2441
32529 29 61 0.2441
32558 29 70 0.378
32558 29 65 0.2441
32588 58 68 0.378
32588 29 61 0.2441
32617 29 56 0.2441
32642 2 65 0.3071
32644 2 68 0.3071
32647 73 77 0.4961
32647 29 49 0.2992
32647 29 37 0.252
32676 29 56 0.2992
32705 29 61 0.2362
32720 14 77 0.3622
32735 14 75 0.3622
32735 29 65 0.2362
32750 14 73 0.3622
32764 14 72 0.3622
32764 29 61 0.2362
32779 14 73 0.3622
32794 14 75 0.3622
32794 29 56 0.2362
32808 14 73 0.3622
32821 2 72 0.3071
32823 14 78 0.5118
32823 29 32 0.252
32823 29 44 0.2992
32852 9 80 0.3701
32852 29 56 0.2441
32862 9 78 0.3701
32872 9 77 0.3701
32882 29 78 0.4646
32882 29 60 0.2441
32911 29 80 0.4252
32911 29 66 0.2441
32941 29 82 0.4646
32941 29 60 0.2441
32970 29 78 0.3937
32970 29 56 0.2441
32995 2 66 0.3071
32997 2 72 0.3071
33000 14 75 0.5118
33000 29 44 0.2992
33000 29 32 0.252
33029 9 77 0.3701
33029 29 56 0.2992
33039 9 75 0.3701
33049 9 74 0.3701
33058 29 75 0.4646
33058 29 60 0.2362
33088 29 77 0.4252
33088 29 66 0.2441
33117 29 78 0.4646
33117 29 60 0.2362
33147 29 72 0.3937
33147 29 56 0.2362
33171 2 65 0.3071
33174 2 68 0.3071
33176 73 75 0.5118
33176 29 49 0.2992
33176 29 37 0.252
33205 29 56 0.2992
33235 29 61 0.2362
33250 9 73 0.3701
33264 9 72 0.3701
33264 29 65 0.2441
33279 9 73 0.3701
33294 9 72 0.3701
33294 29 61 0.2362
33308 9 73 0.3701
33323 9 77 0.3701
33323 29 56 0.2362
33338 9 73 0.3701
33352 117 68 0.3701
33352 29 37 0.252
33352 29 49 0.2992
33382 29 56 0.2992
33411 29 61 0.2362
33441 29 65 0.2441
33470 58 73 0.3701
33470 29 61 0.2362
33500 29 56 0.2362
33524 2 65 0.2835
33526 2 71 0.2992
33529 88 73 0.4173
33529 29 37 0.252
33529 29 49 0.2992
33558 29 56 0.2441
33588 29 61 0.2441
33617 29 75 0.378
33617 29 65 0.2441
33647 58 73 0.378
33647 29 61 0.2441
33676 29 56 0.2441
33700 2 71 0.3071
33703 2 73 0.3071
33705 117 80 0.4961
33705 29 37 0.252
33705 29 49 0.2992
33735 29 56 0.2992
33764 29 61 0.2362
33794 29 65 0.2362
33823 58 73 0.4961
33823 29 61 0.2362
33852 29 56 0.2362
33877 2 66 0.3071
33879 2 70 0.3071
33882 88 73 0.4173
33882 29 37 0.252
33882 29 49 0.2992
33911 29 58 0.2441
33941 29 61 0.2441
33970 29 75 0.378
33970 29 66 0.2441
34000 58 73 0.378
34000 29 61 0.2441
34029 29 58 0.2441
34053 2 69 0.2756
34056 2 73 0.2756
34058 117 78 0.4252
34058 29 49 0.2992
34058 29 37 0.252
34088 29 57 0.2992
34117 29 61 0.2362
34147 29 66 0.2362
34176 58 77 0.4252
34176 29 61 0.2362
34205 29 56 0.2362
34232 2 72 0.2756
34235 14 75 0.4252
34235 58 37 0.252
34235 58 49 0.2992
34250 14 78 0.4331
34264 14 81 0.4488
34279 14 84 0.4567
34294 14 87 0.4646
34294 117 60 0.1969
34294 117 63 0.1969
34294 117 57 0.1969
34294 117 66 0.2362
34308 14 90 0.4646
34323 14 93 0.4724
34338 14 96 0.4803
34352 14 99 0.4961
34367 14 102 0.5039
34382 14 99 0.5039
34397 14 96 0.5118
34411 14 93 0.5197
34411 58 25 0.2283
34411 58 37 0.2756
34426 14 90 0.5118
34441 14 87 0.5118
34455 14 84 0.5118
34470 14 81 0.5039
34470 117 49 0.189
34470 117 56 0.2283
34470 117 54 0.189
34470 117 51 0.189
34485 14 78 0.5039
34500 14 75 0.5118
34514 14 72 0.5197
34529 14 69 0.5276
34544 14 66 0.5433
34558 14 63 0.5433
34573 14 60 0.5512
34588 14 61 0.5433
34602 14 65 0.5512
34617 14 56 0.5433
34632 14 61 0.5669
34647 14 53 0.5512
34661 14 56 0.5748
34676 14 49 0.5669
34691 14 53 0.5906
34705 14 44 0.5748
34720 14 49 0.6063
34735 14 41 0.5906
34750 14 44 0.6299
34764 51 37 0.6772
34823 29 68 0.5276
34882 29 68 0.5276
34941 93 68 0.4646
34941 93 65 0.3937
34941 115 56 0.4331
34941 115 61 0.4331
34941 115 49 0.3622
35029 34 70 0.4488
35058 58 68 0.4488
35058 58 65 0.378
35058 58 61 0.3937
35058 56 49 0.3307
35058 56 56 0.3937
35117 176 61 0.3543
35117 161 65 0.4173
35117 176 56 0.3622
35117 176 49 0.3071
35147 14 89 0.252
35147 14 80 0.2126
35147 14 85 0.252
35176 14 85 0.252
35176 14 77 0.2126
35176 14 80 0.252
35205 14 80 0.252
35205 14 77 0.252
35205 14 73 0.2126
35235 14 77 0.252
35235 14 73 0.252
35235 14 68 0.2126
35264 14 68 0.252
35264 14 73 0.252
35264 29 65 0.2126
35294 93 65 0.4016
35294 93 68 0.4724
35294 115 61 0.4331
35294 115 56 0.3622
35294 115 49 0.3622
35382 34 70 0.4567
35411 58 65 0.3858
35411 58 68 0.4567
35411 58 61 0.3937
35411 56 56 0.3307
35411 56 49 0.3307
35470 176 61 0.3622
35470 161 65 0.4331
35470 174 56 0.3622
35470 174 49 0.3622
35500 14 85 0.252
35500 14 89 0.252
35500 14 80 0.2126
35529 14 80 0.252
35529 14 85 0.252
35529 14 77 0.2126
35558 14 73 0.2126
35558 14 80 0.252
35558 14 77 0.252
35588 14 73 0.252
35588 14 77 0.252
35588 14 68 0.2126
35617 14 73 0.252
35617 14 68 0.252
35617 29 65 0.2126
35647 93 65 0.4016
35647 93 68 0.4803
35647 115 61 0.4331
35647 115 49 0.3622
35647 117 56 0.3622
35735 34 70 0.4567
35764 56 65 0.3858
35764 58 68 0.4567
35764 56 56 0.3307
35764 58 61 0.3937
35764 56 49 0.3307
35823 93 65 0.4961
35823 93 61 0.4173
35823 115 56 0.4252
35823 115 49 0.3543
35911 34 66 0.4488
35941 56 61 0.378
35941 56 65 0.4488
35941 56 49 0.315
35941 56 56 0.378
36000 29 65 0.3937
36000 29 61 0.3307
36000 29 56 0.378
36000 29 49 0.315
36029 14 32 0.1811
36029 14 41 0.2205
36029 14 37 0.1811
36058 14 41 0.1811
36058 14 44 0.2205
36058 14 37 0.1811
36088 14 44 0.1811
36088 14 49 0.2205
36088 14 41 0.1811
36117 14 53 0.2205
36117 14 49 0.1811
36117 14 44 0.1811
36147 14 49 0.1811
36147 14 53 0.1811
36147 14 56 0.2205
36176 14 61 0.2205
36176 14 56 0.1811
36176 14 53 0.1811
36205 14 49 0.1811
36205 14 44 0.1811
36205 14 53 0.2205
36235 14 53 0.1811
36235 14 56 0.2205
36235 14 49 0.1811
36264 14 56 0.1811
36264 14 61 0.2205
36264 14 53 0.1811
36294 14 65 0.2205
36294 14 61 0.1811
36294 14 56 0.1811
36323 14 68 0.2205
36323 14 61 0.1811
36323 14 65 0.1811
36352 14 73 0.2205
36352 14 65 0.1811
36352 14 68 0.1811
36382 14 61 0.1811
36382 14 56 0.1811
36382 14 65 0.2205
36411 14 68 0.1811
36411 14 61 0.1811
36411 14 65 0.2205
36441 14 65 0.1811
36441 14 68 0.1811
36441 14 73 0.2205
36470 14 73 0.2205
36470 14 68 0.1811
36470 14 77 0.2205
36500 14 73 0.1811
36500 14 80 0.2205
36500 14 77 0.2205
36529 14 85 0.2205
36529 14 77 0.1811
36529 14 80 0.2205
36558 14 77 0.2205
36558 14 73 0.2205
36558 14 68 0.1811
36588 14 80 0.2205
36588 14 73 0.1811
36588 14 77 0.2205
36617 14 85 0.2205
36617 14 77 0.1811
36617 14 80 0.2205
36647 14 85 0.2205
36647 14 80 0.1811
36647 14 89 0.2205
36676 14 89 0.2205
36676 14 92 0.2205
36676 14 85 0.1811
36705 294 89 0.2047
36705 294 92 0.2441
36705 294 97 0.2441
37058 115 56 0.1496
37058 115 65 0.1811
37058 115 61 0.1496
37058 90 44 0.2205
37058 90 32 0.1811
37147 29 34 0.1496
37147 29 46 0.1811
37176 56 56 0.1496
37176 56 65 0.1811
37176 56 61 0.1496
37176 58 44 0.1811
37176 58 32 0.1496
37235 115 56 0.1496
37235 115 61 0.1496
37235 115 65 0.1811
37235 90 41 0.2205
37235 90 29 0.1811
37323 29 42 0.1811
37323 29 30 0.1496
37352 56 56 0.1496
37352 56 61 0.1496
37352 56 65 0.1811
37352 58 29 0.1496
37352 58 41 0.1811
37411 352 56 0.1496
37411 352 61 0.1496
37411 352 65 0.1811
37411 352 25 0.1811
37411 352 37 0.2205
