75 7 73 0.3386
75 7 77 0.3386
91 30 65 0.315
91 15 73 0.3937
91 15 77 0.3937
106 15 73 0.3543
106 15 70 0.3543
121 7 77 0.3543
121 7 73 0.3543
136 30 65 0.315
136 15 73 0.3937
136 15 77 0.3937
151 15 73 0.3622
151 15 70 0.3622
167 7 77 0.3622
167 7 73 0.3622
182 30 65 0.315
182 15 73 0.3937
182 15 77 0.3937
197 15 73 0.3543
197 15 70 0.3543
212 7 77 0.3543
212 7 73 0.3543
227 30 65 0.315
227 15 73 0.3937
227 15 77 0.3937
243 15 73 0.3622
243 15 70 0.3622
258 7 77 0.3622
258 7 73 0.3622
273 75 66 0.5591
273 15 73 0.3937
288 15 70 0.3543
303 7 73 0.3543
319 15 73 0.3937
334 15 70 0.3622
349 15 65 0.4724
349 7 73 0.3622
364 68 64 0.5669
364 15 73 0.3937
379 15 70 0.3543
395 7 73 0.3543
410 15 73 0.3937
425 15 70 0.3622
440 7 73 0.4803
440 15 64 0.4724
455 60 65 0.5906
471 7 60 0.4252
471 7 63 0.4252
486 7 60 0.4252
486 7 63 0.4252
501 7 60 0.4252
501 7 63 0.4252
516 7 58 0.4252
516 7 67 0.4409
531 7 60 0.4252
531 7 69 0.4803
539 7 72 0.5039
547 7 61 0.4803
547 7 70 0.5748
562 7 60 0.4252
562 7 69 0.4961
577 7 61 0.4173
577 7 70 0.4961
592 7 65 0.4724
592 7 73 0.5591
607 7 63 0.4173
607 7 72 0.4961
623 7 61 0.4567
623 7 70 0.5512
638 91 61 0.5512
638 91 70 0.6457
683 45 64 0.5197
729 45 60 0.5276
729 45 65 0.5276
729 45 69 0.6299
805 7 73 0.3386
805 7 77 0.3386
820 30 65 0.315
820 15 73 0.3937
820 15 77 0.3937
835 15 73 0.3543
835 15 70 0.3543
851 7 77 0.3543
851 7 73 0.3543
866 30 65 0.3228
866 15 73 0.4016
866 15 77 0.4016
881 15 73 0.378
881 15 70 0.378
896 7 77 0.378
896 7 73 0.378
911 30 65 0.3307
911 15 73 0.4173
911 15 77 0.4173
927 15 73 0.3937
927 15 70 0.3937
942 7 77 0.4331
942 7 73 0.4331
957 30 65 0.4173
957 15 73 0.5197
957 15 77 0.5197
972 15 73 0.4961
972 15 70 0.4961
987 7 77 0.5354
987 7 73 0.5354
1003 45 68 0.4567
1003 45 77 0.5197
1003 45 80 0.6457
1048 30 66 0.4409
1048 30 75 0.4409
1048 30 78 0.5197
1079 7 65 0.4409
1079 7 73 0.4409
1079 7 77 0.5197
1094 45 65 0.4567
1094 45 73 0.5276
1094 45 77 0.6457
1139 30 63 0.4409
1139 30 72 0.4409
1139 30 75 0.5197
1185 45 65 0.4567
1185 91 68 0.5197
1185 45 77 0.6457
1231 30 73 0.5433
1261 11 72 0.5118
1276 30 68 0.5433
1276 30 72 0.5433
1307 11 66 0.5118
1307 11 70 0.5118
1322 30 73 0.5433
1352 11 66 0.5118
1352 11 70 0.5118
1367 30 66 0.5433
1367 30 70 0.5433
1398 11 65 0.5118
1398 11 68 0.5118
1413 30 73 0.5433
1443 11 65 0.5118
1443 11 68 0.5118
1459 30 65 0.5433
1459 30 68 0.5433
1489 15 69 0.4803
1504 30 60 0.3858
1504 30 66 0.3858
1504 30 70 0.4882
1535 11 63 0.4252
1535 11 66 0.4252
1550 45 66 0.4567
1550 45 63 0.3858
1550 45 60 0.3858
1595 45 61 0.3228
1595 45 65 0.3858
1717 7 73 0.3386
1717 7 77 0.3386
1732 30 65 0.315
1732 15 73 0.3937
1732 15 77 0.3937
1747 15 73 0.3543
1747 15 70 0.3543
1763 7 77 0.3543
1763 7 73 0.3543
1778 30 65 0.315
1778 15 73 0.3937
1778 15 77 0.3937
1793 15 73 0.3622
1793 15 70 0.3622
1808 7 77 0.3622
1808 7 73 0.3622
1823 30 65 0.315
1823 15 73 0.3937
1823 15 77 0.3937
1839 15 73 0.3543
1839 15 70 0.3543
1854 7 77 0.3543
1854 7 73 0.3543
1869 30 65 0.315
1869 15 73 0.3937
1869 15 77 0.3937
1884 15 73 0.3622
1884 15 70 0.3622
1899 7 77 0.3622
1899 7 73 0.3622
1915 75 66 0.5591
1915 15 73 0.3937
1930 15 70 0.3543
1945 7 73 0.3543
1960 15 73 0.3937
1975 15 70 0.3622
1991 15 65 0.4724
1991 7 73 0.3622
2006 68 64 0.5669
2006 15 73 0.3937
2021 15 70 0.3543
2036 7 73 0.3543
2051 15 73 0.3937
2067 15 70 0.3622
2082 7 73 0.4803
2082 15 64 0.4724
2097 60 65 0.5906
2112 7 60 0.4252
2112 7 63 0.4252
2127 7 60 0.4252
2127 7 63 0.4252
2143 7 60 0.4252
2143 7 63 0.4252
2158 7 58 0.4252
2158 7 67 0.4409
2173 7 60 0.4252
2173 7 69 0.4803
2181 7 72 0.5039
2188 7 61 0.4803
2188 7 70 0.5748
2203 7 60 0.4252
2203 7 69 0.4961
2219 7 61 0.4173
2219 7 70 0.4961
2234 7 65 0.4724
2234 7 73 0.5591
2249 7 63 0.4173
2249 7 72 0.4961
2264 7 61 0.4567
2264 7 70 0.5512
2279 91 61 0.5512
2279 91 70 0.6457
2325 45 64 0.5197
2371 45 60 0.5276
2371 45 65 0.5276
2371 45 69 0.6299
2447 7 73 0.3386
2447 7 77 0.3386
2462 30 65 0.315
2462 15 73 0.3937
2462 15 77 0.3937
2477 15 73 0.3543
2477 15 70 0.3543
2492 7 77 0.3543
2492 7 73 0.3543
2507 30 65 0.3228
2507 15 73 0.4016
2507 15 77 0.4016
2523 15 73 0.378
2523 15 70 0.378
2538 7 77 0.378
2538 7 73 0.378
2553 30 65 0.3307
2553 15 73 0.4173
2553 15 77 0.4173
2568 15 73 0.3937
2568 15 70 0.3937
2583 7 77 0.4331
2583 7 73 0.4331
2599 30 65 0.4173
2599 15 73 0.5197
2599 15 77 0.5197
2614 15 73 0.4961
2614 15 70 0.4961
2629 7 77 0.5354
2629 7 73 0.5354
2644 45 68 0.4567
2644 45 77 0.5197
2644 45 80 0.6457
2690 30 66 0.4409
2690 30 75 0.4409
2690 30 78 0.5197
2720 7 65 0.4409
2720 7 73 0.4409
2720 7 77 0.5197
2735 45 65 0.4567
2735 45 73 0.5276
2735 45 77 0.6457
2781 30 63 0.4409
2781 30 72 0.4409
2781 30 75 0.5197
2827 45 65 0.4567
2827 91 68 0.5197
2827 45 77 0.6457
2872 30 73 0.5433
2903 11 72 0.5118
2918 30 68 0.5433
2918 30 72 0.5433
2948 11 66 0.5118
2948 11 70 0.5118
2963 30 73 0.5433
2994 11 66 0.5118
2994 11 70 0.5118
3009 30 66 0.5433
3009 30 70 0.5433
3039 11 65 0.5118
3039 11 68 0.5118
3055 30 73 0.5433
3085 11 65 0.5118
3085 11 68 0.5118
3100 30 65 0.5433
3100 30 68 0.5433
3131 15 69 0.4803
3146 30 60 0.3858
3146 30 66 0.3858
3146 30 70 0.4882
3176 11 63 0.4252
3176 11 66 0.4252
3191 45 66 0.4567
3191 45 63 0.3858
3191 45 60 0.3858
3237 45 61 0.3228
3237 45 65 0.3858
3359 7 63 0.3386
3359 7 65 0.3386
3374 15 62 0.3937
3374 15 65 0.3937
3389 15 70 0.3543
3389 15 58 0.3543
3404 7 65 0.3543
3404 7 62 0.3543
3419 15 62 0.3937
3419 15 65 0.3937
3434 15 70 0.3622
3434 15 58 0.3622
3450 7 65 0.3622
3450 7 62 0.3622
3465 45 58 0.3622
3465 45 65 0.3622
3465 45 68 0.3622
3510 15 63 0.3622
3510 15 66 0.3622
3541 7 63 0.3386
3541 7 66 0.3386
3556 15 62 0.3937
3556 15 65 0.3937
3571 15 70 0.3543
3571 15 58 0.3543
3586 7 65 0.3543
3586 7 62 0.3543
3602 15 62 0.3937
3602 15 65 0.3937
3617 15 70 0.3622
3617 15 58 0.3622
3632 7 65 0.3622
3632 7 62 0.3622
3647 45 58 0.3622
3647 45 65 0.3622
3647 45 68 0.3622
3693 15 63 0.3622
3693 15 66 0.3622
3723 7 66 0.3858
3723 7 63 0.3858
3723 7 70 0.3858
3738 15 65 0.4488
3738 15 68 0.4488
3754 15 73 0.4016
3754 15 61 0.4016
3769 7 68 0.4016
3769 7 65 0.4016
3784 15 65 0.4567
3784 15 68 0.4567
3799 15 73 0.4173
3799 15 61 0.4173
3814 7 68 0.4173
3814 7 65 0.4173
3830 45 65 0.4252
3830 45 61 0.4252
3830 45 68 0.4252
3830 45 71 0.4252
3875 15 66 0.4252
3875 15 70 0.4252
3906 7 66 0.4646
3906 7 70 0.4646
3921 15 65 0.5433
3921 15 68 0.5433
3936 15 73 0.4882
3936 15 61 0.4882
3951 7 68 0.4961
3951 7 65 0.4961
3966 15 65 0.5827
3966 15 68 0.5827
3982 15 73 0.5354
3982 15 61 0.5354
3997 7 68 0.5433
3997 7 65 0.5433
4012 45 65 0.5591
4012 45 62 0.5591
4012 45 68 0.5591
4012 45 71 0.5591
4058 15 63 0.5906
4058 15 66 0.5906
4058 15 70 0.5906
4103 45 65 0.6142
4103 45 72 0.6142
4103 45 77 0.7244
4149 30 72 0.6378
4149 30 69 0.5433
4179 7 72 0.6063
4179 7 69 0.5039
4179 7 65 0.5039
4194 30 66 0.6142
4194 30 72 0.6142
4194 30 75 0.7244
4225 15 73 0.6299
4225 15 70 0.5276
4225 15 64 0.5276
4240 45 72 0.622
4240 45 69 0.5197
4240 45 65 0.5197
4286 45 65 0.6142
4286 45 72 0.6142
4286 45 77 0.7244
4331 30 72 0.6378
4331 30 69 0.5433
4362 7 72 0.6063
4362 7 69 0.5039
4362 7 65 0.5039
4377 30 66 0.6142
4377 30 72 0.6142
4377 30 75 0.7244
4407 15 73 0.6299
4407 15 70 0.5276
4407 15 64 0.5276
4422 45 72 0.622
4422 45 69 0.5197
4422 45 65 0.5197
4468 45 65 0.6142
4468 45 72 0.6142
4468 45 77 0.7244
4514 30 72 0.5984
4514 30 69 0.5039
4544 7 72 0.5433
4544 7 69 0.4488
4544 7 65 0.4488
4559 30 66 0.5354
4559 30 75 0.6299
4590 15 73 0.4961
4590 15 65 0.4173
4605 30 66 0.4016
4605 30 72 0.4724
4605 30 63 0.4016
4635 15 61 0.3858
4635 15 65 0.3858
4635 15 70 0.4567
4650 30 63 0.4331
4650 30 60 0.4331
4650 30 68 0.5118
4681 15 58 0.3622
4681 15 66 0.4252
4681 15 61 0.3622
4696 30 60 0.3465
4696 30 65 0.4094
4696 30 57 0.3465
4726 11 58 0.3307
4726 11 55 0.3307
4726 11 64 0.3937
4742 45 55 0.2913
4742 45 58 0.2913
4742 45 64 0.3543
4787 45 57 0.2913
4787 45 65 0.3543
4909 7 73 0.3386
4909 7 77 0.3386
4924 30 65 0.315
4924 15 73 0.3937
4924 15 77 0.3937
4939 15 73 0.3543
4939 15 70 0.3543
4954 7 77 0.3543
4954 7 73 0.3543
4970 30 65 0.315
4970 15 73 0.3937
4970 15 77 0.3937
4985 15 73 0.3622
4985 15 70 0.3622
5000 7 77 0.3622
5000 7 73 0.3622
5015 30 65 0.315
5015 15 73 0.3937
5015 15 77 0.3937
5030 15 73 0.3543
5030 15 70 0.3543
5046 7 77 0.3543
5046 7 73 0.3543
5061 30 65 0.315
5061 15 73 0.3937
5061 15 77 0.3937
5076 15 73 0.3622
5076 15 70 0.3622
5091 7 77 0.3622
5091 7 73 0.3622
5106 75 66 0.5591
5106 15 73 0.3937
5122 15 70 0.3543
5137 7 73 0.3543
5152 15 73 0.3937
5167 15 70 0.3622
5182 15 65 0.4724
5182 7 73 0.3622
5198 68 64 0.5669
5198 15 73 0.3937
5213 15 70 0.3543
5228 7 73 0.3543
5243 15 73 0.3937
5258 15 70 0.3622
5274 7 73 0.4803
5274 15 64 0.4724
5289 60 65 0.5906
5304 7 60 0.4252
5304 7 63 0.4252
5319 7 60 0.4252
5319 7 63 0.4252
5334 7 60 0.4252
5334 7 63 0.4252
5350 7 58 0.4252
5350 7 67 0.4409
5365 7 60 0.4252
5365 7 69 0.4803
5372 7 72 0.5039
5380 7 61 0.4803
5380 7 70 0.5748
5395 7 60 0.4252
5395 7 69 0.4961
5410 7 61 0.4173
5410 7 70 0.4961
5426 7 65 0.4724
5426 7 73 0.5591
5441 7 63 0.4173
5441 7 72 0.4961
5456 7 61 0.4567
5456 7 70 0.5512
5471 91 61 0.5512
5471 91 70 0.6457
5517 45 64 0.5197
5562 45 60 0.5276
5562 45 65 0.5276
5562 45 69 0.6299
5638 7 73 0.3386
5638 7 77 0.3386
5654 30 65 0.315
5654 15 73 0.3937
5654 15 77 0.3937
5669 15 73 0.3543
5669 15 70 0.3543
5684 7 77 0.3543
5684 7 73 0.3543
5699 30 65 0.3228
5699 15 73 0.4016
5699 15 77 0.4016
5714 15 73 0.378
5714 15 70 0.378
5730 7 77 0.378
5730 7 73 0.378
5745 30 65 0.3307
5745 15 73 0.4173
5745 15 77 0.4173
5760 15 73 0.3937
5760 15 70 0.3937
5775 7 77 0.4331
5775 7 73 0.4331
5790 30 65 0.4173
5790 15 73 0.5197
5790 15 77 0.5197
5806 15 73 0.4961
5806 15 70 0.4961
5821 7 77 0.5354
5821 7 73 0.5354
5836 45 68 0.4567
5836 45 77 0.5197
5836 45 80 0.6457
5882 30 66 0.4409
5882 30 75 0.4409
5882 30 78 0.5197
5912 7 65 0.4409
5912 7 73 0.4409
5912 7 77 0.5197
5927 45 65 0.4567
5927 45 68 0.5276
5927 45 77 0.6457
5973 30 63 0.4409
5973 30 75 0.5197
6018 45 66 0.4567
6018 91 70 0.5197
6018 45 78 0.6457
6064 30 75 0.5433
6094 11 73 0.5118
6110 30 70 0.5433
6110 30 73 0.5433
6140 11 72 0.5118
6155 30 75 0.5433
6186 11 72 0.5118
6201 91 65 0.5433
6201 30 72 0.5433
6231 11 70 0.5118
6246 30 73 0.5433
6277 11 70 0.5118
6292 30 65 0.5433
6292 30 70 0.5433
6322 13 69 0.4803
6338 45 69 0.5433
6338 30 65 0.3858
6338 30 73 0.4882
6368 11 63 0.4252
6368 11 72 0.4252
6383 45 72 0.4567
6383 45 69 0.3858
6383 45 63 0.3858
6429 45 61 0.3228
6429 45 70 0.3858
6550 7 63 0.3386
6550 7 65 0.3386
6566 15 62 0.3937
6566 15 65 0.3937
6581 15 70 0.3543
6581 15 58 0.3543
6596 7 65 0.3543
6596 7 62 0.3543
6611 15 62 0.3937
6611 15 65 0.3937
6626 15 70 0.3622
6626 15 58 0.3622
6642 7 65 0.3622
6642 7 62 0.3622
6657 45 58 0.3622
6657 45 65 0.3622
6657 45 68 0.3622
6702 15 63 0.3622
6702 15 66 0.3622
6733 7 63 0.3386
6733 7 66 0.3386
6748 15 62 0.3937
6748 15 65 0.3937
6763 15 70 0.3543
6763 15 58 0.3543
6778 7 65 0.3543
6778 7 62 0.3543
6793 15 62 0.3937
6793 15 65 0.3937
6809 15 70 0.3622
6809 15 58 0.3622
6824 7 65 0.3622
6824 7 62 0.3622
6839 45 58 0.3622
6839 45 65 0.3622
6839 45 68 0.3622
6885 15 63 0.3622
6885 15 66 0.3622
6915 7 66 0.3858
6915 7 63 0.3858
6915 7 70 0.3858
6930 15 65 0.4488
6930 15 68 0.4488
6945 15 73 0.4016
6945 15 61 0.4016
6961 7 68 0.4016
6961 7 65 0.4016
6976 15 65 0.4567
6976 15 68 0.4567
6991 15 73 0.4173
6991 15 61 0.4173
7006 7 68 0.4173
7006 7 65 0.4173
7021 45 65 0.4252
7021 45 61 0.4252
7021 45 68 0.4252
7021 45 71 0.4252
7067 15 66 0.4331
7067 15 70 0.4331
7097 7 66 0.4646
7097 7 70 0.4646
7113 15 65 0.5433
7113 15 68 0.5433
7128 15 73 0.4882
7128 15 61 0.4882
7143 7 68 0.5039
7143 7 65 0.5039
7158 15 65 0.5827
7158 15 68 0.5827
7173 15 73 0.5354
7173 15 61 0.5354
7189 7 68 0.5433
7189 7 65 0.5433
7204 45 65 0.5591
7204 45 62 0.5591
7204 45 68 0.5591
7204 45 71 0.5591
7249 15 66 0.5906
7249 15 70 0.5906
7295 45 65 0.6142
7295 45 72 0.6142
7295 45 77 0.7244
7341 30 72 0.6378
7341 30 69 0.5433
7371 7 72 0.6063
7371 7 69 0.5039
7371 7 65 0.5039
7386 30 66 0.6142
7386 30 72 0.6142
7386 30 75 0.7244
7417 15 73 0.6299
7417 15 70 0.5276
7417 15 64 0.5276
7432 45 72 0.622
7432 45 69 0.5197
7432 45 65 0.5197
7477 45 65 0.6142
7477 45 72 0.6142
7477 45 77 0.7244
7523 30 72 0.6378
7523 30 69 0.5433
7553 7 72 0.6063
7553 7 69 0.5039
7553 7 65 0.5039
7569 30 66 0.6142
7569 30 72 0.6142
7569 30 75 0.7244
7599 15 73 0.6299
7599 15 70 0.5276
7599 15 64 0.5276
7614 45 72 0.622
7614 45 69 0.5197
7614 45 65 0.5197
7660 45 65 0.6142
7660 45 72 0.6142
7660 45 77 0.7244
7705 30 72 0.5984
7705 30 69 0.5039
7736 7 72 0.5433
7736 7 69 0.4488
7736 7 65 0.4488
7751 30 66 0.5354
7751 30 75 0.6299
7781 15 73 0.4961
7781 15 65 0.4173
7797 30 66 0.4016
7797 30 72 0.4724
7797 30 63 0.4016
7827 15 61 0.3858
7827 15 65 0.3858
7827 15 70 0.4567
7842 30 63 0.4331
7842 30 60 0.4331
7842 30 68 0.5118
7873 15 58 0.3622
7873 15 66 0.4252
7873 15 61 0.3622
7888 30 60 0.3465
7888 30 65 0.4094
7888 30 57 0.3465
7918 11 58 0.3307
7918 11 55 0.3307
7918 11 64 0.3937
7933 45 55 0.2913
7933 45 58 0.2913
7933 45 64 0.3543
7979 45 57 0.2913
7979 45 65 0.3543
8101 7 73 0.3386
8101 7 77 0.3386
8116 30 65 0.315
8116 15 73 0.3937
8116 15 77 0.3937
8131 15 73 0.3543
8131 15 70 0.3543
8146 7 77 0.3543
8146 7 73 0.3543
8161 30 65 0.315
8161 15 73 0.3937
8161 15 77 0.3937
8177 15 73 0.3622
8177 15 70 0.3622
8192 7 77 0.3622
8192 7 73 0.3622
8207 30 65 0.315
8207 15 73 0.3937
8207 15 77 0.3937
8222 15 73 0.3543
8222 15 70 0.3543
8237 7 77 0.3543
8237 7 73 0.3543
8253 30 65 0.315
8253 15 73 0.3937
8253 15 77 0.3937
8268 15 73 0.3622
8268 15 70 0.3622
8283 7 77 0.3622
8283 7 73 0.3622
8298 75 66 0.5591
8298 15 73 0.3937
8313 15 70 0.3543
8329 7 73 0.3543
8344 15 73 0.3937
8359 15 70 0.3622
8374 15 65 0.4724
8374 7 73 0.3622
8389 68 64 0.5669
8389 15 73 0.3937
8405 15 70 0.3543
8420 7 73 0.3543
8435 15 73 0.3937
8450 15 70 0.3622
8465 7 73 0.4803
8465 15 64 0.4724
8481 60 65 0.5906
8496 7 60 0.4252
8496 7 63 0.4252
8511 7 60 0.4252
8511 7 63 0.4252
8526 7 60 0.4252
8526 7 63 0.4252
8541 7 58 0.4252
8541 7 67 0.4409
8557 7 60 0.4252
8557 7 69 0.4803
8564 7 72 0.5039
8572 7 61 0.4803
8572 7 70 0.5748
8587 7 60 0.4252
8587 7 69 0.4961
8602 7 61 0.4173
8602 7 70 0.4961
8617 7 65 0.4724
8617 7 73 0.5591
8633 7 63 0.4173
8633 7 72 0.4961
8648 7 61 0.4567
8648 7 70 0.5512
8663 91 61 0.5512
8663 91 70 0.6457
8709 45 64 0.5197
8754 45 60 0.5276
8754 45 65 0.5276
8754 45 69 0.6299
8845 45 70 0.4882
8845 91 65 0.4094
8891 29 68 0.4331
8921 15 68 0.4331
8937 45 66 0.4882
8937 91 63 0.4094
8982 45 67 0.4331
9028 45 70 0.5354
9028 45 82 0.6299
9028 91 77 0.5354
9073 29 68 0.4724
9073 29 80 0.5591
9104 15 68 0.4724
9104 15 80 0.5591
9119 45 67 0.5354
9119 45 79 0.6299
9119 91 75 0.5354
9165 30 66 0.4724
9165 30 78 0.5591
9195 11 67 0.4724
9195 11 79 0.5591
9210 7 67 0.5669
9210 7 70 0.5669
9210 7 79 0.6693
9225 7 67 0.4803
9225 7 70 0.4803
9225 7 77 0.5669
9241 7 76 0.5433
9241 7 70 0.4567
9241 7 67 0.4567
9256 7 76 0.6142
9256 7 70 0.5197
9256 7 67 0.5197
9271 7 67 0.4724
9271 7 70 0.4724
9271 7 74 0.5591
9286 7 67 0.4724
9286 7 70 0.4724
9286 7 72 0.5591
9301 45 72 0.622
9301 45 69 0.5276
9301 45 65 0.5276
9347 30 74 0.5276
9347 30 70 0.4409
9347 30 65 0.4409
9377 15 65 0.4094
9377 15 70 0.4094
9377 15 74 0.4882
9393 45 75 0.622
9393 45 70 0.5276
9393 45 67 0.5276
9438 30 72 0.5276
9438 30 69 0.4409
9469 15 65 0.4094
9469 15 69 0.4094
9469 15 72 0.4882
9484 91 77 0.6457
9499 7 65 0.4331
9499 7 70 0.4331
9514 7 65 0.4409
9514 7 70 0.4409
9529 7 70 0.5039
9529 7 65 0.5039
9545 7 65 0.4488
9545 7 70 0.4488
9560 7 65 0.4567
9560 7 70 0.4567
9575 7 68 0.4724
9575 7 70 0.4724
9575 91 78 0.7087
9590 7 68 0.4724
9590 7 70 0.4724
9605 7 68 0.4803
9605 7 70 0.4803
9621 7 70 0.5512
9621 7 68 0.5512
9636 7 68 0.4882
9636 7 70 0.4882
9651 7 68 0.4961
9651 7 70 0.4961
9666 7 67 0.5118
9666 7 70 0.5118
9666 91 79 0.7717
9681 7 67 0.5118
9681 7 70 0.5118
9697 7 67 0.5118
9697 7 70 0.5118
9712 7 70 0.5748
9712 7 67 0.5748
9727 7 67 0.5118
9727 7 70 0.5118
9742 7 67 0.5118
9742 7 70 0.5118
9757 7 67 0.5669
9757 7 70 0.5669
9757 7 79 0.6693
9773 7 67 0.4803
9773 7 70 0.4803
9773 7 77 0.5669
9788 7 76 0.5433
9788 7 70 0.4567
9788 7 67 0.4567
9803 7 76 0.6142
9803 7 70 0.5197
9803 7 67 0.5197
9818 7 67 0.4724
9818 7 70 0.4724
9818 7 74 0.5591
9833 7 67 0.4724
9833 7 70 0.4724
9833 7 72 0.5591
9849 45 72 0.622
9864 7 65 0.4409
9864 7 69 0.4409
9879 7 65 0.4409
9879 7 69 0.4409
9894 30 74 0.5276
9909 7 65 0.3701
9909 7 70 0.3701
9925 15 65 0.4094
9925 15 70 0.4094
9925 15 74 0.4882
9940 45 77 0.622
9955 7 67 0.4409
9955 7 70 0.4409
9970 7 67 0.4409
9970 7 70 0.4409
9985 30 75 0.5276
10001 7 65 0.3701
10001 7 69 0.3701
10016 15 72 0.3858
10016 15 69 0.3228
10016 15 65 0.3228
10031 45 70 0.4803
10046 7 65 0.3858
10061 7 65 0.3858
10107 7 65 0.3701
10122 15 60 0.4331
10122 15 65 0.4331
10137 15 63 0.3937
10137 15 53 0.3937
10152 7 65 0.3937
10152 7 60 0.3937
10168 15 60 0.4488
10168 15 65 0.4488
10183 15 63 0.4252
10183 15 53 0.4252
10198 7 65 0.4252
10198 7 60 0.4252
10213 15 58 0.4724
10213 15 65 0.4724
10228 15 62 0.4331
10228 15 53 0.4331
10244 7 65 0.4409
10244 7 58 0.4409
10259 15 58 0.5039
10259 15 65 0.5039
10274 15 62 0.4646
10274 15 53 0.4646
10289 7 65 0.4724
10289 7 58 0.4724
10304 15 60 0.5197
10304 15 65 0.5197
10320 15 63 0.4803
10320 15 53 0.4803
10335 7 65 0.4803
10335 7 60 0.4803
10350 15 60 0.5433
10350 15 65 0.5433
10365 15 63 0.5039
10365 15 53 0.5039
10380 7 65 0.5197
10380 7 60 0.5197
10396 15 58 0.5748
10396 15 65 0.5748
10411 15 62 0.5197
10411 15 53 0.5197
10426 7 65 0.5276
10426 7 58 0.5276
10441 15 58 0.5984
10441 15 65 0.5984
10456 15 62 0.5591
10456 15 53 0.5591
10472 7 65 0.5591
10472 7 58 0.5591
10487 45 65 0.6929
10487 45 60 0.5827
10532 45 70 0.7165
10532 45 58 0.6063
10578 45 69 0.7402
10578 45 57 0.622
10624 45 74 0.7638
10624 45 62 0.6457
10669 45 72 0.7874
10669 45 60 0.6693
10715 60 75 0.811
10715 60 63 0.685
10776 11 74 0.6772
10776 11 63 0.5748
10791 11 72 0.6772
10791 11 63 0.5748
10806 11 63 0.622
10806 11 72 0.7323
10821 11 70 0.6929
10821 11 63 0.5827
10836 11 69 0.6929
10836 11 63 0.5827
10852 11 63 0.622
10852 11 69 0.7323
10867 11 67 0.6772
10867 11 63 0.5748
10882 11 65 0.6772
10882 11 63 0.5748
10897 11 60 0.622
10897 11 65 0.7323
10912 11 64 0.6772
10912 11 60 0.5748
10928 11 63 0.6772
10928 11 60 0.5748
10943 11 57 0.622
10943 11 63 0.7323
10958 11 62 0.6929
10958 11 57 0.5827
10973 11 60 0.6772
10973 11 57 0.5748
10988 11 57 0.622
10988 11 60 0.7323
11004 11 58 0.6693
11019 11 57 0.6693
11034 22 58 0.7323
11080 22 53 0.622
11080 22 58 0.622
11080 22 62 0.7323
11125 22 58 0.622
11125 22 62 0.622
11125 22 65 0.7323
11171 22 62 0.622
11171 22 65 0.622
11171 22 70 0.7323
11216 30 62 0.622
11216 30 65 0.622
11216 30 70 0.622
11216 30 74 0.7323
11308 30 65 0.622
11308 30 70 0.622
11308 30 77 0.7323
11399 30 74 0.7795
11399 30 82 0.9134
83 37 46 0.2756
91 30 61 0.315
129 37 46 0.2756
136 30 61 0.315
174 37 46 0.2756
182 30 61 0.315
220 37 46 0.2756
227 30 61 0.315
265 37 46 0.2756
273 30 61 0.315
311 37 46 0.2756
319 30 61 0.315
357 37 46 0.2756
364 30 61 0.315
402 37 46 0.2756
410 30 61 0.315
455 15 45 0.3858
471 7 53 0.315
486 7 53 0.3307
501 15 41 0.3307
516 7 53 0.3701
531 7 53 0.3937
547 15 46 0.4252
562 7 53 0.3386
577 7 53 0.3622
592 15 39 0.4567
607 7 54 0.378
623 7 54 0.378
638 15 41 0.4724
653 7 53 0.3858
668 7 53 0.3622
683 7 53 0.4331
699 7 53 0.3622
714 7 53 0.3622
729 15 53 0.4409
744 15 54 0.3622
759 7 53 0.378
775 7 53 0.4094
790 7 53 0.3622
805 7 53 0.315
813 37 46 0.2756
820 30 61 0.315
858 37 46 0.2835
866 30 61 0.3228
904 37 46 0.2913
911 30 61 0.3307
949 37 46 0.3465
957 30 61 0.4173
1003 45 51 0.5433
1018 7 58 0.3858
1033 7 58 0.3622
1048 30 53 0.4724
1048 7 58 0.4331
1063 7 58 0.3622
1079 15 54 0.4724
1079 7 58 0.3622
1094 22 56 0.4724
1109 13 56 0.3858
1124 7 56 0.3622
1139 32 54 0.4724
1139 7 56 0.4331
1155 7 56 0.3622
1170 7 56 0.3622
1185 91 53 0.3858
1185 91 56 0.4409
1231 30 61 0.4331
1261 11 60 0.4094
1276 91 54 0.3858
1276 30 60 0.4331
1307 11 58 0.4094
1322 30 61 0.4331
1352 11 58 0.4094
1367 91 49 0.3858
1367 30 58 0.4331
1398 11 56 0.4094
1413 30 61 0.4331
1443 11 56 0.4094
1459 91 44 0.3228
1459 91 56 0.3858
1550 91 37 0.3228
1641 15 53 0.3386
1656 15 54 0.3228
1671 15 53 0.2992
1687 15 51 0.3228
1702 15 49 0.2992
1717 7 48 0.2992
1725 37 46 0.2756
1732 30 61 0.315
1770 37 46 0.2756
1778 30 61 0.315
1816 37 46 0.2756
1823 30 61 0.315
1861 37 46 0.2756
1869 30 61 0.315
1907 37 46 0.2756
1915 30 61 0.315
1953 37 46 0.2756
1960 30 61 0.315
1998 37 46 0.2756
2006 30 61 0.315
2044 37 46 0.2756
2051 30 61 0.315
2097 15 45 0.3858
2112 7 53 0.315
2127 7 53 0.3307
2143 15 41 0.3307
2158 7 53 0.3701
2173 7 53 0.3937
2188 15 46 0.4252
2203 7 53 0.3386
2219 7 53 0.3622
2234 15 39 0.4567
2249 7 54 0.378
2264 7 54 0.378
2279 15 41 0.4724
2295 7 53 0.3858
2310 7 53 0.3622
2325 7 53 0.4331
2340 7 53 0.3622
2355 7 53 0.3622
2371 15 53 0.4409
2386 15 54 0.3622
2401 7 53 0.378
2416 7 53 0.4094
2431 7 53 0.3622
2447 7 53 0.315
2454 37 46 0.2756
2462 30 61 0.315
2500 37 46 0.2835
2507 30 61 0.3228
2545 37 46 0.2913
2553 30 61 0.3307
2591 37 46 0.3465
2599 30 61 0.4173
2644 45 51 0.5433
2659 7 58 0.3858
2675 7 58 0.3622
2690 30 53 0.4724
2690 7 58 0.4331
2705 7 58 0.3622
2720 15 54 0.4724
2720 7 58 0.3622
2735 22 56 0.4724
2751 13 56 0.3858
2766 7 56 0.3622
2781 32 54 0.4724
2781 7 56 0.4331
2796 7 56 0.3622
2811 7 56 0.3622
2827 91 53 0.3858
2827 91 56 0.4409
2872 30 61 0.4331
2903 11 60 0.4094
2918 91 54 0.3858
2918 30 60 0.4331
2948 11 58 0.4094
2963 30 61 0.4331
2994 11 58 0.4094
3009 91 49 0.3858
3009 30 58 0.4331
3039 11 56 0.4094
3055 30 61 0.4331
3085 11 56 0.4094
3100 91 44 0.3228
3100 91 56 0.3858
3191 91 37 0.3228
3283 15 53 0.3386
3298 15 54 0.3228
3313 15 53 0.2992
3328 15 51 0.3228
3343 15 49 0.2992
3359 15 47 0.2992
3374 30 46 0.315
3419 30 46 0.315
3465 30 39 0.3858
3480 7 46 0.3071
3495 7 46 0.2992
3510 30 42 0.3543
3510 7 46 0.3543
3526 7 46 0.3307
3541 7 46 0.3307
3556 30 46 0.315
3602 30 46 0.315
3647 30 39 0.3858
3662 7 46 0.3071
3678 7 46 0.2992
3693 7 48 0.3543
3708 7 48 0.3307
3723 7 48 0.378
3738 30 41 0.3071
3738 30 49 0.3622
3784 30 37 0.3071
3784 30 49 0.3622
3830 30 42 0.4567
3845 7 49 0.3543
3860 7 49 0.3543
3875 30 46 0.4567
3875 7 49 0.4173
3890 7 49 0.3937
3906 7 49 0.4567
3921 30 41 0.3701
3921 30 49 0.4331
3966 30 37 0.3937
3966 30 49 0.4567
4012 30 42 0.6063
4027 7 50 0.4803
4042 7 50 0.4803
4058 7 51 0.5827
4073 7 51 0.5591
4088 7 51 0.5591
4103 15 45 0.7008
4118 7 53 0.5512
4134 7 53 0.5276
4149 15 41 0.6299
4164 7 53 0.5512
4179 7 53 0.5591
4194 15 46 0.6929
4210 7 53 0.5748
4225 7 53 0.5669
4240 15 41 0.6457
4255 7 53 0.5591
4270 7 53 0.5591
4286 15 45 0.7008
4301 7 53 0.5512
4316 7 53 0.5276
4331 15 41 0.6299
4346 7 53 0.5512
4362 7 53 0.5591
4377 15 46 0.6929
4392 7 53 0.5748
4407 7 53 0.5669
4422 15 41 0.6457
4438 7 53 0.5591
4453 7 53 0.5591
4468 15 45 0.7008
4483 7 53 0.5354
4498 7 53 0.5039
4514 15 41 0.5906
4529 7 53 0.5039
4544 7 53 0.4961
4559 136 46 0.6063
4696 45 48 0.4567
4742 91 41 0.4094
4833 15 53 0.3386
4848 15 54 0.3228
4863 15 53 0.2992
4878 15 51 0.3228
4894 15 49 0.2992
4909 15 48 0.2992
4924 30 61 0.315
4962 37 46 0.2756
4970 30 61 0.315
5008 37 46 0.2756
5015 30 61 0.315
5053 37 46 0.2756
5061 30 61 0.315
5099 37 46 0.2756
5106 30 61 0.315
5144 37 46 0.2756
5152 30 61 0.315
5190 37 46 0.2756
5198 30 61 0.315
5236 37 46 0.2756
5243 30 61 0.315
5289 15 45 0.3858
5304 7 53 0.315
5319 7 53 0.3307
5334 15 41 0.3307
5350 7 53 0.3701
5365 7 53 0.3937
5380 15 46 0.4252
5395 7 53 0.3386
5410 7 53 0.3622
5426 15 39 0.4567
5441 7 54 0.378
5456 7 54 0.378
5471 15 41 0.4724
5486 7 53 0.3858
5502 7 53 0.3622
5517 7 53 0.4331
5532 7 53 0.3622
5547 7 53 0.3622
5562 15 53 0.4409
5578 15 54 0.3622
5593 7 53 0.378
5608 7 53 0.4094
5623 7 53 0.3622
5638 7 53 0.315
5646 37 46 0.2756
5654 30 61 0.315
5692 37 46 0.2835
5699 30 61 0.3228
5737 37 46 0.2913
5745 30 61 0.3307
5783 37 46 0.3465
5790 30 61 0.4173
5836 45 62 0.5433
5836 182 51 0.5433
5851 7 59 0.3858
5866 7 59 0.3622
5882 7 59 0.4331
5897 7 59 0.3622
5912 7 59 0.3622
5927 45 62 0.4724
5942 7 58 0.3858
5958 7 58 0.3622
5973 45 63 0.4724
5973 7 58 0.4331
5988 7 58 0.3622
6003 7 58 0.3622
6018 182 54 0.3858
6018 91 58 0.4409
6064 30 63 0.4331
6094 11 61 0.4094
6110 30 61 0.4331
6140 11 60 0.4094
6155 30 63 0.4331
6186 11 60 0.4094
6201 91 53 0.3858
6201 30 60 0.4331
6231 11 58 0.4094
6246 75 61 0.4331
6292 91 41 0.3228
6322 7 60 0.4094
6383 91 46 0.3228
6474 15 53 0.3386
6490 15 54 0.3228
6505 15 53 0.2992
6520 15 51 0.3228
6535 15 49 0.2992
6550 15 48 0.2992
6566 30 46 0.315
6611 30 46 0.315
6657 30 39 0.3858
6672 7 46 0.3071
6687 7 46 0.2992
6702 30 42 0.3543
6702 7 46 0.3543
6718 7 46 0.3307
6733 7 46 0.3307
6748 30 46 0.315
6793 30 46 0.315
6839 30 39 0.3858
6854 7 46 0.3071
6869 7 46 0.2992
6885 7 48 0.3543
6900 7 48 0.3307
6915 7 48 0.378
6930 30 41 0.3071
6930 30 49 0.3622
6976 30 37 0.3071
6976 30 49 0.3622
7021 30 42 0.4567
7037 7 49 0.3543
7052 7 49 0.3543
7067 30 46 0.4646
7067 7 49 0.4252
7082 7 49 0.3937
7097 7 49 0.4567
7113 30 41 0.3701
7113 30 49 0.4331
7158 30 37 0.3937
7158 30 49 0.4567
7204 30 42 0.6063
7219 7 50 0.4803
7234 7 50 0.4803
7249 7 51 0.5827
7265 7 51 0.5591
7280 7 51 0.5591
7295 15 45 0.7008
7310 7 53 0.5512
7325 7 53 0.5276
7341 15 41 0.6299
7356 7 53 0.5512
7371 7 53 0.5591
7386 15 46 0.6929
7401 7 53 0.5748
7417 7 53 0.5669
7432 15 41 0.6457
7447 7 53 0.5591
7462 7 53 0.5591
7477 15 45 0.7008
7493 7 53 0.5512
7508 7 53 0.5276
7523 15 41 0.6299
7538 7 53 0.5512
7553 7 53 0.5591
7569 15 46 0.6929
7584 7 53 0.5748
7599 7 53 0.5669
7614 15 41 0.6457
7629 7 53 0.5591
7645 7 53 0.5591
7660 15 45 0.7008
7675 7 53 0.5354
7690 7 53 0.5039
7705 15 41 0.5906
7721 7 53 0.5039
7736 7 53 0.4961
7751 136 46 0.6063
7888 45 48 0.4567
7933 91 41 0.4094
8025 15 53 0.3386
8040 15 54 0.3228
8055 15 53 0.2992
8070 15 51 0.3228
8085 15 49 0.2992
8101 7 48 0.2992
8108 37 46 0.2756
8116 30 61 0.315
8154 37 46 0.2756
8161 30 61 0.315
8199 37 46 0.2756
8207 30 61 0.315
8245 37 46 0.2756
8253 30 61 0.315
8291 37 46 0.2756
8298 30 61 0.315
8336 37 46 0.2756
8344 30 61 0.315
8382 37 46 0.2756
8389 30 61 0.315
8427 37 46 0.2756
8435 30 61 0.315
8481 15 45 0.3858
8496 7 53 0.315
8511 7 53 0.3307
8526 15 41 0.3307
8541 7 53 0.3701
8557 7 53 0.3937
8572 15 46 0.4252
8587 7 53 0.3386
8602 7 53 0.3622
8617 15 39 0.4567
8633 7 54 0.378
8648 7 54 0.378
8663 15 41 0.4724
8678 7 53 0.3858
8693 7 53 0.3622
8709 7 53 0.4331
8724 7 53 0.3622
8739 7 53 0.3622
8754 15 53 0.4409
8769 15 54 0.3622
8785 7 53 0.378
8800 7 53 0.4094
8815 7 53 0.3622
8830 7 53 0.315
8845 15 50 0.3858
8861 7 58 0.3071
8876 7 58 0.3071
8891 7 46 0.378
8906 7 58 0.315
8921 7 58 0.315
8937 15 51 0.3858
8952 7 58 0.3071
8967 7 58 0.3071
8982 7 46 0.378
8997 7 58 0.315
9013 7 58 0.315
9028 15 50 0.4961
9043 7 58 0.3937
9058 7 58 0.3937
9073 7 46 0.4882
9089 7 58 0.4094
9104 7 58 0.4094
9119 15 51 0.4961
9134 7 58 0.3937
9149 7 58 0.3937
9165 7 58 0.4882
9180 7 58 0.4094
9195 7 58 0.4094
9210 7 60 0.5118
9210 7 58 0.4331
9210 7 52 0.4331
9225 7 52 0.3465
9225 7 58 0.3465
9225 7 60 0.4094
9241 7 52 0.3465
9241 7 58 0.3465
9241 7 60 0.4094
9256 7 60 0.4646
9256 7 58 0.3937
9256 7 52 0.3937
9271 7 52 0.3465
9271 7 58 0.3465
9271 7 60 0.4094
9286 7 52 0.3465
9286 7 58 0.3465
9286 7 60 0.4094
9301 15 51 0.5118
9317 7 53 0.2913
9317 7 57 0.2913
9317 7 60 0.4094
9332 7 53 0.2913
9332 7 57 0.2913
9332 7 60 0.4094
9347 15 50 0.4646
9362 7 53 0.2913
9362 7 58 0.4094
9377 7 53 0.2913
9377 7 58 0.4094
9393 15 48 0.5118
9408 7 55 0.2913
9408 7 58 0.2913
9408 7 60 0.4094
9423 7 55 0.2913
9423 7 58 0.2913
9423 7 60 0.4094
9438 15 51 0.4646
9453 7 57 0.2913
9453 7 53 0.2913
9453 7 60 0.4094
9469 7 57 0.2913
9469 7 53 0.2913
9469 7 60 0.4094
9484 15 50 0.4803
9499 7 58 0.4173
9499 7 62 0.4173
9514 7 62 0.4094
9514 7 58 0.4094
9529 7 58 0.4724
9529 7 62 0.4724
9545 7 62 0.4331
9545 7 58 0.4331
9560 7 62 0.4409
9560 7 58 0.4409
9575 15 62 0.5276
9575 15 58 0.5039
9590 7 58 0.4567
9590 7 62 0.4567
9605 7 62 0.4488
9605 7 58 0.4488
9621 7 58 0.5197
9621 7 62 0.5197
9636 7 62 0.4724
9636 7 58 0.4724
9651 7 62 0.4803
9651 7 58 0.4803
9666 15 51 0.5512
9666 15 61 0.5748
9666 15 58 0.5512
9681 7 51 0.4882
9681 7 58 0.4882
9681 7 61 0.4882
9697 7 51 0.4803
9697 7 61 0.4803
9697 7 58 0.4803
9712 7 51 0.5354
9712 7 58 0.5354
9712 7 61 0.5354
9727 7 51 0.4882
9727 7 61 0.4882
9727 7 58 0.4882
9742 7 51 0.4882
9742 7 61 0.4882
9742 7 58 0.4882
9757 7 60 0.5118
9757 7 58 0.4331
9757 7 52 0.4331
9773 7 52 0.3465
9773 7 58 0.3465
9773 7 60 0.4094
9788 7 52 0.3465
9788 7 58 0.3465
9788 7 60 0.4094
9803 7 60 0.4646
9803 7 58 0.3937
9803 7 52 0.3937
9818 7 52 0.3465
9818 7 58 0.3465
9818 7 60 0.4094
9833 7 52 0.3465
9833 7 58 0.3465
9833 7 60 0.4094
9849 15 51 0.5118
9864 7 53 0.2441
9864 7 57 0.2441
9864 7 60 0.3465
9879 7 53 0.2441
9879 7 57 0.2441
9879 7 60 0.3465
9894 15 50 0.4646
9909 7 53 0.2913
9909 7 58 0.4094
9925 7 53 0.2913
9925 7 58 0.4094
9940 15 48 0.5118
9955 7 55 0.2441
9955 7 58 0.2441
9955 7 60 0.3465
9970 7 55 0.2441
9970 7 58 0.2441
9970 7 60 0.3465
9985 15 53 0.4646
10001 7 60 0.2441
10001 7 57 0.2441
10001 7 63 0.3465
10016 7 63 0.3307
10016 7 57 0.2756
10016 7 60 0.2756
10031 15 58 0.4173
10046 7 62 0.3543
10061 7 62 0.3543
10077 15 50 0.4173
10092 7 53 0.3543
10107 7 53 0.3858
10122 30 45 0.4331
10168 30 29 0.3543
10168 30 41 0.3543
10213 30 34 0.4646
10213 30 46 0.4646
10259 30 38 0.3937
10259 30 50 0.3937
10304 30 33 0.5197
10304 30 45 0.5197
10350 30 29 0.4331
10350 30 41 0.4331
10396 30 34 0.5748
10396 30 46 0.5748
10441 30 38 0.4803
10441 30 50 0.4803
10487 15 45 0.5512
10502 7 51 0.4724
10502 7 53 0.4724
10517 7 53 0.4646
10517 7 51 0.4646
10532 15 50 0.5906
10548 7 53 0.4961
10548 7 51 0.4961
10563 7 53 0.5276
10563 7 51 0.5276
10578 15 48 0.5906
10593 7 51 0.5039
10593 7 53 0.5039
10608 7 53 0.5039
10608 7 51 0.5039
10624 15 50 0.6378
10639 7 53 0.5354
10639 7 51 0.5354
10654 7 53 0.5669
10654 7 51 0.5669
10669 15 45 0.6378
10684 7 51 0.5433
10684 7 53 0.5433
10700 7 53 0.5433
10700 7 51 0.5433
10715 15 43 0.6772
10730 7 55 0.5669
10730 7 51 0.5669
10745 7 55 0.5827
10745 7 51 0.5827
10760 15 41 0.622
10776 11 57 0.6142
10776 11 51 0.5197
10776 11 48 0.5197
10791 11 57 0.6142
10791 11 51 0.5197
10791 11 48 0.5197
10806 11 48 0.5748
10806 11 51 0.5748
10806 11 57 0.6772
10821 11 57 0.622
10821 11 51 0.5276
10821 11 48 0.5276
10836 11 57 0.622
10836 11 51 0.5276
10836 11 48 0.5276
10852 11 48 0.5748
10852 11 51 0.5748
10852 11 57 0.6772
10867 11 57 0.6299
10867 11 51 0.5354
10867 11 48 0.5354
10882 11 57 0.6299
10882 11 51 0.5354
10882 11 48 0.5354
10897 11 48 0.5748
10897 11 51 0.5748
10897 11 57 0.6772
10912 11 57 0.6378
10912 11 51 0.5354
10912 11 48 0.5354
10928 11 57 0.6378
10928 11 51 0.5354
10928 11 48 0.5354
10943 11 41 0.5748
10943 11 51 0.6772
10958 11 51 0.6378
10958 11 41 0.5354
10973 11 51 0.6457
10973 11 41 0.5433
10988 11 41 0.5748
10988 11 51 0.6772
11004 11 51 0.6378
11004 11 41 0.5354
11019 11 51 0.6378
11019 11 41 0.5354
11034 22 46 0.5748
11034 22 50 0.6772
11080 22 46 0.5748
11080 22 50 0.6772
11125 22 46 0.5748
11125 22 50 0.6772
11171 22 46 0.5748
11171 22 53 0.5748
11171 22 58 0.6772
11216 30 46 0.5748
11216 30 53 0.5748
11216 30 58 0.6772
11308 30 53 0.5748
11308 30 58 0.5748
11308 30 62 0.6772
11399 30 34 0.8425
