0 61 71 0.3858
30 30 64 0.2756
30 30 67 0.2756
61 30 63 0.2283
61 30 66 0.2283
61 46 71 0.3858
92 30 62 0.2756
92 30 65 0.2677
107 15 71 0.315
123 92 61 0.2598
123 30 71 0.3858
123 92 64 0.2598
153 30 70 0.3622
184 30 76 0.378
215 61 69 0.2598
215 30 60 0.2598
215 30 63 0.2598
215 30 75 0.3701
246 30 74 0.3858
246 61 59 0.3228
246 61 62 0.3228
276 30 67 0.3307
307 30 66 0.2677
307 46 72 0.3701
307 46 62 0.3071
307 46 57 0.3071
338 30 67 0.3071
353 15 71 0.3543
353 15 62 0.2677
353 15 55 0.2677
369 61 67 0.3622
369 61 71 0.3622
369 61 62 0.2992
369 30 55 0.2992
400 30 59 0.3071
430 61 69 0.3543
430 61 66 0.3543
430 61 62 0.315
461 153 50 0.2992
492 61 62 0.4803
523 30 79 0.3622
523 30 71 0.3622
523 30 74 0.3622
553 30 78 0.378
553 30 69 0.378
553 30 74 0.378
553 46 62 0.4724
584 30 76 0.3937
584 30 67 0.3937
584 30 73 0.3937
600 15 62 0.4409
615 153 74 0.4409
615 153 66 0.4409
615 153 69 0.4409
615 30 62 0.4724
646 30 60 0.4409
676 30 64 0.4567
707 30 62 0.4331
738 30 60 0.4488
769 30 67 0.3543
769 30 74 0.3543
769 30 59 0.4016
769 30 62 0.4016
800 30 66 0.3307
800 46 72 0.3307
800 46 57 0.4331
800 46 62 0.4331
830 30 67 0.3228
846 15 71 0.3228
846 15 55 0.3543
846 15 62 0.3543
861 61 67 0.3465
861 61 71 0.3465
861 30 55 0.3937
861 61 62 0.3937
892 30 59 0.2756
923 61 69 0.315
923 61 66 0.315
923 61 62 0.2992
953 30 50 0.2598
984 61 71 0.3858
1015 30 64 0.2756
1015 30 67 0.2756
1046 30 63 0.2283
1046 30 66 0.2283
1046 46 71 0.3858
1076 30 62 0.2756
1076 30 65 0.2677
1092 15 71 0.315
1107 92 61 0.2598
1107 92 64 0.2598
1107 30 71 0.3858
1138 30 70 0.3622
1169 30 76 0.378
1200 30 60 0.2598
1200 30 63 0.2598
1200 61 69 0.2598
1200 30 75 0.3701
1230 30 74 0.3858
1230 61 62 0.3228
1230 61 59 0.3228
1261 30 67 0.3307
1292 30 66 0.2677
1292 46 72 0.3701
1292 46 57 0.3071
1292 46 62 0.3071
1323 30 67 0.3071
1338 15 71 0.3543
1338 15 55 0.2677
1338 15 62 0.2677
1353 61 67 0.3622
1353 61 71 0.3622
1353 30 55 0.2992
1353 61 62 0.2992
1384 30 59 0.3071
1415 61 66 0.3543
1415 61 69 0.3543
1415 61 62 0.315
1446 153 50 0.2992
1476 61 62 0.4803
1507 30 71 0.3622
1507 30 74 0.3622
1507 30 79 0.3622
1538 30 69 0.378
1538 30 74 0.378
1538 30 78 0.378
1538 46 62 0.4724
1569 30 67 0.3937
1569 30 73 0.3937
1569 30 76 0.3937
1584 15 62 0.4409
1600 153 66 0.4409
1600 153 69 0.4409
1600 153 74 0.4409
1600 30 62 0.4724
1630 30 60 0.4409
1661 30 64 0.4567
1692 30 62 0.4331
1723 30 60 0.4488
1753 30 67 0.3543
1753 30 74 0.3543
1753 30 59 0.4016
1753 30 62 0.4016
1784 46 72 0.3307
1784 30 66 0.3307
1784 46 57 0.4331
1784 46 62 0.4331
1815 30 67 0.3228
1830 15 71 0.3228
1830 15 55 0.3543
1830 15 62 0.3543
1846 61 67 0.3465
1846 61 71 0.3465
1846 30 55 0.3937
1846 61 62 0.3937
1876 30 59 0.2756
1907 61 66 0.315
1907 61 69 0.315
1907 61 62 0.2992
1938 30 50 0.2598
1969 30 52 0.2756
1984 15 59 0.2047
1984 15 64 0.2047
1984 15 67 0.2047
2000 15 54 0.252
2015 15 59 0.2205
2015 15 64 0.2205
2015 15 67 0.2205
2015 15 55 0.252
2030 30 57 0.2756
2046 15 66 0.2441
2046 15 64 0.2441
2046 15 60 0.2441
2061 30 45 0.252
2076 15 66 0.2047
2076 15 64 0.2047
2076 15 60 0.2047
2092 30 47 0.2756
2107 15 59 0.2047
2107 15 63 0.2047
2107 15 66 0.2047
2123 30 35 0.252
2138 15 59 0.2126
2138 15 63 0.2126
2138 15 66 0.2126
2153 30 40 0.3228
2169 15 59 0.2441
2169 15 64 0.2441
2169 15 67 0.2441
2184 30 43 0.3858
2200 15 55 0.3071
2200 15 59 0.3071
2200 15 62 0.3071
2215 30 48 0.3622
2230 15 55 0.2362
2230 15 60 0.2362
2230 15 64 0.2362
2246 15 50 0.3228
2261 15 55 0.2441
2261 15 60 0.2441
2261 15 64 0.2441
2261 15 52 0.3228
2276 30 53 0.3543
2292 15 57 0.252
2292 15 60 0.252
2292 15 62 0.252
2307 30 41 0.315
2323 15 57 0.2205
2323 15 60 0.2205
2323 15 62 0.2205
2338 30 43 0.3465
2353 15 55 0.2441
2353 15 59 0.2441
2353 15 62 0.2441
2369 30 31 0.315
2384 15 55 0.252
2384 15 59 0.252
2384 15 62 0.252
2400 30 36 0.378
2415 46 55 0.3228
2415 46 60 0.3228
2415 46 64 0.3228
2430 30 35 0.4094
2461 30 52 0.3465
2476 15 59 0.2283
2476 15 64 0.2283
2476 15 67 0.2283
2492 15 54 0.3228
2507 15 59 0.2598
2507 15 64 0.2598
2507 15 67 0.2598
2507 15 55 0.3622
2523 30 57 0.4016
2538 15 66 0.2835
2538 15 64 0.2835
2538 15 60 0.2835
2553 30 45 0.3228
2569 15 66 0.2205
2569 15 64 0.2205
2569 15 60 0.2205
2584 30 47 0.3858
2600 15 59 0.2205
2600 15 63 0.2205
2600 15 66 0.2205
2615 30 35 0.315
2630 15 59 0.2283
2630 15 63 0.2283
2630 15 66 0.2283
2646 30 40 0.378
2661 15 59 0.2677
2661 15 64 0.2677
2661 15 67 0.2677
2676 30 43 0.4173
2692 15 55 0.3307
2692 15 59 0.3307
2692 15 62 0.3307
2707 30 48 0.4173
2723 15 55 0.252
2723 15 60 0.252
2723 15 64 0.252
2738 15 50 0.3701
2753 15 55 0.2677
2753 15 60 0.2677
2753 15 64 0.2677
2753 15 52 0.3937
2769 30 53 0.4094
2784 15 57 0.2835
2784 15 60 0.2835
2784 15 62 0.2835
2800 30 41 0.4094
2815 15 57 0.2441
2815 15 60 0.2441
2815 15 62 0.2441
2830 30 43 0.4331
2846 15 55 0.2756
2846 15 59 0.2756
2846 15 62 0.2756
2861 30 31 0.3937
2876 15 55 0.3071
2876 15 59 0.3071
2876 15 62 0.3071
2892 30 36 0.4173
2907 42 55 0.3858
2907 42 60 0.3858
2907 42 64 0.3858
2923 26 35 0.4882
2953 61 71 0.3858
2984 30 64 0.2756
2984 30 67 0.2756
3015 30 63 0.2283
3015 30 66 0.2283
3015 46 71 0.3858
3046 30 62 0.2756
3046 30 65 0.2677
3061 15 71 0.315
3076 92 61 0.2598
3076 92 64 0.2598
3076 30 71 0.3858
3107 61 70 0.3622
3138 30 76 0.378
3169 30 60 0.2598
3169 30 63 0.2598
3169 61 69 0.2598
3169 30 75 0.3701
3200 30 74 0.3858
3200 61 62 0.3228
3200 61 59 0.3228
3230 30 67 0.3307
3261 30 66 0.2677
3261 46 72 0.3701
3261 46 57 0.3071
3261 46 62 0.3071
3292 30 67 0.3071
3307 15 71 0.3543
3307 15 55 0.2677
3307 15 62 0.2677
3323 61 67 0.3622
3323 61 71 0.3622
3323 30 55 0.2992
3323 61 62 0.2992
3353 30 59 0.3071
3384 61 66 0.3543
3384 61 69 0.3543
3384 61 62 0.315
3415 153 50 0.2992
3446 61 62 0.4803
3476 30 71 0.3622
3476 30 74 0.3622
3476 30 79 0.3622
3507 30 69 0.378
3507 30 74 0.378
3507 30 78 0.378
3507 46 62 0.4724
3538 30 67 0.3937
3538 30 73 0.3937
3538 30 76 0.3937
3553 15 62 0.4409
3569 153 66 0.4409
3569 153 69 0.4409
3569 153 74 0.4409
3569 30 62 0.4724
3600 30 60 0.4409
3630 30 64 0.4567
3661 30 62 0.4331
3692 30 60 0.4488
3723 30 67 0.3543
3723 30 74 0.3543
3723 30 59 0.4016
3723 30 62 0.4016
3753 46 72 0.3307
3753 30 66 0.3307
3753 46 57 0.4331
3753 46 62 0.4331
3784 30 67 0.3228
3800 15 71 0.3228
3800 15 55 0.3543
3800 15 62 0.3543
3815 61 67 0.3465
3815 61 71 0.3465
3815 30 55 0.3937
3815 61 62 0.3937
3846 30 59 0.2756
3876 61 66 0.315
3876 61 69 0.315
3876 61 62 0.2992
3907 30 50 0.2598
3938 15 71 0.4646
3938 61 67 0.4646
3938 92 55 0.4646
3938 15 62 0.4646
3953 15 72 0.4173
3953 15 64 0.4173
3969 15 69 0.4173
3969 15 60 0.4173
3984 15 71 0.4173
3984 15 62 0.4173
4000 15 67 0.4646
4000 15 59 0.4646
4030 15 71 0.5039
4030 15 68 0.5039
4030 15 76 0.5039
4030 15 52 0.5039
4030 15 64 0.5039
4061 30 45 0.4646
4092 15 76 0.4882
4092 15 69 0.4882
4092 15 72 0.4882
4092 15 64 0.4882
4092 15 52 0.4882
4123 30 50 0.4646
4153 23 69 0.4882
4153 23 74 0.4882
4153 23 72 0.4882
4153 23 62 0.4882
4153 23 54 0.4882
4153 23 50 0.4882
4184 61 67 0.4646
4184 15 71 0.4646
4184 92 55 0.4646
4184 15 62 0.4646
4200 15 72 0.4173
4200 15 64 0.4094
4215 15 69 0.4173
4215 15 60 0.4094
4230 15 71 0.4173
4230 15 62 0.4094
4246 15 67 0.4646
4246 15 59 0.4646
4276 23 73 0.4961
4276 23 78 0.4961
4276 23 70 0.4961
4276 23 66 0.5197
4276 23 54 0.5197
4307 30 47 0.4646
4338 23 78 0.4882
4338 23 71 0.4882
4338 23 74 0.4882
4338 23 66 0.4882
4338 23 54 0.4882
4369 30 74 0.4961
4369 30 69 0.4961
4369 30 78 0.4961
4369 30 50 0.4882
4369 30 62 0.4882
4400 23 74 0.4646
4400 23 71 0.4646
4400 23 79 0.4646
4400 23 62 0.4646
4400 23 55 0.4646
4430 61 79 0.5512
4430 30 52 0.3622
4461 30 67 0.2913
4461 30 64 0.2913
4461 30 59 0.2913
4492 61 78 0.5197
4492 30 45 0.3622
4523 30 66 0.2913
4523 30 60 0.2913
4523 30 57 0.2913
4553 61 75 0.4646
4553 30 47 0.315
4584 30 63 0.2441
4584 30 54 0.2441
4584 30 57 0.2441
4615 61 76 0.378
4615 30 48 0.2835
4646 30 64 0.2205
4646 30 55 0.2205
4646 30 52 0.2205
4676 61 74 0.3937
4676 30 50 0.2992
4707 30 54 0.2126
4707 30 62 0.2126
4738 61 72 0.3543
4738 30 52 0.2913
4769 30 60 0.2126
4769 30 55 0.2126
4800 61 70 0.3307
4800 30 54 0.2677
4830 30 64 0.2047
4830 30 61 0.2047
4861 61 71 0.2992
4861 184 59 0.2283
4892 30 66 0.2126
4892 30 63 0.2126
4923 61 71 0.3858
4953 30 67 0.2756
4953 30 64 0.2756
4984 30 66 0.2283
4984 46 71 0.3858
4984 30 63 0.2283
5015 30 65 0.2677
5015 30 62 0.2756
5030 15 71 0.315
5046 92 61 0.2598
5046 30 71 0.3858
5046 92 64 0.2598
5076 30 70 0.3622
5107 30 76 0.378
5138 30 63 0.2598
5138 61 69 0.2598
5138 30 75 0.3701
5138 30 60 0.2598
5169 30 74 0.3858
5169 61 62 0.3228
5169 61 59 0.3228
5200 30 67 0.3307
5230 46 72 0.3701
5230 30 66 0.2677
5230 46 57 0.3071
5230 46 62 0.3071
5261 30 67 0.3071
5276 15 71 0.3543
5276 15 55 0.2677
5276 15 62 0.2677
5292 61 67 0.3622
5292 61 71 0.3622
5292 30 55 0.2992
5292 61 62 0.2992
5323 30 59 0.3071
5353 61 66 0.3543
5353 61 69 0.3543
5353 61 62 0.315
5384 153 50 0.2992
5415 61 62 0.4803
5446 30 79 0.3622
5446 30 71 0.3622
5446 30 74 0.3622
5476 30 74 0.378
5476 30 78 0.378
5476 30 69 0.378
5476 46 62 0.4724
5507 30 67 0.3937
5507 30 73 0.3937
5507 30 76 0.3937
5523 15 62 0.4409
5538 153 69 0.4409
5538 153 74 0.4409
5538 153 66 0.4409
5538 30 62 0.4724
5569 30 60 0.4409
5600 30 64 0.4567
5630 30 62 0.4331
5661 30 60 0.4488
5692 30 74 0.3543
5692 30 67 0.3543
5692 30 59 0.4016
5692 30 62 0.4016
5723 30 66 0.3307
5723 46 72 0.3307
5723 46 57 0.4331
5723 46 62 0.4331
5753 30 67 0.3228
5769 15 71 0.3228
5769 15 55 0.3543
5769 15 62 0.3543
5784 61 71 0.3465
5784 61 67 0.3465
5784 30 55 0.3937
5784 61 62 0.3937
5815 30 59 0.2756
5846 61 69 0.315
5846 61 66 0.315
5846 61 62 0.2992
5876 30 50 0.2598
5907 30 52 0.2756
5923 15 67 0.2047
5923 15 64 0.2047
5923 15 59 0.2047
5938 15 54 0.252
5953 15 59 0.2205
5953 15 67 0.2205
5953 15 64 0.2205
5953 15 55 0.252
5969 30 57 0.2756
5984 15 60 0.2441
5984 15 66 0.2441
5984 15 64 0.2441
6000 30 45 0.252
6015 15 66 0.2047
6015 15 64 0.2047
6015 15 60 0.2047
6030 30 47 0.2756
6046 15 66 0.2047
6046 15 63 0.2047
6046 15 59 0.2047
6061 30 35 0.252
6076 15 66 0.2126
6076 15 63 0.2126
6076 15 59 0.2126
6092 30 40 0.3228
6107 15 59 0.2441
6107 15 64 0.2441
6107 15 67 0.2441
6123 30 43 0.3858
6138 15 62 0.3071
6138 15 55 0.3071
6138 15 59 0.3071
6153 30 48 0.3622
6169 15 55 0.2362
6169 15 64 0.2362
6169 15 60 0.2362
6184 15 50 0.3228
6200 15 55 0.2441
6200 15 60 0.2441
6200 15 64 0.2441
6200 15 52 0.3228
6215 30 53 0.3543
6230 15 57 0.252
6230 15 60 0.252
6230 15 62 0.252
6246 30 41 0.315
6261 15 57 0.2205
6261 15 62 0.2205
6261 15 60 0.2205
6276 30 43 0.3465
6292 15 62 0.2441
6292 15 55 0.2441
6292 15 59 0.2441
6307 30 31 0.315
6323 15 59 0.252
6323 15 55 0.252
6323 15 62 0.252
6338 30 36 0.378
6353 46 64 0.3228
6353 46 55 0.3228
6353 46 60 0.3228
6369 30 35 0.4094
6400 30 52 0.3228
6415 15 59 0.2441
6415 15 67 0.2441
6415 15 64 0.2441
6430 15 54 0.3701
6446 15 64 0.2598
6446 15 59 0.2598
6446 15 67 0.2598
6446 15 55 0.3858
6461 30 57 0.4173
6476 15 60 0.2913
6476 15 66 0.2913
6476 15 64 0.2913
6492 30 45 0.3228
6507 15 64 0.2205
6507 15 66 0.2205
6507 15 60 0.2205
6523 30 47 0.3701
6538 15 59 0.2205
6538 15 63 0.2205
6538 15 66 0.2205
6553 30 35 0.315
6569 15 59 0.2283
6569 15 66 0.2283
6569 15 63 0.2283
6584 30 40 0.3622
6600 15 64 0.2677
6600 15 59 0.2677
6600 15 67 0.2677
6615 30 43 0.4173
6630 15 55 0.3307
6630 15 62 0.3307
6630 15 59 0.3307
6646 30 48 0.4646
6661 15 64 0.2756
6661 15 55 0.2756
6661 15 60 0.2756
6676 15 50 0.4016
6692 15 60 0.2756
6692 15 55 0.2756
6692 15 64 0.2756
6692 15 52 0.4331
6707 30 53 0.4646
6723 15 57 0.2913
6723 15 60 0.2913
6723 15 62 0.2913
6738 30 41 0.3858
6753 15 57 0.2441
6753 15 60 0.2441
6753 15 62 0.2441
6769 30 43 0.4409
6784 15 62 0.2756
6784 15 55 0.2756
6784 15 59 0.2756
6800 30 31 0.3937
6815 15 59 0.3071
6815 15 55 0.3071
6815 15 62 0.3071
6830 30 36 0.4409
6846 42 60 0.3858
6846 42 64 0.3858
6846 42 55 0.3858
6861 26 35 0.4882
6892 61 71 0.3858
6923 30 67 0.2756
6923 30 64 0.2756
6953 30 66 0.2283
6953 46 71 0.3858
6953 30 63 0.2283
6984 30 65 0.2677
6984 30 62 0.2756
7000 15 71 0.315
7015 92 61 0.2598
7015 30 71 0.3858
7015 92 64 0.2598
7046 61 70 0.3622
7076 30 76 0.378
7107 30 63 0.2598
7107 30 75 0.3701
7107 30 60 0.2598
7107 61 69 0.2598
7138 30 74 0.3858
7138 61 62 0.3228
7138 61 59 0.3228
7169 30 67 0.3307
7200 46 72 0.3701
7200 30 66 0.2677
7200 46 57 0.3071
7200 46 62 0.3071
7230 30 67 0.3071
7246 15 71 0.3543
7246 15 55 0.2677
7246 15 62 0.2677
7261 61 67 0.3622
7261 61 71 0.3622
7261 30 55 0.2992
7261 61 62 0.2992
7292 30 59 0.3071
7323 61 66 0.3543
7323 61 69 0.3543
7323 61 62 0.315
7353 153 50 0.2992
7384 61 62 0.4803
7415 30 79 0.3622
7415 30 71 0.3622
7415 30 74 0.3622
7446 30 69 0.378
7446 30 74 0.378
7446 30 78 0.378
7446 46 62 0.4724
7476 30 67 0.3937
7476 30 73 0.3937
7476 30 76 0.3937
7492 15 62 0.4409
7507 153 69 0.4409
7507 153 74 0.4409
7507 153 66 0.4409
7507 30 62 0.4724
7538 30 60 0.4409
7569 30 64 0.4567
7600 30 62 0.4331
7630 30 60 0.4488
7661 30 74 0.3543
7661 61 67 0.3543
7661 30 59 0.4016
7661 30 62 0.4016
7692 30 72 0.3307
7692 30 57 0.4331
7692 30 64 0.4331
7738 15 60 0.2913
7738 15 66 0.2913
7738 15 50 0.315
7738 15 57 0.315
7753 61 60 0.3228
7753 61 66 0.3228
7753 123 50 0.3543
7753 61 57 0.3543
7815 61 67 0.2835
7815 61 59 0.2835
7815 61 43 0.2835
