0 6 36 0.2205
6 433 48 0.2205
12 12 55 0.1969
24 12 60 0.2047
36 12 62 0.189
48 12 64 0.2283
61 12 55 0.2126
73 12 60 0.2126
85 12 64 0.2047
97 12 62 0.2441
109 12 53 0.2283
122 12 60 0.2362
134 12 62 0.2126
146 12 65 0.2677
158 12 57 0.2441
170 12 59 0.252
183 12 65 0.2362
195 12 64 0.2913
207 12 55 0.2677
219 12 60 0.2677
232 12 64 0.252
244 12 67 0.2913
256 12 59 0.2677
268 12 60 0.2677
280 12 67 0.252
293 12 65 0.2992
305 12 57 0.2756
317 12 60 0.2756
329 12 65 0.252
341 12 69 0.2992
354 12 59 0.2756
366 12 65 0.2756
378 12 69 0.252
390 12 67 0.3307
402 12 60 0.2835
415 12 64 0.2835
427 12 67 0.2362
439 18 72 0.3937
439 195 60 0.2756
451 12 64 0.2992
464 12 67 0.2992
476 12 72 0.252
488 18 74 0.4173
488 48 59 0.2283
500 12 64 0.3307
512 12 67 0.3307
525 12 74 0.2756
537 18 72 0.4094
537 48 57 0.2283
549 12 64 0.3228
561 12 67 0.3228
573 12 72 0.2992
586 18 71 0.3701
586 48 59 0.2283
598 12 64 0.2992
610 12 67 0.2992
622 12 71 0.2126
634 18 69 0.3701
634 48 60 0.2205
647 12 64 0.2756
659 12 67 0.2756
671 12 69 0.2126
683 18 67 0.3543
683 48 59 0.2205
696 12 60 0.2756
708 12 64 0.2756
720 12 67 0.2126
732 18 65 0.3622
732 48 57 0.2205
744 12 60 0.2756
757 12 64 0.2756
769 12 65 0.2126
781 35 64 0.3228
781 48 55 0.2283
793 12 59 0.252
805 12 60 0.252
818 12 64 0.2126
830 35 62 0.2756
830 48 53 0.2126
842 12 57 0.252
854 12 60 0.252
866 12 62 0.2126
879 35 67 0.3228
879 48 52 0.2126
891 12 59 0.252
903 12 64 0.252
915 12 67 0.2598
928 35 69 0.3701
928 48 57 0.2126
940 12 60 0.2913
952 12 64 0.252
964 12 69 0.2126
976 35 64 0.315
976 48 55 0.2283
989 12 57 0.252
1001 12 60 0.252
1013 12 64 0.2126
1025 35 62 0.3071
1025 48 53 0.2126
1037 12 57 0.252
1050 12 60 0.252
1062 12 62 0.2126
1074 35 60 0.2756
1074 48 52 0.2126
1086 12 55 0.252
1098 12 57 0.252
1111 12 60 0.2126
1123 35 59 0.2756
1123 48 50 0.2126
1135 12 53 0.252
1147 12 55 0.252
1160 12 59 0.2126
1172 195 41 0.1654
1184 12 48 0.1575
1196 12 50 0.1654
1208 12 52 0.1811
1221 12 53 0.2205
1233 12 57 0.2441
1245 12 60 0.2677
1257 12 62 0.2835
1269 12 64 0.3228
1282 12 62 0.3228
1294 12 60 0.2992
1306 12 57 0.2756
1318 12 53 0.252
1330 12 52 0.2362
1343 12 50 0.2047
1355 12 48 0.189
1367 195 41 0.1654
1379 12 48 0.1654
1392 12 50 0.1732
1404 12 52 0.1969
1416 12 53 0.2362
1428 12 57 0.2677
1440 12 60 0.2992
1453 12 62 0.3307
1465 12 64 0.378
1477 12 62 0.3228
1489 12 60 0.2992
1501 12 59 0.2756
1514 12 57 0.252
1526 12 52 0.2362
1538 12 50 0.2047
1550 12 48 0.189
1563 195 41 0.1654
1575 12 48 0.1654
1587 12 50 0.1732
1599 12 52 0.1969
1611 12 53 0.2362
1624 12 56 0.2677
1636 12 60 0.3071
1648 12 62 0.3307
1660 12 64 0.378
1672 12 62 0.3307
1685 12 60 0.315
1697 12 56 0.2835
1709 12 53 0.2598
1721 12 52 0.2362
1733 12 50 0.2047
1746 12 48 0.189
1758 195 41 0.1654
1770 12 48 0.1654
1782 12 50 0.1732
1795 12 52 0.1969
1807 12 53 0.2441
1819 12 56 0.2756
1831 12 60 0.3071
1843 12 62 0.3307
1856 12 64 0.378
1868 12 62 0.3228
1880 12 60 0.315
1892 12 58 0.2756
1904 12 56 0.2598
1917 12 52 0.2362
1929 12 50 0.2047
1941 12 48 0.189
1953 12 40 0.2205
1965 12 47 0.1811
1978 12 52 0.2047
1990 12 56 0.2047
2002 12 47 0.2756
2014 12 52 0.2362
2027 12 56 0.2441
2039 12 59 0.252
2051 12 52 0.3307
2063 12 56 0.3071
2075 12 59 0.3386
2088 12 64 0.3386
2100 12 56 0.3858
2112 12 59 0.315
2124 12 64 0.3701
2136 12 68 0.3701
2149 195 64 0.4803
2344 9 64 0.252
2356 12 69 0.252
2368 12 65 0.252
2381 12 62 0.2126
2393 9 64 0.2677
2405 12 65 0.252
2417 12 62 0.252
2429 12 59 0.2126
2442 9 64 0.2677
2454 12 69 0.252
2466 12 65 0.252
2478 12 62 0.2126
2491 9 64 0.2441
2503 12 65 0.2677
2515 12 62 0.2992
2527 12 59 0.2992
2539 9 67 0.4173
2552 12 72 0.3465
2564 12 69 0.2756
2576 12 65 0.2362
2588 9 64 0.2913
2600 12 69 0.2992
2613 12 65 0.252
2625 12 62 0.2126
2637 9 60 0.2598
2649 12 65 0.2441
2661 12 62 0.252
2674 12 59 0.2126
2686 9 57 0.2362
2698 12 62 0.2362
2710 12 59 0.252
2723 12 55 0.1969
2735 9 64 0.252
2747 12 69 0.252
2759 12 65 0.252
2771 12 62 0.2126
2784 9 64 0.2677
2796 12 65 0.252
2808 12 62 0.252
2820 12 59 0.2126
2832 9 64 0.2677
2845 12 69 0.252
2857 12 65 0.252
2869 12 62 0.2126
2881 9 64 0.2441
2894 12 65 0.2598
2906 12 62 0.2913
2918 12 59 0.2992
2930 9 67 0.378
2942 12 72 0.3386
2955 12 69 0.315
2967 12 65 0.2362
2979 9 64 0.2913
2991 12 69 0.315
3003 12 65 0.252
3016 12 62 0.2126
3028 9 60 0.2598
3040 12 65 0.2441
3052 12 62 0.252
3064 12 59 0.2126
3077 9 57 0.2362
3089 12 62 0.2362
3101 12 59 0.252
3113 12 55 0.1969
3126 9 53 0.252
3138 12 59 0.252
3150 12 56 0.252
3162 12 52 0.2126
3174 9 55 0.3622
3187 12 61 0.2992
3199 12 58 0.252
3211 12 54 0.2126
3223 9 53 0.252
3235 12 59 0.252
3248 12 56 0.252
3260 12 52 0.2126
3272 9 55 0.3622
3284 12 61 0.3071
3296 12 58 0.252
3309 12 54 0.2126
3321 9 53 0.252
3333 12 59 0.252
3345 12 56 0.252
3358 12 52 0.2126
3370 9 53 0.2677
3382 12 59 0.252
3394 12 56 0.252
3406 12 52 0.2126
3419 9 53 0.252
3431 12 59 0.252
3443 12 56 0.252
3455 12 52 0.2126
3467 9 53 0.2677
3480 12 59 0.2362
3492 12 56 0.252
3504 12 52 0.2126
3516 9 52 0.252
3528 12 57 0.252
3541 12 53 0.252
3553 12 50 0.2126
3565 9 55 0.3622
3577 12 60 0.3071
3590 12 56 0.252
3602 12 53 0.2126
3614 9 52 0.252
3626 12 57 0.252
3638 12 53 0.252
3651 12 50 0.2126
3663 9 55 0.3622
3675 12 60 0.2992
3687 12 56 0.252
3699 12 53 0.2126
3712 9 52 0.252
3724 12 57 0.252
3736 12 53 0.252
3748 12 50 0.2126
3760 9 52 0.2677
3773 12 57 0.252
3785 12 53 0.252
3797 12 50 0.2126
3809 9 52 0.252
3822 12 57 0.252
3834 12 53 0.252
3846 12 50 0.2126
3858 9 52 0.2677
3870 12 57 0.2362
3883 12 53 0.252
3895 12 50 0.2126
3907 9 52 0.2205
3919 12 59 0.2205
3931 12 56 0.2205
3944 12 50 0.1811
3956 9 52 0.2205
3968 12 59 0.2047
3980 12 56 0.2047
3992 12 50 0.1732
4005 9 52 0.1969
4017 12 59 0.1969
4029 12 56 0.189
4041 12 50 0.1575
4054 9 52 0.1969
4066 12 59 0.1732
4078 12 56 0.1811
4090 12 50 0.1496
4102 6 36 0.1811
4109 238 48 0.2362
4115 12 55 0.189
4127 12 60 0.189
4139 12 62 0.1654
4151 12 64 0.2205
4163 12 55 0.189
4176 12 60 0.189
4188 12 64 0.189
4200 12 62 0.2441
4212 12 53 0.2283
4225 12 60 0.2362
4237 12 62 0.2126
4249 12 65 0.2677
4261 12 57 0.2441
4273 12 59 0.252
4286 12 65 0.2362
4298 12 64 0.2913
4310 12 55 0.2677
4322 12 60 0.2677
4334 12 64 0.252
4347 12 67 0.2913
4347 48 45 0.2362
4359 12 59 0.2677
4371 12 60 0.2677
4383 12 67 0.252
4395 12 66 0.2992
4395 48 50 0.2362
4408 12 57 0.2756
4420 12 62 0.2756
4432 12 66 0.252
4444 12 69 0.2992
4444 48 47 0.2362
4457 12 60 0.2756
4469 12 66 0.2756
4481 12 69 0.252
4493 12 67 0.3071
4493 195 52 0.3386
4505 12 62 0.2913
4518 12 67 0.315
4530 12 71 0.3307
4542 24 76 0.4882
4554 12 71 0.2992
4566 12 67 0.2992
4579 12 62 0.252
4591 9 61 0.3937
4603 12 64 0.2835
4615 12 67 0.3071
4627 12 69 0.2835
4640 24 78 0.4882
4652 12 69 0.315
4664 12 67 0.2913
4676 12 64 0.2756
4689 97 52 0.3386
4701 12 62 0.2913
4713 12 67 0.315
4725 12 71 0.3307
4737 24 76 0.4961
4750 12 71 0.2992
4762 12 67 0.2992
4774 12 62 0.252
4786 9 61 0.3937
4798 12 64 0.2835
4811 12 67 0.3071
4823 12 70 0.2835
4835 24 78 0.4803
4847 12 70 0.315
4859 12 67 0.2913
4872 12 64 0.2756
4884 97 59 0.3386
4896 12 64 0.2913
4908 12 67 0.315
4921 12 74 0.3307
4933 48 78 0.4961
4945 12 74 0.2992
4957 12 67 0.2992
4969 12 64 0.252
4982 97 58 0.3937
4994 12 64 0.2835
5006 12 67 0.3071
5018 12 73 0.2835
5030 48 78 0.4961
5043 12 73 0.315
5055 12 67 0.2913
5067 12 64 0.2756
5079 195 57 0.3386
5091 12 64 0.2913
5104 12 67 0.315
5116 12 72 0.3307
5128 36 79 0.4961
5140 12 72 0.2992
5153 12 67 0.2992
5165 12 64 0.252
5177 36 78 0.4961
5189 12 72 0.2992
5201 12 67 0.2992
5214 12 64 0.252
5226 36 76 0.4961
5238 12 72 0.2992
5250 12 67 0.2992
5262 12 64 0.252
5275 195 58 0.3386
5287 12 64 0.3228
5299 12 67 0.3228
5311 12 72 0.3543
5323 24 74 0.4567
5336 12 72 0.3622
5348 12 67 0.4252
5348 24 76 0.4252
5360 12 64 0.3701
5372 97 78 0.4961
5385 12 72 0.4016
5397 12 67 0.3228
5409 24 64 0.252
5433 12 72 0.3228
5446 12 67 0.3228
5458 12 64 0.2677
5470 195 59 0.3858
5482 12 64 0.3228
5494 12 67 0.3228
5507 12 71 0.3543
5519 24 74 0.4567
5531 12 71 0.3622
5543 12 67 0.4331
5543 24 76 0.4331
5556 12 64 0.3701
5568 97 78 0.4961
5580 12 71 0.4016
5592 12 67 0.3228
5604 24 64 0.252
5629 12 71 0.3228
5641 12 67 0.3228
5653 12 64 0.2677
5665 195 60 0.4567
5678 12 64 0.2913
5690 12 67 0.315
5702 12 70 0.3307
5714 36 74 0.4331
5726 12 70 0.2992
5739 12 67 0.2992
5751 12 64 0.252
5763 36 76 0.4488
5775 12 70 0.2913
5788 12 67 0.2756
5800 12 64 0.252
5812 36 72 0.4173
5824 12 70 0.2992
5836 12 67 0.2992
5849 12 64 0.252
5861 12 74 0.3228
5873 12 70 0.3228
5885 12 69 0.315
5897 12 67 0.315
5910 12 65 0.3071
5922 12 64 0.3071
5934 12 62 0.3071
5946 12 60 0.2992
5958 12 62 0.2992
5971 12 58 0.2913
5983 12 57 0.2756
5995 12 55 0.2441
6007 12 53 0.2913
6020 12 52 0.2677
6032 12 50 0.2677
6044 12 48 0.2677
6056 12 46 0.2598
6068 12 45 0.2598
6081 12 43 0.2598
6093 12 41 0.2598
6105 48 62 0.2992
6105 48 40 0.2441
6117 12 58 0.2362
6129 12 55 0.2362
6142 12 58 0.2362
6154 48 64 0.2992
6154 48 38 0.2756
6166 12 58 0.2441
6178 12 55 0.2441
6190 12 58 0.2441
6203 48 60 0.3071
6203 48 36 0.2283
6215 12 58 0.252
6227 12 55 0.252
6239 12 58 0.252
6252 390 34 0.2047
6276 24 53 0.1969
6300 24 58 0.1969
6325 24 60 0.2283
6349 48 62 0.252
6374 24 65 0.1969
6398 24 70 0.2283
6422 24 72 0.252
6447 48 74 0.2913
6471 24 53 0.1969
6496 24 58 0.1969
6520 24 62 0.2283
6545 24 60 0.2598
6569 464 54 0.252
6593 439 58 0.252
6618 415 60 0.2441
6642 390 63 0.2598
6642 97 34 0.2047
6740 48 39 0.1811
6789 97 34 0.2047
6887 97 39 0.1732
6984 48 34 0.1811
7034 390 32 0.2047
7057 24 51 0.1732
7082 24 56 0.1732
7106 24 58 0.2047
7131 24 60 0.2598
7155 24 51 0.2205
7180 24 56 0.2205
7204 24 60 0.2205
7228 24 58 0.2441
7253 24 51 0.2205
7277 24 54 0.2205
7277 97 70 0.3228
7277 97 66 0.3228
7302 24 58 0.2205
7326 24 61 0.2598
7351 24 51 0.2205
7375 24 54 0.2205
7375 48 68 0.2756
7375 48 65 0.2756
7399 24 61 0.2205
7425 390 32 0.2047
7448 24 51 0.1732
7473 24 56 0.1732
7497 24 58 0.2047
7521 24 60 0.2598
7521 97 63 0.3228
7521 97 66 0.3228
7546 24 51 0.2205
7570 24 56 0.2205
7595 24 60 0.2205
7619 24 58 0.2441
7644 24 51 0.2205
7668 24 54 0.2205
7668 97 70 0.3228
7668 97 66 0.3228
7692 24 58 0.2205
7717 24 61 0.2598
7741 24 51 0.2205
7766 24 54 0.2205
7766 48 68 0.2756
7766 48 65 0.2756
7790 24 61 0.2205
7816 781 32 0.2047
7839 24 54 0.1732
7863 24 60 0.1732
7888 24 61 0.2047
7912 24 63 0.2598
7937 24 54 0.2283
7961 24 60 0.2283
7985 24 63 0.2283
8010 24 61 0.3228
8034 24 54 0.2677
8059 24 58 0.2677
8083 24 61 0.3228
8108 24 65 0.2441
8132 24 54 0.2913
8156 24 58 0.3386
8181 48 65 0.3858
8205 195 68 0.4724
8230 24 54 0.2283
8254 24 60 0.2283
8279 24 61 0.2283
8303 24 63 0.2756
8327 24 54 0.2126
8352 24 60 0.2126
8376 24 63 0.2047
8401 24 61 0.2362
8401 97 51 0.2126
8425 24 54 0.1969
8450 24 58 0.189
8474 24 61 0.189
8498 24 65 0.2362
8498 97 44 0.2047
8523 24 54 0.1811
8547 24 58 0.1811
8572 24 65 0.1732
8596 390 31 0.189
8596 439 43 0.2205
8608 12 55 0.1969
8620 12 60 0.2047
8633 12 62 0.189
8645 12 64 0.2283
8657 12 55 0.2126
8669 12 60 0.2126
8682 12 64 0.2047
8694 12 62 0.2441
8706 12 53 0.2283
8718 12 60 0.2362
8730 12 62 0.2126
8743 12 65 0.2677
8755 12 57 0.2441
8767 12 59 0.252
8779 12 65 0.2362
8791 12 64 0.2913
8804 12 55 0.2677
8816 12 60 0.2677
8828 12 64 0.252
8840 12 67 0.2913
8852 12 59 0.2677
8865 12 60 0.2677
8877 12 67 0.252
8889 12 65 0.2992
8901 12 57 0.2756
8914 12 60 0.2756
8926 12 65 0.252
8938 12 69 0.2992
8950 12 59 0.2756
8962 12 65 0.2756
8975 12 69 0.252
8987 12 67 0.3307
8987 48 36 0.2205
8999 12 60 0.2835
9011 12 64 0.2835
9023 12 67 0.2362
9036 18 72 0.3937
9036 195 60 0.2756
9048 12 64 0.2992
9060 12 67 0.2992
9072 12 72 0.252
9084 18 74 0.4173
9084 48 59 0.2283
9097 12 64 0.3307
9109 12 67 0.3307
9121 12 74 0.2756
9133 18 72 0.4094
9133 48 57 0.2283
9146 12 64 0.3228
9158 12 67 0.3228
9170 12 72 0.2992
9182 18 71 0.3701
9182 48 59 0.2283
9194 12 64 0.2992
9207 12 67 0.2992
9219 12 71 0.2126
9231 18 69 0.3701
9231 48 60 0.2205
9243 12 64 0.2756
9255 12 67 0.2756
9268 12 69 0.2126
9280 18 67 0.3543
9280 48 59 0.2205
9292 12 60 0.2756
9304 12 64 0.2756
9316 12 67 0.2126
9329 18 65 0.3622
9329 48 57 0.2205
9341 12 60 0.2756
9353 12 64 0.2756
9365 12 65 0.2126
9378 35 64 0.3228
9378 48 55 0.2283
9390 12 57 0.252
9402 12 60 0.252
9414 12 64 0.2126
9426 35 62 0.2756
9426 48 53 0.2126
9439 12 57 0.252
9451 12 60 0.252
9463 12 62 0.2126
9475 35 67 0.3228
9475 48 52 0.2126
9487 12 59 0.252
9500 12 64 0.252
9512 12 67 0.2598
9524 35 69 0.3701
9524 48 57 0.2126
9536 12 60 0.2913
9549 12 64 0.252
9561 12 69 0.2126
9573 35 64 0.315
9573 48 55 0.2283
9585 12 57 0.252
9597 12 60 0.252
9610 12 64 0.2126
9622 35 62 0.3071
9622 48 53 0.2126
9634 12 57 0.252
9646 12 60 0.252
9658 12 62 0.2126
9671 35 60 0.2756
9671 48 52 0.2126
9683 12 55 0.252
9695 12 57 0.252
9707 12 60 0.2126
9719 35 59 0.2756
9719 48 50 0.2126
9732 12 53 0.252
9744 12 55 0.252
9756 12 59 0.2126
9768 195 41 0.1654
9781 12 48 0.1575
9793 12 50 0.1654
9805 12 52 0.1811
9817 12 53 0.2205
9829 12 57 0.2441
9842 12 60 0.2677
9854 12 62 0.2835
9866 12 64 0.3228
9878 12 62 0.3228
9890 12 60 0.2992
9903 12 57 0.2756
9915 12 53 0.252
9927 12 52 0.2362
9939 12 50 0.2047
9951 12 48 0.189
9964 195 41 0.1654
9976 12 48 0.1654
9988 12 50 0.1732
10000 12 52 0.1969
10013 12 53 0.2362
10025 12 57 0.2677
10037 12 60 0.2992
10049 12 62 0.3307
10061 12 64 0.378
10074 12 62 0.3228
10086 12 60 0.2992
10098 12 59 0.2756
10110 12 57 0.252
10122 12 52 0.2362
10135 12 50 0.2047
10147 12 48 0.189
10159 195 41 0.1654
10171 12 48 0.1654
10183 12 50 0.1732
10196 12 52 0.1969
10208 12 53 0.2362
10220 12 56 0.2677
10232 12 60 0.3071
10245 12 62 0.3307
10257 12 64 0.378
10269 12 62 0.3307
10281 12 60 0.315
10293 12 56 0.2835
10306 12 53 0.2598
10318 12 52 0.2362
10330 12 50 0.2047
10342 12 48 0.189
10354 195 41 0.1654
10367 12 48 0.1654
10379 12 50 0.1732
10391 12 52 0.1969
10403 12 53 0.2441
10415 12 56 0.2756
10428 12 60 0.3071
10440 12 62 0.3307
10452 12 64 0.378
10464 12 62 0.3228
10477 12 60 0.315
10489 12 58 0.2756
10501 12 56 0.2598
10513 12 52 0.2362
10525 12 50 0.2047
10538 12 48 0.189
10550 12 40 0.2205
10562 12 48 0.1811
10574 12 52 0.2047
10586 12 56 0.2047
10599 12 48 0.2756
10611 12 52 0.2362
10623 12 56 0.2441
10635 12 60 0.252
10647 12 52 0.3307
10660 12 56 0.3071
10672 12 60 0.3386
10684 12 64 0.3386
10696 12 56 0.3858
10709 12 60 0.315
10721 12 64 0.3701
10733 12 68 0.3701
10745 12 56 0.4094
10757 12 60 0.3543
10770 12 64 0.3937
10782 12 68 0.3937
10794 12 60 0.4331
10806 12 64 0.3622
10818 12 68 0.4331
10831 12 72 0.4173
10843 12 64 0.5276
10855 12 68 0.4409
10867 12 72 0.5118
10880 12 76 0.4882
10892 12 68 0.5591
10904 12 72 0.5039
10916 12 76 0.5354
10928 12 80 0.4961
10941 48 72 0.622
10953 12 76 0.5669
10965 12 79 0.5354
10977 12 84 0.5039
10989 48 72 0.5591
11002 12 76 0.5039
11014 12 79 0.5354
11026 12 84 0.5276
11038 48 74 0.5827
11050 12 76 0.5354
11063 12 79 0.5354
11075 12 86 0.5039
11087 48 72 0.5591
11099 12 76 0.5039
11112 12 79 0.5354
11124 12 84 0.5039
11136 48 77 0.4961
11148 12 80 0.4488
11160 12 84 0.4252
11173 12 89 0.4016
11185 48 75 0.4488
11197 12 80 0.4016
11209 12 84 0.4252
11221 12 87 0.4173
11234 48 74 0.4567
11246 12 75 0.4252
11258 12 80 0.4252
11270 12 86 0.4016
11282 48 72 0.4488
11295 12 75 0.4016
11307 12 80 0.4252
11319 12 84 0.4016
11331 48 74 0.4961
11344 12 76 0.4488
11356 12 79 0.4252
11368 12 86 0.4016
11380 48 72 0.4488
11392 12 76 0.4016
11405 12 79 0.4252
11417 12 84 0.4173
11429 48 71 0.4567
11441 12 72 0.4252
11453 12 76 0.4252
11466 12 83 0.4016
11478 48 69 0.4488
11490 12 72 0.4016
11502 12 76 0.4252
11514 12 81 0.4016
11527 48 67 0.4961
11539 12 69 0.4488
11551 12 72 0.4173
11563 12 79 0.3858
11576 48 65 0.4331
11588 12 69 0.378
11600 12 72 0.4016
11612 12 77 0.3858
11624 48 64 0.4252
11637 12 65 0.3858
11649 12 68 0.378
11661 12 76 0.3543
11673 48 62 0.3937
11685 12 65 0.3465
11698 12 68 0.3622
11710 12 74 0.3386
11722 48 62 0.378
11734 12 64 0.3543
11746 12 67 0.378
11759 12 74 0.3543
11771 48 60 0.4961
11783 12 64 0.4488
11795 12 67 0.4803
11808 12 72 0.4724
11820 48 62 0.5197
11832 12 64 0.4803
11844 12 67 0.4803
11856 12 74 0.4488
11869 48 60 0.4961
11881 12 64 0.4488
11893 12 67 0.4803
11905 12 72 0.4488
11917 48 65 0.4961
11930 12 68 0.4488
11942 12 72 0.4803
11954 12 77 0.4724
11966 48 63 0.4961
11978 12 68 0.4488
11991 12 72 0.4803
12003 12 75 0.4724
12015 48 62 0.5197
12027 12 63 0.4803
12040 12 68 0.4803
12052 12 74 0.4488
12064 48 60 0.4961
12076 12 63 0.4488
12088 12 68 0.4803
12101 12 72 0.4488
12113 48 62 0.4961
12125 12 64 0.4488
12137 12 67 0.4803
12149 12 74 0.4724
12162 48 60 0.4961
12174 12 64 0.4488
12186 12 67 0.4803
12198 12 72 0.4724
12211 48 59 0.5197
12223 12 60 0.4803
12234 12 64 0.4803
12247 12 71 0.4488
12259 48 57 0.4961
12272 12 60 0.4488
12283 12 64 0.4803
12296 12 69 0.4488
12308 48 55 0.4646
12320 12 57 0.4173
12333 12 60 0.4409
12345 12 67 0.4331
12357 48 53 0.4409
12369 12 57 0.3937
12381 12 60 0.4173
12394 12 65 0.4094
12406 48 52 0.4409
12418 12 53 0.4016
12430 12 56 0.3937
12443 12 64 0.3622
12455 48 50 0.3937
12467 12 53 0.3543
12479 12 56 0.3701
12491 12 62 0.3386
12504 48 50 0.5197
12516 12 52 0.4646
12528 12 55 0.4409
12540 12 62 0.4016
12552 48 48 0.4331
12565 12 52 0.378
12577 12 55 0.4173
12589 12 60 0.378
12601 48 50 0.4803
12601 97 41 0.4803
12613 12 53 0.3622
12626 12 57 0.378
12638 12 62 0.3937
12650 48 48 0.4331
12662 12 53 0.4409
12675 12 57 0.4724
12687 12 60 0.4961
12699 48 62 0.5197
12711 12 64 0.4646
12723 12 67 0.4409
12736 12 74 0.4016
12748 48 60 0.4331
12760 12 64 0.378
12772 12 67 0.4173
12784 12 72 0.378
12797 97 53 0.4488
12797 48 62 0.5197
12809 12 65 0.3701
12821 12 69 0.3937
12833 12 74 0.4252
12845 48 60 0.4331
12858 12 65 0.4488
12870 12 69 0.4803
12882 12 72 0.4882
12894 97 60 0.4488
12894 48 67 0.4331
12907 12 76 0.3937
12919 12 72 0.4488
12931 12 64 0.4803
12943 24 69 0.4803
12955 12 76 0.4331
12968 24 71 0.4882
12980 12 64 0.4252
12992 97 60 0.4488
12992 48 67 0.4331
13004 12 76 0.3937
13016 12 72 0.4488
13029 12 64 0.4803
13041 24 69 0.4803
13053 12 76 0.4331
13065 24 71 0.4882
13077 12 64 0.4252
13090 48 60 0.3701
13090 48 67 0.4409
13102 12 76 0.4331
13114 12 72 0.3937
13126 12 64 0.3937
13139 48 63 0.4016
13139 48 70 0.4803
13151 12 79 0.4646
13163 12 75 0.3937
13175 12 67 0.4331
13187 48 73 0.5039
13187 48 66 0.4252
13200 12 82 0.4803
13212 12 78 0.4409
13224 12 70 0.4331
13236 48 67 0.4409
13236 48 74 0.5276
13248 12 83 0.5039
13261 12 79 0.4331
13273 12 71 0.4331
13285 97 60 0.4488
13285 48 67 0.4331
13297 12 76 0.3937
13309 12 72 0.4488
13322 12 64 0.4803
13334 24 69 0.4803
13346 12 76 0.4331
13358 24 71 0.4882
13371 12 64 0.4252
13383 97 60 0.4488
13383 48 67 0.4331
13395 12 76 0.3937
13407 12 72 0.4488
13419 12 64 0.4803
13432 24 69 0.4803
13444 12 76 0.4331
13456 24 71 0.4882
13468 12 64 0.4252
13480 48 60 0.3701
13480 48 67 0.4409
13493 12 76 0.4331
13505 12 72 0.3937
13517 12 64 0.3937
13529 48 63 0.4016
13529 48 70 0.4803
13541 12 79 0.4646
13554 12 75 0.3937
13566 12 67 0.4331
13578 48 73 0.5039
13578 48 66 0.4252
13590 12 82 0.4803
13603 12 78 0.4409
13615 12 70 0.4331
13627 48 67 0.4409
13627 48 74 0.5276
13639 12 83 0.5039
13651 12 79 0.4331
13664 12 71 0.4331
13676 97 79 0.5512
13688 12 88 0.5748
13700 12 84 0.4646
13712 12 76 0.4646
13725 48 72 0.5118
13737 12 88 0.5669
13749 12 84 0.4724
13761 12 76 0.4724
13774 97 67 0.5276
13786 12 76 0.5591
13798 12 72 0.4567
13810 12 64 0.4567
13822 48 60 0.5039
13835 12 76 0.5591
13847 12 72 0.4646
13859 12 64 0.4646
13871 48 55 0.5512
13883 12 64 0.5748
13896 12 60 0.4724
13908 12 52 0.4724
13920 48 48 0.5197
13932 12 64 0.5748
13944 12 60 0.4803
13957 12 52 0.4803
13969 48 43 0.5748
13981 12 64 0.5984
13993 12 60 0.4882
14006 12 52 0.4882
14018 48 36 0.5354
14030 12 64 0.5906
14042 12 60 0.4961
14054 12 52 0.4961
14067 293 52 0.6693
14067 293 48 0.5669
14067 390 41 0.5039
14067 390 45 0.5984
14360 97 47 0.622
14360 97 50 0.622
14457 24 52 0.6378
14457 24 48 0.6378
14457 24 43 0.4803
14457 24 36 0.4803
14653 24 24 0.5433
14653 24 36 0.7244
