102 131 41 0.2756
107 48 72 0.2283
107 126 48 0.2913
110 45 77 0.2283
112 121 57 0.3071
113 42 81 0.2283
117 39 84 0.2835
117 117 65 0.3937
156 39 81 0.2126
156 39 84 0.2677
156 39 77 0.2126
156 39 72 0.2126
195 29 84 0.2677
195 29 72 0.2126
195 29 81 0.2126
195 29 77 0.2126
224 48 72 0.2283
227 45 77 0.2283
230 42 81 0.2283
234 39 84 0.2835
253 19 64 0.3465
273 39 77 0.2126
273 39 72 0.2126
273 39 84 0.2677
273 39 81 0.2126
273 19 62 0.3858
292 19 60 0.3465
312 29 77 0.2126
312 29 84 0.2677
312 29 81 0.2126
312 29 72 0.2126
312 19 62 0.3858
331 19 64 0.3465
341 48 72 0.2283
344 45 77 0.2283
348 42 81 0.2283
351 39 84 0.2835
351 117 53 0.3071
351 13 62 0.3543
364 13 64 0.3228
377 13 62 0.3228
390 39 81 0.2126
390 39 84 0.2677
390 39 72 0.2126
390 39 77 0.2126
390 180 60 0.3622
429 29 81 0.2126
429 29 77 0.2126
429 29 84 0.2677
429 29 72 0.2126
458 48 72 0.2283
461 45 77 0.2283
465 42 81 0.2283
468 39 84 0.2835
507 39 81 0.2126
507 39 84 0.2677
507 39 77 0.2126
507 39 72 0.2126
546 29 84 0.2677
546 29 72 0.2126
546 29 81 0.2126
546 29 77 0.2126
570 131 41 0.2677
575 48 72 0.2283
575 126 48 0.2913
579 45 77 0.2283
580 121 57 0.3071
582 42 81 0.2283
585 39 84 0.2835
585 117 65 0.3937
624 39 77 0.2126
624 39 72 0.2126
624 39 84 0.2677
624 39 81 0.2126
663 29 77 0.2126
663 29 84 0.2677
663 29 81 0.2126
663 29 72 0.2126
692 48 72 0.2283
696 45 77 0.2283
699 42 81 0.2283
702 39 84 0.2835
722 19 64 0.3465
741 39 84 0.2677
741 39 72 0.2126
741 39 81 0.2126
741 39 77 0.2126
741 19 62 0.3858
761 19 60 0.3465
780 29 77 0.2126
780 29 72 0.2126
780 29 84 0.2677
780 29 81 0.2126
780 19 62 0.3858
800 19 64 0.3465
810 48 72 0.2283
813 45 77 0.2283
816 42 81 0.2283
819 39 84 0.2835
819 13 62 0.378
819 117 53 0.315
832 13 64 0.3228
845 13 62 0.3228
858 39 81 0.2126
858 39 77 0.2126
858 39 84 0.2677
858 39 72 0.2126
858 180 60 0.3622
897 29 81 0.2126
897 29 84 0.2677
897 29 72 0.2126
897 29 77 0.2126
927 48 72 0.2283
930 45 77 0.2283
933 42 81 0.2283
936 39 84 0.2835
975 39 84 0.2677
975 39 72 0.2126
975 39 77 0.2126
975 39 81 0.2126
1014 29 81 0.2126
1014 29 84 0.2677
1014 29 77 0.2126
1014 29 72 0.2126
1044 45 76 0.2283
1044 48 72 0.2283
1044 48 41 0.315
1049 43 48 0.315
1054 39 84 0.2835
1054 42 82 0.2283
1054 19 55 0.3701
1073 19 57 0.4016
1093 39 84 0.2677
1093 39 72 0.2126
1093 39 82 0.2126
1093 39 76 0.2126
1093 39 58 0.4173
1132 29 76 0.2126
1132 29 72 0.2126
1132 29 84 0.2677
1132 29 82 0.2126
1132 19 58 0.4016
1151 19 60 0.4173
1161 45 76 0.2283
1161 48 72 0.2283
1171 42 82 0.2283
1171 39 84 0.2835
1171 58 62 0.4567
1210 39 82 0.2126
1210 39 76 0.2126
1210 39 84 0.2677
1210 39 72 0.2126
1229 19 64 0.4567
1249 29 82 0.2126
1249 29 84 0.2677
1249 29 72 0.2126
1249 29 76 0.2126
1249 19 67 0.4882
1268 19 64 0.4488
1278 45 76 0.2283
1278 48 72 0.2283
1288 39 84 0.2835
1288 42 82 0.2283
1288 13 62 0.4567
1301 13 64 0.4173
1314 13 62 0.3858
1327 39 84 0.2677
1327 39 72 0.2126
1327 39 82 0.2126
1327 39 76 0.2126
1327 180 60 0.3858
1366 29 76 0.2126
1366 29 72 0.2126
1366 29 84 0.2677
1366 29 82 0.2126
1395 45 76 0.2283
1395 48 72 0.2283
1405 42 82 0.2283
1405 39 84 0.2835
1444 39 82 0.2126
1444 39 76 0.2126
1444 39 84 0.2677
1444 39 72 0.2126
1483 29 82 0.2126
1483 29 84 0.2677
1483 29 72 0.2126
1483 29 76 0.2126
1512 48 72 0.2283
1512 45 76 0.2283
1512 48 41 0.315
1517 43 48 0.315
1522 42 82 0.2283
1522 39 84 0.2835
1522 19 55 0.3701
1541 19 57 0.4016
1561 39 84 0.2677
1561 39 72 0.2126
1561 39 76 0.2126
1561 39 82 0.2126
1561 39 58 0.4173
1600 29 82 0.2205
1600 29 84 0.2835
1600 29 76 0.2205
1600 29 72 0.2205
1600 19 58 0.4016
1620 19 60 0.4173
1629 45 76 0.2441
1629 48 72 0.2441
1639 39 84 0.3071
1639 42 82 0.2441
1639 39 62 0.4567
1678 39 84 0.2913
1678 39 72 0.2283
1678 39 82 0.2283
1678 39 76 0.2283
1678 19 64 0.4882
1698 19 69 0.4409
1717 29 76 0.2283
1717 29 72 0.2283
1717 29 84 0.2913
1717 29 82 0.2283
1717 19 67 0.4882
1737 19 64 0.4488
1746 45 76 0.2441
1746 48 72 0.2441
1756 42 82 0.2283
1756 39 84 0.2835
1756 13 62 0.4567
1769 13 64 0.4173
1782 13 62 0.3858
1795 39 82 0.2126
1795 39 76 0.2126
1795 39 84 0.2677
1795 39 72 0.2126
1795 180 60 0.3858
1834 29 82 0.2126
1834 29 84 0.2677
1834 29 72 0.2126
1834 29 76 0.2126
1864 45 76 0.2283
1864 48 72 0.2283
1873 39 84 0.2835
1873 42 82 0.2283
1912 39 76 0.2126
1912 39 84 0.2677
1912 39 82 0.2126
1912 39 72 0.2126
1951 29 82 0.2126
1951 29 76 0.2126
1951 29 84 0.2677
1951 29 72 0.2126
1976 131 41 0.2756
1981 48 72 0.2283
1981 126 48 0.2913
1984 45 77 0.2283
1986 121 57 0.3071
1987 42 81 0.2283
1990 39 84 0.2835
1990 117 65 0.3937
2029 39 81 0.2126
2029 39 84 0.2677
2029 39 77 0.2126
2029 39 72 0.2126
2068 29 84 0.2677
2068 29 72 0.2126
2068 29 81 0.2126
2068 29 77 0.2126
2098 48 72 0.2283
2101 45 77 0.2283
2104 42 81 0.2283
2108 39 84 0.2835
2127 19 64 0.3465
2147 39 77 0.2126
2147 39 72 0.2126
2147 39 84 0.2677
2147 39 81 0.2126
2147 19 62 0.3858
2166 19 60 0.3465
2186 29 84 0.2677
2186 29 72 0.2126
2186 29 81 0.2126
2186 29 77 0.2126
2186 19 62 0.3858
2205 19 64 0.3465
2215 48 72 0.2283
2218 45 77 0.2283
2221 42 81 0.2283
2225 39 84 0.2835
2225 117 53 0.3228
2225 13 62 0.4016
2238 13 64 0.3228
2251 13 62 0.3465
2264 39 77 0.2126
2264 39 84 0.2677
2264 39 81 0.2126
2264 39 72 0.2126
2264 180 60 0.3465
2303 29 81 0.2126
2303 29 77 0.2126
2303 29 84 0.2677
2303 29 72 0.2126
2332 48 72 0.2283
2335 45 77 0.2283
2338 42 81 0.2283
2342 39 84 0.2835
2381 39 81 0.2126
2381 39 84 0.2677
2381 39 77 0.2126
2381 39 72 0.2126
2420 29 84 0.2677
2420 29 72 0.2126
2420 29 77 0.2126
2420 29 81 0.2126
2449 48 72 0.2283
2449 126 51 0.2913
2452 45 75 0.2283
2454 121 60 0.2992
2456 42 80 0.2283
2459 39 84 0.2835
2459 117 68 0.3858
2498 39 75 0.2126
2498 39 84 0.2598
2498 39 80 0.2126
2498 39 72 0.2126
2537 29 80 0.2126
2537 29 75 0.2126
2537 29 84 0.2598
2537 29 72 0.2126
2566 48 72 0.2283
2569 45 75 0.2283
2573 42 80 0.2283
2576 39 84 0.2835
2595 19 67 0.3465
2615 39 80 0.2126
2615 39 84 0.2598
2615 39 75 0.2126
2615 39 72 0.2126
2615 19 65 0.3858
2635 19 63 0.3465
2654 29 84 0.2598
2654 29 72 0.2126
2654 29 80 0.2126
2654 29 75 0.2126
2654 19 65 0.3858
2674 19 67 0.3465
2683 48 72 0.2283
2687 45 75 0.2283
2690 42 80 0.2283
2693 39 84 0.2835
2693 13 65 0.3937
2706 13 67 0.3465
2719 13 65 0.3465
2732 39 75 0.2126
2732 39 72 0.2126
2732 39 84 0.2598
2732 39 80 0.2126
2732 195 63 0.3858
2771 29 84 0.2598
2771 29 72 0.2126
2771 29 80 0.2126
2771 29 75 0.2126
2800 48 72 0.2283
2804 45 75 0.2283
2807 42 80 0.2283
2810 39 84 0.2835
2849 39 75 0.2126
2849 39 84 0.2598
2849 39 80 0.2126
2849 39 72 0.2126
2888 39 80 0.2126
2888 39 75 0.2126
2888 39 84 0.2598
2888 39 72 0.2126
2927 39 76 0.2283
2927 39 72 0.2283
2927 39 84 0.2835
2927 39 82 0.2283
2927 39 48 0.315
2927 19 55 0.3701
2947 19 57 0.4016
2966 39 82 0.2126
2966 39 84 0.2677
2966 39 76 0.2126
2966 39 72 0.2126
2966 39 58 0.4173
3005 39 84 0.2677
3005 39 72 0.2126
3005 39 76 0.2126
3005 39 82 0.2126
3005 19 60 0.4331
3025 19 62 0.4488
3044 39 76 0.2283
3044 39 82 0.2283
3044 39 72 0.2283
3044 39 84 0.2835
3044 78 67 0.4803
3083 39 82 0.2205
3083 39 84 0.2756
3083 39 72 0.2205
3083 39 76 0.2205
3122 39 82 0.2362
3122 39 84 0.2913
3122 39 76 0.2362
3122 39 72 0.2362
3122 39 64 0.4803
3162 39 72 0.2677
3162 39 84 0.315
3162 39 77 0.2677
3162 39 81 0.2677
3162 13 62 0.4488
3162 117 53 0.3228
3175 13 64 0.4331
3188 13 62 0.4016
3201 39 84 0.2992
3201 39 72 0.2362
3201 39 81 0.2362
3201 39 77 0.2362
3201 78 60 0.4016
3240 39 77 0.2362
3240 39 72 0.2362
3240 39 84 0.2992
3240 39 81 0.2362
3279 39 78 0.2677
3279 39 72 0.2677
3279 39 74 0.2677
3279 39 86 0.315
3279 39 81 0.2677
3279 117 50 0.5197
3318 39 86 0.2992
3318 39 81 0.2362
3318 39 74 0.2362
3318 39 78 0.2362
3318 39 72 0.2362
3318 39 57 0.4803
3357 39 72 0.2362
3357 39 78 0.2362
3357 39 74 0.2362
3357 39 86 0.2992
3357 39 81 0.2362
3357 39 62 0.4803
3396 39 79 0.2677
3396 39 70 0.2677
3396 39 74 0.2677
3396 39 82 0.315
3396 19 55 0.3937
3396 19 62 0.4409
3415 19 64 0.4803
3435 39 79 0.2362
3435 39 74 0.2362
3435 39 82 0.2992
3435 39 70 0.2362
3435 39 65 0.5039
3474 39 79 0.2362
3474 39 82 0.2992
3474 39 70 0.2362
3474 39 74 0.2362
3474 19 62 0.4882
3493 13 55 0.4409
3506 19 48 0.3858
3510 13 55 0.3858
3513 39 72 0.2677
3513 39 70 0.2677
3513 39 76 0.2677
3513 39 82 0.315
3513 13 62 0.4646
3526 13 64 0.4016
3539 13 62 0.4173
3552 39 82 0.2992
3552 39 70 0.2362
3552 39 72 0.2362
3552 39 76 0.2362
3552 39 60 0.3937
3591 39 72 0.2362
3591 39 70 0.2362
3591 39 76 0.2362
3591 39 82 0.2992
3591 39 48 0.3465
3623 26 41 0.3228
3627 19 48 0.3228
3630 39 77 0.2677
3630 39 69 0.2205
3630 39 72 0.2205
3630 39 81 0.315
3630 19 57 0.4016
3649 19 55 0.3858
3669 39 77 0.2126
3669 39 72 0.1811
3669 39 81 0.2677
3669 39 69 0.1811
3669 195 53 0.3543
3708 39 77 0.2126
3708 39 81 0.2677
3708 39 69 0.1811
3708 39 72 0.1811
3747 39 72 0.2047
3747 39 69 0.2047
3747 39 77 0.2441
3747 39 81 0.2441
3786 39 81 0.2283
3786 39 69 0.189
3786 39 77 0.2283
3786 39 72 0.189
3825 39 81 0.2283
3825 39 69 0.189
3825 39 77 0.2283
3825 39 72 0.189
3858 26 41 0.2913
3861 19 49 0.2992
3864 39 77 0.2283
3864 39 81 0.2835
3864 39 69 0.1969
3864 39 73 0.1969
3864 19 57 0.3622
3884 19 55 0.3465
3903 39 81 0.2283
3903 39 69 0.1496
3903 39 77 0.189
3903 39 73 0.1496
3903 195 53 0.3071
3942 39 73 0.1496
3942 39 69 0.1496
3942 39 81 0.2283
3942 39 77 0.189
3981 39 77 0.2205
3981 39 69 0.1811
3981 39 73 0.1811
3981 39 81 0.2205
4020 39 77 0.2047
4020 39 73 0.1575
4020 39 81 0.2047
4020 39 69 0.1575
4059 39 77 0.2047
4059 39 81 0.2047
4059 39 69 0.1575
4059 39 73 0.1575
4092 26 41 0.3071
4095 19 48 0.315
4098 39 72 0.2126
4098 39 69 0.2126
4098 39 77 0.2598
4098 39 81 0.2992
4098 19 57 0.3858
4118 19 55 0.3701
4137 39 81 0.2598
4137 39 69 0.1732
4137 39 72 0.1732
4137 39 77 0.2047
4137 195 53 0.3307
4176 39 77 0.2047
4176 39 72 0.1732
4176 39 81 0.2598
4176 39 69 0.1732
4216 39 72 0.2047
4216 39 69 0.2047
4216 39 81 0.2441
4216 39 77 0.2441
4255 39 77 0.2283
4255 39 81 0.2283
4255 39 72 0.189
4255 39 69 0.189
4294 39 81 0.2283
4294 39 69 0.189
4294 39 77 0.2283
4294 39 72 0.189
4326 26 41 0.2913
4329 19 49 0.2992
4333 39 69 0.1969
4333 39 81 0.2835
4333 39 73 0.1969
4333 39 77 0.2283
4333 19 57 0.3622
4352 19 55 0.3465
4372 39 73 0.1496
4372 39 69 0.1496
4372 39 81 0.2283
4372 39 77 0.189
4372 195 53 0.3071
4411 39 73 0.1496
4411 39 81 0.2283
4411 39 77 0.189
4411 39 69 0.1496
4450 39 77 0.2205
4450 39 81 0.2205
4450 39 73 0.1811
4450 39 69 0.1811
4489 39 73 0.1575
4489 39 81 0.2047
4489 39 77 0.2047
4489 39 69 0.1575
4528 39 77 0.2047
4528 39 73 0.1575
4528 39 81 0.2047
4528 39 69 0.1575
4560 26 41 0.2598
4564 19 48 0.2598
4567 39 72 0.2283
4567 39 69 0.2283
4567 39 81 0.2283
4567 39 77 0.2283
4567 19 57 0.3071
4586 19 55 0.2913
4606 39 77 0.2126
4606 39 81 0.2126
4606 39 72 0.2126
4606 39 69 0.2126
4606 117 53 0.2756
4645 39 81 0.2126
4645 39 69 0.2126
4645 39 77 0.2126
4645 39 72 0.2126
4684 39 69 0.2047
4684 39 81 0.2047
4684 39 72 0.2047
4684 39 77 0.2047
4762 39 48 0.2677
4801 39 41 0.315
4840 39 48 0.2835
4879 39 60 0.2835
4879 39 56 0.2835
4918 39 61 0.3228
4918 39 58 0.2756
4957 78 67 0.2598
5035 39 41 0.2835
5074 39 48 0.2835
5113 39 60 0.2835
5113 39 56 0.2835
5152 39 61 0.3228
5152 39 58 0.2756
5191 78 67 0.2677
5270 117 77 0.4488
5270 39 41 0.2835
5309 39 48 0.2835
5348 39 60 0.2677
5348 39 56 0.2677
5387 78 76 0.4331
5387 39 60 0.3071
5387 39 58 0.2598
5426 78 67 0.2283
5465 39 72 0.4094
5504 39 41 0.2835
5505 116 84 0.4567
5543 39 48 0.2677
5582 39 60 0.2441
5582 39 56 0.2441
5621 39 60 0.3071
5621 39 58 0.2598
5640 19 79 0.4173
5660 19 80 0.4409
5660 78 64 0.2283
5679 9 82 0.3937
5689 4 80 0.3228
5694 4 82 0.3228
5699 19 80 0.3858
5718 19 79 0.3937
5738 19 84 0.4173
5738 39 41 0.2835
5757 19 77 0.4173
5777 19 79 0.4409
5777 39 48 0.2835
5797 9 80 0.3937
5806 4 79 0.3465
5811 4 80 0.3228
5816 19 79 0.4094
5816 39 60 0.2835
5816 39 56 0.2835
5836 19 77 0.3937
5855 19 76 0.4173
5855 39 60 0.3071
5855 39 58 0.2598
5875 19 72 0.4173
5894 19 71 0.4409
5894 78 67 0.2283
5914 19 72 0.3937
5933 19 75 0.4094
5953 19 73 0.3937
5972 19 72 0.3858
5972 39 41 0.2835
5992 19 65 0.3858
6011 19 67 0.4016
6011 39 48 0.2835
6031 9 68 0.3622
6040 4 67 0.315
6045 4 68 0.2992
6050 19 67 0.378
6050 39 60 0.2677
6050 39 56 0.2677
6070 19 65 0.3622
6089 19 64 0.3858
6089 39 60 0.3071
6089 39 58 0.2598
6109 19 61 0.3858
6128 19 60 0.3858
6128 68 67 0.2283
6148 19 58 0.3071
6167 19 56 0.3465
6187 19 55 0.2992
6197 13 53 0.2835
6206 117 77 0.3937
6206 39 41 0.2441
6245 39 48 0.2441
6284 39 60 0.2283
6284 39 56 0.2283
6324 78 76 0.3858
6324 39 60 0.2756
6324 39 58 0.2283
6363 78 67 0.2047
6402 39 72 0.3701
6441 117 84 0.4016
6441 39 41 0.2441
6480 39 48 0.2283
6519 39 60 0.2283
6519 39 57 0.2283
6558 39 60 0.2756
6558 39 58 0.2283
6577 19 79 0.378
6597 19 81 0.3858
6597 78 64 0.2047
6616 9 82 0.3543
6626 4 81 0.2913
6631 4 82 0.2913
6636 19 81 0.3465
6655 19 79 0.3543
6675 19 84 0.378
6675 39 41 0.2441
6694 19 77 0.378
6714 19 79 0.3858
6714 39 48 0.2441
6733 9 81 0.3543
6743 4 79 0.3071
6748 4 81 0.2913
6753 19 79 0.3701
6753 39 60 0.2362
6753 39 57 0.2362
6772 19 77 0.3543
6792 78 82 0.378
6792 19 76 0.378
6792 39 60 0.2756
6792 39 58 0.2283
6811 19 74 0.378
6831 19 76 0.3858
6831 78 67 0.2047
6851 19 72 0.3543
6870 39 81 0.3543
6870 19 70 0.3701
6890 19 72 0.3543
6909 234 69 0.3465
6909 234 77 0.3465
6909 39 41 0.2441
6948 39 48 0.2441
6987 39 60 0.2283
6987 156 57 0.2283
7026 39 65 0.2598
7065 78 69 0.2047
7143 117 65 0.4488
7143 39 37 0.2835
7182 39 44 0.2835
7221 39 53 0.2677
7260 38 63 0.4331
7260 39 57 0.3071
7260 39 49 0.2598
7299 78 54 0.2283
7299 78 63 0.2283
7338 29 57 0.4094
7368 13 56 0.4016
7378 117 68 0.4567
7378 39 37 0.2835
7417 39 44 0.2677
7456 39 53 0.2441
7495 39 57 0.3071
7495 39 49 0.2598
7514 19 66 0.4173
7534 19 68 0.4173
7534 78 54 0.2283
7534 78 61 0.2283
7553 9 69 0.3937
7563 4 68 0.3228
7568 4 69 0.3228
7573 19 68 0.3858
7592 19 66 0.3937
7612 19 65 0.4173
7612 39 37 0.2835
7631 19 66 0.4173
7651 19 68 0.4409
7651 39 44 0.2677
7670 19 66 0.3937
7690 19 65 0.4094
7690 39 53 0.2677
7709 9 68 0.3937
7719 4 66 0.3622
7724 4 68 0.3622
7729 19 66 0.4331
7729 39 57 0.3071
7729 39 49 0.2598
7748 19 65 0.4016
7768 58 63 0.4331
7768 78 54 0.2283
7787 19 65 0.3937
7807 19 66 0.4094
7826 19 63 0.3937
7846 58 65 0.3858
7846 39 37 0.2835
7885 39 44 0.2835
7905 19 56 0.3622
7924 39 61 0.378
7924 39 53 0.2677
7963 39 57 0.3071
7963 39 49 0.2598
7983 19 59 0.3228
8002 19 57 0.3858
8002 78 54 0.2283
8002 78 63 0.2283
8022 19 56 0.315
8041 19 57 0.3701
8061 9 59 0.315
8070 13 56 0.4173
8080 117 65 0.4488
8080 39 37 0.2835
8119 39 44 0.2835
8158 39 53 0.2677
8197 38 63 0.4331
8197 39 57 0.3071
8197 39 49 0.2598
8236 78 54 0.2283
8236 78 63 0.2283
8275 29 57 0.4094
8305 13 56 0.4016
8314 117 68 0.4567
8314 39 37 0.2835
8353 39 44 0.2677
8392 39 53 0.2441
8432 39 57 0.3071
8432 39 49 0.2598
8451 19 66 0.4173
8471 19 68 0.4173
8471 78 54 0.2283
8471 78 63 0.2283
8490 19 69 0.4409
8510 19 71 0.4646
8529 9 73 0.4803
8539 4 71 0.4173
8544 4 73 0.4173
8549 19 71 0.4882
8549 39 37 0.3543
8568 19 69 0.4488
8588 19 68 0.4882
8588 39 44 0.3071
8607 19 66 0.4567
8627 19 68 0.4724
8627 39 53 0.2992
8646 9 69 0.4409
8656 4 66 0.4016
8661 4 68 0.4094
8666 19 66 0.4567
8666 39 57 0.3465
8685 19 65 0.4094
8705 78 63 0.4016
8705 78 54 0.2283
8724 19 65 0.3465
8744 19 66 0.3858
8763 19 68 0.3465
8773 126 37 0.2598
8783 39 73 0.2047
8783 39 68 0.2047
8783 39 65 0.2047
8783 39 77 0.2441
8783 117 53 0.2913
8783 117 61 0.378
8822 39 77 0.2283
8822 39 73 0.189
8822 39 68 0.189
8822 39 65 0.189
8861 39 77 0.2283
8861 39 73 0.189
8861 39 68 0.189
8861 39 65 0.189
8900 39 73 0.2047
8900 39 68 0.2047
8900 39 65 0.2047
8900 39 77 0.2441
8919 19 60 0.3228
8939 39 77 0.2283
8939 39 73 0.189
8939 39 68 0.189
8939 39 65 0.189
8939 19 58 0.3701
8959 19 56 0.3228
8978 39 77 0.2283
8978 39 73 0.189
8978 39 68 0.189
8978 39 65 0.189
8978 19 58 0.3701
8998 19 60 0.3228
9017 39 73 0.2047
9017 39 68 0.2047
9017 39 65 0.2047
9017 39 77 0.2441
9017 13 58 0.3307
9030 13 60 0.3071
9043 13 58 0.3071
9056 39 77 0.2283
9056 39 73 0.189
9056 39 68 0.189
9056 39 65 0.189
9056 185 56 0.3465
9095 39 77 0.2283
9095 39 73 0.189
9095 39 68 0.189
9095 39 65 0.189
9134 39 73 0.2047
9134 39 68 0.2047
9134 39 65 0.2047
9134 39 77 0.2441
9173 39 77 0.2283
9173 39 73 0.189
9173 39 68 0.189
9173 39 65 0.189
9212 39 77 0.2283
9212 39 73 0.189
9212 39 68 0.189
9212 39 65 0.189
9242 126 37 0.2598
9251 39 73 0.2047
9251 39 68 0.2047
9251 39 65 0.2047
9251 39 77 0.2441
9251 117 53 0.2913
9251 117 61 0.378
9290 39 77 0.2283
9290 39 73 0.189
9290 39 68 0.189
9290 39 65 0.189
9329 39 77 0.2283
9329 39 73 0.189
9329 39 68 0.189
9329 39 65 0.189
9368 39 73 0.2047
9368 39 68 0.2047
9368 39 65 0.2047
9368 39 77 0.2441
9388 19 60 0.3228
9407 39 77 0.2283
9407 39 73 0.189
9407 39 68 0.189
9407 39 65 0.189
9407 19 58 0.3701
9427 19 56 0.3228
9446 39 77 0.2283
9446 39 73 0.189
9446 39 68 0.189
9446 39 65 0.189
9446 19 58 0.3701
9466 19 60 0.3228
9486 39 73 0.2047
9486 39 68 0.2047
9486 39 65 0.2047
9486 39 77 0.2441
9486 13 58 0.3307
9499 13 60 0.3071
9512 13 58 0.3071
9525 39 77 0.2283
9525 39 73 0.189
9525 39 68 0.189
9525 39 65 0.189
9525 185 56 0.3465
9564 39 77 0.2283
9564 39 73 0.189
9564 39 68 0.189
9564 39 65 0.189
9603 39 73 0.2047
9603 39 68 0.2047
9603 39 65 0.2047
9603 39 77 0.2441
9642 39 77 0.2283
9642 39 73 0.189
9642 39 68 0.189
9642 39 65 0.189
9681 39 77 0.2283
9681 39 73 0.189
9681 39 68 0.189
9681 39 65 0.189
9710 126 46 0.3307
9715 17 55 0.3307
9720 39 73 0.2047
9720 39 67 0.2047
9720 39 65 0.2047
9720 39 77 0.2441
9720 13 61 0.3307
9733 13 63 0.3071
9746 13 61 0.3071
9759 39 77 0.2283
9759 39 73 0.189
9759 39 67 0.189
9759 39 65 0.189
9759 195 55 0.3465
9798 39 77 0.2283
9798 39 73 0.189
9798 39 67 0.189
9798 39 65 0.189
9837 39 73 0.2047
9837 39 67 0.2047
9837 39 65 0.2047
9837 39 77 0.2441
9876 39 77 0.2283
9876 39 73 0.189
9876 39 67 0.189
9876 39 65 0.189
9915 39 77 0.2283
9915 39 73 0.189
9915 39 67 0.189
9915 39 65 0.189
9954 39 73 0.2047
9954 39 67 0.2047
9954 39 65 0.2047
9954 39 77 0.2441
9954 117 48 0.3307
9954 13 58 0.3307
9967 13 60 0.3071
9980 13 58 0.3071
9993 39 77 0.2283
9993 39 73 0.189
9993 39 67 0.189
9993 39 65 0.189
9993 78 55 0.3465
10032 39 77 0.2283
10032 39 73 0.189
10032 39 67 0.189
10032 39 65 0.189
10071 39 73 0.2047
10071 39 67 0.2047
10071 39 70 0.2047
10071 39 76 0.2441
10071 117 60 0.3465
10110 39 76 0.2283
10110 39 73 0.189
10110 39 67 0.189
10110 39 70 0.189
10149 39 76 0.2283
10149 39 73 0.189
10149 39 67 0.189
10149 39 70 0.189
10188 117 77 0.4488
10188 39 41 0.2835
10227 39 48 0.2835
10266 39 60 0.2677
10266 39 56 0.2677
10305 78 76 0.4331
10305 39 60 0.3071
10305 39 58 0.2598
10344 78 67 0.2283
10383 39 72 0.4094
10422 39 41 0.2835
10423 116 84 0.4567
10461 39 48 0.2677
10500 39 60 0.2441
10500 39 56 0.2441
10540 39 60 0.3071
10540 39 58 0.2598
10559 19 79 0.4173
10579 19 80 0.4409
10579 78 64 0.2283
10598 9 82 0.3937
10608 4 80 0.3228
10613 4 82 0.3228
10618 19 80 0.3858
10637 19 79 0.3937
10657 19 84 0.4173
10657 39 41 0.2835
10676 19 77 0.4173
10696 19 79 0.4409
10696 39 48 0.2835
10715 9 80 0.3937
10725 4 79 0.3465
10730 4 80 0.3228
10735 19 79 0.4094
10735 39 60 0.2835
10735 39 56 0.2835
10754 19 77 0.3937
10774 19 76 0.4173
10774 39 60 0.3071
10774 39 58 0.2598
10793 19 72 0.4173
10813 19 71 0.4409
10813 78 67 0.2283
10832 19 72 0.3937
10852 19 75 0.4094
10871 19 73 0.3937
10891 234 72 0.3858
10891 39 41 0.2835
10910 19 65 0.3858
10930 19 67 0.4016
10930 39 48 0.2835
10949 9 68 0.3622
10959 4 67 0.315
10964 4 68 0.2992
10969 19 67 0.378
10969 39 60 0.2677
10969 39 56 0.2677
10988 19 65 0.3622
11008 19 64 0.3858
11008 39 60 0.3071
11008 39 58 0.2598
11027 19 61 0.3858
11047 19 60 0.3858
11047 68 67 0.2283
11067 19 58 0.3071
11086 19 56 0.3465
11106 19 55 0.2992
11115 13 53 0.2835
11125 117 77 0.3937
11125 39 41 0.2441
11164 39 48 0.2441
11203 39 60 0.2283
11203 39 56 0.2283
11242 78 76 0.3858
11242 39 60 0.2756
11242 39 58 0.2283
11281 78 67 0.2047
11320 39 72 0.3701
11359 117 84 0.4016
11359 39 41 0.2441
11398 39 48 0.2283
11437 39 60 0.2283
11437 39 57 0.2283
11476 39 60 0.2756
11476 39 58 0.2283
11496 19 79 0.378
11515 19 81 0.3858
11515 78 64 0.2047
11535 9 82 0.3543
11545 4 81 0.2913
11550 4 82 0.2913
11554 19 81 0.3465
11574 19 79 0.3543
11594 19 84 0.378
11594 39 41 0.2441
11613 19 77 0.378
11633 19 79 0.3858
11633 39 48 0.2441
11652 9 81 0.3543
11662 4 79 0.3071
11667 4 81 0.2913
11672 19 79 0.3701
11672 39 60 0.2362
11672 39 57 0.2362
11691 19 77 0.3543
11711 78 82 0.378
11711 19 76 0.378
11711 39 60 0.2756
11711 39 58 0.2283
11730 19 74 0.378
11750 19 76 0.3858
11750 78 67 0.2047
11769 19 72 0.3543
11789 39 81 0.3543
11789 19 70 0.3701
11808 19 72 0.3543
11828 155 69 0.3465
11828 234 77 0.3465
11828 39 41 0.2441
11867 39 48 0.2441
11906 39 60 0.2283
11906 156 57 0.2283
11945 39 65 0.2598
11984 77 69 0.2047
12062 117 57 0.3622
12062 117 61 0.3622
12062 19 69 0.4409
12062 39 41 0.3465
12081 19 67 0.4094
12101 195 65 0.4016
12101 39 49 0.3071
12140 39 53 0.3071
12179 39 57 0.3307
12218 78 61 0.2835
12296 117 57 0.3622
12296 117 60 0.3622
12296 19 69 0.4409
12296 39 41 0.3465
12316 19 67 0.4094
12335 195 65 0.4016
12335 39 48 0.3071
12374 39 53 0.3071
12413 39 57 0.3307
12452 78 60 0.2835
12530 117 57 0.3307
12530 117 61 0.3307
12530 19 69 0.4016
12530 39 41 0.315
12550 19 67 0.378
12569 195 65 0.3701
12569 39 49 0.2835
12608 39 53 0.2835
12648 39 57 0.3071
12687 78 61 0.2598
12765 117 57 0.3307
12765 117 60 0.3307
12765 19 69 0.4016
12765 39 41 0.315
12784 19 67 0.378
12804 195 65 0.3701
12804 39 48 0.2835
12843 39 53 0.2835
12882 39 57 0.3071
12921 78 60 0.2598
12999 19 61 0.4409
12999 19 65 0.4409
12999 117 49 0.3465
12999 117 53 0.3465
12999 117 56 0.3465
13018 19 63 0.4094
13038 78 61 0.4016
13116 19 61 0.4016
13116 19 65 0.4016
13116 117 46 0.315
13116 117 53 0.315
13116 117 55 0.315
13135 19 63 0.378
13155 78 61 0.3701
13233 39 36 0.3465
13272 78 43 0.378
13311 78 55 0.3228
13311 78 60 0.3228
13311 78 64 0.3228
13311 78 67 0.4094
13370 19 46 0.3543
13389 78 55 0.2598
13389 78 61 0.2598
13389 78 65 0.2598
13389 78 67 0.3307
13389 19 44 0.378
13409 19 43 0.3465
13428 19 44 0.3858
13448 19 46 0.3465
13467 39 36 0.3465
13506 78 43 0.378
13545 78 55 0.3228
13545 78 60 0.3228
13545 78 64 0.3228
13545 78 67 0.4094
13604 19 46 0.3543
13623 78 55 0.2598
13623 78 61 0.2598
13623 78 65 0.2598
13623 78 67 0.3307
13623 19 44 0.378
13643 19 43 0.3465
13662 19 44 0.3858
13682 19 46 0.3465
13702 39 36 0.3465
13741 19 53 0.315
13741 39 49 0.4331
13760 19 55 0.2913
13780 19 58 0.3386
13780 39 46 0.378
13799 19 61 0.315
13819 19 55 0.3386
13819 19 52 0.3386
13819 39 48 0.3465
13838 19 60 0.3071
13858 19 65 0.3858
13858 39 61 0.4409
13877 19 67 0.3622
13897 19 70 0.3937
13897 39 58 0.3937
13916 19 73 0.378
13936 19 67 0.4094
13936 19 64 0.4094
13936 39 60 0.378
13955 19 72 0.378
13975 19 77 0.4173
13975 39 73 0.4803
13994 19 79 0.3937
14014 19 82 0.4409
14014 39 70 0.4409
14033 19 85 0.4094
14053 19 84 0.4331
14053 19 76 0.4331
14053 78 72 0.3228
14072 19 79 0.3937
14092 19 74 0.4094
14092 19 82 0.4094
14111 19 76 0.3307
14131 19 70 0.378
14131 19 81 0.378
14131 39 60 0.3228
14150 19 72 0.2913
14155 131 41 0.2362
14160 48 72 0.2047
14160 126 48 0.2598
14163 45 77 0.2047
14165 121 57 0.2756
14167 42 81 0.2047
14170 39 84 0.2441
14170 117 65 0.3543
14209 39 84 0.2283
14209 39 81 0.189
14209 39 77 0.189
14209 39 72 0.189
14248 29 84 0.2283
14248 29 81 0.189
14248 29 77 0.189
14248 29 72 0.189
14277 48 72 0.2047
14281 45 77 0.2047
14284 42 81 0.2047
14287 39 84 0.2441
14307 19 64 0.3071
14326 39 84 0.2283
14326 39 81 0.189
14326 39 77 0.189
14326 39 72 0.189
14326 19 62 0.3465
14346 19 60 0.3071
14365 29 84 0.2283
14365 29 81 0.189
14365 29 77 0.189
14365 29 72 0.189
14365 19 62 0.3465
14385 19 64 0.3071
14394 48 72 0.2047
14398 45 77 0.2047
14401 42 81 0.2047
14404 39 84 0.2441
14404 13 62 0.3071
14404 117 53 0.2756
14417 13 64 0.2913
14430 13 62 0.2913
14443 39 84 0.2283
14443 39 81 0.189
14443 39 77 0.189
14443 39 72 0.189
14443 180 60 0.315
14482 29 84 0.2283
14482 29 81 0.189
14482 29 77 0.189
14482 29 72 0.189
14512 48 72 0.2047
14515 45 77 0.2047
14518 42 81 0.2047
14521 39 84 0.2441
14560 39 84 0.2283
14560 39 81 0.189
14560 39 77 0.189
14560 39 72 0.189
14599 29 84 0.2283
14599 29 81 0.189
14599 29 77 0.189
14599 29 72 0.189
14624 131 41 0.2283
14629 48 72 0.2047
14629 126 48 0.2598
14632 45 77 0.2047
14634 121 57 0.2756
14635 42 81 0.2047
14638 39 84 0.2441
14638 117 65 0.3543
14677 39 84 0.2283
14677 39 81 0.189
14677 39 77 0.189
14677 39 72 0.189
14716 29 84 0.2283
14716 29 81 0.189
14716 29 77 0.189
14716 29 72 0.189
14746 48 72 0.2047
14749 45 77 0.2047
14752 42 81 0.2047
14756 39 84 0.2441
14775 19 64 0.3071
14795 39 84 0.2283
14795 39 81 0.189
14795 39 77 0.189
14795 39 72 0.189
14795 19 62 0.3465
14814 19 60 0.3071
14834 29 84 0.2283
14834 29 81 0.189
14834 29 77 0.189
14834 29 72 0.189
14834 19 62 0.3465
14853 19 64 0.3071
14863 48 72 0.2047
14866 45 77 0.2047
14869 42 81 0.2047
14873 39 84 0.2441
14873 13 62 0.3307
14873 117 53 0.2835
14886 13 64 0.2913
14899 13 62 0.2913
14912 39 84 0.2283
14912 39 81 0.189
14912 39 77 0.189
14912 39 72 0.189
14912 180 60 0.315
14951 29 84 0.2283
14951 29 81 0.189
14951 29 77 0.189
14951 29 72 0.189
14980 48 72 0.2047
14983 45 77 0.2047
14986 42 81 0.2047
14990 39 84 0.2441
15029 39 84 0.2283
15029 39 81 0.189
15029 39 77 0.189
15029 39 72 0.189
15068 29 84 0.2283
15068 29 81 0.189
15068 29 77 0.189
15068 29 72 0.189
15097 45 76 0.2047
15097 48 72 0.2047
15097 48 41 0.2835
15102 43 48 0.2835
15107 42 82 0.2047
15107 39 84 0.2441
15107 19 55 0.3228
15126 19 57 0.3622
15146 39 84 0.2283
15146 39 82 0.189
15146 39 76 0.189
15146 39 72 0.189
15146 39 58 0.378
15185 29 84 0.2283
15185 29 82 0.189
15185 29 76 0.189
15185 29 72 0.189
15185 19 58 0.3622
15204 19 60 0.378
15214 45 76 0.2047
15214 48 72 0.2047
15224 42 82 0.2047
15224 39 84 0.2441
15224 58 62 0.4016
15263 39 84 0.2283
15263 39 82 0.189
15263 39 76 0.189
15263 39 72 0.189
15283 19 64 0.4016
15302 29 84 0.2283
15302 29 82 0.189
15302 29 76 0.189
15302 29 72 0.189
15302 19 67 0.4409
15322 19 64 0.3937
15331 45 76 0.2047
15331 48 72 0.2047
15341 42 82 0.2047
15341 39 84 0.2441
15341 13 62 0.4016
15354 13 64 0.378
15367 13 62 0.3465
15380 39 84 0.2283
15380 39 82 0.189
15380 39 76 0.189
15380 39 72 0.189
15380 180 60 0.3465
15419 29 84 0.2283
15419 29 82 0.189
15419 29 76 0.189
15419 29 72 0.189
15448 45 76 0.2047
15448 48 72 0.2047
15458 42 82 0.2047
15458 39 84 0.2441
15497 39 84 0.2283
15497 39 82 0.189
15497 39 76 0.189
15497 39 72 0.189
15536 29 84 0.2283
15536 29 82 0.189
15536 29 76 0.189
15536 29 72 0.189
15566 45 76 0.2047
15566 48 72 0.2047
15566 48 41 0.2835
15570 43 48 0.2835
15575 42 82 0.2047
15575 39 84 0.2441
15575 19 55 0.3228
15595 19 57 0.3622
15614 39 84 0.2283
15614 39 82 0.189
15614 39 76 0.189
15614 39 72 0.189
15614 39 58 0.378
15653 29 84 0.2441
15653 29 82 0.1969
15653 29 76 0.1969
15653 29 72 0.1969
15653 19 58 0.3622
15673 19 60 0.378
15683 45 76 0.2205
15683 48 72 0.2205
15692 42 82 0.2205
15692 39 84 0.2756
15692 39 62 0.4016
15731 39 84 0.2598
15731 39 82 0.2047
15731 39 76 0.2047
15731 39 72 0.2047
15731 19 64 0.4409
15751 19 69 0.3858
15770 29 84 0.2598
15770 29 82 0.2047
15770 29 76 0.2047
15770 29 72 0.2047
15770 19 67 0.4409
15790 19 64 0.3937
15800 45 76 0.2205
15800 48 72 0.2205
15810 42 82 0.2047
15810 39 84 0.2441
15810 13 62 0.4016
15823 13 64 0.378
15836 13 62 0.3465
15849 39 84 0.2283
15849 39 82 0.189
15849 39 76 0.189
15849 39 72 0.189
15849 180 60 0.3465
15888 29 84 0.2283
15888 29 82 0.189
15888 29 76 0.189
15888 29 72 0.189
15917 45 76 0.2047
15917 48 72 0.2047
15927 42 82 0.2047
15927 39 84 0.2441
15966 39 84 0.2598
15966 39 82 0.2047
15966 39 76 0.2047
15966 39 72 0.2047
16005 29 84 0.2756
16005 29 82 0.2205
16005 29 76 0.2205
16005 29 72 0.2205
16029 131 41 0.2992
16034 48 72 0.2441
16034 126 48 0.315
16037 45 77 0.2441
16039 121 57 0.3307
16040 42 81 0.2441
16044 39 84 0.3071
16044 117 65 0.4331
16083 39 84 0.2913
16083 39 81 0.2283
16083 39 77 0.2283
16083 39 72 0.2283
16122 29 84 0.2913
16122 29 81 0.2283
16122 29 77 0.2283
16122 29 72 0.2283
16151 48 72 0.2441
16154 45 77 0.2441
16158 42 81 0.2441
16161 39 84 0.3071
16180 19 64 0.378
16200 39 84 0.2913
16200 39 81 0.2283
16200 39 77 0.2283
16200 39 72 0.2283
16200 19 62 0.4173
16219 19 60 0.378
16239 29 84 0.2913
16239 29 81 0.2283
16239 29 77 0.2283
16239 29 72 0.2283
16239 19 62 0.4173
16258 19 64 0.378
16268 48 72 0.2441
16271 45 77 0.2441
16275 42 81 0.2441
16278 39 84 0.3071
16278 13 62 0.4409
16278 117 53 0.3543
16291 13 64 0.3543
16304 13 62 0.378
16317 39 84 0.2913
16317 39 81 0.2283
16317 39 77 0.2283
16317 39 72 0.2283
16317 180 60 0.378
16356 29 84 0.2913
16356 29 81 0.2283
16356 29 77 0.2283
16356 29 72 0.2283
16385 48 72 0.2441
16389 45 77 0.2441
16392 42 81 0.2441
16395 39 84 0.3307
16434 39 84 0.2835
16434 39 81 0.2205
16434 39 77 0.2205
16434 39 72 0.2205
16473 29 84 0.2677
16473 29 81 0.2126
16473 29 77 0.2126
16473 29 72 0.2126
16502 48 72 0.2283
16502 126 51 0.2913
16506 45 75 0.2283
16507 121 60 0.2992
16509 42 80 0.2283
16512 39 84 0.2835
16512 117 68 0.3858
16551 39 84 0.2598
16551 39 80 0.2126
16551 39 75 0.2126
16551 39 72 0.2126
16590 29 84 0.2598
16590 29 80 0.2126
16590 29 75 0.2126
16590 29 72 0.2126
16620 48 72 0.2283
16623 45 75 0.2283
16626 42 80 0.2283
16629 39 84 0.2835
16649 19 67 0.3465
16668 39 84 0.2598
16668 39 80 0.2126
16668 39 75 0.2126
16668 39 72 0.2126
16668 19 65 0.3858
16688 19 63 0.3465
16707 29 84 0.2598
16707 29 80 0.2126
16707 29 75 0.2126
16707 29 72 0.2126
16707 19 65 0.3858
16727 19 67 0.3465
16737 48 72 0.2283
16740 45 75 0.2283
16743 42 80 0.2283
16746 39 84 0.2835
16746 13 65 0.3937
16759 13 67 0.3465
16772 13 65 0.3465
16785 39 84 0.2598
16785 39 80 0.2126
16785 39 75 0.2126
16785 39 72 0.2126
16785 195 63 0.3858
16824 29 84 0.2598
16824 29 80 0.2126
16824 29 75 0.2126
16824 29 72 0.2126
16854 48 72 0.2283
16857 45 75 0.2283
16860 42 80 0.2283
16864 39 84 0.2835
16903 39 84 0.2598
16903 39 80 0.2126
16903 39 75 0.2126
16903 39 72 0.2126
16942 39 84 0.2598
16942 39 80 0.2126
16942 39 75 0.2126
16942 39 72 0.2126
16981 39 72 0.2283
16981 39 76 0.2283
16981 39 82 0.2283
16981 39 84 0.2835
16981 39 48 0.315
16981 19 55 0.3701
17000 19 57 0.4016
17020 39 84 0.2677
17020 39 82 0.2126
17020 39 76 0.2126
17020 39 72 0.2126
17020 39 58 0.4173
17059 39 84 0.2677
17059 39 82 0.2126
17059 39 76 0.2126
17059 39 72 0.2126
17059 19 60 0.4331
17078 19 62 0.4488
17098 39 72 0.2283
17098 39 76 0.2283
17098 39 82 0.2283
17098 39 84 0.2835
17098 78 67 0.4803
17137 39 84 0.2756
17137 39 82 0.2205
17137 39 76 0.2205
17137 39 72 0.2205
17176 39 84 0.2913
17176 39 82 0.2362
17176 39 76 0.2362
17176 39 72 0.2362
17176 39 64 0.4803
17215 39 72 0.2677
17215 39 77 0.2677
17215 39 81 0.2677
17215 39 84 0.315
17215 117 53 0.3228
17215 13 62 0.4488
17228 13 64 0.4331
17241 13 62 0.4016
17254 39 84 0.2992
17254 39 81 0.2362
17254 39 77 0.2362
17254 39 72 0.2362
17254 78 60 0.4016
17293 39 84 0.2992
17293 39 81 0.2362
17293 39 77 0.2362
17293 39 72 0.2362
17332 39 72 0.2677
17332 39 74 0.2677
17332 39 78 0.2677
17332 39 81 0.2677
17332 39 86 0.315
17332 117 50 0.5197
17371 39 72 0.2362
17371 39 86 0.2992
17371 39 81 0.2362
17371 39 78 0.2362
17371 39 74 0.2362
17371 39 57 0.4803
17410 39 72 0.2362
17410 39 86 0.2992
17410 39 81 0.2362
17410 39 78 0.2362
17410 39 74 0.2362
17410 39 62 0.4803
17449 39 70 0.2677
17449 39 74 0.2677
17449 39 79 0.2677
17449 39 82 0.315
17449 19 55 0.3858
17449 19 62 0.4409
17469 19 64 0.4803
17488 39 82 0.2992
17488 39 79 0.2362
17488 39 74 0.2362
17488 39 70 0.2362
17488 39 65 0.5039
17527 39 82 0.2992
17527 39 79 0.2362
17527 39 74 0.2362
17527 39 70 0.2362
17527 19 62 0.4882
17547 13 55 0.4409
17560 19 48 0.3858
17563 13 55 0.3858
17566 39 70 0.2677
17566 39 72 0.2677
17566 39 76 0.2677
17566 39 82 0.315
17566 13 62 0.4646
17579 13 64 0.4016
17592 13 62 0.4173
17605 39 82 0.2992
17605 39 76 0.2362
17605 39 72 0.2362
17605 39 70 0.2362
17605 39 60 0.3937
17644 39 82 0.2992
17644 39 76 0.2362
17644 39 72 0.2362
17644 39 70 0.2362
17644 39 48 0.3465
17677 26 41 0.3228
17680 19 48 0.3228
17683 39 69 0.2205
17683 39 72 0.2205
17683 39 77 0.2677
17683 39 81 0.315
17683 19 57 0.4016
17703 19 55 0.3858
17722 39 81 0.2677
17722 39 77 0.2126
17722 39 72 0.1811
17722 39 69 0.1811
17722 195 53 0.3543
17761 39 81 0.2677
17761 39 77 0.2126
17761 39 72 0.1811
17761 39 69 0.1811
17800 39 69 0.2047
17800 39 72 0.2047
17800 39 77 0.2441
17800 39 81 0.2441
17839 39 81 0.2283
17839 39 77 0.2283
17839 39 72 0.189
17839 39 69 0.189
17878 39 81 0.2283
17878 39 77 0.2283
17878 39 72 0.189
17878 39 69 0.189
17911 26 41 0.2913
17914 19 49 0.2992
17918 39 69 0.1969
17918 39 73 0.1969
17918 39 77 0.2283
17918 39 81 0.2835
17918 19 57 0.3622
17937 19 55 0.3465
17957 39 81 0.2283
17957 39 77 0.189
17957 39 73 0.1496
17957 39 69 0.1496
17957 195 53 0.3071
17996 39 81 0.2283
17996 39 77 0.189
17996 39 73 0.1496
17996 39 69 0.1496
18035 39 69 0.1811
18035 39 73 0.1811
18035 39 77 0.2205
18035 39 81 0.2205
18074 39 81 0.2047
18074 39 77 0.2047
18074 39 73 0.1575
18074 39 69 0.1575
18113 39 81 0.2047
18113 39 77 0.2047
18113 39 73 0.1575
18113 39 69 0.1575
18145 26 41 0.2913
18148 19 48 0.2992
18152 39 69 0.1969
18152 39 72 0.1969
18152 39 77 0.2362
18152 39 81 0.2835
18152 19 57 0.3622
18171 19 55 0.3465
18191 39 81 0.2362
18191 39 77 0.189
18191 39 72 0.1575
18191 39 69 0.1575
18191 195 53 0.315
18230 39 81 0.2362
18230 39 77 0.189
18230 39 72 0.1575
18230 39 69 0.1575
18269 39 69 0.189
18269 39 72 0.189
18269 39 77 0.2283
18269 39 81 0.2283
18308 39 81 0.2126
18308 39 77 0.2126
18308 39 72 0.1732
18308 39 69 0.1732
18347 39 81 0.2126
18347 39 77 0.2126
18347 39 72 0.1732
18347 39 69 0.1732
18379 26 41 0.2756
18383 19 49 0.2835
18386 39 69 0.1811
18386 39 73 0.1811
18386 39 77 0.2126
18386 39 81 0.2677
18386 19 57 0.3307
18405 19 55 0.3228
18425 39 81 0.2126
18425 39 77 0.1732
18425 39 73 0.1417
18425 39 69 0.1417
18425 195 53 0.2913
18464 39 81 0.2126
18464 39 77 0.1732
18464 39 73 0.1417
18464 39 69 0.1417
18503 39 69 0.1575
18503 39 73 0.1575
18503 39 77 0.2047
18503 39 81 0.2047
18542 39 81 0.189
18542 39 77 0.189
18542 39 73 0.1496
18542 39 69 0.1496
18581 39 81 0.189
18581 39 77 0.189
18581 39 73 0.1496
18581 39 69 0.1496
18614 26 41 0.2362
18617 19 48 0.2362
18620 39 69 0.2126
18620 39 72 0.2126
18620 39 77 0.2126
18620 39 81 0.2126
18620 19 57 0.2913
18640 19 55 0.2756
18659 39 81 0.1969
18659 39 77 0.1969
18659 39 72 0.1969
18659 39 69 0.1969
18659 117 53 0.2598
18698 39 81 0.1969
18698 39 77 0.1969
18698 39 72 0.1969
18698 39 69 0.1969
18737 39 69 0.189
18737 39 72 0.189
18737 39 77 0.189
18737 39 81 0.189
18815 39 48 0.2677
18854 19 41 0.2205
18874 19 57 0.2677
18874 19 48 0.2283
18893 19 60 0.2756
18893 19 53 0.2362
18913 19 65 0.2913
18913 19 57 0.2441
18932 19 69 0.2992
18932 19 60 0.2441
18952 19 72 0.3071
18952 19 65 0.2598
18972 19 77 0.3622
18972 19 69 0.2677
18991 19 69 0.2598
18991 19 60 0.2126
19011 19 72 0.2756
19011 19 65 0.2283
19030 19 77 0.2992
19030 19 69 0.2362
19050 19 81 0.315
19050 19 72 0.2598
19069 19 84 0.3465
19069 19 77 0.2756
19089 117 89 0.3622
19089 117 81 0.2835
19206 117 57 0.2126
19206 117 60 0.2126
19206 117 65 0.2598
19206 117 69 0.2598
19206 117 41 0.1732
19206 117 48 0.1732
19206 117 53 0.2047
