0 62 67 0.7087
60 62 65 0.6693
120 62 70 0.7008
179 32 72 0.7165
210 32 77 0.6378
240 62 74 0.6772
300 32 72 0.6693
330 32 77 0.6378
359 62 74 0.6693
420 62 70 0.6772
480 62 72 0.6772
540 62 67 0.6457
600 56 65 0.6378
660 59 58 0.5433
660 59 67 0.6457
660 59 62 0.5433
719 60 60 0.5354
719 60 57 0.5354
719 60 65 0.6299
780 60 62 0.5354
780 60 58 0.5354
780 60 70 0.6299
840 59 60 0.5433
840 29 72 0.6457
840 59 69 0.5433
869 30 77 0.6142
900 59 69 0.5354
900 59 74 0.6378
900 59 65 0.5354
960 59 60 0.5354
960 59 69 0.5354
960 30 72 0.6378
990 29 77 0.6063
1019 56 70 0.5591
1019 56 65 0.5591
1019 56 74 0.6614
1080 60 67 0.5197
1080 60 62 0.5197
1080 60 70 0.6142
1140 59 67 0.5118
1140 59 64 0.5118
1140 59 72 0.6063
1200 59 60 0.4646
1200 59 67 0.5512
1200 59 55 0.4646
1260 56 65 0.5197
1260 56 57 0.4409
1260 56 60 0.4409
1320 62 65 0.7244
1380 62 67 0.6929
1439 62 62 0.6535
1500 32 65 0.6772
1530 32 67 0.5827
1560 62 60 0.6299
1620 32 67 0.6693
1650 32 69 0.6063
1680 56 65 0.6535
1739 60 77 0.6614
1739 60 65 0.5591
1800 59 65 0.5433
1800 59 74 0.6457
1859 60 65 0.5354
1859 30 72 0.6299
1889 30 70 0.5827
1920 56 65 0.622
1980 62 65 0.7244
2039 62 67 0.6929
2100 62 62 0.6693
2160 32 65 0.6772
2190 32 67 0.6063
2220 62 63 0.6693
2280 32 70 0.7244
2310 32 72 0.5827
2340 56 68 0.6142
2400 59 80 0.6614
2400 59 68 0.5591
2460 60 68 0.5354
2460 60 77 0.6299
2520 30 75 0.6142
2520 60 68 0.5197
2550 30 73 0.6142
2580 56 68 0.5827
2640 60 68 0.378
2640 60 56 0.315
2640 180 63 0.315
2700 59 70 0.3858
2700 59 58 0.3228
2760 60 56 0.3228
2760 60 68 0.3858
2820 89 63 0.3858
2820 30 58 0.3228
2820 30 70 0.3858
2850 29 60 0.3228
2850 29 72 0.3858
2879 30 75 0.4173
2879 120 63 0.3543
2910 30 70 0.3858
2910 30 58 0.3228
2940 56 68 0.3622
2940 56 56 0.3071
3000 29 73 0.5748
3000 29 61 0.4882
3000 29 65 0.4882
3000 29 68 0.4882
3029 30 72 0.4567
3029 30 75 0.5433
3029 30 68 0.4567
3029 30 63 0.4567
3060 30 65 0.4882
3060 30 77 0.5748
3060 30 73 0.4882
3060 30 68 0.4882
3090 30 80 0.5906
3120 30 70 0.4803
3120 30 75 0.4803
3120 30 66 0.4803
3120 30 78 0.5669
3150 29 68 0.4488
3150 29 65 0.4488
3150 29 73 0.4488
3150 29 77 0.5354
3179 30 63 0.4961
3179 30 75 0.5906
3179 30 68 0.4961
3179 30 72 0.4961
3210 29 78 0.5433
3210 29 66 0.4567
3240 29 70 0.4567
3240 29 77 0.5433
3240 29 73 0.4567
3240 29 65 0.4567
3269 30 61 0.4488
3269 30 73 0.5354
3300 56 68 0.4252
3300 56 75 0.5039
3300 56 72 0.4252
3300 56 63 0.4252
3360 179 63 0.3386
3360 59 68 0.4016
3360 59 56 0.3386
3419 60 70 0.4016
3419 60 58 0.3386
3479 60 56 0.3386
3479 60 68 0.4016
3540 29 58 0.3543
3540 60 63 0.3543
3540 29 70 0.4173
3569 30 72 0.4331
3569 30 60 0.3622
3600 29 63 0.4094
3600 29 75 0.4882
3629 30 58 0.3858
3629 30 70 0.4646
3660 59 60 0.4094
3660 59 72 0.4882
3660 179 67 0.4094
3719 60 62 0.4252
3719 60 74 0.5039
3779 60 60 0.4173
3779 60 72 0.4961
3840 29 62 0.4094
3840 60 67 0.4094
3840 29 74 0.4882
3869 30 77 0.4882
3869 30 65 0.4094
3900 29 79 0.5039
3900 119 67 0.4252
3929 30 62 0.4173
3929 30 74 0.4961
3960 56 72 0.4803
3960 56 60 0.4016
4019 30 72 0.5276
4019 30 65 0.5276
4019 30 69 0.5276
4019 30 77 0.622
4050 29 72 0.4803
4050 29 79 0.5669
4050 29 76 0.4803
4050 29 67 0.4803
4079 30 69 0.5433
4079 30 81 0.6457
4079 30 72 0.5433
4079 30 77 0.5433
4110 29 72 0.4803
4110 29 84 0.5669
4140 29 74 0.5354
4140 29 70 0.5354
4140 29 79 0.5354
4140 29 82 0.6378
4170 30 69 0.4961
4170 30 81 0.5906
4170 30 72 0.4961
4170 30 77 0.4961
4200 29 76 0.6378
4200 29 79 0.6378
4200 29 67 0.5354
4200 29 72 0.5354
4230 30 70 0.4961
4230 30 82 0.5906
4260 29 74 0.5276
4260 29 69 0.5276
4260 29 77 0.5276
4260 29 81 0.622
4290 29 65 0.4882
4290 29 77 0.5827
4320 56 72 0.4567
4320 56 67 0.4567
4320 56 79 0.5433
4320 56 76 0.4567
4380 60 69 0.3701
4380 30 81 0.4409
4380 60 72 0.3701
4410 29 76 0.4016
4440 60 65 0.3543
4440 60 74 0.3543
4440 60 77 0.4252
4500 60 69 0.3386
4500 60 72 0.3386
4500 60 81 0.4016
4560 59 64 0.3071
4560 59 74 0.3701
4560 59 70 0.3071
4620 60 81 0.4016
4620 60 69 0.3386
4620 60 72 0.3386
4680 60 70 0.3071
4680 60 74 0.3701
4680 60 64 0.3071
4740 60 69 0.3701
4740 29 77 0.4409
4740 60 65 0.3701
4770 30 72 0.4016
4800 60 70 0.3543
4800 60 65 0.3543
4800 60 74 0.4252
4860 59 69 0.3465
4860 59 65 0.3465
4860 59 77 0.4094
4920 60 70 0.3071
4920 60 74 0.3701
4920 60 65 0.3071
4980 60 69 0.3543
4980 30 77 0.4252
4980 60 65 0.3543
5010 29 72 0.4016
5040 56 70 0.3465
5040 56 65 0.3465
5040 56 74 0.4094
5100 60 67 0.3543
5100 29 63 0.3543
5100 60 72 0.4173
5130 30 64 0.3622
5160 59 65 0.3228
5160 59 69 0.3858
5160 59 60 0.3228
5220 60 70 0.3622
5220 60 62 0.3071
5220 60 65 0.3071
5280 60 72 0.4252
5280 30 63 0.3543
5280 60 67 0.3543
5310 29 64 0.3701
5340 60 65 0.3228
5340 60 60 0.3228
5340 60 69 0.3858
5400 60 62 0.3701
5400 60 65 0.3701
5400 29 70 0.4409
5430 30 74 0.4094
5460 59 67 0.3701
5460 59 64 0.3701
5460 59 72 0.4409
5520 60 62 0.3071
5520 60 69 0.3622
5520 60 65 0.3071
5520 60 60 0.3071
5580 56 64 0.3386
5580 56 72 0.4016
5580 56 67 0.3386
5640 60 65 0.5827
5640 60 77 0.6929
5700 29 67 0.5433
5700 29 75 0.6457
5700 29 70 0.5433
5700 29 63 0.5433
5730 29 62 0.5197
5730 29 74 0.6142
5759 30 65 0.4961
5759 30 72 0.5906
5759 30 69 0.4961
5759 30 60 0.4961
5790 29 62 0.4724
5790 29 70 0.5591
5790 29 65 0.4724
5820 60 65 0.5433
5820 60 60 0.5433
5820 60 72 0.6457
5880 60 65 0.5591
5880 60 62 0.5591
5880 60 74 0.6614
5940 60 69 0.5748
5940 60 77 0.6772
5940 60 72 0.5748
5940 60 65 0.5748
6000 29 67 0.5984
6000 29 79 0.7087
6000 29 75 0.5984
6000 29 70 0.5984
6030 29 82 0.6457
6030 29 70 0.5433
6059 56 65 0.5827
6059 56 77 0.6929
6120 60 67 0.6142
6120 60 79 0.7244
6180 60 77 0.7008
6180 60 65 0.5906
6240 29 70 0.5354
6240 29 63 0.5354
6240 29 67 0.5354
6240 29 75 0.6378
6270 30 74 0.5591
6270 30 62 0.4724
6300 29 60 0.4882
6300 29 72 0.5748
6300 29 65 0.4882
6300 29 69 0.4882
6330 29 70 0.5591
6330 29 62 0.4724
6330 29 65 0.4724
6359 60 72 0.5906
6359 60 60 0.4961
6359 60 65 0.4961
6420 59 74 0.7087
6420 59 65 0.5984
6420 59 62 0.5984
6480 59 72 0.5827
6480 59 77 0.6929
6480 59 69 0.5827
6480 59 65 0.5827
6539 30 75 0.6063
6539 30 67 0.6063
6539 30 70 0.6063
6539 30 79 0.7165
6570 29 82 0.6457
6570 29 70 0.5433
6600 56 65 0.5827
6600 56 77 0.6929
6659 60 67 0.6063
6659 60 79 0.7165
6720 58 77 0.6929
6720 58 65 0.5827
6780 59 67 0.7323
6839 60 65 0.7087
6900 29 72 0.6063
6900 29 67 0.6063
6900 29 76 0.6063
6900 29 79 0.7165
6930 29 70 0.5118
6930 29 82 0.6063
6959 56 77 0.6693
6959 56 65 0.5669
7020 59 79 0.7244
7020 59 67 0.6142
7080 56 77 0.7087
7080 56 65 0.5984
7139 60 58 0.5827
7139 60 63 0.5827
7139 60 67 0.6929
7200 59 57 0.5827
7200 59 60 0.5827
7200 59 65 0.6929
7259 60 58 0.6142
7259 60 65 0.6142
7259 60 70 0.7244
7320 29 60 0.5669
7320 29 72 0.6693
7320 29 65 0.5669
7320 29 69 0.5669
7350 29 65 0.5354
7350 29 77 0.6299
7380 59 65 0.5748
7380 59 62 0.5748
7380 59 70 0.5748
7380 59 74 0.6772
7439 30 60 0.5669
7439 30 72 0.6693
7439 30 65 0.5669
7439 30 69 0.5669
7470 29 77 0.6142
7470 29 65 0.5197
7500 59 70 0.5669
7500 59 74 0.6693
7500 59 65 0.5669
7500 59 62 0.5669
7559 60 65 0.5669
7559 60 58 0.5669
7559 60 62 0.5669
7559 60 70 0.6693
7620 59 63 0.5591
7620 59 72 0.6614
7620 59 67 0.5591
7620 59 60 0.5591
7680 59 55 0.5197
7680 59 67 0.6142
7680 59 60 0.5197
7680 59 64 0.5197
7739 56 57 0.5197
7739 56 60 0.5197
7739 56 65 0.6142
7800 59 55 0.6142
7800 59 62 0.6142
7800 59 67 0.7244
7859 60 57 0.6063
7859 60 60 0.6063
7859 60 65 0.7165
7920 59 58 0.6063
7920 59 70 0.7165
7920 59 65 0.6063
7980 29 65 0.5669
7980 29 69 0.5669
7980 29 60 0.5669
7980 29 72 0.6693
8009 29 77 0.6142
8009 29 65 0.5197
8039 60 70 0.5669
8039 60 74 0.6693
8039 60 65 0.5669
8039 60 62 0.5669
8100 59 62 0.5984
8100 59 58 0.5984
8100 59 70 0.7087
8100 59 67 0.5984
8159 60 67 0.6142
8159 60 75 0.7244
8159 60 72 0.6142
8159 60 63 0.6142
8220 59 60 0.5669
8220 59 72 0.6693
8220 59 65 0.5669
8220 59 69 0.5669
8280 59 70 0.6772
8280 59 62 0.5748
8280 59 65 0.5748
8340 17 59 0.7244
8355 17 51 0.6535
8370 17 50 0.5827
8385 17 59 0.685
8400 17 58 0.6693
8415 17 50 0.6378
8430 165 54 0.7165
8610 17 59 0.4331
8625 17 51 0.3858
8640 17 50 0.3465
8655 17 59 0.4094
8670 17 58 0.3937
8685 17 50 0.3465
8700 164 54 0.3937
8880 17 59 0.7244
8895 17 51 0.6535
8910 17 50 0.5748
8925 17 59 0.685
8940 17 58 0.6299
8955 17 49 0.5827
8970 14 52 0.6929
9000 14 58 0.6063
9015 15 47 0.5827
9030 15 51 0.6299
9060 15 58 0.6142
9075 14 46 0.5906
9090 22 50 0.7008
9120 14 46 0.6693
9150 22 58 0.748
9150 22 70 0.748
9180 29 94 0.8031
9180 29 82 0.8031
9240 17 59 0.7244
9255 17 51 0.6535
9270 17 50 0.5984
9285 17 59 0.685
9300 17 58 0.6378
9315 17 50 0.6142
9330 165 54 0.7165
9510 17 59 0.7244
9525 17 51 0.6535
9540 17 50 0.5906
9555 17 59 0.6693
9570 17 58 0.6535
9585 17 49 0.5906
9600 14 52 0.6929
9630 15 58 0.6063
9645 14 47 0.5827
9660 15 51 0.6299
9690 15 58 0.6142
9705 15 46 0.5906
9720 22 50 0.685
9750 14 46 0.6693
9780 22 58 0.7795
9780 22 70 0.7795
9810 22 82 0.7402
9810 22 70 0.7402
9840 30 94 0.8031
9840 30 82 0.8031
9960 22 89 0.622
9960 22 82 0.5276
9960 22 78 0.5276
9990 105 87 0.5669
9990 105 82 0.4803
9990 105 78 0.4803
10140 22 85 0.5906
10140 22 78 0.4961
10140 22 75 0.4961
10170 44 75 0.4724
10170 44 78 0.4724
10170 44 84 0.5591
10230 22 71 0.4882
10230 22 75 0.4882
10230 22 80 0.5827
10260 45 71 0.4646
10260 45 75 0.4646
10260 45 78 0.5512
10320 22 66 0.4567
10320 22 70 0.4567
10320 22 77 0.5433
10350 104 66 0.4409
10350 104 70 0.4409
10350 104 75 0.5276
10500 22 63 0.4409
10500 22 66 0.4409
10500 22 73 0.5197
10530 45 63 0.4016
10530 45 66 0.4016
10530 45 72 0.4724
10590 22 59 0.4016
10590 22 63 0.4016
10590 22 68 0.4803
10620 44 59 0.3622
10620 44 63 0.3622
10620 44 66 0.4331
10702 7 59 0.5669
10710 15 58 0.7874
10732 7 47 0.5433
10740 15 46 0.7402
10860 22 89 0.5039
10860 22 82 0.4252
10860 22 78 0.4252
10890 105 87 0.4646
10890 105 82 0.3937
10890 105 78 0.3937
11040 22 85 0.4882
11040 22 78 0.4094
11040 22 75 0.4094
11070 44 75 0.3858
11070 44 78 0.3858
11070 44 84 0.4567
11130 22 71 0.4016
11130 22 75 0.4016
11130 22 80 0.4803
11160 45 71 0.378
11160 45 75 0.378
11160 45 78 0.4488
11220 22 66 0.3701
11220 22 70 0.3701
11220 22 77 0.4409
11250 104 66 0.3543
11250 104 70 0.3543
11250 104 75 0.4252
11400 22 63 0.3543
11400 22 66 0.3543
11400 22 73 0.4252
11430 45 63 0.3228
11430 45 66 0.3228
11430 45 72 0.3858
11490 22 59 0.3307
11490 22 63 0.3307
11490 22 68 0.3937
11519 45 59 0.2992
11519 45 63 0.2992
11519 45 66 0.3543
11602 7 59 0.5197
11610 15 58 0.7087
11632 7 47 0.4961
11640 15 46 0.6614
11760 17 59 0.7244
11775 17 51 0.6535
11790 17 50 0.5906
11805 17 59 0.6772
11819 17 58 0.6457
11835 17 50 0.5984
11850 52 54 0.7165
11902 7 47 0.6299
11910 22 46 0.8268
12030 17 59 0.7244
12044 17 51 0.6535
12060 17 50 0.5984
12075 17 59 0.6614
12090 17 58 0.6457
12105 17 49 0.5748
12119 15 52 0.6929
12150 14 58 0.6063
12165 15 47 0.5827
12180 14 51 0.6299
12210 15 58 0.6142
12225 14 46 0.5906
12240 29 50 0.6378
12269 15 46 0.6693
12322 7 59 0.6142
12330 14 58 0.8031
12352 7 47 0.6614
12360 15 46 0.8189
12390 90 47 0.8583
12480 29 46 0.7402
12569 120 51 0.4567
12690 120 57 0.3701
12690 120 69 0.4409
12810 119 51 0.4567
12929 120 58 0.3701
12929 120 70 0.4409
13050 119 51 0.4567
13169 59 63 0.4016
13169 59 75 0.4724
13229 60 62 0.3937
13229 60 74 0.4646
13290 119 64 0.4016
13290 119 76 0.4803
13410 119 63 0.3701
13410 119 75 0.4409
13529 60 51 0.4567
13590 59 63 0.4016
13590 59 75 0.4724
13650 59 62 0.3701
13650 59 74 0.4409
13710 59 66 0.4016
13710 59 78 0.4724
13769 59 65 0.378
13769 59 77 0.4488
13829 60 58 0.3465
13829 60 70 0.4094
13890 119 65 0.3701
13890 119 77 0.4409
14010 59 66 0.3937
14010 59 78 0.4646
14069 59 65 0.3307
14069 59 77 0.3937
14129 60 58 0.3543
14129 60 70 0.4252
14190 59 66 0.2992
14190 59 78 0.3543
14250 17 59 0.7244
14265 17 51 0.6535
14279 17 50 0.5984
14294 17 59 0.685
14310 17 58 0.6693
14325 17 50 0.6378
14340 29 54 0.7165
14429 120 51 0.4567
14550 119 57 0.3701
14550 119 69 0.4409
14669 120 51 0.4567
14790 119 58 0.3701
14790 119 70 0.4409
14910 119 51 0.4567
15029 60 65 0.4016
15029 60 77 0.4724
15090 59 64 0.3937
15090 59 76 0.4646
15150 119 68 0.4016
15150 119 80 0.4803
15269 120 67 0.3543
15269 120 79 0.4252
15390 59 51 0.4567
15450 59 65 0.4016
15450 59 77 0.4724
15510 59 64 0.3701
15510 59 76 0.5512
15569 59 68 0.4016
15569 59 80 0.4724
15629 60 67 0.378
15629 60 79 0.4488
15690 59 61 0.3465
15690 59 73 0.4094
15750 119 67 0.3701
15750 119 79 0.4409
15869 59 68 0.3937
15869 59 80 0.4646
15929 60 67 0.3307
15929 60 79 0.3937
15990 59 61 0.3543
15990 59 73 0.4252
16050 59 67 0.2992
16050 59 79 0.3543
16110 17 64 0.7244
16125 17 56 0.6535
16140 17 55 0.622
16154 17 64 0.685
16169 17 63 0.6693
16185 17 55 0.6378
16200 29 59 0.7165
16290 119 56 0.4567
16410 119 62 0.3701
16410 119 74 0.4409
16530 120 56 0.4567
16650 119 63 0.3701
16650 119 75 0.4409
16770 17 71 0.685
16785 17 63 0.6142
16800 17 62 0.5906
16815 17 71 0.6457
16830 17 70 0.6299
16845 17 63 0.5984
16860 30 66 0.6772
16942 7 63 0.5669
16942 7 75 0.6693
16950 119 75 0.6614
16950 119 87 0.7795
17070 59 74 0.5906
17070 59 86 0.7008
17130 60 78 0.5354
17130 60 90 0.6299
17190 59 77 0.622
17190 59 89 0.7323
17250 59 70 0.5276
17250 59 82 0.622
17310 119 76 0.5827
17310 119 88 0.6929
17430 120 75 0.622
17430 120 87 0.7402
17550 59 74 0.6142
17550 59 86 0.7244
17610 59 68 0.5197
17610 59 80 0.6142
17670 59 73 0.6142
17670 59 85 0.7244
17730 60 66 0.5118
17730 60 78 0.6063
17790 119 72 0.5591
17790 119 84 0.6614
17910 119 71 0.5984
17910 119 83 0.7087
18030 60 70 0.5512
18030 60 82 0.685
18090 59 63 0.4724
18090 59 75 0.5591
18150 119 69 0.5276
18150 119 81 0.622
18270 59 68 0.5197
18270 59 80 0.6142
18330 52 62 0.4567
18330 52 74 0.5433
18382 7 63 0.5197
18382 7 75 0.6142
18390 119 75 0.5984
18390 119 87 0.7087
18510 119 74 0.5591
18510 119 86 0.6614
18630 120 73 0.5669
18630 120 85 0.6693
18750 119 72 0.5276
18750 119 84 0.6457
18870 120 71 0.5354
18870 120 83 0.6378
18990 119 70 0.4882
18990 119 82 0.5827
19110 119 69 0.4961
19110 119 81 0.5906
19230 120 68 0.4646
19230 120 80 0.5512
19350 119 67 0.4646
19350 119 79 0.5512
19470 120 66 0.4409
19470 120 78 0.5276
19590 119 65 0.4252
19590 119 77 0.5039
19710 59 64 0.4016
19710 59 76 0.4724
20190 29 89 0.4724
20190 29 82 0.4016
20190 29 78 0.4016
20220 59 87 0.4724
20220 59 78 0.4016
20220 59 82 0.4016
20370 30 85 0.4724
20370 30 75 0.4724
20370 30 78 0.4724
20400 44 84 0.4724
20400 44 78 0.4724
20400 44 75 0.4724
20460 30 71 0.4016
20460 30 75 0.4016
20460 30 80 0.4724
20490 44 71 0.4016
20490 44 75 0.4016
20490 44 78 0.4724
20550 29 66 0.4016
20550 29 70 0.4016
20550 29 77 0.4724
20580 60 66 0.4016
20580 60 70 0.4016
20580 60 75 0.4724
20730 30 66 0.4016
20730 30 63 0.4016
20730 30 73 0.4724
20760 44 63 0.4016
20760 44 66 0.4016
20760 44 72 0.4724
20820 30 59 0.4016
20820 30 63 0.4016
20820 30 68 0.4724
20850 44 59 0.4016
20850 44 63 0.4016
20850 44 66 0.4724
20910 30 54 0.4016
20910 30 58 0.4016
20910 30 65 0.4724
20940 44 54 0.4016
20940 44 58 0.4016
20940 44 63 0.4724
21090 29 51 0.4882
21090 29 54 0.4882
21090 29 61 0.5827
21120 45 51 0.4882
21120 45 54 0.4882
21120 45 60 0.5827
21262 29 63 0.5591
21262 29 66 0.5591
21262 29 73 0.7402
21292 45 63 0.5354
21292 45 66 0.5354
21292 45 72 0.7165
21442 30 68 0.7165
21442 30 71 0.7165
21442 30 75 0.8031
21472 44 68 0.6772
21472 44 71 0.6772
21472 44 76 0.7559
21472 44 75 0.7559
21622 59 68 0.7638
21622 59 71 0.7638
21622 59 75 0.8504
21682 90 68 0.7087
21682 90 71 0.7087
21682 90 76 0.7874
21682 90 75 0.7874
21862 29 71 0.748
21892 15 70 0.7638
21907 15 65 0.6535
21922 15 66 0.6693
21937 15 69 0.685
21952 14 70 0.7087
21967 15 71 0.685
21982 15 69 0.7244
21997 15 70 0.685
22012 15 74 0.7008
22027 14 75 0.7165
22042 15 77 0.7323
22057 15 78 0.748
22072 15 77 0.8189
22087 15 74 0.7008
22102 14 75 0.7244
22117 15 77 0.748
22132 15 78 0.7638
22147 15 81 0.7795
22162 15 82 0.8268
22177 14 83 0.7795
22192 15 81 0.7165
22207 15 82 0.7402
22222 15 86 0.7638
22237 15 87 0.7874
22263 37 75 0.6929
22267 33 82 0.7874
22275 29 90 0.8898
660 59 43 0.4882
660 59 55 0.5827
719 60 45 0.4567
719 60 53 0.5433
780 60 43 0.4567
780 60 55 0.5433
840 59 41 0.4409
840 59 53 0.5197
900 59 38 0.4016
900 59 50 0.4724
960 59 41 0.4567
960 59 53 0.5433
1019 59 46 0.4409
1019 59 58 0.5276
1080 60 43 0.4173
1080 60 55 0.4961
1140 59 36 0.4409
1140 59 48 0.4409
1200 59 40 0.3858
1200 59 52 0.4567
1260 56 41 0.3701
1260 56 53 0.4409
1739 60 53 0.5748
1739 60 41 0.4882
1800 59 58 0.5433
1800 59 46 0.4567
1859 60 55 0.5276
1859 60 43 0.4409
1920 56 53 0.4803
1920 56 41 0.4016
2400 59 56 0.5748
2400 59 44 0.4882
2460 60 61 0.5354
2460 60 49 0.4488
2520 60 58 0.5276
2520 60 46 0.4409
2580 56 56 0.5039
2580 56 44 0.4252
2640 119 42 0.2913
2640 119 30 0.2441
2760 60 29 0.2205
2760 60 41 0.2677
2820 59 30 0.2441
2820 59 42 0.2913
2879 60 30 0.2205
2879 60 42 0.2677
2940 56 42 0.2205
2940 56 54 0.2598
3000 29 41 0.3622
3000 29 53 0.4331
3029 30 51 0.3937
3029 30 39 0.3307
3060 60 37 0.3622
3060 60 49 0.4331
3120 30 39 0.3701
3120 30 51 0.4409
3150 29 41 0.3386
3150 29 53 0.4016
3179 60 56 0.4409
3179 60 44 0.3701
3240 60 58 0.3622
3240 60 46 0.3071
3300 56 44 0.2913
3300 56 56 0.3465
3360 119 30 0.2283
3360 119 42 0.2756
3479 60 29 0.2441
3479 60 41 0.2913
3540 60 30 0.2441
3540 60 42 0.2992
3600 29 42 0.2913
3600 29 54 0.3465
3660 119 46 0.3228
3660 119 34 0.2677
3779 60 45 0.315
3779 60 33 0.2677
3840 60 46 0.3307
3840 60 34 0.2756
3900 60 46 0.3228
3900 60 34 0.2677
3960 56 58 0.3228
3960 56 46 0.2677
4019 30 57 0.4882
4019 30 45 0.4094
4050 29 55 0.4409
4050 29 43 0.3701
4079 60 41 0.4016
4079 60 53 0.4803
4140 29 55 0.4803
4140 29 43 0.4016
4170 30 45 0.3701
4170 30 57 0.4409
4200 60 60 0.4882
4200 60 48 0.4094
4260 59 50 0.4016
4260 59 62 0.4724
4320 56 48 0.3858
4320 56 60 0.4567
4380 60 57 0.3386
4380 60 45 0.2835
4440 60 46 0.2598
4440 60 58 0.3071
4500 60 53 0.3386
4500 60 41 0.2835
4560 59 55 0.2913
4560 59 43 0.2441
4620 60 53 0.3307
4620 60 41 0.2756
4680 60 55 0.2913
4680 60 43 0.2441
4740 60 50 0.3465
4740 60 38 0.2913
4800 60 55 0.3228
4800 60 43 0.2677
4860 59 50 0.3465
4860 59 38 0.2913
4920 60 55 0.2756
4920 60 43 0.2283
4980 60 50 0.3465
4980 60 38 0.2913
5040 56 55 0.315
5040 56 43 0.2677
5100 60 48 0.3386
5100 60 36 0.2835
5160 59 41 0.2677
5160 59 53 0.3228
5220 60 43 0.2283
5220 60 55 0.2756
5280 60 48 0.3307
5280 60 36 0.2756
5340 60 41 0.2677
5340 60 53 0.315
5400 60 55 0.3228
5400 60 43 0.2677
5460 59 48 0.3307
5460 59 36 0.2756
5520 60 41 0.2756
5580 56 48 0.3071
5580 56 36 0.2598
5640 60 41 0.5276
5640 60 29 0.4409
5700 59 43 0.5276
5700 59 31 0.4409
5759 30 45 0.4882
5759 30 33 0.4094
5790 29 46 0.4409
5790 29 34 0.3701
5820 60 45 0.5039
5820 60 33 0.4252
5880 60 34 0.4409
5880 60 46 0.5197
5940 60 45 0.5197
5940 60 33 0.4409
6000 59 43 0.4961
6000 59 31 0.4173
6059 56 29 0.4409
6059 56 41 0.5197
6120 60 43 0.5276
6120 60 31 0.4409
6180 60 41 0.5276
6180 60 29 0.4409
6240 60 31 0.4173
6240 60 43 0.4961
6300 29 45 0.4882
6300 29 33 0.4094
6330 29 46 0.4331
6330 29 34 0.3622
6359 60 45 0.4882
6359 60 33 0.4094
6420 59 34 0.4488
6420 59 46 0.5354
6480 59 33 0.4488
6480 59 45 0.5354
6539 60 31 0.4567
6539 60 43 0.5433
6600 56 29 0.4409
6600 56 41 0.5197
6659 60 43 0.5433
6659 60 31 0.4567
6720 58 29 0.4409
6720 58 41 0.5197
6780 59 55 0.5433
6839 60 53 0.5354
6900 59 36 0.4409
6900 59 48 0.5276
6959 56 29 0.4016
6959 56 41 0.4803
7020 59 31 0.4094
7020 59 43 0.4882
7080 56 29 0.4409
7080 56 41 0.5276
7139 60 39 0.4409
7139 60 51 0.5276
7200 59 41 0.4409
7200 59 53 0.5276
7259 60 38 0.4409
7259 60 50 0.5197
7320 59 36 0.4488
7320 59 48 0.5354
7380 59 46 0.4882
7380 59 34 0.4094
7439 60 45 0.5354
7439 60 33 0.4488
7500 59 43 0.4882
7500 59 31 0.4094
7559 60 55 0.4882
7559 60 43 0.4094
7620 59 48 0.5039
7620 59 36 0.4252
7680 59 40 0.3858
7680 59 52 0.4567
7739 56 53 0.4488
7739 56 41 0.378
7800 59 46 0.5433
7800 59 34 0.4567
7859 60 45 0.5197
7859 60 33 0.4409
7920 59 43 0.5276
7920 59 31 0.4409
7980 59 41 0.5354
7980 59 29 0.4488
8039 60 46 0.5039
8039 60 34 0.4252
8100 59 55 0.5354
8100 59 43 0.4488
8159 60 48 0.5039
8159 60 36 0.4252
8220 59 53 0.4724
8220 59 41 0.4016
8280 59 58 0.4882
8280 59 46 0.4094
8340 17 47 0.6299
8355 17 39 0.5906
8370 17 38 0.5512
8385 17 47 0.5984
8400 17 46 0.5827
8415 17 38 0.5512
8430 165 42 0.6299
8610 17 47 0.378
8625 17 39 0.3543
8640 17 38 0.2913
8655 17 47 0.3543
8670 17 46 0.3465
8685 17 38 0.2913
8700 164 42 0.3386
8880 17 47 0.6299
8895 17 39 0.5906
8910 17 38 0.5118
8925 17 47 0.5984
8940 17 46 0.5669
8955 17 37 0.4961
8970 14 40 0.6299
9000 14 46 0.5433
9015 15 35 0.4961
9030 15 39 0.5433
9060 15 46 0.5512
9075 14 34 0.5276
9090 22 38 0.5669
9120 14 34 0.5748
9150 22 46 0.7165
9180 29 70 0.7402
9240 17 47 0.6299
9255 17 39 0.5906
9270 17 38 0.5197
9285 17 47 0.5984
9300 17 46 0.5748
9315 17 38 0.5512
9330 165 42 0.6299
9510 17 47 0.6299
9525 17 39 0.5906
9540 17 38 0.5276
9555 17 47 0.5984
9570 17 46 0.5827
9585 17 37 0.5197
9600 14 40 0.6299
9630 15 46 0.5433
9645 14 35 0.4961
9660 15 39 0.5433
9690 15 46 0.5512
9705 15 34 0.5276
9720 22 38 0.5984
9750 14 34 0.5748
9780 22 46 0.6772
9810 22 58 0.6378
9840 30 70 0.7008
9945 14 27 0.4724
9960 22 39 0.4724
9990 150 39 0.4488
10140 90 45 0.4803
10230 75 54 0.4331
10305 15 27 0.3858
10320 22 39 0.4331
10350 104 39 0.4173
10500 89 45 0.4409
10590 90 54 0.4173
10702 7 47 0.4646
10710 15 46 0.6929
10732 7 35 0.4173
10740 15 34 0.6614
10845 14 27 0.3858
10860 22 39 0.3858
10890 150 39 0.3622
11040 90 45 0.3937
11130 75 54 0.3543
11205 15 27 0.315
11220 22 39 0.3543
11250 104 39 0.3465
11400 89 45 0.3543
11490 90 54 0.3465
11602 7 47 0.4252
11610 15 46 0.5984
11632 7 35 0.3858
11640 15 34 0.5354
11760 17 47 0.6299
11775 17 39 0.5906
11790 17 38 0.5276
11805 17 47 0.5906
11819 17 46 0.5669
11835 17 38 0.5433
11850 52 42 0.6299
11902 7 35 0.5433
11910 22 34 0.7165
12030 17 47 0.6299
12044 17 39 0.5906
12060 17 38 0.5433
12075 17 47 0.5827
12090 17 46 0.5512
12105 17 37 0.5276
12119 15 40 0.6299
12150 14 46 0.5433
12165 15 35 0.4961
12180 14 39 0.5433
12210 15 46 0.5512
12225 14 34 0.5276
12240 29 38 0.5669
12269 15 34 0.5748
12322 7 47 0.4567
12330 14 46 0.6535
12352 7 35 0.4646
12360 15 34 0.6457
12390 90 35 0.7244
12480 29 34 0.5669
12569 120 27 0.3858
12569 120 39 0.4567
12690 120 33 0.3465
12690 120 45 0.4094
12810 119 27 0.3465
12810 119 39 0.4094
12929 120 34 0.3543
12929 120 46 0.4252
13050 119 27 0.3386
13050 119 39 0.4016
13169 59 36 0.3465
13169 59 48 0.4094
13229 60 35 0.3228
13229 60 47 0.3858
13290 119 37 0.3543
13290 119 49 0.4173
13410 119 36 0.3071
13410 119 48 0.3701
13529 60 27 0.3386
13529 60 39 0.4016
13590 59 36 0.3465
13590 59 48 0.4094
13650 59 35 0.2677
13650 59 47 0.315
13710 59 39 0.315
13710 59 51 0.378
13769 59 38 0.2913
13769 59 50 0.3465
13829 60 30 0.2677
13829 60 42 0.3228
13890 119 38 0.2992
13890 119 50 0.3543
14010 59 39 0.2992
14010 59 51 0.3543
14069 59 38 0.2205
14069 59 50 0.2677
14129 60 30 0.252
14129 60 42 0.2992
14190 59 38 0.2047
14190 59 50 0.2441
14250 17 47 0.6299
14265 17 39 0.5906
14279 17 38 0.5433
14294 17 47 0.5984
14310 17 46 0.5827
14325 17 38 0.5512
14340 29 42 0.6299
14429 120 27 0.3858
14429 120 39 0.4567
14550 119 33 0.3465
14550 119 45 0.4094
14669 120 27 0.3465
14669 120 39 0.4094
14790 119 34 0.3543
14790 119 46 0.4252
14910 119 27 0.3386
14910 119 39 0.4016
15029 60 37 0.3465
15029 60 49 0.4094
15090 59 36 0.3228
15090 59 48 0.3858
15150 119 40 0.3543
15150 119 52 0.4173
15269 120 39 0.2992
15269 120 51 0.3543
15390 59 27 0.3386
15390 59 39 0.4016
15450 59 37 0.3465
15450 59 49 0.4094
15510 59 36 0.2677
15510 59 48 0.315
15569 59 40 0.315
15569 59 52 0.378
15629 60 39 0.2913
15629 60 51 0.3465
15690 59 33 0.252
15690 59 45 0.2992
15750 119 39 0.2992
15750 119 51 0.3543
15869 59 40 0.2992
15869 59 52 0.3543
15929 60 39 0.2205
15929 60 51 0.2677
15990 59 33 0.252
15990 59 45 0.2992
16050 59 39 0.2047
16050 59 51 0.2441
16110 17 52 0.6299
16125 17 44 0.5906
16140 17 43 0.5591
16154 17 52 0.5984
16169 17 51 0.5827
16185 17 43 0.5512
16200 29 47 0.6299
16290 119 32 0.3858
16290 119 44 0.4567
16410 119 38 0.3465
16410 119 50 0.4094
16530 120 32 0.3465
16530 120 44 0.4094
16650 119 39 0.3543
16650 119 51 0.4252
16770 17 59 0.5984
16785 17 51 0.5591
16800 17 50 0.5276
16815 17 59 0.5669
16830 17 58 0.5512
16845 17 51 0.5197
16860 30 54 0.5984
16942 7 39 0.4724
16942 7 51 0.5591
16950 59 27 0.5512
16950 59 39 0.6535
17070 120 63 0.6457
17070 120 51 0.5433
17190 119 50 0.5118
17190 119 62 0.6063
17310 119 49 0.4961
17310 119 61 0.5906
17430 120 48 0.5118
17430 120 60 0.6063
17550 119 59 0.5906
17550 119 47 0.4961
17670 120 46 0.4961
17670 120 58 0.5906
17790 119 45 0.4882
17790 119 57 0.5827
17910 119 44 0.4882
17910 119 56 0.5748
18030 120 55 0.4882
18030 120 43 0.4094
18150 119 42 0.4488
18150 119 54 0.5354
18270 112 53 0.4803
18270 112 41 0.4016
18382 7 39 0.5118
18382 7 51 0.6063
18390 119 27 0.5906
18390 119 39 0.7008
18510 59 40 0.5433
18510 59 52 0.6457
18570 59 47 0.4803
18570 59 59 0.5669
18630 60 46 0.5197
18630 60 58 0.6142
18690 59 51 0.4646
18690 59 39 0.4646
18690 59 58 0.5512
18750 119 45 0.5039
18750 119 57 0.5984
18870 120 44 0.5591
18870 120 56 0.6614
18990 59 43 0.5118
18990 59 55 0.6063
19050 59 37 0.4724
19050 59 49 0.5591
19110 59 36 0.4803
19110 59 48 0.5669
19170 59 42 0.4409
19170 59 54 0.5197
19230 120 41 0.4724
19230 120 53 0.5591
19350 59 40 0.4409
19350 59 52 0.5276
19410 59 35 0.378
19410 59 47 0.4488
19470 120 39 0.4094
19470 120 51 0.4882
19590 59 38 0.4016
19590 59 50 0.4724
19650 59 34 0.3465
19650 59 46 0.4094
19710 59 37 0.3622
19710 59 49 0.4331
19830 10 39 0.2835
19837 9 41 0.2756
19845 10 39 0.3071
19852 9 41 0.2756
19860 12 39 0.2835
19867 12 41 0.2598
19875 12 39 0.2835
19882 12 41 0.2598
19890 14 39 0.2756
19897 15 41 0.2441
19905 15 39 0.2756
19912 15 41 0.2441
19920 15 39 0.2835
19927 14 41 0.2441
19935 15 39 0.2992
19942 15 41 0.2756
19950 15 39 0.3228
19957 15 41 0.2835
19965 14 39 0.3307
19972 15 41 0.2913
19980 7 39 0.2913
19985 7 40 0.3071
19990 7 41 0.3228
19995 7 42 0.3386
19999 7 43 0.3543
20005 7 44 0.3701
20010 15 45 0.4331
20017 15 46 0.3858
20025 15 45 0.4331
20032 15 46 0.4016
20040 14 45 0.4331
20047 15 46 0.4016
20055 15 45 0.4331
20062 15 46 0.3937
20070 15 45 0.4173
20077 14 46 0.3701
20085 15 45 0.4016
20092 15 46 0.3701
20100 15 45 0.4094
20107 15 46 0.3543
20115 14 45 0.3937
20122 15 46 0.3465
20130 15 45 0.3701
20137 15 46 0.3307
20145 15 45 0.3622
20152 14 46 0.3465
20160 7 45 0.3386
20164 7 44 0.3386
20170 7 43 0.3386
20175 7 42 0.3307
20180 7 41 0.3307
20185 7 40 0.3307
20190 9 39 0.3307
20197 10 41 0.2992
20205 10 39 0.3228
20212 9 41 0.2756
20220 11 39 0.3071
20227 11 41 0.2756
20235 11 39 0.3071
20242 11 41 0.2756
20250 12 39 0.2913
20257 12 41 0.2441
20265 12 39 0.2835
20272 12 41 0.2441
20280 15 39 0.2835
20287 15 41 0.2441
20295 15 39 0.2835
20302 14 41 0.2441
20310 15 39 0.2913
20317 15 41 0.2835
20325 15 39 0.3071
20332 15 41 0.2913
20340 7 39 0.2835
20345 7 40 0.2992
20350 7 41 0.3071
20355 7 42 0.315
20360 7 43 0.3228
20365 7 44 0.3307
20370 15 45 0.3543
20377 14 46 0.2992
20385 15 45 0.3543
20392 15 46 0.3307
20400 15 45 0.3543
20407 15 46 0.2913
20415 14 45 0.3465
20422 15 46 0.2913
20430 15 45 0.3543
20437 15 46 0.3228
20445 15 45 0.3543
20452 14 46 0.3307
20460 15 45 0.378
20467 15 46 0.315
20475 15 45 0.3701
20482 15 46 0.3071
20490 14 45 0.3622
20497 15 46 0.2913
20505 15 45 0.3622
20512 15 46 0.3386
20520 7 45 0.3622
20524 7 44 0.3543
20530 7 43 0.3465
20535 7 42 0.3386
20539 7 41 0.3386
20545 7 40 0.3307
20550 9 39 0.3228
20557 10 41 0.2992
20565 9 39 0.3228
20572 10 41 0.2756
20580 11 39 0.3071
20587 11 41 0.2756
20595 11 39 0.3071
20602 11 41 0.2756
20610 12 39 0.2913
20617 12 41 0.2441
20625 12 39 0.2835
20632 12 41 0.2441
20640 14 39 0.2835
20647 15 41 0.2441
20655 15 39 0.2835
20662 15 41 0.2441
20670 15 39 0.2913
20677 14 41 0.2835
20685 15 39 0.3071
20692 15 41 0.2913
20700 7 39 0.2835
20705 7 40 0.2835
20710 7 41 0.2913
20715 7 42 0.2992
20720 7 43 0.3071
20725 7 44 0.3071
20730 15 45 0.3386
20737 15 46 0.2835
20745 15 45 0.3386
20752 14 46 0.2835
20760 15 45 0.3307
20767 15 46 0.2913
20775 15 45 0.3307
20782 15 46 0.2913
20790 14 45 0.3307
20797 15 46 0.2992
20805 15 45 0.3228
20812 15 46 0.2835
20820 15 45 0.2992
20827 14 46 0.2598
20835 15 45 0.315
20842 15 46 0.2756
20850 15 45 0.3307
20857 15 46 0.2756
20865 14 45 0.3465
20872 15 46 0.2992
20880 7 45 0.3465
20885 7 44 0.3465
20890 7 43 0.3386
20895 7 42 0.3307
20899 7 41 0.3228
20905 7 40 0.3228
20910 10 39 0.315
20917 10 41 0.2992
20925 9 39 0.3228
20932 10 41 0.2756
20940 11 39 0.3071
20947 11 41 0.2756
20955 11 39 0.3071
20962 11 41 0.2756
20970 12 39 0.2913
20977 12 41 0.2441
20985 12 39 0.2835
20992 12 41 0.2441
21000 15 39 0.2835
21007 15 41 0.2441
21015 14 39 0.2835
21022 15 41 0.2441
21030 15 39 0.2913
21037 15 41 0.2835
21045 15 39 0.3071
21052 14 41 0.2913
21060 7 39 0.4331
21064 7 40 0.4409
21070 7 41 0.4488
21075 7 42 0.4567
21080 7 43 0.4646
21085 7 44 0.4724
21090 9 45 0.4961
21097 10 46 0.4331
21105 10 45 0.4961
21112 9 46 0.4252
21120 10 45 0.4882
21127 9 46 0.4409
21135 10 45 0.5118
21142 10 46 0.4488
21150 9 45 0.5276
21157 10 46 0.4724
21165 9 45 0.5276
21172 10 46 0.4567
21180 10 45 0.4803
21187 9 46 0.4882
21195 10 47 0.5039
21202 9 48 0.5197
21210 10 49 0.5276
21217 10 50 0.5433
21225 9 51 0.5591
21232 10 53 0.5748
21240 9 54 0.5827
21247 10 55 0.5984
21255 10 56 0.6142
21262 9 57 0.5906
21270 10 58 0.5591
21277 9 57 0.5748
21285 10 58 0.5512
21292 10 57 0.5906
21300 9 58 0.5591
21307 10 57 0.5984
21315 9 58 0.5591
21322 10 57 0.6063
21330 10 58 0.5669
21337 9 57 0.622
21345 10 58 0.5906
21352 9 57 0.5984
21360 10 58 0.5433
21367 10 57 0.6378
21375 9 58 0.5827
21382 10 57 0.6457
21390 9 58 0.5906
21397 10 57 0.6535
21405 10 58 0.5906
21412 9 57 0.6693
21420 10 58 0.6063
21427 9 57 0.6772
21435 10 58 0.6142
21442 30 59 0.6457
21442 30 63 0.7244
21442 30 56 0.6457
21472 44 59 0.6299
21472 44 63 0.7008
21472 44 56 0.6299
21472 44 64 0.7008
21622 59 56 0.6772
21622 59 59 0.6772
21622 59 63 0.7559
21682 90 56 0.6378
21682 90 63 0.7087
21682 90 59 0.6378
21682 90 64 0.7087
21892 15 66 0.6378
21907 15 62 0.4961
21922 15 63 0.5197
21937 15 59 0.5433
21952 14 58 0.5748
21967 15 62 0.5591
21982 15 63 0.5827
21997 15 62 0.5512
22012 15 59 0.5748
22027 14 58 0.5984
22042 15 57 0.6299
22057 15 58 0.6535
22072 15 57 0.6772
22087 15 53 0.5276
22102 14 54 0.5433
22117 15 50 0.5669
22132 15 51 0.5906
22147 15 47 0.6142
22162 15 46 0.6614
22177 14 45 0.6693
22192 15 47 0.5748
22207 15 46 0.5906
22222 15 41 0.6142
22237 15 42 0.5669
22252 48 39 0.5512
22256 44 46 0.6535
22260 41 54 0.7008
