0 51 76 0.4724
34 34 48 0.315
51 8 77 0.4252
59 8 79 0.4252
68 34 72 0.4724
68 34 52 0.315
102 34 71 0.3858
102 34 74 0.3858
102 34 55 0.315
136 34 71 0.4173
136 25 74 0.4173
136 34 60 0.3386
162 8 77 0.378
171 34 76 0.4173
171 34 72 0.4173
171 34 48 0.315
205 68 71 0.3937
205 68 74 0.3937
205 34 55 0.3386
239 34 43 0.315
273 51 76 0.4724
308 34 48 0.315
325 8 77 0.4409
333 8 79 0.4409
342 34 72 0.4803
342 34 52 0.315
376 17 74 0.3858
376 17 71 0.3858
376 34 55 0.3386
410 34 74 0.4252
410 34 77 0.4252
410 34 60 0.3465
445 8 77 0.3858
445 34 72 0.3858
445 34 48 0.3228
453 8 76 0.3858
462 8 77 0.3858
470 8 76 0.3858
479 68 71 0.4094
479 68 74 0.4094
479 34 55 0.3386
513 34 43 0.3228
547 51 77 0.5039
547 34 57 0.3701
582 34 60 0.3622
599 8 79 0.4724
607 8 77 0.4724
616 34 76 0.5039
616 34 55 0.3858
650 17 76 0.4882
650 34 60 0.3543
684 51 81 0.5433
684 34 53 0.3858
719 34 60 0.3701
736 8 83 0.4961
744 8 84 0.4961
753 34 79 0.5433
753 34 52 0.3937
787 17 79 0.5433
787 34 60 0.3622
821 17 79 0.5354
839 12 77 0.4961
856 17 77 0.5039
856 34 67 0.3386
856 34 59 0.3386
873 12 74 0.4961
890 17 77 0.5433
890 34 60 0.3386
890 34 67 0.3386
907 12 76 0.5039
924 17 76 0.5197
941 12 72 0.5039
958 17 73 0.5039
958 68 59 0.3465
958 68 55 0.3465
976 17 74 0.4724
993 17 76 0.5039
1010 17 74 0.4882
1027 17 72 0.4961
1044 17 71 0.4803
1061 17 69 0.4803
1078 17 67 0.4724
1095 51 76 0.5512
1095 17 36 0.5039
1113 17 40 0.4409
1130 17 43 0.4488
1147 8 77 0.5039
1147 17 48 0.4409
1155 8 79 0.5039
1164 34 72 0.5512
1164 17 40 0.4724
1181 17 52 0.4488
1198 34 74 0.4724
1198 34 71 0.4724
1198 17 43 0.4724
1215 17 55 0.4488
1232 25 74 0.4961
1232 34 71 0.4961
1232 17 48 0.4724
1250 17 52 0.4331
1258 8 77 0.4488
1267 34 72 0.4961
1267 34 76 0.4961
1267 17 55 0.4488
1284 17 60 0.4409
1301 68 71 0.4803
1301 68 74 0.4803
1301 17 43 0.4724
1318 17 47 0.4488
1335 17 50 0.4646
1352 17 55 0.4488
1369 51 76 0.5512
1369 17 36 0.4724
1386 17 40 0.4409
1404 17 43 0.4488
1421 8 77 0.5276
1421 17 48 0.4331
1429 8 79 0.5276
1438 34 72 0.5591
1438 17 40 0.4724
1455 17 52 0.4488
1472 17 74 0.4724
1472 17 71 0.4724
1472 17 43 0.4567
1489 17 55 0.4488
1506 34 77 0.5039
1506 34 74 0.5039
1506 17 48 0.4724
1523 17 52 0.4331
1541 34 72 0.4724
1541 8 77 0.4724
1541 17 55 0.4488
1549 8 76 0.4724
1558 8 77 0.4724
1558 17 60 0.4409
1566 8 76 0.4724
1575 68 71 0.4882
1575 68 74 0.4882
1575 17 43 0.4882
1592 17 47 0.4409
1609 17 50 0.4488
1626 17 55 0.4409
1643 51 77 0.6063
1643 17 57 0.4173
1660 17 60 0.3858
1678 17 57 0.4173
1695 8 79 0.5512
1695 17 60 0.3858
1703 8 77 0.5512
1712 34 76 0.6063
1712 17 55 0.4173
1729 17 60 0.3937
1746 17 76 0.5827
1746 17 55 0.4173
1763 17 60 0.3937
1780 51 81 0.6142
1780 17 53 0.4488
1797 17 60 0.4173
1815 17 53 0.4488
1832 8 83 0.5591
1832 17 60 0.4173
1840 8 84 0.5433
1849 34 79 0.622
1849 17 52 0.4488
1866 17 60 0.4173
1883 17 79 0.6063
1883 17 52 0.4488
1900 17 60 0.4094
1917 17 80 0.6063
1934 17 81 0.5827
1952 17 77 0.5906
1952 17 62 0.3858
1952 17 53 0.3858
1969 17 74 0.5669
1986 34 72 0.5906
1986 34 64 0.3858
1986 68 55 0.3858
2020 34 71 0.5591
2020 34 62 0.3858
2054 11 72 0.5906
2054 68 64 0.3858
2054 68 60 0.3858
2066 11 67 0.5433
2077 11 76 0.5197
2089 11 72 0.5906
2100 11 79 0.5433
2111 11 76 0.5197
2123 11 84 0.5748
2134 11 83 0.5197
2146 11 81 0.5118
2157 11 79 0.5512
2168 11 77 0.5276
2180 11 76 0.5118
2191 11 73 0.4961
2203 11 74 0.4724
2214 11 77 0.4724
2226 11 81 0.4882
2226 34 62 0.2992
2226 34 53 0.2992
2226 34 57 0.2992
2237 11 77 0.4488
2248 11 74 0.4488
2260 11 79 0.4803
2260 34 64 0.2992
2260 68 55 0.2992
2271 11 76 0.4488
2283 11 72 0.4488
2294 11 77 0.4803
2294 34 62 0.3465
2305 11 74 0.4331
2317 11 71 0.4331
2328 11 72 0.5906
2328 68 60 0.3858
2328 68 64 0.3858
2340 11 67 0.5433
2351 11 76 0.5276
2363 11 72 0.5906
2374 11 79 0.5433
2385 11 76 0.5276
2397 11 84 0.5748
2408 11 83 0.5197
2420 11 81 0.5039
2431 11 79 0.5512
2442 11 77 0.5276
2454 11 76 0.5118
2465 11 73 0.4961
2477 11 74 0.4724
2488 11 77 0.4646
2500 11 81 0.4882
2500 34 57 0.2992
2500 34 62 0.2992
2500 34 53 0.2992
2511 11 77 0.4488
2522 11 74 0.4331
2534 11 79 0.4803
2534 68 55 0.2992
2534 34 64 0.2992
2545 11 76 0.4488
2557 11 72 0.4252
2568 11 77 0.4803
2568 34 62 0.315
2579 11 74 0.4331
2591 11 71 0.4331
2602 8 72 0.4094
2602 8 60 0.2992
2602 8 64 0.2992
2636 8 67 0.3937
2636 8 55 0.2992
2671 68 60 0.3937
2671 68 48 0.2992
2739 68 76 0.3937
2739 17 60 0.2913
2756 17 67 0.2362
2773 17 66 0.2598
2791 17 67 0.2362
2808 8 77 0.3622
2808 17 60 0.2913
2816 8 76 0.3622
2825 8 74 0.3622
2825 17 67 0.2362
2833 8 76 0.3622
2842 17 79 0.3937
2842 17 62 0.2598
2859 17 77 0.3622
2859 17 67 0.2362
2876 17 76 0.4016
2876 17 64 0.2913
2893 17 74 0.3858
2893 17 67 0.2362
2910 17 72 0.3858
2910 17 65 0.2598
2928 17 71 0.3858
2928 17 67 0.2362
2945 8 72 0.4094
2945 17 64 0.2913
2962 17 67 0.2362
2979 8 73 0.4331
2979 17 58 0.2598
2996 17 67 0.2441
3013 8 74 0.4409
3013 17 59 0.2992
3030 17 67 0.2441
3047 8 75 0.4724
3047 17 59 0.2756
3065 17 67 0.252
3082 8 76 0.4961
3082 17 60 0.3228
3099 17 67 0.2598
3116 17 79 0.4882
3116 17 60 0.2913
3133 17 77 0.4488
3133 17 67 0.2598
3150 51 76 0.4882
3150 17 60 0.315
3167 17 67 0.2362
3184 17 66 0.2598
3202 8 77 0.4331
3202 17 67 0.2362
3210 8 76 0.4331
3219 34 74 0.4409
3219 17 59 0.2913
3236 17 67 0.2441
3253 17 66 0.2598
3270 17 67 0.252
3287 68 77 0.4567
3287 17 59 0.2913
3304 17 67 0.2441
3321 17 66 0.2598
3339 17 67 0.2441
3356 8 79 0.378
3356 17 59 0.2913
3364 8 77 0.3858
3373 8 76 0.3858
3373 17 67 0.2441
3381 8 77 0.3858
3390 17 81 0.4331
3390 17 60 0.2598
3407 17 79 0.4094
3407 17 67 0.2441
3424 17 77 0.4094
3424 17 62 0.2913
3441 17 76 0.3937
3441 17 67 0.2441
3458 17 74 0.3937
3458 17 64 0.2598
3476 17 72 0.3937
3476 17 67 0.2441
3493 17 71 0.3858
3493 17 65 0.2913
3510 8 72 0.3937
3510 17 67 0.252
3527 8 74 0.4016
3527 17 62 0.2677
3544 8 76 0.4173
3544 17 67 0.2441
3561 8 77 0.4252
3561 17 59 0.315
3578 8 79 0.4331
3578 17 67 0.2441
3595 8 81 0.4409
3595 17 62 0.2677
3613 8 83 0.4567
3613 17 67 0.2441
3630 8 84 0.4724
3630 17 59 0.3622
3647 8 86 0.4803
3647 17 67 0.2756
3664 8 88 0.4882
3664 17 55 0.2913
3681 8 89 0.4961
3681 17 67 0.2756
3698 68 87 0.622
3698 17 60 0.3465
3715 17 67 0.2913
3732 17 65 0.315
3750 17 67 0.2913
3767 34 88 0.5906
3767 17 60 0.3465
3784 17 67 0.2913
3801 17 64 0.315
3818 17 67 0.2913
3835 45 76 0.5039
3835 11 60 0.378
3847 11 64 0.3386
3858 11 67 0.3386
3869 34 72 0.3622
3881 11 81 0.4724
3892 11 84 0.4724
3904 11 88 0.4724
3915 11 84 0.4567
3926 11 81 0.4567
3938 11 84 0.4724
3949 11 81 0.4567
3961 11 76 0.4567
3972 45 74 0.5039
3972 11 59 0.378
3984 11 62 0.3386
3995 11 67 0.3386
4006 34 71 0.378
4018 11 79 0.4724
4029 11 83 0.4724
4041 11 86 0.4724
4052 11 83 0.4646
4063 11 79 0.4646
4075 11 83 0.4724
4086 11 79 0.4567
4098 11 74 0.4567
4109 34 57 0.3937
4109 34 62 0.3937
4109 34 54 0.3937
4121 11 74 0.4724
4132 11 81 0.4724
4143 11 84 0.4724
4155 11 81 0.4567
4166 11 74 0.4724
4178 34 59 0.4094
4178 34 55 0.4094
4178 34 62 0.4094
4189 11 74 0.4724
4200 11 79 0.4724
4212 11 83 0.4724
4223 11 79 0.4646
4235 11 74 0.4724
4246 25 81 0.5354
4246 17 50 0.4488
4263 17 62 0.3071
4272 8 78 0.4961
4280 34 74 0.4724
4280 17 61 0.315
4297 17 62 0.3228
4315 17 61 0.3465
4332 17 62 0.3543
4349 17 60 0.3701
4366 17 62 0.3858
4375 8 67 0.3386
4383 85 79 0.5039
4383 17 59 0.3858
4400 17 62 0.3465
4417 17 59 0.2756
4434 17 62 0.2362
4452 17 59 0.2913
4469 17 78 0.3937
4469 17 62 0.252
4486 17 76 0.3937
4486 17 55 0.2756
4503 17 74 0.3937
4503 17 62 0.2677
4520 17 74 0.4173
4520 17 57 0.2913
4537 17 72 0.3858
4537 17 62 0.2677
4554 17 71 0.3937
4554 17 55 0.2913
4571 17 69 0.3701
4571 17 62 0.2677
4589 8 74 0.4252
4589 17 54 0.2913
4606 17 62 0.2677
4623 8 72 0.4016
4623 17 50 0.2913
4640 17 62 0.2677
4657 34 70 0.4173
4657 17 55 0.2992
4674 17 62 0.2677
4691 34 71 0.4016
4691 17 61 0.2677
4708 17 62 0.2677
4726 17 61 0.3071
4743 17 62 0.3228
4760 17 64 0.3465
4777 17 62 0.3228
4794 17 60 0.3858
4811 17 62 0.3701
4828 17 59 0.3858
4845 17 62 0.3701
4863 17 60 0.3858
4880 17 62 0.3701
4897 17 57 0.3858
4914 17 62 0.3701
4922 8 67 0.3386
4931 85 79 0.5039
4931 17 59 0.3858
4948 17 62 0.3307
4965 17 59 0.2756
4982 17 62 0.2362
5000 17 59 0.2913
5017 17 78 0.3937
5017 17 62 0.2362
5034 17 76 0.3937
5034 17 55 0.2756
5051 17 74 0.378
5051 17 62 0.2362
5068 17 74 0.4173
5068 17 57 0.2913
5085 17 72 0.3701
5085 17 62 0.2677
5102 17 71 0.3937
5102 17 55 0.2913
5119 17 69 0.3937
5119 17 62 0.2677
5136 8 74 0.4252
5136 17 54 0.2913
5154 17 62 0.2677
5171 8 72 0.4016
5171 17 50 0.2913
5188 17 62 0.2677
5205 34 71 0.4252
5205 17 55 0.2913
5222 17 62 0.2677
5239 17 59 0.2913
5256 17 62 0.2677
5273 5 78 0.4331
5273 17 55 0.2913
5279 5 76 0.4094
5285 5 78 0.4331
5291 8 76 0.4173
5291 17 64 0.2283
5299 8 78 0.4882
5308 17 79 0.4882
5308 17 60 0.252
5325 8 79 0.4724
5325 17 64 0.2283
5342 34 79 0.4724
5342 17 55 0.252
5359 17 62 0.2362
5376 17 59 0.252
5393 17 62 0.2441
5410 5 83 0.4331
5410 17 53 0.252
5416 5 81 0.4094
5422 5 83 0.4331
5428 8 81 0.4094
5428 17 60 0.2362
5436 8 83 0.4882
5445 17 84 0.4882
5445 17 57 0.252
5462 8 84 0.4724
5462 17 60 0.2362
5479 34 84 0.4724
5479 17 52 0.252
5496 17 60 0.2362
5513 17 55 0.252
5530 17 60 0.2362
5547 5 86 0.4252
5547 17 48 0.315
5553 5 84 0.4016
5559 5 86 0.4252
5565 8 84 0.4016
5565 17 55 0.2677
5573 8 86 0.4961
5582 17 88 0.4961
5582 17 52 0.315
5599 8 88 0.4724
5599 17 55 0.2598
5616 17 88 0.4724
5616 17 50 0.3071
5633 17 86 0.4803
5633 17 59 0.2677
5650 8 84 0.4409
5650 17 55 0.3071
5667 8 83 0.4409
5667 17 59 0.2677
5684 8 81 0.4409
5684 17 50 0.3071
5702 17 60 0.2677
5719 8 86 0.4409
5719 17 54 0.2992
5736 17 60 0.2598
5753 34 84 0.4882
5753 17 55 0.315
5770 17 62 0.2756
5787 34 83 0.4567
5787 17 59 0.315
5804 17 62 0.2677
5821 5 78 0.4252
5821 17 55 0.252
5827 5 76 0.4016
5833 5 78 0.4252
5839 8 76 0.4016
5839 17 64 0.2362
5847 8 78 0.5039
5856 17 79 0.5039
5856 17 60 0.252
5873 8 79 0.4724
5873 17 64 0.2362
5890 34 79 0.4724
5890 17 55 0.252
5907 17 62 0.2362
5924 17 59 0.252
5941 17 62 0.2362
5958 5 83 0.4252
5958 17 53 0.252
5964 5 81 0.3937
5970 5 83 0.4252
5976 8 81 0.4016
5976 17 60 0.2283
5984 8 83 0.5197
5993 17 84 0.5197
5993 17 57 0.252
6010 8 84 0.4724
6010 17 60 0.2283
6027 34 84 0.4724
6027 17 52 0.2677
6044 17 60 0.2362
6061 17 55 0.2598
6078 17 60 0.2283
6095 5 86 0.4252
6095 17 48 0.3228
6101 5 84 0.3937
6107 5 86 0.4252
6113 8 84 0.4016
6113 17 55 0.2992
6121 8 86 0.5039
6130 17 88 0.5039
6130 17 52 0.315
6147 8 88 0.4803
6147 17 55 0.2913
6164 17 88 0.4882
6164 17 50 0.315
6181 17 86 0.4803
6181 17 59 0.2913
6198 8 84 0.4803
6198 17 55 0.3071
6215 8 83 0.4803
6215 17 59 0.252
6232 17 83 0.4882
6232 17 50 0.2992
6250 17 81 0.4803
6250 17 60 0.2598
6267 8 79 0.4803
6267 17 57 0.2992
6284 8 78 0.4803
6284 17 60 0.252
6301 45 86 0.6614
6335 34 59 0.2992
6335 34 55 0.2992
6347 11 83 0.4803
6358 11 79 0.4803
6369 11 78 0.4961
6369 34 57 0.3465
6369 34 60 0.3465
6381 11 81 0.4961
6392 11 74 0.4803
6404 11 79 0.4961
6404 34 59 0.3858
6404 34 62 0.3858
6415 11 83 0.4803
6426 11 74 0.4803
6438 45 81 0.5512
6472 34 54 0.2913
6472 34 50 0.2913
6484 11 78 0.4567
6495 11 74 0.4646
6506 11 73 0.4803
6506 34 55 0.315
6506 34 52 0.315
6518 11 74 0.4488
6529 11 69 0.4488
6541 11 72 0.4724
6541 34 57 0.3465
6541 34 54 0.3465
6552 11 74 0.4488
6563 11 69 0.4488
6575 45 86 0.6063
6609 34 55 0.2992
6609 34 59 0.2992
6621 11 83 0.4803
6632 11 79 0.4803
6643 11 78 0.4961
6643 34 57 0.3465
6643 34 60 0.3465
6655 11 81 0.4961
6666 11 74 0.4803
6678 11 79 0.4961
6678 34 62 0.3858
6678 34 59 0.3858
6689 11 83 0.4803
6700 11 74 0.4803
6712 45 81 0.5591
6746 34 50 0.2913
6746 34 54 0.2913
6757 11 78 0.4331
6769 11 74 0.4331
6780 11 73 0.4488
6780 34 55 0.315
6780 34 52 0.315
6792 11 74 0.4252
6803 11 69 0.4252
6815 11 72 0.4331
6815 34 57 0.3465
6815 34 54 0.3465
6826 11 74 0.4173
6837 11 69 0.4173
6849 11 71 0.4173
6849 68 55 0.3465
6860 11 67 0.4252
6872 11 71 0.4409
6883 11 74 0.4488
6894 11 71 0.4567
6906 11 74 0.4803
6917 11 79 0.4803
6929 11 74 0.4961
6940 11 79 0.5039
6952 11 83 0.5039
6963 11 79 0.5276
6974 11 83 0.5354
6986 11 86 0.5433
6986 136 43 0.3465
6986 205 55 0.3465
6986 136 50 0.3465
6986 136 47 0.3465
6997 11 83 0.5512
7009 11 86 0.5748
7020 11 89 0.5748
7031 11 86 0.5512
7043 11 83 0.5354
7054 11 79 0.5197
7066 11 77 0.5039
7077 11 74 0.4803
7089 11 71 0.4724
7100 11 67 0.4409
7111 11 65 0.4252
7123 8 64 0.4016
7123 68 48 0.2992
7140 17 76 0.378
7157 17 75 0.378
7174 17 76 0.378
7191 17 75 0.3858
7208 17 76 0.3858
7226 17 75 0.3858
7243 17 76 0.3858
7260 102 67 0.4173
7294 34 49 0.2913
7294 34 58 0.2913
7328 34 50 0.315
7328 34 59 0.315
7363 17 71 0.3858
7363 34 66 0.3858
7363 34 60 0.3465
7380 17 69 0.3858
7397 68 55 0.3465
7397 68 59 0.3465
7408 11 67 0.4252
7420 11 71 0.4409
7431 11 74 0.4488
7442 11 71 0.4567
7454 11 74 0.4803
7465 11 79 0.4803
7477 11 74 0.4961
7488 11 79 0.5039
7500 11 83 0.5039
7511 11 79 0.5276
7522 11 83 0.5354
7534 11 86 0.5433
7534 136 43 0.3465
7534 205 55 0.3465
7534 136 50 0.3465
7534 136 47 0.3465
7545 11 83 0.5512
7557 11 86 0.5748
7568 11 89 0.5748
7579 11 86 0.5512
7591 11 83 0.5354
7602 11 79 0.5197
7614 11 77 0.5039
7625 11 74 0.4803
7636 11 71 0.4724
7648 11 67 0.4409
7659 11 65 0.4252
7671 8 64 0.4016
7671 68 48 0.2992
7688 17 76 0.378
7705 17 75 0.378
7722 17 76 0.3622
7739 17 75 0.3858
7756 17 76 0.3701
7773 17 75 0.3858
7791 17 76 0.3701
7808 68 58 0.3228
7808 68 49 0.3228
7825 17 79 0.4252
7842 17 78 0.4567
7859 17 79 0.4331
7876 17 78 0.4803
7893 17 79 0.4646
7910 17 78 0.4803
7928 17 79 0.5039
7945 17 79 0.4882
7945 17 50 0.378
7962 17 74 0.4016
7962 17 59 0.315
7979 8 74 0.4252
7979 17 55 0.3228
7996 8 74 0.4016
7996 17 59 0.3071
8013 17 76 0.4488
8013 17 50 0.378
8030 17 74 0.4173
8030 17 59 0.315
8047 8 72 0.4094
8047 17 55 0.3228
8065 8 71 0.4016
8065 17 59 0.315
8082 34 71 0.3858
8082 17 50 0.3386
8099 17 62 0.2913
8116 17 55 0.2992
8133 17 62 0.2835
8150 8 71 0.378
8150 17 50 0.3071
8159 8 69 0.3543
8167 8 71 0.378
8167 17 60 0.2362
8176 8 69 0.3543
8184 8 71 0.378
8184 17 54 0.252
8193 8 69 0.3622
8202 8 67 0.4016
8202 17 60 0.2362
8210 8 69 0.378
8219 34 67 0.3937
8219 17 55 0.2756
8236 17 59 0.2362
8253 17 67 0.252
8270 17 59 0.2362
8287 47 74 0.3937
8287 17 55 0.2756
8304 17 59 0.2362
8321 17 67 0.252
8334 4 78 0.378
8339 8 76 0.378
8339 17 59 0.2362
8347 8 74 0.378
8356 8 86 0.4488
8356 17 55 0.2756
8373 17 57 0.2362
8390 8 84 0.4409
8390 17 66 0.252
8407 17 57 0.2362
8424 8 83 0.4252
8424 17 55 0.2756
8441 17 60 0.2362
8458 8 81 0.4016
8458 17 66 0.252
8476 17 60 0.2362
8493 68 79 0.4331
8493 17 55 0.2756
8510 17 59 0.2362
8527 17 67 0.252
8544 17 59 0.2441
8561 47 74 0.3937
8561 17 55 0.2756
8578 17 59 0.2362
8595 17 67 0.252
8608 4 78 0.378
8613 8 76 0.378
8613 17 59 0.2362
8621 8 74 0.378
8630 8 86 0.4409
8630 17 55 0.2756
8647 17 57 0.2362
8664 8 84 0.4173
8664 17 66 0.252
8681 17 57 0.2362
8698 8 83 0.4094
8698 17 55 0.2756
8715 17 60 0.2362
8732 8 81 0.3858
8732 17 66 0.252
8750 17 60 0.2362
8767 34 79 0.4173
8767 17 55 0.2756
8784 17 59 0.2362
8801 17 67 0.252
8818 17 59 0.2362
8829 5 74 0.4409
8835 51 86 0.5512
8835 17 55 0.2756
8852 17 60 0.2362
8869 17 66 0.252
8886 5 84 0.4094
8886 17 60 0.2362
8892 5 83 0.4016
8898 5 81 0.378
8904 34 79 0.4173
8904 17 55 0.2756
8921 17 59 0.2362
8938 17 67 0.252
8955 17 59 0.2362
8966 5 74 0.4409
8972 51 86 0.5591
8972 17 55 0.2756
8989 17 60 0.2362
9006 17 66 0.252
9023 5 84 0.4173
9023 17 60 0.2362
9029 5 83 0.4016
9035 5 81 0.3858
9041 34 79 0.4173
9041 34 67 0.2441
9041 34 59 0.2441
9041 34 55 0.2441
9075 25 62 0.3307
9101 8 67 0.3228
9109 17 71 0.3386
9143 34 69 0.2835
9143 34 60 0.2835
9143 34 50 0.2362
9178 68 60 0.2835
9178 68 69 0.2835
9178 34 55 0.2598
9212 34 50 0.252
9246 34 67 0.2913
9246 34 59 0.2913
9246 34 43 0.2598
9315 51 76 0.4724
9349 34 48 0.315
9366 8 77 0.4252
9375 8 79 0.4252
9383 34 72 0.4724
9383 34 52 0.315
9417 34 71 0.3858
9417 34 74 0.3858
9417 34 55 0.315
9452 34 71 0.4173
9452 25 74 0.4173
9452 34 60 0.3386
9477 8 77 0.378
9486 34 72 0.4173
9486 34 76 0.4173
9486 34 48 0.315
9520 68 71 0.3937
9520 68 74 0.3937
9520 34 55 0.3386
9554 34 43 0.315
9589 51 76 0.4724
9623 34 48 0.315
9640 8 77 0.4409
9648 8 79 0.4409
9657 34 72 0.4803
9657 34 52 0.315
9691 17 71 0.3858
9691 17 74 0.3858
9691 34 55 0.3386
9726 34 74 0.4252
9726 34 77 0.4252
9726 34 60 0.3465
9760 8 77 0.3858
9760 34 72 0.3858
9760 34 48 0.3228
9768 8 76 0.3858
9777 8 77 0.3858
9785 8 76 0.3858
9794 68 71 0.4094
9794 68 74 0.4094
9794 34 55 0.3386
9828 34 43 0.3228
9863 51 77 0.5039
9863 34 57 0.3701
9897 34 60 0.3622
9914 8 79 0.4724
9922 8 77 0.4724
9931 34 76 0.5039
9931 34 55 0.3858
9965 17 76 0.4882
9965 34 60 0.3543
10000 51 81 0.5433
10000 34 53 0.3858
10034 34 60 0.3701
10051 8 83 0.4961
10059 8 84 0.4961
10068 34 79 0.5433
10068 34 52 0.3937
10102 17 79 0.5433
10102 34 60 0.3622
10136 17 79 0.5354
10154 12 77 0.4961
10171 17 77 0.5039
10171 34 67 0.3386
10171 34 59 0.3386
10188 12 74 0.4961
10205 17 77 0.5433
10205 34 67 0.3386
10205 34 60 0.3386
10222 12 76 0.5039
10239 17 76 0.5197
10256 12 72 0.5039
10273 17 73 0.5039
10273 68 55 0.3465
10273 68 59 0.3465
10291 17 74 0.4724
10308 17 76 0.5039
10325 17 74 0.4882
10342 17 72 0.4961
10359 17 71 0.4803
10376 17 69 0.4803
10393 17 67 0.4724
10410 51 76 0.5512
10410 17 36 0.5039
10428 17 40 0.4409
10445 17 43 0.4488
10462 8 77 0.5039
10462 17 48 0.4409
10470 8 79 0.5039
10479 34 72 0.5512
10479 17 40 0.4724
10496 17 52 0.4488
10513 34 71 0.4724
10513 34 74 0.4724
10513 17 43 0.4724
10530 17 55 0.4488
10547 34 71 0.4961
10547 25 74 0.4961
10547 17 48 0.4724
10565 17 52 0.4331
10573 8 77 0.4488
10582 34 72 0.4961
10582 34 76 0.4961
10582 17 55 0.4488
10599 17 60 0.4409
10616 68 71 0.4803
10616 68 74 0.4803
10616 17 43 0.4724
10633 17 47 0.4488
10650 17 50 0.4646
10667 17 55 0.4488
10684 51 76 0.5512
10684 17 36 0.4724
10702 17 40 0.4409
10719 17 43 0.4488
10736 8 77 0.5276
10736 17 48 0.4331
10744 8 79 0.5276
10753 34 72 0.5591
10753 17 40 0.4724
10770 17 52 0.4488
10787 17 71 0.4724
10787 17 74 0.4724
10787 17 43 0.4567
10804 17 55 0.4488
10821 34 74 0.5039
10821 34 77 0.5039
10821 17 48 0.4724
10839 17 52 0.4331
10856 8 77 0.4724
10856 34 72 0.4724
10856 17 55 0.4488
10864 8 76 0.4724
10873 8 77 0.4724
10873 17 60 0.4409
10881 8 76 0.4724
10890 68 71 0.4882
10890 68 74 0.4882
10890 17 43 0.4882
10907 17 47 0.4409
10924 17 50 0.4488
10941 17 55 0.4409
10958 51 77 0.5748
10958 17 57 0.4173
10976 17 60 0.3858
10993 17 57 0.4173
11010 8 79 0.5197
11010 17 60 0.3858
11018 8 77 0.5197
11027 34 76 0.5748
11027 17 55 0.4173
11044 17 60 0.3937
11061 17 76 0.5512
11061 17 55 0.4173
11078 17 60 0.3937
11095 51 81 0.6142
11095 17 53 0.4488
11113 17 60 0.4173
11130 17 53 0.4488
11147 8 83 0.5591
11147 17 60 0.4173
11155 8 84 0.5433
11164 34 79 0.622
11164 17 52 0.4488
11181 17 60 0.4173
11198 17 79 0.6063
11198 17 52 0.4488
11215 17 60 0.4094
11232 17 80 0.6063
11250 17 81 0.5827
11267 17 77 0.5906
11267 17 53 0.3858
11267 17 62 0.3858
11284 17 74 0.5669
11301 34 72 0.5906
11301 68 55 0.3858
11301 34 64 0.3858
11335 34 71 0.5591
11335 34 62 0.3858
11369 11 72 0.5906
11369 68 64 0.3858
11369 68 60 0.3858
11381 11 67 0.5433
11392 11 76 0.5197
11404 11 72 0.5906
11415 11 79 0.5433
11426 11 76 0.5197
11438 11 84 0.5748
11449 11 83 0.5197
11461 11 81 0.5118
11472 11 79 0.5512
11484 11 77 0.5276
11495 11 76 0.5118
11506 11 73 0.4961
11518 11 74 0.4724
11529 11 77 0.4724
11541 11 81 0.4882
11541 34 62 0.2992
11541 34 57 0.2992
11541 34 53 0.2992
11552 11 77 0.4488
11563 11 74 0.4488
11575 11 79 0.4803
11575 68 55 0.2992
11575 34 64 0.2992
11586 11 76 0.4488
11598 11 72 0.4488
11609 11 77 0.4803
11609 34 62 0.3465
11621 11 74 0.4331
11632 11 71 0.4331
11643 11 72 0.5906
11643 68 64 0.3858
11643 68 60 0.3858
11655 11 67 0.5433
11666 11 76 0.5276
11678 11 72 0.5906
11689 11 79 0.5433
11700 11 76 0.5276
11712 11 84 0.5748
11723 11 83 0.5197
11735 11 81 0.5039
11746 11 79 0.5512
11757 11 77 0.5276
11769 11 76 0.5118
11780 11 73 0.4961
11792 11 74 0.4724
11803 11 77 0.4646
11815 11 81 0.4882
11815 34 62 0.2992
11815 34 57 0.2992
11815 34 53 0.2992
11826 11 77 0.4488
11837 11 74 0.4331
11849 11 79 0.4803
11849 68 55 0.2992
11849 34 64 0.2992
11860 11 76 0.4488
11872 11 72 0.4252
11883 11 77 0.4803
11883 34 62 0.315
11894 11 74 0.4331
11906 11 71 0.4331
11917 8 72 0.4094
11917 8 64 0.2992
11917 8 60 0.2992
11952 8 67 0.3937
11952 8 55 0.2992
11986 68 60 0.3937
11986 68 48 0.2992
12054 68 76 0.3937
12054 17 60 0.2913
12071 17 67 0.2362
12089 17 66 0.2598
12106 17 67 0.2362
12123 8 77 0.3622
12123 17 60 0.2913
12131 8 76 0.3622
12140 8 74 0.3622
12140 17 67 0.2362
12148 8 76 0.3622
12157 17 79 0.3937
12157 17 62 0.2598
12174 17 77 0.3622
12174 17 67 0.2362
12191 17 76 0.4016
12191 17 64 0.2913
12208 17 74 0.3858
12208 17 67 0.2362
12226 17 72 0.3858
12226 17 65 0.2598
12243 17 71 0.3858
12243 17 67 0.2362
12260 8 72 0.4094
12260 17 64 0.2913
12277 17 67 0.2362
12294 8 73 0.4331
12294 17 58 0.2598
12311 17 67 0.2441
12328 8 74 0.4409
12328 17 59 0.2992
12345 17 67 0.2441
12363 8 75 0.4724
12363 17 59 0.2756
12380 17 67 0.252
12397 8 76 0.4961
12397 17 60 0.3228
12414 17 67 0.2598
12431 17 79 0.4882
12431 17 60 0.2913
12448 17 77 0.4488
12448 17 67 0.2598
12465 51 76 0.4882
12465 17 60 0.315
12482 17 67 0.2362
12500 17 66 0.2598
12517 8 77 0.4331
12517 17 67 0.2362
12525 8 76 0.4331
12534 34 74 0.4409
12534 17 59 0.2913
12551 17 67 0.2441
12568 17 66 0.2598
12585 17 67 0.252
12602 68 77 0.4567
12602 17 59 0.2913
12619 17 67 0.2441
12636 17 66 0.2598
12654 17 67 0.2441
12671 8 79 0.378
12671 17 59 0.2913
12679 8 77 0.3858
12688 8 76 0.3858
12688 17 67 0.2441
12696 8 77 0.3858
12705 17 81 0.4331
12705 17 60 0.2598
12722 17 79 0.4094
12722 17 67 0.2441
12739 17 77 0.4094
12739 17 62 0.2913
12756 17 76 0.3937
12756 17 67 0.2441
12773 17 74 0.3937
12773 17 64 0.2598
12791 17 72 0.3937
12791 17 67 0.2441
12808 17 71 0.3858
12808 17 65 0.2913
12825 8 72 0.3937
12825 17 67 0.252
12842 8 74 0.4016
12842 17 62 0.2677
12859 8 76 0.4173
12859 17 67 0.2441
12876 8 77 0.4252
12876 17 59 0.315
12893 8 79 0.4331
12893 17 67 0.2441
12910 8 81 0.4409
12910 17 62 0.2677
12928 8 83 0.4567
12928 17 67 0.2441
12945 8 84 0.4724
12945 17 59 0.3622
12962 8 86 0.4803
12962 17 67 0.2756
12979 8 88 0.4882
12979 17 55 0.2913
12996 8 89 0.4961
12996 17 67 0.2756
13013 68 87 0.622
13013 17 60 0.3465
13030 17 67 0.2913
13047 17 65 0.315
13065 17 67 0.2913
13082 34 88 0.5906
13082 17 60 0.3465
13099 17 67 0.2913
13116 17 64 0.315
13133 17 67 0.2913
13150 45 76 0.5039
13150 11 60 0.378
13162 11 64 0.3386
13173 11 67 0.3386
13184 34 72 0.3622
13196 11 81 0.4724
13207 11 84 0.4724
13219 11 88 0.4724
13230 11 84 0.4567
13242 11 81 0.4567
13253 11 84 0.4724
13264 11 81 0.4567
13276 11 76 0.4567
13287 45 74 0.5039
13287 11 59 0.378
13299 11 62 0.3386
13310 11 67 0.3386
13321 34 71 0.378
13333 11 79 0.4724
13344 11 83 0.4724
13356 11 86 0.4724
13367 11 83 0.4646
13379 11 79 0.4646
13390 11 83 0.4724
13401 11 79 0.4567
13413 11 74 0.4567
13424 34 54 0.3937
13424 34 57 0.3937
13424 34 62 0.3937
13436 11 74 0.4724
13447 11 81 0.4724
13458 11 84 0.4724
13470 11 81 0.4567
13481 11 74 0.4724
13493 34 62 0.4094
13493 34 59 0.4094
13493 34 55 0.4094
13504 11 74 0.4724
13515 11 79 0.4724
13527 11 83 0.4724
13538 11 79 0.4646
13550 11 74 0.4724
13561 25 81 0.5354
13561 17 50 0.4488
13578 17 62 0.3071
13587 8 78 0.4961
13595 34 74 0.4724
13595 17 61 0.315
13613 17 62 0.3228
13630 17 61 0.3465
13647 17 62 0.3543
13664 17 60 0.3701
13681 17 62 0.3858
13690 8 67 0.3386
13698 85 79 0.5039
13698 17 59 0.3858
13715 17 62 0.3465
13732 17 59 0.2756
13750 17 62 0.2362
13767 17 59 0.2913
13784 17 78 0.3937
13784 17 62 0.252
13801 17 76 0.3937
13801 17 55 0.2756
13818 17 74 0.3937
13818 17 62 0.2677
13835 17 74 0.4173
13835 17 57 0.2913
13852 17 72 0.3858
13852 17 62 0.2677
13869 17 71 0.3937
13869 17 55 0.2913
13886 17 69 0.3701
13886 17 62 0.2677
13904 8 74 0.4252
13904 17 54 0.2913
13921 17 62 0.2677
13938 8 72 0.4016
13938 17 50 0.2913
13955 17 62 0.2677
13972 34 70 0.4173
13972 17 55 0.2992
13989 17 62 0.2677
14006 34 71 0.4016
14006 17 61 0.2677
14023 17 62 0.2677
14041 17 61 0.3071
14058 17 62 0.3228
14075 17 64 0.3465
14092 17 62 0.3228
14109 17 60 0.3858
14126 17 62 0.3701
14143 17 59 0.3858
14160 17 62 0.3701
14178 17 60 0.3858
14195 17 62 0.3701
14212 17 57 0.3858
14229 17 62 0.3701
14238 8 67 0.3386
14246 85 79 0.5039
14246 17 59 0.3858
14263 17 62 0.3307
14280 17 59 0.2756
14297 17 62 0.2362
14315 17 59 0.2913
14332 17 78 0.3937
14332 17 62 0.2362
14349 17 76 0.3937
14349 17 55 0.2756
14366 17 74 0.378
14366 17 62 0.2362
14383 17 74 0.4173
14383 17 57 0.2913
14400 17 72 0.3701
14400 17 62 0.2677
14417 17 71 0.3937
14417 17 55 0.2913
14434 17 69 0.3937
14434 17 62 0.2677
14452 8 74 0.4252
14452 17 54 0.2913
14469 17 62 0.2677
14486 8 72 0.4016
14486 17 50 0.2913
14503 17 62 0.2677
14520 34 71 0.4252
14520 17 55 0.2913
14537 17 62 0.2677
14554 17 59 0.2913
14571 17 62 0.2677
14589 5 78 0.4331
14589 17 55 0.2913
14594 5 76 0.4094
14600 5 78 0.4331
14606 8 76 0.4173
14606 17 64 0.2283
14614 8 78 0.4882
14623 17 79 0.4882
14623 17 60 0.252
14640 8 79 0.4724
14640 17 64 0.2283
14657 34 79 0.4724
14657 17 55 0.252
14674 17 62 0.2362
14691 17 59 0.252
14708 17 62 0.2441
14726 5 83 0.4331
14726 17 53 0.252
14731 5 81 0.4094
14737 5 83 0.4331
14743 8 81 0.4094
14743 17 60 0.2362
14751 8 83 0.4882
14760 17 84 0.4882
14760 17 57 0.252
14777 8 84 0.4724
14777 17 60 0.2362
14794 34 84 0.4724
14794 17 52 0.252
14811 17 60 0.2362
14828 17 55 0.252
14845 17 60 0.2362
14863 5 86 0.4252
14863 17 48 0.315
14868 5 84 0.4016
14874 5 86 0.4252
14880 8 84 0.4016
14880 17 55 0.2677
14888 8 86 0.4961
14897 17 88 0.4961
14897 17 52 0.315
14914 8 88 0.4724
14914 17 55 0.2598
14931 17 88 0.4724
14931 17 50 0.3071
14948 17 86 0.4803
14948 17 59 0.2677
14965 8 84 0.4409
14965 17 55 0.3071
14982 8 83 0.4409
14982 17 59 0.2677
15000 8 81 0.4409
15000 17 50 0.3071
15017 17 60 0.2677
15034 8 86 0.4409
15034 17 54 0.2992
15051 17 60 0.2598
15068 34 84 0.4882
15068 17 55 0.315
15085 17 62 0.2756
15102 34 83 0.4567
15102 17 59 0.315
15119 17 62 0.2677
15136 5 78 0.4252
15136 17 55 0.252
15142 5 76 0.4016
15148 5 78 0.4252
15154 8 76 0.4016
15154 17 64 0.2362
15162 8 78 0.5039
15171 17 79 0.5039
15171 17 60 0.252
15188 8 79 0.4724
15188 17 64 0.2362
15205 34 79 0.4724
15205 17 55 0.252
15222 17 62 0.2362
15239 17 59 0.252
15256 17 62 0.2362
15273 5 83 0.4252
15273 17 53 0.252
15279 5 81 0.3937
15285 5 83 0.4252
15291 8 81 0.4016
15291 17 60 0.2283
15299 8 83 0.5197
15308 17 84 0.5197
15308 17 57 0.252
15325 8 84 0.4724
15325 17 60 0.2283
15342 34 84 0.4724
15342 17 52 0.2677
15359 17 60 0.2362
15376 17 55 0.2598
15393 17 60 0.2283
15410 5 86 0.4252
15410 17 48 0.3228
15416 5 84 0.3937
15422 5 86 0.4252
15428 8 84 0.4016
15428 17 55 0.2992
15436 8 86 0.5039
15445 17 88 0.5039
15445 17 52 0.315
15462 8 88 0.4803
15462 17 55 0.2913
15479 17 88 0.4882
15479 17 50 0.315
15496 17 86 0.4803
15496 17 59 0.2913
15513 8 84 0.4803
15513 17 55 0.3071
15530 8 83 0.4803
15530 17 59 0.252
15547 17 83 0.4882
15547 17 50 0.2992
15565 17 81 0.4803
15565 17 60 0.2598
15582 8 79 0.4803
15582 17 57 0.2992
15599 8 78 0.4803
15599 17 60 0.252
15616 45 86 0.6535
15650 34 55 0.2992
15650 34 59 0.2992
15662 11 83 0.4803
15673 11 79 0.4803
15684 11 78 0.4961
15684 34 57 0.3465
15684 34 60 0.3465
15696 11 81 0.4961
15707 11 74 0.4803
15719 11 79 0.4961
15719 34 62 0.3858
15719 34 59 0.3858
15730 11 83 0.4803
15742 11 74 0.4803
15753 45 81 0.5512
15787 34 50 0.2913
15787 34 54 0.2913
15799 11 78 0.4567
15810 11 74 0.4646
15821 11 73 0.4803
15821 34 52 0.315
15821 34 55 0.315
15833 11 74 0.4488
15844 11 69 0.4488
15856 11 72 0.4724
15856 34 54 0.3465
15856 34 57 0.3465
15867 11 74 0.4488
15879 11 69 0.4488
15890 45 86 0.6142
15924 34 55 0.2992
15924 34 59 0.2992
15936 11 83 0.4803
15947 11 79 0.4803
15958 11 78 0.4961
15958 34 57 0.3465
15958 34 60 0.3465
15970 11 81 0.4961
15981 11 74 0.4803
15993 11 79 0.4961
15993 34 62 0.3858
15993 34 59 0.3858
16004 11 83 0.4803
16015 11 74 0.4803
16027 45 81 0.5748
16061 34 50 0.2913
16061 34 54 0.2913
16073 11 78 0.4331
16084 11 74 0.4331
16095 11 73 0.4488
16095 34 52 0.315
16095 34 55 0.315
16107 11 74 0.4252
16118 11 69 0.4252
16130 11 72 0.4331
16130 34 54 0.3465
16130 34 57 0.3465
16141 11 74 0.4173
16152 11 69 0.4173
16164 11 71 0.4173
16164 68 55 0.3465
16175 11 67 0.4252
16187 11 71 0.4409
16198 11 74 0.4488
16210 11 71 0.4567
16221 11 74 0.4803
16232 11 79 0.4803
16244 11 74 0.4961
16255 11 79 0.5039
16267 11 83 0.5039
16278 11 79 0.5276
16289 11 83 0.5354
16301 11 86 0.5433
16301 205 55 0.3465
16301 136 43 0.3465
16301 136 47 0.3465
16301 136 50 0.3465
16312 11 83 0.5512
16324 11 86 0.5748
16335 11 89 0.5748
16347 11 86 0.5512
16358 11 83 0.5354
16369 11 79 0.5197
16381 11 77 0.5039
16392 11 74 0.4803
16404 11 71 0.4724
16415 11 67 0.4409
16426 11 65 0.4252
16438 8 64 0.4016
16438 68 48 0.2992
16455 17 76 0.378
16472 17 75 0.378
16489 17 76 0.378
16506 17 75 0.3858
16523 17 76 0.3858
16541 17 75 0.3858
16558 17 76 0.3858
16575 102 67 0.4173
16609 34 49 0.2913
16609 34 58 0.2913
16643 34 50 0.315
16643 34 59 0.315
16678 17 71 0.3858
16678 34 66 0.3858
16678 34 60 0.3465
16695 17 69 0.3858
16712 68 59 0.3465
16712 68 55 0.3465
16723 11 67 0.4252
16735 11 71 0.4409
16746 11 74 0.4488
16758 11 71 0.4567
16769 11 74 0.4803
16780 11 79 0.4803
16792 11 74 0.4961
16803 11 79 0.5039
16815 11 83 0.5039
16826 11 79 0.5276
16837 11 83 0.5354
16849 11 86 0.5433
16849 205 55 0.3465
16849 136 43 0.3465
16849 136 47 0.3465
16849 136 50 0.3465
16860 11 83 0.5512
16872 11 86 0.5748
16883 11 89 0.5748
16894 11 86 0.5512
16906 11 83 0.5354
16917 11 79 0.5748
16929 11 77 0.5039
16940 11 74 0.4803
16952 11 71 0.4724
16963 11 67 0.4409
16974 11 65 0.4252
16986 8 64 0.4016
16986 68 48 0.2992
17003 17 76 0.378
17020 17 75 0.378
17037 17 76 0.3622
17054 17 75 0.3858
17071 17 76 0.3701
17089 17 75 0.3858
17106 17 76 0.3701
17123 68 49 0.3228
17123 68 58 0.3228
17140 17 79 0.4567
17157 17 78 0.4331
17174 17 79 0.4252
17191 17 78 0.4488
17208 17 79 0.4409
17226 17 78 0.4724
17243 17 79 0.5039
17260 17 79 0.4882
17260 17 50 0.378
17277 17 74 0.4016
17277 17 59 0.315
17294 8 74 0.4252
17294 17 55 0.3228
17311 8 74 0.4016
17311 17 59 0.3071
17328 17 76 0.4488
17328 17 50 0.378
17345 17 74 0.4173
17345 17 59 0.315
17363 8 72 0.4094
17363 17 55 0.3228
17380 8 71 0.4016
17380 17 59 0.315
17397 34 71 0.3858
17397 17 50 0.3386
17414 17 62 0.2913
17431 17 55 0.2992
17448 17 62 0.2835
17465 8 71 0.378
17465 17 50 0.3071
17474 8 69 0.3543
17482 8 71 0.378
17482 17 60 0.2362
17491 8 69 0.3543
17500 8 71 0.378
17500 17 54 0.252
17508 8 69 0.3622
17517 8 67 0.4016
17517 17 60 0.2362
17525 8 69 0.378
17534 34 67 0.3937
17534 17 55 0.2756
17551 17 59 0.2362
17568 17 67 0.252
17585 17 59 0.2362
17602 47 74 0.3937
17602 17 55 0.2756
17619 17 59 0.2362
17636 17 67 0.252
17649 4 78 0.378
17654 8 76 0.378
17654 17 59 0.2362
17662 8 74 0.378
17671 8 86 0.4488
17671 17 55 0.2756
17688 17 57 0.2362
17705 8 84 0.4409
17705 17 66 0.252
17722 17 57 0.2362
17739 8 83 0.4252
17739 17 55 0.2756
17756 17 60 0.2362
17773 8 81 0.4016
17773 17 66 0.252
17791 17 60 0.2362
17808 68 79 0.4331
17808 17 55 0.2756
17825 17 59 0.2362
17842 17 67 0.252
17859 17 59 0.2441
17876 47 74 0.3937
17876 17 55 0.2756
17893 17 59 0.2362
17910 17 67 0.252
17923 4 78 0.378
17928 8 76 0.378
17928 17 59 0.2362
17936 8 74 0.378
17945 8 86 0.4409
17945 17 55 0.2756
17962 17 57 0.2362
17979 8 84 0.4173
17979 17 66 0.252
17996 17 57 0.2362
18013 8 83 0.4094
18013 17 55 0.2756
18030 17 60 0.2362
18047 8 81 0.3858
18047 17 66 0.252
18065 17 60 0.2362
18082 34 79 0.4173
18082 17 55 0.2756
18099 17 59 0.2362
18116 17 67 0.252
18133 17 59 0.2362
18144 5 74 0.4409
18150 51 86 0.5433
18150 17 55 0.2756
18167 17 60 0.2362
18184 17 66 0.252
18202 5 84 0.4094
18202 17 60 0.2362
18207 5 83 0.4016
18213 5 81 0.378
18219 34 79 0.4173
18219 17 55 0.2756
18236 17 59 0.2362
18253 17 67 0.252
18270 17 59 0.2362
18281 5 74 0.4409
18287 51 86 0.5433
18287 17 55 0.2756
18304 17 60 0.2362
18321 17 66 0.252
18339 5 84 0.4173
18339 17 60 0.2362
18344 5 83 0.4016
18350 5 81 0.3858
18356 34 79 0.4173
18356 34 67 0.2441
18356 34 55 0.2441
18356 34 59 0.2441
18390 25 62 0.3307
18416 8 67 0.3228
18424 17 71 0.3386
18458 34 60 0.2835
18458 34 69 0.2835
18458 34 50 0.2362
18493 68 60 0.2835
18493 68 69 0.2835
18493 34 55 0.2598
18527 34 50 0.252
18561 34 59 0.2913
18561 34 67 0.2913
18561 34 43 0.2598
18630 34 74 0.3701
18630 68 62 0.3071
18630 34 59 0.3071
18664 17 71 0.3386
18664 17 55 0.2992
18698 17 71 0.3386
18698 17 62 0.315
18698 17 55 0.315
18732 4 72 0.2835
18732 34 62 0.2992
18732 34 55 0.2992
18737 4 71 0.2835
18741 4 72 0.2835
18745 4 71 0.2835
18750 8 69 0.3228
18758 8 71 0.3228
18767 34 74 0.3858
18767 34 59 0.315
18767 68 62 0.315
18801 8 72 0.3386
18801 8 57 0.2992
18835 68 69 0.3386
18835 68 54 0.2992
18835 68 62 0.2992
18904 34 72 0.4016
18904 68 62 0.3228
18904 34 57 0.3228
18938 8 71 0.3465
18938 8 55 0.2992
18972 34 74 0.4173
18972 68 62 0.315
18972 34 59 0.315
19006 8 72 0.3386
19006 8 57 0.2992
19041 68 76 0.4724
19041 102 62 0.3937
19041 68 60 0.3937
19109 34 74 0.3858
19109 34 59 0.315
19178 34 74 0.4724
19212 17 67 0.3937
19246 34 67 0.3937
19246 68 47 0.2992
19246 68 50 0.2992
19280 4 69 0.3307
19285 4 68 0.3307
19289 4 69 0.3307
19293 4 68 0.3307
19297 8 66 0.3386
19306 8 68 0.3386
19315 34 69 0.3937
19315 68 48 0.2992
19315 68 52 0.2992
19349 8 72 0.3937
19383 68 76 0.4724
19383 68 49 0.315
19383 68 55 0.315
19452 34 74 0.378
19452 136 50 0.2677
19452 68 59 0.2677
19486 8 67 0.3386
19520 34 72 0.3701
19520 68 57 0.2677
19554 8 66 0.3386
19589 68 69 0.3386
19589 68 60 0.3071
19589 102 55 0.3071
19657 34 67 0.3228
19657 34 59 0.2756
19726 34 74 0.3701
19726 17 59 0.2992
19743 17 62 0.2362
19760 17 71 0.3386
19760 17 55 0.2756
19777 17 62 0.2362
19794 17 71 0.3386
19794 17 55 0.2992
19811 17 62 0.252
19828 4 72 0.2835
19828 17 56 0.2913
19833 4 71 0.2835
19837 4 72 0.2835
19841 4 71 0.2835
19845 8 69 0.3228
19845 17 62 0.252
19854 8 71 0.3228
19863 34 74 0.3858
19863 17 57 0.315
19880 17 62 0.2441
19897 8 72 0.3386
19897 17 55 0.2756
19914 17 62 0.2362
19931 68 69 0.3386
19931 17 54 0.2992
19948 17 62 0.2756
19965 17 50 0.2992
19982 17 62 0.2677
20000 34 72 0.4016
20000 17 55 0.2992
20017 17 67 0.2677
20034 8 71 0.3465
20034 17 59 0.2992
20051 17 67 0.2598
20068 34 74 0.4173
20068 17 57 0.315
20085 17 67 0.2992
20102 8 72 0.3386
20102 17 60 0.315
20119 17 67 0.2992
20137 68 76 0.4724
20137 17 60 0.3701
20154 17 67 0.2992
20171 17 64 0.315
20188 17 67 0.2992
20205 34 74 0.3858
20205 17 59 0.315
20222 17 67 0.2598
20239 17 62 0.2992
20256 17 67 0.2677
20273 34 74 0.4252
20273 17 57 0.3071
20291 17 67 0.2756
20308 8 72 0.3701
20308 17 60 0.3071
20325 17 67 0.2677
20342 34 76 0.4331
20342 17 59 0.3228
20359 17 67 0.2913
20376 8 74 0.3386
20376 17 62 0.315
20393 17 67 0.2913
20410 68 77 0.4803
20410 17 62 0.3937
20428 17 67 0.2992
20445 17 65 0.3228
20462 17 67 0.2992
20479 34 76 0.4016
20479 17 60 0.3228
20496 17 67 0.2913
20513 17 64 0.3071
20530 17 67 0.2913
20547 34 76 0.4409
20547 17 59 0.315
20565 17 67 0.2992
20582 8 74 0.3858
20582 17 62 0.315
20599 17 67 0.2913
20616 34 77 0.4488
20616 17 60 0.3543
20633 17 67 0.315
20650 8 76 0.3701
20650 17 64 0.3543
20667 17 67 0.315
20684 68 79 0.5039
20684 17 64 0.4094
20702 17 67 0.3228
20719 17 66 0.3543
20736 17 67 0.315
20753 34 77 0.4252
20753 17 62 0.3543
20770 17 67 0.2992
20787 17 66 0.315
20804 17 67 0.2992
20821 51 76 0.4409
20821 17 60 0.315
20839 17 67 0.2756
20856 17 66 0.2913
20873 8 77 0.4173
20873 17 67 0.2756
20881 8 79 0.4173
20890 34 77 0.4409
20890 17 59 0.315
20907 17 67 0.2756
20924 17 76 0.4409
20924 17 60 0.2913
20941 17 67 0.2677
20958 68 74 0.4331
20958 17 55 0.2913
20976 17 67 0.2362
20993 17 59 0.2598
21010 17 67 0.2362
21027 17 55 0.2992
21044 17 67 0.2598
21061 17 79 0.5039
21061 17 59 0.2441
21078 17 67 0.2441
21095 34 77 0.4961
21095 17 55 0.2677
21113 17 67 0.2283
21130 34 75 0.3465
21130 17 60 0.2441
21147 17 67 0.2362
21164 17 55 0.2598
21181 17 67 0.2362
21198 17 72 0.3386
21198 17 63 0.2441
21215 17 67 0.2283
21232 34 71 0.3937
21232 17 55 0.252
21250 17 67 0.2362
21267 34 74 0.3701
21267 17 62 0.252
21284 17 67 0.2362
21301 17 55 0.2913
21318 17 67 0.2362
21335 17 79 0.5039
21335 17 59 0.252
21352 17 67 0.2362
21369 17 55 0.2756
21387 17 67 0.2362
21404 17 77 0.3701
21404 17 60 0.252
21421 17 75 0.3701
21421 17 67 0.2362
21438 17 55 0.2913
21455 17 67 0.2362
21472 17 74 0.3386
21472 17 63 0.2598
21489 17 72 0.3386
21489 17 67 0.2362
21506 34 71 0.4016
21506 17 55 0.2756
21523 17 67 0.2362
21541 34 74 0.3386
21541 17 62 0.252
21558 17 67 0.2362
21575 17 55 0.3543
21592 17 79 0.4803
21592 17 67 0.2756
21609 17 78 0.4882
21609 17 59 0.2992
21626 17 79 0.4803
21626 17 67 0.2835
21643 17 56 0.3543
21660 17 75 0.4488
21660 17 67 0.2362
21678 17 74 0.4724
21678 17 60 0.2598
21695 17 75 0.4567
21695 17 67 0.2362
21712 17 56 0.3543
21729 17 72 0.4331
21729 17 66 0.2598
21746 17 71 0.4488
21746 17 60 0.2598
21763 17 72 0.4409
21763 17 66 0.2598
21780 34 71 0.5039
21780 34 55 0.3543
21780 34 67 0.3543
21815 8 74 0.4409
21849 34 71 0.4882
21849 34 55 0.3386
21849 34 67 0.3386
21883 8 74 0.4409
21917 34 71 0.4882
21917 34 55 0.3465
21917 34 67 0.3465
21952 8 74 0.4252
22054 34 74 0.2913
22054 34 55 0.189
22054 34 59 0.189
22054 34 62 0.189
22054 34 65 0.189
22089 8 77 0.2677
22123 34 74 0.2913
22123 34 55 0.189
22123 34 59 0.189
22123 34 62 0.189
22123 34 65 0.189
22157 8 77 0.2677
22191 34 74 0.2913
22191 34 55 0.189
22191 34 59 0.189
22191 34 62 0.189
22191 34 65 0.189
22226 8 77 0.2756
22328 51 76 0.4724
22363 34 48 0.315
22380 8 77 0.4252
22388 8 79 0.4252
22397 34 72 0.4724
22397 34 52 0.315
22431 34 71 0.3858
22431 34 74 0.3858
22431 34 55 0.315
22465 34 71 0.4173
22465 25 74 0.4173
22465 34 60 0.3386
22491 8 77 0.378
22500 34 72 0.4173
22500 34 76 0.4173
22500 34 48 0.315
22534 68 71 0.3937
22534 68 74 0.3937
22534 34 55 0.3386
22568 34 43 0.315
22602 51 76 0.4724
22637 34 48 0.315
22654 8 77 0.4409
22662 8 79 0.4409
22671 34 72 0.4803
22671 34 52 0.315
22705 17 71 0.3858
22705 17 74 0.3858
22705 34 55 0.3386
22739 34 74 0.4252
22739 34 77 0.4252
22739 34 60 0.3465
22773 8 77 0.3858
22773 34 72 0.3858
22773 34 48 0.3228
22782 8 76 0.3858
22791 8 77 0.3858
22799 8 76 0.3858
22808 68 71 0.4094
22808 68 74 0.4094
22808 34 55 0.3386
22842 34 43 0.3228
22876 51 77 0.5039
22876 34 57 0.3701
22910 34 60 0.3622
22928 8 79 0.4724
22936 8 77 0.4724
22945 34 76 0.5039
22945 34 55 0.3858
22979 17 76 0.4882
22979 34 60 0.3543
23013 51 81 0.5433
23013 34 53 0.3858
23047 34 60 0.3701
23065 8 83 0.4961
23073 8 84 0.4961
23082 34 79 0.5433
23082 34 52 0.3937
23116 17 79 0.5433
23116 34 60 0.3622
23150 17 79 0.5354
23167 12 77 0.4961
23184 17 77 0.5039
23184 34 67 0.3386
23184 34 59 0.3386
23202 12 74 0.4961
23219 17 77 0.5433
23219 34 67 0.3386
23219 34 60 0.3386
23236 12 76 0.5039
23253 17 76 0.5197
23270 12 72 0.5039
23287 17 73 0.5039
23287 68 55 0.3465
23287 68 59 0.3465
23304 17 74 0.4724
23321 17 76 0.5039
23339 17 74 0.4882
23356 17 72 0.4961
23373 17 71 0.4803
23390 17 69 0.4803
23407 17 67 0.4724
23424 51 76 0.5512
23424 17 36 0.5039
23441 17 40 0.4409
23458 17 43 0.4488
23476 8 77 0.5039
23476 17 48 0.4409
23484 8 79 0.5039
23493 34 72 0.5512
23493 17 40 0.4724
23510 17 52 0.4488
23527 34 71 0.4724
23527 34 74 0.4724
23527 17 43 0.4724
23544 17 55 0.4488
23561 34 71 0.4961
23561 25 74 0.4961
23561 17 48 0.4724
23578 17 52 0.4331
23587 8 77 0.4488
23595 34 72 0.4961
23595 34 76 0.4961
23595 17 55 0.4488
23613 17 60 0.4409
23630 68 71 0.4803
23630 68 74 0.4803
23630 17 43 0.4724
23647 17 47 0.4488
23664 17 50 0.4646
23681 17 55 0.4488
23698 51 76 0.5512
23698 17 36 0.4724
23715 17 40 0.4409
23732 17 43 0.4488
23750 8 77 0.5276
23750 17 48 0.4331
23758 8 79 0.5276
23767 34 72 0.5591
23767 17 40 0.4724
23784 17 52 0.4488
23801 17 71 0.4724
23801 17 74 0.4724
23801 17 43 0.4567
23818 17 55 0.4488
23835 34 74 0.5039
23835 34 77 0.5039
23835 17 48 0.4724
23852 17 52 0.4331
23869 8 77 0.4724
23869 34 72 0.4724
23869 17 55 0.4488
23878 8 76 0.4724
23887 8 77 0.4724
23887 17 60 0.4409
23895 8 76 0.4724
23904 68 71 0.4882
23904 68 74 0.4882
23904 17 43 0.4882
23921 17 47 0.4409
23938 17 50 0.4488
23955 17 55 0.4409
23972 51 77 0.6063
23972 17 57 0.4173
23989 17 60 0.3858
24006 17 57 0.4173
24023 8 79 0.5512
24023 17 60 0.3858
24032 8 77 0.5512
24041 34 76 0.6063
24041 17 55 0.4173
24058 17 60 0.3937
24075 17 76 0.5827
24075 17 55 0.4173
24092 17 60 0.3937
24109 51 81 0.6142
24109 17 53 0.4488
24126 17 60 0.4173
24143 17 53 0.4488
24160 8 83 0.5591
24160 17 60 0.4173
24169 8 84 0.5433
24178 34 79 0.622
24178 17 52 0.4488
24195 17 60 0.4173
24212 17 79 0.6063
24212 17 52 0.4488
24229 17 60 0.4094
24246 17 80 0.6063
24263 17 81 0.5827
24280 17 77 0.5906
24280 17 53 0.3858
24280 17 62 0.3858
24297 17 74 0.5669
24315 34 72 0.5906
24315 68 55 0.3858
24315 34 64 0.3858
24349 34 71 0.5591
24349 34 62 0.3858
24383 11 72 0.5906
24383 68 64 0.3858
24383 68 60 0.3858
24394 11 67 0.5433
24406 11 76 0.5197
24417 11 72 0.5906
24429 11 79 0.5433
24440 11 76 0.5197
24452 11 84 0.5748
24463 11 83 0.5197
24474 11 81 0.5118
24486 11 79 0.5512
24497 11 77 0.5276
24509 11 76 0.5118
24520 11 73 0.4961
24531 11 74 0.4724
24543 11 77 0.4724
24554 11 81 0.4882
24554 34 62 0.2992
24554 34 57 0.2992
24554 34 53 0.2992
24566 11 77 0.4488
24577 11 74 0.4488
24589 11 79 0.4803
24589 68 55 0.2992
24589 34 64 0.2992
24600 11 76 0.4488
24611 11 72 0.4488
24623 11 77 0.4803
24623 34 62 0.3465
24634 11 74 0.4331
24646 11 71 0.4331
24657 11 72 0.5906
24657 68 64 0.3858
24657 68 60 0.3858
24668 11 67 0.5433
24680 11 76 0.5276
24691 11 72 0.5906
24703 11 79 0.5433
24714 11 76 0.5276
24726 11 84 0.5748
24737 11 83 0.5197
24748 11 81 0.5039
24760 11 79 0.5512
24771 11 77 0.5276
24783 11 76 0.5118
24794 11 73 0.4961
24805 11 74 0.4724
24817 11 77 0.4646
24828 11 81 0.4882
24828 34 62 0.2992
24828 34 57 0.2992
24828 34 53 0.2992
24840 11 77 0.4488
24851 11 74 0.4331
24863 11 79 0.4803
24863 68 55 0.2992
24863 34 64 0.2992
24874 11 76 0.4488
24885 11 72 0.4252
24897 11 77 0.4803
24897 34 62 0.315
24908 11 74 0.4331
24920 11 71 0.4331
24931 8 72 0.4094
24931 8 64 0.2992
24931 8 60 0.2992
24965 8 67 0.3937
24965 8 55 0.2992
25000 68 60 0.3937
25000 68 48 0.2992
25068 68 76 0.3937
25068 17 60 0.2913
25085 17 67 0.2362
25102 17 66 0.2598
25119 17 67 0.2362
25137 8 77 0.3622
25137 17 60 0.2913
25145 8 76 0.3622
25154 8 74 0.3622
25154 17 67 0.2362
25162 8 76 0.3622
25171 17 79 0.3937
25171 17 62 0.2598
25188 17 77 0.3622
25188 17 67 0.2362
25205 17 76 0.4016
25205 17 64 0.2913
25222 17 74 0.3858
25222 17 67 0.2362
25239 17 72 0.3858
25239 17 65 0.2598
25256 17 71 0.3858
25256 17 67 0.2362
25273 8 72 0.4094
25273 17 64 0.2913
25291 17 67 0.2362
25308 8 73 0.4331
25308 17 58 0.2598
25325 17 67 0.2441
25342 8 74 0.4409
25342 17 59 0.2992
25359 17 67 0.2441
25376 8 75 0.4724
25376 17 59 0.2756
25393 17 67 0.252
25410 8 76 0.4961
25410 17 60 0.3228
25428 17 67 0.2598
25445 17 79 0.4882
25445 17 60 0.2913
25462 17 77 0.4488
25462 17 67 0.2598
25479 51 76 0.4882
25479 17 60 0.315
25496 17 67 0.2362
25513 17 66 0.2598
25530 8 77 0.4331
25530 17 67 0.2362
25539 8 76 0.4331
25547 34 74 0.4409
25547 17 59 0.2913
25565 17 67 0.2441
25582 17 66 0.2598
25599 17 67 0.252
25616 68 77 0.4567
25616 17 59 0.2913
25633 17 67 0.2441
25650 17 66 0.2598
25667 17 67 0.2441
25684 8 79 0.378
25684 17 59 0.2913
25693 8 77 0.3858
25702 8 76 0.3858
25702 17 67 0.2441
25710 8 77 0.3858
25719 17 81 0.4331
25719 17 60 0.2598
25736 17 79 0.4094
25736 17 67 0.2441
25753 17 77 0.4094
25753 17 62 0.2913
25770 17 76 0.3937
25770 17 67 0.2441
25787 17 74 0.3937
25787 17 64 0.2598
25804 17 72 0.3937
25804 17 67 0.2441
25821 17 71 0.3858
25821 17 65 0.2913
25839 8 72 0.3937
25839 17 67 0.252
25856 8 74 0.4016
25856 17 62 0.2677
25873 8 76 0.4173
25873 17 67 0.2441
25890 8 77 0.4252
25890 17 59 0.315
25907 8 79 0.4331
25907 17 67 0.2441
25924 8 81 0.4409
25924 17 62 0.2677
25941 8 83 0.4567
25941 17 67 0.2441
25958 8 84 0.4724
25958 17 59 0.3622
25976 8 86 0.4803
25976 17 67 0.2756
25993 8 88 0.4882
25993 17 55 0.2913
26010 8 89 0.4961
26010 17 67 0.2756
26027 68 87 0.622
26027 17 60 0.3465
26044 17 67 0.2913
26061 17 65 0.315
26078 17 67 0.2913
26095 34 88 0.5906
26095 17 60 0.3465
26113 17 67 0.2913
26130 17 64 0.315
26147 17 67 0.2913
26164 45 70 0.5039
26164 11 48 0.378
26175 11 52 0.3386
26187 11 55 0.3228
26198 34 60 0.3622
26210 11 76 0.4724
26221 11 79 0.4724
26232 11 82 0.4724
26244 11 79 0.4567
26255 11 76 0.4567
26267 11 79 0.4724
26278 11 76 0.4567
26289 11 70 0.4567
26301 45 69 0.5039
26301 11 41 0.378
26312 11 45 0.3386
26324 11 48 0.3228
26335 34 53 0.378
26347 11 72 0.4724
26358 11 77 0.4567
26369 11 81 0.4724
26381 11 77 0.4646
26392 11 72 0.4646
26404 11 77 0.4724
26415 11 72 0.4646
26426 11 69 0.4646
26438 45 67 0.5039
26438 11 45 0.378
26449 11 49 0.3386
26461 11 52 0.315
26472 34 57 0.378
26484 11 73 0.4724
26495 11 76 0.4567
26506 11 79 0.4724
26518 11 76 0.4567
26529 11 73 0.4567
26541 11 76 0.4724
26552 11 73 0.4567
26563 11 67 0.4567
26575 45 66 0.5039
26575 11 50 0.378
26586 11 54 0.3386
26598 11 57 0.315
26609 34 62 0.378
26621 11 69 0.4724
26632 11 74 0.4488
26643 11 78 0.4724
26655 11 74 0.4567
26666 11 69 0.4567
26678 11 74 0.4724
26689 11 69 0.4567
26700 11 66 0.4567
26712 45 65 0.5039
26712 11 47 0.378
26723 11 50 0.3386
26735 11 55 0.315
26746 34 59 0.378
26758 11 71 0.4724
26769 11 74 0.4567
26780 11 77 0.4724
26792 11 74 0.4567
26803 11 71 0.4567
26815 11 74 0.4724
26826 11 71 0.4567
26837 11 65 0.4646
26849 45 64 0.5039
26849 11 48 0.378
26860 11 52 0.3386
26872 11 55 0.315
26883 34 60 0.378
26894 11 67 0.4724
26906 11 72 0.4724
26917 11 76 0.4724
26929 11 72 0.4567
26940 11 67 0.4567
26952 11 72 0.4724
26963 11 67 0.4488
26974 11 64 0.4488
26986 34 53 0.3937
26986 34 57 0.3937
26997 11 62 0.4724
27009 11 69 0.4567
27020 11 74 0.4567
27031 11 69 0.4724
27043 11 62 0.4567
27054 34 57 0.4094
27054 34 54 0.4094
27066 11 62 0.4724
27077 11 69 0.4488
27089 11 72 0.4724
27100 11 69 0.4567
27111 11 62 0.4567
27123 34 71 0.4961
27123 8 55 0.4488
27140 17 67 0.315
27157 17 66 0.3465
27174 17 67 0.315
27191 17 66 0.3465
27208 8 79 0.4882
27208 17 67 0.3228
27226 8 81 0.5039
27226 17 65 0.3465
27243 8 83 0.5354
27243 17 67 0.315
27260 85 84 0.5039
27260 17 64 0.3858
27277 17 67 0.315
27294 17 64 0.2756
27311 17 67 0.2362
27328 17 64 0.2913
27345 17 83 0.3937
27345 17 67 0.2441
27363 17 81 0.4016
27363 17 60 0.2756
27380 17 79 0.3937
27380 17 67 0.2441
27397 17 79 0.4173
27397 17 62 0.2913
27414 17 77 0.3937
27414 17 67 0.2677
27431 17 76 0.4016
27431 17 60 0.2913
27448 17 74 0.3937
27448 17 67 0.2677
27465 8 79 0.4252
27465 17 59 0.2913
27482 17 67 0.2677
27500 8 77 0.4016
27500 17 55 0.2913
27517 17 67 0.2677
27534 34 75 0.4173
27534 17 60 0.2992
27551 17 67 0.2441
27568 34 76 0.4016
27568 17 66 0.2677
27585 17 67 0.2441
27602 17 66 0.3071
27619 17 67 0.3228
27637 17 69 0.3465
27654 17 67 0.3228
27671 17 65 0.3858
27688 17 67 0.3701
27705 17 64 0.3858
27722 8 79 0.4252
27722 17 67 0.3543
27739 8 80 0.4488
27739 17 65 0.3858
27756 8 81 0.4803
27756 17 67 0.3622
27773 8 82 0.5039
27773 17 62 0.3858
27791 8 83 0.5276
27791 17 67 0.3622
27808 85 84 0.5748
27808 17 64 0.3858
27825 17 67 0.3228
27842 17 64 0.2756
27859 17 67 0.2441
27876 17 64 0.2913
27893 17 83 0.378
27893 17 67 0.2441
27910 17 81 0.3937
27910 17 60 0.2756
27928 17 79 0.3701
27928 17 67 0.2441
27945 17 79 0.4173
27945 17 62 0.2913
27962 17 77 0.3701
27962 17 67 0.2677
27979 17 76 0.3937
27979 17 60 0.2913
27996 17 74 0.378
27996 17 67 0.2677
28013 8 79 0.4252
28013 17 59 0.2913
28030 17 67 0.2677
28047 8 77 0.4016
28047 17 55 0.2913
28065 17 67 0.2677
28082 34 76 0.4016
28082 17 60 0.2677
28099 17 67 0.252
28116 17 64 0.252
28133 17 67 0.252
28150 5 83 0.4803
28150 17 60 0.2913
28156 5 81 0.4488
28162 5 83 0.4803
28167 8 81 0.4567
28167 17 69 0.2283
28176 8 83 0.5354
28184 17 84 0.5354
28184 17 65 0.252
28202 8 84 0.5039
28202 17 69 0.2283
28219 34 84 0.5039
28219 17 60 0.252
28236 17 67 0.2362
28253 17 64 0.252
28270 17 67 0.2441
28287 5 88 0.4803
28287 17 58 0.252
28293 5 86 0.4567
28299 5 88 0.4803
28304 8 86 0.4646
28304 17 65 0.2362
28313 8 88 0.5354
28321 17 89 0.5354
28321 17 62 0.252
28339 8 89 0.5039
28339 17 65 0.2362
28356 34 89 0.5039
28356 17 57 0.252
28373 17 65 0.2362
28390 17 60 0.252
28407 17 65 0.2362
28424 5 79 0.4252
28424 17 53 0.315
28430 5 77 0.4016
28436 5 79 0.4252
28441 8 77 0.4094
28441 17 62 0.2677
28450 8 79 0.4961
28458 17 81 0.4961
28458 17 57 0.315
28476 8 81 0.4724
28476 17 62 0.2598
28493 17 81 0.4724
28493 17 55 0.3071
28510 17 79 0.4803
28510 17 64 0.2677
28527 8 77 0.4409
28527 17 60 0.3071
28544 8 76 0.4409
28544 17 64 0.2677
28561 17 74 0.4409
28561 17 55 0.3071
28578 17 65 0.2677
28595 17 79 0.4409
28595 17 59 0.2992
28613 17 65 0.2598
28630 34 77 0.4882
28630 17 48 0.315
28647 17 55 0.2756
28664 34 76 0.4567
28664 17 52 0.315
28681 17 55 0.2677
28698 5 71 0.4252
28698 17 48 0.252
28704 5 69 0.3937
28710 5 71 0.4252
28715 8 69 0.3937
28715 17 57 0.2362
28724 8 71 0.5039
28732 17 72 0.5039
28732 17 53 0.252
28750 8 72 0.4724
28750 17 57 0.2362
28767 34 72 0.4724
28767 17 48 0.252
28784 17 55 0.2362
28801 17 52 0.252
28818 17 55 0.2362
28835 5 76 0.4252
28835 17 46 0.252
28841 5 74 0.3858
28847 5 76 0.4252
28852 8 74 0.3937
28852 17 53 0.2283
28861 8 76 0.5197
28869 17 77 0.5197
28869 17 50 0.252
28887 8 77 0.4724
28887 17 53 0.2283
28904 34 77 0.4724
28904 17 45 0.2677
28921 17 53 0.2362
28938 17 48 0.2598
28955 17 53 0.2283
28972 5 79 0.4252
28972 17 41 0.3228
28978 5 77 0.3937
28984 5 79 0.4252
28989 8 77 0.3937
28989 17 50 0.2992
28998 8 79 0.5039
29006 17 81 0.5039
29006 17 45 0.315
29023 8 81 0.4803
29023 17 50 0.2913
29041 17 81 0.4882
29041 17 43 0.315
29058 17 79 0.4803
29058 17 52 0.2913
29075 8 77 0.4803
29075 17 48 0.3071
29092 8 76 0.4803
29092 17 52 0.252
29109 17 76 0.4882
29109 17 43 0.2992
29126 17 74 0.4724
29126 17 53 0.2598
29143 8 72 0.4803
29143 17 50 0.2992
29160 8 71 0.4646
29160 17 53 0.252
29178 45 79 0.6142
29212 34 48 0.2992
29212 34 52 0.2992
29223 11 76 0.4803
29235 11 72 0.4803
29246 11 71 0.4961
29246 34 50 0.3465
29246 34 53 0.3465
29258 11 74 0.4961
29269 11 67 0.4803
29280 11 72 0.4961
29280 34 55 0.3858
29280 34 52 0.3858
29292 11 76 0.4803
29303 11 67 0.4646
29315 45 74 0.6063
29349 34 43 0.2913
29349 34 47 0.2913
29360 11 71 0.4331
29372 11 67 0.4094
29383 11 66 0.4488
29383 34 45 0.315
29383 34 48 0.315
29394 11 67 0.4252
29406 11 62 0.4252
29417 11 65 0.4331
29417 34 47 0.3465
29417 34 50 0.3465
29429 11 67 0.4173
29440 11 62 0.4173
29452 45 79 0.5906
29486 34 48 0.2992
29486 34 52 0.2992
29497 11 76 0.4803
29509 11 72 0.4724
29520 11 71 0.4961
29520 34 50 0.3465
29520 34 53 0.3465
29531 11 74 0.4961
29543 11 67 0.4803
29554 11 72 0.4961
29554 34 55 0.3858
29554 34 52 0.3858
29566 11 76 0.4803
29577 11 67 0.4803
29589 45 74 0.6063
29623 34 43 0.2913
29623 34 47 0.2913
29634 11 71 0.4331
29646 11 67 0.4331
29657 11 66 0.4488
29657 34 45 0.315
29657 34 48 0.315
29668 11 67 0.4252
29680 11 62 0.4252
29691 11 65 0.4331
29691 34 47 0.3465
29691 34 50 0.3465
29703 11 67 0.4173
29714 11 62 0.4173
29726 11 64 0.4173
29726 68 48 0.3465
29737 11 60 0.4252
29748 11 64 0.4409
29760 11 67 0.4488
29771 11 64 0.4567
29783 11 67 0.4803
29794 11 72 0.4803
29805 11 67 0.4961
29817 11 72 0.5039
29828 11 76 0.5039
29840 11 72 0.5276
29851 11 76 0.5354
29863 11 79 0.5433
29863 102 55 0.3465
29863 205 60 0.3465
29863 136 52 0.3465
29874 11 76 0.5512
29885 11 79 0.5748
29897 11 82 0.5748
29908 11 79 0.5512
29920 11 76 0.5354
29931 11 72 0.5197
29942 11 70 0.5039
29954 11 67 0.4803
29965 11 72 0.4724
29965 34 58 0.3465
29977 11 70 0.4409
29988 11 68 0.4252
30000 8 69 0.4016
30000 68 53 0.2992
30017 17 81 0.4094
30034 17 80 0.4016
30051 17 81 0.378
30068 17 80 0.4094
30085 17 81 0.3858
30102 17 80 0.4094
30119 17 81 0.3858
30137 68 72 0.4173
30171 34 54 0.2913
30171 34 63 0.2913
30205 8 74 0.3622
30205 34 55 0.315
30205 34 64 0.315
30214 8 72 0.3543
30222 8 71 0.3622
30231 8 72 0.3858
30239 17 76 0.3465
30239 34 71 0.3465
30239 34 65 0.3465
30256 17 74 0.3858
30273 11 72 0.4252
30273 68 64 0.3465
30273 68 60 0.3465
30285 11 67 0.4252
30296 11 72 0.4409
30308 11 76 0.4488
30319 11 72 0.4567
30331 11 76 0.4803
30342 11 79 0.4803
30353 11 76 0.4961
30365 11 79 0.5039
30376 11 84 0.5039
30388 11 86 0.5276
30399 11 84 0.5354
30410 11 82 0.5433
30410 102 55 0.3465
30410 205 60 0.3465
30410 136 52 0.3465
30422 11 81 0.5512
30433 11 79 0.5748
30445 11 77 0.5748
30456 11 76 0.5512
30468 11 74 0.5354
30479 11 72 0.5197
30490 11 74 0.5039
30502 11 72 0.4803
30513 11 70 0.4724
30513 34 58 0.3465
30525 11 69 0.4409
30536 11 68 0.4252
30547 8 69 0.4016
30547 68 57 0.2992
30547 68 53 0.2992
30565 17 81 0.378
30582 17 80 0.4016
30599 17 81 0.378
30616 17 80 0.4094
30633 17 81 0.3858
30650 17 80 0.4016
30667 17 81 0.3858
30684 68 54 0.3228
30684 68 63 0.3228
30702 17 84 0.4724
30719 17 83 0.4724
30736 17 84 0.4488
30753 17 83 0.4724
30770 17 84 0.4803
30787 17 83 0.4961
30804 17 84 0.5197
30821 17 84 0.5354
30821 17 55 0.378
30839 17 79 0.4724
30839 17 64 0.3071
30856 8 79 0.4724
30856 17 60 0.3228
30873 8 79 0.4724
30873 17 64 0.3071
30890 17 81 0.4882
30890 17 55 0.378
30907 17 79 0.4567
30907 17 64 0.2992
30924 8 77 0.4488
30924 17 60 0.3228
30941 8 76 0.4409
30941 17 64 0.3071
30958 34 76 0.4252
30958 17 55 0.3386
30976 17 67 0.2835
30993 17 60 0.2992
31010 17 67 0.2756
31027 8 76 0.4094
31027 17 55 0.3071
31035 8 74 0.3858
31044 8 76 0.4094
31044 17 65 0.2362
31053 8 74 0.378
31061 8 76 0.4094
31061 17 59 0.252
31070 8 74 0.3858
31078 8 72 0.4409
31078 17 65 0.2362
31087 8 74 0.4173
31095 34 72 0.4331
31095 17 48 0.2756
31113 17 52 0.2362
31130 17 60 0.252
31147 17 52 0.2362
31164 47 67 0.3937
31164 17 48 0.2756
31181 17 52 0.2362
31198 17 60 0.252
31211 4 71 0.378
31215 8 69 0.378
31215 17 52 0.2362
31224 8 67 0.378
31232 8 79 0.4488
31232 17 48 0.2756
31250 17 50 0.2362
31267 8 77 0.4409
31267 17 59 0.252
31284 17 50 0.2362
31301 8 76 0.4252
31301 17 48 0.2756
31318 17 53 0.2362
31335 8 74 0.4016
31335 17 59 0.252
31352 17 53 0.2362
31369 68 72 0.4331
31369 17 48 0.2756
31387 17 52 0.2362
31404 17 60 0.252
31421 17 52 0.2362
31438 47 67 0.3937
31438 17 48 0.2756
31455 17 52 0.2362
31472 17 60 0.252
31485 4 71 0.378
31489 8 69 0.378
31489 17 52 0.2362
31498 8 67 0.378
31506 8 79 0.4409
31506 17 48 0.2756
31523 17 50 0.2362
31541 8 77 0.4173
31541 17 59 0.252
31558 17 50 0.2362
31575 8 76 0.4094
31575 17 48 0.2756
31592 17 53 0.2362
31609 8 74 0.3858
31609 17 59 0.252
31626 17 53 0.2362
31643 34 72 0.4173
31643 17 48 0.2756
31660 17 52 0.2362
31678 17 60 0.252
31695 17 52 0.2362
31706 5 67 0.4409
31712 51 79 0.5197
31712 17 48 0.2756
31729 17 53 0.2362
31746 17 59 0.252
31763 5 77 0.4409
31763 17 53 0.2362
31769 5 76 0.4409
31775 5 74 0.4094
31780 34 72 0.4173
31780 17 48 0.2756
31797 17 52 0.2362
31815 17 60 0.252
31832 17 52 0.2362
31843 5 67 0.4409
31849 51 79 0.5197
31849 17 48 0.2756
31866 17 53 0.2362
31883 17 59 0.252
31900 8 81 0.4724
31900 17 53 0.2362
31909 8 83 0.4331
31917 34 84 0.5276
31917 17 48 0.2756
31934 17 52 0.2362
31952 17 60 0.252
31969 17 52 0.2441
31986 11 79 0.5433
31986 17 48 0.3228
31997 11 81 0.4961
32003 17 53 0.2756
32009 11 79 0.4961
32020 11 77 0.5118
32020 17 59 0.2756
32031 11 76 0.4961
32037 17 53 0.252
32043 11 74 0.4646
32054 34 72 0.4724
32054 17 48 0.2756
32071 17 52 0.2362
32089 17 60 0.252
32106 17 52 0.2362
32123 11 78 0.5669
32123 17 48 0.3228
32134 11 79 0.5118
32140 17 53 0.2756
32146 11 80 0.5197
32157 11 81 0.5433
32157 17 59 0.252
32168 11 82 0.5276
32174 17 53 0.2362
32180 11 83 0.5118
32191 34 84 0.4724
32191 68 48 0.2756
32191 68 52 0.2756
32226 25 67 0.3307
32251 8 72 0.3307
32260 8 76 0.3465
32294 8 65 0.3228
32294 8 74 0.3228
32294 8 56 0.2598
32328 68 65 0.3307
32328 68 74 0.3307
32328 102 57 0.2598
32397 34 64 0.2835
32397 34 72 0.2835
32465 17 81 0.622
32465 17 77 0.5197
32465 17 74 0.5197
32465 17 69 0.5197
32465 17 41 0.3937
32465 17 53 0.4646
32534 17 62 0.5197
32534 17 65 0.5197
32534 17 67 0.5197
32534 17 71 0.622
32534 17 43 0.3937
32534 17 55 0.4646
32602 17 67 0.5197
32602 17 60 0.5197
32602 17 64 0.5197
32602 17 72 0.622
32602 17 36 0.3701
32602 17 40 0.3701
32602 17 43 0.3701
32602 17 48 0.4488
32739 34 74 0.3701
32739 68 62 0.3071
32739 34 59 0.3071
32773 17 71 0.3386
32773 17 55 0.2992
32808 17 71 0.3386
32808 17 62 0.315
32808 17 55 0.315
32842 4 72 0.2835
32842 34 62 0.2992
32842 34 55 0.2992
32846 4 71 0.2835
32851 4 72 0.2835
32855 4 71 0.2835
32859 8 69 0.3228
32868 8 71 0.3228
32876 34 74 0.3858
32876 34 59 0.315
32876 68 62 0.315
32910 8 72 0.3386
32910 8 57 0.2992
32945 68 69 0.3386
32945 68 54 0.2992
32945 68 62 0.2992
33013 34 72 0.4016
33013 68 62 0.3228
33013 34 57 0.3228
33047 8 71 0.3465
33047 8 55 0.2992
33082 34 74 0.4173
33082 68 62 0.315
33082 34 59 0.315
33116 8 72 0.3386
33116 8 57 0.2992
33150 68 76 0.4724
33150 102 62 0.3937
33150 68 60 0.3937
33219 34 74 0.3858
33219 34 59 0.315
33287 34 74 0.4724
33321 17 67 0.3937
33356 34 67 0.3937
33356 68 47 0.2992
33356 68 50 0.2992
33390 4 69 0.3307
33394 4 68 0.3307
33398 4 69 0.3307
33403 4 68 0.3307
33407 8 66 0.3386
33416 8 68 0.3386
33424 34 69 0.3937
33424 68 48 0.2992
33424 68 52 0.2992
33458 8 72 0.3937
33493 68 76 0.4724
33493 68 49 0.315
33493 68 55 0.315
33561 34 74 0.378
33561 136 50 0.2677
33561 68 59 0.2677
33595 8 67 0.3386
33630 34 72 0.3701
33630 68 57 0.2677
33664 8 66 0.3386
33698 68 69 0.3386
33698 68 60 0.3071
33698 102 55 0.3071
33767 34 67 0.3228
33767 34 59 0.2756
33835 34 74 0.3701
33835 17 59 0.2992
33852 17 62 0.2362
33869 17 71 0.3386
33869 17 55 0.2756
33887 17 62 0.2362
33904 17 71 0.3386
33904 17 55 0.2992
33921 17 62 0.252
33938 4 72 0.2835
33938 17 56 0.2913
33942 4 71 0.2835
33946 4 72 0.2835
33951 4 71 0.2835
33955 8 69 0.3228
33955 17 62 0.252
33964 8 71 0.3228
33972 34 74 0.3858
33972 17 57 0.315
33989 17 62 0.2441
34006 8 72 0.3386
34006 17 55 0.2756
34023 17 62 0.2362
34041 68 69 0.3386
34041 17 54 0.2992
34058 17 62 0.2756
34075 17 50 0.2992
34092 17 62 0.2677
34109 34 72 0.4016
34109 17 55 0.2992
34126 17 67 0.2677
34143 8 71 0.3465
34143 17 59 0.2992
34160 17 67 0.2598
34178 34 74 0.4173
34178 17 57 0.315
34195 17 67 0.2992
34212 8 72 0.3386
34212 17 60 0.315
34229 17 67 0.2992
34246 68 76 0.4724
34246 17 60 0.3701
34263 17 67 0.2992
34280 17 64 0.315
34297 17 67 0.2992
34315 34 74 0.3858
34315 17 59 0.315
34332 17 67 0.2598
34349 17 62 0.2992
34366 17 67 0.2677
34383 34 74 0.4252
34383 17 57 0.3071
34400 17 67 0.2756
34417 8 72 0.3701
34417 17 60 0.3071
34434 17 67 0.2677
34452 34 76 0.4331
34452 17 59 0.3228
34469 17 67 0.2913
34486 8 74 0.3386
34486 17 62 0.315
34503 17 67 0.2913
34520 68 77 0.4803
34520 17 62 0.3937
34537 17 67 0.2992
34554 17 65 0.3228
34571 17 67 0.2992
34589 34 76 0.4016
34589 17 60 0.3228
34606 17 67 0.2913
34623 17 64 0.3071
34640 17 67 0.2913
34657 34 76 0.4409
34657 17 59 0.315
34674 17 67 0.2992
34691 8 74 0.3858
34691 17 62 0.315
34708 17 67 0.2913
34726 34 77 0.4488
34726 17 60 0.3543
34743 17 67 0.315
34760 8 76 0.3701
34760 17 64 0.3543
34777 17 67 0.315
34794 68 79 0.5039
34794 17 64 0.4094
34811 17 67 0.3228
34828 17 66 0.3543
34845 17 67 0.315
34863 34 77 0.4252
34863 17 62 0.3543
34880 17 67 0.2992
34897 17 66 0.315
34914 17 67 0.2992
34931 51 76 0.4409
34931 17 60 0.315
34948 17 67 0.2756
34965 17 66 0.2913
34982 8 77 0.4173
34982 17 67 0.2756
34991 8 79 0.4173
35000 34 77 0.4409
35000 17 59 0.315
35017 17 67 0.2756
35034 17 76 0.4409
35034 17 60 0.2913
35051 17 67 0.2677
35068 68 74 0.4331
35068 17 55 0.2913
35085 17 67 0.2362
35102 17 59 0.2598
35119 17 67 0.2362
35137 17 55 0.2992
35154 17 67 0.2598
35171 17 79 0.5039
35171 17 59 0.2441
35188 17 67 0.2441
35205 34 77 0.4961
35205 17 55 0.2677
35222 17 67 0.2283
35239 34 75 0.3465
35239 17 60 0.2441
35256 17 67 0.2362
35273 17 55 0.2598
35291 17 67 0.2362
35308 17 72 0.3386
35308 17 63 0.2441
35325 17 67 0.2283
35342 34 71 0.3937
35342 17 55 0.252
35359 17 67 0.2362
35376 34 74 0.3701
35376 17 62 0.252
35393 17 67 0.2362
35410 17 55 0.2913
35428 17 67 0.2362
35445 17 79 0.5039
35445 17 59 0.252
35462 17 67 0.2362
35479 17 55 0.2756
35496 17 67 0.2362
35513 17 77 0.3701
35513 17 60 0.252
35530 17 75 0.3701
35530 17 67 0.2362
35547 17 55 0.2913
35565 17 67 0.2362
35582 17 74 0.3386
35582 17 63 0.2598
35599 17 72 0.3386
35599 17 67 0.2362
35616 34 71 0.4016
35616 17 55 0.2756
35633 17 67 0.2362
35650 34 74 0.3386
35650 17 62 0.252
35667 17 67 0.2362
35684 17 55 0.3543
35702 17 79 0.4803
35702 17 67 0.2756
35719 17 78 0.4882
35719 17 59 0.2992
35736 17 79 0.4803
35736 17 67 0.2835
35753 17 56 0.3543
35770 17 75 0.4488
35770 17 67 0.2362
35787 17 74 0.4724
35787 17 60 0.2598
35804 17 75 0.4567
35804 17 67 0.2362
35821 17 56 0.3543
35839 17 72 0.4331
35839 17 66 0.2598
35856 17 71 0.4488
35856 17 60 0.2598
35873 17 72 0.4409
35873 17 66 0.2598
35890 34 71 0.5039
35890 34 55 0.3543
35890 34 67 0.3543
35924 8 74 0.4409
35958 34 71 0.4882
35958 34 55 0.3386
35958 34 67 0.3386
35993 8 74 0.4409
36027 34 71 0.4882
36027 34 55 0.3465
36027 34 67 0.3465
36061 8 74 0.4252
36164 34 74 0.2913
36164 34 55 0.189
36164 34 59 0.189
36164 34 62 0.189
36164 34 65 0.189
36198 8 77 0.2677
36232 34 74 0.2913
36232 34 55 0.189
36232 34 59 0.189
36232 34 62 0.189
36232 34 65 0.189
36267 8 77 0.2677
36301 34 74 0.2913
36301 34 55 0.189
36301 34 59 0.189
36301 34 62 0.189
36301 34 65 0.189
36335 8 77 0.2756
36438 51 76 0.4724
36472 34 48 0.315
36489 8 77 0.4252
36498 8 79 0.4252
36506 34 72 0.4724
36506 34 52 0.315
36541 34 71 0.3858
36541 34 74 0.3858
36541 34 55 0.315
36575 34 71 0.4173
36575 25 74 0.4173
36575 34 60 0.3386
36601 8 77 0.378
36609 34 72 0.4173
36609 34 76 0.4173
36609 34 48 0.315
36643 68 71 0.3937
36643 68 74 0.3937
36643 34 55 0.3386
36678 34 43 0.315
36712 51 76 0.4724
36746 34 48 0.315
36763 8 77 0.4409
36772 8 79 0.4409
36780 34 72 0.4803
36780 34 52 0.315
36815 17 71 0.3858
36815 17 74 0.3858
36815 34 55 0.3386
36849 34 74 0.4252
36849 34 77 0.4252
36849 34 60 0.3465
36883 8 77 0.3858
36883 34 72 0.3858
36883 34 48 0.3228
36892 8 76 0.3858
36900 8 77 0.3858
36909 8 76 0.3858
36917 68 71 0.4094
36917 68 74 0.4094
36917 34 55 0.3386
36952 34 43 0.3228
36986 51 77 0.5039
36986 34 57 0.3701
37020 34 60 0.3622
37037 8 79 0.4724
37046 8 77 0.4724
37054 34 76 0.5039
37054 34 55 0.3858
37089 17 76 0.4882
37089 34 60 0.3543
37123 51 81 0.5433
37123 34 53 0.3858
37157 34 60 0.3701
37174 8 83 0.4961
37183 8 84 0.4961
37191 34 79 0.5433
37191 34 52 0.3937
37226 17 79 0.5433
37226 34 60 0.3622
37260 17 79 0.5354
37277 17 77 0.4961
37294 17 77 0.5039
37294 34 67 0.3386
37294 34 59 0.3386
37311 17 74 0.4961
37328 17 77 0.5433
37328 34 67 0.3386
37328 34 60 0.3386
37345 17 76 0.5039
37363 17 76 0.5197
37380 17 72 0.5039
37397 17 73 0.5039
37397 68 55 0.3465
37397 68 59 0.3465
37414 17 74 0.4724
37431 17 76 0.5039
37448 17 74 0.4882
37465 17 72 0.4961
37482 17 71 0.4803
37500 17 69 0.4803
37517 17 67 0.4724
37534 51 76 0.5512
37534 17 36 0.5039
37551 17 40 0.4409
37568 17 43 0.4488
37585 8 77 0.5039
37585 17 48 0.4409
37594 8 79 0.5039
37602 34 72 0.5512
37602 17 40 0.4724
37619 17 52 0.4488
37637 34 71 0.4724
37637 34 74 0.4724
37637 17 43 0.4724
37654 17 55 0.4488
37671 34 71 0.4961
37671 25 74 0.4961
37671 17 48 0.4724
37688 17 52 0.4331
37696 8 77 0.4488
37705 34 72 0.4961
37705 34 76 0.4961
37705 17 55 0.4488
37722 17 60 0.4409
37739 68 71 0.4803
37739 68 74 0.4803
37739 17 43 0.4724
37756 17 47 0.4488
37773 17 50 0.4646
37791 17 55 0.4488
37808 51 76 0.5512
37808 17 36 0.4724
37825 17 40 0.4409
37842 17 43 0.4488
37859 8 77 0.5276
37859 17 48 0.4331
37868 8 79 0.5276
37876 34 72 0.5591
37876 17 40 0.4724
37893 17 52 0.4488
37910 17 71 0.4724
37910 17 74 0.4724
37910 17 43 0.4567
37928 17 55 0.4488
37945 34 74 0.5039
37945 34 77 0.5039
37945 17 48 0.4724
37962 17 52 0.4331
37979 8 77 0.4724
37979 34 72 0.4724
37979 17 55 0.4488
37988 8 76 0.4724
37996 8 77 0.4724
37996 17 60 0.4409
38005 8 76 0.4724
38013 68 71 0.4882
38013 68 74 0.4882
38013 17 43 0.4882
38030 17 47 0.4409
38047 17 50 0.4488
38065 17 55 0.4409
38082 51 77 0.6063
38082 17 57 0.4173
38099 17 60 0.3858
38116 17 57 0.4173
38133 8 79 0.5512
38133 17 60 0.3858
38142 8 77 0.5512
38150 34 76 0.6063
38150 17 55 0.4173
38167 17 60 0.3937
38184 17 76 0.5827
38184 17 55 0.4173
38202 17 60 0.3937
38219 51 81 0.6142
38219 17 53 0.4488
38236 17 60 0.4173
38253 17 53 0.4488
38270 8 83 0.5591
38270 17 60 0.4173
38279 8 84 0.5433
38287 34 79 0.622
38287 17 52 0.4488
38304 17 60 0.4173
38321 17 79 0.6063
38321 17 52 0.4488
38339 17 60 0.4094
38356 17 80 0.6063
38373 17 81 0.5827
38390 17 77 0.5906
38390 17 53 0.3858
38390 17 62 0.3858
38407 17 74 0.5669
38424 34 72 0.5906
38424 68 55 0.3858
38424 34 64 0.3858
38458 34 71 0.5591
38458 34 62 0.3858
38493 11 72 0.5906
38493 68 64 0.3858
38493 68 60 0.3858
38504 11 67 0.5433
38516 11 76 0.5197
38527 11 72 0.5906
38538 11 79 0.5433
38550 11 76 0.5197
38561 11 84 0.5748
38573 11 83 0.5197
38584 11 81 0.5118
38595 11 79 0.5512
38607 11 77 0.5276
38618 11 76 0.5118
38630 11 73 0.4961
38641 11 74 0.4724
38652 11 77 0.4724
38664 11 81 0.4882
38664 34 62 0.2992
38664 34 57 0.2992
38664 34 53 0.2992
38675 11 77 0.4488
38687 11 74 0.4488
38698 11 79 0.4803
38698 68 55 0.2992
38698 34 64 0.2992
38710 11 76 0.4488
38721 11 72 0.4488
38732 11 77 0.4803
38732 34 62 0.3465
38744 11 74 0.4331
38755 11 71 0.4331
38767 11 72 0.5906
38767 68 64 0.3858
38767 68 60 0.3858
38778 11 67 0.5433
38789 11 76 0.5276
38801 11 72 0.5906
38812 11 79 0.5433
38824 11 76 0.5276
38835 11 84 0.5748
38847 11 83 0.5197
38858 11 81 0.5039
38869 11 79 0.5512
38881 11 77 0.5276
38892 11 76 0.5118
38904 11 73 0.4961
38915 11 74 0.4724
38926 11 77 0.4646
38938 11 81 0.4882
38938 34 62 0.2992
38938 34 57 0.2992
38938 34 53 0.2992
38949 11 77 0.4488
38961 11 74 0.4331
38972 11 79 0.4803
38972 68 55 0.2992
38972 34 64 0.2992
38984 11 76 0.4488
38995 11 72 0.4252
39006 11 77 0.4803
39006 34 62 0.315
39018 11 74 0.4331
39029 11 71 0.4331
39041 8 72 0.4094
39041 8 64 0.2992
39041 8 60 0.2992
39075 8 67 0.3937
39075 8 55 0.2992
39109 68 60 0.3937
39109 68 48 0.2992
39178 68 76 0.3937
39178 17 60 0.2913
39195 17 67 0.2362
39212 17 66 0.2598
39229 17 67 0.2362
39246 8 77 0.3622
39246 17 60 0.2913
39255 8 76 0.3622
39263 8 74 0.3622
39263 17 67 0.2362
39272 8 76 0.3622
39280 17 79 0.3937
39280 17 62 0.2598
39297 17 77 0.3622
39297 17 67 0.2362
39315 17 76 0.4016
39315 17 64 0.2913
39332 17 74 0.3858
39332 17 67 0.2362
39349 17 72 0.3858
39349 17 65 0.2598
39366 17 71 0.3858
39366 17 67 0.2362
39383 8 72 0.4094
39383 17 64 0.2913
39400 17 67 0.2362
39417 8 73 0.4331
39417 17 58 0.2598
39434 17 67 0.2441
39452 8 74 0.4409
39452 17 59 0.2992
39469 17 67 0.2441
39486 8 75 0.4724
39486 17 59 0.2756
39503 17 67 0.252
39520 8 76 0.4961
39520 17 60 0.3228
39537 17 67 0.2598
39554 17 79 0.4882
39554 17 60 0.2913
39571 17 77 0.4488
39571 17 67 0.2598
39589 51 76 0.4882
39589 17 60 0.315
39606 17 67 0.2362
39623 17 66 0.2598
39640 8 77 0.4331
39640 17 67 0.2362
39649 8 76 0.4331
39657 34 74 0.4409
39657 17 59 0.2913
39674 17 67 0.2441
39691 17 66 0.2598
39708 17 67 0.252
39726 68 77 0.4567
39726 17 59 0.2913
39743 17 67 0.2441
39760 17 66 0.2598
39777 17 67 0.2441
39794 8 79 0.378
39794 17 59 0.2913
39803 8 77 0.3858
39811 8 76 0.3858
39811 17 67 0.2441
39820 8 77 0.3858
39828 17 81 0.4331
39828 17 60 0.2598
39845 17 79 0.4094
39845 17 67 0.2441
39863 17 77 0.4094
39863 17 62 0.2913
39880 17 76 0.3937
39880 17 67 0.2441
39897 17 74 0.3937
39897 17 64 0.2598
39914 17 72 0.3937
39914 17 67 0.2441
39931 17 71 0.3858
39931 17 65 0.2913
39948 8 72 0.3937
39948 17 67 0.252
39965 8 74 0.4016
39965 17 62 0.2677
39982 8 76 0.4173
39982 17 67 0.2441
40000 8 77 0.4252
40000 17 59 0.315
40017 8 79 0.4331
40017 17 67 0.2441
40034 8 81 0.4409
40034 17 62 0.2677
40051 8 83 0.4567
40051 17 67 0.2441
40068 8 84 0.4724
40068 17 59 0.3622
40085 8 86 0.4803
40085 17 67 0.2756
40102 8 88 0.4882
40102 17 55 0.2913
40119 8 89 0.4961
40119 17 67 0.2756
40137 68 87 0.622
40137 17 60 0.3465
40154 17 67 0.2913
40171 17 65 0.315
40188 17 67 0.2913
40205 34 88 0.5906
40205 17 60 0.3465
40222 17 67 0.2913
40239 17 64 0.315
40256 17 67 0.2913
40274 45 70 0.5039
40274 11 48 0.378
40285 11 52 0.3386
40296 11 55 0.3228
40308 34 60 0.3622
40319 11 76 0.4724
40331 11 79 0.4724
40342 11 82 0.4724
40353 11 79 0.4567
40365 11 76 0.4567
40376 11 79 0.4724
40388 11 76 0.4567
40399 11 70 0.4567
40410 45 69 0.5039
40410 11 41 0.378
40422 11 45 0.3386
40433 11 48 0.3228
40445 34 53 0.378
40456 11 72 0.4724
40468 11 77 0.4567
40479 11 81 0.4724
40490 11 77 0.4646
40502 11 72 0.4646
40513 11 77 0.4724
40525 11 72 0.4646
40536 11 69 0.4646
40547 45 67 0.5039
40547 11 45 0.378
40559 11 49 0.3386
40570 11 52 0.315
40582 34 57 0.378
40593 11 73 0.4724
40605 11 76 0.4567
40616 11 79 0.4724
40627 11 76 0.4567
40639 11 73 0.4567
40650 11 76 0.4724
40662 11 73 0.4567
40673 11 67 0.4567
40684 45 66 0.5039
40684 11 50 0.378
40696 11 54 0.3386
40707 11 57 0.315
40719 34 62 0.378
40730 11 69 0.4724
40742 11 74 0.4488
40753 11 78 0.4724
40764 11 74 0.4567
40776 11 69 0.4567
40787 11 74 0.4724
40799 11 69 0.4567
40810 11 66 0.4567
40821 45 65 0.5039
40821 11 47 0.378
40833 11 50 0.3386
40844 11 55 0.315
40856 34 59 0.378
40867 11 71 0.4724
40879 11 74 0.4567
40890 11 77 0.4724
40901 11 74 0.4567
40913 11 71 0.4567
40924 11 74 0.4724
40936 11 71 0.4567
40947 11 65 0.4646
40958 45 64 0.5039
40958 11 48 0.378
40970 11 52 0.3386
40981 11 55 0.315
40993 34 60 0.378
41004 11 67 0.4724
41016 11 72 0.4724
41027 11 76 0.4724
41038 11 72 0.4567
41050 11 67 0.4567
41061 11 72 0.4724
41073 11 67 0.4488
41084 11 64 0.4488
41095 34 53 0.3937
41095 34 57 0.3937
41107 11 62 0.4724
41118 11 69 0.4567
41130 11 74 0.4567
41141 11 69 0.4724
41152 11 62 0.4567
41164 34 57 0.4094
41164 34 54 0.4094
41175 11 62 0.4724
41187 11 69 0.4488
41198 11 72 0.4724
41210 11 69 0.4567
41221 11 62 0.4567
41232 34 71 0.4961
41232 8 55 0.4488
41250 17 67 0.315
41267 17 66 0.3465
41284 17 67 0.315
41301 17 66 0.3465
41318 8 79 0.4882
41318 17 67 0.3228
41335 8 81 0.5039
41335 17 65 0.3465
41352 8 83 0.5354
41352 17 67 0.315
41369 85 84 0.5039
41369 17 64 0.3858
41387 17 67 0.315
41404 17 64 0.2756
41421 17 67 0.2362
41438 17 64 0.2913
41455 17 83 0.3937
41455 17 67 0.2441
41472 17 81 0.4016
41472 17 60 0.2756
41489 17 79 0.3937
41489 17 67 0.2441
41506 17 79 0.4173
41506 17 62 0.2913
41524 17 77 0.3937
41524 17 67 0.2677
41541 17 76 0.4016
41541 17 60 0.2913
41558 17 74 0.3937
41558 17 67 0.2677
41575 17 79 0.4252
41575 17 59 0.2913
41592 17 67 0.2677
41609 17 77 0.4016
41609 17 55 0.2913
41626 17 67 0.2677
41643 34 75 0.4173
41643 17 60 0.2992
41660 17 67 0.2441
41678 34 76 0.4016
41678 17 66 0.2677
41695 17 67 0.2441
41712 17 66 0.3071
41729 17 67 0.3228
41746 17 69 0.3465
41763 17 67 0.3228
41780 17 65 0.3858
41797 17 67 0.3701
41815 17 64 0.3858
41832 8 79 0.4252
41832 17 67 0.3543
41849 8 80 0.4488
41849 17 65 0.3858
41866 8 81 0.4803
41866 17 67 0.3622
41883 8 82 0.5039
41883 17 62 0.3858
41900 8 83 0.5276
41900 17 67 0.3622
41917 85 84 0.5748
41917 17 64 0.3858
41934 17 67 0.3228
41952 17 64 0.2756
41969 17 67 0.2441
41986 17 64 0.2913
42003 17 83 0.378
42003 17 67 0.2441
42020 17 81 0.3937
42020 17 60 0.2756
42037 17 79 0.3701
42037 17 67 0.2441
42054 17 79 0.4173
42054 17 62 0.2913
42071 17 77 0.3701
42071 17 67 0.2677
42089 17 76 0.3937
42089 17 60 0.2913
42106 17 74 0.378
42106 17 67 0.2677
42123 8 79 0.4252
42123 17 59 0.2913
42140 17 67 0.2677
42157 8 77 0.4016
42157 17 55 0.2913
42174 17 67 0.2677
42191 34 76 0.4016
42191 17 60 0.2677
42208 17 67 0.252
42226 17 64 0.252
42243 17 67 0.252
42260 5 83 0.4803
42260 17 60 0.2913
42266 5 81 0.4488
42271 5 83 0.4803
42277 8 81 0.4567
42277 17 69 0.2283
42285 8 83 0.5354
42294 17 84 0.5354
42294 17 65 0.252
42311 8 84 0.5039
42311 17 69 0.2283
42328 34 84 0.5039
42328 17 60 0.252
42345 17 67 0.2362
42363 17 64 0.252
42380 17 67 0.2441
42397 5 88 0.4803
42397 17 58 0.252
42402 5 86 0.4567
42408 5 88 0.4803
42414 8 86 0.4646
42414 17 65 0.2362
42422 8 88 0.5354
42431 17 89 0.5354
42431 17 62 0.252
42448 8 89 0.5039
42448 17 65 0.2362
42465 34 89 0.5039
42465 17 57 0.252
42482 17 65 0.2362
42500 17 60 0.252
42517 17 65 0.2362
42534 5 79 0.4252
42534 17 53 0.315
42539 5 77 0.4016
42545 5 79 0.4252
42551 8 77 0.4094
42551 17 62 0.2677
42559 8 79 0.4961
42568 17 81 0.4961
42568 17 57 0.315
42585 8 81 0.4724
42585 17 62 0.2598
42602 17 81 0.4724
42602 17 55 0.3071
42619 17 79 0.4803
42619 17 64 0.2677
42637 8 77 0.4409
42637 17 60 0.3071
42654 8 76 0.4409
42654 17 64 0.2677
42671 8 74 0.4409
42671 17 55 0.3071
42688 17 65 0.2677
42705 8 79 0.4409
42705 17 59 0.2992
42722 17 65 0.2598
42739 34 77 0.4882
42739 17 48 0.315
42756 17 55 0.2756
42774 34 76 0.4567
42774 17 52 0.315
42791 17 55 0.2677
42808 5 71 0.4252
42808 17 48 0.252
42813 5 69 0.3937
42819 5 71 0.4252
42825 8 69 0.3937
42825 17 57 0.2362
42833 8 71 0.5039
42842 17 72 0.5039
42842 17 53 0.252
42859 8 72 0.4724
42859 17 57 0.2362
42876 34 72 0.4724
42876 17 48 0.252
42893 17 55 0.2362
42910 17 52 0.252
42928 17 55 0.2362
42945 5 76 0.4252
42945 17 46 0.252
42950 5 74 0.3858
42956 5 76 0.4252
42962 8 74 0.3937
42962 17 53 0.2283
42970 8 76 0.5197
42979 17 77 0.5197
42979 17 50 0.252
42996 8 77 0.4724
42996 17 53 0.2283
43013 34 77 0.4724
43013 17 45 0.2677
43030 17 53 0.2362
43047 17 48 0.2598
43065 17 53 0.2283
43082 5 79 0.4252
43082 17 41 0.3228
43087 5 77 0.3937
43093 5 79 0.4252
43099 8 77 0.3937
43099 17 50 0.2992
43107 8 79 0.5039
43116 17 81 0.5039
43116 17 45 0.315
43133 8 81 0.4803
43133 17 50 0.2913
43150 17 81 0.4882
43150 17 43 0.315
43167 17 79 0.4803
43167 17 52 0.2913
43184 8 77 0.4803
43184 17 48 0.3071
43202 8 76 0.4803
43202 17 52 0.252
43219 17 76 0.4882
43219 17 43 0.2992
43236 17 74 0.4724
43236 17 53 0.2598
43253 8 72 0.4803
43253 17 50 0.2992
43270 8 71 0.4646
43270 17 53 0.252
43287 45 79 0.6142
43321 34 48 0.2992
43321 34 52 0.2992
43333 11 76 0.4803
43344 11 72 0.4803
43356 11 71 0.4961
43356 34 50 0.3465
43356 34 53 0.3465
43367 11 74 0.4961
43379 11 67 0.4803
43390 11 72 0.4961
43390 34 55 0.3858
43390 34 52 0.3858
43401 11 76 0.4803
43413 11 67 0.4646
43424 45 74 0.6063
43458 34 43 0.2913
43458 34 47 0.2913
43470 11 71 0.4331
43481 11 67 0.4094
43493 11 66 0.4488
43493 34 45 0.315
43493 34 48 0.315
43504 11 67 0.4252
43516 11 62 0.4252
43527 11 65 0.4331
43527 34 47 0.3465
43527 34 50 0.3465
43538 11 67 0.4173
43550 11 62 0.4173
43561 45 79 0.5906
43595 34 48 0.2992
43595 34 52 0.2992
43607 11 76 0.4803
43618 11 72 0.4724
43630 11 71 0.4961
43630 34 50 0.3465
43630 34 53 0.3465
43641 11 74 0.4961
43652 11 67 0.4803
43664 11 72 0.4961
43664 34 55 0.3858
43664 34 52 0.3858
43675 11 76 0.4803
43687 11 67 0.4803
43698 45 74 0.6063
43732 34 43 0.2913
43732 34 47 0.2913
43744 11 71 0.4331
43755 11 67 0.4331
43767 11 66 0.4488
43767 34 45 0.315
43767 34 48 0.315
43778 11 67 0.4252
43789 11 62 0.4252
43801 11 65 0.4331
43801 34 47 0.3465
43801 34 50 0.3465
43812 11 67 0.4173
43824 11 62 0.4173
43835 11 64 0.4173
43835 68 48 0.3465
43847 11 60 0.4252
43858 11 64 0.4409
43869 11 67 0.4488
43881 11 64 0.4567
43892 11 67 0.4803
43904 11 72 0.4803
43915 11 67 0.4961
43926 11 72 0.5039
43938 11 76 0.5039
43949 11 72 0.5276
43961 11 76 0.5354
43972 11 79 0.5433
43972 102 55 0.3465
43972 205 60 0.3465
43972 136 52 0.3465
43984 11 76 0.5512
43995 11 79 0.5748
44006 11 82 0.5748
44018 11 79 0.5512
44029 11 76 0.5354
44041 11 72 0.5197
44052 11 70 0.5039
44063 11 67 0.4803
44075 11 72 0.4724
44075 34 58 0.3465
44086 11 70 0.4409
44098 11 68 0.4252
44109 8 69 0.4016
44109 68 53 0.2992
44126 17 81 0.4094
44143 17 80 0.4016
44160 17 81 0.378
44178 17 80 0.4094
44195 17 81 0.3858
44212 17 80 0.4094
44229 17 81 0.3858
44246 68 72 0.4173
44280 34 54 0.2913
44280 34 63 0.2913
44315 8 74 0.3622
44315 34 55 0.315
44315 34 64 0.315
44323 8 72 0.3543
44332 8 71 0.3622
44340 8 72 0.3858
44349 17 76 0.3465
44349 34 71 0.3465
44349 34 65 0.3465
44366 17 74 0.3858
44383 11 72 0.4252
44383 68 64 0.3465
44383 68 60 0.3465
44395 11 67 0.4252
44406 11 72 0.4409
44417 11 76 0.4488
44429 11 72 0.4567
44440 11 76 0.4803
44452 11 79 0.4803
44463 11 76 0.4961
44474 11 79 0.5039
44486 11 84 0.5039
44497 11 86 0.5276
44509 11 84 0.5354
44520 11 82 0.5433
44520 102 55 0.3465
44520 205 60 0.3465
44520 136 52 0.3465
44531 11 81 0.5512
44543 11 79 0.5748
44554 11 77 0.5748
44566 11 76 0.5512
44577 11 74 0.5354
44589 11 72 0.5197
44600 11 74 0.5039
44611 11 72 0.4803
44623 11 70 0.4724
44623 34 58 0.3465
44634 11 69 0.4409
44646 11 68 0.4252
44657 8 69 0.4016
44657 68 57 0.2992
44657 68 53 0.2992
44674 17 81 0.378
44691 17 80 0.4016
44708 17 81 0.378
44726 17 80 0.4094
44743 17 81 0.3858
44760 17 80 0.4016
44777 17 81 0.3858
44794 68 54 0.3228
44794 68 63 0.3228
44811 17 84 0.4724
44828 17 83 0.4724
44845 17 84 0.4488
44863 17 83 0.4724
44880 17 84 0.4803
44897 17 83 0.4961
44914 17 84 0.5197
44931 17 84 0.5354
44931 17 55 0.378
44948 17 79 0.4724
44948 17 64 0.3071
44965 8 79 0.4724
44965 17 60 0.3228
44982 8 79 0.4724
44982 17 64 0.3071
45000 17 81 0.4882
45000 17 55 0.378
45017 17 79 0.4567
45017 17 64 0.2992
45034 8 77 0.4488
45034 17 60 0.3228
45051 8 76 0.4409
45051 17 64 0.3071
45068 34 76 0.4252
45068 17 55 0.3386
45085 17 67 0.2835
45102 17 60 0.2992
45119 17 67 0.2756
45137 8 76 0.4094
45137 17 55 0.3071
45145 8 74 0.3858
45154 8 76 0.4094
45154 17 65 0.2362
45162 8 74 0.378
45171 8 76 0.4094
45171 17 59 0.252
45179 8 74 0.3858
45188 8 72 0.4409
45188 17 65 0.2362
45196 8 74 0.4173
45205 34 72 0.4331
45205 17 48 0.2756
45222 17 52 0.2362
45239 17 60 0.252
45256 17 52 0.2362
45274 47 67 0.3937
45274 17 48 0.2756
45291 17 52 0.2362
45308 17 60 0.252
45321 4 71 0.378
45325 8 69 0.378
45325 17 52 0.2362
45333 8 67 0.378
45342 8 79 0.4488
45342 17 48 0.2756
45359 17 50 0.2362
45376 8 77 0.4409
45376 17 59 0.252
45393 17 50 0.2362
45410 8 76 0.4252
45410 17 48 0.2756
45428 17 53 0.2362
45445 8 74 0.4016
45445 17 59 0.252
45462 17 53 0.2362
45479 68 72 0.4331
45479 17 48 0.2756
45496 17 52 0.2362
45513 17 60 0.252
45530 17 52 0.2362
45547 47 67 0.3937
45547 17 48 0.2756
45565 17 52 0.2362
45582 17 60 0.252
45595 4 71 0.378
45599 8 69 0.378
45599 17 52 0.2362
45607 8 67 0.378
45616 8 79 0.4409
45616 17 48 0.2756
45633 17 50 0.2362
45650 8 77 0.4173
45650 17 59 0.252
45667 17 50 0.2362
45684 8 76 0.4094
45684 17 48 0.2756
45702 17 53 0.2362
45719 8 74 0.3858
45719 17 59 0.252
45736 17 53 0.2362
45753 34 72 0.4173
45753 17 48 0.2756
45770 17 52 0.2362
45787 17 60 0.252
45804 17 52 0.2362
45816 5 67 0.4409
45821 51 79 0.5197
45821 17 48 0.2756
45839 17 53 0.2362
45856 17 59 0.252
45873 5 77 0.4409
45873 17 53 0.2362
45879 5 76 0.4409
45884 5 74 0.4094
45890 34 72 0.4173
45890 17 48 0.2756
45907 17 52 0.2362
45924 17 60 0.252
45941 17 52 0.2362
45953 5 67 0.4409
45958 51 79 0.5197
45958 17 48 0.2756
45976 17 53 0.2362
45993 17 59 0.252
46010 8 81 0.4724
46010 17 53 0.2362
46018 8 83 0.4331
46027 34 84 0.5276
46027 17 48 0.2756
46044 17 52 0.2362
46061 17 60 0.252
46078 17 52 0.2441
46095 11 79 0.5433
46095 17 48 0.3228
46107 11 81 0.4961
46113 17 53 0.2756
46118 11 79 0.4961
46130 11 77 0.5118
46130 17 59 0.2756
46141 11 76 0.4961
46147 17 53 0.252
46153 11 74 0.4646
46164 34 72 0.4724
46164 17 48 0.2756
46181 17 52 0.2362
46198 17 60 0.252
46215 17 52 0.2362
46232 11 78 0.5669
46232 17 48 0.3228
46244 11 79 0.5118
46250 17 53 0.2756
46255 11 80 0.5197
46267 11 81 0.5433
46267 17 59 0.252
46278 11 82 0.5276
46284 17 53 0.2362
46289 11 83 0.5118
46301 34 84 0.4724
46301 68 48 0.2756
46301 68 52 0.2756
46335 25 67 0.3307
46361 8 72 0.3307
46369 8 76 0.3465
46404 8 65 0.3228
46404 8 74 0.3228
46404 8 56 0.2598
46438 68 65 0.3307
46438 68 74 0.3307
46438 102 57 0.2598
46506 34 64 0.2835
46506 34 72 0.2835
46575 17 81 0.622
46575 17 77 0.5197
46575 17 74 0.5197
46575 17 69 0.5197
46575 17 41 0.3937
46575 17 53 0.4646
46643 17 62 0.5197
46643 17 65 0.5197
46643 17 67 0.5197
46643 17 71 0.622
46643 17 43 0.3937
46643 17 55 0.4646
46712 17 67 0.5197
46712 17 60 0.5197
46712 17 64 0.5197
46712 17 72 0.622
46712 17 36 0.3701
46712 17 40 0.3701
46712 17 43 0.3701
46712 17 48 0.4488
