0 161 62 0.3543
0 161 58 0.315
81 162 55 0.2992
162 162 63 0.3543
162 162 60 0.315
243 162 55 0.2598
324 162 62 0.3543
324 162 58 0.315
405 162 55 0.2835
486 162 62 0.3543
486 162 57 0.315
486 162 60 0.3543
567 162 55 0.2598
648 162 62 0.3543
648 162 58 0.315
729 20 67 0.4409
729 162 55 0.2992
770 13 67 0.4094
783 13 69 0.3858
797 13 67 0.378
811 121 66 0.4488
811 162 60 0.2992
811 162 63 0.3307
892 162 55 0.2598
932 40 69 0.3465
973 40 67 0.4094
973 162 62 0.3858
973 162 58 0.3307
1013 40 70 0.4488
1054 40 74 0.5039
1054 162 55 0.315
1094 40 78 0.5433
1135 121 79 0.5354
1135 162 60 0.3071
1135 162 57 0.2598
1135 162 62 0.3543
1216 162 55 0.2677
1257 40 78 0.4724
1297 81 74 0.4803
1297 80 58 0.2677
1297 80 62 0.2992
1378 81 55 0.2913
1378 81 58 0.2913
1378 81 62 0.3228
1378 20 43 0.3622
1419 13 43 0.3071
1432 13 45 0.3071
1446 13 43 0.3071
1459 121 42 0.3858
1540 81 62 0.3307
1540 81 60 0.3307
1540 81 57 0.2992
1581 40 45 0.3701
1622 47 43 0.3622
1662 47 46 0.3858
1703 81 62 0.3858
1703 81 58 0.3307
1703 47 50 0.4016
1743 47 54 0.4252
1784 121 55 0.4488
1865 81 62 0.3307
1865 81 57 0.2992
1865 81 60 0.2992
1905 40 54 0.3465
1946 162 50 0.315
2027 20 67 0.4409
2027 81 62 0.2992
2027 81 55 0.2598
2027 81 58 0.2598
2068 13 67 0.4094
2081 13 69 0.378
2095 13 67 0.378
2108 121 66 0.4803
2108 162 48 0.3543
2189 81 54 0.2598
2189 81 62 0.2992
2189 81 57 0.2598
2230 40 69 0.4173
2270 40 67 0.4567
2270 81 46 0.3858
2311 40 70 0.4882
2351 40 74 0.5197
2351 81 62 0.315
2351 81 58 0.2835
2351 81 55 0.2835
2392 40 78 0.5433
2433 121 79 0.5748
2433 81 47 0.4173
2514 81 59 0.2677
2514 81 55 0.2677
2514 81 62 0.3071
2554 40 77 0.5276
2595 81 77 0.5276
2595 81 48 0.4094
2635 47 54 0.4094
2676 81 67 0.3465
2676 81 75 0.4567
2676 81 72 0.4094
2676 47 55 0.4016
2716 47 60 0.4252
2757 81 74 0.4882
2757 121 65 0.4488
2838 81 72 0.3622
2838 81 67 0.3622
2838 81 55 0.2835
2838 81 60 0.315
2879 40 63 0.4016
2919 30 72 0.5354
2919 162 58 0.2835
2919 162 55 0.2835
2919 162 62 0.315
2960 30 66 0.4488
3000 30 67 0.4882
3000 243 50 0.3543
3041 30 69 0.4567
3081 162 60 0.3622
3081 121 70 0.4567
3083 162 66 0.3622
3163 81 62 0.2756
3203 40 69 0.3622
3244 81 67 0.3307
3244 81 62 0.2913
3244 81 58 0.2913
3244 81 43 0.2205
3244 81 50 0.2835
3325 64 74 0.5039
3389 8 74 0.4961
3397 8 75 0.4961
3406 121 74 0.5433
3406 162 66 0.3386
3406 162 63 0.2913
3487 162 58 0.2756
3527 40 69 0.4331
3568 20 70 0.4409
3568 162 65 0.3386
3568 162 62 0.2913
3609 20 73 0.4567
3649 20 74 0.4882
3649 162 58 0.2835
3690 20 75 0.5197
3730 20 77 0.5276
3730 162 63 0.3386
3730 162 60 0.2913
3771 20 78 0.5354
3811 20 82 0.5512
3811 162 58 0.2677
3852 20 81 0.5354
3886 6 81 0.5039
3892 121 84 0.6063
3892 162 65 0.3701
3892 162 62 0.3386
3974 162 58 0.3071
4014 30 82 0.5276
4048 6 82 0.5354
4055 20 86 0.5906
4055 162 62 0.3701
4055 162 72 0.4252
4055 162 66 0.3701
4095 20 81 0.5512
4129 6 82 0.5276
4136 20 86 0.5906
4136 162 58 0.3858
4176 20 81 0.5433
4210 6 81 0.5354
4217 40 86 0.5906
4217 162 62 0.3071
4217 162 70 0.3701
4217 162 67 0.3386
4257 81 79 0.5354
4298 162 58 0.2913
4339 81 82 0.5512
4379 162 60 0.3307
4379 162 63 0.3701
4420 81 78 0.5039
4460 162 58 0.2677
4501 81 81 0.5354
4541 162 62 0.3858
4582 81 74 0.5039
4622 162 58 0.252
4663 23 79 0.5276
4687 8 74 0.4331
4695 8 75 0.4567
4703 121 74 0.5276
4703 162 66 0.3937
4703 162 63 0.3543
4785 162 58 0.2835
4825 40 69 0.4331
4866 20 70 0.4409
4866 162 62 0.2913
4866 162 65 0.3386
4906 20 73 0.4567
4947 20 74 0.4882
4947 162 58 0.2835
4987 20 75 0.5039
5028 20 77 0.5276
5028 162 60 0.2913
5028 162 63 0.3386
5068 20 78 0.5354
5109 20 82 0.5512
5109 162 58 0.2677
5150 20 81 0.5354
5183 6 81 0.5039
5190 121 84 0.5906
5190 162 62 0.3386
5190 162 65 0.3701
5271 162 58 0.3071
5312 30 82 0.5276
5346 6 78 0.4961
5352 20 82 0.5748
5352 162 66 0.3543
5352 162 72 0.4016
5352 162 62 0.3543
5393 20 78 0.5276
5427 6 78 0.4961
5433 20 82 0.5748
5433 162 58 0.3858
5474 20 78 0.5039
5508 6 78 0.4882
5515 40 81 0.5512
5515 162 62 0.3386
5515 162 67 0.3386
5515 161 70 0.3701
5555 81 74 0.4724
5596 162 58 0.3071
5636 30 79 0.4803
5670 6 74 0.4488
5677 20 70 0.5197
5677 162 50 0.3228
5677 162 54 0.3228
5677 162 60 0.3622
5717 20 69 0.4567
5751 6 74 0.4488
5758 20 70 0.5039
5758 162 46 0.2913
5798 20 69 0.4331
5832 6 74 0.4409
5839 81 69 0.5354
5839 162 58 0.3622
5839 162 50 0.3228
5839 162 55 0.3228
5879 81 67 0.5039
5920 162 46 0.2913
5961 23 62 0.4567
5984 8 62 0.3937
5993 8 63 0.3937
6001 121 62 0.4882
6001 162 51 0.3071
6001 162 54 0.3543
6082 162 46 0.3071
6123 40 57 0.4724
6163 20 58 0.4882
6163 162 53 0.3386
6163 162 50 0.2913
6204 20 61 0.4961
6244 20 62 0.5039
6244 162 46 0.2835
6285 20 63 0.5197
6326 20 65 0.5276
6326 162 51 0.3386
6326 162 48 0.2913
6366 20 66 0.5354
6407 20 70 0.5512
6407 162 46 0.2835
6447 20 69 0.5354
6481 6 69 0.5039
6488 121 72 0.5669
6488 162 53 0.3701
6488 162 50 0.3386
6569 162 46 0.3071
6609 30 70 0.5276
6643 6 70 0.4803
6650 20 74 0.5669
6650 162 54 0.3543
6650 162 60 0.4016
6650 162 50 0.3543
6690 20 69 0.5039
6724 6 70 0.4724
6731 20 74 0.5748
6731 162 46 0.3858
6772 20 69 0.4882
6805 6 69 0.4646
6812 40 74 0.5512
6812 162 50 0.3386
6812 162 55 0.3386
6812 162 58 0.3701
6853 81 62 0.5039
6893 162 46 0.3071
6934 30 67 0.4803
6968 6 62 0.4803
6974 20 67 0.5512
6974 162 52 0.3228
6974 162 57 0.3622
7015 20 61 0.4961
7049 6 62 0.4488
7055 20 67 0.5354
7055 81 45 0.2913
7096 20 61 0.4882
7130 6 62 0.4567
7137 121 67 0.5354
7137 162 50 0.3543
7177 121 57 0.4094
7218 81 38 0.2677
7258 40 66 0.4252
7299 162 58 0.3228
7299 162 55 0.2913
7339 13 62 0.3858
7353 13 63 0.3858
7366 13 62 0.3858
7380 60 61 0.4488
7380 81 50 0.3228
7441 20 62 0.4331
7461 10 66 0.5197
7461 162 60 0.3228
7461 162 57 0.3228
7481 10 68 0.4882
7502 10 69 0.5039
7522 10 73 0.5276
7542 81 74 0.5433
7542 81 50 0.3228
7623 162 58 0.3386
7623 162 62 0.3386
7664 20 79 0.5197
7684 6 79 0.4567
7691 6 81 0.4567
7698 6 79 0.4567
7704 60 78 0.5276
7704 81 50 0.2913
7765 20 79 0.4961
7785 40 86 0.5827
7785 162 57 0.4094
7785 162 60 0.4094
7826 81 74 0.5039
7866 81 50 0.315
7907 40 62 0.315
7948 162 55 0.2913
7948 162 58 0.3228
7988 13 62 0.4094
8002 13 63 0.4094
8015 13 62 0.4094
8029 60 61 0.4803
8029 81 50 0.3228
8090 20 62 0.4488
8110 10 66 0.5039
8110 162 57 0.3228
8110 162 60 0.3228
8130 10 68 0.4803
8150 10 69 0.5039
8171 10 73 0.5354
8191 81 74 0.5748
8191 81 50 0.3228
8272 162 62 0.3386
8272 162 58 0.3386
8313 20 79 0.5039
8333 6 79 0.4646
8340 6 81 0.4646
8346 6 79 0.4646
8353 60 78 0.5118
8353 81 50 0.2992
8414 20 79 0.5039
8434 40 86 0.5984
8434 162 60 0.3386
8434 162 57 0.3386
8475 81 74 0.4252
8515 81 50 0.2756
8556 40 62 0.2756
8596 162 55 0.2756
8596 162 58 0.2992
8637 20 79 0.5039
8657 6 79 0.4646
8664 6 81 0.4646
8671 6 79 0.4724
8678 60 78 0.5118
8678 81 50 0.2992
8738 20 79 0.5118
8759 40 86 0.6063
8759 162 57 0.4173
8759 162 60 0.4173
8799 81 74 0.5039
8840 81 50 0.3228
8880 40 62 0.3228
8921 162 55 0.3622
8921 162 58 0.3622
8961 81 73 0.4961
9002 81 50 0.2992
9042 40 61 0.3228
9083 162 54 0.3543
9083 162 57 0.3543
9124 81 74 0.5039
9164 81 50 0.2992
9205 40 62 0.3228
9245 162 55 0.3701
9245 162 58 0.3701
9286 81 73 0.4646
9326 81 50 0.2992
9367 40 61 0.3228
9407 162 57 0.3228
9407 162 54 0.3228
9448 81 74 0.4488
9489 81 50 0.2992
9529 40 62 0.3071
9570 162 57 0.3307
9570 162 54 0.3307
9610 81 74 0.4331
9651 81 50 0.2992
9691 39 62 0.2992
9732 162 62 0.3543
9732 162 58 0.315
9813 20 67 0.4409
9813 162 55 0.2992
9854 13 67 0.3858
9867 13 69 0.3858
9881 13 67 0.378
9894 121 66 0.4803
9894 162 63 0.3307
9894 162 60 0.2992
9975 162 55 0.2677
10016 40 69 0.4173
10056 40 67 0.4567
10056 162 58 0.3307
10056 162 62 0.3858
10097 40 70 0.4882
10137 40 74 0.5197
10137 162 55 0.315
10178 40 78 0.5354
10218 121 79 0.5354
10218 162 62 0.3543
10218 162 60 0.3071
10218 162 57 0.3071
10300 162 55 0.2677
10340 40 78 0.5039
10381 81 74 0.4882
10381 80 62 0.3307
10381 80 58 0.2992
10462 81 58 0.2913
10462 81 55 0.2913
10462 81 62 0.3228
10462 20 43 0.3622
10502 13 43 0.3071
10516 13 45 0.315
10529 13 43 0.315
10543 121 42 0.3622
10624 81 57 0.2992
10624 81 60 0.3307
10624 81 62 0.3307
10665 40 45 0.3386
10705 47 43 0.3622
10746 47 46 0.3858
10786 81 58 0.3307
10786 81 62 0.3858
10786 47 50 0.4016
10827 47 54 0.4252
10867 121 55 0.4488
10948 81 57 0.2992
10948 81 60 0.2992
10948 81 62 0.3307
10989 40 54 0.3071
11030 162 50 0.2835
11111 20 67 0.4409
11111 81 55 0.2598
11111 81 58 0.2598
11111 81 62 0.2992
11151 13 67 0.4094
11165 13 69 0.4094
11178 13 67 0.4094
11192 121 66 0.4803
11192 162 48 0.3543
11273 81 57 0.2598
11273 81 62 0.2992
11273 81 54 0.2598
11313 40 69 0.4173
11354 40 67 0.4252
11354 81 46 0.3858
11394 40 70 0.4488
11435 40 74 0.4724
11435 81 62 0.315
11435 81 55 0.2835
11435 81 58 0.2835
11476 40 78 0.4961
11516 121 79 0.5197
11516 81 47 0.3858
11597 81 59 0.3071
11597 81 55 0.2441
11597 81 62 0.3465
11638 40 77 0.4488
11678 81 77 0.4409
11678 81 48 0.3228
11719 47 54 0.3622
11759 81 75 0.4094
11759 81 72 0.3622
11759 81 67 0.315
11759 47 55 0.3858
11800 47 60 0.3543
11841 81 74 0.4724
11841 121 65 0.3858
11922 81 67 0.3228
11922 81 72 0.3228
11922 81 60 0.2835
11922 81 55 0.252
11962 40 63 0.3543
12003 30 72 0.4409
12003 162 62 0.2835
12003 162 55 0.252
12003 162 58 0.252
12043 30 66 0.3858
12084 30 67 0.4252
12084 243 50 0.2913
12124 30 69 0.3937
12165 162 60 0.2913
12165 121 70 0.3622
12167 162 66 0.2913
12246 80 62 0.2047
12287 40 69 0.378
12327 81 62 0.2835
12327 81 67 0.3307
12327 81 58 0.2756
12327 162 50 0.2441
12327 162 43 0.2441
12408 20 67 0.3622
12408 40 62 0.3071
12408 648 55 0.2677
12408 40 58 0.2677
12449 13 67 0.3228
12462 13 69 0.3228
12476 13 67 0.3228
12489 121 66 0.378
12570 40 63 0.2913
12570 40 60 0.2441
12611 40 69 0.315
12652 40 67 0.3307
12692 40 70 0.3622
12733 40 74 0.3858
12733 40 62 0.2913
12733 40 58 0.2441
12773 40 78 0.3937
12814 121 79 0.4331
12895 40 60 0.2441
12895 40 63 0.2913
12935 40 78 0.3937
12976 81 74 0.3543
12976 80 58 0.2756
12976 80 62 0.3071
13057 40 62 0.2835
13057 40 55 0.2283
13057 40 58 0.2283
13057 20 43 0.2992
13098 13 43 0.2598
13111 13 45 0.2835
13125 13 43 0.2835
13138 121 42 0.3307
13219 40 60 0.2598
13219 40 57 0.2205
13219 40 62 0.2598
13260 40 45 0.2913
13300 47 43 0.2835
13341 47 46 0.2992
13381 40 55 0.2362
13381 40 58 0.2598
13381 40 62 0.2835
13381 47 50 0.315
13422 47 54 0.3307
13463 121 55 0.3465
13544 40 62 0.2598
13544 40 57 0.2205
13544 40 60 0.2205
13584 40 54 0.2835
13625 81 50 0.2047
13625 81 43 0.2047
13706 40 62 0.2598
13706 40 58 0.2205
13787 121 55 0.2992
13868 40 57 0.1969
13868 40 62 0.2205
13868 40 60 0.1969
13909 40 54 0.2598
13949 81 50 0.2047
13949 81 43 0.2047
14030 40 58 0.2205
14030 40 62 0.2598
14111 121 55 0.2992
14193 40 62 0.2205
14193 40 57 0.1969
14193 40 60 0.1969
14233 40 54 0.2598
14274 648 43 0.2047
14274 648 50 0.2047
14355 162 62 0.2283
14355 162 58 0.189
14355 162 55 0.189
14517 162 62 0.2047
14517 162 55 0.1732
14517 162 58 0.1732
14679 162 58 0.1575
14679 162 55 0.1575
14679 162 62 0.1969
14841 81 58 0.1417
14841 81 62 0.1811
14841 81 55 0.1417
