0 26 38 0.378
0 26 45 0.378
52 26 57 0.3307
52 26 50 0.3307
78 26 50 0.3307
78 26 57 0.3307
105 26 50 0.378
105 26 57 0.378
157 26 38 0.3307
157 26 45 0.3307
183 26 45 0.3307
183 26 38 0.3307
210 26 38 0.378
210 26 45 0.378
262 26 50 0.3307
262 26 57 0.3307
288 26 50 0.3307
288 26 57 0.3307
315 26 50 0.3701
315 26 57 0.3701
367 26 38 0.3307
367 26 45 0.3307
393 8 69 0.4173
393 26 45 0.3307
393 26 38 0.3307
402 8 71 0.4173
411 8 69 0.4331
420 52 66 0.4646
420 26 45 0.3701
420 26 38 0.3701
446 26 69 0.4646
472 13 66 0.4409
472 13 74 0.4724
472 13 50 0.3307
472 13 57 0.3307
498 13 78 0.4409
498 13 66 0.4724
498 13 50 0.3307
498 13 57 0.3307
525 26 76 0.4803
525 52 66 0.3937
525 26 50 0.3701
525 26 57 0.3701
551 26 74 0.4409
577 13 66 0.4409
577 13 38 0.3307
577 13 45 0.3307
603 13 69 0.4331
603 13 66 0.4331
603 13 38 0.3307
603 13 45 0.3307
630 26 71 0.4724
630 26 69 0.4724
630 26 66 0.4724
630 52 45 0.3701
630 52 38 0.3701
682 26 66 0.4331
682 26 69 0.4331
682 26 71 0.4331
682 26 50 0.3465
682 26 57 0.3465
721 13 66 0.4331
721 13 71 0.4331
721 13 69 0.4331
721 13 50 0.3465
721 13 57 0.3465
735 52 71 0.4331
735 52 69 0.4331
735 52 66 0.4331
735 52 57 0.3465
735 52 50 0.3465
787 13 62 0.4488
787 13 66 0.4488
813 13 62 0.4488
813 13 68 0.4488
813 13 66 0.4488
840 52 62 0.4803
840 52 66 0.4803
840 26 69 0.4803
840 52 35 0.3622
840 52 42 0.3622
866 26 71 0.4409
892 13 66 0.4646
892 13 62 0.4646
892 13 54 0.3307
892 13 47 0.3307
918 13 62 0.4646
918 13 68 0.4646
918 13 66 0.4646
918 13 47 0.3307
918 13 54 0.3307
945 26 69 0.4803
945 52 62 0.4803
945 52 66 0.4803
945 52 40 0.3622
945 52 47 0.3622
971 26 71 0.4409
997 13 62 0.4646
997 13 66 0.4646
997 13 52 0.3307
997 13 59 0.3307
1023 13 66 0.4646
1023 13 62 0.4646
1023 13 68 0.4646
1023 13 52 0.3307
1023 13 59 0.3307
1050 26 62 0.4961
1050 26 64 0.4961
1050 26 69 0.4961
1050 52 33 0.3701
1050 52 40 0.3701
1102 26 61 0.4488
1102 26 69 0.4488
1102 26 57 0.3465
1102 26 64 0.3465
1141 13 69 0.4488
1141 13 61 0.4488
1141 13 64 0.3465
1141 13 57 0.3465
1155 26 69 0.4488
1155 26 61 0.4488
1155 26 64 0.3465
1155 26 57 0.3465
1233 8 73 0.4646
1242 8 74 0.4646
1251 8 73 0.4646
1260 52 71 0.4961
1260 52 43 0.4173
1260 52 50 0.4173
1286 26 74 0.4961
1312 13 79 0.5197
1312 13 71 0.5197
1312 13 62 0.4016
1312 13 55 0.4016
1338 13 83 0.4803
1338 13 71 0.4803
1338 13 55 0.4016
1338 13 62 0.4016
1365 26 81 0.5039
1365 52 71 0.4331
1365 52 55 0.4331
1365 52 62 0.4331
1391 26 79 0.4488
1417 13 71 0.4488
1417 13 67 0.4488
1443 13 67 0.4488
1443 13 71 0.4488
1443 13 74 0.4488
1470 26 78 0.4882
1470 26 74 0.4882
1470 26 71 0.4882
1470 26 67 0.4882
1470 52 40 0.378
1470 52 47 0.378
1522 26 78 0.4409
1522 26 74 0.4409
1522 26 71 0.4409
1522 26 67 0.4409
1522 26 59 0.3622
1522 26 52 0.3622
1561 13 78 0.4409
1561 13 74 0.4409
1561 13 71 0.4409
1561 13 67 0.4409
1561 13 52 0.3622
1561 13 59 0.3622
1575 52 78 0.4409
1575 52 74 0.4409
1575 52 67 0.4409
1575 52 71 0.4409
1575 52 52 0.378
1575 52 59 0.378
1627 13 71 0.4488
1627 13 67 0.4488
1653 13 73 0.4488
1653 13 71 0.4488
1653 13 67 0.4488
1680 26 74 0.4882
1680 52 67 0.4882
1680 52 71 0.4882
1680 52 45 0.4094
1680 52 52 0.4094
1706 26 76 0.4488
1732 13 71 0.4724
1732 13 67 0.4724
1732 13 64 0.378
1732 13 57 0.378
1758 13 67 0.4724
1758 13 71 0.4724
1758 13 73 0.4724
1758 13 57 0.378
1758 13 64 0.378
1785 26 74 0.4961
1785 52 67 0.4961
1785 52 71 0.4961
1785 52 57 0.4173
1785 52 64 0.4173
1811 26 76 0.4646
1837 13 71 0.4724
1837 13 67 0.4724
1863 13 67 0.4724
1863 13 71 0.4724
1863 13 73 0.4724
1890 26 74 0.5197
1890 26 69 0.5197
1890 26 67 0.5197
1890 52 45 0.4094
1890 52 38 0.4094
1942 26 74 0.4724
1942 26 66 0.4724
1942 26 69 0.378
1942 26 62 0.378
1981 13 74 0.4724
1981 13 66 0.4724
1981 13 69 0.378
1981 13 62 0.378
1995 26 74 0.4724
1995 26 66 0.4724
1995 52 62 0.378
1995 52 69 0.378
2047 26 50 0.2913
2047 26 57 0.2913
2073 26 50 0.2913
2073 26 57 0.2913
2100 26 50 0.3307
2100 26 57 0.3307
2152 26 62 0.2913
2152 26 69 0.2913
2178 26 62 0.2913
2178 26 69 0.2913
2205 26 62 0.3465
2205 26 69 0.3465
2257 26 50 0.2913
2257 26 57 0.2913
2283 26 50 0.2913
2283 26 57 0.2913
2310 26 57 0.315
2310 26 50 0.315
2362 26 62 0.2913
2362 26 69 0.2913
2388 26 62 0.2913
2388 26 69 0.2913
2415 26 62 0.3307
2415 26 69 0.3307
2467 26 50 0.2913
2467 26 57 0.2913
2493 8 81 0.3701
2493 26 50 0.2913
2493 26 57 0.2913
2502 8 83 0.3701
2511 8 81 0.378
2520 52 78 0.4094
2520 26 50 0.3307
2520 26 57 0.3307
2546 26 81 0.4094
2572 13 78 0.4173
2572 13 86 0.4173
2572 13 62 0.2913
2572 13 69 0.2913
2598 13 90 0.3937
2598 13 78 0.3937
2598 13 69 0.2913
2598 13 62 0.2913
2625 26 88 0.4331
2625 52 78 0.3543
2625 26 62 0.3307
2625 26 69 0.3307
2651 26 86 0.3937
2677 13 78 0.3937
2677 13 57 0.2913
2677 13 50 0.2913
2703 13 81 0.378
2703 13 78 0.378
2703 13 57 0.2913
2703 13 50 0.2913
2730 26 78 0.4173
2730 26 81 0.4173
2730 26 83 0.4173
2730 52 50 0.3307
2730 52 57 0.3307
2782 26 78 0.3937
2782 26 81 0.3937
2782 26 83 0.3937
2782 26 62 0.315
2782 26 69 0.315
2822 13 83 0.3937
2822 13 78 0.3937
2822 13 81 0.3937
2822 13 62 0.315
2822 13 69 0.315
2835 52 78 0.3937
2835 52 81 0.3937
2835 52 83 0.3937
2835 52 69 0.315
2835 52 62 0.315
2887 13 74 0.4016
2887 13 78 0.4016
2913 13 74 0.4016
2913 13 80 0.4016
2913 13 78 0.4016
2940 26 81 0.4331
2940 52 78 0.4331
2940 52 74 0.4331
2940 52 47 0.315
2940 52 54 0.315
2966 26 83 0.3937
2992 13 78 0.4094
2992 13 74 0.4094
2992 13 66 0.2913
2992 13 59 0.2913
3018 13 80 0.4016
3018 13 74 0.4016
3018 13 78 0.4016
3018 13 59 0.2913
3018 13 66 0.2913
3045 52 78 0.4331
3045 52 74 0.4331
3045 26 81 0.4331
3045 52 52 0.315
3045 52 59 0.315
3071 26 83 0.3937
3097 13 74 0.4094
3097 13 78 0.4094
3097 13 64 0.2913
3097 13 71 0.2913
3123 13 80 0.4094
3123 13 74 0.4094
3123 13 78 0.4094
3123 13 71 0.2913
3123 13 64 0.2913
3150 26 74 0.4331
3150 26 76 0.4331
3150 26 81 0.4331
3150 52 45 0.315
3150 52 52 0.315
3202 26 73 0.4016
3202 26 81 0.4016
3202 26 69 0.2992
3202 26 76 0.2992
3242 13 73 0.4016
3242 13 81 0.4016
3242 13 76 0.2992
3242 13 69 0.2992
3255 26 73 0.4016
3255 26 81 0.4016
3255 26 76 0.2992
3255 26 69 0.2992
3333 8 85 0.4094
3342 8 86 0.4094
3351 8 85 0.4094
3360 52 83 0.4409
3360 52 55 0.3701
3360 52 62 0.3701
3386 26 86 0.4409
3412 13 91 0.4646
3412 13 83 0.4646
3412 13 67 0.3543
3412 13 74 0.3543
3438 13 95 0.4173
3438 13 83 0.4173
3438 13 74 0.3543
3438 13 67 0.3543
3465 26 93 0.4488
3465 52 83 0.3937
3465 52 67 0.378
3465 52 74 0.378
3491 26 91 0.4016
3517 13 83 0.4016
3517 13 79 0.4016
3543 13 83 0.4016
3543 13 79 0.4016
3543 13 86 0.4016
3570 26 83 0.4409
3570 26 86 0.4409
3570 26 90 0.4409
3570 26 79 0.4409
3570 52 52 0.3465
3570 52 59 0.3465
3622 26 83 0.3937
3622 26 86 0.3937
3622 26 90 0.3937
3622 26 79 0.3937
3622 26 71 0.3071
3622 26 64 0.3071
3662 13 83 0.3937
3662 13 86 0.3937
3662 13 90 0.3937
3662 13 79 0.3937
3662 13 64 0.3071
3662 13 71 0.3071
3675 52 83 0.3937
3675 52 86 0.3937
3675 52 90 0.3937
3675 52 79 0.3937
3675 52 71 0.3543
3675 52 64 0.3543
3727 13 79 0.4016
3727 13 83 0.4016
3753 13 85 0.4016
3753 13 83 0.4016
3753 13 79 0.4016
3780 52 83 0.4409
3780 52 79 0.4409
3780 26 86 0.4409
3780 52 57 0.3622
3780 52 64 0.3622
3806 26 88 0.4016
3832 13 83 0.4173
3832 13 79 0.4173
3832 13 76 0.3465
3832 13 69 0.3465
3858 13 85 0.4094
3858 13 83 0.4094
3858 13 79 0.4094
3858 13 69 0.3465
3858 13 76 0.3465
3885 26 86 0.4409
3885 52 83 0.4409
3885 52 79 0.4409
3885 52 69 0.3701
3885 52 76 0.3701
3911 26 88 0.4094
3937 13 83 0.4173
3937 13 79 0.4173
3963 13 85 0.4173
3963 13 83 0.4173
3963 13 79 0.4173
3990 26 86 0.4646
3990 26 81 0.4646
3990 26 79 0.4646
3990 52 69 0.3622
3990 52 62 0.3622
4042 26 86 0.4173
4042 26 78 0.4173
4042 26 81 0.3465
4042 26 74 0.3465
4082 13 86 0.4173
4082 13 78 0.4173
4082 13 81 0.3465
4082 13 74 0.3465
4095 26 86 0.4173
4095 26 78 0.4173
4095 52 74 0.3465
4095 52 81 0.3465
4200 52 45 0.6299
4200 52 52 0.6299
4252 13 45 0.5669
4252 13 52 0.5669
4278 13 52 0.5669
4278 13 45 0.5669
4305 52 45 0.6299
4305 52 52 0.6299
4357 13 45 0.5669
4357 13 52 0.5669
4383 13 45 0.5669
4383 13 52 0.5669
4410 13 61 0.5906
4410 52 64 0.5906
4410 52 45 0.5591
4410 52 52 0.5591
4423 13 59 0.5354
4436 13 61 0.5354
4449 6 57 0.5354
4462 13 62 0.5354
4462 52 66 0.5591
4462 26 45 0.5039
4462 26 52 0.5039
4488 13 59 0.5354
4488 13 45 0.5039
4488 13 52 0.5039
4515 13 61 0.5906
4515 52 64 0.5906
4515 52 45 0.5591
4515 52 52 0.5591
4528 13 59 0.5433
4541 13 61 0.5433
4554 6 57 0.5433
4567 13 62 0.5354
4567 52 66 0.5591
4567 26 45 0.5039
4567 26 52 0.5039
4593 13 59 0.5354
4593 13 45 0.5039
4593 13 52 0.5039
4646 26 74 0.4409
4646 8 78 0.4409
4646 26 68 0.4409
4655 8 80 0.4409
4663 8 78 0.4409
4672 13 76 0.4724
4672 13 73 0.4724
4672 13 69 0.4724
4698 13 73 0.4646
4698 13 76 0.4646
4698 13 69 0.4646
4725 105 76 0.4646
4725 105 73 0.4646
4725 105 69 0.4646
4830 52 60 0.4094
4830 52 64 0.4094
4830 52 56 0.4646
4882 26 68 0.378
4882 26 72 0.378
4882 26 76 0.378
4908 26 68 0.3701
4908 26 72 0.3701
4908 26 76 0.3701
4935 52 68 0.3622
4935 52 72 0.3622
4935 52 76 0.3622
4987 13 72 0.3622
4987 13 76 0.3622
5013 13 76 0.3622
5013 13 72 0.3622
5013 13 77 0.3622
5040 52 72 0.3937
5040 52 76 0.3937
5040 26 79 0.3937
5040 13 43 0.3543
5040 13 52 0.3543
5053 13 55 0.3543
5066 26 81 0.3622
5066 13 60 0.3543
5079 13 64 0.3543
5092 13 72 0.3622
5092 13 76 0.3622
5119 13 72 0.3622
5119 13 76 0.3622
5119 13 77 0.3622
5145 52 71 0.4016
5145 52 77 0.4016
5145 26 79 0.4016
5145 13 43 0.3543
5145 13 50 0.3543
5158 13 55 0.3543
5171 26 81 0.3622
5171 13 59 0.3543
5184 13 65 0.3543
5197 13 67 0.3622
5197 13 71 0.3622
5197 13 76 0.3622
5224 13 67 0.3622
5224 13 71 0.3622
5224 13 74 0.3622
5237 6 74 0.3701
5243 6 76 0.3701
5250 52 64 0.4094
5250 26 74 0.4094
5250 52 36 0.3465
5250 52 43 0.3465
5276 26 72 0.3622
5302 13 64 0.3622
5302 13 72 0.3622
5302 13 48 0.315
5302 13 55 0.315
5329 13 64 0.3622
5329 13 72 0.3622
5329 13 48 0.315
5329 13 55 0.315
5355 39 64 0.4094
5355 39 72 0.4094
5355 39 48 0.3543
5355 39 55 0.3543
5407 13 55 0.5669
5407 13 48 0.5669
5434 13 48 0.5669
5434 13 55 0.5669
5460 13 64 0.5906
5460 52 67 0.5906
5460 52 48 0.5591
5460 52 55 0.5591
5473 13 62 0.5354
5486 13 64 0.5354
5499 6 60 0.5354
5512 13 65 0.5354
5512 52 69 0.5591
5512 26 55 0.5039
5512 26 48 0.5039
5539 13 62 0.5354
5539 13 48 0.5039
5539 13 55 0.5039
5565 13 64 0.5906
5565 52 67 0.5906
5565 52 55 0.5591
5565 52 48 0.5591
5578 13 62 0.5433
5591 13 64 0.5433
5604 6 60 0.5433
5617 13 65 0.5354
5617 52 69 0.5591
5617 26 55 0.5039
5617 26 48 0.5039
5644 13 62 0.5354
5644 13 55 0.5039
5644 13 48 0.5039
5696 26 77 0.4409
5696 8 81 0.4409
5696 26 71 0.4409
5705 8 83 0.4409
5714 8 81 0.4409
5722 13 79 0.4724
5722 13 76 0.4724
5722 13 72 0.4724
5749 13 76 0.4646
5749 13 79 0.4646
5749 13 72 0.4646
5775 105 79 0.4646
5775 105 76 0.4646
5775 105 72 0.4646
5880 52 63 0.4094
5880 52 67 0.4094
5880 52 59 0.4646
5932 26 71 0.378
5932 26 75 0.378
5932 26 79 0.378
5959 26 71 0.3701
5959 26 75 0.3701
5959 26 79 0.3701
5985 52 71 0.3622
5985 52 75 0.3622
5985 52 79 0.3622
6037 13 75 0.3622
6037 13 79 0.3622
6064 13 79 0.3622
6064 13 75 0.3622
6064 13 80 0.3622
6090 52 75 0.3937
6090 52 79 0.3937
6090 26 82 0.3937
6090 13 46 0.3543
6090 13 55 0.3543
6103 13 58 0.3543
6116 26 84 0.3622
6116 13 63 0.3543
6129 13 67 0.3543
6142 13 75 0.3622
6142 13 79 0.3622
6169 13 75 0.3622
6169 13 79 0.3622
6169 13 80 0.3622
6195 52 74 0.4016
6195 52 80 0.4016
6195 26 82 0.4016
6195 13 53 0.3543
6195 13 46 0.3543
6208 13 58 0.3543
6221 26 84 0.3622
6221 13 62 0.3543
6234 13 68 0.3543
6247 13 70 0.3622
6247 13 74 0.3622
6247 13 79 0.3622
6274 13 70 0.3622
6274 13 74 0.3622
6274 13 77 0.3622
6287 6 77 0.3701
6293 6 79 0.3701
6300 52 67 0.4094
6300 26 77 0.4094
6300 52 46 0.3465
6300 52 39 0.3465
6326 26 75 0.3622
6352 13 67 0.3622
6352 13 75 0.3622
6352 13 58 0.315
6352 13 51 0.315
6379 13 67 0.3622
6379 13 75 0.3622
6379 13 58 0.315
6379 13 51 0.315
6405 52 67 0.4094
6405 52 75 0.4094
6405 52 58 0.3543
6405 52 51 0.3543
6457 13 46 0.2835
6457 13 51 0.2835
6470 13 55 0.2677
6470 13 61 0.2992
6484 13 39 0.2441
6497 13 63 0.3071
6497 13 61 0.2677
6497 13 55 0.2677
6510 13 46 0.2441
6510 13 51 0.2441
6523 13 55 0.2677
6523 13 61 0.2677
6523 13 65 0.3543
6536 13 39 0.2677
6549 13 55 0.2756
6549 13 61 0.2756
6549 13 67 0.3465
6562 13 46 0.2992
6562 13 51 0.2992
6575 13 55 0.2756
6575 13 61 0.315
6589 13 39 0.2756
6602 13 63 0.315
6602 13 55 0.2756
6602 13 61 0.2756
6615 13 46 0.2756
6615 13 51 0.2756
6628 13 55 0.2756
6628 13 61 0.2756
6628 13 65 0.3543
6641 13 39 0.2756
6654 13 55 0.2756
6654 13 61 0.2756
6654 13 67 0.3307
6667 13 46 0.3465
6667 13 51 0.3465
6680 13 55 0.2913
6680 13 61 0.3307
6694 13 39 0.2913
6707 13 63 0.3307
6707 13 55 0.2913
6707 13 61 0.2913
6720 13 46 0.2913
6720 13 51 0.2913
6733 13 55 0.2835
6733 13 61 0.2835
6733 13 65 0.3701
6746 13 39 0.2913
6759 13 68 0.4016
6772 13 46 0.3465
6772 13 51 0.3465
6785 13 55 0.2992
6785 13 61 0.2992
6785 13 67 0.3622
6799 13 39 0.3071
6812 13 63 0.3543
6812 13 55 0.2913
6812 13 61 0.2913
6825 13 46 0.3071
6825 13 51 0.3071
6838 13 55 0.2913
6838 13 61 0.2913
6838 13 65 0.3622
6851 13 39 0.3071
6864 13 55 0.2913
6864 13 61 0.3465
6877 13 48 0.2992
6877 13 51 0.2992
6890 13 56 0.3307
6890 13 63 0.3307
6904 13 39 0.2756
6917 13 63 0.315
6917 13 65 0.315
6917 13 56 0.315
6930 13 48 0.2756
6930 13 51 0.2756
6943 13 56 0.2677
6943 13 63 0.2677
6943 13 67 0.3543
6956 13 39 0.2677
6969 13 56 0.2756
6969 13 63 0.2756
6969 13 68 0.3465
6982 13 48 0.2992
6982 13 51 0.2992
6995 13 56 0.2756
6995 13 63 0.315
7009 13 39 0.2756
7022 13 63 0.315
7022 13 56 0.2756
7022 13 65 0.2756
7035 13 48 0.2756
7035 13 51 0.2756
7048 13 56 0.2756
7048 13 63 0.2756
7048 13 67 0.3543
7061 13 39 0.2756
7074 13 56 0.2756
7074 13 63 0.2756
7074 13 68 0.3307
7087 13 48 0.3465
7087 13 51 0.3465
7100 13 56 0.2913
7100 13 63 0.3307
7114 13 39 0.2913
7127 13 63 0.3307
7127 13 56 0.2913
7127 13 65 0.2913
7140 13 48 0.2913
7140 13 51 0.2913
7153 13 56 0.2835
7153 13 63 0.2835
7153 13 67 0.3701
7166 13 39 0.2913
7179 13 70 0.4016
7192 13 48 0.3465
7192 13 51 0.3465
7205 13 56 0.2992
7205 13 63 0.2992
7205 13 68 0.3622
7219 13 39 0.3071
7232 13 63 0.3543
7232 13 56 0.2913
7232 13 65 0.2913
7245 13 48 0.3071
7245 13 51 0.3071
7258 13 56 0.2913
7258 13 63 0.2913
7258 13 67 0.3622
7271 13 39 0.3071
7284 13 56 0.2913
7284 13 63 0.3465
7297 13 44 0.3465
7297 13 54 0.3465
7310 13 60 0.378
7310 13 66 0.378
7324 13 39 0.3307
7337 13 66 0.3465
7337 13 68 0.3465
7337 13 60 0.3465
7350 13 44 0.3465
7350 13 54 0.3465
7363 13 60 0.3701
7363 13 66 0.3701
7363 13 70 0.3701
7376 13 39 0.3071
7389 13 60 0.2913
7389 13 66 0.2913
7389 13 72 0.3622
7402 13 44 0.3543
7402 13 54 0.3543
7415 13 60 0.378
7415 13 66 0.378
7429 13 39 0.3307
7442 13 66 0.3465
7442 13 60 0.2913
7442 13 68 0.2913
7455 13 44 0.3307
7455 13 54 0.3307
7468 13 60 0.3701
7468 13 66 0.3701
7468 13 70 0.3701
7481 13 39 0.3465
7494 13 60 0.2913
7494 13 66 0.2913
7494 13 72 0.3543
7507 13 44 0.378
7507 13 54 0.378
7520 13 60 0.3701
7520 13 66 0.3701
7534 13 39 0.3307
7547 13 66 0.3622
7547 13 60 0.3622
7547 13 68 0.3622
7560 13 44 0.3701
7560 13 54 0.3701
7573 13 60 0.4409
7573 13 66 0.4409
7573 13 70 0.4409
7586 13 39 0.3465
7599 13 73 0.3937
7612 13 44 0.3937
7612 13 54 0.3937
7626 13 60 0.4331
7626 13 66 0.4331
7626 13 72 0.4331
7639 13 39 0.3622
7652 13 68 0.378
7652 13 60 0.315
7652 13 66 0.315
7665 13 44 0.3622
7665 13 54 0.3622
7678 13 60 0.315
7678 13 66 0.315
7678 13 70 0.3937
7691 13 39 0.3622
7704 13 60 0.315
7704 13 66 0.3701
7717 13 44 0.3937
7717 13 53 0.3937
7731 13 61 0.4646
7731 13 68 0.4646
7744 13 39 0.3622
7757 13 68 0.4094
7757 13 70 0.4094
7757 13 61 0.4094
7770 13 44 0.378
7770 13 53 0.378
7783 13 61 0.4488
7783 13 68 0.4488
7783 13 72 0.4488
7796 13 39 0.3622
7809 13 61 0.4331
7809 13 68 0.4331
7809 13 73 0.4331
7822 13 44 0.4016
7822 13 53 0.4016
7836 13 61 0.4646
7836 13 68 0.4646
7849 13 39 0.3701
7862 13 68 0.4173
7862 13 61 0.4173
7862 13 70 0.4173
7875 13 44 0.3937
7875 13 53 0.3937
7888 13 61 0.4646
7888 13 68 0.4646
7888 13 72 0.4646
7901 13 39 0.3701
7914 13 61 0.4331
7914 13 68 0.4331
7914 13 73 0.4331
7927 13 44 0.4724
7927 13 53 0.4724
7941 13 61 0.4646
7941 13 68 0.4646
7954 13 39 0.3937
7967 13 68 0.4488
7967 13 61 0.4488
7967 13 70 0.4488
7980 13 44 0.4409
7980 13 53 0.4409
7993 13 61 0.5039
7993 13 68 0.5039
7993 13 72 0.5039
8006 13 39 0.4016
8019 13 75 0.5039
8032 13 44 0.4646
8032 13 53 0.4646
8046 13 61 0.4882
8046 13 68 0.4882
8046 13 73 0.4882
8059 13 39 0.4173
8072 13 70 0.4646
8072 13 61 0.378
8072 13 68 0.378
8085 13 44 0.4488
8085 13 53 0.4488
8098 13 61 0.378
8098 13 68 0.378
8098 13 72 0.4803
8111 13 39 0.4173
8124 13 61 0.378
8124 13 68 0.4488
8137 26 39 0.4724
8137 26 46 0.4724
8137 26 53 0.4724
8151 13 62 0.5591
8151 13 68 0.5591
8164 26 39 0.4331
8164 26 46 0.4331
8164 26 53 0.4331
8177 13 68 0.4961
8177 13 62 0.4961
8177 13 70 0.4961
8190 52 39 0.4488
8190 52 46 0.4488
8190 52 53 0.4488
8203 13 62 0.5512
8203 13 68 0.5512
8203 13 72 0.5512
8229 13 75 0.5906
8242 26 51 0.4173
8242 26 58 0.4173
8242 26 65 0.4173
8256 13 62 0.5433
8256 13 68 0.5433
8256 13 74 0.5433
8269 26 51 0.4173
8269 26 58 0.4173
8269 26 65 0.4173
8282 13 70 0.4961
8282 13 62 0.4094
8282 13 68 0.4094
8295 52 51 0.4803
8295 52 58 0.4803
8295 52 65 0.4803
8308 13 62 0.4094
8308 13 68 0.4094
8308 13 72 0.5197
8334 13 68 0.4882
8347 26 39 0.4646
8347 26 46 0.4646
8347 26 53 0.4646
8361 13 74 0.5512
8361 13 72 0.5512
8361 13 68 0.5512
8374 26 39 0.4331
8374 26 46 0.4331
8374 26 53 0.4331
8387 13 68 0.5197
8387 13 75 0.5197
8387 13 72 0.5197
8400 52 39 0.4646
8400 52 46 0.4646
8400 52 53 0.4646
8413 13 77 0.5669
8413 13 68 0.5669
8413 13 72 0.5669
8439 13 80 0.6378
8452 26 51 0.4803
8452 26 58 0.4803
8452 26 65 0.4803
8466 13 79 0.6299
8466 13 68 0.6299
8466 13 72 0.6299
8479 26 51 0.4409
8479 26 58 0.4409
8479 26 65 0.4409
8492 13 72 0.5669
8492 13 75 0.5669
8492 13 68 0.5669
8505 52 51 0.5039
8505 52 58 0.5039
8505 52 65 0.5039
8518 13 77 0.6299
8518 13 68 0.6299
8518 13 72 0.6299
8544 13 74 0.5197
8557 13 65 0.5906
8557 13 53 0.5906
8571 13 77 0.5906
8584 13 55 0.5906
8584 13 67 0.5906
8597 13 79 0.5906
8610 13 68 0.6457
8610 13 56 0.6457
8623 13 80 0.6378
8636 13 72 0.5906
8636 13 60 0.5906
8649 13 84 0.5906
8662 13 68 0.5906
8662 13 56 0.5906
8676 13 80 0.5906
8689 13 65 0.5906
8689 13 53 0.5906
8702 13 77 0.5906
8715 26 68 0.6457
8715 26 56 0.6457
8728 13 80 0.6378
8741 26 65 0.5906
8741 26 53 0.5906
8754 13 77 0.5906
8767 26 62 0.5906
8767 26 50 0.5906
8781 13 74 0.5906
8794 26 53 0.5906
8794 26 65 0.5906
8807 13 77 0.5906
8820 26 50 0.6457
8820 26 62 0.6457
8833 13 74 0.6378
8846 26 46 0.5906
8846 26 58 0.5906
8859 13 70 0.5906
8872 26 62 0.5906
8872 26 50 0.5906
8886 13 74 0.5906
8899 26 46 0.5906
8899 26 58 0.5906
8912 13 70 0.5906
8925 26 43 0.6457
8925 26 55 0.6457
8938 13 67 0.6378
8951 26 46 0.5906
8951 26 58 0.5906
8964 13 70 0.5906
8977 26 43 0.5906
8977 26 55 0.5906
8991 13 67 0.5906
9004 26 39 0.5906
9004 26 51 0.5906
9017 13 63 0.5906
9030 26 43 0.6693
9030 26 55 0.6693
9043 13 67 0.6693
9056 26 39 0.622
9056 26 51 0.622
9069 13 63 0.6299
9082 26 36 0.622
9082 26 48 0.622
9096 13 60 0.6299
9109 26 39 0.622
9109 26 51 0.622
9122 13 63 0.6299
9135 26 36 0.6693
9135 26 48 0.6693
9148 13 60 0.7323
9161 26 32 0.6378
9161 26 44 0.6378
9174 13 56 0.6772
9187 26 36 0.6772
9187 26 48 0.6772
9201 13 60 0.7008
9214 26 32 0.748
9214 26 44 0.748
9227 13 56 0.811
9240 210 55 0.8504
9240 210 31 0.7087
9240 210 43 0.8425
9292 52 68 0.7323
9292 52 56 0.6535
9292 52 60 0.6535
9292 52 63 0.6535
9292 52 51 0.6929
9292 52 48 0.5827
9292 52 44 0.5827
9345 52 80 0.7323
9345 52 75 0.6535
9345 52 68 0.6535
9345 52 72 0.6535
9345 52 63 0.6929
9345 52 60 0.5827
9345 52 56 0.5827
9397 52 92 0.7165
9397 52 87 0.6378
9397 52 84 0.6378
9397 52 80 0.6378
9397 52 75 0.6929
9397 52 72 0.5827
9397 52 68 0.5827
9450 210 54 0.8504
9450 210 30 0.7087
9450 210 42 0.8425
9502 52 68 0.7323
9502 52 56 0.6535
9502 52 60 0.6535
9502 52 63 0.6535
9502 52 51 0.6929
9502 52 48 0.5827
9502 52 44 0.5827
9555 52 80 0.7323
9555 52 75 0.6535
9555 52 68 0.6535
9555 52 72 0.6535
9555 52 63 0.6929
9555 52 60 0.5827
9555 52 56 0.5827
9607 52 92 0.7165
9607 52 87 0.6378
9607 52 84 0.6378
9607 52 80 0.6378
9607 52 75 0.6929
9607 52 72 0.5827
9607 52 68 0.5827
9660 210 53 0.874
9660 210 29 0.7323
9660 210 41 0.8661
9712 52 68 0.7323
9712 52 56 0.6535
9712 52 59 0.6535
9712 52 63 0.6535
9712 52 51 0.6929
9712 52 47 0.5827
9712 52 44 0.5827
9765 52 80 0.7323
9765 52 75 0.6535
9765 52 68 0.6535
9765 52 71 0.6535
9765 52 63 0.6929
9765 52 59 0.5827
9765 52 56 0.5827
9817 52 92 0.7165
9817 52 87 0.6378
9817 52 83 0.6378
9817 52 80 0.6378
9817 52 75 0.6929
9817 52 71 0.5827
9817 52 68 0.5827
9870 157 52 0.874
9870 210 28 0.7323
9870 105 40 0.8661
9922 52 57 0.6535
9922 52 69 0.7323
9922 52 55 0.6535
9922 52 61 0.6535
9922 52 67 0.7323
9922 52 49 0.6929
9922 52 45 0.5827
9922 157 40 0.5827
9975 52 67 0.6535
9975 52 81 0.7323
9975 52 79 0.7323
9975 52 69 0.6535
9975 52 73 0.6535
9975 52 57 0.5827
9975 52 61 0.6929
9975 105 52 0.5827
10027 26 81 0.6142
10027 26 93 0.6772
10027 26 91 0.6772
10027 26 85 0.6142
10027 26 79 0.6142
10027 26 73 0.6929
10027 26 69 0.5827
10027 26 64 0.5827
10054 8 81 0.6929
10062 8 83 0.6929
10071 8 81 0.6929
10080 52 78 0.7638
10080 13 38 0.622
10080 13 45 0.622
10093 13 50 0.5354
10106 26 81 0.7638
10106 13 54 0.5354
10119 13 57 0.5354
10133 13 81 0.7087
10133 13 86 0.7953
10133 13 78 0.7087
10133 10 62 0.5512
10143 10 57 0.5512
10154 10 54 0.5433
10159 13 81 0.6535
10159 13 90 0.7323
10159 13 78 0.6535
10164 10 50 0.5354
10175 10 45 0.5354
10185 52 81 0.5906
10185 26 88 0.8031
10185 52 78 0.5906
10185 10 38 0.5039
10196 10 45 0.5433
10206 10 50 0.5512
10211 26 86 0.7323
10217 10 54 0.5591
10227 10 57 0.5748
10238 13 78 0.7323
10238 26 62 0.5906
10264 13 74 0.6378
10264 13 81 0.7087
10264 13 78 0.6378
10290 26 74 0.6693
10290 26 83 0.748
10290 26 81 0.6693
10290 26 78 0.6693
10290 26 38 0.6063
10290 26 45 0.6063
10290 26 50 0.6063
10316 52 62 0.5354
10316 52 57 0.5354
10316 52 54 0.5354
10343 26 74 0.6063
10343 26 83 0.6772
10343 26 81 0.6063
10343 26 78 0.6063
10369 52 66 0.5354
10369 52 62 0.5354
10369 52 57 0.5354
10382 13 74 0.6063
10382 13 83 0.6772
10382 13 81 0.6063
10382 13 78 0.6063
10395 52 74 0.6063
10395 52 83 0.6772
10395 52 81 0.6772
10395 52 78 0.6063
10421 26 69 0.5354
10421 26 66 0.5354
10421 26 62 0.5354
10448 13 74 0.7087
10448 13 78 0.7087
10474 13 74 0.7087
10474 13 80 0.7087
10474 13 78 0.7087
10500 52 74 0.685
10500 52 78 0.685
10500 26 81 0.7638
10500 8 35 0.5197
10509 8 42 0.4646
10518 8 47 0.4646
10526 26 83 0.7008
10526 8 50 0.4646
10535 8 54 0.4646
10544 8 59 0.4646
10553 13 78 0.7323
10553 13 74 0.7323
10553 26 62 0.4646
10579 13 80 0.7087
10579 13 78 0.7087
10579 13 74 0.7087
10605 26 81 0.7638
10605 52 74 0.685
10605 52 78 0.685
10605 10 40 0.5197
10616 10 47 0.4646
10626 10 52 0.4646
10631 26 83 0.7008
10637 10 56 0.4646
10647 10 62 0.4646
10658 13 74 0.7323
10658 13 78 0.7323
10658 26 66 0.4646
10684 13 80 0.7323
10684 13 74 0.7323
10684 13 78 0.7323
10710 26 69 0.685
10710 26 74 0.685
10710 26 76 0.685
10710 26 81 0.7638
10710 26 33 0.5906
10710 26 40 0.5906
10710 26 45 0.5906
10736 52 61 0.5039
10736 52 57 0.5039
10736 52 52 0.5039
10763 26 76 0.5906
10763 26 69 0.5906
10763 26 73 0.5906
10763 26 81 0.6614
10789 52 64 0.5039
10789 52 61 0.5039
10789 52 57 0.5039
10802 13 69 0.5906
10802 13 76 0.5906
10802 13 73 0.5906
10802 13 81 0.6614
10815 52 69 0.5906
10815 52 76 0.5906
10815 52 73 0.5906
10815 52 81 0.6614
10841 26 69 0.5039
10841 26 64 0.5039
10841 26 61 0.5039
10894 8 85 0.7008
10903 8 86 0.7008
10911 8 85 0.7008
10920 52 83 0.7559
10920 13 43 0.5118
10920 13 50 0.5118
10933 13 55 0.4488
10946 26 86 0.7559
10946 13 59 0.4488
10959 13 62 0.4488
10973 13 86 0.7008
10973 13 91 0.7795
10973 13 83 0.7008
10973 10 67 0.5118
10983 10 62 0.4646
10994 10 59 0.4567
10999 13 86 0.6378
10999 13 95 0.7165
10999 13 83 0.6378
11004 10 55 0.4567
11015 10 50 0.4488
11025 26 93 0.7638
11025 52 83 0.5984
11025 10 43 0.4409
11036 10 47 0.4409
11046 10 55 0.4488
11051 26 91 0.6772
11057 10 59 0.4488
11067 10 62 0.4488
11078 13 83 0.6772
11078 13 79 0.5984
11078 26 67 0.4488
11104 13 83 0.5984
11104 13 86 0.6772
11104 13 79 0.5984
11130 26 90 0.7087
11130 26 86 0.6299
11130 26 83 0.6299
11130 26 79 0.6299
11130 26 40 0.5748
11130 26 47 0.5748
11130 26 52 0.5748
11156 52 66 0.4882
11156 52 62 0.4882
11156 52 59 0.4882
11156 52 55 0.4882
11183 26 90 0.6299
11183 26 86 0.5669
11183 26 83 0.5669
11183 26 79 0.5669
11209 52 67 0.4882
11209 52 66 0.4882
11209 52 62 0.4882
11209 52 59 0.4882
11222 13 90 0.6299
11222 13 86 0.5669
11222 13 83 0.5669
11222 13 79 0.5669
11235 52 90 0.6299
11235 52 86 0.5669
11235 52 83 0.5669
11235 52 79 0.5669
11261 26 71 0.4882
11261 26 67 0.4882
11261 26 66 0.4882
11261 26 62 0.4882
11288 13 83 0.6772
11288 13 79 0.6772
11314 13 85 0.6772
11314 13 83 0.6772
11314 13 79 0.6772
11340 26 86 0.7559
11340 52 79 0.6772
11340 52 83 0.6772
11340 10 45 0.5433
11351 10 52 0.4724
11361 10 57 0.4724
11366 26 88 0.6772
11372 10 62 0.4724
11382 10 67 0.4724
11393 13 83 0.7165
11393 13 79 0.7165
11393 26 71 0.4724
11419 13 85 0.7008
11419 13 83 0.7008
11419 13 79 0.7008
11445 26 86 0.7559
11445 52 83 0.6772
11445 52 79 0.6772
11445 10 45 0.5433
11456 10 52 0.4724
11466 10 57 0.4724
11471 26 88 0.7008
11477 10 62 0.4724
11487 10 67 0.4724
11498 13 83 0.7165
11498 13 79 0.7165
11498 26 71 0.4724
11524 13 85 0.7165
11524 13 83 0.7165
11524 13 79 0.7165
11550 26 74 0.6614
11550 26 86 0.7402
11550 26 81 0.6614
11550 26 79 0.6614
11550 26 38 0.5906
11550 26 45 0.5906
11550 26 50 0.5906
11576 52 66 0.5039
11576 52 62 0.5039
11576 52 57 0.5039
11603 26 81 0.5748
11603 26 74 0.5748
11603 26 86 0.6378
11603 26 78 0.5748
11629 52 69 0.5039
11629 52 66 0.5039
11629 52 62 0.5039
11642 13 81 0.5748
11642 13 74 0.5748
11642 13 86 0.6378
11642 13 78 0.5748
11655 26 81 0.5748
11655 26 74 0.5748
11655 26 86 0.6378
11655 26 78 0.5748
11681 26 66 0.4882
11681 26 69 0.4882
11681 26 74 0.4882
11760 105 43 0.3465
11760 105 50 0.3465
11865 105 43 0.3465
11865 105 50 0.3465
11970 26 71 0.3465
11970 105 59 0.2362
11970 105 62 0.2362
11970 105 43 0.2362
11970 105 50 0.2362
11996 52 69 0.3622
12049 26 67 0.3307
12075 26 59 0.2362
12075 105 62 0.2362
12075 105 66 0.3465
12075 105 59 0.3465
12075 105 43 0.2362
12075 105 50 0.2362
12101 52 57 0.3543
12154 26 55 0.315
12180 26 69 0.3465
12180 105 57 0.2362
12180 105 60 0.2362
12180 105 43 0.2126
12180 105 50 0.2126
12180 105 54 0.3307
12206 52 67 0.3622
12259 26 66 0.315
12285 26 57 0.2362
12285 105 60 0.2362
12285 105 64 0.3465
12285 105 57 0.3465
12285 105 43 0.2362
12285 105 50 0.2362
12311 52 55 0.3622
12364 26 54 0.315
12390 26 67 0.3543
12390 105 55 0.2441
12390 105 59 0.2441
12390 105 52 0.3307
12390 105 43 0.2126
12390 105 50 0.2126
12416 52 66 0.3622
12469 26 64 0.315
12495 26 55 0.2677
12495 105 62 0.2441
12495 105 67 0.3622
12495 105 55 0.3465
12495 105 40 0.2913
12521 52 54 0.3622
12574 26 52 0.3307
12600 26 66 0.3543
12600 105 55 0.3465
12600 105 61 0.3465
12600 105 33 0.3465
12600 105 45 0.3465
12626 52 64 0.3622
12679 26 66 0.3307
12705 105 54 0.3465
12705 78 62 0.3465
12705 26 38 0.3937
12705 26 45 0.3937
12731 78 62 0.4331
12731 52 50 0.4331
12784 26 49 0.4331
12784 26 61 0.4331
12810 105 64 0.315
12810 105 71 0.315
12810 26 76 0.4409
12810 105 48 0.315
12810 105 55 0.315
12810 105 60 0.315
12836 52 74 0.4331
12889 26 72 0.3465
12915 26 64 0.315
12915 105 67 0.315
12915 105 71 0.3543
12915 105 55 0.2677
12915 26 52 0.2441
12915 105 64 0.2441
12941 52 50 0.2835
12941 52 62 0.2835
12994 26 48 0.2205
12994 26 60 0.2205
13020 105 62 0.2835
13020 105 69 0.2835
13020 26 74 0.4016
13020 105 47 0.2441
13020 105 54 0.2441
13020 105 59 0.2441
13046 52 72 0.4331
13099 26 71 0.3465
13125 26 62 0.2992
13125 105 66 0.2992
13125 105 69 0.3543
13125 105 54 0.2835
13125 26 50 0.2441
13125 105 62 0.2441
13151 52 48 0.2835
13151 52 60 0.2835
13204 26 47 0.2283
13204 26 59 0.2283
13230 105 60 0.2835
13230 105 67 0.2835
13230 26 72 0.4094
13230 105 45 0.2362
13230 105 52 0.2362
13230 105 57 0.2362
13256 52 71 0.4331
13309 26 69 0.3701
13335 65 78 0.4803
13335 105 67 0.2756
13335 105 72 0.2756
13335 105 33 0.4331
13335 26 60 0.4488
13361 52 59 0.4016
13401 13 81 0.4331
13414 8 79 0.3465
13414 26 57 0.3543
13423 8 76 0.3465
13431 8 72 0.3465
13440 105 60 0.2913
13440 105 66 0.2913
13440 26 71 0.3622
13440 105 38 0.315
13440 105 50 0.315
13466 52 69 0.378
13519 26 71 0.3071
13545 26 60 0.315
13545 105 67 0.2362
13545 72 43 0.2362
13545 72 50 0.2362
13571 45 59 0.2913
13617 452 54 0.2126
13624 446 63 0.2126
13630 439 66 0.2126
13637 118 71 0.2126
13644 111 75 0.2126
13650 26 83 0.3307
13676 52 82 0.3543
13729 13 80 0.315
13742 39 71 0.2126
13749 111 75 0.2126
13755 91 82 0.3465
13755 105 71 0.2283
13781 52 70 0.2283
13834 26 68 0.2126
13847 118 71 0.2126
13854 111 75 0.2126
13860 26 82 0.3307
13860 105 70 0.2126
13886 52 80 0.3543
13939 13 78 0.315
13952 118 71 0.2126
13959 111 75 0.2126
13965 105 80 0.3307
13965 26 70 0.2283
13991 52 68 0.2283
14044 26 66 0.2126
14070 105 72 0.2283
14070 26 80 0.3307
14070 105 63 0.2283
14070 105 66 0.2283
14096 52 79 0.3701
14149 26 78 0.3307
14175 26 73 0.2913
14175 52 77 0.3937
14175 105 61 0.2677
14175 105 68 0.2677
14201 52 72 0.3071
14228 52 76 0.3465
14254 26 71 0.2756
14280 105 70 0.2441
14280 26 75 0.2992
14280 105 64 0.2441
14280 105 54 0.2441
14306 52 73 0.3307
14359 26 75 0.3307
14385 72 66 0.2362
14385 72 71 0.2362
14385 26 64 0.2441
14385 105 59 0.1969
14411 45 63 0.2441
14457 452 50 0.1811
14464 446 59 0.1811
14471 439 62 0.1811
14477 118 67 0.1811
14484 111 72 0.1811
14490 26 79 0.2913
14516 52 78 0.3071
14569 13 76 0.2835
14582 39 67 0.1811
14589 111 71 0.1811
14595 91 78 0.2992
14595 105 67 0.2283
14621 52 66 0.2283
14674 26 64 0.2126
14687 118 67 0.1811
14694 111 72 0.1811
14700 26 78 0.2913
14700 105 66 0.2126
14726 52 76 0.3071
14779 13 74 0.2835
14792 118 67 0.1811
14799 111 72 0.1811
14805 105 76 0.2992
14805 26 66 0.2283
14831 52 64 0.2283
14884 26 62 0.2126
14910 105 68 0.2126
14910 26 76 0.3071
14910 105 59 0.2126
14910 105 62 0.2126
14936 52 75 0.3543
14989 26 74 0.3071
15015 26 69 0.2756
15015 52 73 0.3701
15015 105 57 0.2362
15015 105 64 0.2362
15041 52 68 0.2913
15068 52 72 0.315
15094 26 67 0.2441
15120 105 66 0.2283
15120 26 71 0.2835
15120 105 60 0.2283
15120 105 50 0.2283
15147 52 69 0.3071
15199 26 66 0.3071
15225 105 62 0.2205
15225 26 59 0.2283
15252 52 57 0.2283
15304 26 54 0.2283
15330 26 71 0.2756
15330 105 59 0.2047
15330 105 62 0.2047
15330 52 43 0.1811
15330 52 50 0.1811
15357 52 69 0.2835
15383 52 74 0.2677
15409 26 67 0.2677
15435 26 59 0.2047
15435 105 62 0.2047
15435 105 66 0.2835
15435 105 59 0.2283
15435 105 43 0.2047
15435 105 50 0.2047
15462 52 57 0.2756
15514 26 55 0.2441
15540 26 69 0.2835
15540 105 57 0.2047
15540 105 60 0.2047
15540 52 43 0.1732
15540 52 50 0.1732
15540 52 54 0.1732
15567 52 67 0.2992
15593 52 74 0.2756
15619 26 66 0.2756
15645 26 57 0.2047
15645 105 60 0.2047
15645 105 64 0.2835
15645 105 57 0.2283
15645 105 43 0.2047
15645 105 50 0.2047
15672 52 55 0.2835
15724 26 54 0.2441
15750 26 67 0.2913
15750 105 55 0.2126
15750 105 59 0.2126
15750 52 52 0.1732
15750 52 43 0.1732
15750 52 50 0.1732
15777 52 66 0.2992
15803 39 74 0.2677
15829 26 64 0.2756
15842 118 40 0.2362
15855 26 55 0.2126
15855 105 62 0.2126
15855 105 67 0.2126
15855 105 55 0.2677
15882 52 54 0.2835
15934 26 52 0.2441
15960 26 66 0.2913
15960 105 55 0.2835
15960 105 61 0.2835
15960 52 33 0.2835
15960 52 45 0.2835
15987 52 64 0.2992
16013 52 69 0.2835
16039 26 66 0.2756
16065 105 54 0.2835
16065 78 62 0.2835
16065 26 38 0.3307
16065 26 45 0.3307
16092 78 62 0.3622
16092 52 50 0.3622
16144 26 49 0.3622
16144 26 61 0.3622
16170 105 64 0.2756
16170 105 71 0.2756
16170 26 76 0.3701
16170 52 48 0.2756
16170 52 55 0.2756
16170 52 60 0.2756
16197 52 74 0.3622
16223 52 79 0.3622
16249 26 72 0.2835
16275 26 64 0.2756
16275 105 67 0.2756
16275 105 71 0.2992
16275 105 55 0.1732
16275 26 52 0.1811
16275 105 64 0.1811
16302 52 50 0.2441
16302 52 62 0.2441
16354 26 48 0.1969
16354 26 60 0.1969
16380 105 62 0.2283
16380 105 69 0.2283
16380 26 74 0.3307
16380 52 47 0.2126
16380 52 54 0.2126
16380 52 59 0.2126
16407 52 72 0.3622
16433 52 78 0.3622
16459 26 71 0.2835
16485 26 62 0.2441
16485 105 66 0.2441
16485 105 69 0.2992
16485 105 54 0.1732
16485 26 50 0.1811
16485 105 62 0.1811
16512 52 48 0.2441
16512 52 60 0.2441
16564 26 47 0.1969
16564 26 59 0.1969
16590 105 60 0.2283
16590 105 67 0.2283
16590 26 72 0.3465
16590 52 45 0.2047
16590 52 52 0.2047
16590 52 57 0.2047
16617 52 71 0.3622
16643 39 76 0.3465
16669 26 69 0.3071
16682 118 33 0.4409
16695 65 78 0.4016
16695 105 67 0.2205
16695 105 72 0.2205
16695 26 60 0.4331
16722 52 59 0.3307
16761 13 81 0.3622
16774 8 79 0.2835
16774 26 57 0.2913
16783 8 76 0.2835
16792 8 72 0.2835
16800 105 60 0.2362
16800 105 66 0.2362
16800 26 71 0.2992
16800 52 38 0.2756
16800 52 50 0.2756
16827 52 69 0.315
16853 52 74 0.2992
16879 26 71 0.2677
16905 26 60 0.2756
16905 105 67 0.2047
16905 78 43 0.2047
16905 78 50 0.2047
16932 52 59 0.2362
16978 452 54 0.2126
16984 446 63 0.2126
16991 439 66 0.2126
16997 118 71 0.2126
17004 111 75 0.2126
17010 26 83 0.3307
17037 52 82 0.3543
17089 13 80 0.315
17102 39 71 0.2126
17109 111 75 0.2126
17115 91 82 0.3307
17115 105 71 0.2283
17142 52 70 0.2283
17194 26 68 0.2126
17207 118 71 0.2126
17214 111 75 0.2126
17220 26 82 0.3307
17220 105 70 0.2126
17247 52 80 0.3543
17299 13 78 0.315
17312 118 71 0.2126
17319 111 75 0.2126
17325 105 80 0.3307
17325 26 70 0.2283
17352 52 68 0.2283
17404 26 66 0.2126
17430 105 72 0.2283
17430 26 80 0.3307
17430 105 63 0.2283
17430 105 66 0.2283
17457 52 79 0.3701
17509 26 78 0.3307
17535 26 73 0.2913
17535 52 77 0.3937
17535 105 61 0.2677
17535 105 68 0.2677
17562 52 72 0.3071
17588 52 76 0.3465
17614 26 71 0.2756
17640 105 70 0.2441
17640 26 75 0.2992
17640 105 64 0.2441
17640 105 54 0.2441
17667 52 73 0.3307
17719 26 75 0.3307
17745 72 66 0.2362
17745 72 71 0.2362
17745 26 64 0.2441
17745 105 59 0.1969
17772 45 63 0.2441
17818 452 50 0.1811
17824 446 59 0.1811
17831 439 62 0.1811
17837 118 67 0.1811
17844 111 72 0.1811
17850 26 79 0.2913
17877 52 78 0.3071
17929 13 76 0.2835
17942 39 67 0.1811
17949 111 71 0.1811
17955 91 78 0.2992
17955 105 67 0.2283
17982 52 66 0.2283
18034 26 64 0.2126
18047 118 67 0.1811
18054 111 72 0.1811
18060 26 78 0.2913
18060 105 66 0.2126
18087 52 76 0.3071
18139 13 74 0.2835
18152 118 67 0.1811
18159 111 72 0.1811
18165 105 76 0.2992
18165 26 66 0.2283
18192 52 64 0.2283
18244 26 62 0.2126
18270 105 68 0.2126
18270 26 76 0.3071
18270 105 59 0.2126
18270 105 62 0.2126
18297 52 75 0.3543
18349 26 74 0.3071
18375 26 69 0.2756
18375 52 73 0.3701
18375 105 57 0.2362
18375 105 64 0.2362
18402 52 68 0.2913
18428 52 72 0.315
18454 26 67 0.2441
18480 105 66 0.2283
18480 26 71 0.2835
18480 105 60 0.2283
18480 105 50 0.2283
18507 52 69 0.3071
18559 26 66 0.3071
18585 105 62 0.2205
18585 26 59 0.2283
18612 52 57 0.2283
18664 26 54 0.2283
18690 26 71 0.2756
18690 105 59 0.2047
18690 105 62 0.2047
18690 52 43 0.1811
18690 52 50 0.1811
18717 52 69 0.2835
18743 52 74 0.2677
18769 26 67 0.2677
18795 26 59 0.2047
18795 105 62 0.2047
18795 105 66 0.2835
18795 105 59 0.2283
18795 105 43 0.2047
18795 105 50 0.2047
18822 52 57 0.2756
18874 26 55 0.2441
18900 26 69 0.2835
18900 105 57 0.2047
18900 105 60 0.2047
18900 52 43 0.1732
18900 52 50 0.1732
18900 52 54 0.1732
18927 52 67 0.2992
18953 52 74 0.2756
18979 26 66 0.2756
19005 26 57 0.2047
19005 105 60 0.2047
19005 105 64 0.2913
19005 105 57 0.2283
19005 105 43 0.2047
19005 105 50 0.2047
19032 52 55 0.2835
19084 26 54 0.2441
19110 26 67 0.2913
19110 105 55 0.2126
19110 105 59 0.2126
19110 52 52 0.1732
19110 52 43 0.1732
19110 52 50 0.1732
19137 52 66 0.2992
19163 39 74 0.2756
19189 26 64 0.2756
19202 118 40 0.2362
19215 26 55 0.2126
19215 105 62 0.2126
19215 105 67 0.2126
19215 105 55 0.2677
19242 52 54 0.2835
19294 26 52 0.2441
19320 26 66 0.2913
19320 105 55 0.2835
19320 105 61 0.2835
19320 52 33 0.2835
19320 52 45 0.2835
19347 52 64 0.2992
19373 52 69 0.2835
19399 26 66 0.2756
19425 105 54 0.2835
19425 78 62 0.2835
19425 26 38 0.3307
19425 26 45 0.3307
19452 78 62 0.3622
19452 52 50 0.3622
19504 26 49 0.3622
19504 26 61 0.3622
19530 105 64 0.2756
19530 105 71 0.2756
19530 26 76 0.3701
19530 52 48 0.2756
19530 52 55 0.2756
19530 52 60 0.2756
19557 52 74 0.3622
19583 52 79 0.3701
19609 26 72 0.2835
19635 26 64 0.2756
19635 105 67 0.2756
19635 105 71 0.2992
19635 105 55 0.1732
19635 26 52 0.1811
19635 105 64 0.1811
19662 52 50 0.2441
19662 52 62 0.2441
19714 26 48 0.1969
19714 26 60 0.1969
19740 105 62 0.2283
19740 105 69 0.2283
19740 26 74 0.3307
19740 52 47 0.2126
19740 52 54 0.2126
19740 52 59 0.2126
19767 52 72 0.3622
19793 52 78 0.3622
19819 26 71 0.2835
19845 26 62 0.2441
19845 105 66 0.2441
19845 105 69 0.2992
19845 105 54 0.1732
19845 26 50 0.1811
19845 105 62 0.1811
19872 52 48 0.2441
19872 52 60 0.2441
19924 26 47 0.1969
19924 26 59 0.1969
19950 105 60 0.2283
19950 105 67 0.2283
19950 26 72 0.3465
19950 52 45 0.2047
19950 52 52 0.2047
19950 52 57 0.2047
19977 52 71 0.3622
20003 39 76 0.3307
20029 26 69 0.3071
20042 118 33 0.4409
20055 65 78 0.4016
20055 105 67 0.2205
20055 105 72 0.2205
20055 26 60 0.4331
20082 52 59 0.3307
20121 13 81 0.3622
20134 8 79 0.2835
20134 26 57 0.2913
20143 8 76 0.2835
20152 8 72 0.2835
20160 105 60 0.2362
20160 105 66 0.2362
20160 26 71 0.2992
20160 52 38 0.2756
20160 52 50 0.2756
20187 52 69 0.315
20213 52 74 0.2756
20239 26 71 0.2677
20266 26 60 0.2756
20266 105 67 0.2047
20266 78 43 0.2047
20266 78 50 0.2047
20292 52 59 0.2362
20371 26 38 0.378
20371 26 45 0.378
20423 26 50 0.3307
20423 26 57 0.3307
20449 26 50 0.3307
20449 26 57 0.3307
20476 26 50 0.378
20476 26 57 0.378
20528 26 38 0.3307
20528 26 45 0.3307
20554 26 38 0.3307
20554 26 45 0.3307
20581 26 38 0.378
20581 26 45 0.378
20633 26 50 0.3307
20633 26 57 0.3307
20659 26 50 0.3307
20659 26 57 0.3307
20686 26 50 0.3701
20686 26 57 0.3701
20738 26 38 0.3307
20738 26 45 0.3307
20764 8 69 0.4173
20764 26 38 0.3307
20764 26 45 0.3307
20773 8 71 0.4173
20782 8 69 0.4331
20791 52 66 0.4646
20791 26 38 0.3701
20791 26 45 0.3701
20817 26 69 0.4646
20843 13 74 0.4724
20843 13 66 0.4409
20843 13 50 0.3307
20843 13 57 0.3307
20869 13 78 0.4409
20869 13 66 0.4724
20869 13 50 0.3307
20869 13 57 0.3307
20896 26 76 0.4803
20896 52 66 0.3937
20896 26 57 0.3701
20896 26 50 0.3701
20922 26 74 0.4409
20948 13 66 0.4409
20948 13 38 0.3307
20948 13 45 0.3307
20974 13 69 0.4331
20974 13 66 0.4331
20974 13 38 0.3307
20974 13 45 0.3307
21001 26 71 0.4724
21001 26 69 0.4724
21001 26 66 0.4724
21001 52 38 0.3701
21001 52 45 0.3701
21053 26 71 0.4331
21053 26 69 0.4331
21053 26 66 0.4331
21053 26 50 0.3465
21053 26 57 0.3465
21092 13 71 0.4331
21092 13 69 0.4331
21092 13 66 0.4331
21092 13 50 0.3465
21092 13 57 0.3465
21106 52 71 0.4331
21106 52 69 0.4331
21106 52 66 0.4331
21106 52 50 0.3465
21106 52 57 0.3465
21158 13 62 0.4488
21158 13 66 0.4488
21184 13 62 0.4488
21184 13 68 0.4488
21184 13 66 0.4488
21211 52 62 0.4803
21211 52 66 0.4803
21211 26 69 0.4803
21211 52 35 0.3622
21211 52 42 0.3622
21237 26 71 0.4409
21263 13 66 0.4646
21263 13 62 0.4646
21263 13 47 0.3307
21263 13 54 0.3307
21289 13 68 0.4646
21289 13 66 0.4646
21289 13 62 0.4646
21289 13 47 0.3307
21289 13 54 0.3307
21316 26 69 0.4803
21316 52 62 0.4803
21316 52 66 0.4803
21316 52 40 0.3622
21316 52 47 0.3622
21342 26 71 0.4409
21368 13 62 0.4646
21368 13 66 0.4646
21368 13 52 0.3307
21368 13 59 0.3307
21394 13 68 0.4646
21394 13 62 0.4646
21394 13 66 0.4646
21394 13 52 0.3307
21394 13 59 0.3307
21421 26 62 0.4961
21421 26 64 0.4961
21421 26 69 0.4961
21421 52 33 0.3701
21421 52 40 0.3701
21473 26 61 0.4488
21473 26 69 0.4488
21473 26 64 0.3465
21473 26 57 0.3465
21512 13 61 0.4488
21512 13 69 0.4488
21512 13 64 0.3465
21512 13 57 0.3465
21526 26 61 0.4488
21526 26 69 0.4488
21526 26 64 0.3465
21526 26 57 0.3465
21604 8 73 0.4646
21613 8 74 0.4646
21622 8 73 0.4646
21631 52 71 0.4961
21631 52 43 0.4173
21631 52 50 0.4173
21657 26 74 0.4961
21683 13 79 0.5197
21683 13 71 0.5197
21683 13 62 0.4016
21683 13 55 0.4016
21709 13 83 0.4803
21709 13 71 0.4803
21709 13 62 0.4016
21709 13 55 0.4016
21736 26 81 0.5039
21736 52 71 0.4331
21736 52 55 0.4331
21736 52 62 0.4331
21762 26 79 0.4488
21788 13 71 0.4488
21788 13 67 0.4488
21814 13 71 0.4488
21814 13 74 0.4488
21814 13 67 0.4488
21841 26 78 0.4882
21841 26 74 0.4882
21841 26 71 0.4882
21841 26 67 0.4882
21841 52 40 0.378
21841 52 47 0.378
21893 26 78 0.4409
21893 26 74 0.4409
21893 26 71 0.4409
21893 26 67 0.4409
21893 26 59 0.3622
21893 26 52 0.3622
21932 13 78 0.4409
21932 13 74 0.4409
21932 13 71 0.4409
21932 13 67 0.4409
21932 13 59 0.3622
21932 13 52 0.3622
21946 52 78 0.4409
21946 52 74 0.4409
21946 52 71 0.4409
21946 52 67 0.4409
21946 52 52 0.378
21946 52 59 0.378
21998 13 71 0.4488
21998 13 67 0.4488
22024 13 73 0.4488
22024 13 71 0.4488
22024 13 67 0.4488
22051 26 74 0.4882
22051 52 67 0.4882
22051 52 71 0.4882
22051 52 45 0.4094
22051 52 52 0.4094
22077 26 76 0.4488
22103 13 71 0.4724
22103 13 67 0.4724
22103 13 64 0.378
22103 13 57 0.378
22129 13 73 0.4724
22129 13 71 0.4724
22129 13 67 0.4724
22129 13 64 0.378
22129 13 57 0.378
22156 26 74 0.4961
22156 52 71 0.4961
22156 52 67 0.4961
22156 52 57 0.4173
22156 52 64 0.4173
22182 26 76 0.4646
22208 13 71 0.4724
22208 13 67 0.4724
22234 13 73 0.4724
22234 13 71 0.4724
22234 13 67 0.4724
22261 26 74 0.5197
22261 26 69 0.5197
22261 26 67 0.5197
22261 52 38 0.4094
22261 52 45 0.4094
22313 26 74 0.4724
22313 26 66 0.4724
22313 26 69 0.378
22313 26 62 0.378
22352 13 74 0.4724
22352 13 66 0.4724
22352 13 69 0.378
22352 13 62 0.378
22366 26 74 0.4724
22366 26 66 0.4724
22366 52 69 0.378
22366 52 62 0.378
22418 26 50 0.2913
22418 26 57 0.2913
22444 26 50 0.2913
22444 26 57 0.2913
22471 26 50 0.3307
22471 26 57 0.3307
22523 26 62 0.2913
22523 26 69 0.2913
22549 26 62 0.2913
22549 26 69 0.2913
22576 26 62 0.3465
22576 26 69 0.3465
22628 26 50 0.2913
22628 26 57 0.2913
22654 26 50 0.2913
22654 26 57 0.2913
22681 26 50 0.315
22681 26 57 0.315
22733 26 62 0.2913
22733 26 69 0.2913
22759 26 62 0.2913
22759 26 69 0.2913
22786 26 62 0.3307
22786 26 69 0.3307
22838 26 50 0.2913
22838 26 57 0.2913
22864 8 81 0.3701
22864 26 50 0.2913
22864 26 57 0.2913
22873 8 83 0.3701
22882 8 81 0.378
22891 52 78 0.4094
22891 26 50 0.3307
22891 26 57 0.3307
22917 26 81 0.4094
22943 13 86 0.4173
22943 13 78 0.4173
22943 13 62 0.2913
22943 13 69 0.2913
22969 13 90 0.3937
22969 13 78 0.3937
22969 13 62 0.2913
22969 13 69 0.2913
22996 26 88 0.4331
22996 52 78 0.3543
22996 26 69 0.3307
22996 26 62 0.3307
23022 26 86 0.3937
23048 13 78 0.3937
23048 13 50 0.2913
23048 13 57 0.2913
23074 13 81 0.378
23074 13 78 0.378
23074 13 50 0.2913
23074 13 57 0.2913
23101 26 83 0.4173
23101 26 81 0.4173
23101 26 78 0.4173
23101 52 50 0.3307
23101 52 57 0.3307
23153 26 83 0.3937
23153 26 81 0.3937
23153 26 78 0.3937
23153 26 62 0.315
23153 26 69 0.315
23193 13 83 0.3937
23193 13 81 0.3937
23193 13 78 0.3937
23193 13 62 0.315
23193 13 69 0.315
23206 52 83 0.3937
23206 52 81 0.3937
23206 52 78 0.3937
23206 52 62 0.315
23206 52 69 0.315
23258 13 74 0.4016
23258 13 78 0.4016
23284 13 74 0.4016
23284 13 80 0.4016
23284 13 78 0.4016
23311 52 74 0.4331
23311 52 78 0.4331
23311 26 81 0.4331
23311 52 47 0.315
23311 52 54 0.315
23337 26 83 0.3937
23363 13 78 0.4094
23363 13 74 0.4094
23363 13 59 0.2913
23363 13 66 0.2913
23389 13 80 0.4016
23389 13 78 0.4016
23389 13 74 0.4016
23389 13 59 0.2913
23389 13 66 0.2913
23416 26 81 0.4331
23416 52 74 0.4331
23416 52 78 0.4331
23416 52 52 0.315
23416 52 59 0.315
23442 26 83 0.3937
23468 13 74 0.4094
23468 13 78 0.4094
23468 13 64 0.2913
23468 13 71 0.2913
23494 13 80 0.4094
23494 13 74 0.4094
23494 13 78 0.4094
23494 13 64 0.2913
23494 13 71 0.2913
23521 26 74 0.4331
23521 26 76 0.4331
23521 26 81 0.4331
23521 52 45 0.315
23521 52 52 0.315
23573 26 73 0.4016
23573 26 81 0.4016
23573 26 76 0.2992
23573 26 69 0.2992
23613 13 73 0.4016
23613 13 81 0.4016
23613 13 76 0.2992
23613 13 69 0.2992
23626 26 73 0.4016
23626 26 81 0.4016
23626 26 76 0.2992
23626 26 69 0.2992
23704 8 85 0.4094
23713 8 86 0.4094
23722 8 85 0.4094
23731 52 83 0.4409
23731 52 55 0.3701
23731 52 62 0.3701
23757 26 86 0.4409
23783 13 91 0.4646
23783 13 83 0.4646
23783 13 74 0.3543
23783 13 67 0.3543
23809 13 95 0.4173
23809 13 83 0.4173
23809 13 74 0.3543
23809 13 67 0.3543
23836 26 93 0.4488
23836 52 83 0.3937
23836 52 67 0.378
23836 52 74 0.378
23862 26 91 0.4016
23888 13 83 0.4016
23888 13 79 0.4016
23914 13 83 0.4016
23914 13 86 0.4016
23914 13 79 0.4016
23941 26 90 0.4409
23941 26 86 0.4409
23941 26 83 0.4409
23941 26 79 0.4409
23941 52 52 0.3465
23941 52 59 0.3465
23993 26 90 0.3937
23993 26 86 0.3937
23993 26 83 0.3937
23993 26 79 0.3937
23993 26 71 0.3071
23993 26 64 0.3071
24033 13 90 0.3937
24033 13 86 0.3937
24033 13 83 0.3937
24033 13 79 0.3937
24033 13 71 0.3071
24033 13 64 0.3071
24046 52 90 0.3937
24046 52 86 0.3937
24046 52 83 0.3937
24046 52 79 0.3937
24046 52 64 0.3543
24046 52 71 0.3543
24098 13 83 0.4016
24098 13 79 0.4016
24124 13 85 0.4016
24124 13 83 0.4016
24124 13 79 0.4016
24151 26 86 0.4409
24151 52 79 0.4409
24151 52 83 0.4409
24151 52 57 0.3622
24151 52 64 0.3622
24177 26 88 0.4016
24203 13 83 0.4173
24203 13 79 0.4173
24203 13 76 0.3465
24203 13 69 0.3465
24229 13 85 0.4094
24229 13 83 0.4094
24229 13 79 0.4094
24229 13 76 0.3465
24229 13 69 0.3465
24256 26 86 0.4409
24256 52 83 0.4409
24256 52 79 0.4409
24256 52 69 0.3701
24256 52 76 0.3701
24282 26 88 0.4094
24308 13 83 0.4173
24308 13 79 0.4173
24334 13 85 0.4173
24334 13 83 0.4173
24334 13 79 0.4173
24361 26 86 0.4646
24361 26 81 0.4646
24361 26 79 0.4646
24361 52 50 0.3622
24361 52 57 0.3622
24413 26 86 0.4173
24413 26 78 0.4173
24413 26 81 0.3465
24413 26 74 0.3465
24453 13 86 0.4173
24453 13 78 0.4173
24453 13 81 0.3465
24453 13 74 0.3465
24466 26 86 0.4173
24466 26 78 0.4173
24466 52 81 0.3465
24466 52 74 0.3465
24571 52 45 0.6299
24571 52 52 0.6299
24623 13 45 0.5669
24623 13 52 0.5669
24649 13 52 0.5669
24649 13 45 0.5669
24676 52 45 0.6299
24676 52 52 0.6299
24728 13 45 0.5669
24728 13 52 0.5669
24754 13 45 0.5669
24754 13 52 0.5669
24781 13 61 0.5906
24781 52 64 0.5906
24781 52 45 0.5591
24781 52 52 0.5591
24794 13 59 0.5354
24807 13 61 0.5354
24820 6 57 0.5354
24833 13 62 0.5354
24833 52 66 0.5591
24833 26 45 0.5039
24833 26 52 0.5039
24859 13 59 0.5354
24859 13 45 0.5039
24859 13 52 0.5039
24886 13 61 0.5906
24886 52 64 0.5906
24886 52 45 0.5591
24886 52 52 0.5591
24899 13 59 0.5433
24912 13 61 0.5433
24925 6 57 0.5433
24938 13 62 0.5354
24938 52 66 0.5591
24938 26 45 0.5039
24938 26 52 0.5039
24964 13 59 0.5354
24964 13 45 0.5039
24964 13 52 0.5039
25017 26 74 0.4409
25017 8 78 0.4409
25017 26 68 0.4409
25026 8 80 0.4409
25034 8 78 0.4409
25043 13 76 0.4724
25043 13 73 0.4724
25043 13 69 0.4724
25069 13 73 0.4646
25069 13 76 0.4646
25069 13 69 0.4646
25096 105 76 0.4646
25096 105 73 0.4646
25096 105 69 0.4646
25201 52 60 0.4094
25201 52 64 0.4094
25201 52 56 0.4646
25253 26 68 0.378
25253 26 72 0.378
25253 26 76 0.378
25280 26 68 0.3701
25280 26 72 0.3701
25280 26 76 0.3701
25306 52 68 0.3622
25306 52 72 0.3622
25306 52 76 0.3622
25358 13 72 0.3622
25358 13 76 0.3622
25385 13 76 0.3622
25385 13 72 0.3622
25385 13 77 0.3622
25411 52 72 0.3937
25411 52 76 0.3937
25411 26 79 0.3937
25411 13 43 0.3543
25411 13 52 0.3543
25424 13 55 0.3543
25437 26 81 0.3622
25437 13 60 0.3543
25450 13 64 0.3543
25463 13 72 0.3622
25463 13 76 0.3622
25490 13 72 0.3622
25490 13 76 0.3622
25490 13 77 0.3622
25516 52 71 0.4016
25516 52 77 0.4016
25516 26 79 0.4016
25516 13 43 0.3543
25516 13 50 0.3543
25529 13 55 0.3543
25542 26 81 0.3622
25542 13 59 0.3543
25555 13 65 0.3543
25568 13 67 0.3622
25568 13 71 0.3622
25568 13 76 0.3622
25595 13 67 0.3622
25595 13 71 0.3622
25595 13 74 0.3622
25608 6 74 0.3701
25614 6 76 0.3701
25621 52 64 0.4094
25621 26 74 0.4094
25621 52 36 0.3465
25621 52 43 0.3465
25647 26 72 0.3622
25673 13 64 0.3622
25673 13 72 0.3622
25673 13 48 0.315
25673 13 55 0.315
25700 13 64 0.3622
25700 13 72 0.3622
25700 13 48 0.315
25700 13 55 0.315
25726 39 64 0.4094
25726 39 72 0.4094
25726 39 48 0.3543
25726 39 55 0.3543
25778 13 55 0.5669
25778 13 48 0.5669
25805 13 48 0.5669
25805 13 55 0.5669
25831 13 64 0.5906
25831 52 67 0.5906
25831 52 48 0.5591
25831 52 55 0.5591
25844 13 62 0.5354
25857 13 64 0.5354
25870 6 60 0.5354
25883 13 65 0.5354
25883 52 69 0.5591
25883 26 55 0.5039
25883 26 48 0.5039
25910 13 62 0.5354
25910 13 48 0.5039
25910 13 55 0.5039
25936 13 64 0.5906
25936 52 67 0.5906
25936 52 55 0.5591
25936 52 48 0.5591
25949 13 62 0.5433
25962 13 64 0.5433
25975 6 60 0.5433
25988 13 65 0.5354
25988 52 69 0.5591
25988 26 55 0.5039
25988 26 48 0.5039
26015 13 62 0.5354
26015 13 55 0.5039
26015 13 48 0.5039
26067 26 77 0.4409
26067 8 81 0.4409
26067 26 71 0.4409
26076 8 83 0.4409
26085 8 81 0.4409
26093 13 79 0.4724
26093 13 76 0.4724
26093 13 72 0.4724
26120 13 76 0.4646
26120 13 79 0.4646
26120 13 72 0.4646
26146 105 79 0.4646
26146 105 76 0.4646
26146 105 72 0.4646
26251 52 63 0.4094
26251 52 67 0.4094
26251 52 59 0.4646
26303 26 71 0.378
26303 26 75 0.378
26303 26 79 0.378
26330 26 71 0.3701
26330 26 75 0.3701
26330 26 79 0.3701
26356 52 71 0.3622
26356 52 75 0.3622
26356 52 79 0.3622
26408 13 75 0.3622
26408 13 79 0.3622
26435 13 79 0.3622
26435 13 75 0.3622
26435 13 80 0.3622
26461 52 75 0.3937
26461 52 79 0.3937
26461 26 82 0.3937
26461 13 46 0.3543
26461 13 55 0.3543
26474 13 58 0.3543
26487 26 84 0.3622
26487 13 63 0.3543
26500 13 67 0.3543
26513 13 75 0.3622
26513 13 79 0.3622
26540 13 75 0.3622
26540 13 79 0.3622
26540 13 80 0.3622
26566 52 74 0.4016
26566 52 80 0.4016
26566 26 82 0.4016
26566 13 53 0.3543
26566 13 46 0.3543
26579 13 58 0.3543
26592 26 84 0.3622
26592 13 62 0.3543
26605 13 68 0.3543
26618 13 70 0.3622
26618 13 74 0.3622
26618 13 79 0.3622
26645 13 70 0.3622
26645 13 74 0.3622
26645 13 77 0.3622
26658 6 77 0.3701
26664 6 79 0.3701
26671 52 67 0.4094
26671 26 77 0.4094
26671 52 46 0.3465
26671 52 39 0.3465
26697 26 75 0.3622
26723 13 67 0.3622
26723 13 75 0.3622
26723 13 58 0.315
26723 13 51 0.315
26750 13 67 0.3622
26750 13 75 0.3622
26750 13 58 0.315
26750 13 51 0.315
26776 52 67 0.4094
26776 52 75 0.4094
26776 52 58 0.3543
26776 52 51 0.3543
26828 13 46 0.2835
26828 13 51 0.2835
26841 13 55 0.2677
26841 13 61 0.2992
26855 13 39 0.2441
26868 13 63 0.3071
26868 13 61 0.2677
26868 13 55 0.2677
26881 13 46 0.2441
26881 13 51 0.2441
26894 13 55 0.2677
26894 13 58 0.2677
26894 13 65 0.3543
26907 13 39 0.2677
26920 13 55 0.2756
26920 13 61 0.2756
26920 13 67 0.3465
26933 13 46 0.2992
26933 13 51 0.2992
26946 13 55 0.2756
26946 13 61 0.315
26960 13 39 0.2756
26973 13 63 0.315
26973 13 55 0.2756
26973 13 61 0.2756
26986 13 46 0.2756
26986 13 51 0.2756
26999 13 55 0.2756
26999 13 61 0.2756
26999 13 65 0.3543
27012 13 39 0.2756
27025 13 55 0.2756
27025 13 61 0.2756
27025 13 67 0.3307
27038 13 46 0.3465
27038 13 51 0.3465
27051 13 55 0.2913
27051 13 61 0.3307
27065 13 39 0.2913
27078 13 63 0.3307
27078 13 55 0.2913
27078 13 61 0.2913
27091 13 46 0.2913
27091 13 51 0.2913
27104 13 55 0.2835
27104 13 61 0.2835
27104 13 65 0.3701
27117 13 39 0.2913
27130 13 68 0.4016
27143 13 46 0.3465
27143 13 51 0.3465
27156 13 55 0.2992
27156 13 61 0.2992
27156 13 67 0.3622
27170 13 39 0.3071
27183 13 63 0.3543
27183 13 55 0.2913
27183 13 61 0.2913
27196 13 46 0.3071
27196 13 51 0.3071
27209 13 55 0.2913
27209 13 61 0.2913
27209 13 65 0.3622
27222 13 39 0.3071
27235 13 55 0.2913
27235 13 61 0.3465
27248 13 48 0.2992
27248 13 51 0.2992
27261 13 56 0.3307
27261 13 63 0.3307
27275 13 39 0.2756
27288 13 63 0.315
27288 13 65 0.315
27288 13 56 0.315
27301 13 48 0.2756
27301 13 51 0.2756
27314 13 56 0.2677
27314 13 63 0.2677
27314 13 67 0.3543
27327 13 39 0.2677
27340 13 56 0.2756
27340 13 63 0.2756
27340 13 68 0.3465
27353 13 48 0.2992
27353 13 51 0.2992
27366 13 56 0.2756
27366 13 63 0.315
27380 13 39 0.2756
27393 13 63 0.315
27393 13 56 0.2756
27393 13 65 0.2756
27406 13 48 0.2756
27406 13 51 0.2756
27419 13 56 0.2756
27419 13 63 0.2756
27419 13 67 0.3543
27432 13 39 0.2756
27445 13 56 0.2756
27445 13 63 0.2756
27445 13 68 0.3307
27458 13 48 0.3465
27458 13 51 0.3465
27471 13 56 0.2913
27471 13 63 0.3307
27485 13 39 0.2913
27498 13 63 0.3307
27498 13 56 0.2913
27498 13 65 0.2913
27511 13 48 0.2913
27511 13 51 0.2913
27524 13 56 0.2835
27524 13 63 0.2835
27524 13 67 0.3701
27537 13 39 0.2913
27550 13 70 0.4016
27563 13 48 0.3465
27563 13 51 0.3465
27576 13 56 0.2992
27576 13 63 0.2992
27576 13 68 0.3622
27590 13 39 0.3071
27603 13 63 0.3543
27603 13 56 0.2913
27603 13 65 0.2913
27616 13 48 0.3071
27616 13 51 0.3071
27629 13 56 0.2913
27629 13 63 0.2913
27629 13 67 0.3622
27642 13 39 0.3071
27655 13 56 0.2913
27655 13 63 0.3465
27668 13 44 0.3465
27668 13 54 0.3465
27681 13 60 0.378
27681 13 66 0.378
27695 13 39 0.3307
27708 13 66 0.3465
27708 13 68 0.3465
27708 13 60 0.3465
27721 13 44 0.3465
27721 13 54 0.3465
27734 13 60 0.3701
27734 13 66 0.3701
27734 13 70 0.3701
27747 13 39 0.3071
27760 13 60 0.2913
27760 13 66 0.2913
27760 13 72 0.3622
27773 13 44 0.3543
27773 13 54 0.3543
27787 13 60 0.378
27787 13 66 0.378
27800 13 39 0.3307
27813 13 66 0.3465
27813 13 60 0.2913
27813 13 68 0.2913
27826 13 44 0.3307
27826 13 54 0.3307
27839 13 60 0.3701
27839 13 66 0.3701
27839 13 70 0.3701
27852 13 39 0.3465
27865 13 60 0.2913
27865 13 66 0.2913
27865 13 72 0.3543
27878 13 44 0.378
27878 13 54 0.378
27892 13 60 0.3701
27892 13 66 0.3701
27905 13 39 0.3307
27918 13 66 0.3622
27918 13 60 0.3622
27918 13 68 0.3622
27931 13 44 0.3701
27931 13 54 0.3701
27944 13 60 0.4409
27944 13 66 0.4409
27944 13 70 0.4409
27957 13 39 0.3465
27970 13 73 0.3937
27983 13 44 0.3937
27983 13 54 0.3937
27997 13 60 0.4331
27997 13 66 0.4331
27997 13 72 0.4331
28010 13 39 0.3622
28023 13 68 0.378
28023 13 60 0.315
28023 13 66 0.315
28036 13 44 0.3622
28036 13 54 0.3622
28049 13 60 0.315
28049 13 66 0.315
28049 13 70 0.3937
28062 13 39 0.3622
28075 13 60 0.315
28075 13 66 0.3701
28088 13 44 0.3937
28088 13 53 0.3937
28102 13 61 0.4646
28102 13 68 0.4646
28115 13 39 0.3622
28128 13 68 0.4094
28128 13 70 0.4094
28128 13 61 0.4094
28141 13 44 0.378
28141 13 53 0.378
28154 13 61 0.4488
28154 13 68 0.4488
28154 13 72 0.4488
28167 13 39 0.3622
28180 13 61 0.4331
28180 13 68 0.4331
28180 13 73 0.4331
28193 13 44 0.4016
28193 13 53 0.4016
28207 13 61 0.4646
28207 13 68 0.4646
28220 13 39 0.3701
28233 13 68 0.4173
28233 13 61 0.4173
28233 13 70 0.4173
28246 13 44 0.3937
28246 13 53 0.3937
28259 13 61 0.4646
28259 13 68 0.4646
28259 13 72 0.4646
28272 13 39 0.3701
28285 13 61 0.4331
28285 13 68 0.4331
28285 13 73 0.4331
28298 13 44 0.4724
28298 13 53 0.4724
28312 13 61 0.4646
28312 13 68 0.4646
28325 13 39 0.3937
28338 13 68 0.4488
28338 13 61 0.4488
28338 13 70 0.4488
28351 13 44 0.4409
28351 13 53 0.4409
28364 13 61 0.5039
28364 13 68 0.5039
28364 13 72 0.5039
28377 13 39 0.4016
28390 13 75 0.5039
28403 13 44 0.4646
28403 13 53 0.4646
28417 13 61 0.4882
28417 13 68 0.4882
28417 13 73 0.4882
28430 13 39 0.4173
28443 13 70 0.4646
28443 13 61 0.378
28443 13 68 0.378
28456 13 44 0.4488
28456 13 53 0.4488
28469 13 61 0.378
28469 13 68 0.378
28469 13 72 0.4803
28482 13 39 0.4173
28495 13 61 0.378
28495 13 68 0.4488
28508 26 39 0.4724
28508 26 46 0.4724
28508 26 53 0.4724
28522 13 62 0.5591
28522 13 68 0.5591
28535 26 39 0.4331
28535 26 46 0.4331
28535 26 53 0.4331
28548 13 68 0.4961
28548 13 62 0.4961
28548 13 70 0.4961
28561 52 39 0.4488
28561 52 46 0.4488
28561 52 53 0.4488
28574 13 62 0.5512
28574 13 68 0.5512
28574 13 72 0.5512
28600 13 75 0.5906
28613 26 51 0.4173
28613 26 58 0.4173
28613 26 65 0.4173
28627 13 62 0.5433
28627 13 68 0.5433
28627 13 74 0.5433
28640 26 51 0.4173
28640 26 58 0.4173
28640 26 65 0.4173
28653 13 70 0.4961
28653 13 62 0.4094
28653 13 68 0.4094
28666 52 51 0.4803
28666 52 58 0.4803
28666 52 65 0.4803
28679 13 62 0.4094
28679 13 68 0.4094
28679 13 72 0.5197
28705 13 68 0.4882
28718 26 39 0.4646
28718 26 46 0.4646
28718 26 53 0.4646
28732 13 74 0.5512
28732 13 72 0.5512
28732 13 68 0.5512
28745 26 39 0.4331
28745 26 46 0.4331
28745 26 53 0.4331
28758 13 68 0.5197
28758 13 75 0.5197
28758 13 72 0.5197
28771 52 39 0.4646
28771 52 46 0.4646
28771 52 53 0.4646
28784 13 77 0.5669
28784 13 68 0.5669
28784 13 72 0.5669
28810 13 80 0.6378
28823 26 51 0.4803
28823 26 58 0.4803
28823 26 65 0.4803
28837 13 79 0.6299
28837 13 68 0.6299
28837 13 72 0.6299
28850 26 51 0.4409
28850 26 58 0.4409
28850 26 65 0.4409
28863 13 72 0.5669
28863 13 75 0.5669
28863 13 68 0.5669
28876 52 51 0.5039
28876 52 58 0.5039
28876 52 65 0.5039
28889 13 77 0.6299
28889 13 68 0.6299
28889 13 72 0.6299
28915 13 74 0.5197
28928 13 65 0.5906
28928 13 53 0.5906
28942 13 77 0.5906
28955 13 55 0.5906
28955 13 67 0.5906
28968 13 79 0.5906
28981 13 68 0.6457
28981 13 56 0.6457
28994 13 80 0.6378
29007 13 72 0.5906
29007 13 60 0.5906
29020 13 84 0.5906
29033 13 68 0.5906
29033 13 56 0.5906
29047 13 80 0.5906
29060 13 65 0.5906
29060 13 53 0.5906
29073 13 77 0.5906
29086 26 68 0.6457
29086 26 56 0.6457
29099 13 80 0.6378
29112 26 65 0.5906
29112 26 53 0.5906
29125 13 77 0.5906
29138 26 62 0.5906
29138 26 50 0.5906
29152 13 74 0.5906
29165 26 53 0.5906
29165 26 65 0.5906
29178 13 77 0.5906
29191 26 50 0.6457
29191 26 62 0.6457
29204 13 74 0.6378
29217 26 46 0.5906
29217 26 58 0.5906
29230 13 70 0.5906
29243 26 62 0.5906
29243 26 50 0.5906
29257 13 74 0.5906
29270 26 46 0.5906
29270 26 58 0.5906
29283 13 70 0.5906
29296 26 43 0.6457
29296 26 55 0.6457
29309 13 67 0.6378
29322 26 46 0.5906
29322 26 58 0.5906
29335 13 70 0.5906
29348 26 43 0.5906
29348 26 55 0.5906
29362 13 67 0.5906
29375 26 39 0.5906
29375 26 51 0.5906
29388 13 63 0.5906
29401 26 43 0.6693
29401 26 55 0.6693
29414 13 67 0.6693
29427 26 39 0.622
29427 26 51 0.622
29440 13 63 0.6299
29453 26 36 0.622
29453 26 48 0.622
29467 13 60 0.6299
29480 26 39 0.622
29480 26 51 0.622
29493 13 63 0.6299
29506 26 36 0.6693
29506 26 48 0.6693
29519 13 60 0.7323
29532 26 32 0.6378
29532 26 44 0.6378
29545 13 56 0.6772
29558 26 36 0.6772
29558 26 48 0.6772
29572 13 60 0.7008
29585 26 32 0.748
29585 26 44 0.748
29598 13 56 0.811
29611 210 55 0.8504
29611 210 31 0.7087
29611 210 43 0.8425
29663 52 68 0.7323
29663 52 56 0.6535
29663 52 60 0.6535
29663 52 63 0.6535
29663 52 51 0.6929
29663 52 48 0.5827
29663 52 44 0.5827
29716 52 80 0.7323
29716 52 75 0.6535
29716 52 68 0.6535
29716 52 72 0.6535
29716 52 63 0.6929
29716 52 60 0.5827
29716 52 56 0.5827
29768 52 92 0.7165
29768 52 87 0.6378
29768 52 84 0.6378
29768 52 80 0.6378
29768 52 75 0.6929
29768 52 72 0.5827
29768 52 68 0.5827
29821 210 54 0.8504
29821 210 30 0.7087
29821 210 42 0.8425
29873 52 68 0.7323
29873 52 56 0.6535
29873 52 60 0.6535
29873 52 63 0.6535
29873 52 51 0.6929
29873 52 48 0.5827
29873 52 44 0.5827
29926 52 80 0.7323
29926 52 75 0.6535
29926 52 68 0.6535
29926 52 72 0.6535
29926 52 63 0.6929
29926 52 60 0.5827
29926 52 56 0.5827
29978 52 92 0.7165
29978 52 87 0.6378
29978 52 84 0.6378
29978 52 80 0.6378
29978 52 75 0.6929
29978 52 72 0.5827
29978 52 68 0.5827
30031 210 53 0.874
30031 210 29 0.7323
30031 210 41 0.8661
30083 52 68 0.7323
30083 52 56 0.6535
30083 52 59 0.6535
30083 52 63 0.6535
30083 52 51 0.6929
30083 52 47 0.5827
30083 52 44 0.5827
30136 52 80 0.7323
30136 52 75 0.6535
30136 52 68 0.6535
30136 52 71 0.6535
30136 52 63 0.6929
30136 52 59 0.5827
30136 52 56 0.5827
30188 52 92 0.7165
30188 52 87 0.6378
30188 52 83 0.6378
30188 52 80 0.6378
30188 52 75 0.6929
30188 52 71 0.5827
30188 52 68 0.5827
30241 157 52 0.874
30241 210 28 0.7323
30241 105 40 0.8661
30294 52 57 0.6535
30294 52 69 0.7323
30294 52 55 0.6535
30294 52 61 0.6535
30294 52 67 0.7323
30294 52 49 0.6929
30294 52 45 0.5827
30294 157 40 0.5827
30346 52 67 0.6535
30346 52 81 0.7323
30346 52 79 0.7323
30346 52 69 0.6535
30346 52 73 0.6535
30346 52 57 0.5827
30346 52 61 0.6929
30346 105 52 0.5827
30399 26 81 0.6142
30399 26 93 0.6772
30399 26 91 0.6772
30399 26 85 0.6142
30399 26 79 0.6142
30399 26 73 0.6929
30399 26 69 0.5827
30399 26 64 0.5827
30425 8 81 0.6929
30434 8 83 0.6929
30442 8 81 0.6929
30451 52 78 0.7638
30451 13 38 0.622
30451 13 45 0.622
30464 13 50 0.5354
30477 26 81 0.7638
30477 13 54 0.5354
30490 13 57 0.5354
30504 13 81 0.7087
30504 13 86 0.7953
30504 13 78 0.7087
30504 10 62 0.5512
30514 10 57 0.5512
30525 10 54 0.5433
30530 13 81 0.6535
30530 13 90 0.7323
30530 13 78 0.6535
30535 10 50 0.5354
30546 10 45 0.5354
30556 52 81 0.5906
30556 26 88 0.8031
30556 52 78 0.5906
30556 10 38 0.5039
30567 10 45 0.5433
30577 10 50 0.5512
30582 26 86 0.7323
30588 10 54 0.5591
30598 10 57 0.5748
30609 13 78 0.7323
30609 26 62 0.5906
30635 13 74 0.6378
30635 13 81 0.7087
30635 13 78 0.6378
30661 26 74 0.6693
30661 26 83 0.748
30661 26 81 0.748
30661 26 78 0.6693
30661 26 38 0.6063
30661 26 45 0.6063
30661 26 50 0.6063
30687 52 62 0.5354
30687 52 57 0.5354
30687 52 54 0.5354
30714 26 74 0.6063
30714 26 83 0.6772
30714 26 81 0.6772
30714 26 78 0.6063
30740 52 66 0.5354
30740 52 62 0.5354
30740 52 57 0.5354
30753 13 74 0.6063
30753 13 83 0.6772
30753 13 81 0.6772
30753 13 78 0.6063
30766 52 74 0.6063
30766 52 83 0.6772
30766 52 81 0.6772
30766 52 78 0.6063
30792 26 69 0.5354
30792 26 66 0.5354
30792 26 62 0.5354
30819 13 74 0.7087
30819 13 78 0.7087
30845 13 74 0.7087
30845 13 80 0.7087
30845 13 78 0.7087
30871 52 74 0.685
30871 52 78 0.685
30871 26 81 0.7638
30871 8 35 0.5197
30880 8 42 0.4646
30889 8 47 0.4646
30897 26 83 0.7008
30897 8 50 0.4646
30906 8 54 0.4646
30915 8 59 0.4646
30924 13 78 0.7323
30924 13 74 0.7323
30924 26 62 0.4646
30950 13 80 0.7087
30950 13 78 0.7087
30950 13 74 0.7087
30976 26 81 0.7638
30976 52 74 0.685
30976 52 78 0.685
30976 10 40 0.5197
30987 10 47 0.4646
30997 10 52 0.4646
31002 26 83 0.7008
31008 10 56 0.4646
31018 10 62 0.4646
31029 13 74 0.7323
31029 13 78 0.7323
31029 26 66 0.4646
31055 13 80 0.7323
31055 13 74 0.7323
31055 13 78 0.7323
31081 26 69 0.685
31081 26 74 0.685
31081 26 76 0.685
31081 26 81 0.7638
31081 26 33 0.5906
31081 26 40 0.5906
31081 26 45 0.5906
31107 52 61 0.5039
31107 52 57 0.5039
31107 52 52 0.5039
31134 26 76 0.5906
31134 26 69 0.5906
31134 26 73 0.5906
31134 26 81 0.6614
31160 52 64 0.5039
31160 52 61 0.5039
31160 52 57 0.5039
31173 13 69 0.5906
31173 13 76 0.5906
31173 13 73 0.5906
31173 13 81 0.6614
31186 52 69 0.5906
31186 52 76 0.5906
31186 52 73 0.5906
31186 52 81 0.6614
31212 26 69 0.5039
31212 26 64 0.5039
31212 26 61 0.5039
31265 8 85 0.7008
31274 8 86 0.7008
31282 8 85 0.7008
31291 52 83 0.7559
31291 13 43 0.5118
31291 13 50 0.5118
31304 13 55 0.4488
31317 26 86 0.7559
31317 13 59 0.4488
31330 13 62 0.4488
31344 13 86 0.7008
31344 13 91 0.7795
31344 13 83 0.7008
31344 10 67 0.5118
31354 10 62 0.4646
31365 10 59 0.4567
31370 13 86 0.6378
31370 13 95 0.7165
31370 13 83 0.6378
31375 10 55 0.4567
31386 10 50 0.4488
31396 26 93 0.7638
31396 52 83 0.5984
31396 10 43 0.4409
31407 10 47 0.4409
31417 10 55 0.4488
31422 26 91 0.6772
31428 10 59 0.4488
31438 10 62 0.4488
31449 13 83 0.6772
31449 13 79 0.6772
31449 26 67 0.4488
31475 13 83 0.6772
31475 13 86 0.6772
31475 13 79 0.5984
31501 26 90 0.7087
31501 26 86 0.6299
31501 26 83 0.6299
31501 26 79 0.6299
31501 26 40 0.5748
31501 26 47 0.5748
31501 26 52 0.5748
31527 52 66 0.4882
31527 52 62 0.4882
31527 52 59 0.4882
31527 52 55 0.4882
31554 26 90 0.6299
31554 26 86 0.5669
31554 26 83 0.5669
31554 26 79 0.5669
31580 52 67 0.4882
31580 52 66 0.4882
31580 52 62 0.4882
31580 52 59 0.4882
31593 13 90 0.6299
31593 13 86 0.5669
31593 13 83 0.5669
31593 13 79 0.5669
31606 52 90 0.6299
31606 52 86 0.5669
31606 52 83 0.5669
31606 52 79 0.5669
31632 26 71 0.4882
31632 26 67 0.4882
31632 26 66 0.4882
31632 26 62 0.4882
31659 13 83 0.6772
31659 13 79 0.6772
31685 13 85 0.6772
31685 13 83 0.6772
31685 13 79 0.6772
31711 26 86 0.7559
31711 52 79 0.6772
31711 52 83 0.6772
31711 10 45 0.5433
31722 10 52 0.4724
31732 10 57 0.4724
31737 26 88 0.6772
31743 10 62 0.4724
31753 10 67 0.4724
31764 13 83 0.7165
31764 13 79 0.7165
31764 26 71 0.4724
31790 13 85 0.7008
31790 13 83 0.7008
31790 13 79 0.7008
31816 26 86 0.7559
31816 52 83 0.6772
31816 52 79 0.6772
31816 10 45 0.5433
31827 10 52 0.4724
31837 10 57 0.4724
31842 26 88 0.7008
31848 10 62 0.4724
31858 10 67 0.4724
31869 13 83 0.7165
31869 13 79 0.7165
31869 26 71 0.4724
31895 13 85 0.7165
31895 13 83 0.7165
31895 13 79 0.7165
31921 26 74 0.6614
31921 26 86 0.7402
31921 26 81 0.6614
31921 26 79 0.6614
31921 26 38 0.5906
31921 26 45 0.5906
31921 26 50 0.5906
31947 52 66 0.5039
31947 52 62 0.5039
31947 52 57 0.5039
31974 26 81 0.5748
31974 26 74 0.5748
31974 26 86 0.6378
31974 26 78 0.5748
32000 52 69 0.5039
32000 52 66 0.5039
32000 52 62 0.5039
32013 13 81 0.5748
32013 13 74 0.5748
32013 13 86 0.6378
32013 13 78 0.5748
32026 26 81 0.5748
32026 26 74 0.5748
32026 26 86 0.6378
32026 26 78 0.5748
32052 26 66 0.4882
32052 26 69 0.4882
32052 26 74 0.4882
32105 8 85 0.5591
32114 8 86 0.5591
32122 8 85 0.5591
32131 19 38 0.4331
32131 19 45 0.4331
32144 13 84 0.5669
32144 13 78 0.5669
32157 19 33 0.378
32157 19 45 0.378
32170 13 88 0.5669
32170 13 84 0.5669
32170 13 78 0.5669
32184 19 38 0.4331
32184 19 45 0.4331
32197 13 86 0.5669
32197 13 84 0.5669
32197 13 78 0.5669
32210 19 33 0.378
32210 19 45 0.378
32223 13 90 0.5669
32223 13 84 0.5669
32223 13 78 0.5669
32236 19 38 0.4094
32236 19 45 0.4094
32249 13 84 0.5669
32249 13 78 0.5669
32262 19 33 0.378
32262 19 45 0.378
32275 13 88 0.5669
32275 13 84 0.5669
32275 13 78 0.5669
32289 19 38 0.4331
32289 19 45 0.4331
32302 13 86 0.5669
32302 13 84 0.5669
32302 13 78 0.5669
32315 19 33 0.3622
32315 19 45 0.3622
32328 13 90 0.5669
32328 13 84 0.5669
32328 13 78 0.5669
32341 26 83 0.6614
32341 26 81 0.6614
32341 26 86 0.6614
32341 19 38 0.4016
32341 19 45 0.4016
32367 19 33 0.4094
32394 26 83 0.5669
32394 26 79 0.5669
32394 26 86 0.5669
32394 19 38 0.4016
32394 19 45 0.4016
32420 19 33 0.4094
32433 13 83 0.5669
32433 13 86 0.5669
32433 13 79 0.5669
32446 52 83 0.5669
32446 52 86 0.5669
32446 52 79 0.5669
32446 19 38 0.4016
32446 19 45 0.4016
32472 19 33 0.4016
32499 19 38 0.4016
32499 19 45 0.4016
32525 8 81 0.4961
32525 19 33 0.4094
32534 8 83 0.4961
32542 8 81 0.4961
32551 19 38 0.4331
32551 19 45 0.4331
32564 13 79 0.5039
32564 13 73 0.5039
32577 19 33 0.378
32577 19 45 0.378
32590 13 83 0.5039
32590 13 79 0.5039
32590 13 73 0.5039
32604 19 38 0.4331
32604 19 45 0.4331
32617 13 79 0.5039
32617 13 81 0.5039
32617 13 73 0.5039
32630 19 33 0.378
32630 19 45 0.378
32643 13 85 0.5039
32643 13 79 0.5039
32643 13 73 0.5039
32656 19 38 0.4173
32656 19 45 0.4173
32669 13 73 0.4961
32669 13 79 0.4961
32682 19 33 0.378
32682 19 45 0.378
32695 13 83 0.4961
32695 13 79 0.4961
32695 13 73 0.4961
32709 19 38 0.4173
32709 19 45 0.4173
32722 13 73 0.4961
32722 13 79 0.4961
32722 13 81 0.4961
32735 19 33 0.3622
32735 19 45 0.3622
32748 13 79 0.4961
32748 13 85 0.4961
32748 13 73 0.4961
32761 26 81 0.5512
32761 26 78 0.5512
32761 26 76 0.5512
32761 19 38 0.4016
32761 19 45 0.4016
32787 19 33 0.4094
32814 26 81 0.5039
32814 26 78 0.5039
32814 26 74 0.5039
32814 19 38 0.4016
32814 19 45 0.4016
32840 19 33 0.4094
32853 13 81 0.5039
32853 13 78 0.5039
32853 13 74 0.5039
32866 52 81 0.5039
32866 52 78 0.5039
32866 52 74 0.5039
32866 19 38 0.4016
32866 19 45 0.4016
32892 19 33 0.4016
32919 19 38 0.4016
32919 19 45 0.4016
32945 8 74 0.3937
32945 19 33 0.315
32954 8 76 0.3937
32962 8 74 0.3937
32971 19 38 0.3465
32971 19 45 0.3465
32984 13 72 0.4016
32984 13 66 0.4016
32997 19 33 0.2992
32997 19 45 0.2992
33011 13 76 0.4016
33011 13 72 0.4016
33011 13 66 0.4016
33024 19 38 0.3465
33024 19 45 0.3465
33037 13 72 0.4016
33037 13 74 0.4016
33037 13 66 0.4016
33050 19 33 0.2992
33050 19 45 0.2992
33063 13 78 0.4016
33063 13 72 0.4016
33063 13 66 0.4016
33076 19 38 0.3307
33076 19 45 0.3307
33089 13 66 0.3937
33089 13 72 0.3937
33102 19 33 0.2992
33102 19 45 0.2992
33116 13 76 0.3937
33116 13 72 0.3937
33116 13 66 0.3937
33129 19 38 0.3307
33129 19 45 0.3307
33142 13 66 0.3937
33142 13 72 0.3937
33142 13 74 0.3937
33155 19 33 0.2835
33168 13 72 0.3937
33168 13 78 0.3937
33168 13 66 0.3937
33181 26 74 0.4724
33181 26 71 0.4724
33181 26 69 0.4724
33181 19 38 0.3071
33181 19 45 0.3071
33207 19 33 0.315
33234 26 74 0.4016
33234 26 71 0.4016
33234 26 67 0.4016
33234 19 38 0.3071
33234 19 45 0.3071
33260 19 33 0.315
33273 13 74 0.4016
33273 13 71 0.4016
33273 13 67 0.4016
33286 52 74 0.4016
33286 52 71 0.4016
33286 52 67 0.4016
33286 19 38 0.3071
33286 19 45 0.3071
33312 19 33 0.3071
33339 19 38 0.3071
33339 19 45 0.3071
33365 8 69 0.3701
33365 19 33 0.3071
33374 8 71 0.3701
33382 8 69 0.3701
33391 19 38 0.3465
33391 19 45 0.3465
33404 13 67 0.3701
33404 13 61 0.3701
33417 19 33 0.2992
33431 13 71 0.3701
33431 13 67 0.3701
33431 13 61 0.3701
33444 19 38 0.3465
33444 19 45 0.3465
33457 13 67 0.3701
33457 13 69 0.3701
33457 13 61 0.3701
33470 19 33 0.2992
33483 13 73 0.3701
33483 13 67 0.3701
33483 13 61 0.3701
33496 19 38 0.3307
33496 19 45 0.3307
33509 13 61 0.3701
33509 13 67 0.3701
33522 19 33 0.2992
33536 13 71 0.3701
33536 13 67 0.3701
33536 13 61 0.3701
33549 19 38 0.3307
33549 19 45 0.3307
33562 13 61 0.3701
33562 13 67 0.3701
33562 13 69 0.3701
33575 19 33 0.2835
33588 13 67 0.3701
33588 13 73 0.3701
33588 13 61 0.3701
33601 26 69 0.4331
33601 26 66 0.4331
33601 26 64 0.4331
33601 19 38 0.3071
33601 19 45 0.3071
33627 19 33 0.315
33654 26 69 0.3701
33654 26 66 0.3701
33654 26 62 0.3701
33654 19 38 0.3071
33654 19 45 0.3071
33680 19 33 0.315
33693 13 69 0.3701
33693 13 66 0.3701
33693 13 62 0.3701
33706 52 69 0.3701
33706 52 66 0.3701
33706 52 62 0.3701
33706 19 38 0.3071
33706 19 45 0.3071
33732 19 33 0.3071
33759 19 38 0.3071
33759 19 45 0.3071
33785 19 33 0.3071
33811 26 62 0.3543
33811 26 59 0.3543
33811 26 57 0.3543
33811 19 38 0.2756
33811 19 45 0.2756
33837 19 33 0.2835
33864 26 62 0.3307
33864 26 59 0.3307
33864 26 55 0.3307
33864 19 38 0.2756
33864 19 45 0.2756
33890 19 33 0.2835
33903 13 62 0.3307
33903 13 59 0.3307
33903 13 55 0.3307
33916 52 62 0.3307
33916 52 59 0.3307
33916 52 55 0.3307
33916 19 38 0.2756
33916 19 45 0.2756
33942 19 33 0.2756
33969 19 38 0.2756
33969 19 45 0.2756
33995 19 33 0.2756
34021 26 38 0.2756
34021 26 45 0.2756
34074 26 52 0.2756
34074 26 57 0.2756
34074 26 54 0.2756
34074 26 33 0.2835
34126 26 38 0.2756
34126 26 45 0.2756
34179 26 50 0.2756
34179 26 57 0.2756
34179 26 54 0.2756
34179 26 33 0.2756
34231 26 38 0.2756
34231 26 45 0.2756
34284 26 45 0.2756
34284 26 47 0.2756
34284 26 50 0.2756
34284 26 33 0.2677
34336 26 38 0.2756
34336 26 45 0.2756
34389 26 43 0.2756
34389 26 47 0.2756
34389 26 50 0.2756
34389 26 33 0.2756
34441 26 38 0.2756
34441 26 45 0.2756
34494 26 50 0.2756
34494 26 43 0.2756
34546 26 57 0.2756
34546 26 50 0.2756
34599 26 62 0.2756
34599 26 55 0.2756
34651 26 62 0.2756
34651 26 69 0.2756
34704 26 74 0.2913
34704 26 67 0.2913
34756 26 81 0.2992
34756 26 74 0.2992
34809 26 86 0.3071
34809 26 79 0.3071
34861 26 93 0.3307
34861 26 86 0.3307
34914 26 86 0.3071
34914 26 79 0.3071
34966 26 81 0.3071
34966 26 74 0.3071
35019 26 67 0.2913
35019 26 74 0.2913
35071 26 62 0.2756
35071 26 69 0.2756
35124 26 55 0.2756
35124 26 62 0.2756
35176 26 50 0.2441
35176 26 57 0.2441
35229 26 43 0.2677
35229 26 50 0.2677
35281 26 38 0.2441
35281 26 45 0.2441
35386 26 31 0.2362
35386 26 38 0.2362
35491 39 86 0.9921
35491 39 81 0.7402
35491 39 78 0.7323
35491 39 74 0.7323
35491 39 26 0.6063
35491 39 33 0.6063
35491 39 38 0.7165
