78 6 57 0.6535
84 6 62 0.5197
91 6 66 0.5197
98 6 69 0.5197
104 26 66 0.6772
130 26 62 0.6063
156 6 74 0.4409
183 6 69 0.4094
209 6 71 0.4331
215 6 73 0.3858
222 13 71 0.4724
235 26 69 0.4409
287 6 57 0.6535
294 6 62 0.5197
300 6 66 0.5197
307 6 69 0.5197
313 26 66 0.6772
339 26 62 0.6063
366 6 78 0.4409
366 6 81 0.5039
392 6 74 0.4094
392 6 78 0.4724
418 26 76 0.3622
418 6 79 0.4331
424 6 81 0.3858
431 13 79 0.4724
444 26 74 0.3701
444 26 78 0.4409
496 6 74 0.4724
503 6 78 0.4016
509 6 81 0.4094
516 6 86 0.4094
522 78 72 0.5276
601 6 84 0.4724
607 6 81 0.4016
614 6 78 0.4094
620 6 72 0.4094
627 78 71 0.5276
705 6 71 0.4724
712 6 74 0.4016
718 6 79 0.4094
725 6 83 0.4094
732 6 78 0.4252
732 6 81 0.5039
758 6 74 0.3465
758 6 78 0.4173
784 6 79 0.4646
784 6 76 0.3858
810 6 73 0.3465
810 6 76 0.3465
836 52 76 0.3937
836 52 73 0.3307
888 26 78 0.315
888 26 74 0.2598
915 6 74 0.4724
921 6 78 0.4016
928 6 81 0.4094
934 6 86 0.4094
941 78 72 0.5276
1019 6 84 0.4724
1026 6 81 0.4016
1032 6 78 0.4094
1039 6 72 0.4094
1045 78 71 0.5276
1124 8 83 0.4724
1132 8 85 0.4409
1141 8 86 0.4409
1150 8 85 0.4724
1159 8 83 0.4331
1167 8 81 0.4016
1176 8 79 0.4646
1185 8 78 0.4016
1193 8 76 0.4016
1202 8 74 0.4331
1211 8 73 0.3858
1220 8 71 0.3858
1228 6 69 0.4094
1235 6 67 0.3858
1241 6 66 0.3858
1248 6 64 0.378
1254 52 62 0.4724
1333 26 57 0.4173
1359 13 62 0.4724
1372 9 61 0.4094
1385 13 64 0.4724
1398 9 62 0.4252
1411 13 66 0.4724
1424 9 64 0.4252
1437 13 67 0.4724
1450 9 66 0.3858
1464 52 66 0.4488
1464 52 62 0.378
1516 19 64 0.3937
1516 19 61 0.3307
1542 26 57 0.4173
1568 13 64 0.4724
1581 9 63 0.4094
1594 13 66 0.4724
1607 9 64 0.4252
1620 13 67 0.4724
1633 9 66 0.4252
1647 13 69 0.4724
1660 9 67 0.3858
1673 52 67 0.4488
1673 52 64 0.378
1725 19 66 0.3937
1725 19 62 0.3307
1751 26 62 0.4567
1777 13 67 0.5197
1790 9 66 0.4488
1803 13 69 0.5197
1816 9 67 0.4646
1830 13 71 0.5197
1843 9 69 0.4646
1856 13 74 0.5197
1869 9 73 0.4173
1882 13 71 0.4882
1908 13 71 0.4882
1921 13 74 0.4488
1934 13 69 0.4882
1986 3 67 0.4331
1990 3 66 0.378
1993 6 67 0.4882
2013 13 67 0.4882
2026 13 71 0.4488
2039 13 66 0.4882
2091 3 71 0.4724
2094 3 69 0.4094
2098 6 71 0.5354
2117 13 71 0.5354
2130 13 74 0.4882
2143 13 69 0.5354
2196 3 67 0.4331
2199 3 66 0.378
2202 6 67 0.4882
2222 13 67 0.4882
2235 13 71 0.4488
2248 13 66 0.4882
2300 13 63 0.4331
2313 13 64 0.4331
2326 13 66 0.4567
2339 13 67 0.4567
2352 13 69 0.4882
2366 13 71 0.4331
2379 13 67 0.4803
2392 13 64 0.4016
2405 104 62 0.4488
2509 26 61 0.3937
2588 6 64 0.6535
2594 6 69 0.5197
2601 6 73 0.5197
2607 6 76 0.5197
2614 26 73 0.6772
2640 6 69 0.6535
2647 6 73 0.5197
2653 6 76 0.5197
2660 6 81 0.5197
2666 26 76 0.6772
2692 6 76 0.748
2699 6 81 0.5906
2705 6 85 0.5906
2712 6 88 0.5906
2718 26 85 0.8031
2797 6 69 0.4803
2803 6 64 0.3937
2810 6 61 0.3937
2816 6 57 0.3937
2823 104 55 0.4882
2928 13 54 0.4803
2941 13 59 0.4331
2954 13 58 0.3858
2967 13 59 0.4252
2980 13 61 0.4646
2993 13 59 0.4331
3006 13 58 0.3701
3019 13 59 0.4409
3032 104 57 0.4882
3137 13 56 0.4803
3150 13 64 0.4331
3163 13 63 0.3858
3176 13 64 0.4252
3189 13 66 0.4646
3202 13 64 0.4331
3215 13 63 0.3701
3228 13 64 0.4409
3241 26 63 0.4882
3267 13 69 0.4488
3320 26 63 0.4882
3346 13 64 0.4882
3372 13 64 0.4882
3385 13 71 0.4488
3398 19 64 0.4882
3424 26 64 0.4488
3450 26 63 0.4882
3477 13 69 0.4488
3529 26 63 0.4882
3555 13 64 0.4882
3581 13 64 0.4882
3594 13 71 0.4488
3607 19 64 0.4882
3633 3 62 0.3701
3637 3 64 0.3465
3640 19 62 0.4488
3660 12 61 0.4882
3686 13 76 0.5039
3738 26 69 0.4882
3764 13 68 0.4882
3790 13 68 0.4882
3803 13 76 0.4488
3816 19 68 0.4882
3843 26 68 0.4488
3869 13 69 0.4882
3895 13 69 0.4882
3908 13 76 0.4488
3921 19 69 0.4882
3947 26 69 0.4488
3973 13 71 0.4882
4000 13 71 0.4882
4013 13 76 0.4488
4026 19 71 0.4882
4052 26 74 0.4488
4078 13 73 0.5039
4091 13 74 0.4488
4104 13 76 0.4488
4117 13 73 0.4488
4130 13 71 0.4882
4143 13 69 0.4488
4156 13 68 0.4488
4169 13 66 0.4488
4183 13 64 0.5039
4196 13 63 0.4173
4209 13 64 0.4488
4222 13 66 0.4173
4235 13 64 0.4488
4248 13 62 0.4016
4261 13 61 0.4016
4274 13 59 0.4016
4287 13 61 0.4409
4300 13 62 0.3701
4313 13 64 0.3701
4326 13 61 0.3701
4339 13 59 0.4331
4352 13 57 0.4016
4366 13 56 0.4016
4379 13 54 0.4016
4496 13 73 0.5039
4509 13 74 0.4488
4522 13 76 0.4488
4535 13 73 0.4488
4549 13 71 0.4882
4562 13 69 0.4488
4575 13 68 0.4488
4588 13 69 0.4488
4601 13 78 0.5039
4614 13 80 0.5039
4627 13 81 0.5354
4640 13 78 0.5039
4653 13 76 0.4882
4666 13 74 0.4803
4679 13 73 0.4567
4692 13 71 0.4567
4705 13 70 0.5039
4718 13 71 0.4488
4732 13 73 0.4488
4745 13 71 0.4488
4758 13 74 0.4882
4771 13 73 0.4488
4784 13 76 0.4803
4797 13 74 0.4488
4810 26 78 0.4961
4862 13 76 0.4882
4875 13 74 0.4488
4888 13 73 0.4882
4901 13 71 0.4488
4915 52 69 0.4882
4967 6 71 0.4882
4973 6 73 0.4252
4980 6 71 0.4882
4986 6 73 0.4331
4993 8 71 0.4882
5002 8 73 0.4331
5010 8 71 0.4882
5019 13 73 0.5039
5032 13 74 0.4488
5045 13 76 0.4488
5058 13 73 0.4488
5071 13 71 0.4882
5084 13 69 0.4488
5098 13 68 0.4488
5111 13 69 0.4488
5124 13 78 0.5039
5137 13 80 0.5039
5150 13 81 0.5354
5163 13 78 0.5039
5176 13 76 0.4882
5189 13 74 0.4803
5202 13 73 0.4567
5215 13 71 0.4567
5228 13 70 0.5039
5241 13 71 0.4488
5254 13 73 0.4488
5267 13 71 0.4488
5281 13 74 0.4882
5294 13 73 0.4488
5307 13 76 0.4803
5320 13 74 0.4488
5333 26 78 0.4961
5385 13 74 0.3386
5398 13 73 0.3071
5411 13 76 0.3307
5424 13 74 0.3071
5437 26 78 0.3465
5490 13 74 0.3622
5503 13 73 0.3071
5516 13 76 0.3701
5529 13 74 0.3071
5542 65 78 0.3465
5614 6 65 0.5039
5620 19 77 0.5512
5640 6 66 0.5118
5647 19 78 0.5669
5666 6 70 0.5354
5673 19 82 0.5827
5692 6 71 0.5433
5699 19 83 0.5906
5718 6 73 0.5591
5725 19 85 0.6063
5745 6 74 0.5591
5751 39 86 0.6142
5790 13 83 0.5354
5803 13 86 0.5827
5816 13 83 0.5354
5830 13 86 0.5748
5843 13 83 0.5512
5856 39 76 0.622
5895 6 81 0.5669
5901 6 85 0.5906
5908 39 88 0.622
5947 6 81 0.5512
5954 4 83 0.4409
5960 6 83 0.5433
5967 6 85 0.3858
5973 6 83 0.4803
5980 6 85 0.4331
5986 6 83 0.5039
5993 6 85 0.4567
6000 6 83 0.5276
6006 6 85 0.4882
6013 6 83 0.5512
6019 6 85 0.4803
6026 6 83 0.4961
6032 6 85 0.4331
6039 6 83 0.5197
6045 6 85 0.4488
6052 6 83 0.5433
6058 6 85 0.4646
6065 52 81 0.5433
6143 26 76 0.5433
6169 6 78 0.5039
6176 6 80 0.4646
6183 13 78 0.5354
6196 26 76 0.4882
6222 6 78 0.4882
6228 6 80 0.4882
6235 13 78 0.5433
6248 16 76 0.4961
6264 62 76 0.5039
6267 58 80 0.5433
6271 55 83 0.5748
6274 52 86 0.6063
6352 26 85 0.5433
6379 13 83 0.5039
6392 3 85 0.3937
6395 3 83 0.4331
6398 3 82 0.4567
6401 3 83 0.4724
6405 26 86 0.4882
6431 13 76 0.4882
6444 3 78 0.4252
6447 3 76 0.4331
6450 3 75 0.4646
6454 3 76 0.4646
6457 26 80 0.4961
6457 26 74 0.4724
6483 52 73 0.4567
6483 52 81 0.5433
6562 26 76 0.5433
6588 6 78 0.5039
6594 6 80 0.4646
6601 13 78 0.5354
6614 26 76 0.4882
6640 6 78 0.4882
6647 6 80 0.4882
6653 13 78 0.5433
6666 16 76 0.4961
6683 62 76 0.5039
6686 58 80 0.5433
6689 55 83 0.5748
6692 52 86 0.6063
6771 26 85 0.5433
6797 13 83 0.5039
6810 3 85 0.3937
6813 3 83 0.4331
6816 3 82 0.4567
6820 3 83 0.4724
6823 26 86 0.4882
6849 13 76 0.4882
6862 3 78 0.4252
6866 3 76 0.4331
6869 3 75 0.4646
6872 3 76 0.4646
6875 26 80 0.4961
6875 26 74 0.4724
6901 52 73 0.4567
6901 52 81 0.5433
6967 13 64 0.4488
6980 13 68 0.4488
6993 13 76 0.3937
7019 13 64 0.4173
7032 13 69 0.4488
7045 13 76 0.3858
7071 13 59 0.3071
7084 13 62 0.4016
7098 13 68 0.3307
7111 52 61 0.4173
7111 52 69 0.4173
7189 6 57 0.6535
7196 6 62 0.5197
7202 6 66 0.5197
7209 6 69 0.5197
7215 26 66 0.6772
7241 26 62 0.6063
7267 6 74 0.4409
7294 6 69 0.4094
7320 6 71 0.4331
7326 6 73 0.3858
7333 13 71 0.4724
7346 26 69 0.4409
7398 6 57 0.6535
7405 6 62 0.5197
7411 6 66 0.5197
7418 6 69 0.5197
7424 26 66 0.6772
7450 26 62 0.6063
7477 6 78 0.4409
7477 6 81 0.5039
7503 6 74 0.4094
7503 6 78 0.4724
7529 26 76 0.3622
7529 6 79 0.4331
7535 6 81 0.3858
7542 13 79 0.4724
7555 26 74 0.3701
7555 26 78 0.4409
7607 6 74 0.4724
7614 6 78 0.4016
7620 6 81 0.4094
7627 6 86 0.4094
7633 78 72 0.5276
7712 6 84 0.4724
7718 6 81 0.4016
7725 6 78 0.4094
7732 6 72 0.4094
7738 78 71 0.5276
7816 6 71 0.4724
7823 6 74 0.4016
7830 6 79 0.4094
7836 6 83 0.4094
7843 6 78 0.4252
7843 6 81 0.5039
7869 6 74 0.3465
7869 6 78 0.4173
7895 6 79 0.4646
7895 6 76 0.3858
7921 6 73 0.3465
7921 6 76 0.3465
7947 52 76 0.3937
7947 52 73 0.3307
8000 26 78 0.315
8000 26 74 0.2598
8026 6 74 0.4724
8032 6 78 0.4016
8039 6 81 0.4094
8045 6 86 0.4094
8052 78 72 0.5276
8130 6 84 0.4724
8137 6 81 0.4016
8143 6 78 0.4094
8150 6 72 0.4094
8156 78 71 0.5276
8235 8 83 0.4724
8244 8 85 0.4409
8252 8 86 0.4409
8261 8 85 0.4724
8270 8 83 0.4331
8278 8 81 0.4016
8287 8 79 0.4646
8296 8 78 0.4016
8305 8 76 0.4016
8313 8 74 0.4331
8322 8 73 0.3858
8331 8 71 0.3858
8339 6 69 0.4094
8346 6 67 0.3858
8352 6 66 0.3858
8359 6 64 0.378
8366 52 62 0.4724
8444 26 57 0.4173
8470 13 62 0.4724
8483 9 61 0.4094
8496 13 64 0.4724
8509 9 62 0.4252
8522 13 66 0.4724
8535 9 64 0.4252
8549 13 67 0.4724
8562 9 66 0.3858
8575 52 66 0.4488
8575 52 62 0.378
8627 19 64 0.3937
8627 19 61 0.3307
8653 26 57 0.4173
8679 13 64 0.4724
8692 9 63 0.4094
8705 13 66 0.4724
8718 9 64 0.4252
8732 13 67 0.4724
8745 9 66 0.4252
8758 13 69 0.4724
8771 9 67 0.3858
8784 52 67 0.4488
8784 52 64 0.378
8836 19 66 0.3937
8836 19 62 0.3307
8862 26 62 0.4567
8888 13 67 0.5197
8901 9 66 0.4488
8915 13 69 0.5197
8928 9 67 0.4646
8941 13 71 0.5197
8954 9 69 0.4646
8967 13 74 0.5197
8980 9 73 0.4173
8993 13 71 0.4882
9019 13 71 0.4882
9032 13 74 0.4488
9045 13 69 0.4882
9098 3 67 0.4331
9101 3 66 0.378
9104 6 67 0.4882
9124 13 67 0.4882
9137 13 71 0.4488
9150 13 66 0.4882
9202 3 71 0.4724
9205 3 69 0.4094
9209 6 71 0.5354
9228 13 71 0.5354
9241 13 74 0.4882
9254 13 69 0.5354
9307 3 67 0.4331
9310 3 66 0.378
9313 6 67 0.4882
9333 13 67 0.4882
9346 13 71 0.4488
9359 13 66 0.4882
9411 13 63 0.4331
9424 13 64 0.4331
9437 13 66 0.4567
9450 13 67 0.4567
9464 13 69 0.4882
9477 13 71 0.4331
9490 13 67 0.4803
9503 13 64 0.4016
9516 104 62 0.4488
9620 26 61 0.3937
9699 6 64 0.6535
9705 6 69 0.5197
9712 6 73 0.5197
9718 6 76 0.5197
9725 26 73 0.6772
9751 6 69 0.6535
9758 6 73 0.5197
9764 6 76 0.5197
9771 6 81 0.5197
9777 26 76 0.6772
9803 6 76 0.748
9810 6 81 0.5906
9816 6 85 0.5906
9823 6 88 0.5906
9830 26 85 0.8031
9908 6 69 0.4803
9915 6 64 0.3937
9921 6 61 0.3937
9928 6 57 0.3937
9934 104 55 0.4882
10039 13 54 0.4803
10052 13 59 0.4331
10065 13 58 0.3858
10078 13 59 0.4252
10091 13 61 0.4646
10104 13 59 0.4331
10117 13 58 0.3701
10130 13 59 0.4409
10143 104 57 0.4882
10248 13 56 0.4803
10261 13 64 0.4331
10274 13 63 0.3858
10287 13 64 0.4252
10300 13 66 0.4646
10313 13 64 0.4331
10326 13 63 0.3701
10339 13 64 0.4409
10352 26 63 0.4882
10379 13 69 0.4488
10431 26 63 0.4882
10457 13 64 0.4882
10483 13 64 0.4882
10496 13 71 0.4488
10509 19 64 0.4882
10535 26 64 0.4488
10562 26 63 0.4882
10588 13 69 0.4488
10640 26 63 0.4882
10666 13 64 0.4882
10692 13 64 0.4882
10705 13 71 0.4488
10718 19 64 0.4882
10745 3 62 0.3701
10748 3 64 0.3465
10751 19 62 0.4488
10771 12 61 0.4882
10797 13 76 0.5039
10849 26 69 0.4882
10875 13 68 0.4882
10901 13 68 0.4882
10915 13 76 0.4488
10928 19 68 0.4882
10954 26 68 0.4488
10980 13 69 0.4882
11006 13 69 0.4882
11019 13 76 0.4488
11032 19 69 0.4882
11058 26 69 0.4488
11084 13 71 0.4882
11111 13 71 0.4882
11124 13 76 0.4488
11137 19 71 0.4882
11163 26 74 0.4488
11189 13 73 0.5039
11202 13 74 0.4488
11215 13 76 0.4488
11228 13 73 0.4488
11241 13 71 0.4882
11254 13 69 0.4488
11267 13 68 0.4488
11281 13 66 0.4488
11294 13 64 0.5039
11307 13 63 0.4173
11320 13 64 0.4488
11333 13 66 0.4173
11346 13 64 0.4488
11359 13 62 0.4016
11372 13 61 0.4016
11385 13 59 0.4016
11398 13 61 0.4409
11411 13 62 0.3701
11424 13 64 0.3701
11437 13 61 0.3701
11450 13 59 0.4331
11464 13 57 0.4016
11477 13 56 0.4016
11490 13 54 0.4016
11607 13 73 0.5039
11620 13 74 0.4488
11633 13 76 0.4488
11647 13 73 0.4488
11660 13 71 0.4882
11673 13 69 0.4488
11686 13 68 0.4488
11699 13 69 0.4488
11712 13 78 0.5039
11725 13 80 0.5039
11738 13 81 0.5354
11751 13 78 0.5039
11764 13 76 0.4882
11777 13 74 0.4803
11790 13 73 0.4567
11803 13 71 0.4567
11816 13 70 0.5039
11830 13 71 0.4488
11843 13 73 0.4488
11856 13 71 0.4488
11869 13 74 0.4882
11882 13 73 0.4488
11895 13 76 0.4803
11908 13 74 0.4488
11921 26 78 0.4961
11973 13 76 0.4882
11986 13 74 0.4488
12000 13 73 0.4882
12013 13 71 0.4488
12026 52 69 0.4882
12078 6 71 0.4882
12084 6 73 0.4252
12091 6 71 0.4882
12098 6 73 0.4331
12104 8 71 0.4882
12113 8 73 0.4331
12122 8 71 0.4882
12130 13 73 0.5039
12143 13 74 0.4488
12156 13 76 0.4488
12169 13 73 0.4488
12183 13 71 0.4882
12196 13 69 0.4488
12209 13 68 0.4488
12222 13 69 0.4488
12235 13 78 0.5039
12248 13 80 0.5039
12261 13 81 0.5354
12274 13 78 0.5039
12287 13 76 0.4882
12300 13 74 0.4803
12313 13 73 0.4567
12326 13 71 0.4567
12339 13 70 0.5039
12352 13 71 0.4488
12366 13 73 0.4488
12379 13 71 0.4488
12392 13 74 0.4882
12405 13 73 0.4488
12418 13 76 0.4803
12431 13 74 0.4488
12444 26 78 0.4961
12496 13 74 0.3386
12509 13 73 0.3071
12522 13 76 0.3307
12535 13 74 0.3071
12549 26 78 0.3465
12601 13 74 0.3622
12614 13 73 0.3071
12627 13 76 0.3701
12640 13 74 0.3071
12653 65 78 0.3465
12725 6 65 0.5039
12732 19 77 0.5512
12751 6 66 0.5118
12758 19 78 0.5669
12777 6 70 0.5354
12784 19 82 0.5827
12803 6 71 0.5433
12810 19 83 0.5906
12830 6 73 0.5591
12836 19 85 0.6063
12856 6 74 0.5591
12862 39 86 0.6142
12901 13 83 0.5354
12915 13 86 0.5827
12928 13 83 0.5354
12941 13 86 0.5748
12954 13 83 0.5512
12967 39 76 0.622
13006 6 81 0.5669
13013 6 85 0.5906
13019 39 88 0.622
13058 6 81 0.5512
13065 4 83 0.4409
13071 6 83 0.5433
13078 6 85 0.3858
13084 6 83 0.4803
13091 6 85 0.4331
13098 6 83 0.5039
13104 6 85 0.4567
13111 6 83 0.5276
13117 6 85 0.4882
13124 6 83 0.5512
13130 6 85 0.4803
13137 6 83 0.4961
13143 6 85 0.4331
13150 6 83 0.5197
13156 6 85 0.4488
13163 6 83 0.5433
13169 6 85 0.4646
13176 52 81 0.5433
13254 26 76 0.5433
13281 6 78 0.5039
13287 6 80 0.4646
13294 13 78 0.5354
13307 26 76 0.4882
13333 6 78 0.4882
13339 6 80 0.4882
13346 13 78 0.5433
13359 16 76 0.4961
13375 62 76 0.5039
13379 58 80 0.5433
13382 55 83 0.5748
13385 52 86 0.6063
13464 26 85 0.5433
13490 13 83 0.5039
13503 3 85 0.3937
13506 3 83 0.4331
13509 3 82 0.4567
13513 3 83 0.4724
13516 26 86 0.4882
13542 13 76 0.4882
13555 3 78 0.4252
13558 3 76 0.4331
13562 3 75 0.4646
13565 3 76 0.4646
13568 26 80 0.4961
13568 26 74 0.4724
13594 52 73 0.4567
13594 52 81 0.5433
13673 26 76 0.5433
13699 6 78 0.5039
13705 6 80 0.4646
13712 13 78 0.5354
13725 26 76 0.4882
13751 6 78 0.4882
13758 6 80 0.4882
13764 13 78 0.5433
13777 16 76 0.4961
13794 62 76 0.5039
13797 58 80 0.5433
13800 55 83 0.5748
13803 52 86 0.6063
13882 26 85 0.5433
13908 13 83 0.5039
13921 3 85 0.3937
13924 3 83 0.4331
13928 3 82 0.4567
13931 3 83 0.4724
13934 26 86 0.4882
13960 13 76 0.4882
13973 3 78 0.4252
13977 3 76 0.4331
13980 3 75 0.4646
13983 3 76 0.4646
13986 26 80 0.4961
13986 26 74 0.4724
14013 52 73 0.4567
14013 52 81 0.5433
14078 13 64 0.4488
14091 13 68 0.4488
14104 13 76 0.3937
14130 13 64 0.4173
14143 13 69 0.4488
14156 13 76 0.3858
14183 13 59 0.3071
14196 13 62 0.4016
14209 13 68 0.3307
14222 52 61 0.4173
14222 52 69 0.4173
14483 13 54 0.4016
14496 3 55 0.315
14500 3 54 0.3465
14503 3 53 0.3307
14506 3 54 0.3307
14509 26 58 0.3858
14535 6 59 0.3465
14542 6 58 0.315
14549 13 59 0.4016
14562 26 62 0.3465
14588 6 61 0.3622
14594 6 59 0.3307
14601 13 61 0.4016
14614 26 64 0.378
14640 13 62 0.4016
14653 3 64 0.3307
14656 3 62 0.2992
14660 3 61 0.3386
14663 3 62 0.3071
14666 26 66 0.3858
14718 6 62 0.5512
14725 6 66 0.4409
14732 6 71 0.4409
14738 6 74 0.4409
14745 26 71 0.5748
14771 26 66 0.5118
14797 6 78 0.4409
14823 6 71 0.4094
14849 6 73 0.4331
14856 6 74 0.3858
14862 13 73 0.4724
14875 26 71 0.4409
14928 6 62 0.5512
14934 6 66 0.4409
14941 6 71 0.4409
14947 6 74 0.4409
14954 26 71 0.5748
14980 26 66 0.5118
15006 6 83 0.5039
15032 6 78 0.4724
15058 6 79 0.4331
15065 6 81 0.3858
15071 13 79 0.4724
15084 26 78 0.4409
15137 6 71 0.5512
15143 6 74 0.4409
15150 6 78 0.4409
15156 6 83 0.4409
15163 26 78 0.5748
15189 26 74 0.5118
15215 6 79 0.5039
15241 6 78 0.4724
15267 6 76 0.4331
15274 6 78 0.3858
15281 13 76 0.4724
15294 26 74 0.4409
15385 13 60 0.2677
15398 13 59 0.3228
15411 13 60 0.2677
15424 13 62 0.315
15437 13 60 0.2677
15450 13 64 0.3228
15464 13 60 0.2913
15490 13 67 0.3071
15503 13 66 0.3701
15516 13 67 0.3071
15529 13 69 0.3622
15542 13 67 0.3071
15555 13 71 0.3701
15568 13 67 0.3307
15581 104 66 0.3071
15686 13 59 0.4094
15699 13 64 0.3465
15712 13 63 0.4173
15725 13 64 0.3465
15738 13 66 0.4094
15751 13 64 0.3465
15764 13 67 0.4173
15777 13 64 0.378
15790 104 76 0.5197
15790 104 67 0.4409
15908 13 76 0.4488
15921 13 75 0.5669
15934 13 76 0.4646
15947 13 78 0.5669
15960 13 76 0.4724
15973 13 79 0.5984
15986 13 76 0.5354
16000 13 74 0.6142
16013 13 83 0.5669
16026 13 82 0.6299
16039 13 83 0.5984
16052 13 85 0.6614
16065 13 83 0.6142
16078 13 86 0.7402
16091 13 83 0.6772
16104 13 82 0.6929
16117 13 85 0.5669
16130 13 78 0.6142
16143 13 82 0.5039
16156 13 73 0.5669
16169 13 78 0.4331
16183 13 70 0.4882
16196 13 73 0.3937
16209 52 66 0.4882
16287 26 66 0.4173
16313 13 71 0.4724
16326 9 70 0.4094
16339 13 73 0.4724
16352 9 71 0.4252
16366 13 74 0.4724
16379 9 73 0.4252
16392 13 76 0.4724
16405 9 74 0.3858
16418 52 74 0.4488
16418 52 71 0.378
16470 19 73 0.3937
16470 19 70 0.3307
16496 26 66 0.4173
16522 13 73 0.4724
16535 9 71 0.4094
16549 13 74 0.4724
16562 9 73 0.4252
16575 13 76 0.4724
16588 9 74 0.4252
16601 13 78 0.4724
16614 9 76 0.3858
16627 52 76 0.4488
16627 52 73 0.378
16679 19 74 0.3937
16679 19 71 0.3307
16705 26 71 0.4173
16732 13 76 0.4724
16745 9 75 0.4094
16758 13 78 0.4724
16771 9 76 0.4252
16784 13 79 0.4724
16797 9 78 0.4252
16810 13 81 0.5039
16823 9 79 0.4567
16836 13 83 0.5354
16849 13 81 0.5118
16862 13 79 0.5039
16875 13 78 0.4961
16888 13 76 0.4803
16901 13 74 0.4646
16915 13 73 0.4567
16928 13 71 0.4331
16941 13 73 0.4724
16954 9 71 0.4094
16967 13 74 0.4724
16980 9 73 0.4252
16993 13 76 0.4724
17006 9 74 0.4252
17019 13 78 0.5039
17032 9 76 0.4567
17045 13 79 0.5354
17058 13 78 0.5118
17071 13 76 0.5039
17084 13 74 0.4961
17098 13 73 0.4803
17111 13 71 0.4646
17124 13 69 0.4567
17137 13 67 0.4331
17150 13 66 0.4724
17163 9 64 0.4094
17176 13 67 0.4724
17189 9 66 0.4252
17202 13 69 0.4724
17215 9 67 0.4252
17228 13 71 0.5039
17241 9 69 0.4567
17254 13 72 0.5354
17267 13 71 0.5118
17281 13 69 0.5039
17294 13 67 0.4961
17307 13 66 0.4803
17320 13 64 0.4646
17333 13 62 0.4567
17346 13 60 0.4331
17359 13 59 0.5354
17372 13 71 0.4882
17385 13 70 0.5354
17398 13 71 0.4882
17411 13 69 0.5354
17424 13 67 0.5118
17437 13 66 0.5118
17450 13 64 0.5118
17464 13 63 0.5354
17477 13 64 0.4803
17490 13 66 0.4803
17503 13 64 0.4803
17516 13 67 0.5354
17529 13 66 0.5197
17542 13 64 0.4961
17555 11 62 0.4882
17568 104 62 0.5354
17673 13 61 0.5039
17686 13 57 0.4331
17699 13 64 0.5039
17712 13 61 0.4646
17725 13 67 0.5197
17738 13 64 0.4646
17751 13 73 0.5197
17764 13 67 0.4646
17777 13 76 0.5433
17790 13 73 0.4882
17803 13 79 0.5512
17816 13 76 0.5039
17830 26 83 0.5827
17947 13 82 0.3701
17960 13 83 0.3937
17973 13 82 0.3701
17986 13 83 0.4016
18052 13 82 0.3701
18065 13 83 0.3937
18078 13 82 0.3701
18091 13 83 0.4016
18156 13 82 0.4646
18169 13 83 0.4961
18183 13 82 0.4646
18196 13 83 0.5197
18209 13 85 0.5512
18222 13 86 0.5591
18235 13 85 0.5433
18248 13 83 0.5512
18261 13 81 0.5354
18274 13 79 0.5197
18287 13 78 0.5197
18300 13 79 0.5433
18313 13 81 0.5669
18326 13 83 0.5906
18339 13 81 0.5591
18352 13 79 0.5512
18366 13 78 0.5354
18379 13 76 0.5197
18392 13 75 0.5118
18405 13 76 0.5433
18418 13 78 0.5669
18431 13 79 0.5906
18444 13 78 0.5591
18457 13 76 0.5512
18470 13 74 0.5354
18483 13 73 0.5197
18496 13 71 0.4567
18509 13 69 0.5039
18522 13 71 0.4016
18535 13 68 0.4488
18549 13 71 0.378
18562 13 69 0.4488
18575 13 71 0.3858
18588 13 68 0.4409
18601 13 71 0.3858
18614 13 69 0.5197
18627 13 71 0.4409
18640 13 68 0.4882
18653 13 71 0.4252
18666 13 69 0.4961
18679 13 71 0.4409
18692 13 66 0.4961
18705 13 69 0.4409
18718 13 67 0.5039
18732 13 69 0.3937
18745 13 66 0.4488
18758 13 69 0.3937
18771 13 67 0.4409
18784 13 69 0.3937
18797 13 66 0.4488
18810 13 69 0.3858
18823 13 67 0.5197
18836 13 69 0.4409
18849 13 66 0.4882
18862 13 69 0.3858
18875 13 67 0.4567
18888 13 69 0.378
18901 13 66 0.4488
18915 13 69 0.3937
18928 39 67 0.4646
18967 13 66 0.3701
18980 39 67 0.3858
19019 13 66 0.3228
19032 39 67 0.3622
19071 14 66 0.2835
19084 14 67 0.315
19098 14 66 0.2756
19111 14 67 0.2913
19124 14 66 0.2598
19137 52 67 0.2756
19267 6 69 0.2756
19274 6 73 0.2992
19281 6 76 0.315
19287 6 79 0.3543
19320 6 57 0.6535
19326 6 62 0.5197
19333 6 66 0.5197
19339 6 69 0.5197
19346 26 66 0.6772
19372 26 62 0.6063
19398 6 74 0.4409
19424 6 69 0.4094
19450 6 71 0.4331
19457 6 73 0.3858
19464 13 71 0.4724
19477 26 69 0.4409
19529 6 57 0.6535
19535 6 62 0.5197
19542 6 66 0.5197
19549 6 69 0.5197
19555 26 66 0.6772
19581 26 62 0.6063
19607 6 78 0.4409
19607 6 81 0.5039
19633 6 74 0.4094
19633 6 78 0.4724
19660 26 76 0.3622
19660 6 79 0.4331
19666 6 81 0.3858
19673 13 79 0.4724
19686 26 74 0.3701
19686 26 78 0.4409
19738 6 74 0.4724
19745 6 78 0.4016
19751 6 81 0.4094
19758 6 86 0.4094
19764 78 72 0.5276
19843 6 84 0.4724
19849 6 81 0.4016
19856 6 78 0.4094
19862 6 72 0.4094
19869 78 71 0.5276
19947 6 71 0.4724
19954 6 74 0.4016
19960 6 79 0.4094
19967 6 83 0.4094
19973 6 78 0.4252
19973 6 81 0.5039
20000 6 74 0.3465
20000 6 78 0.4173
20026 6 79 0.4646
20026 6 76 0.3858
20052 6 73 0.3465
20052 6 76 0.3465
20078 52 76 0.3937
20078 52 73 0.3307
20130 26 78 0.315
20130 26 74 0.2598
20156 6 74 0.4724
20163 6 78 0.4016
20169 6 81 0.4094
20176 6 86 0.4094
20183 78 72 0.5276
20261 6 84 0.4724
20267 6 81 0.4016
20274 6 78 0.4094
20281 6 72 0.4094
20287 78 71 0.5276
20366 8 83 0.4724
20374 8 85 0.4409
20383 8 86 0.4409
20392 8 85 0.4724
20400 8 83 0.4331
20409 8 81 0.4016
20418 8 79 0.4646
20427 8 78 0.4016
20435 8 76 0.4016
20444 8 74 0.4331
20453 8 73 0.3858
20461 8 71 0.3858
20470 6 69 0.4094
20477 6 67 0.3858
20483 6 66 0.3858
20490 6 64 0.378
20496 52 62 0.4724
20575 26 57 0.4173
20601 13 62 0.4724
20614 9 61 0.4094
20627 13 64 0.4724
20640 9 62 0.4252
20653 13 66 0.4724
20666 9 64 0.4252
20679 13 67 0.4724
20692 9 66 0.3858
20705 52 66 0.4488
20705 52 62 0.378
20758 19 64 0.3937
20758 19 61 0.3307
20784 26 57 0.4173
20810 13 64 0.4724
20823 9 63 0.4094
20836 13 66 0.4724
20849 9 64 0.4252
20862 13 67 0.4724
20875 9 66 0.4252
20888 13 69 0.4724
20901 9 67 0.3858
20915 52 67 0.4488
20915 52 64 0.378
20967 19 66 0.3937
20967 19 62 0.3307
20993 26 62 0.4567
21019 13 67 0.5197
21032 9 66 0.4488
21045 13 69 0.5197
21058 9 67 0.4646
21071 13 71 0.5197
21084 9 69 0.4646
21098 13 74 0.5197
21111 9 73 0.4173
21124 13 71 0.4882
21150 13 71 0.4882
21163 13 74 0.4488
21176 13 69 0.4882
21228 3 67 0.4331
21232 3 66 0.378
21235 6 67 0.4882
21254 13 67 0.4882
21267 13 71 0.4488
21281 13 66 0.4882
21333 3 71 0.4724
21336 3 69 0.4094
21339 6 71 0.5354
21359 13 71 0.5354
21372 13 74 0.4882
21385 13 69 0.5354
21437 3 67 0.4331
21441 3 66 0.378
21444 6 67 0.4882
21464 13 67 0.4882
21477 13 71 0.4488
21490 13 66 0.4882
21542 13 63 0.4331
21555 13 64 0.4331
21568 13 66 0.4567
21581 13 67 0.4567
21594 13 69 0.4882
21607 13 71 0.4331
21620 13 67 0.4803
21633 13 64 0.4016
21647 104 62 0.4488
21751 26 61 0.3937
21830 6 57 0.5827
21836 6 61 0.4646
21843 6 64 0.4646
21849 6 67 0.4646
21856 26 64 0.6063
21882 6 64 0.622
21888 6 67 0.5512
21895 6 73 0.5512
21901 6 76 0.5512
21908 26 73 0.6614
21934 6 67 0.685
21941 6 73 0.6142
21947 6 76 0.5984
21954 6 79 0.6142
21960 26 76 0.7559
22039 6 67 0.4803
22045 6 64 0.3937
22052 6 61 0.3937
22058 6 57 0.3937
22065 104 55 0.4882
22169 13 54 0.4803
22183 13 62 0.4331
22196 13 61 0.3858
22209 13 62 0.4252
22222 13 64 0.4646
22235 13 62 0.4331
22248 13 61 0.3701
22261 13 62 0.4409
22274 104 60 0.4882
22379 13 59 0.4803
22392 13 64 0.4331
22405 13 63 0.3858
22418 13 64 0.4252
22431 13 66 0.4646
22444 13 64 0.4331
22457 13 63 0.3701
22470 13 64 0.4409
22483 104 62 0.4882
22588 13 61 0.4803
22601 13 69 0.4331
22614 13 68 0.3858
22627 13 69 0.4252
22640 13 71 0.4646
22653 13 69 0.4331
22666 13 68 0.3701
22679 13 69 0.4409
22692 26 68 0.4882
22718 13 74 0.4488
22771 26 68 0.4882
22797 13 69 0.4882
22823 13 69 0.4882
22836 13 76 0.4488
22849 19 69 0.4882
22875 26 69 0.4488
22901 26 68 0.4882
22928 13 74 0.4488
22980 26 68 0.4882
23006 13 69 0.4882
23032 13 69 0.4882
23045 13 76 0.4488
23058 19 69 0.4882
23084 3 67 0.3701
23088 3 69 0.3465
23091 19 67 0.4488
23111 12 66 0.4882
23137 13 81 0.5039
23189 26 74 0.4882
23215 13 73 0.4882
23241 13 73 0.4882
23254 13 81 0.4488
23267 19 73 0.4882
23294 26 73 0.4488
23320 13 74 0.4882
23346 13 74 0.4882
23359 13 81 0.4488
23372 19 74 0.4882
23398 26 74 0.4488
23424 13 76 0.4882
23450 13 76 0.4882
23464 13 81 0.4488
23477 19 76 0.4882
23503 26 79 0.4488
23529 13 78 0.5039
23542 13 79 0.4488
23555 13 81 0.4488
23568 13 78 0.4488
23581 13 76 0.4882
23594 13 74 0.4488
23607 13 73 0.4488
23620 13 71 0.4488
23633 13 69 0.5039
23647 13 68 0.4173
23660 13 69 0.4488
23673 13 71 0.4173
23686 13 69 0.4488
23699 13 67 0.4016
23712 13 66 0.4016
23725 13 64 0.4016
23738 13 66 0.4409
23751 13 67 0.3701
23764 13 69 0.3701
23777 13 66 0.3701
23790 13 64 0.4331
23803 13 62 0.4016
23817 13 61 0.4016
23830 13 59 0.4016
23947 13 78 0.5039
23960 13 79 0.4488
23973 13 81 0.4488
23986 13 78 0.4488
24000 13 76 0.4882
24013 13 74 0.4488
24026 13 73 0.4488
24039 13 74 0.4488
24052 13 83 0.5039
24065 13 85 0.5039
24078 13 86 0.5354
24091 13 83 0.5039
24104 13 81 0.4882
24117 13 79 0.4803
24130 13 78 0.4567
24143 13 76 0.4567
24156 13 75 0.5039
24169 13 76 0.4488
24183 13 78 0.4488
24196 13 76 0.4488
24209 13 79 0.4882
24222 13 78 0.4488
24235 13 81 0.4803
24248 13 79 0.4488
24261 26 83 0.4961
24313 13 81 0.4882
24326 13 79 0.4488
24339 13 78 0.4882
24352 13 76 0.4488
24366 52 74 0.4882
24418 6 76 0.4882
24424 6 78 0.4252
24431 6 76 0.4882
24437 6 78 0.4331
24444 8 76 0.4882
24453 8 78 0.4331
24461 8 76 0.4882
24470 13 78 0.5039
24483 13 79 0.4488
24496 13 81 0.4488
24509 13 78 0.4488
24522 13 76 0.4882
24535 13 74 0.4488
24549 13 73 0.4488
24562 13 74 0.4488
24575 13 83 0.5039
24588 13 85 0.5039
24601 13 86 0.5354
24614 13 85 0.5039
24627 13 83 0.4882
24640 13 81 0.4803
24653 13 79 0.4567
24666 13 78 0.4567
24679 13 76 0.5039
24692 13 78 0.4488
24705 13 79 0.4488
24718 13 76 0.4488
24732 13 74 0.5118
24745 13 73 0.4488
24758 13 71 0.4646
24771 13 73 0.4488
24784 13 81 0.5039
24797 13 83 0.5039
24810 13 85 0.5354
24823 13 83 0.5039
24836 13 81 0.4882
24849 13 79 0.4803
24862 13 78 0.4567
24875 13 76 0.4567
24888 13 74 0.5039
24901 13 76 0.4488
24915 13 78 0.4488
24928 13 74 0.4488
24941 13 73 0.4882
24954 13 71 0.4488
24967 13 70 0.4488
24980 13 71 0.4488
24993 13 79 0.5039
25006 13 81 0.5039
25019 13 83 0.5354
25032 13 81 0.5039
25045 13 79 0.4882
25058 13 78 0.4567
25071 13 76 0.4961
25084 13 74 0.4567
25098 13 73 0.5039
25111 13 74 0.4331
25124 13 76 0.4488
25137 13 74 0.4331
25150 13 73 0.4882
25163 13 71 0.4331
25176 13 69 0.4488
25189 13 67 0.4331
25202 13 66 0.5039
25215 13 67 0.4331
25228 13 69 0.4488
25241 13 66 0.4331
25254 13 64 0.4882
25267 13 62 0.4331
25281 13 61 0.4488
25294 13 62 0.4252
25307 13 71 0.5039
25320 13 73 0.4173
25333 13 74 0.4488
25346 13 71 0.4252
25359 13 69 0.4882
25372 13 67 0.4409
25385 13 66 0.4488
25398 13 64 0.4252
25411 13 63 0.5039
25424 13 64 0.3937
25437 13 66 0.4488
25450 13 64 0.4173
25464 13 67 0.4882
25477 13 66 0.4488
25490 13 69 0.4803
25503 13 67 0.4488
25516 26 71 0.4961
25568 13 79 0.3386
25581 13 78 0.3071
25594 13 81 0.3307
25607 13 79 0.3071
25620 26 83 0.3465
25673 13 55 0.2598
25686 13 54 0.2205
25699 13 57 0.2598
25712 13 55 0.2205
25725 26 59 0.2441
25797 6 63 0.5039
25803 19 75 0.5512
25823 6 64 0.5118
25830 19 76 0.5669
25849 6 66 0.5354
25856 19 78 0.5827
25875 6 67 0.5433
25882 19 79 0.5906
25901 6 70 0.5591
25908 19 82 0.6063
25928 6 71 0.5591
25934 19 83 0.5669
25954 6 73 0.5354
25960 19 85 0.5827
25980 6 74 0.5433
25986 19 86 0.5906
26006 6 68 0.5591
26013 19 80 0.6063
26032 6 69 0.5591
26039 78 81 0.622
26117 6 79 0.5669
26124 6 78 0.5669
26130 6 76 0.5669
26137 6 74 0.5669
26143 6 76 0.5433
26150 6 78 0.3858
26156 6 76 0.4803
26163 6 78 0.4331
26169 6 76 0.5039
26176 6 78 0.4567
26183 6 76 0.5276
26189 6 78 0.4882
26196 6 76 0.5512
26202 6 78 0.4803
26209 6 76 0.4961
26215 6 78 0.4331
26222 6 76 0.5197
26228 6 78 0.4488
26235 6 76 0.5433
26241 6 78 0.4646
26248 52 74 0.5433
26326 26 69 0.5433
26352 6 71 0.5039
26359 6 73 0.4646
26366 13 71 0.5354
26379 26 69 0.4882
26405 6 71 0.4882
26411 6 73 0.4882
26418 13 71 0.5433
26431 16 69 0.4961
26447 62 69 0.5039
26450 58 73 0.5433
26454 55 76 0.5748
26457 52 79 0.6063
26535 26 78 0.5433
26562 13 76 0.5039
26575 3 78 0.3937
26578 3 76 0.4331
26581 3 75 0.4567
26584 3 76 0.4724
26588 26 79 0.4882
26614 13 69 0.4882
26627 3 71 0.4252
26630 3 69 0.4331
26633 3 68 0.4646
26637 3 69 0.4646
26640 26 73 0.4961
26640 26 67 0.4724
26666 52 66 0.4567
26666 52 74 0.5433
26745 26 69 0.5433
26771 6 71 0.5039
26777 6 73 0.4646
26784 13 71 0.5354
26797 26 69 0.4882
26823 6 71 0.4882
26830 6 73 0.4882
26836 13 71 0.5433
26849 16 69 0.4961
26866 62 69 0.5039
26869 58 73 0.5433
26872 55 76 0.5748
26875 52 79 0.6063
26954 26 78 0.5433
26980 13 76 0.5039
26993 3 78 0.3937
26996 3 76 0.4331
27000 3 75 0.4567
27003 3 76 0.4724
27006 26 79 0.4882
27032 13 69 0.4882
27045 3 71 0.4252
27049 3 69 0.4331
27052 3 68 0.4646
27055 3 69 0.4646
27058 26 67 0.4724
27058 26 73 0.4961
27084 26 66 0.4567
27084 26 74 0.5433
27150 13 57 0.4488
27163 13 61 0.4488
27176 13 69 0.3937
27202 13 57 0.4173
27215 13 62 0.4488
27228 13 69 0.3858
27254 13 52 0.3071
27267 13 55 0.4016
27281 13 61 0.3307
27294 52 54 0.4173
27294 52 62 0.4173
104 52 50 0.5906
104 52 38 0.4961
183 6 66 0.3307
183 6 62 0.2835
209 26 67 0.378
209 26 62 0.315
235 26 66 0.315
235 26 62 0.2677
313 52 50 0.5906
313 52 38 0.4961
392 6 62 0.3307
418 26 57 0.378
444 26 62 0.315
549 6 62 0.315
549 6 54 0.315
575 6 62 0.3543
575 6 54 0.3543
653 6 62 0.315
653 6 55 0.315
679 6 62 0.3543
679 6 55 0.3543
732 52 57 0.3622
784 52 45 0.315
836 52 50 0.2835
888 26 38 0.252
967 6 62 0.315
967 6 54 0.315
993 6 62 0.3543
993 6 54 0.3543
1071 6 62 0.315
1071 6 55 0.315
1098 6 62 0.3543
1098 6 55 0.3543
1150 26 57 0.378
1202 26 45 0.3071
1254 52 38 0.378
1490 26 56 0.3386
1516 19 57 0.378
1699 26 49 0.3386
1725 19 50 0.378
1882 13 55 0.4094
1895 13 62 0.3543
1908 13 55 0.4252
1921 13 62 0.3071
1934 13 54 0.3858
1947 13 62 0.2992
1960 13 54 0.3858
1973 13 62 0.3386
1986 13 59 0.4094
2000 13 62 0.3543
2013 13 59 0.4252
2026 13 62 0.3071
2039 13 57 0.3858
2052 13 62 0.2992
2065 13 57 0.3858
2078 13 62 0.3386
2091 13 55 0.4094
2104 13 62 0.3543
2117 13 55 0.4252
2130 13 62 0.3071
2143 13 54 0.3858
2156 13 62 0.2992
2169 13 54 0.3858
2183 13 62 0.3386
2196 13 59 0.4094
2209 13 62 0.3543
2222 13 59 0.4252
2235 13 62 0.3071
2248 13 57 0.3858
2261 13 62 0.2992
2274 13 57 0.3858
2287 13 62 0.3386
2300 52 55 0.4094
2379 26 55 0.315
2379 26 43 0.2677
2405 104 54 0.378
2405 130 45 0.315
2509 26 52 0.3543
2614 26 45 0.4961
2614 26 49 0.4961
2614 26 57 0.5906
2614 26 52 0.4961
2666 26 45 0.4961
2666 26 49 0.4961
2666 26 57 0.5906
2666 26 52 0.4961
2718 26 45 0.4961
2718 26 49 0.4961
2718 26 57 0.5906
2718 26 52 0.4961
2823 13 45 0.3622
2836 13 52 0.2992
2849 13 50 0.3622
2862 13 52 0.3071
2875 13 49 0.3701
2888 13 52 0.2992
2901 13 45 0.3858
2915 13 49 0.3228
2928 52 50 0.3622
3032 13 51 0.3622
3045 13 54 0.2992
3058 13 52 0.3622
3071 13 54 0.3071
3084 13 51 0.3701
3098 13 54 0.2992
3111 13 47 0.3858
3124 13 51 0.3228
3137 52 52 0.3622
3241 13 54 0.4094
3254 13 60 0.3543
3267 13 54 0.4252
3281 13 60 0.2992
3294 13 54 0.3543
3307 13 60 0.2598
3320 13 54 0.3307
3333 13 60 0.2756
3346 13 56 0.4094
3359 13 59 0.3543
3372 13 56 0.4252
3385 13 59 0.3071
3398 13 56 0.3858
3411 13 59 0.2992
3424 13 56 0.3858
3437 13 59 0.3386
3450 13 54 0.4094
3464 13 60 0.3543
3477 13 54 0.4252
3490 13 60 0.2992
3503 13 54 0.3622
3516 13 60 0.2913
3529 13 54 0.3622
3542 13 60 0.2913
3555 13 56 0.4094
3568 13 59 0.3543
3581 13 56 0.4252
3594 13 59 0.3071
3607 13 56 0.3858
3620 13 59 0.2992
3633 13 56 0.3858
3647 13 59 0.3386
3660 13 57 0.4094
3673 13 61 0.3543
3686 13 57 0.4252
3699 13 61 0.2598
3712 13 57 0.3386
3725 13 61 0.2992
3738 13 57 0.3386
3751 13 61 0.2992
3764 13 59 0.4094
3777 13 62 0.3543
3790 13 59 0.4252
3803 13 62 0.3071
3816 13 59 0.3858
3830 13 62 0.2992
3843 13 59 0.3858
3856 13 62 0.3386
3869 13 61 0.4094
3882 13 64 0.3543
3895 13 61 0.4252
3908 13 64 0.3071
3921 13 61 0.3858
3934 13 64 0.2992
3947 13 61 0.3858
3960 13 64 0.3386
3973 13 56 0.4094
3986 13 64 0.3543
4000 13 56 0.4252
4013 13 64 0.3071
4026 13 56 0.3858
4039 13 64 0.2992
4052 13 56 0.3858
4065 13 64 0.3386
4078 52 57 0.4094
4183 52 56 0.4094
4183 52 59 0.4094
4287 52 45 0.4094
4287 52 57 0.4094
4392 13 52 0.4252
4405 13 51 0.3937
4418 13 52 0.3937
4431 13 54 0.3937
4444 13 52 0.4331
4457 13 50 0.3858
4470 13 49 0.3858
4483 13 47 0.3858
4496 52 45 0.4488
4601 52 62 0.4488
4705 52 38 0.4488
4941 52 57 0.3071
4941 26 49 0.252
4967 26 50 0.3071
4993 26 52 0.252
4993 26 56 0.3071
5019 26 57 0.4488
5019 26 45 0.378
5071 26 61 0.3071
5124 52 62 0.4488
5228 52 50 0.4488
5751 13 62 0.3307
5751 13 66 0.3307
5751 13 71 0.3937
5777 13 62 0.2913
5777 13 66 0.2913
5777 13 71 0.3543
5803 13 62 0.2913
5803 13 66 0.2913
5803 13 71 0.3543
5830 13 62 0.2913
5830 13 66 0.2913
5830 13 71 0.3543
5856 13 64 0.3307
5856 13 69 0.3307
5856 13 73 0.3937
5882 13 64 0.2913
5882 13 69 0.2913
5882 13 73 0.3543
5908 13 64 0.2913
5908 13 69 0.2913
5908 13 73 0.3543
5934 13 64 0.2913
5934 13 69 0.2913
5934 13 73 0.3543
5960 13 64 0.3937
5960 13 68 0.3937
5986 13 64 0.3543
5986 13 68 0.3543
6013 13 64 0.3543
6013 13 68 0.3543
6039 13 64 0.3543
6039 13 68 0.3543
6065 13 57 0.4488
6078 13 69 0.3701
6091 13 68 0.3937
6104 13 69 0.3701
6117 13 61 0.4488
6130 13 69 0.378
6143 13 68 0.3937
6156 13 69 0.3701
6169 13 62 0.4488
6183 13 69 0.3701
6196 13 61 0.3937
6209 13 69 0.3701
6222 13 62 0.4488
6235 13 69 0.378
6248 13 61 0.3937
6261 13 69 0.3701
6274 52 59 0.378
6274 52 68 0.4488
6379 26 62 0.4488
6379 26 66 0.4488
6431 26 52 0.378
6431 26 64 0.4488
6483 13 57 0.4488
6496 13 69 0.3701
6509 13 68 0.3937
6522 13 69 0.3701
6535 13 61 0.4488
6549 13 69 0.378
6562 13 68 0.3937
6575 13 69 0.3701
6588 13 62 0.4488
6601 13 69 0.3701
6614 13 61 0.3937
6627 13 69 0.3701
6640 13 62 0.4488
6653 13 69 0.378
6666 13 61 0.3937
6679 13 69 0.3701
6692 52 59 0.378
6692 52 68 0.4488
6771 26 57 0.3858
6771 26 69 0.4567
6797 26 62 0.378
6797 26 66 0.4488
6849 26 64 0.3071
6849 26 52 0.2598
6901 26 45 0.2992
6901 26 57 0.3543
6954 26 62 0.3228
6954 26 52 0.2677
7006 26 52 0.2992
7006 26 61 0.3543
7058 12 59 0.3071
7058 26 52 0.2598
7111 52 45 0.2835
7111 52 57 0.3386
7215 52 50 0.5906
7215 52 38 0.4961
7294 6 66 0.3307
7294 6 62 0.2835
7320 26 67 0.378
7320 26 62 0.315
7346 26 66 0.315
7346 26 62 0.2677
7424 52 50 0.5906
7424 52 38 0.4961
7503 6 62 0.3307
7529 26 57 0.378
7555 26 62 0.315
7660 6 62 0.315
7660 6 54 0.315
7686 6 62 0.3543
7686 6 54 0.3543
7764 6 62 0.315
7764 6 55 0.315
7790 6 62 0.3543
7790 6 55 0.3543
7843 52 57 0.3622
7895 52 45 0.315
7947 52 50 0.2835
8000 26 38 0.252
8078 6 62 0.315
8078 6 54 0.315
8104 6 62 0.3543
8104 6 54 0.3543
8183 6 62 0.315
8183 6 55 0.315
8209 6 62 0.3543
8209 6 55 0.3543
8261 26 57 0.378
8313 26 45 0.3071
8366 52 38 0.378
8601 26 56 0.3386
8627 19 57 0.378
8810 26 49 0.3386
8836 19 50 0.378
8993 13 55 0.4094
9006 13 62 0.3543
9019 13 55 0.4252
9032 13 62 0.3071
9045 13 54 0.3858
9058 13 62 0.2992
9071 13 54 0.3858
9084 13 62 0.3386
9098 13 59 0.4094
9111 13 62 0.3543
9124 13 59 0.4252
9137 13 62 0.3071
9150 13 57 0.3858
9163 13 62 0.2992
9176 13 57 0.3858
9189 13 62 0.3386
9202 13 55 0.4094
9215 13 62 0.3543
9228 13 55 0.4252
9241 13 62 0.3071
9254 13 54 0.3858
9267 13 62 0.2992
9281 13 54 0.3858
9294 13 62 0.3386
9307 13 59 0.4094
9320 13 62 0.3543
9333 13 59 0.4252
9346 13 62 0.3071
9359 13 57 0.3858
9372 13 62 0.2992
9385 13 57 0.3858
9398 13 62 0.3386
9411 52 55 0.4094
9490 26 55 0.315
9490 26 43 0.2677
9516 104 54 0.378
9516 130 45 0.315
9620 26 52 0.3543
9725 26 45 0.4961
9725 26 49 0.4961
9725 26 57 0.5906
9725 26 52 0.4961
9777 26 45 0.4961
9777 26 49 0.4961
9777 26 57 0.5906
9777 26 52 0.4961
9830 26 45 0.4961
9830 26 49 0.4961
9830 26 57 0.5906
9830 26 52 0.4961
9934 13 45 0.3622
9947 13 52 0.2992
9960 13 50 0.3622
9973 13 52 0.3071
9986 13 49 0.3701
10000 13 52 0.2992
10013 13 45 0.3858
10026 13 49 0.3228
10039 52 50 0.3622
10143 13 51 0.3622
10156 13 54 0.2992
10169 13 52 0.3622
10183 13 54 0.3071
10196 13 51 0.3701
10209 13 54 0.2992
10222 13 47 0.3858
10235 13 51 0.3228
10248 52 52 0.3622
10352 13 54 0.4094
10366 13 60 0.3543
10379 13 54 0.4252
10392 13 60 0.3071
10405 13 54 0.3386
10418 13 60 0.2835
10431 13 54 0.3543
10444 13 60 0.2913
10457 13 56 0.4094
10470 13 59 0.3543
10483 13 56 0.4252
10496 13 59 0.3071
10509 13 56 0.3858
10522 13 59 0.2992
10535 13 56 0.3858
10549 13 59 0.3386
10562 13 54 0.4094
10575 13 60 0.3543
10588 13 54 0.4252
10601 13 60 0.3071
10614 13 54 0.3307
10627 13 60 0.2913
10640 13 54 0.3543
10653 13 60 0.2992
10666 13 56 0.4094
10679 13 59 0.3543
10692 13 56 0.4252
10705 13 59 0.3071
10718 13 56 0.3858
10732 13 59 0.2992
10745 13 56 0.3858
10758 13 59 0.3386
10771 13 57 0.4094
10784 13 61 0.3543
10797 13 57 0.4252
10810 13 61 0.3071
10823 13 57 0.3622
10836 13 61 0.2992
10849 13 57 0.3622
10862 13 61 0.3071
10875 13 59 0.4094
10888 13 62 0.3543
10901 13 59 0.4252
10915 13 62 0.3071
10928 13 59 0.3858
10941 13 62 0.2992
10954 13 59 0.3858
10967 13 62 0.3386
10980 13 61 0.4094
10993 13 64 0.3543
11006 13 61 0.4252
11019 13 64 0.3071
11032 13 61 0.3858
11045 13 64 0.2992
11058 13 61 0.3858
11071 13 64 0.3386
11084 13 56 0.4094
11098 13 64 0.3543
11111 13 56 0.4252
11124 13 64 0.3071
11137 13 56 0.3858
11150 13 64 0.2992
11163 13 56 0.3858
11176 13 64 0.3386
11189 52 57 0.4094
11294 52 56 0.4094
11294 52 59 0.4094
11398 52 45 0.4094
11398 52 57 0.4094
11503 13 52 0.4252
11516 13 51 0.3937
11529 13 52 0.3937
11542 13 54 0.3937
11555 13 52 0.4331
11568 13 50 0.3858
11581 13 49 0.3858
11594 13 47 0.3858
11607 52 45 0.4488
11712 52 62 0.4488
11816 52 38 0.4488
12052 52 57 0.3071
12052 26 49 0.252
12078 26 50 0.3071
12104 26 52 0.252
12104 26 56 0.3071
12130 26 45 0.378
12132 26 57 0.4488
12183 26 61 0.3071
12235 52 62 0.4488
12339 52 50 0.4488
12862 13 62 0.3307
12862 13 66 0.3307
12862 13 71 0.3937
12888 13 62 0.2913
12888 13 66 0.2913
12888 13 71 0.3543
12915 13 62 0.2913
12915 13 66 0.2913
12915 13 71 0.3543
12941 13 62 0.2913
12941 13 66 0.2913
12941 13 71 0.3543
12967 13 64 0.3307
12967 13 69 0.3307
12967 13 73 0.3937
12993 13 64 0.2913
12993 13 69 0.2913
12993 13 73 0.3543
13019 13 64 0.2913
13019 13 69 0.2913
13019 13 73 0.3543
13045 13 64 0.2913
13045 13 69 0.2913
13045 13 73 0.3543
13071 13 64 0.3937
13071 13 68 0.3937
13098 13 64 0.3543
13098 13 68 0.3543
13124 13 64 0.3543
13124 13 68 0.3543
13150 13 64 0.3543
13150 13 68 0.3543
13176 13 57 0.4488
13189 13 69 0.3701
13202 13 68 0.3937
13215 13 69 0.3701
13228 13 61 0.4488
13241 13 69 0.378
13254 13 68 0.3937
13267 13 69 0.3701
13281 13 62 0.4488
13294 13 69 0.3701
13307 13 61 0.3937
13320 13 69 0.3701
13333 13 62 0.4488
13346 13 69 0.378
13359 13 61 0.3937
13372 13 69 0.3701
13385 52 59 0.378
13385 52 68 0.4488
13490 26 62 0.4488
13490 26 66 0.4488
13542 26 52 0.378
13542 26 64 0.4488
13594 13 57 0.4488
13607 13 69 0.3701
13620 13 68 0.3937
13633 13 69 0.3701
13647 13 61 0.4488
13660 13 69 0.378
13673 13 68 0.3937
13686 13 69 0.3701
13699 13 62 0.4488
13712 13 69 0.3701
13725 13 61 0.3937
13738 13 69 0.3701
13751 13 62 0.4488
13764 13 69 0.378
13777 13 61 0.3937
13790 13 69 0.3701
13803 52 59 0.378
13803 52 68 0.4488
13882 26 57 0.3228
13882 26 69 0.3858
13908 26 62 0.378
13908 26 66 0.4488
13960 26 64 0.3071
13960 26 52 0.2598
14013 26 45 0.2992
14013 26 57 0.3543
14065 26 62 0.3228
14065 26 52 0.2677
14117 26 52 0.2992
14117 26 61 0.3543
14169 12 59 0.3071
14169 26 52 0.2598
14222 52 45 0.2835
14222 52 57 0.3386
14326 313 30 0.2677
14326 313 42 0.2677
14509 26 52 0.315
14535 26 50 0.3622
14562 26 47 0.3228
14588 26 46 0.3622
14614 26 47 0.3071
14640 52 47 0.3622
14823 6 66 0.3307
14823 6 62 0.2835
14849 26 64 0.315
14849 26 67 0.378
14875 26 66 0.315
14875 26 62 0.2677
15032 6 71 0.2913
15032 6 74 0.3307
15058 26 73 0.378
15058 26 70 0.315
15084 26 74 0.315
15084 26 71 0.2677
15215 6 71 0.2756
15215 6 74 0.3307
15241 6 73 0.315
15241 6 69 0.2677
15267 26 67 0.315
15267 26 71 0.378
15294 26 66 0.2677
15294 26 69 0.315
15372 209 50 0.2677
15477 117 59 0.2677
15581 104 51 0.315
15594 13 57 0.315
15607 13 56 0.3858
15620 13 57 0.315
15633 13 59 0.378
15647 13 57 0.315
15660 13 60 0.3858
15673 65 57 0.3465
15686 104 52 0.315
15738 52 55 0.315
15803 13 61 0.3622
15816 13 59 0.4409
15830 13 61 0.3622
15843 13 62 0.4331
15856 13 61 0.3622
15869 13 64 0.4409
15882 13 59 0.3937
15895 104 58 0.3858
15895 156 66 0.4567
16000 52 59 0.4252
16052 52 65 0.4488
16052 52 55 0.378
16104 52 66 0.4252
16104 52 54 0.3543
16209 52 42 0.3465
16444 26 53 0.3386
16470 19 54 0.378
16653 26 58 0.3386
16679 19 59 0.378
16758 13 59 0.378
16784 13 64 0.4016
16810 13 66 0.378
16836 52 67 0.4409
16915 13 52 0.378
16941 13 57 0.4016
16967 13 59 0.378
16993 13 61 0.4016
17019 13 62 0.378
17045 52 64 0.4409
17124 13 45 0.378
17150 13 50 0.4016
17176 13 52 0.378
17202 13 54 0.4016
17228 13 55 0.378
17254 52 57 0.4409
17333 26 50 0.378
17359 52 55 0.4409
17464 52 43 0.4409
17568 13 45 0.4882
17581 13 47 0.4252
17594 13 49 0.4252
17607 13 50 0.4331
17620 13 52 0.4488
17633 13 54 0.4331
17647 13 55 0.4331
17660 13 54 0.4331
17673 52 55 0.4961
18300 13 71 0.4567
18313 13 73 0.4803
18326 13 74 0.4882
18339 13 73 0.4567
18352 13 71 0.4409
18366 13 69 0.4331
18379 13 67 0.4409
18392 13 66 0.4173
18405 13 67 0.4567
18418 13 69 0.4803
18431 13 71 0.4882
18444 13 69 0.4567
18457 13 67 0.4409
18470 13 66 0.4331
18483 13 64 0.4409
18496 13 62 0.4173
18509 78 61 0.4409
18588 13 62 0.3937
18614 13 61 0.4409
18640 13 62 0.4016
18666 13 61 0.4409
18692 13 63 0.4094
18718 209 57 0.378
18718 78 64 0.4409
18797 13 63 0.3937
18823 13 64 0.4409
18849 13 63 0.4016
18875 13 64 0.4409
18901 13 63 0.4094
18928 261 57 0.3386
18928 39 64 0.3937
18967 13 63 0.3071
18980 39 64 0.3228
19019 13 63 0.2756
19032 39 64 0.3071
19071 14 63 0.2441
19084 14 64 0.2677
19098 14 63 0.2362
19111 14 64 0.252
19124 14 63 0.2205
19137 52 64 0.2362
19241 6 57 0.252
19248 6 61 0.2677
19254 6 64 0.2913
19261 6 67 0.2992
19346 52 50 0.5906
19346 52 38 0.4961
19424 6 66 0.3307
19424 6 62 0.2835
19450 26 67 0.378
19450 26 62 0.315
19477 26 66 0.315
19477 26 62 0.2677
19555 52 50 0.5906
19555 52 38 0.4961
19633 6 62 0.3307
19660 26 57 0.378
19686 26 62 0.315
19790 6 62 0.315
19790 6 54 0.315
19817 6 62 0.3543
19817 6 54 0.3543
19895 6 62 0.315
19895 6 55 0.315
19921 6 62 0.3543
19921 6 55 0.3543
19973 52 57 0.3622
20026 52 45 0.315
20078 52 50 0.2835
20130 26 38 0.252
20209 6 62 0.315
20209 6 54 0.315
20235 6 62 0.3543
20235 6 54 0.3543
20313 6 62 0.315
20313 6 55 0.315
20339 6 62 0.3543
20339 6 55 0.3543
20392 26 57 0.378
20444 26 45 0.3071
20496 52 38 0.378
20732 26 56 0.3386
20758 19 57 0.378
20941 26 58 0.3386
20967 19 59 0.378
21124 13 55 0.4094
21137 13 62 0.3543
21150 13 55 0.4252
21163 13 62 0.3071
21176 13 54 0.3858
21189 13 62 0.2992
21202 13 54 0.3858
21215 13 62 0.3386
21228 13 59 0.4094
21241 13 62 0.3543
21254 13 59 0.4252
21267 13 62 0.3071
21281 13 57 0.3858
21294 13 62 0.2992
21307 13 57 0.3858
21320 13 62 0.3386
21333 13 55 0.4094
21346 13 62 0.3543
21359 13 55 0.4252
21372 13 62 0.3071
21385 13 54 0.3858
21398 13 62 0.2992
21411 13 54 0.3858
21424 13 62 0.3386
21437 13 59 0.4094
21450 13 62 0.3543
21464 13 59 0.4252
21477 13 62 0.3071
21490 13 57 0.3858
21503 13 62 0.2992
21516 13 57 0.3858
21529 13 62 0.3386
21542 52 55 0.4094
21620 26 55 0.315
21620 26 43 0.2677
21647 104 54 0.378
21647 130 45 0.315
21751 26 52 0.3543
21856 26 45 0.4409
21856 26 49 0.4409
21856 26 55 0.5276
21856 26 52 0.4409
21908 26 45 0.4409
21908 26 49 0.4409
21908 26 55 0.5276
21908 26 52 0.4409
21960 26 45 0.4409
21960 26 49 0.4409
21960 26 55 0.5276
21960 26 52 0.4409
22065 13 45 0.3622
22078 13 52 0.2992
22091 13 50 0.3622
22104 13 52 0.3071
22117 13 49 0.3701
22130 13 52 0.2992
22143 13 45 0.3858
22156 13 49 0.3228
22169 52 50 0.3622
22274 13 50 0.3622
22287 13 57 0.2992
22300 13 55 0.3622
22313 13 57 0.3071
22326 13 54 0.3701
22339 13 57 0.2992
22352 13 50 0.3858
22366 13 54 0.3228
22379 52 55 0.3622
22483 13 52 0.3622
22496 13 59 0.2992
22509 13 57 0.3622
22522 13 59 0.3071
22535 13 56 0.3701
22549 13 59 0.2992
22562 13 52 0.3858
22575 13 56 0.3228
22588 52 57 0.3622
22692 13 59 0.4094
22705 13 65 0.3543
22718 13 59 0.4252
22732 13 65 0.2756
22745 13 59 0.3543
22758 13 65 0.2992
22771 13 59 0.3622
22784 13 65 0.315
22797 13 61 0.4094
22810 13 64 0.3543
22823 13 61 0.4252
22836 13 64 0.3071
22849 13 61 0.3858
22862 13 64 0.2992
22875 13 61 0.3858
22888 13 64 0.3386
22901 13 59 0.4094
22915 13 65 0.3543
22928 13 59 0.4252
22941 13 65 0.2913
22954 13 59 0.3701
22967 13 65 0.2913
22980 13 59 0.3622
22993 13 65 0.3071
23006 13 61 0.4094
23019 13 64 0.3543
23032 13 61 0.4252
23045 13 64 0.3071
23058 13 61 0.3858
23071 13 64 0.2992
23084 13 61 0.3858
23098 13 64 0.3386
23111 13 62 0.4094
23124 13 66 0.3543
23137 13 62 0.4252
23150 13 66 0.3071
23163 13 62 0.3858
23176 13 66 0.2992
23189 13 62 0.3858
23202 13 66 0.3386
23215 13 64 0.4094
23228 13 67 0.3543
23241 13 64 0.4252
23254 13 67 0.3071
23267 13 64 0.3858
23281 13 67 0.2992
23294 13 64 0.3858
23307 13 67 0.3386
23320 13 66 0.4094
23333 13 69 0.3543
23346 13 66 0.4252
23359 13 69 0.3071
23372 13 66 0.3858
23385 13 69 0.2992
23398 13 66 0.3858
23411 13 69 0.3386
23424 13 61 0.4094
23437 13 69 0.3543
23450 13 61 0.4252
23464 13 69 0.3071
23477 13 61 0.3858
23490 13 69 0.2992
23503 13 61 0.3858
23516 13 69 0.3386
23529 52 62 0.4094
23633 52 61 0.2913
23633 52 64 0.3465
23738 52 50 0.4094
23843 13 57 0.4252
23856 13 56 0.3937
23869 13 57 0.3937
23882 13 59 0.3937
23895 13 57 0.4331
23908 13 55 0.3858
23921 13 54 0.3858
23934 13 52 0.3858
23947 52 50 0.4488
24052 52 67 0.4488
24156 52 55 0.4488
24392 52 62 0.3071
24392 26 54 0.252
24418 26 55 0.3071
24444 26 57 0.252
24444 26 61 0.3071
24470 26 62 0.4488
24522 26 66 0.3071
24575 13 67 0.4252
24588 13 69 0.4252
24601 13 71 0.4488
24614 13 69 0.4252
24627 13 67 0.4094
24640 13 66 0.4016
24653 13 64 0.3858
24666 13 62 0.3858
24679 26 61 0.4488
24732 26 64 0.3071
24784 13 66 0.4252
24797 13 67 0.4252
24810 13 69 0.4488
24823 13 67 0.4252
24836 13 66 0.4094
24849 13 64 0.4016
24862 13 62 0.3858
24875 13 61 0.3858
24888 26 59 0.4488
24941 26 62 0.3071
24993 13 64 0.4252
25006 13 66 0.4252
25019 13 67 0.4488
25032 13 66 0.4252
25045 13 64 0.4094
25058 13 62 0.4016
25071 13 61 0.3858
25084 13 59 0.3858
25098 26 57 0.4488
25150 26 61 0.3071
25202 52 62 0.4488
25307 52 55 0.4488
25411 52 43 0.4488
26039 13 62 0.3307
26039 13 57 0.3307
26039 13 66 0.3937
26065 13 57 0.2913
26065 13 62 0.2913
26065 13 66 0.3543
26091 13 57 0.2913
26091 13 62 0.2913
26091 13 66 0.3543
26117 13 57 0.2913
26117 13 62 0.2913
26117 13 66 0.3543
26143 13 57 0.3937
26143 13 61 0.3937
26169 13 57 0.3543
26169 13 61 0.3543
26196 13 57 0.3543
26196 13 61 0.3543
26222 13 57 0.3543
26222 13 61 0.3543
26248 13 50 0.4488
26261 13 62 0.3701
26274 13 61 0.3937
26287 13 62 0.3701
26300 13 54 0.4488
26313 13 62 0.378
26326 13 61 0.3937
26339 13 62 0.3701
26352 13 55 0.4488
26366 13 62 0.3701
26379 13 54 0.3937
26392 13 62 0.3701
26405 13 55 0.4488
26418 13 62 0.378
26431 13 54 0.3937
26444 13 62 0.3701
26457 52 52 0.378
26457 52 61 0.4488
26535 26 50 0.3858
26535 26 62 0.4567
26562 26 55 0.4488
26562 26 59 0.4488
26614 26 45 0.378
26614 26 57 0.4488
26666 13 50 0.4488
26679 13 62 0.3701
26692 13 61 0.3937
26705 13 62 0.3701
26718 13 54 0.4488
26732 13 62 0.378
26745 13 61 0.3937
26758 13 62 0.3701
26771 13 55 0.4488
26784 13 62 0.3701
26797 13 54 0.3937
26810 13 62 0.3701
26823 13 55 0.4488
26836 13 62 0.378
26849 13 54 0.3937
26862 13 62 0.3701
26875 52 52 0.378
26875 52 61 0.4488
26954 26 50 0.3858
26954 26 62 0.4567
26980 26 55 0.378
26980 26 59 0.4488
27032 26 57 0.3071
27032 26 45 0.2598
27084 26 38 0.2992
27084 26 50 0.3543
27137 26 55 0.3228
27137 26 45 0.2677
27189 26 45 0.2992
27189 26 54 0.3543
27241 12 52 0.3071
27241 26 45 0.2598
27294 52 38 0.2835
27294 52 50 0.3386
