0 137 31 0.7008
137 17 34 0.4882
155 17 38 0.5118
172 17 43 0.5354
189 17 46 0.5591
206 17 50 0.5827
224 17 55 0.5984
241 17 58 0.5984
258 17 62 0.622
275 155 67 0.6772
431 17 66 0.5276
448 17 63 0.5354
465 17 62 0.5433
482 17 60 0.5433
499 17 58 0.5512
517 17 57 0.5591
534 17 55 0.5591
551 17 54 0.5669
568 17 51 0.5512
586 17 50 0.5591
603 17 48 0.5669
620 17 46 0.5669
637 17 45 0.5748
655 17 43 0.5827
672 17 42 0.5906
689 17 39 0.5984
706 17 38 0.6063
724 17 36 0.6142
741 17 34 0.6142
758 17 33 0.622
775 212 46 0.6929
775 212 31 0.6535
988 22 50 0.5276
988 22 34 0.4724
1011 22 55 0.5433
1011 22 38 0.4882
1034 22 58 0.5512
1034 22 43 0.4961
1057 22 62 0.5669
1057 22 46 0.5118
1080 22 67 0.5748
1080 22 50 0.5197
1103 22 70 0.5906
1103 22 55 0.5276
1126 22 74 0.5984
1126 22 58 0.5433
1149 22 79 0.6142
1149 22 62 0.5512
1172 22 82 0.622
1172 22 67 0.5669
1195 22 86 0.6378
1195 22 70 0.5748
1218 22 89 0.6772
1218 22 74 0.5906
1241 155 94 0.7008
1241 155 79 0.6614
1396 17 93 0.5118
1396 17 78 0.4409
1413 17 91 0.5197
1413 17 75 0.4488
1431 17 90 0.5197
1431 17 74 0.4488
1448 17 87 0.5276
1448 17 72 0.4567
1465 17 86 0.5276
1465 17 70 0.4567
1482 17 84 0.5354
1482 17 69 0.4646
1499 17 82 0.5433
1499 17 67 0.4724
1517 17 81 0.5433
1517 17 66 0.4724
1534 17 79 0.5512
1534 17 63 0.4803
1551 17 78 0.5512
1551 17 62 0.4803
1568 17 75 0.5591
1568 17 60 0.4882
1586 17 74 0.5591
1586 17 58 0.4961
1603 17 72 0.5669
1603 17 57 0.4961
1620 17 70 0.5669
1620 17 55 0.5039
1637 17 69 0.5748
1637 17 54 0.5039
1655 17 67 0.5748
1655 17 51 0.5118
1672 17 66 0.5827
1672 17 50 0.5118
1689 17 63 0.5827
1689 17 48 0.5197
1706 17 62 0.5906
1706 17 46 0.5276
1724 17 60 0.5984
1724 17 45 0.5276
1741 17 58 0.5984
1741 17 43 0.5354
1758 17 57 0.6063
1758 17 42 0.5354
1775 17 55 0.6063
1775 17 39 0.5433
1793 17 54 0.6142
1793 17 38 0.5512
1810 17 51 0.6142
1810 17 36 0.5512
1827 17 50 0.622
1827 17 34 0.5591
1844 17 48 0.622
1844 17 33 0.5591
1862 17 46 0.6299
1862 17 38 0.5669
1879 17 45 0.6299
1879 17 36 0.5669
1896 189 43 0.7008
1896 189 31 0.6457
1896 189 34 0.6457
2086 17 46 0.5276
2086 17 38 0.4724
2103 17 50 0.5433
2103 17 43 0.4882
2120 17 55 0.5512
2120 17 46 0.4961
2137 17 58 0.5669
2137 17 50 0.5118
2155 17 62 0.5748
2155 17 55 0.5197
2172 17 67 0.5906
2172 17 58 0.5276
2189 17 70 0.5984
2189 17 62 0.5433
2206 17 74 0.6142
2206 17 67 0.5512
2224 17 79 0.622
2224 17 70 0.5669
2241 17 82 0.6378
2241 17 74 0.5748
2258 17 86 0.6457
2258 17 79 0.5669
2275 17 91 0.6614
2275 17 82 0.5827
2293 206 94 0.685
2293 17 86 0.5984
2310 189 98 0.7008
2310 189 91 0.6614
2499 17 96 0.5118
2499 17 87 0.4409
2517 17 94 0.5118
2517 17 86 0.4409
2534 17 93 0.5118
2534 17 84 0.4409
2551 17 91 0.5197
2551 17 82 0.4488
2568 17 90 0.5197
2568 17 81 0.4488
2586 17 87 0.5276
2586 17 79 0.4567
2603 17 86 0.5276
2603 17 78 0.4567
2620 17 84 0.5354
2620 17 75 0.4646
2637 17 82 0.5433
2637 17 74 0.4724
2655 17 81 0.5433
2655 17 72 0.4724
2672 17 79 0.5512
2672 17 70 0.4803
2689 17 78 0.5512
2689 17 69 0.4803
2706 17 75 0.5591
2706 17 67 0.4882
2724 17 74 0.5591
2724 17 66 0.4961
2741 17 72 0.5669
2741 17 63 0.4961
2758 17 70 0.5669
2758 17 62 0.5039
2775 17 69 0.5748
2775 17 60 0.5039
2793 17 67 0.5748
2793 17 58 0.5118
2810 17 66 0.5827
2810 17 57 0.5118
2827 17 63 0.5827
2827 17 55 0.5197
2844 17 62 0.5906
2844 17 54 0.5276
2862 17 60 0.5984
2862 17 51 0.5276
2879 17 58 0.5984
2879 17 50 0.5354
2896 17 57 0.6063
2896 17 48 0.5354
2913 17 55 0.6063
2913 17 46 0.5433
2931 17 54 0.6142
2931 17 45 0.5354
2948 17 51 0.6063
2948 17 43 0.5433
2965 17 50 0.6142
2965 17 42 0.5512
2982 17 48 0.6299
2982 17 39 0.5591
2999 17 46 0.6457
2999 17 38 0.5748
3017 17 45 0.6535
3017 17 36 0.5827
3034 155 43 0.7008
3034 155 31 0.6457
3034 155 34 0.6457
3189 17 44 0.5354
3189 17 35 0.378
3206 17 45 0.5354
3206 17 36 0.3858
3224 17 46 0.5433
3224 17 37 0.3858
3241 17 47 0.5512
3241 17 38 0.3937
3258 17 48 0.5512
3258 17 39 0.4016
3275 17 49 0.5591
3275 17 40 0.4094
3293 17 50 0.5669
3293 17 41 0.4094
3310 17 51 0.5669
3310 17 42 0.4173
3327 17 52 0.5748
3327 17 43 0.4252
3344 17 53 0.5827
3344 17 44 0.4331
3362 17 54 0.5827
3362 17 45 0.4331
3379 17 55 0.5906
3379 17 46 0.4409
3396 17 56 0.5984
3396 17 47 0.4488
3413 17 57 0.5984
3413 17 48 0.4567
3431 17 58 0.6063
3431 17 49 0.4567
3448 17 59 0.6063
3448 17 50 0.4646
3465 17 60 0.6142
3465 17 51 0.4724
3482 17 61 0.622
3482 17 52 0.4803
3499 17 62 0.6299
3499 17 53 0.4803
3517 17 63 0.6299
3517 17 54 0.4882
3534 17 64 0.6378
3534 17 55 0.4961
3551 17 65 0.6378
3551 17 56 0.5039
3568 17 66 0.6457
3568 17 57 0.5039
3586 17 67 0.6693
3586 17 58 0.4646
3603 17 66 0.6614
3603 17 57 0.4646
3620 17 65 0.6535
3620 17 56 0.4567
3637 17 64 0.6378
3637 17 55 0.4488
3655 17 63 0.6299
3655 17 54 0.4488
3672 17 62 0.622
3672 17 53 0.4409
3689 17 61 0.6142
3689 17 52 0.4331
3706 17 60 0.5984
3706 17 51 0.4331
3724 17 59 0.5827
3724 17 50 0.4094
3741 17 58 0.5906
3741 17 49 0.4173
3758 17 57 0.5984
3758 17 48 0.4252
3775 17 56 0.6063
3775 17 47 0.4409
3793 17 55 0.6142
3793 17 46 0.4488
3810 17 54 0.622
3810 17 45 0.4646
3827 17 53 0.6378
3827 17 44 0.4724
3844 17 52 0.6457
3844 17 43 0.4882
3862 17 51 0.6535
3862 17 42 0.5197
3879 17 50 0.6614
3879 17 41 0.5276
3896 17 49 0.6772
3896 17 40 0.5433
3913 17 48 0.6929
3913 17 39 0.5591
3931 17 47 0.7008
3931 17 38 0.5669
3948 17 46 0.7165
3948 17 37 0.5827
3965 17 45 0.7323
3965 17 36 0.5906
3982 17 44 0.748
3982 17 35 0.6063
3999 34 43 0.8504
3999 34 31 0.6929
3999 34 34 0.6929
4137 34 103 0.8425
4137 34 98 0.7165
4137 34 94 0.6063
4137 34 91 0.6063
4137 34 67 0.6693
4137 34 62 0.5591
4137 34 58 0.5591
4137 34 55 0.4724
4913 310 43 0.3307
4931 293 50 0.3701
4948 34 58 0.4173
4965 413 62 0.4409
4982 17 55 0.2835
4999 17 58 0.3543
5017 17 55 0.2756
5034 17 58 0.3543
5051 17 55 0.2756
5068 17 58 0.3543
5086 17 55 0.2835
5103 17 58 0.3622
5120 17 55 0.2913
5137 17 58 0.3622
5155 17 55 0.2913
5172 17 58 0.3701
5189 17 55 0.2913
5206 17 58 0.3701
5224 17 55 0.2992
5241 17 58 0.3701
5258 17 55 0.2992
5275 17 58 0.378
5293 17 55 0.2992
5310 17 58 0.378
5327 17 55 0.2992
5344 17 58 0.3858
5362 17 55 0.3071
5379 137 67 0.4961
5379 17 63 0.4252
5396 17 55 0.315
5413 17 63 0.3858
5431 17 55 0.2913
5448 17 63 0.3543
5465 17 55 0.3937
5482 17 63 0.2992
5499 17 55 0.3543
5517 137 66 0.4724
5517 17 62 0.4173
5534 17 55 0.2992
5551 17 62 0.378
5568 17 55 0.3071
5586 17 62 0.3543
5603 17 55 0.3071
5620 17 62 0.3858
5637 17 55 0.3543
5655 137 63 0.4724
5655 17 60 0.4173
5672 17 55 0.2913
5689 17 60 0.378
5706 17 55 0.2992
5724 17 60 0.3701
5741 17 55 0.2913
5758 17 60 0.3701
5775 17 55 0.2992
5793 413 62 0.4409
5793 17 58 0.3858
5810 17 55 0.2835
5827 17 58 0.3543
5844 17 55 0.2756
5862 17 58 0.3543
5879 17 55 0.2756
5896 17 58 0.3543
5913 17 55 0.2756
5931 17 58 0.3543
5948 17 55 0.2756
5965 17 58 0.3465
5982 17 55 0.2677
5999 17 58 0.3307
6017 17 55 0.2598
6034 17 58 0.3228
6051 17 55 0.2598
6068 17 58 0.2835
6086 17 55 0.252
6103 17 58 0.3228
6120 17 55 0.2598
6137 17 58 0.3307
6155 17 55 0.2677
6172 17 58 0.3465
6189 5 55 0.2756
6195 28 53 0.3071
6201 22 57 0.4252
6206 137 62 0.4961
6224 17 53 0.315
6241 17 57 0.3858
6258 17 53 0.2913
6275 17 57 0.3543
6293 17 53 0.3937
6310 17 57 0.2992
6327 5 53 0.3543
6333 28 51 0.3465
6339 22 55 0.4173
6344 137 60 0.4724
6362 17 51 0.2992
6379 17 55 0.378
6396 17 51 0.3071
6413 17 55 0.3543
6431 17 51 0.3071
6448 17 55 0.3858
6465 5 51 0.3543
6471 28 50 0.3465
6477 22 53 0.4173
6482 137 58 0.4724
6499 17 50 0.2913
6517 17 53 0.378
6534 17 50 0.2992
6551 17 53 0.3701
6568 17 50 0.2913
6586 17 53 0.3701
6603 5 50 0.2992
6609 28 48 0.2835
6614 22 51 0.3858
6620 413 57 0.4409
6637 17 48 0.2835
6655 17 51 0.3543
6672 17 48 0.2835
6689 17 51 0.3701
6706 17 48 0.2913
6724 17 51 0.378
6741 17 48 0.2913
6758 17 51 0.3858
6775 17 48 0.3071
6793 17 51 0.3937
6810 17 48 0.315
6827 17 51 0.4016
6844 17 48 0.3228
6862 17 51 0.4094
6879 17 48 0.3307
6896 17 51 0.4252
6913 17 48 0.3386
6931 17 51 0.4252
6948 17 48 0.3465
6965 17 51 0.4409
6982 17 48 0.3543
6999 17 51 0.4488
7017 17 48 0.3622
7034 137 60 0.6378
7034 17 51 0.5039
7051 17 48 0.3465
7068 17 51 0.4488
7086 17 48 0.315
7103 17 51 0.3858
7120 17 48 0.4252
7137 17 51 0.3228
7155 5 48 0.378
7160 28 49 0.3701
7166 22 52 0.4567
7172 137 57 0.5906
7189 17 49 0.315
7206 17 52 0.3937
7224 17 49 0.3228
7241 17 52 0.3858
7258 17 49 0.3386
7275 17 52 0.4016
7293 17 49 0.3622
7310 137 55 0.5354
7310 17 52 0.4567
7327 17 49 0.2992
7344 17 52 0.3858
7362 17 49 0.3071
7379 17 52 0.3701
7396 17 49 0.2913
7413 17 52 0.3701
7431 5 49 0.2992
7436 28 50 0.3858
7442 22 55 0.3858
7448 275 58 0.5276
7465 17 50 0.2835
7482 17 55 0.3543
7499 17 50 0.2835
7517 17 55 0.3701
7534 17 50 0.2913
7551 17 55 0.378
7568 17 50 0.2913
7586 17 55 0.3858
7603 17 50 0.3071
7620 17 55 0.378
7637 17 50 0.2992
7655 17 55 0.3701
7672 17 50 0.2913
7689 17 55 0.3622
7706 17 50 0.2835
7724 137 57 0.4252
7724 17 54 0.3543
7741 17 50 0.2835
7758 17 54 0.3543
7775 17 50 0.2835
7793 17 54 0.3543
7810 17 50 0.2835
7827 17 54 0.3543
7844 5 50 0.2835
7850 28 48 0.3071
7856 22 51 0.4252
7862 137 57 0.4961
7879 17 48 0.315
7896 17 51 0.3858
7913 17 48 0.2913
7931 17 51 0.3543
7948 17 48 0.3937
7965 17 51 0.2992
7982 5 48 0.3543
7988 28 46 0.3465
7994 22 50 0.4173
7999 137 55 0.4724
8017 17 46 0.2992
8034 17 50 0.378
8051 17 46 0.3071
8068 17 50 0.3543
8086 17 46 0.3071
8103 17 50 0.3858
8120 5 46 0.3543
8126 28 45 0.3465
8132 22 50 0.4173
8137 137 54 0.4724
8155 17 45 0.2913
8172 17 50 0.378
8189 17 45 0.2992
8206 17 50 0.3701
8224 17 45 0.2913
8241 17 50 0.3701
8258 4 45 0.2835
8262 293 43 0.3543
8267 284 50 0.3543
8271 21 58 0.3543
8275 413 62 0.4409
8293 17 55 0.2835
8310 17 58 0.3543
8327 17 55 0.2756
8344 17 58 0.3543
8362 17 55 0.2756
8379 17 58 0.3543
8396 17 55 0.2756
8413 17 58 0.3622
8431 17 55 0.2913
8448 17 58 0.3622
8465 17 55 0.2913
8482 17 58 0.3701
8499 17 55 0.2913
8517 17 58 0.3701
8534 17 55 0.2992
8551 17 58 0.3701
8568 17 55 0.2992
8586 17 58 0.378
8603 17 55 0.2992
8620 17 58 0.378
8637 17 55 0.2992
8655 17 58 0.3858
8672 17 55 0.3071
8689 137 62 0.5984
8689 17 59 0.4646
8706 17 55 0.3465
8724 17 59 0.4173
8741 17 55 0.3228
8758 17 59 0.3858
8775 17 55 0.4409
8793 17 59 0.3307
8810 17 55 0.3937
8827 137 63 0.6378
8827 17 60 0.5197
8844 17 55 0.3858
8862 17 60 0.4646
8879 17 55 0.3701
8896 17 60 0.4409
8913 17 55 0.3858
8931 17 60 0.4409
8948 17 55 0.4094
8965 137 60 0.5827
8965 137 63 0.5827
8965 17 58 0.5354
8982 17 54 0.3858
8999 17 58 0.4882
9017 17 54 0.3858
9034 17 58 0.4567
9051 17 54 0.3386
9068 17 58 0.4331
9086 17 54 0.3543
9103 413 60 0.5354
9103 413 63 0.5354
9103 17 57 0.3858
9120 17 53 0.2835
9137 17 57 0.3543
9155 17 53 0.2756
9172 17 57 0.3543
9189 17 53 0.2756
9206 17 57 0.3543
9224 17 53 0.2756
9241 17 57 0.3543
9258 17 53 0.2835
9275 17 57 0.3543
9293 17 53 0.2835
9310 17 57 0.3543
9327 17 53 0.2835
9344 17 57 0.3543
9362 17 53 0.2835
9379 17 57 0.3543
9396 17 53 0.2835
9413 17 57 0.3543
9431 17 53 0.2913
9448 17 57 0.3701
9465 17 53 0.2992
9482 17 57 0.378
9499 17 53 0.3071
9517 137 60 0.4961
9517 137 63 0.4961
9517 17 57 0.4252
9534 17 54 0.315
9551 17 57 0.3858
9568 17 54 0.2913
9586 17 57 0.3543
9603 17 54 0.3937
9620 17 57 0.2992
9637 17 54 0.3543
9655 137 62 0.4724
9655 17 58 0.4173
9672 17 55 0.2992
9689 17 58 0.378
9706 17 55 0.3071
9724 17 58 0.3543
9741 17 55 0.3071
9758 17 58 0.3858
9775 17 55 0.3543
9793 137 62 0.4724
9793 22 56 0.4173
9810 17 53 0.2913
9827 17 56 0.378
9844 17 53 0.2992
9862 17 56 0.3701
9879 17 53 0.2913
9896 17 56 0.3701
9913 5 53 0.2992
9919 28 51 0.2835
9925 22 55 0.3858
9931 413 60 0.4409
9948 17 51 0.2835
9965 17 55 0.3543
9982 17 51 0.2835
9999 17 55 0.3701
10017 17 51 0.2913
10034 17 55 0.378
10051 17 51 0.2913
10068 17 55 0.3858
10086 17 51 0.3071
10103 17 55 0.3937
10120 17 51 0.315
10137 17 55 0.4016
10155 17 51 0.3228
10172 17 55 0.4094
10189 17 51 0.3307
10206 17 55 0.4252
10224 17 51 0.3386
10241 17 55 0.4252
10258 17 51 0.3465
10275 17 55 0.4409
10293 17 51 0.3543
10310 17 55 0.4488
10327 17 51 0.3622
10344 137 61 0.6378
10344 17 55 0.5039
10362 17 52 0.3465
10379 17 55 0.4488
10396 17 52 0.315
10413 17 55 0.3858
10431 17 52 0.4252
10448 17 55 0.3228
10465 17 52 0.378
10482 137 60 0.5906
10482 22 55 0.4567
10499 17 52 0.315
10517 17 55 0.3937
10534 17 52 0.3228
10551 17 55 0.3858
10568 17 52 0.3386
10586 17 55 0.4016
10603 17 52 0.3622
10620 137 58 0.5354
10620 17 55 0.4567
10637 17 52 0.2992
10655 17 55 0.3858
10672 17 52 0.3071
10689 17 55 0.3701
10706 17 52 0.2913
10724 17 55 0.3701
10741 17 52 0.2913
10758 137 60 0.5354
10758 17 57 0.4094
10775 17 53 0.3307
10793 17 57 0.4094
10810 17 53 0.3228
10827 17 57 0.4016
10844 17 53 0.2992
10862 17 57 0.3937
10879 5 53 0.3228
10885 28 51 0.3228
10890 22 57 0.3937
10896 137 65 0.5669
10913 17 51 0.3386
10931 17 57 0.4173
10948 17 51 0.3858
10965 17 57 0.4252
10982 17 51 0.3386
10999 17 57 0.3937
11017 5 51 0.3307
11022 28 50 0.3543
11028 22 58 0.4094
11034 137 65 0.5591
11051 17 50 0.3386
11068 17 58 0.4094
11086 17 50 0.3386
11103 17 58 0.4173
11120 17 50 0.3465
11137 17 58 0.4173
11155 5 50 0.3465
11160 28 54 0.3701
11166 22 57 0.4173
11172 137 60 0.5827
11189 17 54 0.3465
11206 17 57 0.4252
11224 17 54 0.3465
11241 17 57 0.4252
11258 17 54 0.3543
11275 17 57 0.4331
11293 5 54 0.3543
11298 28 53 0.378
11304 22 58 0.4331
11310 137 62 0.5906
11327 17 53 0.3543
11344 17 58 0.4409
11362 17 53 0.3543
11379 17 58 0.4409
11396 17 53 0.3622
11413 17 58 0.4488
11431 5 53 0.3701
11436 28 51 0.3858
11442 22 57 0.4488
11448 137 65 0.5906
11465 17 51 0.3858
11482 17 57 0.4567
11499 17 51 0.378
11517 17 57 0.4567
11534 17 51 0.378
11551 17 57 0.4646
11568 5 51 0.378
11574 28 50 0.4094
11580 22 58 0.4646
11586 137 65 0.6063
11603 17 50 0.3858
11620 17 58 0.4567
11637 17 50 0.378
11655 17 58 0.4567
11672 17 50 0.3858
11689 17 58 0.4567
11706 17 50 0.3858
11724 137 66 0.6535
11724 17 58 0.4567
11741 17 50 0.3858
11758 17 58 0.4567
11775 17 50 0.3858
11793 17 58 0.4567
11810 17 50 0.3937
11827 17 58 0.4567
11844 5 50 0.4016
11850 28 51 0.4252
11856 22 58 0.4646
11862 137 67 0.6378
11879 17 51 0.4016
11896 17 58 0.4646
11913 17 51 0.4016
11931 17 58 0.4567
11948 17 51 0.4016
11965 17 58 0.4724
11982 17 51 0.4094
11999 137 67 0.6614
11999 17 61 0.4803
11999 17 58 0.4803
12017 17 52 0.4173
12034 17 61 0.4882
12034 17 58 0.4882
12051 17 52 0.4173
12068 17 61 0.4961
12068 17 58 0.4961
12086 17 52 0.4173
12103 17 61 0.5039
12103 17 58 0.5039
12120 17 52 0.4252
12137 137 70 0.6614
12137 17 61 0.5197
12137 17 64 0.5197
12155 17 55 0.4409
12172 17 61 0.5197
12172 17 64 0.5197
12189 17 55 0.4409
12206 17 61 0.5276
12206 17 64 0.5276
12224 17 55 0.4488
12241 17 61 0.5276
12241 17 64 0.5276
12258 17 55 0.4488
12275 137 73 0.685
12275 17 64 0.5276
12275 17 67 0.5276
12293 17 58 0.4567
12310 17 64 0.5354
12310 17 67 0.5354
12327 17 58 0.4488
12344 17 64 0.5433
12344 17 67 0.5433
12362 17 58 0.4961
12379 17 64 0.5669
12379 17 67 0.5669
12396 17 58 0.4488
12413 137 74 0.7087
12413 17 65 0.5669
12431 17 58 0.4567
12448 17 65 0.5512
12465 17 58 0.4567
12482 17 65 0.5512
12499 17 58 0.4646
12517 17 65 0.5591
12534 17 58 0.4567
12551 137 70 0.6535
12551 17 62 0.5512
12568 17 53 0.4567
12586 17 62 0.5433
12603 17 53 0.4488
12620 17 62 0.5354
12637 17 53 0.4409
12655 17 62 0.5276
12672 17 53 0.4409
12689 275 65 0.6142
12689 17 58 0.4961
12706 17 50 0.4094
12724 17 58 0.4882
12741 17 50 0.4016
12758 17 58 0.4882
12775 17 50 0.4016
12793 17 58 0.4803
12810 17 50 0.3937
12827 17 59 0.4724
12844 17 50 0.3858
12862 17 59 0.4724
12879 17 50 0.3858
12896 17 59 0.4646
12913 17 50 0.3858
12931 17 59 0.4567
12948 17 50 0.378
12965 275 65 0.5591
12965 17 60 0.4567
12982 17 51 0.378
12999 17 60 0.4488
13017 17 51 0.3701
13034 17 60 0.4409
13051 17 51 0.3622
13068 17 60 0.4409
13086 17 51 0.3622
13103 17 57 0.4409
13120 17 48 0.3543
13137 17 57 0.4331
13155 17 48 0.3543
13172 17 57 0.4252
13189 17 48 0.3465
13206 17 57 0.4173
13224 17 48 0.3465
13241 402 46 0.4409
13241 402 58 0.4409
13241 17 50 0.3543
13258 17 53 0.2835
13275 17 50 0.3543
13293 17 53 0.2835
13310 17 50 0.3701
13327 17 53 0.2992
13344 17 50 0.3858
13362 17 53 0.2992
13379 17 50 0.3858
13396 17 53 0.2835
13413 17 50 0.378
13431 17 53 0.3071
13448 17 50 0.4016
13465 17 53 0.3071
13482 17 50 0.4094
13499 17 53 0.3071
13517 17 50 0.4173
13534 17 53 0.3228
13551 17 50 0.3937
13568 17 53 0.2992
13586 17 50 0.4016
13603 17 53 0.2992
13620 17 50 0.3937
13637 17 53 0.2992
13643 137 46 0.3937
13649 40 53 0.378
13655 126 62 0.4488
13655 17 57 0.3937
13672 51 53 0.315
13689 17 57 0.3858
13706 51 53 0.2835
13724 17 57 0.3858
13741 40 53 0.315
13758 17 57 0.3858
13775 17 53 0.3071
13781 137 46 0.4173
13793 126 63 0.4961
13793 17 55 0.4094
13810 17 51 0.3386
13827 17 55 0.4252
13844 17 51 0.3228
13862 17 55 0.4252
13879 17 51 0.3543
13896 17 55 0.4331
13913 17 51 0.3622
13919 137 46 0.4409
13931 126 63 0.5354
13931 17 54 0.4331
13948 17 49 0.2992
13965 17 54 0.4409
13982 17 49 0.3071
13999 17 54 0.4331
14017 17 49 0.3386
14034 17 54 0.4252
14051 17 49 0.2992
14057 275 45 0.4724
14068 264 63 0.5591
14068 34 54 0.4488
14086 17 48 0.2835
14103 34 54 0.3543
14120 17 48 0.2835
14137 34 54 0.3701
14155 17 48 0.2913
14172 34 54 0.378
14189 17 48 0.2992
14206 34 53 0.4094
14224 17 48 0.3307
14241 34 53 0.3701
14258 17 48 0.2835
14275 34 53 0.3543
14293 17 48 0.2835
14310 34 53 0.3543
14327 17 48 0.2835
14333 137 46 0.4488
14344 126 62 0.5354
14344 17 53 0.3543
14362 17 50 0.2835
14379 17 53 0.3543
14396 17 50 0.2835
14413 17 53 0.3543
14431 17 50 0.2835
14448 17 53 0.3543
14471 137 46 0.3858
14477 40 53 0.3858
14482 126 62 0.4252
14482 17 57 0.3622
14499 51 53 0.2756
14517 17 57 0.3543
14534 51 53 0.2913
14551 17 57 0.3543
14568 40 53 0.2992
14586 17 57 0.3622
14603 17 51 0.2992
14609 137 46 0.4094
14620 126 63 0.4882
14620 22 55 0.3937
14637 17 51 0.3386
14655 17 55 0.4016
14672 17 51 0.3071
14689 17 55 0.3937
14706 17 51 0.3071
14724 17 55 0.4173
14741 17 51 0.3071
14747 137 46 0.4724
14758 126 63 0.5433
14758 22 54 0.4173
14775 17 49 0.2913
14793 17 54 0.378
14810 17 49 0.2992
14827 17 54 0.3701
14844 17 49 0.2913
14862 17 54 0.3701
14879 17 49 0.2913
14885 275 45 0.4724
14896 264 63 0.5591
14896 34 54 0.4488
14913 17 48 0.2835
14931 34 54 0.3543
14948 17 48 0.2756
14965 34 54 0.3858
14982 17 48 0.2992
14999 34 54 0.378
15017 17 48 0.315
15034 34 53 0.4094
15051 17 48 0.3228
15068 34 53 0.3622
15086 17 48 0.2835
15103 34 53 0.3543
15120 17 48 0.2835
15137 34 53 0.3543
15155 17 48 0.2835
15160 149 46 0.4488
15172 137 62 0.5354
15172 22 53 0.3543
15195 22 50 0.2835
15218 22 53 0.3543
15241 22 50 0.2835
15264 22 53 0.3543
15287 22 50 0.2835
15310 137 56 0.4567
15310 137 58 0.5354
15310 22 53 0.4016
15333 22 50 0.3386
15356 22 53 0.4016
15379 22 50 0.3386
15402 22 53 0.4016
15425 22 50 0.3386
15448 137 58 0.5354
15448 22 55 0.4016
15471 22 51 0.3386
15494 22 55 0.4016
15517 22 51 0.3386
15540 22 55 0.4016
15563 22 51 0.3307
15586 137 58 0.4409
15586 137 60 0.5591
15586 22 55 0.4252
15609 22 52 0.3465
15632 22 55 0.4252
15655 22 52 0.3622
15678 22 55 0.4252
15701 22 52 0.3622
15724 137 60 0.5591
15724 22 57 0.4252
15747 22 53 0.3465
15770 22 57 0.4252
15793 22 53 0.3622
15816 22 57 0.4252
15839 22 53 0.3622
15862 137 60 0.4646
15862 137 62 0.5827
15862 22 57 0.4409
15885 22 54 0.3622
15908 22 57 0.4409
15931 22 54 0.378
15954 22 57 0.4409
15977 22 54 0.378
15999 137 62 0.5827
15999 22 58 0.4409
16022 22 55 0.3622
16045 22 58 0.4409
16068 22 55 0.378
16091 22 58 0.4488
16114 22 55 0.378
16137 137 65 0.6063
16137 137 63 0.4803
16137 22 60 0.4646
16160 22 57 0.378
16183 22 60 0.4646
16206 22 57 0.4016
16229 22 60 0.4646
16252 22 57 0.4016
16275 137 65 0.6063
16275 22 62 0.4646
16298 22 58 0.3858
16321 22 62 0.4646
16344 22 58 0.4016
16367 22 62 0.4646
16390 22 58 0.4094
16413 137 65 0.5039
16413 137 69 0.6299
16413 22 63 0.4882
16436 22 60 0.4094
16459 22 63 0.4882
16482 22 60 0.4252
16505 22 63 0.4882
16528 22 60 0.4252
16551 137 70 0.6299
16551 22 65 0.4961
16574 22 62 0.4094
16597 22 65 0.4961
16620 22 62 0.4252
16643 22 65 0.4961
16666 22 62 0.4252
16689 137 70 0.6299
16689 22 66 0.4961
16712 22 63 0.4094
16735 22 66 0.4961
16758 22 63 0.4331
16781 22 66 0.4961
16804 22 63 0.4331
16827 137 70 0.5354
16827 137 72 0.6693
16827 22 67 0.4961
16850 22 64 0.4173
16873 22 67 0.5039
16896 22 64 0.4331
16919 22 67 0.5039
16942 22 64 0.4331
16965 137 73 0.6614
16965 22 67 0.4094
16965 22 70 0.5197
16988 22 64 0.4173
17011 22 67 0.4094
17011 22 70 0.5197
17034 22 64 0.4331
17057 22 67 0.4094
17057 22 70 0.5197
17080 22 64 0.4409
17103 137 79 0.685
17103 22 70 0.4094
17103 22 73 0.5197
17126 22 64 0.4331
17149 22 70 0.4094
17149 22 73 0.5197
17172 22 64 0.4567
17195 22 70 0.4094
17195 22 73 0.5197
17218 22 64 0.4567
17241 137 82 0.6929
17241 22 73 0.4252
17241 22 76 0.5354
17264 22 67 0.4331
17287 22 73 0.4252
17287 22 76 0.5354
17310 22 67 0.4567
17333 22 73 0.4252
17333 22 76 0.5354
17356 22 64 0.4567
17379 137 77 0.6693
17379 22 70 0.4094
17379 22 74 0.5197
17402 22 65 0.4331
17425 22 70 0.4094
17425 22 74 0.5118
17448 22 65 0.4409
17471 22 70 0.4016
17471 22 74 0.5039
17494 22 65 0.4409
17517 137 74 0.6299
17517 22 65 0.4016
17517 22 70 0.5039
17540 22 62 0.4173
17563 22 65 0.4016
17563 22 70 0.5039
17586 22 62 0.4331
17609 22 65 0.3937
17609 22 70 0.4961
17632 22 62 0.4331
17655 137 70 0.6142
17655 22 62 0.3858
17655 22 65 0.4882
17678 22 58 0.4094
17701 22 62 0.3858
17701 22 65 0.4803
17724 22 58 0.4173
17747 22 62 0.378
17747 22 65 0.4803
17770 22 58 0.4173
17793 137 65 0.6142
17793 22 58 0.3858
17793 22 62 0.4803
17816 22 53 0.4016
17839 22 58 0.378
17839 22 62 0.4803
17862 22 53 0.4173
17885 22 58 0.378
17885 22 62 0.4724
17908 11 53 0.4094
17919 34 57 0.378
17925 28 60 0.4488
17931 137 66 0.5669
17954 22 51 0.3937
17977 22 57 0.4567
17977 22 60 0.4567
17999 22 51 0.4094
18022 22 57 0.4409
18022 22 60 0.4409
18045 22 51 0.4016
18068 137 57 0.5354
18068 22 48 0.3386
18068 22 51 0.4252
18091 22 41 0.3543
18114 22 48 0.3386
18114 22 51 0.4252
18137 22 41 0.3622
18160 22 48 0.3386
18160 22 51 0.4252
18183 22 41 0.3622
18206 137 58 0.5276
18206 22 50 0.3937
18229 22 46 0.3307
18252 22 50 0.3937
18275 22 46 0.315
18298 22 50 0.3858
18321 22 46 0.3071
18344 137 57 0.5118
18344 22 50 0.3858
18367 22 46 0.3071
18390 22 50 0.378
18413 22 46 0.3071
18436 22 50 0.378
18459 22 46 0.2992
18482 137 56 0.5039
18482 22 50 0.3701
18505 22 46 0.2992
18528 22 50 0.3701
18551 22 46 0.2992
18574 22 50 0.3622
18597 22 46 0.2677
18620 137 55 0.4882
18620 22 51 0.3622
18643 22 46 0.2835
18666 22 51 0.3543
18689 22 46 0.2677
18712 22 51 0.3543
18735 22 46 0.2677
18758 137 54 0.4803
18758 22 51 0.3465
18781 22 45 0.2756
18804 22 51 0.3465
18827 22 45 0.2598
18850 22 51 0.3386
18873 22 45 0.2598
18896 137 53 0.4646
18896 22 51 0.3386
18919 22 45 0.2598
18942 22 51 0.3307
18965 22 45 0.2598
18988 22 51 0.3307
19011 22 45 0.2598
19034 275 53 0.4646
19034 22 51 0.3465
19057 22 46 0.2835
19080 22 51 0.3465
19103 22 46 0.2835
19126 22 51 0.3386
19149 22 46 0.252
19172 22 51 0.3386
19195 22 46 0.2677
19218 22 51 0.3307
19241 22 46 0.252
19264 22 51 0.3307
19287 22 46 0.252
19310 275 53 0.4409
19310 22 50 0.3228
19333 22 46 0.2598
19356 22 50 0.3228
19379 22 46 0.2441
19402 22 50 0.315
19425 22 46 0.2441
19448 22 50 0.315
19471 22 46 0.2441
19494 22 50 0.3071
19517 22 46 0.2441
19540 22 50 0.3071
19563 22 46 0.2441
19586 206 50 0.5827
19586 206 62 0.5827
19586 275 54 0.4409
19586 22 48 0.4409
19609 22 45 0.3701
19632 22 48 0.4409
19655 22 45 0.3858
19678 22 48 0.4488
19701 22 45 0.3937
19724 22 48 0.4567
19747 22 45 0.4094
19770 22 48 0.4646
19793 68 50 0.5906
19793 68 62 0.5906
19793 22 45 0.4094
19816 22 48 0.4724
19839 22 45 0.4173
19862 17 50 0.4646
19862 17 59 0.4646
19862 275 31 0.4409
19862 275 35 0.4409
19862 275 38 0.4409
19862 275 43 0.5276
19879 17 62 0.4016
19896 17 50 0.4646
19896 17 59 0.4646
19913 17 62 0.4094
19931 17 50 0.4567
19931 17 59 0.4567
19948 17 62 0.3937
19965 17 50 0.4488
19965 17 59 0.4488
19982 17 62 0.4094
19999 17 50 0.4488
19999 17 59 0.4488
20017 17 62 0.3858
20034 17 50 0.4409
20034 17 59 0.4409
20051 17 62 0.3937
20068 17 50 0.4409
20068 17 59 0.4409
20086 17 62 0.3858
20103 17 50 0.4331
20103 17 59 0.4331
20120 17 62 0.3937
20137 17 50 0.4331
20137 17 59 0.4331
20155 17 62 0.3701
20172 17 50 0.4252
20172 17 59 0.4252
20189 17 62 0.378
20206 17 50 0.4252
20206 17 59 0.4252
20224 17 62 0.3701
20241 17 50 0.4173
20241 17 59 0.4173
20258 17 62 0.378
20275 137 67 0.622
20275 137 79 0.622
20275 22 47 0.5669
20298 22 55 0.4882
20321 22 47 0.5591
20344 22 55 0.4646
20367 22 47 0.5591
20390 22 55 0.4882
20413 137 66 0.6063
20413 137 78 0.6063
20413 22 48 0.5591
20436 22 57 0.4882
20459 22 48 0.5512
20482 22 57 0.4646
20505 22 48 0.5433
20528 22 57 0.4646
20551 137 65 0.5906
20551 137 77 0.5906
20551 22 50 0.5433
20574 22 59 0.4724
20597 22 50 0.5591
20620 22 59 0.5039
20643 22 50 0.5669
20666 22 59 0.5197
20689 137 63 0.5827
20689 137 75 0.5827
20689 22 51 0.5906
20712 22 60 0.4803
20735 22 51 0.5276
20758 22 60 0.4567
20781 22 51 0.5276
20804 22 60 0.4567
20827 137 68 0.5197
20827 137 71 0.5748
20827 137 74 0.5748
20827 22 53 0.5197
20850 22 62 0.4646
20873 22 53 0.5118
20896 22 62 0.4488
20919 22 53 0.5118
20942 22 62 0.4488
20965 137 67 0.5591
20965 137 72 0.5591
20965 22 55 0.5039
20988 22 63 0.4488
21011 22 55 0.4961
21034 22 63 0.4409
21057 22 55 0.5039
21080 22 63 0.4488
21103 22 63 0.5512
21103 22 55 0.5512
21103 137 27 0.4882
21103 137 39 0.5827
21126 22 67 0.4488
21149 22 63 0.5118
21149 22 55 0.5118
21172 22 67 0.4567
21195 22 55 0.5276
21195 22 63 0.5276
21218 22 67 0.4724
21241 22 62 0.5827
21241 22 53 0.5827
21241 137 29 0.4961
21241 137 41 0.5906
21264 22 65 0.4882
21287 22 62 0.5433
21287 22 53 0.5433
21310 22 65 0.4961
21333 22 53 0.5512
21333 22 62 0.5512
21356 22 65 0.5039
21379 22 60 0.6142
21379 22 51 0.6142
21379 68 30 0.5039
21379 68 42 0.6063
21402 22 63 0.5118
21425 22 60 0.5748
21425 22 51 0.5748
21448 22 63 0.5276
21471 22 51 0.5906
21471 22 60 0.5906
21482 8 31 0.5118
21491 8 35 0.5433
21494 22 63 0.5433
21499 8 38 0.5827
21508 8 43 0.6142
21517 17 50 0.4646
21517 17 59 0.4646
21517 413 71 0.7008
21517 413 74 0.7008
21534 17 62 0.4016
21551 17 50 0.4646
21551 17 59 0.4646
21568 17 62 0.4252
21586 17 50 0.4724
21586 17 59 0.4724
21603 17 62 0.4173
21620 17 50 0.4724
21620 17 59 0.4724
21637 17 62 0.4409
21655 17 50 0.4803
21655 17 59 0.4803
21672 17 62 0.4173
21689 17 50 0.4882
21689 17 59 0.4882
21706 17 62 0.4409
21724 17 50 0.4961
21724 17 59 0.4961
21741 17 62 0.4409
21758 17 50 0.4961
21758 17 59 0.4961
21775 17 62 0.4567
21793 17 50 0.5039
21793 17 59 0.5039
21810 17 62 0.4331
21827 17 50 0.4961
21827 17 59 0.4961
21844 17 62 0.4409
21862 17 50 0.4803
21862 17 59 0.4803
21879 17 62 0.4252
21896 17 50 0.4724
21896 17 59 0.4724
21913 17 62 0.4252
21931 68 53 0.6535
21954 22 56 0.4803
21977 68 53 0.5276
21999 137 59 0.4724
21999 137 62 0.4724
21999 137 71 0.5748
21999 22 56 0.4803
22022 45 53 0.5276
22045 22 56 0.4724
22068 68 51 0.6614
22091 22 55 0.4567
22114 68 51 0.5039
22137 137 60 0.5197
22137 137 63 0.5197
22137 137 72 0.622
22137 22 55 0.4646
22160 45 51 0.5039
22183 22 55 0.4724
22206 68 44 0.6693
22229 22 53 0.4961
22252 68 44 0.5354
22275 137 62 0.5276
22275 137 65 0.5276
22275 137 74 0.6299
22275 22 53 0.4882
22298 45 44 0.5354
22321 22 53 0.5354
22344 68 43 0.6772
22367 22 51 0.4803
22390 68 43 0.5276
22413 137 63 0.5512
22413 137 67 0.5512
22413 137 75 0.6535
22413 22 51 0.4961
22436 45 43 0.5354
22459 22 51 0.4882
22482 68 41 0.6772
22505 22 50 0.5118
22528 68 41 0.5512
22551 137 65 0.5669
22551 137 74 0.5669
22551 137 77 0.6693
22551 22 50 0.5039
22574 45 41 0.5512
22597 22 50 0.4961
22620 68 39 0.6929
22643 22 48 0.5197
22666 68 39 0.5591
22689 137 67 0.5906
22689 137 75 0.5906
22689 137 79 0.6929
22689 22 48 0.5276
22712 45 39 0.5669
22735 22 48 0.5197
22758 68 38 0.7008
22781 22 47 0.5276
22804 68 38 0.5748
22827 137 67 0.6142
22827 137 77 0.6142
22827 137 79 0.7244
22827 22 47 0.5197
22850 45 38 0.5669
22873 22 47 0.5433
22896 137 36 0.7087
22896 22 39 0.6614
22919 22 48 0.5433
22942 22 39 0.5827
22965 137 87 0.7953
22965 137 79 0.6693
22965 137 75 0.6693
22965 22 48 0.5354
22988 22 39 0.5748
23011 22 48 0.5354
23034 45 34 0.7165
23034 22 40 0.6772
23057 22 46 0.5591
23080 45 34 0.5906
23080 22 40 0.5906
23103 68 86 0.8031
23103 68 80 0.6693
23103 68 74 0.6693
23103 22 46 0.5591
23126 45 34 0.5906
23126 22 40 0.5827
23149 22 46 0.5591
23172 68 85 0.8346
23172 68 81 0.7008
23172 68 73 0.7008
23172 68 33 0.6929
23172 68 40 0.6929
23172 68 45 0.6929
23310 17 52 0.4882
23310 17 61 0.4882
23327 17 64 0.4173
23344 17 52 0.4803
23344 17 61 0.4803
23362 17 64 0.4331
23379 17 52 0.4803
23379 17 61 0.4803
23396 17 64 0.4173
23413 17 52 0.4724
23413 17 61 0.4724
23431 17 64 0.4331
23448 17 52 0.4724
23448 17 61 0.4724
23465 17 64 0.4016
23482 17 52 0.4646
23482 17 61 0.4646
23499 17 64 0.4094
23517 17 52 0.4646
23517 17 61 0.4646
23534 17 64 0.4016
23551 17 52 0.4567
23551 17 61 0.4567
23568 17 64 0.4094
23586 137 69 0.622
23586 137 81 0.622
23586 22 49 0.5669
23609 22 57 0.4882
23632 22 49 0.5591
23655 22 57 0.4646
23678 22 49 0.5591
23701 22 57 0.4882
23724 137 68 0.6063
23724 137 80 0.6063
23724 22 50 0.5591
23747 22 59 0.4882
23770 22 50 0.5512
23793 22 59 0.4646
23816 22 50 0.5433
23839 22 59 0.4646
23862 137 67 0.5906
23862 137 79 0.5906
23862 22 52 0.5433
23885 22 61 0.4724
23908 22 52 0.5354
23931 22 61 0.4646
23954 22 52 0.5433
23977 22 61 0.4724
23999 137 65 0.5827
23999 137 77 0.5827
23999 22 53 0.5748
24022 22 62 0.4882
24045 22 53 0.5276
24068 22 62 0.4567
24091 22 53 0.5276
24114 22 62 0.4567
24137 137 70 0.5197
24137 137 73 0.5748
24137 137 76 0.5748
24137 22 55 0.5197
24160 22 64 0.4646
24183 22 55 0.5118
24206 22 64 0.4488
24229 22 55 0.5118
24252 22 64 0.4488
24275 137 69 0.5591
24275 137 74 0.5591
24275 22 57 0.5039
24298 22 65 0.4488
24321 22 57 0.4961
24344 22 65 0.4409
24367 22 57 0.5039
24390 22 65 0.4488
24413 22 65 0.5512
24413 22 57 0.5512
24413 137 29 0.4882
24413 137 41 0.5827
24436 22 69 0.4488
24459 22 65 0.5118
24459 22 57 0.5118
24482 22 69 0.4567
24505 22 57 0.5276
24505 22 65 0.5276
24528 22 69 0.4724
24551 22 64 0.5827
24551 22 55 0.5827
24551 137 31 0.4961
24551 137 43 0.5906
24574 22 67 0.4882
24597 22 64 0.5433
24597 22 55 0.5433
24620 22 67 0.4961
24643 22 55 0.5512
24643 22 64 0.5512
24666 22 67 0.5039
24689 22 62 0.6142
24689 22 53 0.6142
24689 68 32 0.5039
24689 68 44 0.6063
24712 22 65 0.5118
24735 22 62 0.5748
24735 22 53 0.5748
24758 22 65 0.5276
24781 22 53 0.5906
24781 22 62 0.5906
24793 8 33 0.5118
24801 8 37 0.5433
24804 22 65 0.5433
24810 8 40 0.5827
24818 8 45 0.6142
24827 17 52 0.4646
24827 17 61 0.4646
24827 413 73 0.7008
24827 413 76 0.7008
24844 17 64 0.4016
24862 17 52 0.4646
24862 17 61 0.4646
24879 17 64 0.4252
24896 17 52 0.4724
24896 17 61 0.4724
24913 17 64 0.4173
24931 17 52 0.4724
24931 17 61 0.4724
24948 17 64 0.4409
24965 17 52 0.4803
24965 17 61 0.4803
24982 17 64 0.4173
24999 17 52 0.4882
24999 17 61 0.4882
25017 17 64 0.4409
25034 17 52 0.4961
25034 17 61 0.4961
25051 17 64 0.4409
25068 17 52 0.4961
25068 17 61 0.4961
25086 17 64 0.4567
25103 17 52 0.5039
25103 17 61 0.5039
25120 17 64 0.4331
25137 17 52 0.4961
25137 17 61 0.4961
25155 17 64 0.4409
25172 17 52 0.4803
25172 17 61 0.4803
25189 17 64 0.4252
25206 17 52 0.4724
25206 17 61 0.4724
25224 17 64 0.4331
25241 68 55 0.6535
25264 22 58 0.4724
25287 68 55 0.5276
25310 137 61 0.4724
25310 137 64 0.4724
25310 137 73 0.5748
25310 22 58 0.4646
25333 45 55 0.5276
25356 22 58 0.4724
25379 68 53 0.6614
25402 22 57 0.4567
25425 68 53 0.5039
25448 137 62 0.5197
25448 137 65 0.5197
25448 137 74 0.622
25448 22 57 0.4488
25471 45 53 0.5039
25494 22 57 0.4646
25517 68 46 0.6693
25540 22 55 0.4882
25563 68 46 0.5354
25586 137 64 0.5276
25586 137 67 0.5276
25586 137 76 0.6299
25586 22 55 0.4724
25609 45 46 0.5354
25632 22 55 0.4803
25655 68 45 0.6772
25678 22 53 0.4724
25701 68 45 0.5276
25724 137 65 0.5512
25724 137 69 0.5512
25724 137 77 0.6535
25724 22 53 0.4724
25747 45 45 0.5354
25770 22 53 0.4882
25793 68 43 0.685
25816 22 52 0.5039
25839 68 43 0.5512
25862 137 67 0.5748
25862 137 76 0.5748
25862 137 79 0.6772
25862 22 52 0.4961
25885 45 43 0.5512
25908 22 52 0.5039
25931 68 41 0.7008
25954 22 50 0.5118
25977 68 41 0.5591
25999 137 69 0.6063
25999 137 77 0.6063
25999 137 81 0.7087
25999 22 50 0.5118
26022 45 41 0.5669
26045 22 50 0.5276
26068 68 40 0.7165
26091 22 49 0.5354
26114 68 40 0.5748
26137 137 69 0.6299
26137 137 79 0.6299
26137 137 81 0.7402
26137 22 49 0.5197
26160 45 40 0.5669
26183 22 49 0.5276
26206 45 38 0.7244
26206 22 45 0.6614
26206 22 41 0.5669
26229 22 50 0.5512
26252 22 45 0.5039
26252 22 38 0.5039
26252 22 41 0.5827
26275 137 89 0.8268
26275 137 81 0.6929
26275 137 77 0.6772
26275 22 50 0.5433
26298 22 45 0.5512
26298 22 38 0.5512
26298 22 41 0.5748
26321 22 50 0.5433
26344 45 37 0.7402
26344 22 45 0.6772
26344 22 40 0.6772
26367 22 49 0.5512
26390 22 45 0.5906
26390 22 37 0.5906
26390 22 40 0.5906
26413 68 88 0.8268
26413 68 81 0.685
26413 68 76 0.6535
26413 22 49 0.5433
26436 22 40 0.5827
26436 22 37 0.5906
26436 22 45 0.5827
26459 22 49 0.5512
26465 8 36 0.6929
26474 8 48 0.6929
26482 17 75 0.5748
26482 17 77 0.5748
26482 17 81 0.685
26482 275 60 0.811
26499 17 87 0.5748
26517 17 75 0.4882
26517 17 77 0.4882
26517 17 81 0.5748
26534 17 87 0.5512
26551 17 75 0.4803
26551 17 77 0.4803
26551 17 81 0.5669
26568 17 87 0.5591
26586 17 75 0.4803
26586 17 77 0.4803
26586 17 81 0.5669
26603 17 87 0.5512
26620 17 75 0.4961
26620 17 77 0.4961
26620 17 81 0.5984
26637 17 87 0.5354
26655 17 75 0.4331
26655 17 77 0.4331
26655 17 81 0.5118
26672 17 87 0.5118
26689 17 75 0.4252
26689 17 77 0.4252
26689 17 81 0.5039
26706 17 87 0.5118
26724 17 75 0.4173
26724 17 77 0.4173
26724 17 81 0.5039
26741 17 87 0.5197
26741 8 35 0.6929
26749 8 47 0.6929
26758 17 75 0.5354
26758 17 77 0.5354
26758 17 81 0.6378
26758 137 59 0.811
26775 17 87 0.5433
26793 17 75 0.4409
26793 17 77 0.4409
26793 17 81 0.5276
26810 17 87 0.5433
26827 17 75 0.4409
26827 17 77 0.4409
26827 17 81 0.5276
26844 17 87 0.5433
26862 17 75 0.4409
26862 17 77 0.4409
26862 17 81 0.5276
26879 17 87 0.5433
26896 45 81 0.7323
26896 22 75 0.4882
26896 22 77 0.5827
26896 137 60 0.6614
26896 137 72 0.6614
26919 22 87 0.5354
26942 22 75 0.4882
26942 22 77 0.4882
26942 22 81 0.5827
26965 22 87 0.5354
26988 22 75 0.4961
26988 22 77 0.4961
26988 22 81 0.5906
27011 22 87 0.5433
27034 45 83 0.7717
27034 22 75 0.5039
27034 22 77 0.5984
27034 137 59 0.6929
27034 137 71 0.6929
27057 22 87 0.5512
27080 22 75 0.5118
27080 22 77 0.5118
27080 22 83 0.6063
27103 22 87 0.5512
27126 22 75 0.5118
27126 22 77 0.5118
27126 22 83 0.6063
27149 22 87 0.5512
27172 45 84 0.8031
27172 22 75 0.5197
27172 22 77 0.6142
27172 137 57 0.7244
27172 137 69 0.7244
27195 22 87 0.5669
27218 22 75 0.5276
27218 22 77 0.5276
27218 22 84 0.622
27241 22 87 0.5669
27264 22 75 0.5354
27264 22 77 0.5354
27264 22 84 0.6299
27287 22 87 0.5748
27310 22 76 0.5433
27310 22 80 0.6378
27310 137 64 0.7244
27310 34 56 0.6693
27333 22 88 0.5906
27356 22 76 0.5512
27356 22 80 0.5512
27379 22 88 0.5906
27379 34 40 0.5591
27402 22 76 0.5591
27402 22 80 0.5591
27425 22 88 0.5984
27448 45 84 0.8031
27448 22 75 0.5433
27448 137 63 0.7402
27448 34 60 0.6535
27471 22 87 0.5906
27494 22 75 0.5512
27494 22 84 0.5512
27517 22 87 0.5906
27517 34 52 0.5512
27540 22 75 0.5591
27540 22 84 0.5591
27563 22 87 0.5984
27586 45 83 0.7953
27586 22 74 0.5433
27586 137 62 0.7323
27586 34 59 0.6614
27609 22 86 0.5906
27632 22 74 0.5512
27632 22 83 0.5512
27655 22 86 0.5906
27655 34 40 0.5669
27678 22 74 0.5591
27678 22 83 0.5591
27701 22 86 0.5984
27724 45 82 0.7874
27724 22 73 0.5433
27724 137 61 0.7244
27724 34 58 0.6614
27747 22 85 0.5906
27770 22 73 0.5512
27770 22 82 0.5512
27793 22 85 0.5906
27793 34 52 0.5669
27816 22 73 0.5591
27816 22 82 0.5591
27839 22 85 0.5984
27862 45 81 0.7717
27862 22 72 0.5433
27862 137 60 0.7165
27862 34 51 0.6772
27862 34 57 0.6772
27885 22 84 0.5906
27908 22 72 0.5512
27908 22 81 0.5512
27931 22 84 0.5906
27931 34 40 0.5669
27954 22 72 0.5591
27954 22 81 0.5591
27977 22 84 0.5984
27999 45 80 0.7638
27999 22 71 0.5433
27999 120 59 0.7087
27999 34 52 0.5906
27999 34 56 0.7008
28022 22 83 0.5906
28045 22 71 0.5512
28045 22 80 0.5512
28068 22 83 0.5906
28091 22 71 0.5591
28091 22 80 0.5591
28114 22 83 0.5984
28120 8 37 0.6929
28129 8 49 0.6929
28137 17 76 0.5748
28137 17 79 0.5748
28137 17 82 0.685
28137 275 61 0.811
28155 17 88 0.5748
28172 17 76 0.4882
28172 17 79 0.4882
28172 17 82 0.5748
28189 17 88 0.5512
28206 17 76 0.4803
28206 17 79 0.4803
28206 17 82 0.5669
28224 17 88 0.5591
28241 17 76 0.4803
28241 17 79 0.4803
28241 17 82 0.5669
28258 17 88 0.5512
28275 17 76 0.4961
28275 17 79 0.4961
28275 17 82 0.5984
28293 17 88 0.5354
28310 17 76 0.4331
28310 17 79 0.4331
28310 17 82 0.5118
28327 17 88 0.5118
28344 17 76 0.4252
28344 17 79 0.4252
28344 17 82 0.5039
28362 17 88 0.5118
28379 17 76 0.4173
28379 17 79 0.4173
28379 17 82 0.5039
28396 17 88 0.5197
28396 8 36 0.6929
28405 8 48 0.6929
28413 17 76 0.5354
28413 17 79 0.5354
28413 17 82 0.6378
28413 137 60 0.811
28431 17 88 0.5433
28448 17 76 0.4409
28448 17 79 0.4409
28448 17 82 0.5276
28465 17 88 0.5433
28482 17 76 0.4409
28482 17 79 0.4409
28482 17 82 0.5276
28499 17 88 0.5433
28517 17 76 0.4409
28517 17 79 0.4409
28517 17 82 0.5276
28534 17 88 0.5433
28551 45 82 0.7323
28551 22 76 0.4882
28551 22 79 0.5827
28551 137 61 0.6614
28551 137 73 0.6614
28574 22 88 0.5354
28597 22 76 0.4882
28597 22 79 0.4882
28597 22 82 0.5827
28620 22 88 0.5354
28643 22 76 0.4961
28643 22 79 0.4961
28643 22 82 0.5906
28666 22 88 0.5433
28689 45 84 0.7717
28689 22 76 0.5039
28689 22 79 0.5984
28689 137 60 0.6929
28689 137 72 0.6929
28712 22 88 0.5512
28735 22 76 0.5118
28735 22 79 0.5118
28735 22 84 0.6063
28758 22 88 0.5512
28781 22 76 0.5118
28781 22 79 0.5118
28781 22 84 0.6063
28804 22 88 0.5512
28827 45 85 0.8031
28827 22 76 0.5197
28827 22 79 0.6142
28827 137 58 0.7244
28827 137 70 0.7244
28850 22 88 0.5669
28873 22 76 0.5276
28873 22 79 0.5276
28873 22 85 0.622
28896 22 88 0.5669
28919 22 76 0.5354
28919 22 79 0.5354
28919 22 85 0.6299
28942 22 88 0.5748
28965 22 77 0.5433
28965 22 81 0.6378
28965 137 65 0.7244
28965 34 57 0.6457
28988 22 89 0.5906
29011 22 77 0.5512
29011 22 81 0.5512
29034 22 89 0.5906
29034 34 41 0.5591
29057 22 77 0.5591
29057 22 81 0.5591
29080 22 89 0.5984
29103 45 85 0.8031
29103 22 76 0.5433
29103 137 64 0.7402
29103 34 61 0.6693
29126 22 88 0.5906
29149 22 76 0.5512
29149 22 85 0.5512
29172 22 88 0.5906
29172 34 53 0.5512
29195 22 76 0.5591
29195 22 85 0.5591
29218 22 88 0.5984
29241 45 84 0.7953
29241 22 75 0.5433
29241 137 63 0.7323
29241 34 60 0.6299
29264 22 87 0.5906
29287 22 75 0.5512
29287 22 84 0.5512
29310 22 87 0.5906
29310 34 41 0.5669
29333 22 75 0.5591
29333 22 84 0.5591
29356 22 87 0.5984
29379 45 83 0.7874
29379 22 74 0.5433
29379 137 62 0.7244
29379 34 59 0.6378
29402 22 86 0.5906
29425 22 74 0.5512
29425 22 83 0.5512
29448 22 86 0.5906
29448 34 53 0.5669
29471 22 74 0.5591
29471 22 83 0.5591
29494 22 86 0.5984
29517 45 82 0.7717
29517 22 73 0.5433
29517 137 61 0.7165
29517 34 52 0.5433
29517 34 58 0.6378
29540 22 85 0.5906
29563 22 73 0.5512
29563 22 82 0.5512
29586 22 85 0.5906
29586 34 41 0.5669
29609 22 73 0.5591
29609 22 82 0.5591
29632 22 85 0.5984
29655 45 81 0.7638
29655 22 72 0.5433
29655 137 60 0.7087
29655 34 53 0.5433
29655 34 57 0.6378
29678 22 84 0.5906
29701 22 72 0.5512
29701 22 81 0.5512
29724 22 84 0.5906
29747 22 72 0.5591
29747 22 81 0.5591
29770 22 84 0.5984
29775 8 39 0.6929
29784 8 51 0.6929
29793 17 78 0.5748
29793 17 81 0.5748
29793 17 84 0.685
29793 275 63 0.811
29810 17 90 0.5748
29827 17 78 0.4882
29827 17 81 0.4882
29827 17 84 0.5748
29844 17 90 0.5591
29862 17 78 0.4882
29862 17 81 0.4882
29862 17 84 0.5748
29879 17 90 0.5669
29896 17 78 0.4882
29896 17 81 0.4882
29896 17 84 0.5748
29913 17 90 0.5669
29931 17 78 0.5118
29931 17 81 0.5118
29931 17 84 0.6142
29948 17 90 0.5512
29965 17 78 0.4488
29965 17 81 0.4488
29965 17 84 0.5354
29982 17 90 0.5354
29999 17 78 0.4409
29999 17 81 0.4409
29999 17 84 0.5276
30017 17 90 0.5354
30034 17 78 0.4409
30034 17 81 0.4409
30034 17 84 0.5276
30051 17 90 0.5433
30051 8 38 0.6929
30060 8 50 0.6929
30068 17 78 0.5354
30068 17 81 0.5354
30068 17 84 0.6378
30068 137 62 0.811
30086 17 90 0.5433
30103 17 78 0.4409
30103 17 81 0.4409
30103 17 84 0.5276
30120 17 90 0.5433
30137 17 78 0.4409
30137 17 81 0.4409
30137 17 84 0.5276
30155 17 90 0.5433
30172 17 78 0.4409
30172 17 81 0.4409
30172 17 84 0.5276
30189 17 90 0.5433
30206 45 84 0.7323
30206 22 78 0.4882
30206 22 81 0.5827
30206 137 63 0.6614
30206 137 75 0.6614
30229 22 90 0.5354
30252 22 78 0.4882
30252 22 81 0.4882
30252 22 84 0.5827
30275 22 90 0.5354
30298 22 78 0.4961
30298 22 81 0.4961
30298 22 84 0.5906
30321 22 90 0.5433
30344 45 86 0.7717
30344 22 78 0.5039
30344 22 81 0.5984
30344 137 62 0.6929
30344 137 74 0.6929
30367 22 90 0.5512
30390 22 78 0.5118
30390 22 81 0.5118
30390 22 86 0.6063
30413 22 90 0.5512
30436 22 78 0.5118
30436 22 81 0.5118
30436 22 86 0.6063
30459 22 90 0.5512
30482 45 87 0.8031
30482 22 78 0.5197
30482 22 81 0.6142
30482 137 60 0.7244
30482 137 72 0.7244
30505 22 90 0.5669
30528 22 78 0.5276
30528 22 81 0.5276
30528 22 87 0.622
30551 22 90 0.5669
30574 22 78 0.5354
30574 22 81 0.5354
30574 22 87 0.6299
30597 22 90 0.5748
30620 22 79 0.5433
30620 22 83 0.6378
30620 137 59 0.6614
30620 137 67 0.7244
30620 34 55 0.6299
30643 45 91 0.8031
30666 22 79 0.5512
30666 22 83 0.5512
30689 45 91 0.5906
30689 34 43 0.5591
30712 22 79 0.5591
30712 22 83 0.5591
30735 22 91 0.5984
30758 22 79 0.5433
30758 22 77 0.5433
30758 137 65 0.7402
30758 34 59 0.5591
30758 34 62 0.6299
30781 45 89 0.7953
30804 22 79 0.5433
30804 22 77 0.5512
30804 22 86 0.5512
30827 45 89 0.5906
30827 34 47 0.5512
30850 22 79 0.5591
30850 22 77 0.5591
30850 22 86 0.5591
30873 22 89 0.5984
30896 22 75 0.5433
30896 22 79 0.5433
30896 137 63 0.7323
30896 34 60 0.6299
30919 45 87 0.7874
30942 22 75 0.5512
30942 22 79 0.5512
30965 45 87 0.5906
30965 34 48 0.5669
30988 22 75 0.5591
30988 22 79 0.5591
31011 22 87 0.5984
31034 22 72 0.5433
31034 22 75 0.5433
31034 137 60 0.7244
31034 34 58 0.6378
31057 45 84 0.7717
31080 22 72 0.5512
31080 22 75 0.5512
31103 45 84 0.5906
31103 34 46 0.5669
31126 22 72 0.5591
31126 22 75 0.5591
31149 22 84 0.5984
31172 22 75 0.5433
31172 22 79 0.5433
31172 137 63 0.7165
31172 34 57 0.5433
31172 34 60 0.6378
31195 45 87 0.7638
31218 22 75 0.5512
31218 22 79 0.5512
31241 45 87 0.5906
31241 34 45 0.5669
31264 22 75 0.5591
31264 22 79 0.5591
31287 22 87 0.5984
31310 22 72 0.5433
31310 22 75 0.5433
31310 137 60 0.7087
31310 34 55 0.5433
31310 34 57 0.6378
31333 45 84 0.7638
31356 22 72 0.5512
31356 22 75 0.5512
31379 45 84 0.5906
31379 34 43 0.5669
31402 22 72 0.5591
31402 22 75 0.5591
31425 22 84 0.5984
31448 22 77 0.5433
31448 22 81 0.6378
31448 137 57 0.6614
31448 137 65 0.7244
31448 34 53 0.6299
31471 45 89 0.8031
31494 22 77 0.5512
31494 22 81 0.5512
31517 45 89 0.5906
31517 34 41 0.5591
31540 22 77 0.5591
31540 22 81 0.5591
31563 22 89 0.5984
31586 22 84 0.5433
31586 22 75 0.5433
31586 137 63 0.7402
31586 34 57 0.5591
31586 34 60 0.6299
31609 45 87 0.7953
31632 22 75 0.5512
31632 22 84 0.5512
31655 45 87 0.5906
31655 34 45 0.5512
31678 22 75 0.5591
31678 22 84 0.5591
31701 22 87 0.5984
31724 22 74 0.5433
31724 22 77 0.5433
31724 137 62 0.7323
31724 34 58 0.6299
31747 45 86 0.7874
31770 22 74 0.5512
31770 22 77 0.5512
31793 45 86 0.5906
31793 34 46 0.5669
31816 22 74 0.5591
31816 22 77 0.5591
31839 22 86 0.5984
31862 22 70 0.5433
31862 22 74 0.5433
31862 137 58 0.7244
31862 34 57 0.6378
31885 45 82 0.7717
31908 22 70 0.5512
31908 22 74 0.5512
31931 45 82 0.5906
31931 34 45 0.5669
31954 22 70 0.5591
31954 22 74 0.5591
31977 22 82 0.5984
31999 22 74 0.5433
31999 22 77 0.5433
31999 137 62 0.7165
31999 34 55 0.5433
31999 34 58 0.6378
32022 45 86 0.7638
32045 22 74 0.5512
32045 22 77 0.5512
32068 45 86 0.5906
32068 34 43 0.5669
32091 22 74 0.5591
32091 22 77 0.5591
32114 22 86 0.5984
32137 22 70 0.5433
32137 22 74 0.5433
32137 137 58 0.7087
32137 34 53 0.5433
32137 34 57 0.6378
32160 45 82 0.7638
32183 22 70 0.5512
32183 22 74 0.5512
32206 45 82 0.5906
32206 34 41 0.5669
32229 22 70 0.5591
32229 22 74 0.5591
32252 22 82 0.5984
32275 22 75 0.5433
32275 22 79 0.6378
32275 137 55 0.6614
32275 137 63 0.7244
32275 34 51 0.6299
32298 45 87 0.8031
32321 22 75 0.5512
32321 22 79 0.5512
32344 45 87 0.5906
32344 34 39 0.5591
32367 22 75 0.5591
32367 22 79 0.5591
32390 22 87 0.5984
32413 22 82 0.5433
32413 22 74 0.5433
32413 137 62 0.7402
32413 34 55 0.5591
32413 34 58 0.6299
32436 45 86 0.7953
32459 22 74 0.5512
32459 22 82 0.5512
32482 45 86 0.5906
32482 34 43 0.5512
32505 22 74 0.5591
32505 22 82 0.5591
32528 22 86 0.5984
32551 22 72 0.5433
32551 22 75 0.5433
32551 137 60 0.7323
32551 34 57 0.6299
32574 45 84 0.7874
32597 22 72 0.5512
32597 22 75 0.5512
32620 45 84 0.5906
32620 34 45 0.5669
32643 22 72 0.5591
32643 22 75 0.5591
32666 22 84 0.5984
32689 22 69 0.5433
32689 22 72 0.5433
32689 137 57 0.7244
32689 34 55 0.6378
32712 45 81 0.7717
32735 22 69 0.5512
32735 22 72 0.5512
32758 45 81 0.5906
32758 34 43 0.5669
32781 22 69 0.5591
32781 22 72 0.5591
32804 22 81 0.5984
32827 22 72 0.5433
32827 22 75 0.5433
32827 137 60 0.7165
32827 34 54 0.5433
32827 34 57 0.6378
32850 45 84 0.7638
32873 22 72 0.5512
32873 22 75 0.5512
32896 45 84 0.5906
32896 34 42 0.5669
32919 22 72 0.5591
32919 22 75 0.5591
32942 22 84 0.5984
32965 22 69 0.5433
32965 22 72 0.5433
32965 137 57 0.7087
32965 34 51 0.5433
32965 34 55 0.6378
32988 45 81 0.7638
33011 22 69 0.5512
33011 22 72 0.5512
33034 45 81 0.5906
33034 34 39 0.5669
33057 22 69 0.5591
33057 22 72 0.5591
33080 22 81 0.5984
33103 22 74 0.5433
33103 22 78 0.6378
33103 137 54 0.6614
33103 137 62 0.7244
33103 34 50 0.6299
33126 45 86 0.8031
33149 22 74 0.5512
33149 22 78 0.5512
33172 45 86 0.5906
33172 34 38 0.5591
33195 22 74 0.5591
33195 22 78 0.5591
33218 22 86 0.5984
33241 22 81 0.5433
33241 22 72 0.5433
33241 137 60 0.7402
33241 34 54 0.5591
33241 34 57 0.6299
33264 45 84 0.7953
33287 22 72 0.5512
33287 22 81 0.5512
33310 45 84 0.5906
33310 34 42 0.5512
33333 22 72 0.5591
33333 22 81 0.5591
33356 22 84 0.5984
33379 22 70 0.5433
33379 22 79 0.5433
33379 137 58 0.7323
33379 34 55 0.6299
33402 45 82 0.7874
33425 22 70 0.5512
33425 22 79 0.5512
33448 45 82 0.5906
33448 34 43 0.5669
33471 22 70 0.5591
33471 22 79 0.5591
33494 22 82 0.5984
33517 22 74 0.5433
33517 22 81 0.5433
33517 137 62 0.7244
33517 34 53 0.6142
33517 34 57 0.6378
33540 45 86 0.7717
33563 22 74 0.5512
33563 22 81 0.5512
33586 45 86 0.5906
33586 34 41 0.5669
33609 22 74 0.5591
33609 22 81 0.5591
33632 22 86 0.5984
33655 22 74 0.5433
33655 22 79 0.5433
33655 137 62 0.7165
33655 34 51 0.5433
33655 34 55 0.6378
33678 45 86 0.7638
33701 22 74 0.5512
33701 22 79 0.5512
33724 45 86 0.5906
33724 34 39 0.5669
33747 22 74 0.5591
33747 22 79 0.5591
33770 22 86 0.5984
33793 22 73 0.5433
33793 22 79 0.5433
33793 137 61 0.7087
33793 34 51 0.5433
33793 34 55 0.6378
33816 45 85 0.7638
33839 22 73 0.5512
33839 22 79 0.5512
33862 45 85 0.5906
33885 22 73 0.5591
33885 22 79 0.5591
33908 22 85 0.5984
33931 22 74 0.5433
33931 22 78 0.6378
33931 137 38 0.6929
33931 137 45 0.6929
33931 137 50 0.6929
33954 22 86 0.5906
33977 22 74 0.5512
33999 22 86 0.5906
34022 22 74 0.5512
34045 22 86 0.5906
34068 22 74 0.5354
34068 120 50 0.622
34068 120 62 0.622
34091 22 86 0.5433
34114 22 74 0.5354
34137 17 86 0.5748
34160 22 74 0.5433
34183 22 86 0.5748
34189 137 55 0.5354
34198 129 62 0.5984
34206 22 74 0.6063
34206 22 82 0.6063
34206 120 70 0.6299
34229 22 86 0.5354
34252 22 74 0.5197
34275 22 86 0.5591
34298 22 74 0.5197
34321 22 86 0.5512
34327 137 58 0.5433
34336 129 67 0.5906
34344 45 74 0.6457
34367 22 86 0.5039
34390 22 74 0.4961
34413 22 86 0.5276
34436 22 74 0.4882
34459 22 86 0.5276
34465 137 57 0.4252
34471 132 62 0.4803
34477 126 66 0.5354
34482 45 72 0.5827
34505 22 84 0.5118
34528 22 72 0.4724
34551 22 84 0.5039
34574 22 72 0.4724
34597 22 84 0.5039
34603 137 55 0.4882
34612 129 62 0.5433
34620 45 70 0.5984
34643 22 82 0.4882
34666 22 70 0.4488
34689 22 82 0.4882
34712 22 70 0.4488
34735 22 82 0.4803
34741 137 54 0.4961
34749 129 62 0.5276
34758 45 69 0.5827
34781 22 81 0.5118
34804 22 69 0.4724
34827 22 81 0.4961
34850 22 69 0.4646
34873 22 81 0.4882
34879 137 51 0.4724
34887 129 62 0.5197
34896 45 67 0.5748
34919 22 79 0.4724
34942 22 67 0.4409
34965 22 79 0.4724
34988 22 67 0.4331
35011 22 79 0.4567
35017 137 50 0.4724
35025 129 57 0.5039
35034 45 66 0.5512
35057 22 78 0.4803
35080 22 66 0.4488
35103 22 78 0.4646
35126 22 66 0.4488
35149 22 78 0.4646
35155 137 48 0.3701
35160 132 54 0.4094
35166 126 57 0.4488
35172 45 63 0.5433
35195 22 75 0.4488
35218 22 63 0.4173
35241 22 75 0.4488
35264 22 63 0.4173
35287 22 75 0.4409
35293 137 46 0.4252
35301 129 55 0.4646
35310 45 62 0.5118
35333 22 74 0.4567
35356 22 62 0.4252
35379 22 74 0.4488
35402 22 62 0.4173
35425 22 74 0.4488
35431 137 43 0.4409
35439 129 50 0.4567
35448 45 58 0.5197
35471 22 62 0.4331
35471 22 70 0.4331
35494 22 58 0.3937
35517 22 62 0.4173
35517 22 70 0.4252
35540 22 58 0.3937
35563 22 62 0.4094
35563 22 70 0.4094
35568 137 42 0.4173
35577 129 50 0.4409
35586 45 57 0.4882
35609 22 62 0.3937
35609 22 69 0.4331
35632 22 57 0.3937
35655 22 62 0.3858
35655 22 69 0.4173
35678 22 57 0.3858
35701 22 62 0.378
35701 22 69 0.4016
35706 137 39 0.3858
35715 129 50 0.4252
35724 45 55 0.4724
35747 22 62 0.3386
35747 22 67 0.3858
35770 22 55 0.3543
35793 22 62 0.3386
35793 22 67 0.3858
35816 22 55 0.3386
35839 22 62 0.3307
35839 22 67 0.3701
35844 137 38 0.378
35853 129 45 0.4016
35862 45 54 0.4409
35885 22 62 0.3228
35885 22 66 0.3858
35908 22 54 0.3543
35931 22 62 0.3228
35931 22 66 0.3622
35954 22 54 0.3465
35977 22 62 0.2992
35977 22 66 0.3622
35982 137 36 0.2835
35988 132 42 0.315
35994 126 45 0.3465
35999 45 51 0.4173
36022 22 54 0.2913
36022 22 57 0.2992
36022 22 63 0.3465
36045 22 51 0.315
36068 22 54 0.2913
36068 22 57 0.2913
36068 22 63 0.3386
36091 22 51 0.3071
36114 22 54 0.2913
36114 22 57 0.2913
36114 22 63 0.3228
36120 137 34 0.2756
36129 129 43 0.2992
36137 45 50 0.3858
36160 22 55 0.2913
36160 22 58 0.2913
36160 22 62 0.3386
36183 22 50 0.3071
36206 22 55 0.2835
36206 22 58 0.2835
36206 22 62 0.3307
36229 22 50 0.2992
36252 22 55 0.2835
36252 22 58 0.2835
36252 22 62 0.3228
36258 137 33 0.252
36264 132 38 0.2756
36270 126 42 0.315
36275 120 48 0.378
36298 22 60 0.2992
36298 22 54 0.3071
36298 22 62 0.3071
36321 22 46 0.2835
36344 22 60 0.2441
36344 22 54 0.252
36344 22 62 0.2992
36367 22 46 0.2835
36390 22 60 0.2441
36390 22 54 0.2441
36390 22 62 0.2913
36396 155 31 0.2992
36405 146 38 0.3307
36413 137 46 0.3858
36419 132 50 0.3543
36425 126 55 0.378
36431 120 58 0.3858
36436 114 62 0.4094
36551 22 70 0.3937
36574 22 86 0.3307
36597 22 74 0.3543
36620 22 86 0.3386
36643 22 79 0.3622
36666 22 86 0.3465
36689 22 82 0.4173
36712 22 86 0.3465
36735 22 79 0.378
36758 22 86 0.378
36781 22 74 0.3858
36804 22 86 0.3622
36818 146 55 0.3543
36827 22 75 0.4409
36827 137 67 0.4724
36850 22 87 0.378
36873 22 79 0.3937
36896 22 87 0.3701
36919 22 84 0.3937
36942 22 87 0.3701
36956 146 55 0.3622
36965 22 74 0.4409
36965 137 66 0.5118
36988 22 90 0.3701
37011 22 78 0.3937
37034 22 90 0.3701
37057 22 86 0.3937
37080 22 90 0.3701
37094 146 55 0.378
37103 22 72 0.4409
37103 137 63 0.5197
37126 22 87 0.3701
37149 22 75 0.3937
37172 22 87 0.378
37195 22 79 0.3937
37218 22 87 0.3622
37241 22 70 0.4409
37241 413 62 0.4646
37241 137 55 0.3937
37264 22 86 0.3701
37287 22 74 0.3937
37310 22 86 0.378
37333 22 79 0.3937
37356 22 86 0.3622
37379 22 82 0.4409
37402 22 86 0.3701
37425 22 79 0.3937
37448 22 86 0.3701
37471 22 74 0.3937
37494 22 86 0.3701
37517 22 70 0.4409
37540 22 86 0.3701
37563 22 74 0.3937
37586 22 86 0.3937
37609 22 79 0.3937
37632 22 86 0.3701
37655 22 69 0.4409
37655 137 65 0.4724
37678 22 86 0.378
37701 22 74 0.3937
37724 22 86 0.3701
37747 22 77 0.3937
37770 22 86 0.3701
37793 22 67 0.4409
37793 137 63 0.5039
37816 22 84 0.3701
37839 22 72 0.3937
37862 22 84 0.3701
37885 22 75 0.3937
37908 22 84 0.3701
37931 22 65 0.4409
37931 137 62 0.5039
37954 22 82 0.3701
37977 22 70 0.3937
37999 22 82 0.378
38022 22 74 0.3937
38045 22 82 0.3622
38068 22 63 0.4409
38068 413 60 0.4646
38091 22 81 0.3701
38114 22 69 0.3937
38137 22 81 0.378
38160 22 72 0.3937
38183 22 81 0.3622
38206 22 75 0.4409
38229 22 81 0.3701
38252 22 72 0.3937
38275 22 81 0.3701
38298 22 69 0.3937
38321 22 81 0.3701
38344 22 63 0.4409
38367 22 81 0.3701
38390 22 69 0.3937
38413 22 81 0.3937
38436 22 72 0.3937
38459 22 81 0.3701
38482 22 69 0.5197
38482 137 48 0.4331
38482 137 63 0.5197
38505 22 84 0.378
38528 22 72 0.4409
38551 22 84 0.3701
38574 22 75 0.4173
38597 22 84 0.3701
38620 22 63 0.4409
38620 137 48 0.4252
38620 137 60 0.5039
38643 22 81 0.3701
38666 22 69 0.3937
38689 22 81 0.3701
38712 22 72 0.3937
38735 22 81 0.3701
38758 22 64 0.4409
38758 137 49 0.4252
38758 137 58 0.5039
38781 22 79 0.3701
38804 22 70 0.3937
38827 22 79 0.378
38850 22 76 0.3937
38873 22 79 0.3622
38896 22 67 0.5118
38896 275 50 0.4252
38896 275 58 0.4252
38896 413 62 0.5039
38919 22 82 0.4094
38942 22 70 0.4409
38965 22 82 0.378
38988 22 74 0.3937
39011 22 82 0.3622
39034 22 79 0.4409
39057 22 82 0.3701
39080 22 74 0.3937
39103 22 82 0.3701
39126 22 70 0.3937
39149 22 82 0.3701
39172 22 66 0.4409
39172 137 50 0.4252
39172 137 57 0.4252
39195 22 81 0.3701
39218 22 69 0.3937
39241 22 81 0.3937
39264 22 74 0.3937
39287 22 81 0.3701
39310 22 66 0.4409
39310 137 60 0.4016
39310 137 63 0.4724
39333 22 81 0.378
39356 22 69 0.3937
39379 22 81 0.3701
39402 22 75 0.3937
39425 22 81 0.3701
39448 22 67 0.4409
39448 137 58 0.4252
39448 137 62 0.5039
39471 22 79 0.3701
39494 22 70 0.3937
39517 22 79 0.3701
39540 22 74 0.3937
39563 22 79 0.3701
39586 22 66 0.4409
39586 137 57 0.3543
39586 137 60 0.3543
39586 137 62 0.5039
39609 22 78 0.3701
39632 22 69 0.3937
39655 22 78 0.378
39678 22 74 0.3937
39701 22 78 0.3622
39724 275 65 0.4882
39724 275 56 0.4252
39724 275 59 0.4252
39724 275 62 0.5039
39747 22 77 0.4094
39770 22 68 0.4409
39793 22 77 0.378
39816 22 71 0.3937
39839 22 77 0.3622
39862 22 74 0.4409
39885 22 77 0.3701
39908 22 71 0.3937
39931 22 77 0.3701
39954 22 68 0.3937
39977 22 77 0.3701
39999 137 64 0.4409
39999 137 55 0.4252
40022 22 76 0.3701
40045 22 67 0.3937
40068 22 76 0.3937
40091 22 72 0.3937
40114 22 76 0.3701
40137 137 63 0.5276
40137 68 67 0.5118
40160 22 75 0.378
40183 91 67 0.3937
40206 22 75 0.3701
40229 22 72 0.3937
40252 22 75 0.3701
40275 137 62 0.4961
40275 137 65 0.4724
40298 22 74 0.3701
40321 22 67 0.3937
40344 22 74 0.3701
40367 22 71 0.3937
40390 22 74 0.3701
40413 137 63 0.5118
40413 137 55 0.4252
40413 137 60 0.4724
40436 22 75 0.3701
40459 22 67 0.3937
40482 22 75 0.378
40505 22 72 0.3937
40528 22 75 0.3622
40551 275 63 0.4882
40551 275 54 0.4252
40551 413 60 0.5039
40574 22 75 0.4094
40597 22 67 0.4409
40620 22 75 0.378
40643 22 68 0.3937
40666 22 75 0.3622
40689 22 72 0.4409
40712 22 75 0.3701
40735 22 67 0.3937
40758 22 75 0.3701
40781 22 68 0.3937
40804 22 75 0.3701
40827 137 63 0.4409
40827 137 53 0.4252
40850 22 75 0.3701
40873 22 68 0.3937
40896 22 75 0.3937
40919 22 69 0.3937
40942 22 75 0.3701
40965 137 63 0.4961
40965 22 72 0.3701
40965 137 54 0.4252
40965 137 60 0.4803
40988 22 75 0.378
41011 22 68 0.3937
41034 22 75 0.3701
41057 22 69 0.3937
41080 22 75 0.3701
41103 137 62 0.4646
41103 137 55 0.4016
41103 137 58 0.4488
41126 22 74 0.3701
41149 22 69 0.3937
41172 22 74 0.3701
41195 22 70 0.3937
41218 22 74 0.3701
41241 137 62 0.4803
41241 22 71 0.3701
41241 137 53 0.3937
41241 137 56 0.4488
41264 22 74 0.3701
41287 22 67 0.3937
41310 22 74 0.378
41333 22 68 0.3937
41356 22 74 0.3622
41379 137 62 0.4646
41379 137 52 0.4016
41379 137 55 0.4488
41402 22 74 0.3701
41425 22 67 0.3937
41448 22 74 0.3701
41471 22 69 0.3937
41494 22 74 0.3701
41517 137 61 0.4409
41517 22 70 0.3701
41517 137 51 0.3543
41517 137 55 0.4016
41540 22 73 0.3701
41563 22 66 0.3937
41586 22 73 0.378
41609 22 67 0.3937
41632 22 73 0.3622
41655 137 62 0.4409
41655 275 50 0.378
41655 137 58 0.4252
41678 22 74 0.3465
41701 22 66 0.3701
41724 22 74 0.3465
41747 22 67 0.3622
41770 22 74 0.3386
41793 137 58 0.4409
41793 137 55 0.4094
41816 22 70 0.3307
41839 22 61 0.3543
41862 22 70 0.3386
41885 22 62 0.3465
41908 22 70 0.315
41931 137 60 0.4016
41931 275 50 0.3465
41931 137 57 0.3937
41954 22 72 0.315
41977 22 63 0.3386
41999 22 72 0.315
42022 22 62 0.3307
42045 22 72 0.3071
42068 137 57 0.4016
42068 137 54 0.3701
42091 22 69 0.3071
42114 22 63 0.3228
42137 22 69 0.3071
42160 22 62 0.3228
42183 22 69 0.2913
42206 137 58 0.4016
42206 137 31 0.3228
42206 137 43 0.3858
42229 22 67 0.2677
42229 22 70 0.315
42252 22 61 0.3386
42275 22 67 0.2598
42275 22 70 0.315
42298 22 62 0.3307
42321 22 67 0.2598
42321 22 70 0.315
42344 137 62 0.4173
42344 137 50 0.2992
42344 137 55 0.2992
42344 137 58 0.3543
42367 22 70 0.2677
42367 22 74 0.315
42390 22 66 0.378
42413 22 70 0.252
42413 22 74 0.3228
42436 22 67 0.378
42459 22 70 0.2756
42459 22 74 0.3228
42482 137 58 0.4409
42482 137 31 0.3543
42482 137 43 0.4173
42505 22 67 0.2992
42505 22 70 0.3465
42528 22 61 0.3701
42551 22 67 0.2913
42551 22 70 0.3543
42574 22 62 0.3701
42597 22 67 0.2913
42597 22 70 0.3465
42620 137 62 0.4803
42620 137 50 0.3386
42620 137 55 0.3386
42620 137 58 0.4016
42643 22 70 0.2992
42643 22 74 0.3622
42666 22 66 0.4173
42689 22 70 0.2835
42689 22 74 0.3622
42712 22 67 0.4331
42735 22 70 0.2992
42735 22 74 0.3543
42758 137 62 0.4882
42758 137 31 0.3858
42758 137 43 0.4646
42781 22 71 0.3228
42781 22 74 0.378
42804 22 66 0.4173
42827 22 71 0.315
42827 22 74 0.3937
42850 22 67 0.4094
42873 22 71 0.3307
42873 22 74 0.3858
42896 137 65 0.5354
42896 137 55 0.3701
42896 137 53 0.3701
42896 137 59 0.3701
42896 137 62 0.4409
42919 22 74 0.3307
42919 22 77 0.3937
42942 22 68 0.4409
42965 22 74 0.315
42965 22 77 0.4016
42988 22 67 0.4488
43011 22 74 0.3307
43011 22 77 0.4016
43034 137 67 0.5433
43034 137 31 0.4409
43034 137 43 0.5276
43057 22 75 0.3622
43057 22 79 0.4331
43080 22 71 0.4567
43103 22 75 0.3543
43103 22 79 0.4331
43126 22 72 0.4409
43149 22 75 0.3465
43149 22 79 0.4094
43172 137 63 0.5591
43172 137 51 0.3937
43172 137 55 0.3937
43172 137 60 0.4646
43195 22 72 0.3465
43195 22 75 0.4094
43218 22 66 0.4488
43241 22 72 0.3228
43241 22 75 0.4016
43264 22 67 0.4488
43287 22 72 0.3307
43287 22 75 0.3937
43310 137 62 0.5118
43310 137 38 0.4882
43333 22 70 0.3307
43333 22 74 0.4016
43356 22 66 0.4252
43379 22 70 0.315
43379 22 74 0.3858
43402 22 67 0.4016
43425 22 70 0.315
43425 22 74 0.3701
43448 137 58 0.4961
43448 137 50 0.3465
43448 137 55 0.4094
43471 22 67 0.2992
43471 22 70 0.3622
43494 22 61 0.4094
43517 22 67 0.2835
43517 22 70 0.3622
43540 22 62 0.4016
43563 22 67 0.2835
43563 22 70 0.3386
43586 137 60 0.4567
43586 137 50 0.3228
43586 137 57 0.4173
43609 22 72 0.2992
43609 22 75 0.3543
43632 22 63 0.3701
43655 22 69 0.2835
43655 22 72 0.3465
43678 22 62 0.3543
43701 22 69 0.2677
43701 22 72 0.3228
43724 137 57 0.4409
43724 137 50 0.2992
43724 137 54 0.3622
43747 22 66 0.2677
43747 22 69 0.315
43770 22 63 0.3701
43793 22 66 0.2441
43793 22 69 0.315
43816 22 62 0.3622
43839 22 66 0.252
43839 22 69 0.2992
43862 137 58 0.4016
43862 137 31 0.3228
43862 137 43 0.3858
43885 22 67 0.2677
43885 22 70 0.315
43908 22 61 0.3386
43931 22 67 0.2598
43931 22 70 0.315
43954 22 62 0.3307
43977 22 67 0.2598
43977 22 70 0.315
43999 137 62 0.4252
43999 137 50 0.2992
43999 137 55 0.2992
43999 137 58 0.3543
44022 22 70 0.2677
44022 22 74 0.315
44045 22 66 0.378
44068 22 70 0.252
44068 22 74 0.3228
44091 22 67 0.378
44114 22 70 0.2756
44114 22 74 0.3228
44137 137 58 0.4409
44137 137 31 0.3543
44137 137 43 0.4173
44160 22 67 0.2992
44160 22 70 0.3465
44183 22 61 0.3701
44206 22 67 0.2913
44206 22 70 0.3543
44229 22 62 0.3701
44252 22 67 0.2913
44252 22 70 0.3465
44275 137 62 0.4803
44275 137 50 0.3386
44275 137 55 0.3386
44275 137 58 0.4016
44298 22 70 0.2992
44298 22 74 0.3622
44321 22 66 0.4094
44344 22 70 0.2835
44344 22 74 0.3622
44367 22 67 0.4173
44390 22 70 0.2992
44390 22 74 0.3543
44413 137 62 0.4882
44413 137 31 0.3858
44413 137 43 0.4646
44436 22 71 0.3228
44436 22 74 0.378
44459 22 66 0.4173
44482 22 71 0.315
44482 22 74 0.3937
44505 22 67 0.4094
44528 22 71 0.3307
44528 22 74 0.3858
44551 137 65 0.5354
44551 137 55 0.3701
44551 137 53 0.3701
44551 137 59 0.3701
44551 137 62 0.4409
44574 22 74 0.3307
44574 22 77 0.3937
44597 22 68 0.4409
44620 22 74 0.315
44620 22 77 0.4016
44643 22 67 0.4567
44666 22 74 0.3307
44666 22 77 0.4016
44689 137 67 0.5433
44689 137 31 0.4409
44689 137 43 0.5276
44712 22 75 0.3622
44712 22 79 0.4331
44735 22 71 0.4567
44758 22 75 0.3543
44758 22 79 0.4331
44781 22 72 0.4409
44804 22 75 0.3465
44804 22 79 0.4094
44827 137 63 0.5591
44827 137 51 0.3937
44827 137 55 0.3937
44827 137 60 0.4646
44850 22 72 0.3465
44850 22 75 0.4094
44873 22 66 0.4567
44896 22 72 0.3228
44896 22 75 0.4016
44919 22 67 0.4409
44942 22 72 0.3307
44942 22 75 0.3937
44965 137 62 0.5118
44965 137 38 0.4882
44988 22 70 0.3307
44988 22 74 0.4016
45011 22 66 0.4252
45034 22 70 0.315
45034 22 74 0.3858
45057 22 67 0.4016
45080 22 70 0.315
45080 22 74 0.3701
45103 137 58 0.4961
45103 137 50 0.3465
45103 137 55 0.4094
45126 22 67 0.2992
45126 22 70 0.3622
45149 22 61 0.4173
45172 22 67 0.2835
45172 22 70 0.3622
45195 22 62 0.4173
45218 22 67 0.2835
45218 22 70 0.3386
45241 137 60 0.4567
45241 137 50 0.3228
45241 137 57 0.4173
45264 22 72 0.2992
45264 22 75 0.3543
45287 22 63 0.3701
45310 22 69 0.2835
45310 22 72 0.3465
45333 22 62 0.3543
45356 22 69 0.2677
45356 22 72 0.3228
45379 137 57 0.4409
45379 137 50 0.2992
45379 137 54 0.3622
45402 22 66 0.2677
45402 22 69 0.315
45425 22 63 0.3701
45448 22 66 0.2441
45448 22 69 0.315
45471 22 62 0.3622
45494 22 66 0.252
45494 22 69 0.2992
45517 137 62 0.4488
45517 137 67 0.4488
45517 22 58 0.4016
45540 22 55 0.3465
45563 22 58 0.3858
45586 22 55 0.3622
45609 22 58 0.4331
45632 22 55 0.4094
45655 137 62 0.4961
45655 137 65 0.4961
45655 22 59 0.4646
45678 22 55 0.4173
45701 22 59 0.4646
45724 22 55 0.4409
45747 22 59 0.4724
45770 22 55 0.4409
45793 137 64 0.5433
45793 22 60 0.5197
45816 22 55 0.4567
45839 22 60 0.4724
45862 22 55 0.4016
45885 22 60 0.4488
45908 22 55 0.3858
45931 137 91 0.6378
45931 137 79 0.5433
45931 137 63 0.5118
45931 22 60 0.5669
45954 22 55 0.4409
45977 22 60 0.5276
45999 22 55 0.4409
46022 22 60 0.4961
46045 298 55 0.4094
46068 206 78 0.5197
46068 206 90 0.6142
46068 275 66 0.5118
46068 22 63 0.5512
46091 22 60 0.4252
46114 22 63 0.4961
46137 22 60 0.4252
46160 22 63 0.4803
46183 22 60 0.3937
46206 22 63 0.4567
46229 22 60 0.3465
46252 22 63 0.4173
46275 68 75 0.5039
46275 68 87 0.5906
46275 22 60 0.3386
46298 22 63 0.3937
46321 22 60 0.3307
46344 137 74 0.4409
46344 137 86 0.5276
46344 137 62 0.4488
46344 137 67 0.4488
46344 22 58 0.4016
46367 22 55 0.3465
46390 22 58 0.3858
46413 22 55 0.3622
46436 22 58 0.4331
46459 22 55 0.4094
46482 137 62 0.4961
46482 137 65 0.4961
46482 22 59 0.4646
46505 22 55 0.4173
46528 22 59 0.4646
46551 22 55 0.4409
46574 22 59 0.4724
46597 22 55 0.4409
46620 137 64 0.5433
46620 22 60 0.5197
46643 22 55 0.4567
46666 22 60 0.4724
46689 22 55 0.4016
46712 22 60 0.4488
46735 22 55 0.3858
46758 137 67 0.5197
46758 137 79 0.6142
46758 137 63 0.5118
46758 22 60 0.5669
46781 22 55 0.4409
46804 22 60 0.5276
46827 22 55 0.4409
46850 22 60 0.4961
46873 298 55 0.4094
46896 206 66 0.4961
46896 206 78 0.5906
46896 22 57 0.5512
46919 22 60 0.4252
46942 22 57 0.4961
46965 22 60 0.4252
46988 22 57 0.4803
47011 22 60 0.3937
47034 22 57 0.4567
47057 22 60 0.3465
47080 22 57 0.4173
47103 68 63 0.4803
47103 68 75 0.5669
47103 22 60 0.3386
47126 22 57 0.3937
47149 22 60 0.3307
47172 137 74 0.5276
47172 137 62 0.4409
47172 137 55 0.4488
47172 22 46 0.4016
47195 22 43 0.3465
47218 22 46 0.3858
47241 22 43 0.3622
47264 22 46 0.4331
47287 22 43 0.4094
47310 137 74 0.6142
47310 137 67 0.5197
47310 137 62 0.5197
47310 137 53 0.4961
47310 22 47 0.4646
47333 22 43 0.4173
47356 22 47 0.4646
47379 22 43 0.4409
47402 22 47 0.4724
47425 22 43 0.4409
47448 413 67 0.4961
47448 413 74 0.5906
47448 413 62 0.4961
47448 275 55 0.5433
47448 22 52 0.5197
47471 22 43 0.4567
47494 22 52 0.4724
47517 22 43 0.4094
47540 22 52 0.4567
47563 22 43 0.3937
47586 22 52 0.4567
47609 22 43 0.3622
47632 22 52 0.4409
47655 22 43 0.378
47678 22 52 0.4409
47701 22 43 0.3622
47724 275 55 0.5591
47724 22 51 0.5039
47747 22 43 0.3937
47770 22 51 0.4646
47793 22 43 0.4094
47816 22 51 0.4803
47839 22 43 0.4016
47862 137 67 0.5512
47862 137 72 0.6457
47862 137 60 0.5512
47862 22 51 0.4724
47885 22 43 0.3701
47908 22 51 0.4567
47931 22 43 0.3701
47954 22 51 0.4488
47976 22 43 0.3858
47988 80 43 0.3858
47994 74 50 0.4016
47999 22 59 0.5512
47999 22 67 0.5512
47999 68 55 0.4331
48022 22 71 0.4488
48045 22 59 0.4724
48045 22 67 0.4724
48068 22 71 0.4331
48091 22 59 0.4724
48091 22 67 0.4724
48114 22 71 0.4409
48137 45 67 0.6535
48137 22 59 0.5433
48137 137 43 0.3701
48137 137 47 0.3701
48137 137 55 0.4409
48160 22 71 0.4409
48183 22 59 0.4803
48183 22 67 0.4803
48206 22 71 0.4409
48229 22 59 0.4803
48229 22 67 0.4803
48252 22 71 0.4409
48275 137 66 0.5827
48275 22 59 0.5512
48275 22 67 0.5512
48275 137 42 0.378
48275 137 47 0.378
48275 137 54 0.4488
48298 22 71 0.4409
48321 22 59 0.4803
48321 22 67 0.4803
48344 22 71 0.4567
48367 22 59 0.4882
48367 22 67 0.4882
48390 22 71 0.4488
48413 137 64 0.5669
48413 22 59 0.5669
48413 22 67 0.5669
48413 137 40 0.3858
48413 137 47 0.3858
48413 137 52 0.4567
48436 22 71 0.4567
48459 22 59 0.4961
48459 22 67 0.4961
48482 22 71 0.4488
48505 22 59 0.4961
48505 22 67 0.4961
48528 22 71 0.4646
48551 137 62 0.5748
48551 22 59 0.5748
48551 22 67 0.5748
48551 137 38 0.3937
48551 137 47 0.3937
48551 137 50 0.4646
48574 22 71 0.4646
48597 22 59 0.4961
48597 22 67 0.4961
48620 22 71 0.4567
48643 22 59 0.5039
48643 22 67 0.5039
48666 22 71 0.4646
48689 45 59 0.5984
48689 22 67 0.5669
48689 137 35 0.4016
48689 137 47 0.4724
48712 22 71 0.4646
48735 22 59 0.5039
48735 22 67 0.5039
48758 22 71 0.4724
48781 22 59 0.5039
48781 22 67 0.5039
48804 22 71 0.4803
48827 45 55 0.5748
48827 137 31 0.3937
48827 137 35 0.3937
48827 137 43 0.4646
48850 22 59 0.4803
48873 22 55 0.5197
48896 22 59 0.4803
48919 22 55 0.5197
48942 22 59 0.4803
48965 137 54 0.5827
48965 22 55 0.5827
48965 137 31 0.4016
48965 137 35 0.4016
48965 137 42 0.4803
48988 22 59 0.4882
49011 22 55 0.5197
49034 22 59 0.4882
49057 22 55 0.5276
49080 22 59 0.4803
49103 137 52 0.5984
49103 22 55 0.5984
49103 137 31 0.4173
49103 137 35 0.4173
49103 137 40 0.4961
49126 22 59 0.4882
49149 22 55 0.5276
49172 22 59 0.4803
49195 22 55 0.5276
49218 22 59 0.4882
49241 137 51 0.6063
49241 22 55 0.6142
49241 137 31 0.4331
49241 137 35 0.4331
49241 137 39 0.5118
49264 22 59 0.4882
49287 22 55 0.5354
49310 22 59 0.4961
49333 22 55 0.5433
49356 22 59 0.4961
49379 137 50 0.622
49379 22 55 0.6142
49379 137 31 0.4488
49379 137 35 0.4488
49379 137 38 0.5354
49402 22 59 0.4961
49425 22 55 0.5433
49448 22 59 0.4961
49471 22 55 0.5433
49494 22 59 0.5039
49517 137 47 0.6378
49517 22 55 0.6378
49517 137 31 0.4646
49517 137 35 0.5512
49540 22 59 0.5118
49563 22 55 0.5512
49586 22 59 0.5039
49609 22 55 0.5512
49632 22 59 0.5197
49655 137 31 0.7008
49793 17 35 0.4882
49810 17 38 0.5118
49827 17 43 0.5354
49844 17 47 0.5591
49862 17 50 0.5827
49879 17 55 0.5984
49896 17 59 0.5984
49913 17 62 0.622
49931 155 67 0.6772
50086 17 66 0.5276
50103 17 64 0.5354
50120 17 62 0.5433
50137 17 60 0.5433
50155 17 59 0.5512
50172 17 57 0.5591
50189 17 55 0.5591
50206 17 54 0.5669
50224 17 52 0.5512
50241 17 50 0.5591
50258 17 48 0.5669
50275 17 47 0.5669
50293 17 45 0.5748
50310 17 43 0.5827
50327 17 42 0.5906
50344 17 40 0.5984
50362 17 38 0.6063
50379 17 36 0.6142
50396 17 35 0.6142
50413 17 33 0.622
50431 212 47 0.6929
50431 212 31 0.6535
50643 22 50 0.5276
50643 22 35 0.4724
50666 22 55 0.5433
50666 22 38 0.4882
50689 22 59 0.5512
50689 22 43 0.4961
50712 22 62 0.5669
50712 22 47 0.5118
50735 22 67 0.5748
50735 22 50 0.5197
50758 22 71 0.5906
50758 22 55 0.5276
50781 22 74 0.5984
50781 22 59 0.5433
50804 22 79 0.6142
50804 22 62 0.5512
50827 22 83 0.622
50827 22 67 0.5669
50850 22 86 0.6378
50850 22 71 0.5748
50873 22 91 0.6772
50873 22 74 0.5906
50896 155 95 0.7008
50896 155 79 0.6614
51051 17 93 0.5118
51051 17 78 0.4409
51068 17 91 0.5197
51068 17 76 0.4488
51086 17 90 0.5197
51086 17 74 0.4488
51103 17 88 0.5276
51103 17 72 0.4567
51120 17 86 0.5276
51120 17 71 0.4567
51137 17 84 0.5354
51137 17 69 0.4646
51155 17 83 0.5433
51155 17 67 0.4724
51172 17 81 0.5433
51172 17 66 0.4724
51189 17 79 0.5512
51189 17 64 0.4803
51206 17 78 0.5512
51206 17 62 0.4803
51224 17 76 0.5591
51224 17 60 0.4882
51241 17 74 0.5591
51241 17 59 0.4961
51258 17 72 0.5669
51258 17 57 0.4961
51275 17 71 0.5669
51275 17 55 0.5039
51293 17 69 0.5748
51293 17 54 0.5039
51310 17 67 0.5748
51310 17 52 0.5118
51327 17 66 0.5827
51327 17 50 0.5118
51344 17 64 0.5827
51344 17 48 0.5197
51362 17 62 0.5906
51362 17 47 0.5276
51379 17 60 0.5984
51379 17 45 0.5276
51396 17 59 0.5984
51396 17 43 0.5354
51413 17 57 0.6063
51413 17 42 0.5354
51431 17 55 0.6063
51431 17 40 0.5433
51448 17 54 0.6142
51448 17 38 0.5512
51465 17 52 0.6142
51465 17 36 0.5512
51482 17 50 0.622
51482 17 35 0.5591
51499 17 48 0.622
51499 17 33 0.5591
51517 17 47 0.6299
51517 17 38 0.5669
51534 17 45 0.6299
51534 17 36 0.5669
51551 189 43 0.7008
51551 189 31 0.6457
51551 189 35 0.6457
51741 17 47 0.5276
51741 17 38 0.4724
51758 17 50 0.5433
51758 17 43 0.4882
51775 17 55 0.5512
51775 17 47 0.4961
51793 17 59 0.5669
51793 17 50 0.5118
51810 17 62 0.5748
51810 17 55 0.5197
51827 17 67 0.5906
51827 17 59 0.5276
51844 17 71 0.5984
51844 17 62 0.5433
51862 17 74 0.6142
51862 17 67 0.5512
51879 17 79 0.622
51879 17 71 0.5669
51896 17 83 0.6378
51896 17 74 0.5748
51913 17 86 0.6457
51913 17 79 0.5669
51931 17 91 0.6614
51931 17 83 0.5827
51948 206 95 0.685
51948 17 86 0.5984
51965 189 98 0.7008
51965 189 91 0.6614
52155 17 96 0.5118
52155 17 88 0.4409
52172 17 95 0.5118
52172 17 86 0.4409
52189 17 93 0.5118
52189 17 84 0.4409
52206 17 91 0.5197
52206 17 83 0.4488
52224 17 90 0.5197
52224 17 81 0.4488
52241 17 88 0.5276
52241 17 79 0.4567
52258 17 86 0.5276
52258 17 78 0.4567
52275 17 84 0.5354
52275 17 76 0.4646
52293 17 83 0.5433
52293 17 74 0.4724
52310 17 81 0.5433
52310 17 72 0.4724
52327 17 79 0.5512
52327 17 71 0.4803
52344 17 78 0.5512
52344 17 69 0.4803
52362 17 76 0.5591
52362 17 67 0.4882
52379 17 74 0.5591
52379 17 66 0.4961
52396 17 72 0.5669
52396 17 64 0.4961
52413 17 71 0.5669
52413 17 62 0.5039
52431 17 69 0.5748
52431 17 60 0.5039
52448 17 67 0.5748
52448 17 59 0.5118
52465 17 66 0.5827
52465 17 57 0.5118
52482 17 64 0.5827
52482 17 55 0.5197
52499 17 62 0.5906
52499 17 54 0.5276
52517 17 60 0.5984
52517 17 52 0.5276
52534 17 59 0.5984
52534 17 50 0.5354
52551 17 57 0.6063
52551 17 48 0.5354
52568 17 55 0.6063
52568 17 47 0.5433
52586 17 54 0.6142
52586 17 45 0.5354
52603 17 52 0.6063
52603 17 43 0.5433
52620 17 50 0.6142
52620 17 42 0.5512
52637 17 48 0.6299
52637 17 40 0.5591
52655 17 47 0.6457
52655 17 38 0.5748
52672 17 45 0.6535
52672 17 36 0.5827
52689 155 43 0.7008
52689 155 31 0.6457
52689 155 35 0.6457
52844 17 44 0.5354
52844 17 36 0.378
52862 17 45 0.5354
52862 17 37 0.3858
52879 17 46 0.5433
52879 17 38 0.3858
52896 17 47 0.5512
52896 17 39 0.3937
52913 17 48 0.5512
52913 17 40 0.4016
52931 17 49 0.5591
52931 17 41 0.4094
52948 17 50 0.5669
52948 17 42 0.4094
52965 17 51 0.5669
52965 17 43 0.4173
52982 17 52 0.5748
52982 17 44 0.4252
52999 17 53 0.5827
52999 17 45 0.4331
53017 17 54 0.5827
53017 17 46 0.4331
53034 17 55 0.5906
53034 17 47 0.4409
53051 17 56 0.5984
53051 17 48 0.4488
53068 17 57 0.5984
53068 17 49 0.4567
53086 17 58 0.6063
53086 17 50 0.4567
53103 17 59 0.6063
53103 17 51 0.4646
53120 17 60 0.6142
53120 17 52 0.4724
53137 17 61 0.622
53137 17 53 0.4803
53155 17 62 0.6299
53155 17 54 0.4803
53172 17 63 0.6299
53172 17 55 0.4882
53189 17 64 0.6378
53189 17 56 0.4961
53206 17 65 0.6378
53206 17 57 0.5039
53224 17 66 0.6457
53224 17 58 0.5039
53241 17 67 0.6693
53241 17 59 0.4646
53258 17 66 0.6614
53258 17 58 0.4646
53275 17 65 0.6535
53275 17 57 0.4567
53293 17 64 0.6378
53293 17 56 0.4488
53310 17 63 0.6299
53310 17 55 0.4488
53327 17 62 0.622
53327 17 54 0.4409
53344 17 61 0.6142
53344 17 53 0.4331
53362 17 60 0.5984
53362 17 52 0.4331
53379 17 59 0.5827
53379 17 51 0.4094
53396 17 58 0.5906
53396 17 50 0.4173
53413 17 57 0.5984
53413 17 49 0.4252
53431 17 56 0.6063
53431 17 48 0.4409
53448 17 55 0.6142
53448 17 47 0.4488
53465 17 54 0.622
53465 17 46 0.4646
53482 17 53 0.6378
53482 17 45 0.4724
53499 17 52 0.6457
53499 17 44 0.4882
53517 17 51 0.6535
53517 17 43 0.5197
53534 17 50 0.6614
53534 17 42 0.5276
53551 17 49 0.6772
53551 17 41 0.5433
53568 17 48 0.6929
53568 17 40 0.5591
53586 17 47 0.7008
53586 17 39 0.5669
53603 17 46 0.7165
53603 17 38 0.5827
53620 17 45 0.7323
53620 17 37 0.5906
53637 17 44 0.748
53637 17 36 0.6063
53655 34 43 0.8504
53655 34 31 0.6929
53655 34 35 0.6929
53793 34 103 0.8898
53793 34 98 0.7559
53793 34 95 0.6378
53793 34 91 0.6378
53793 34 67 0.7087
53793 34 62 0.5906
53793 34 59 0.5906
53793 34 55 0.4961
