100 75 78 0.4331
150 50 47 0.3937
175 25 83 0.3937
200 6 79 0.3937
200 50 64 0.315
200 50 59 0.2677
200 50 55 0.2677
206 6 81 0.3937
212 37 79 0.4488
250 25 78 0.4173
250 50 64 0.3071
250 50 59 0.2598
250 50 55 0.2598
275 25 76 0.3937
300 25 78 0.4331
300 50 47 0.3937
325 125 71 0.3937
350 50 62 0.2441
350 50 59 0.2047
350 50 54 0.2047
400 50 62 0.2441
400 50 59 0.2047
400 50 54 0.2047
450 25 73 0.4567
450 50 47 0.3937
475 25 76 0.3937
500 6 74 0.3937
500 50 64 0.315
500 50 58 0.2677
500 50 54 0.2677
506 6 76 0.3937
512 37 74 0.4488
550 50 73 0.4173
550 50 64 0.3071
550 50 58 0.2598
550 50 54 0.2598
600 25 74 0.4331
600 50 47 0.3937
625 125 71 0.3937
650 50 62 0.2441
650 50 59 0.2047
650 50 54 0.2047
700 50 62 0.2441
700 50 59 0.2047
700 50 54 0.2047
750 25 73 0.4567
750 50 37 0.3937
775 25 71 0.3937
800 6 69 0.3622
800 50 59 0.315
800 50 53 0.2677
800 50 49 0.2677
806 6 71 0.3701
812 37 69 0.4331
850 50 68 0.4173
850 50 59 0.3071
850 50 53 0.2598
850 50 49 0.2598
900 25 69 0.4331
900 50 42 0.3937
925 50 73 0.3937
950 50 57 0.2913
950 50 49 0.2441
1000 75 61 0.5354
1075 25 59 0.4724
1100 6 57 0.4488
1106 6 59 0.4488
1112 37 57 0.5354
1150 50 56 0.5276
1200 50 57 0.5591
1250 100 61 0.5276
1350 50 59 0.5591
1350 150 49 0.3701
1350 50 56 0.4567
1400 50 57 0.5354
1400 50 54 0.4331
1450 50 61 0.5354
1450 50 57 0.4331
1500 6 59 0.4961
1500 150 49 0.3701
1500 25 56 0.4488
1506 6 61 0.4961
1512 12 59 0.5748
1525 25 57 0.5197
1525 25 54 0.4016
1550 50 61 0.5669
1550 50 57 0.4409
1600 50 61 0.5354
1600 50 57 0.4252
1650 6 59 0.4803
1650 150 49 0.3701
1650 50 56 0.4488
1656 6 61 0.4803
1662 37 59 0.5669
1700 50 58 0.5669
1700 50 54 0.4409
1750 50 61 0.5354
1750 50 58 0.4252
1800 6 59 0.4882
1800 50 49 0.3701
1800 25 56 0.4488
1806 6 61 0.4961
1812 12 59 0.5748
1825 25 58 0.5197
1825 75 54 0.4016
1850 50 66 0.5669
1850 100 42 0.3701
1900 75 78 0.4567
1950 50 47 0.3937
1975 25 83 0.3937
2000 6 79 0.3937
2000 50 64 0.315
2000 50 59 0.2677
2000 50 55 0.2677
2006 6 81 0.3937
2012 37 79 0.4488
2050 25 78 0.4173
2050 50 64 0.3071
2050 50 59 0.2598
2050 50 55 0.2598
2075 25 76 0.3937
2100 25 78 0.4331
2100 50 47 0.3937
2125 125 71 0.3937
2150 50 62 0.2441
2150 50 59 0.2047
2150 50 54 0.2047
2200 50 62 0.2441
2200 50 59 0.2047
2200 50 54 0.2047
2250 25 73 0.4567
2250 50 47 0.3937
2275 25 76 0.3937
2300 6 74 0.3937
2300 50 64 0.315
2300 50 58 0.2677
2300 50 54 0.2677
2306 6 76 0.3937
2312 37 74 0.4488
2350 50 73 0.4173
2350 50 64 0.3071
2350 50 58 0.2598
2350 50 54 0.2598
2400 25 74 0.4331
2400 50 47 0.3937
2425 75 71 0.3937
2450 50 62 0.2441
2450 50 59 0.2047
2450 50 54 0.2047
2500 75 50 0.5197
2550 50 59 0.2992
2550 50 65 0.3386
2575 25 55 0.4567
2600 16 52 0.5118
2600 50 60 0.2677
2600 50 64 0.2992
2616 16 53 0.4488
2633 16 52 0.4331
2650 25 50 0.4961
2650 50 60 0.2677
2650 50 64 0.2992
2675 25 48 0.4488
2700 37 50 0.5039
2700 50 55 0.3228
2700 50 59 0.3228
2700 50 65 0.3622
2737 12 43 0.4331
2750 50 50 0.5039
2750 50 55 0.2677
2750 50 59 0.2677
2750 50 65 0.2992
2800 50 48 0.4646
2800 50 60 0.2677
2800 50 64 0.2992
2850 25 50 0.5197
2850 50 59 0.2992
2850 50 65 0.3386
2875 25 55 0.4567
2900 16 52 0.5118
2900 50 60 0.2677
2900 50 64 0.2992
2916 16 53 0.4488
2933 16 52 0.4331
2950 25 50 0.4961
2950 50 60 0.2677
2950 50 64 0.2992
2975 25 48 0.4488
3000 37 50 0.5039
3000 50 55 0.3228
3000 50 59 0.3228
3000 50 65 0.3622
3037 12 43 0.4252
3050 50 50 0.4882
3050 50 55 0.2598
3050 50 59 0.2598
3050 50 65 0.2913
3100 50 48 0.4409
3100 50 60 0.252
3100 50 64 0.2835
3150 37 50 0.4724
3150 50 55 0.2992
3150 50 59 0.2992
3150 50 65 0.3386
3187 12 43 0.4016
3200 50 48 0.4567
3200 50 60 0.2441
3200 50 64 0.2677
3250 37 50 0.4488
3250 50 55 0.2835
3250 50 59 0.2835
3250 50 65 0.3228
3287 12 43 0.378
3300 50 48 0.4409
3300 50 60 0.2283
3300 50 64 0.2283
3350 37 50 0.4331
3350 50 55 0.2756
3350 50 59 0.2756
3350 50 65 0.3071
3387 12 43 0.3622
3400 50 48 0.4173
3400 50 60 0.2205
3400 50 64 0.2441
3450 150 43 0.4094
3450 150 55 0.4094
3600 150 42 0.378
3600 150 54 0.378
3750 25 78 0.4331
3750 50 35 0.3622
3750 50 47 0.3937
3775 25 83 0.3937
3800 6 79 0.3937
3800 50 64 0.315
3800 50 59 0.2677
3800 50 55 0.2677
3806 6 81 0.3937
3812 37 79 0.4488
3850 25 78 0.4173
3850 50 64 0.3071
3850 50 59 0.2598
3850 50 55 0.2598
3875 25 76 0.3937
3900 25 78 0.4331
3900 50 47 0.3937
3925 125 71 0.3937
3950 50 62 0.2441
3950 50 59 0.2047
3950 50 54 0.2047
4000 50 62 0.2441
4000 50 59 0.2047
4000 50 54 0.2047
4050 25 73 0.4567
4050 50 47 0.3937
4075 25 76 0.3937
4100 6 74 0.3937
4100 50 64 0.315
4100 50 58 0.2677
4100 50 54 0.2677
4106 6 76 0.3937
4112 37 74 0.4488
4150 50 73 0.4173
4150 50 64 0.3071
4150 50 58 0.2598
4150 50 54 0.2598
4200 25 74 0.4331
4200 50 47 0.3937
4225 125 71 0.3937
4250 50 62 0.2441
4250 50 59 0.2047
4250 50 54 0.2047
4300 50 62 0.2441
4300 50 59 0.2047
4300 50 54 0.2047
4350 25 73 0.4567
4350 50 37 0.3937
4375 25 71 0.3937
4400 6 69 0.3622
4400 50 59 0.315
4400 50 53 0.2677
4400 50 49 0.2677
4406 6 71 0.3701
4412 37 69 0.4331
4450 50 68 0.4173
4450 50 59 0.3071
4450 50 53 0.2598
4450 50 49 0.2598
4500 25 69 0.4331
4500 50 42 0.3937
4525 50 73 0.3937
4550 50 57 0.2913
4550 50 49 0.2441
4600 75 61 0.5354
4675 25 59 0.4724
4700 6 57 0.4488
4706 6 59 0.4488
4712 37 57 0.5354
4750 50 56 0.5276
4800 50 57 0.5591
4850 100 61 0.5276
4950 50 59 0.5591
4950 150 49 0.3701
4950 50 56 0.4567
5000 50 57 0.5354
5000 50 54 0.4331
5050 50 61 0.5354
5050 50 57 0.4331
5100 6 59 0.4961
5100 150 49 0.3701
5100 25 56 0.4488
5106 6 61 0.4961
5112 12 59 0.5748
5125 25 57 0.5197
5125 25 54 0.4016
5150 50 61 0.5669
5150 50 57 0.4409
5200 50 61 0.5354
5200 50 57 0.4252
5250 6 59 0.4803
5250 150 49 0.3701
5250 50 56 0.4488
5256 6 61 0.4803
5262 37 59 0.5669
5300 50 58 0.5669
5300 50 54 0.4409
5350 50 61 0.5354
5350 50 58 0.4252
5400 6 59 0.4882
5400 50 49 0.3701
5400 25 56 0.4488
5406 6 61 0.4961
5412 12 59 0.5748
5425 25 58 0.5197
5425 75 54 0.4016
5450 50 66 0.5669
5450 100 42 0.3701
5500 75 78 0.4567
5550 50 47 0.3937
5575 25 83 0.3937
5600 6 79 0.3937
5600 50 64 0.315
5600 50 59 0.2677
5600 50 55 0.2677
5606 6 81 0.3937
5612 37 79 0.4488
5650 25 78 0.4173
5650 50 64 0.3071
5650 50 59 0.2598
5650 50 55 0.2598
5675 25 76 0.3937
5700 25 78 0.4331
5700 50 47 0.3937
5725 125 71 0.3937
5750 50 62 0.2441
5750 50 59 0.2047
5750 50 54 0.2047
5800 50 62 0.2441
5800 50 59 0.2047
5800 50 54 0.2047
5850 25 73 0.4567
5850 50 47 0.3937
5875 25 76 0.3937
5900 6 74 0.3937
5900 50 64 0.315
5900 50 58 0.2677
5900 50 54 0.2677
5906 6 76 0.3937
5912 37 74 0.4488
5950 50 73 0.4173
5950 50 64 0.3071
5950 50 58 0.2598
5950 50 54 0.2598
6000 25 74 0.4331
6000 50 47 0.3937
6025 75 71 0.3937
6050 50 62 0.2441
6050 50 59 0.2047
6050 50 54 0.2047
6100 75 50 0.5197
6150 50 59 0.2992
6150 50 65 0.3386
6175 25 55 0.4567
6200 16 52 0.5118
6200 50 60 0.2677
6200 50 64 0.2992
6216 16 53 0.4488
6233 16 52 0.4331
6250 25 50 0.4961
6250 50 60 0.2677
6250 50 64 0.2992
6275 25 48 0.4488
6300 37 50 0.5039
6300 50 55 0.3228
6300 50 59 0.3228
6300 50 65 0.3622
6337 12 43 0.4331
6350 50 50 0.5039
6350 50 55 0.2677
6350 50 59 0.2677
6350 50 65 0.2992
6400 50 48 0.4646
6400 50 60 0.2677
6400 50 64 0.2992
6450 25 50 0.5197
6450 50 59 0.2992
6450 50 65 0.3386
6475 25 55 0.4567
6500 16 52 0.5118
6500 50 60 0.2677
6500 50 64 0.2992
6516 16 53 0.4488
6533 16 52 0.4331
6550 25 50 0.4961
6550 50 60 0.2677
6550 50 64 0.2992
6575 25 48 0.4488
6600 37 50 0.5039
6600 50 55 0.3228
6600 50 59 0.3228
6600 50 65 0.3622
6637 12 43 0.4252
6650 50 50 0.4882
6650 50 55 0.2598
6650 50 59 0.2598
6650 50 65 0.2913
6700 50 48 0.4409
6700 50 60 0.252
6700 50 64 0.2835
6750 37 50 0.4724
6750 50 55 0.2992
6750 50 59 0.2992
6750 50 65 0.3386
6787 12 43 0.4016
6800 50 48 0.4567
6800 50 60 0.2441
6800 50 64 0.2677
6850 37 50 0.4488
6850 50 55 0.2835
6850 50 59 0.2835
6850 50 65 0.3228
6887 12 43 0.378
6900 50 48 0.4409
6900 50 60 0.2283
6900 50 64 0.2283
6950 37 50 0.4331
6950 50 55 0.2756
6950 50 59 0.2756
6950 50 65 0.3071
6987 12 43 0.3622
7000 50 48 0.4173
7000 50 60 0.2205
7000 50 64 0.2441
7050 150 43 0.4094
7050 150 55 0.4094
7200 100 42 0.4724
7200 100 54 0.4646
7300 50 41 0.5197
7300 50 53 0.4882
7350 25 34 0.5827
7400 50 65 0.5354
7400 50 70 0.5354
7400 50 74 0.6299
7400 50 53 0.4252
7400 50 62 0.5039
7400 50 58 0.4252
7450 50 66 0.5354
7450 50 70 0.5354
7450 50 75 0.6299
7450 50 63 0.5039
7450 50 58 0.5039
7450 50 54 0.5039
7500 12 78 0.6772
7500 25 46 0.5748
7537 50 77 0.6299
7537 12 74 0.4803
7550 37 72 0.4803
7550 100 65 0.5354
7550 100 62 0.4488
7550 100 58 0.4488
7587 12 74 0.4803
7587 50 77 0.6299
7600 50 70 0.6299
7600 50 53 0.5354
7650 25 82 0.6693
7650 25 34 0.5669
7700 50 65 0.5354
7700 50 70 0.5354
7700 50 74 0.6299
7700 50 53 0.4252
7700 50 62 0.5039
7700 50 58 0.4252
7750 50 66 0.5354
7750 50 70 0.5354
7750 50 75 0.6299
7750 50 63 0.5039
7750 50 58 0.5039
7750 50 54 0.5039
7800 12 78 0.6772
7800 25 46 0.5748
7837 50 77 0.6299
7837 12 74 0.4803
7850 37 72 0.4803
7850 100 65 0.5354
7850 100 62 0.4488
7850 100 58 0.4488
7887 12 74 0.4803
7887 50 77 0.6299
7900 50 70 0.6299
7900 50 53 0.5354
7950 25 34 0.622
8000 50 65 0.5354
8000 50 70 0.5354
8000 50 74 0.6299
8000 50 53 0.4252
8000 50 62 0.5039
8000 50 58 0.4252
8050 50 66 0.5354
8050 50 70 0.5354
8050 50 75 0.6299
8050 50 63 0.5039
8050 50 58 0.5039
8050 50 54 0.5039
8100 12 78 0.6772
8100 25 46 0.5748
8137 50 77 0.6299
8137 12 74 0.4803
8150 37 72 0.4803
8150 100 65 0.5354
8150 100 62 0.4488
8150 100 58 0.4488
8187 12 74 0.4803
8187 50 77 0.6299
8200 50 70 0.6299
8200 50 53 0.5354
8250 25 94 0.6693
8250 25 82 0.6299
8250 25 46 0.5669
8250 25 34 0.5433
8300 50 65 0.5354
8300 50 70 0.5354
8300 50 74 0.6299
8300 50 53 0.4252
8300 50 62 0.5039
8300 50 58 0.4252
8350 50 66 0.5354
8350 50 70 0.5354
8350 50 75 0.6299
8350 50 63 0.5039
8350 50 58 0.5039
8350 50 54 0.5039
8400 12 78 0.6772
8400 25 46 0.5748
8437 50 77 0.6299
8437 12 74 0.4803
8450 37 72 0.4803
8450 100 65 0.5354
8450 100 62 0.4488
8450 100 58 0.4488
8487 12 74 0.4803
8487 50 77 0.6299
8500 50 70 0.6299
8500 50 53 0.5354
8550 25 39 0.6378
8600 50 70 0.5354
8600 50 75 0.5354
8600 50 79 0.6299
8600 50 58 0.4252
8600 50 67 0.5039
8600 50 63 0.4252
8650 50 71 0.5354
8650 50 75 0.5354
8650 50 80 0.6299
8650 50 68 0.5039
8650 50 63 0.5039
8650 50 59 0.5039
8700 12 83 0.6929
8700 25 51 0.5748
8737 50 82 0.6929
8737 12 79 0.4803
8750 37 77 0.4803
8750 50 67 0.5354
8750 50 63 0.4488
8750 50 58 0.4488
8787 12 79 0.4803
8787 50 82 0.6929
8800 50 75 0.6299
8800 50 51 0.5354
8850 25 99 0.7323
8850 25 87 0.6929
8850 25 39 0.5748
8900 50 70 0.5354
8900 50 75 0.5354
8900 50 79 0.6299
8900 50 58 0.4252
8900 50 67 0.5039
8900 50 63 0.4252
8950 50 71 0.5354
8950 50 75 0.5354
8950 50 80 0.6299
8950 50 68 0.5039
8950 50 63 0.5039
8950 50 59 0.5039
9000 12 83 0.685
9000 25 51 0.5748
9037 50 82 0.6929
9037 12 79 0.4803
9050 37 77 0.4803
9050 50 70 0.5354
9050 50 67 0.4488
9050 50 61 0.4488
9087 12 79 0.4803
9087 50 82 0.6929
9100 200 76 0.6299
9100 50 51 0.5354
9150 25 39 0.5748
9200 50 70 0.5354
9200 50 79 0.6299
9200 50 61 0.5118
9250 50 71 0.5118
9250 50 80 0.6063
9250 50 62 0.4488
9300 300 70 0.5118
9300 50 75 0.5118
9300 50 79 0.6063
9300 50 63 0.4646
9350 200 73 0.4882
9350 50 78 0.5827
9350 50 64 0.4488
9400 50 77 0.5591
9400 50 65 0.4252
9450 150 76 0.5433
9450 50 66 0.4094
9500 43 54 0.4646
9543 6 57 0.4724
9550 50 55 0.5354
9600 50 54 0.4882
9650 50 49 0.4331
9700 50 50 0.4252
9750 25 78 0.4331
9750 50 47 0.3937
9775 25 83 0.3937
9800 6 79 0.3937
9800 50 64 0.315
9800 50 59 0.2677
9800 50 55 0.2677
9806 6 81 0.3937
9812 37 79 0.4488
9850 25 78 0.4173
9850 50 64 0.3071
9850 50 59 0.2598
9850 50 55 0.2598
9875 25 76 0.3937
9900 25 78 0.4331
9900 50 47 0.3937
9925 125 71 0.3937
9950 50 62 0.2441
9950 50 59 0.2047
9950 50 54 0.2047
10000 50 62 0.2441
10000 50 59 0.2047
10000 50 54 0.2047
10050 25 73 0.4567
10050 50 47 0.3937
10075 25 76 0.3937
10100 6 74 0.3937
10100 50 64 0.315
10100 50 58 0.2677
10100 50 54 0.2677
10106 6 76 0.3937
10112 37 74 0.4488
10150 50 73 0.4173
10150 50 64 0.3071
10150 50 58 0.2598
10150 50 54 0.2598
10200 25 74 0.4331
10200 50 47 0.3937
10225 125 71 0.3937
10250 50 62 0.2441
10250 50 59 0.2047
10250 50 54 0.2047
10300 50 62 0.2441
10300 50 59 0.2047
10300 50 54 0.2047
10350 25 73 0.4567
10350 50 37 0.3937
10375 25 71 0.3937
10400 6 69 0.3622
10400 50 59 0.315
10400 50 53 0.2677
10400 50 49 0.2677
10406 6 71 0.3701
10412 37 69 0.4331
10450 50 68 0.4173
10450 50 59 0.3071
10450 50 53 0.2598
10450 50 49 0.2598
10500 25 69 0.4331
10500 50 42 0.3937
10525 50 73 0.3937
10550 50 57 0.2913
10550 50 49 0.2441
10600 75 61 0.5354
10675 25 59 0.4724
10700 6 57 0.4488
10706 6 59 0.4488
10712 37 57 0.5354
10750 50 56 0.5276
10800 50 57 0.5591
10850 100 61 0.5276
10950 50 59 0.5591
10950 150 49 0.3701
10950 50 56 0.4567
11000 50 57 0.5354
11000 50 54 0.4331
11050 50 61 0.5354
11050 50 57 0.4331
11100 6 59 0.4961
11100 150 49 0.3701
11100 25 56 0.4488
11106 6 61 0.4961
11112 12 59 0.5748
11125 25 57 0.5197
11125 25 54 0.4016
11150 50 61 0.5669
11150 50 57 0.4409
11200 50 61 0.5354
11200 50 57 0.4252
11250 6 59 0.4803
11250 150 49 0.3701
11250 50 56 0.4488
11256 6 61 0.4803
11262 37 59 0.5669
11300 50 58 0.5669
11300 50 54 0.4409
11350 50 61 0.5354
11350 50 58 0.4252
11400 6 59 0.4882
11400 50 49 0.3701
11400 25 56 0.4488
11406 6 61 0.4961
11412 12 59 0.5748
11425 25 58 0.5197
11425 75 54 0.4016
11450 50 66 0.5669
11450 100 42 0.3701
11500 75 78 0.4567
11550 50 47 0.3937
11575 25 83 0.3937
11600 6 79 0.3937
11600 50 64 0.315
11600 50 59 0.2677
11600 50 55 0.2677
11606 6 81 0.3937
11612 37 79 0.4488
11650 25 78 0.4173
11650 50 64 0.3071
11650 50 59 0.2598
11650 50 55 0.2598
11675 25 76 0.3937
11700 25 78 0.4331
11700 50 47 0.3937
11725 125 71 0.3937
11750 50 62 0.2441
11750 50 59 0.2047
11750 50 54 0.2047
11800 50 62 0.2441
11800 50 59 0.2047
11800 50 54 0.2047
11850 25 73 0.4567
11850 50 47 0.3937
11875 25 76 0.3937
11900 6 74 0.3937
11900 50 64 0.315
11900 50 58 0.2677
11900 50 54 0.2677
11906 6 76 0.3937
11912 37 74 0.4488
11950 50 73 0.4173
11950 50 64 0.3071
11950 50 58 0.2598
11950 50 54 0.2598
12000 25 74 0.4331
12000 50 47 0.3937
12025 75 71 0.3937
12050 50 62 0.2441
12050 50 59 0.2047
12050 50 54 0.2047
12100 75 50 0.5197
12150 50 59 0.2992
12150 50 65 0.3386
12175 25 55 0.4567
12200 16 52 0.5118
12200 50 60 0.2677
12200 50 64 0.2992
12216 16 53 0.4488
12233 16 52 0.4331
12250 25 50 0.4961
12250 50 60 0.2677
12250 50 64 0.2992
12275 25 48 0.4488
12300 37 50 0.5039
12300 50 55 0.3228
12300 50 59 0.3228
12300 50 65 0.3622
12337 12 43 0.4331
12350 50 50 0.5039
12350 50 55 0.2677
12350 50 59 0.2677
12350 50 65 0.2992
12400 50 48 0.4646
12400 50 60 0.2677
12400 50 64 0.2992
12450 25 50 0.5197
12450 50 59 0.2992
12450 50 65 0.3386
12475 25 55 0.4567
12500 16 52 0.5118
12500 50 60 0.2677
12500 50 64 0.2992
12516 16 53 0.4488
12533 16 52 0.4331
12550 25 50 0.4961
12550 50 60 0.2677
12550 50 64 0.2992
12575 25 48 0.4488
12600 37 50 0.5039
12600 50 55 0.3228
12600 50 59 0.3228
12600 50 65 0.3622
12637 12 43 0.4252
12650 50 50 0.4882
12650 50 55 0.2598
12650 50 59 0.2598
12650 50 65 0.2913
12700 50 48 0.4409
12700 50 60 0.252
12700 50 64 0.2835
12750 37 50 0.4724
12750 50 55 0.2992
12750 50 59 0.2992
12750 50 65 0.3386
12787 12 43 0.4016
12800 50 48 0.4567
12800 50 60 0.2441
12800 50 64 0.2677
12850 37 50 0.4488
12850 50 55 0.2835
12850 50 59 0.2835
12850 50 65 0.3228
12887 12 43 0.378
12900 50 48 0.4409
12900 50 60 0.2283
12900 50 64 0.2283
12950 37 50 0.4331
12950 50 55 0.2756
12950 50 59 0.2756
12950 50 65 0.3071
12987 12 43 0.3622
13000 50 48 0.4173
13000 50 60 0.2205
13000 50 64 0.2441
13050 150 43 0.4094
13050 150 55 0.4094
13200 150 42 0.378
13200 150 54 0.378
13350 25 78 0.4331
13350 50 35 0.3622
13350 50 47 0.3937
13375 25 83 0.3937
13400 6 79 0.3937
13400 50 64 0.315
13400 50 59 0.2677
13400 50 55 0.2677
13406 6 81 0.3937
13412 37 79 0.4488
13450 25 78 0.4173
13450 50 64 0.3071
13450 50 59 0.2598
13450 50 55 0.2598
13475 25 76 0.3937
13500 25 78 0.4331
13500 50 47 0.3937
13525 125 71 0.3937
13550 50 62 0.2441
13550 50 59 0.2047
13550 50 54 0.2047
13600 50 62 0.2441
13600 50 59 0.2047
13600 50 54 0.2047
13650 25 73 0.4567
13650 50 47 0.3937
13675 25 76 0.3937
13700 6 74 0.3937
13700 50 64 0.315
13700 50 58 0.2677
13700 50 54 0.2677
13706 6 76 0.3937
13712 37 74 0.4488
13750 50 73 0.4173
13750 50 64 0.3071
13750 50 58 0.2598
13750 50 54 0.2598
13800 25 74 0.4331
13800 50 47 0.3937
13825 125 71 0.3937
13850 50 62 0.2441
13850 50 59 0.2047
13850 50 54 0.2047
13900 50 62 0.2441
13900 50 59 0.2047
13900 50 54 0.2047
13950 25 73 0.4567
13950 50 37 0.3937
13975 25 71 0.3937
14000 6 69 0.3622
14000 50 59 0.315
14000 50 53 0.2677
14000 50 49 0.2677
14006 6 71 0.3701
14012 37 69 0.4331
14050 50 68 0.4173
14050 50 59 0.3071
14050 50 53 0.2598
14050 50 49 0.2598
14100 25 69 0.4331
14100 50 42 0.3937
14125 50 73 0.3937
14150 50 57 0.2913
14150 50 49 0.2441
14200 75 61 0.5354
14275 25 59 0.4724
14300 6 57 0.4488
14306 6 59 0.4488
14312 37 57 0.5354
14350 50 56 0.5276
14400 50 57 0.5591
14450 100 61 0.5276
14550 50 59 0.5591
14550 150 49 0.3701
14550 50 56 0.4567
14600 50 57 0.5354
14600 50 54 0.4331
14650 50 61 0.5354
14650 50 57 0.4331
14700 6 59 0.4961
14700 150 49 0.3701
14700 25 56 0.4488
14706 6 61 0.4961
14712 12 59 0.5748
14725 25 57 0.5197
14725 25 54 0.4016
14750 50 61 0.5669
14750 50 57 0.4409
14800 50 61 0.5354
14800 50 57 0.4252
14850 6 59 0.4803
14850 150 49 0.3701
14850 50 56 0.4488
14856 6 61 0.4803
14862 37 59 0.5669
14900 50 58 0.5669
14900 50 54 0.4409
14950 50 61 0.5354
14950 50 58 0.4252
15000 6 59 0.4882
15000 50 49 0.3701
15000 25 56 0.4488
15006 6 61 0.4961
15012 12 59 0.5748
15025 25 58 0.5197
15025 75 54 0.4016
15050 50 66 0.5669
15050 100 42 0.3701
15100 75 78 0.4567
15150 50 47 0.3937
15175 25 83 0.3937
15200 6 79 0.3937
15200 50 64 0.315
15200 50 59 0.2677
15200 50 55 0.2677
15206 6 81 0.3937
15212 37 79 0.4488
15250 25 78 0.4173
15250 50 64 0.3071
15250 50 59 0.2598
15250 50 55 0.2598
15275 25 76 0.3937
15300 25 78 0.4331
15300 50 47 0.3937
15325 125 71 0.3937
15350 50 62 0.2441
15350 50 59 0.2047
15350 50 54 0.2047
15400 50 62 0.2441
15400 50 59 0.2047
15400 50 54 0.2047
15450 25 73 0.4567
15450 50 47 0.3937
15475 25 76 0.3937
15500 6 74 0.3937
15500 50 64 0.315
15500 50 58 0.2677
15500 50 54 0.2677
15506 6 76 0.3937
15512 37 74 0.4488
15550 50 73 0.4173
15550 50 64 0.3071
15550 50 58 0.2598
15550 50 54 0.2598
15600 25 74 0.4331
15600 50 47 0.3937
15625 75 71 0.3937
15650 50 62 0.2441
15650 50 59 0.2047
15650 50 54 0.2047
15700 75 50 0.5197
15750 50 59 0.2992
15750 50 65 0.3386
15775 25 55 0.4567
15800 16 52 0.5118
15800 50 60 0.2677
15800 50 64 0.2992
15816 16 53 0.4488
15833 16 52 0.4331
15850 25 50 0.4961
15850 50 60 0.2677
15850 50 64 0.2992
15875 25 48 0.4488
15900 37 50 0.5039
15900 50 55 0.3228
15900 50 59 0.3228
15900 50 65 0.3622
15937 12 43 0.4331
15950 50 50 0.5039
15950 50 55 0.2677
15950 50 59 0.2677
15950 50 65 0.2992
16000 50 48 0.4646
16000 50 60 0.2677
16000 50 64 0.2992
16050 25 50 0.5197
16050 50 59 0.2992
16050 50 65 0.3386
16075 25 55 0.4567
16100 16 52 0.5118
16100 50 60 0.2677
16100 50 64 0.2992
16116 16 53 0.4488
16133 16 52 0.4331
16150 25 50 0.4961
16150 50 60 0.2677
16150 50 64 0.2992
16175 25 48 0.4488
16200 37 50 0.5039
16200 50 55 0.3228
16200 50 59 0.3228
16200 50 65 0.3622
16237 12 43 0.4252
16250 50 50 0.4882
16250 50 55 0.2598
16250 50 59 0.2598
16250 50 65 0.2913
16300 50 48 0.4409
16300 50 60 0.252
16300 50 64 0.2835
16350 37 50 0.4724
16350 50 55 0.2992
16350 50 59 0.2992
16350 50 65 0.3386
16387 12 43 0.4016
16400 50 48 0.4567
16400 50 60 0.2441
16400 50 64 0.2677
16450 37 50 0.4488
16450 50 55 0.2835
16450 50 59 0.2835
16450 50 65 0.3228
16487 12 43 0.378
16500 50 48 0.4409
16500 50 60 0.2283
16500 50 64 0.2283
16550 37 50 0.4331
16550 50 55 0.2756
16550 50 59 0.2756
16550 50 65 0.3071
16587 12 43 0.3622
16600 50 48 0.4173
16600 50 60 0.2205
16600 50 64 0.2441
16650 150 43 0.4094
16650 150 55 0.4094
16800 100 42 0.4724
16800 100 54 0.4646
16900 50 41 0.5197
16900 50 53 0.4882
16950 25 34 0.5827
17000 50 65 0.5354
17000 50 70 0.5354
17000 50 74 0.6299
17000 50 53 0.4252
17000 50 62 0.5039
17000 50 58 0.4252
17050 50 66 0.5354
17050 50 70 0.5354
17050 50 75 0.6299
17050 50 63 0.5039
17050 50 58 0.5039
17050 50 54 0.5039
17100 12 78 0.6772
17100 25 46 0.5748
17137 50 77 0.6299
17137 12 74 0.4803
17150 37 72 0.4803
17150 100 65 0.5354
17150 100 62 0.4488
17150 100 58 0.4488
17187 12 74 0.4803
17187 50 77 0.6299
17200 50 70 0.6299
17200 50 53 0.5354
17250 25 82 0.6693
17250 25 34 0.5669
17300 50 65 0.5354
17300 50 70 0.5354
17300 50 74 0.6299
17300 50 53 0.4252
17300 50 62 0.5039
17300 50 58 0.4252
17350 50 66 0.5354
17350 50 70 0.5354
17350 50 75 0.6299
17350 50 63 0.5039
17350 50 58 0.5039
17350 50 54 0.5039
17400 12 78 0.6772
17400 25 46 0.5748
17437 50 77 0.6299
17437 12 74 0.4803
17450 37 72 0.4803
17450 100 65 0.5354
17450 100 62 0.4488
17450 100 58 0.4488
17487 12 74 0.4803
17487 50 77 0.6299
17500 50 70 0.6299
17500 50 53 0.5354
17550 25 34 0.622
17600 50 65 0.5354
17600 50 70 0.5354
17600 50 74 0.6299
17600 50 53 0.4252
17600 50 62 0.5039
17600 50 58 0.4252
17650 50 66 0.5354
17650 50 70 0.5354
17650 50 75 0.6299
17650 50 63 0.5039
17650 50 58 0.5039
17650 50 54 0.5039
17700 12 78 0.6772
17700 25 46 0.5748
17737 50 77 0.6299
17737 12 74 0.4803
17750 37 72 0.4803
17750 100 65 0.5354
17750 100 62 0.4488
17750 100 58 0.4488
17787 12 74 0.4803
17787 50 77 0.6299
17800 50 70 0.6299
17800 50 53 0.5354
17850 25 94 0.6693
17850 25 82 0.6299
17850 25 46 0.5669
17850 25 34 0.5433
17900 50 65 0.5354
17900 50 70 0.5354
17900 50 74 0.6299
17900 50 53 0.4252
17900 50 62 0.5039
17900 50 58 0.4252
17950 50 66 0.5354
17950 50 70 0.5354
17950 50 75 0.6299
17950 50 63 0.5039
17950 50 58 0.5039
17950 50 54 0.5039
18000 12 78 0.6772
18000 25 46 0.5748
18037 50 77 0.6299
18037 12 74 0.4803
18050 37 72 0.4803
18050 100 65 0.5354
18050 100 62 0.4488
18050 100 58 0.4488
18087 12 74 0.4803
18087 50 77 0.6299
18100 50 70 0.6299
18100 50 53 0.5354
18150 25 39 0.6378
18200 50 70 0.5354
18200 50 75 0.5354
18200 50 79 0.6299
18200 50 58 0.4252
18200 50 67 0.5039
18200 50 63 0.4252
18250 50 71 0.5354
18250 50 75 0.5354
18250 50 80 0.6299
18250 50 68 0.5039
18250 50 63 0.5039
18250 50 59 0.5039
18300 12 83 0.6929
18300 25 51 0.5748
18337 50 82 0.6929
18337 12 79 0.4803
18350 37 77 0.4803
18350 50 67 0.5354
18350 50 63 0.4488
18350 50 58 0.4488
18387 12 79 0.4803
18387 50 82 0.6929
18400 50 75 0.6299
18400 50 51 0.5354
18450 25 99 0.7323
18450 25 87 0.6929
18450 25 39 0.5748
18500 50 70 0.5354
18500 50 75 0.5354
18500 50 79 0.6299
18500 50 58 0.4252
18500 50 67 0.5039
18500 50 63 0.4252
18550 50 71 0.5354
18550 50 75 0.5354
18550 50 80 0.6299
18550 50 68 0.5039
18550 50 63 0.5039
18550 50 59 0.5039
18600 12 83 0.685
18600 25 51 0.5748
18637 50 82 0.6929
18637 12 79 0.4803
18650 37 77 0.4803
18650 50 70 0.5354
18650 50 67 0.4488
18650 50 61 0.4488
18687 12 79 0.4803
18687 50 82 0.6929
18700 200 76 0.6299
18700 50 51 0.5354
18750 25 39 0.5748
18800 50 70 0.5354
18800 50 79 0.6299
18800 50 61 0.5118
18850 50 71 0.5118
18850 50 80 0.6063
18850 50 62 0.4488
18900 300 70 0.5118
18900 50 75 0.5118
18900 50 79 0.6063
18900 50 63 0.4646
18950 250 73 0.4882
18950 50 78 0.5827
18950 50 64 0.4488
19000 50 77 0.5591
19000 50 65 0.4252
19050 150 76 0.5433
19050 50 66 0.4094
19100 43 54 0.4646
19143 6 58 0.4724
19150 50 56 0.5354
19200 50 54 0.4961
19250 50 49 0.4409
19300 50 54 0.4173
19350 25 75 0.4646
19350 50 47 0.3937
19375 25 76 0.4803
19400 50 77 0.4961
19400 50 63 0.3386
19400 50 59 0.2835
19400 50 54 0.2835
19450 50 78 0.5512
19450 50 63 0.2835
19450 50 71 0.3386
19500 37 79 0.6063
19500 50 40 0.4173
19537 12 80 0.5039
19550 75 76 0.5984
19550 50 61 0.2913
19550 50 59 0.2913
19550 50 64 0.2913
19550 50 68 0.3465
19625 25 75 0.5276
19650 25 75 0.5591
19650 50 42 0.3937
19675 6 73 0.4646
19681 6 75 0.4724
19687 12 73 0.5433
19700 50 72 0.5276
19700 50 64 0.3386
19700 50 58 0.2835
19700 50 54 0.2835
19750 50 73 0.5512
19750 50 54 0.2992
19750 50 58 0.2992
19750 50 64 0.3543
19800 100 76 0.5827
19800 50 43 0.4252
19850 50 63 0.3701
19850 50 58 0.3071
19850 50 51 0.3071
19900 50 75 0.5039
19900 50 51 0.2913
19900 50 58 0.2913
19900 50 63 0.3465
19950 25 71 0.4567
19950 50 44 0.3937
19975 25 73 0.4724
20000 50 74 0.4961
20000 50 59 0.3386
20000 50 56 0.2835
20000 50 51 0.2835
20050 50 75 0.5354
20050 50 51 0.2835
20050 50 56 0.2835
20050 50 59 0.3386
20100 25 78 0.5669
20100 50 37 0.4173
20125 25 76 0.5039
20150 50 73 0.5512
20150 50 64 0.3543
20150 50 61 0.2992
20150 50 56 0.2992
20200 6 68 0.4409
20206 6 70 0.4409
20212 37 68 0.5039
20250 37 67 0.5039
20250 50 50 0.3937
20287 12 68 0.4803
20300 50 71 0.5039
20300 50 65 0.3465
20300 50 59 0.2913
20300 50 56 0.2913
20350 50 70 0.5039
20350 50 56 0.2913
20350 50 58 0.2913
20350 50 65 0.3465
20400 100 67 0.5433
20400 50 51 0.4331
20450 50 63 0.3701
20450 50 58 0.3071
20450 50 55 0.3071
20500 50 66 0.5039
20500 50 49 0.3071
20500 50 54 0.3071
20500 50 58 0.3071
20500 50 64 0.3701
20550 25 75 0.4646
20550 50 47 0.3937
20575 25 76 0.4803
20600 50 78 0.4961
20600 50 63 0.3386
20600 50 59 0.2835
20600 50 54 0.2835
20650 50 87 0.5433
20700 25 85 0.5433
20700 50 40 0.4016
20725 25 83 0.5039
20750 50 80 0.5433
20750 50 61 0.2913
20750 50 59 0.2913
20750 50 64 0.2913
20750 50 68 0.3465
20800 50 76 0.5276
20850 25 75 0.5591
20850 50 42 0.3937
20875 6 73 0.4646
20881 6 75 0.4724
20887 12 73 0.5433
20900 50 72 0.5276
20900 50 64 0.3386
20900 50 58 0.2835
20900 50 54 0.2835
20950 50 73 0.5512
20950 50 54 0.2992
20950 50 58 0.2992
20950 50 64 0.3543
21000 100 76 0.5591
21000 50 43 0.4252
21050 50 63 0.3701
21050 50 58 0.3071
21050 50 51 0.3071
21100 50 75 0.5039
21100 50 51 0.2913
21100 50 58 0.2913
21100 50 63 0.3465
21150 75 75 0.6063
21150 50 44 0.4331
21200 50 53 0.2835
21200 50 63 0.3386
21200 50 59 0.2835
21200 50 56 0.2835
21225 6 75 0.5039
21231 6 77 0.5039
21237 12 75 0.5669
21250 25 73 0.5827
21275 25 71 0.5591
21300 25 70 0.622
21300 50 46 0.4173
21325 25 75 0.5748
21350 50 78 0.6299
21350 50 63 0.3543
21350 50 58 0.2992
21350 50 54 0.2992
21400 50 83 0.622
21400 50 54 0.2992
21400 50 58 0.2992
21400 50 63 0.3543
21450 25 82 0.6378
21450 50 46 0.3937
21475 25 77 0.5512
21500 75 80 0.6299
21500 50 62 0.3465
21500 50 58 0.2913
21500 50 56 0.2913
21550 50 56 0.2913
21550 50 58 0.2913
21550 50 65 0.3465
21575 25 78 0.6063
21600 50 75 0.6378
21600 50 51 0.4331
21650 25 66 0.6299
21650 50 63 0.3071
21650 50 58 0.2598
21650 50 54 0.2283
21675 25 78 0.622
21700 25 77 0.6142
21700 50 49 0.1811
21700 50 54 0.2205
21700 50 58 0.2362
21700 50 64 0.2756
21725 25 76 0.5827
21750 25 75 0.5276
21750 50 47 0.3937
21775 25 76 0.5512
21800 50 77 0.5669
21800 50 63 0.3386
21800 50 59 0.2835
21800 50 57 0.2835
21850 50 78 0.5906
21850 50 59 0.2835
21850 50 63 0.2835
21850 50 69 0.3386
21900 37 79 0.5906
21900 50 40 0.4173
21937 12 80 0.5039
21950 75 76 0.5433
21950 50 61 0.2913
21950 50 59 0.2913
21950 50 64 0.2913
21950 50 68 0.3465
22025 25 75 0.5276
22050 25 75 0.5591
22050 50 42 0.3937
22075 6 73 0.4646
22081 6 75 0.4724
22087 12 73 0.5433
22100 50 72 0.5276
22100 50 64 0.3386
22100 50 58 0.2835
22100 50 54 0.2835
22150 50 73 0.5512
22150 50 54 0.2992
22150 50 58 0.2992
22150 50 64 0.3543
22200 100 76 0.5748
22200 50 43 0.4252
22250 50 63 0.3701
22250 50 58 0.3071
22250 50 51 0.3071
22300 50 75 0.5039
22300 50 51 0.2913
22300 50 58 0.2913
22300 50 63 0.3465
22350 25 71 0.4567
22350 50 44 0.3937
22375 25 73 0.4724
22400 50 74 0.4961
22400 50 59 0.3386
22400 50 56 0.2835
22400 50 51 0.2835
22450 50 75 0.5276
22450 50 51 0.2835
22450 50 56 0.2835
22450 50 59 0.3386
22500 25 78 0.5433
22500 50 37 0.4173
22525 25 76 0.5039
22550 50 73 0.5512
22550 50 64 0.3543
22550 50 61 0.2992
22550 50 56 0.2992
22600 6 68 0.4409
22606 6 70 0.4409
22612 37 68 0.5039
22650 37 67 0.5039
22650 50 50 0.3937
22687 12 68 0.4803
22700 50 71 0.5039
22700 50 65 0.3465
22700 50 59 0.2913
22700 50 56 0.2913
22750 50 70 0.5039
22750 50 56 0.2913
22750 50 58 0.2913
22750 50 65 0.3465
22800 100 67 0.5433
22800 50 51 0.4331
22850 50 63 0.3701
22850 50 58 0.3071
22850 50 55 0.3071
22900 50 66 0.5039
22900 50 49 0.2677
22900 50 54 0.2756
22900 50 58 0.3071
22900 50 64 0.3701
22950 25 75 0.4646
22950 50 47 0.3937
22975 25 76 0.4803
23000 50 78 0.4961
23000 50 63 0.3386
23000 50 59 0.2835
23000 50 54 0.2835
23050 50 87 0.5433
23100 25 85 0.5433
23100 50 40 0.4016
23125 25 83 0.5039
23150 50 80 0.5433
23150 50 61 0.2913
23150 50 59 0.2913
23150 50 64 0.2913
23150 50 68 0.3465
23200 50 76 0.5276
23250 25 75 0.5591
23250 50 42 0.3937
23275 6 73 0.4646
23281 6 75 0.4724
23287 12 73 0.5433
23300 50 72 0.5276
23300 50 64 0.3386
23300 50 58 0.2835
23300 50 54 0.2835
23350 50 73 0.5512
23350 50 54 0.2992
23350 50 58 0.2992
23350 50 64 0.3543
23400 100 76 0.5591
23400 50 43 0.4252
23450 50 63 0.3701
23450 50 58 0.3071
23450 50 51 0.3071
23500 50 75 0.5039
23500 50 51 0.2913
23500 50 58 0.2913
23500 50 63 0.3465
23550 75 75 0.5276
23550 50 44 0.4331
23600 50 53 0.2835
23600 50 63 0.3386
23600 50 59 0.2835
23600 50 56 0.2835
23625 6 75 0.4409
23631 6 77 0.4409
23637 12 75 0.4961
23650 25 73 0.5118
23675 25 71 0.4882
23700 25 70 0.5433
23700 50 46 0.4173
23725 25 75 0.5039
23750 50 78 0.5512
23750 50 63 0.3543
23750 50 58 0.2992
23750 50 54 0.2992
23800 50 83 0.5433
23800 50 54 0.2992
23800 50 58 0.2992
23800 50 63 0.3543
23850 25 82 0.5591
23850 50 46 0.3937
23875 25 77 0.4803
23900 75 80 0.5512
23900 50 62 0.3465
23900 50 58 0.2913
23900 50 56 0.2913
23950 50 56 0.2913
23950 50 58 0.2913
23950 50 65 0.3465
23975 25 78 0.5276
24000 100 75 0.5591
24000 50 51 0.4331
24050 50 63 0.3071
24050 50 58 0.2598
24050 50 54 0.2283
24100 50 78 0.5906
24100 50 54 0.2835
24100 50 58 0.3307
24100 50 66 0.3937
24150 37 92 0.6457
24150 37 80 0.5433
24150 12 70 0.4252
24150 12 76 0.5039
24187 12 90 0.6063
24187 12 78 0.5118
24187 12 66 0.4724
24200 37 88 0.5984
24200 37 76 0.5039
24200 50 54 0.4567
24250 50 64 0.4961
24250 50 70 0.5906
24250 50 42 0.4724
24300 25 63 0.5039
24300 25 71 0.5984
24300 25 47 0.5354
24337 12 66 0.4882
24337 12 73 0.5748
24337 12 54 0.4646
24350 50 71 0.5354
24350 50 75 0.6378
24350 50 63 0.5197
24350 50 59 0.4409
24400 50 78 0.5118
24400 50 90 0.6063
24400 50 71 0.4016
24400 50 75 0.4724
24450 37 92 0.6457
24450 37 80 0.5433
24450 12 70 0.4252
24450 12 76 0.5039
24487 12 90 0.6063
24487 12 78 0.5118
24487 12 66 0.4724
24500 37 88 0.5984
24500 37 76 0.5039
24500 50 54 0.4567
24550 50 64 0.4961
24550 50 70 0.5906
24550 50 42 0.4724
24600 25 63 0.5039
24600 25 71 0.5984
24600 25 47 0.5354
24637 12 66 0.4882
24637 12 73 0.5748
24637 12 54 0.4646
24650 50 71 0.5354
24650 50 75 0.6378
24650 50 63 0.5197
24650 50 59 0.4409
24700 50 75 0.5118
24700 50 78 0.6063
24750 12 85 0.5433
24750 12 88 0.6378
24750 12 52 0.5354
24787 12 78 0.4882
24787 12 82 0.5748
24787 12 73 0.4882
24800 37 76 0.5197
24800 37 80 0.5748
24800 37 64 0.4409
24800 37 68 0.5197
24837 12 78 0.4882
24837 12 82 0.5748
24837 12 73 0.4882
24850 50 76 0.5118
24850 50 80 0.6063
24850 50 64 0.4331
24850 50 68 0.5118
24900 12 83 0.5433
24900 12 87 0.6378
24900 12 42 0.5354
24937 12 76 0.4882
24937 12 80 0.5748
24937 12 71 0.4882
24950 37 75 0.5197
24950 37 78 0.5748
24950 37 63 0.4409
24950 37 66 0.5197
24987 12 76 0.4882
24987 12 80 0.5748
24987 12 71 0.4882
25000 50 75 0.5118
25000 50 78 0.6063
25000 50 63 0.4331
25000 50 66 0.5118
25050 12 82 0.5433
25050 12 85 0.6378
25050 12 42 0.5354
25087 12 75 0.4882
25087 12 78 0.5748
25087 12 70 0.4882
25100 37 73 0.5197
25100 37 76 0.5748
25100 37 61 0.4409
25100 37 64 0.5197
25137 12 75 0.4882
25137 12 78 0.5748
25137 12 70 0.4882
25150 50 73 0.5118
25150 50 76 0.6063
25150 50 61 0.4331
25150 50 64 0.5118
25200 12 71 0.4567
25200 12 75 0.5433
25200 25 47 0.4803
25237 12 73 0.4094
25237 12 76 0.4882
25250 50 74 0.4409
25250 50 80 0.5276
25250 100 59 0.3622
25250 50 65 0.4331
25300 50 75 0.3937
25300 50 78 0.4646
25300 50 66 0.3937
25350 37 92 0.6457
25350 37 80 0.5433
25350 12 70 0.4252
25350 12 76 0.5039
25387 12 90 0.6063
25387 12 78 0.5118
25387 12 66 0.4724
25400 37 88 0.5984
25400 37 76 0.5039
25400 50 54 0.4567
25450 50 64 0.4961
25450 50 70 0.5906
25450 50 42 0.4724
25500 25 63 0.5039
25500 25 71 0.5984
25500 25 47 0.5354
25537 12 66 0.4882
25537 12 73 0.5748
25537 12 54 0.4646
25550 50 71 0.5354
25550 50 75 0.6378
25550 50 63 0.5197
25550 50 59 0.4409
25600 50 78 0.5118
25600 50 90 0.6063
25600 50 71 0.4016
25600 50 75 0.4724
25650 37 92 0.6457
25650 37 80 0.5433
25650 12 70 0.4252
25650 12 76 0.5039
25687 12 90 0.6063
25687 12 78 0.5118
25687 12 66 0.4724
25700 37 88 0.5984
25700 37 76 0.5039
25700 50 54 0.4567
25750 50 64 0.4961
25750 50 70 0.5906
25750 50 42 0.4724
25800 25 63 0.5039
25800 25 71 0.5984
25800 25 47 0.5354
25837 12 66 0.4882
25837 12 73 0.5748
25837 12 54 0.4646
25850 50 71 0.5354
25850 50 75 0.6378
25850 50 63 0.5197
25850 50 59 0.4409
25900 50 75 0.5118
25900 50 78 0.6063
25950 12 85 0.5433
25950 12 88 0.6378
25950 12 52 0.5354
25987 12 78 0.4882
25987 12 82 0.5748
25987 12 73 0.4882
26000 37 76 0.5197
26000 37 80 0.5748
26000 37 64 0.4409
26000 37 68 0.5197
26037 12 78 0.4882
26037 12 82 0.5748
26037 12 73 0.4882
26050 50 76 0.5118
26050 50 80 0.6063
26050 50 64 0.4331
26050 50 68 0.5118
26100 12 83 0.5433
26100 12 87 0.6378
26100 12 42 0.5354
26137 12 76 0.4882
26137 12 80 0.5748
26137 12 71 0.4882
26150 37 75 0.5197
26150 37 78 0.5748
26150 37 63 0.4409
26150 37 66 0.5197
26187 12 76 0.4882
26187 12 80 0.5748
26187 12 71 0.4882
26200 50 75 0.5118
26200 50 78 0.6063
26200 50 63 0.4331
26200 50 66 0.5118
26250 12 82 0.5433
26250 12 85 0.6378
26250 12 42 0.5354
26287 12 75 0.4882
26287 12 78 0.5748
26287 12 70 0.4882
26300 37 73 0.5197
26300 37 76 0.5748
26300 37 61 0.4409
26300 37 64 0.5197
26337 12 75 0.4882
26337 12 78 0.5748
26337 12 70 0.4882
26350 50 73 0.5118
26350 50 76 0.6063
26350 50 61 0.4331
26350 50 64 0.5118
26437 12 56 0.3228
26450 37 54 0.3701
26487 12 56 0.3228
26500 50 54 0.3622
26550 37 56 0.3465
26587 12 54 0.2913
26600 50 52 0.3465
26650 50 42 0.2992
26700 37 47 0.3465
26737 12 49 0.3228
26750 50 51 0.3543
26800 50 54 0.3465
26850 37 56 0.3622
26887 12 54 0.3307
26900 50 52 0.3543
26950 50 42 0.3071
27000 37 47 0.3465
27037 12 49 0.3228
27050 50 51 0.3543
27100 50 54 0.3465
27150 150 64 0.3858
27187 12 58 0.3228
27200 37 56 0.3465
27237 12 58 0.3228
27250 50 56 0.3543
27300 150 63 0.3858
27337 12 56 0.3228
27350 37 54 0.3465
27387 12 56 0.3228
27400 50 54 0.3543
27450 150 61 0.3858
27487 12 54 0.3228
27500 37 52 0.3465
27537 12 54 0.3228
27550 50 52 0.3543
27600 37 51 0.3465
27637 12 52 0.3228
27650 50 56 0.3543
27700 50 54 0.3465
27750 37 56 0.3622
27787 12 54 0.3307
27800 50 52 0.3543
27850 50 42 0.3071
27900 37 47 0.3465
27937 12 49 0.3228
27950 50 51 0.3543
28000 50 54 0.3465
28050 37 55 0.3386
28087 12 54 0.3071
28100 50 52 0.3307
28150 50 42 0.2835
28200 37 47 0.3228
28237 12 49 0.2992
28250 50 50 0.3228
28300 50 54 0.315
28350 25 55 0.3307
28375 25 54 0.2992
28400 50 52 0.3228
28450 50 43 0.2756
28500 25 55 0.3228
28525 25 54 0.2913
28550 50 52 0.315
28600 50 44 0.2677
28650 37 55 0.315
28687 12 54 0.2835
28700 50 52 0.3071
28750 50 45 0.2677
28800 37 55 0.315
28837 12 54 0.2835
28850 50 52 0.3071
28900 50 46 0.2598
28950 25 78 0.3622
28950 50 47 0.3307
28975 25 83 0.3307
29000 6 79 0.3307
29000 50 64 0.2677
29000 50 59 0.2205
29000 50 55 0.2205
29006 6 81 0.3307
29012 37 79 0.378
29050 25 78 0.3543
29050 50 64 0.2598
29050 50 59 0.2205
29050 50 55 0.2205
29075 25 76 0.3307
29100 25 78 0.3622
29100 50 47 0.3307
29125 125 71 0.3307
29150 50 62 0.2047
29150 50 59 0.1732
29150 50 54 0.1732
29200 50 62 0.2047
29200 50 59 0.1732
29200 50 54 0.1732
29250 25 73 0.3858
29250 50 47 0.3307
29275 25 76 0.3307
29300 6 74 0.3307
29300 50 64 0.2677
29300 50 58 0.2205
29300 50 54 0.2205
29306 6 76 0.3307
29312 37 74 0.378
29350 50 73 0.3543
29350 50 64 0.2598
29350 50 58 0.2205
29350 50 54 0.2205
29400 25 74 0.3622
29400 50 47 0.3307
29425 125 71 0.3307
29450 50 62 0.2047
29450 50 59 0.1732
29450 50 54 0.1732
29500 50 62 0.2047
29500 50 59 0.1732
29500 50 54 0.1732
29550 25 73 0.4331
29550 50 37 0.3701
29575 25 71 0.3701
29600 6 69 0.3386
29600 50 59 0.2992
29600 50 53 0.252
29600 50 49 0.252
29606 6 71 0.3465
29612 37 69 0.4094
29650 50 68 0.3937
29650 50 59 0.2913
29650 50 53 0.2441
29650 50 49 0.2441
29700 25 69 0.4094
29700 50 42 0.3701
29725 50 73 0.3701
29750 50 57 0.2756
29750 50 49 0.2283
29800 75 61 0.5354
29875 25 59 0.4724
29900 6 57 0.4488
29906 6 59 0.4488
29912 37 57 0.5354
29950 50 56 0.5276
30000 50 57 0.5591
30050 100 61 0.5276
30150 50 59 0.5591
30150 150 49 0.3701
30150 50 56 0.4567
30200 50 57 0.5354
30200 50 54 0.4331
30250 50 61 0.5354
30250 50 57 0.4331
30300 6 59 0.4961
30300 150 49 0.3701
30300 25 56 0.4488
30306 6 61 0.4961
30312 12 59 0.5748
30325 25 57 0.5197
30325 25 54 0.4016
30350 50 61 0.5669
30350 50 57 0.4409
30400 50 61 0.5354
30400 50 57 0.4252
30450 6 59 0.4803
30450 150 49 0.3701
30450 50 56 0.4488
30456 6 61 0.4803
30462 37 59 0.5669
30500 50 58 0.5669
30500 50 54 0.4409
30550 50 61 0.5354
30550 50 58 0.4252
30600 6 59 0.4882
30600 50 49 0.3701
30600 25 56 0.4488
30606 6 61 0.4961
30612 12 59 0.5748
30625 25 58 0.5197
30625 75 54 0.4016
30650 50 66 0.5669
30650 100 42 0.3701
30700 75 78 0.4567
30750 50 47 0.3937
30775 25 83 0.3937
30800 6 79 0.3937
30800 50 64 0.315
30800 50 59 0.2677
30800 50 55 0.2677
30806 6 81 0.3937
30812 37 79 0.4488
30850 25 78 0.4173
30850 50 64 0.3071
30850 50 59 0.2598
30850 50 55 0.2598
30875 25 76 0.3937
30900 25 78 0.4331
30900 50 47 0.3937
30925 125 71 0.3937
30950 50 62 0.2441
30950 50 59 0.2047
30950 50 54 0.2047
31000 50 62 0.2441
31000 50 59 0.2047
31000 50 54 0.2047
31050 25 73 0.4567
31050 50 47 0.3937
31075 25 76 0.3937
31100 6 74 0.3937
31100 50 64 0.315
31100 50 58 0.2677
31100 50 54 0.2677
31106 6 76 0.3937
31112 37 74 0.4488
31150 50 73 0.4173
31150 50 64 0.3071
31150 50 58 0.2598
31150 50 54 0.2598
31200 25 74 0.4331
31200 50 47 0.3937
31225 75 71 0.3937
31250 50 62 0.2441
31250 50 59 0.2047
31250 50 54 0.2047
31300 75 50 0.5197
31350 50 59 0.2992
31350 50 65 0.3386
31375 25 55 0.4567
31400 16 52 0.5118
31400 50 60 0.2677
31400 50 64 0.2992
31416 16 53 0.4488
31433 16 52 0.4331
31450 25 50 0.4961
31450 50 60 0.2677
31450 50 64 0.2992
31475 25 48 0.4488
31500 37 50 0.5039
31500 50 55 0.3228
31500 50 59 0.3228
31500 50 65 0.3622
31537 12 43 0.4331
31550 50 50 0.5039
31550 50 55 0.2677
31550 50 59 0.2677
31550 50 65 0.2992
31600 50 48 0.4646
31600 50 60 0.2677
31600 50 64 0.2992
31650 25 50 0.5197
31650 50 59 0.2992
31650 50 65 0.3386
31675 25 55 0.4567
31700 16 52 0.5118
31700 50 60 0.2677
31700 50 64 0.2992
31716 16 53 0.4488
31733 16 52 0.4331
31750 25 50 0.4961
31750 50 60 0.2677
31750 50 64 0.2992
31775 25 48 0.4488
31800 37 50 0.5039
31800 50 55 0.3228
31800 50 59 0.3228
31800 50 65 0.3622
31837 12 43 0.4252
31850 50 50 0.4882
31850 50 55 0.2598
31850 50 59 0.2598
31850 50 65 0.2913
31900 50 48 0.4409
31900 50 60 0.252
31900 50 64 0.2835
31950 37 50 0.4724
31950 50 55 0.2992
31950 50 59 0.2992
31950 50 65 0.3386
31987 12 43 0.4016
32000 50 48 0.4567
32000 50 60 0.2441
32000 50 64 0.2677
32050 37 50 0.4488
32050 50 55 0.2835
32050 50 59 0.2835
32050 50 65 0.3228
32087 12 43 0.378
32100 50 48 0.4409
32100 50 60 0.2283
32100 50 64 0.2283
32150 37 50 0.4331
32150 50 55 0.2756
32150 50 59 0.2756
32150 50 65 0.3071
32187 12 43 0.3622
32200 50 48 0.4173
32200 50 60 0.2205
32200 50 64 0.2441
32250 37 50 0.4252
32250 50 55 0.2677
32250 50 59 0.2677
32250 50 65 0.2992
32287 12 43 0.3543
32300 50 50 0.4016
32300 50 55 0.2047
32300 50 59 0.2047
32300 50 65 0.2362
32350 50 48 0.3543
32350 50 60 0.1969
32350 50 64 0.2205
32400 37 50 0.3937
32400 50 55 0.2441
32400 50 59 0.2441
32400 50 65 0.2835
32437 12 43 0.3228
32450 50 50 0.3622
32450 50 55 0.189
32450 50 59 0.189
32450 50 65 0.2205
32500 50 48 0.3228
32500 50 60 0.1811
32500 50 64 0.2047
32550 150 67 0.315
32700 150 60 0.3543
32850 150 67 0.315
33000 150 60 0.3543
33150 299 67 0.3228
33450 50 67 0.4252
33500 75 60 0.4646
33575 25 59 0.4094
33600 37 52 0.3937
33600 37 58 0.4646
33600 37 61 0.4646
33600 50 42 0.3465
33637 62 54 0.3543
33650 50 52 0.3858
33650 50 58 0.4567
33650 50 61 0.4567
33650 50 42 0.3071
33700 50 50 0.3701
33700 50 54 0.3701
33700 50 59 0.4409
33700 50 35 0.2913
33700 50 47 0.3465
