0 25 58 0.2992
0 102 51 0.252
25 51 58 0.2756
77 25 58 0.2598
102 25 58 0.2913
102 102 51 0.252
128 51 58 0.2756
180 25 58 0.2677
205 77 75 0.4094
205 77 79 0.4094
205 25 58 0.2992
205 102 51 0.252
231 51 58 0.2756
283 25 77 0.3937
283 25 74 0.3937
283 25 58 0.2598
308 51 80 0.4094
308 51 77 0.4094
308 25 58 0.2913
308 102 51 0.252
334 51 58 0.2756
360 25 77 0.4094
360 25 74 0.4094
386 25 75 0.3937
386 25 79 0.3937
386 25 58 0.2677
411 51 72 0.4094
411 51 75 0.4094
411 25 58 0.2992
411 102 51 0.252
437 51 58 0.2756
463 51 72 0.3858
463 51 68 0.3858
489 25 58 0.2598
514 102 67 0.3701
514 102 70 0.3701
514 25 58 0.2913
514 102 51 0.252
540 51 58 0.2756
592 25 58 0.2677
617 51 72 0.4016
617 102 68 0.4016
617 102 65 0.2913
617 102 51 0.252
643 51 58 0.2756
669 25 74 0.4409
695 25 77 0.4331
695 25 58 0.2677
720 102 68 0.4331
720 51 74 0.4331
720 102 65 0.2913
720 102 51 0.252
746 51 58 0.2756
772 51 70 0.4016
798 25 58 0.2677
823 102 67 0.4016
823 25 72 0.4016
823 25 58 0.2913
823 102 51 0.252
849 25 74 0.3858
849 51 58 0.2756
875 25 79 0.4094
901 25 72 0.3937
901 25 58 0.2677
926 102 67 0.3701
926 102 70 0.3701
926 102 51 0.252
926 25 58 0.2913
952 51 58 0.2756
1004 25 58 0.2677
1029 77 74 0.5039
1029 77 70 0.5039
1029 25 62 0.3307
1029 102 55 0.2756
1055 51 62 0.2992
1107 25 70 0.4331
1107 25 67 0.4331
1107 25 62 0.2835
1132 51 72 0.4016
1132 102 69 0.4724
1132 25 63 0.315
1132 102 55 0.2756
1158 51 63 0.2992
1184 25 78 0.5118
1210 25 81 0.4724
1210 25 63 0.2913
1235 51 70 0.4488
1235 25 79 0.5039
1235 25 62 0.3386
1235 51 55 0.2992
1261 25 74 0.4409
1261 25 62 0.2913
1287 25 72 0.4567
1287 51 69 0.4016
1287 51 55 0.2756
1287 25 63 0.3071
1313 25 74 0.4173
1313 25 63 0.2756
1338 102 67 0.3701
1338 102 70 0.3701
1338 102 55 0.2441
1338 25 62 0.2835
1364 51 62 0.2677
1416 25 62 0.2598
1441 77 70 0.4016
1441 77 77 0.4724
1441 25 53 0.3307
1441 77 62 0.4724
1467 180 53 0.3307
1519 25 79 0.4567
1519 128 69 0.3858
1519 25 63 0.3701
1544 25 75 0.4488
1544 25 60 0.378
1570 25 77 0.4724
1570 25 62 0.3858
1596 25 79 0.5039
1596 25 63 0.3937
1622 25 81 0.4803
1622 25 65 0.3937
1647 25 70 0.4567
1647 25 77 0.5433
1647 25 62 0.4409
1673 25 68 0.378
1673 25 74 0.4488
1673 25 59 0.3858
1699 25 75 0.4803
1699 25 69 0.4094
1699 25 60 0.4094
1725 128 65 0.3622
1725 25 73 0.4252
1725 25 57 0.378
1750 25 74 0.4646
1750 102 58 0.4016
1776 25 72 0.4094
1776 51 68 0.2992
1776 25 63 0.3071
1802 25 71 0.3622
1802 51 62 0.2835
1828 25 70 0.3386
1853 77 75 0.4094
1853 77 79 0.4094
1853 25 58 0.2992
1853 102 51 0.252
1879 51 58 0.2756
1930 25 74 0.3937
1930 25 77 0.3937
1930 25 58 0.2598
1956 51 80 0.4094
1956 51 77 0.4094
1956 25 58 0.2913
1956 102 51 0.252
1982 51 58 0.2756
2008 25 77 0.4094
2008 25 74 0.4094
2033 25 75 0.3937
2033 25 79 0.3937
2033 25 58 0.2677
2059 51 75 0.4094
2059 51 72 0.4094
2059 25 58 0.2992
2059 102 51 0.252
2085 51 58 0.2756
2111 51 68 0.3858
2111 51 72 0.3858
2136 25 58 0.2598
2162 102 67 0.3701
2162 102 70 0.3701
2162 25 58 0.2913
2162 102 51 0.252
2188 51 58 0.2756
2239 25 58 0.2677
2265 51 72 0.4016
2265 102 68 0.4016
2265 102 65 0.2913
2265 102 51 0.252
2291 51 58 0.2756
2317 25 74 0.4409
2342 25 77 0.4331
2342 25 58 0.2677
2368 102 68 0.4331
2368 51 74 0.4331
2368 102 65 0.2913
2368 102 51 0.252
2394 51 58 0.2756
2420 51 70 0.4016
2445 25 58 0.2677
2471 25 72 0.4016
2471 102 67 0.4016
2471 25 58 0.2913
2471 102 51 0.252
2497 25 74 0.3858
2497 51 58 0.2756
2523 25 79 0.4094
2548 25 72 0.3937
2548 25 58 0.2677
2574 102 70 0.3701
2574 102 67 0.3701
2574 102 51 0.252
2574 25 58 0.2913
2600 51 58 0.2756
2651 25 58 0.2677
2677 77 74 0.5039
2677 77 70 0.5039
2677 25 62 0.3307
2677 102 55 0.2756
2703 51 62 0.2992
2754 25 70 0.4331
2754 25 67 0.4331
2754 25 62 0.2835
2780 51 72 0.4016
2780 102 69 0.4724
2780 25 63 0.315
2780 102 55 0.2756
2806 51 63 0.2992
2832 25 78 0.5118
2857 25 81 0.4724
2857 25 63 0.2913
2883 25 79 0.5039
2883 51 70 0.4488
2883 25 62 0.3386
2883 51 55 0.2992
2909 25 74 0.4409
2909 25 62 0.2913
2935 51 69 0.4016
2935 25 72 0.4567
2935 51 55 0.2756
2935 25 63 0.3071
2960 25 74 0.4173
2960 25 63 0.2756
2986 102 67 0.3701
2986 102 70 0.3701
2986 102 55 0.2441
2986 25 62 0.2835
3012 51 62 0.2677
3063 25 62 0.2598
3089 51 65 0.4094
3089 51 70 0.4567
3089 51 53 0.2677
3089 25 62 0.3071
3115 25 62 0.2913
3141 25 72 0.4488
3141 25 66 0.4016
3141 25 63 0.3858
3166 25 70 0.4331
3166 25 75 0.4331
3166 25 66 0.3386
3192 25 72 0.4724
3192 25 66 0.4252
3192 25 63 0.3858
3218 25 70 0.3701
3218 25 75 0.4173
3218 25 66 0.3465
3244 25 78 0.4724
3244 25 72 0.4252
3244 25 70 0.4016
3269 25 75 0.4252
3269 25 70 0.378
3269 25 66 0.3701
3295 102 69 0.4252
3295 51 74 0.4252
3295 102 53 0.3386
3295 25 65 0.3386
3321 25 65 0.3071
3347 25 72 0.4173
3347 25 63 0.3307
3372 25 74 0.3858
3372 25 63 0.2913
3398 102 70 0.3701
3398 102 65 0.3701
3398 25 62 0.3307
3398 25 58 0.3307
3424 19 59 0.2835
3443 8 62 0.252
3450 25 60 0.2992
3475 25 58 0.2756
3501 77 77 0.4094
3501 77 74 0.4094
3501 25 34 0.2992
3527 51 58 0.2756
3578 25 72 0.3937
3578 25 68 0.3937
3578 25 58 0.2598
3604 51 75 0.4094
3604 51 72 0.4094
3604 25 58 0.2913
3630 51 58 0.2756
3656 25 70 0.4094
3656 25 74 0.4094
3681 25 70 0.3937
3681 25 67 0.3937
3681 25 58 0.2677
3707 51 70 0.4094
3707 51 74 0.4094
3707 25 58 0.2992
3733 51 58 0.2756
3759 51 72 0.3858
3759 51 68 0.3858
3784 25 58 0.2598
3810 102 65 0.3701
3810 102 68 0.3701
3810 25 58 0.2913
3836 51 58 0.2756
3887 25 58 0.2677
3913 77 80 0.5669
3913 77 77 0.5669
3913 25 34 0.4252
3939 51 58 0.3701
3990 25 79 0.4488
3990 25 76 0.4488
3990 25 58 0.2992
4016 25 76 0.4961
4016 25 73 0.4961
4016 25 58 0.3071
4042 25 79 0.4409
4042 25 76 0.4409
4042 51 58 0.2992
4067 25 74 0.4803
4067 25 77 0.4803
4093 25 71 0.4409
4093 25 74 0.4409
4093 25 58 0.2835
4119 25 77 0.4724
4119 25 74 0.4724
4119 25 58 0.315
4145 25 75 0.4173
4145 25 72 0.4173
4145 51 58 0.2992
4170 25 68 0.4173
4170 25 72 0.4173
4196 25 68 0.3937
4196 25 65 0.3937
4196 25 58 0.2756
4222 102 62 0.378
4222 102 65 0.378
4222 25 57 0.3543
4248 19 58 0.3071
4267 8 61 0.2677
4273 27 59 0.315
4299 25 58 0.2992
4325 25 69 0.4016
4325 77 78 0.4488
4325 51 63 0.3465
4351 25 70 0.3701
4376 25 71 0.4094
4376 51 56 0.2362
4402 128 72 0.315
4402 25 80 0.4094
4428 8 78 0.4724
4428 102 57 0.3465
4437 8 80 0.3858
4445 8 78 0.3858
4454 25 77 0.4331
4454 51 63 0.3701
4479 25 76 0.4409
4505 25 77 0.3858
4505 25 60 0.2835
4531 77 73 0.4488
4531 25 64 0.4016
4531 51 58 0.3465
4557 19 65 0.3701
4576 6 68 0.3622
4582 25 66 0.4094
4582 51 56 0.2362
4608 25 73 0.4094
4608 25 65 0.315
4634 102 64 0.3071
4634 102 70 0.315
4634 25 73 0.4724
4634 102 55 0.315
4660 25 72 0.4331
4685 25 71 0.4409
4711 25 72 0.3858
4711 25 48 0.2835
4737 51 68 0.4016
4737 51 72 0.4016
4737 25 48 0.2677
4737 102 41 0.2913
4763 51 48 0.2756
4788 25 73 0.4409
4788 25 70 0.4409
4814 25 73 0.4094
4814 25 77 0.4094
4814 25 48 0.2677
4840 51 73 0.4331
4840 51 70 0.4331
4840 25 48 0.2677
4840 102 41 0.2913
4866 51 48 0.2756
4891 51 67 0.4016
4891 51 70 0.4016
4917 25 48 0.2677
4943 25 67 0.4016
4943 25 64 0.4016
4943 25 48 0.2677
4943 102 41 0.2913
4969 25 68 0.4094
4969 25 65 0.4094
4969 51 48 0.2756
4994 25 67 0.4488
4994 25 70 0.4488
5020 25 70 0.4094
5020 25 73 0.4094
5020 25 48 0.2677
5046 102 72 0.3701
5046 102 68 0.3701
5046 25 41 0.3937
5046 102 48 0.3937
5072 51 41 0.4173
5123 25 40 0.4252
5149 51 68 0.5433
5149 51 72 0.5433
5149 25 39 0.4409
5175 51 63 0.3465
5200 25 75 0.5118
5200 25 72 0.5118
5226 25 77 0.4646
5226 25 80 0.4646
5226 25 63 0.3307
5252 51 73 0.4961
5252 51 77 0.4961
5252 25 63 0.3307
5278 51 63 0.3465
5303 51 73 0.4724
5303 51 70 0.4724
5329 25 63 0.3307
5355 25 67 0.5118
5355 25 70 0.5118
5355 25 63 0.3307
5381 25 72 0.4724
5381 25 68 0.4724
5381 51 63 0.3465
5406 25 70 0.5512
5406 25 73 0.5512
5432 25 73 0.4646
5432 25 76 0.4646
5432 25 63 0.3307
5458 102 75 0.4173
5458 102 72 0.4173
5458 25 56 0.3858
5484 25 63 0.3622
5509 25 68 0.4173
5535 25 67 0.378
5561 25 68 0.3071
5561 25 72 0.3071
5561 25 75 0.3701
5561 77 67 0.4252
5587 51 72 0.2756
5587 51 68 0.2756
5587 51 75 0.3307
5638 25 68 0.2441
5638 25 75 0.2913
5638 25 72 0.2441
5638 25 65 0.3937
5664 25 68 0.3071
5664 25 75 0.3701
5664 25 72 0.3071
5664 51 60 0.4173
5690 51 75 0.3307
5690 51 72 0.2756
5690 51 68 0.2756
5715 25 59 0.378
5741 25 72 0.2441
5741 25 68 0.2441
5741 25 75 0.2913
5741 25 60 0.3307
5767 51 65 0.4173
5792 25 68 0.2756
5792 25 75 0.3386
5792 25 72 0.2756
5818 51 67 0.4016
5844 25 68 0.2835
5844 25 72 0.2835
5844 25 75 0.3465
5870 51 67 0.4173
5895 25 72 0.2835
5895 25 75 0.3465
5895 25 68 0.2835
5921 51 65 0.4094
5947 25 68 0.2677
5947 25 72 0.2677
5947 25 75 0.315
5973 25 72 0.2756
5973 25 68 0.2756
5973 25 75 0.3307
5973 77 67 0.4252
5998 51 68 0.2756
5998 51 75 0.3307
5998 51 72 0.2756
6050 25 68 0.2441
6050 25 72 0.2441
6050 25 75 0.2913
6050 25 65 0.3937
6076 25 72 0.3071
6076 25 75 0.3701
6076 25 68 0.3071
6076 51 60 0.4173
6101 51 68 0.2756
6101 51 72 0.2756
6101 51 75 0.3307
6127 25 59 0.378
6153 25 72 0.2441
6153 25 68 0.2441
6153 25 75 0.2913
6153 25 60 0.3307
6179 25 65 0.4173
6204 25 68 0.2756
6204 25 75 0.3386
6204 25 72 0.2756
6204 25 67 0.3858
6230 25 68 0.4016
6256 25 68 0.2835
6256 25 75 0.3465
6256 25 72 0.2835
6256 25 67 0.3701
6282 51 67 0.4173
6307 25 72 0.2835
6307 25 75 0.3465
6307 25 68 0.2835
6333 51 65 0.4094
6359 25 68 0.2677
6359 25 72 0.2677
6359 25 75 0.315
6385 77 80 0.5669
6385 77 84 0.5669
6385 25 34 0.4252
6410 51 58 0.3701
6462 25 76 0.4488
6462 25 79 0.4488
6462 25 58 0.2992
6488 51 82 0.4961
6488 51 79 0.4961
6488 25 58 0.3071
6513 51 58 0.2992
6539 25 80 0.4803
6539 25 77 0.4803
6565 25 74 0.4409
6565 25 77 0.4409
6565 25 58 0.2835
6591 51 74 0.4961
6591 51 70 0.4961
6591 25 58 0.3071
6616 51 58 0.2992
6642 51 67 0.4252
6642 51 70 0.4252
6668 25 58 0.2835
6694 51 64 0.4409
6694 51 67 0.4409
6694 25 58 0.3071
6719 51 58 0.2992
6745 51 68 0.4094
6745 51 65 0.4094
6771 25 58 0.2835
6797 102 66 0.3937
6797 77 71 0.4409
6797 25 57 0.2913
6797 102 63 0.4409
6822 51 57 0.2913
6874 25 73 0.4016
6874 25 57 0.2913
6900 25 71 0.4252
6900 25 64 0.3622
6900 51 56 0.3071
6925 25 76 0.4331
6951 25 78 0.4488
6977 25 80 0.4646
7003 25 83 0.4646
7028 25 80 0.4488
7054 25 78 0.4331
7080 25 76 0.4173
7106 51 75 0.4016
7106 102 68 0.3307
7106 102 65 0.2756
7106 102 58 0.2756
7157 51 74 0.3937
7209 77 79 0.4094
7209 77 75 0.4094
7209 25 58 0.2992
7209 102 51 0.252
7234 51 58 0.2756
7286 25 74 0.3937
7286 25 77 0.3937
7286 25 58 0.2598
7312 51 80 0.4094
7312 51 77 0.4094
7312 25 58 0.2913
7312 102 51 0.252
7337 51 58 0.2756
7363 25 74 0.4094
7363 25 77 0.4094
7389 25 75 0.3937
7389 25 79 0.3937
7389 25 58 0.2677
7415 51 72 0.4094
7415 51 75 0.4094
7415 25 58 0.2992
7415 102 51 0.252
7440 51 58 0.2756
7466 51 68 0.3858
7466 51 72 0.3858
7492 25 58 0.2598
7518 102 67 0.3701
7518 102 70 0.3701
7518 25 58 0.2913
7518 102 51 0.252
7543 51 58 0.2756
7595 25 58 0.2677
7621 102 68 0.4016
7621 51 72 0.4016
7621 102 65 0.2913
7621 102 51 0.252
7646 51 58 0.2756
7672 25 74 0.4409
7698 25 77 0.4331
7698 25 58 0.2677
7723 102 68 0.4331
7723 51 74 0.4331
7723 102 65 0.2913
7723 102 51 0.252
7749 51 58 0.2756
7775 51 70 0.4016
7801 25 58 0.2677
7826 102 67 0.4016
7826 25 72 0.4016
7826 25 58 0.2913
7826 102 51 0.252
7852 25 74 0.3858
7852 51 58 0.2756
7878 25 79 0.4094
7904 25 72 0.3937
7904 25 58 0.2677
7929 102 67 0.3701
7929 102 70 0.3701
7929 102 51 0.252
7929 25 58 0.2913
7955 51 58 0.2756
8007 25 58 0.2677
8032 77 74 0.5039
8032 77 70 0.5039
8032 25 62 0.3307
8032 102 55 0.2756
8058 51 62 0.2992
8110 25 67 0.4331
8110 25 70 0.4331
8110 25 62 0.2835
8135 51 72 0.4016
8135 102 69 0.4724
8135 25 63 0.315
8135 102 55 0.2756
8161 51 63 0.2992
8187 25 78 0.5118
8213 25 81 0.4724
8213 25 63 0.2913
8238 51 70 0.4488
8238 25 79 0.5039
8238 25 62 0.3386
8238 51 55 0.2992
8264 25 74 0.4409
8264 25 62 0.2913
8290 51 69 0.4016
8290 25 72 0.4567
8290 51 55 0.2756
8290 25 63 0.3071
8316 25 74 0.4173
8316 25 63 0.2756
8341 102 67 0.3701
8341 102 70 0.3701
8341 102 55 0.2441
8341 25 62 0.2835
8367 51 62 0.2677
8419 25 62 0.2598
8444 77 70 0.4016
8444 77 77 0.4724
8444 25 53 0.3307
8444 77 62 0.4724
8470 180 53 0.3307
8522 128 69 0.3858
8522 25 79 0.4567
8522 25 63 0.3701
8547 25 75 0.4488
8547 25 60 0.378
8573 25 77 0.4724
8573 25 62 0.3858
8599 25 79 0.5039
8599 25 63 0.3937
8625 25 81 0.4803
8625 25 65 0.3937
8650 25 70 0.4567
8650 25 77 0.5433
8650 25 62 0.4409
8676 25 68 0.378
8676 25 74 0.4488
8676 25 59 0.3858
8702 25 69 0.4094
8702 25 75 0.4803
8702 25 60 0.4094
8728 128 65 0.3622
8728 25 73 0.4252
8728 25 57 0.378
8753 25 74 0.4646
8753 102 58 0.4016
8779 51 68 0.2992
8779 25 72 0.4094
8779 25 63 0.3071
8805 25 71 0.3622
8805 51 62 0.2835
8831 25 70 0.3386
8856 77 79 0.4094
8856 77 75 0.4094
8856 25 58 0.2992
8856 102 51 0.252
8882 51 58 0.2756
8934 25 74 0.3937
8934 25 77 0.3937
8934 25 58 0.2598
8959 51 80 0.4094
8959 51 77 0.4094
8959 25 58 0.2913
8959 102 51 0.252
8985 51 58 0.2756
9011 25 74 0.4094
9011 25 77 0.4094
9037 25 75 0.3937
9037 25 79 0.3937
9037 25 58 0.2677
9062 51 72 0.4094
9062 51 75 0.4094
9062 25 58 0.2992
9062 102 51 0.252
9088 51 58 0.2756
9114 51 68 0.3858
9114 51 72 0.3858
9140 25 58 0.2598
9165 102 67 0.3701
9165 102 70 0.3701
9165 25 58 0.2913
9165 102 51 0.252
9191 51 58 0.2756
9243 25 58 0.2677
9268 102 68 0.4016
9268 51 72 0.4016
9268 102 65 0.2913
9268 102 51 0.252
9294 51 58 0.2756
9320 25 74 0.4409
9346 25 77 0.4331
9346 25 58 0.2677
9371 102 68 0.4331
9371 51 74 0.4331
9371 102 65 0.2913
9371 102 51 0.252
9397 51 58 0.2756
9423 51 70 0.4016
9449 25 58 0.2677
9474 102 67 0.4016
9474 25 72 0.4016
9474 25 58 0.2913
9474 102 51 0.252
9500 25 74 0.3858
9500 51 58 0.2756
9526 25 79 0.4094
9552 25 72 0.3937
9552 25 58 0.2677
9577 102 67 0.3701
9577 102 70 0.3701
9577 102 51 0.252
9577 25 58 0.2913
9603 51 58 0.2756
9654 25 58 0.2677
9680 77 67 0.3701
9680 77 73 0.4331
9680 25 65 0.4094
9706 51 51 0.3701
9757 25 67 0.3543
9757 25 72 0.4173
9757 25 63 0.315
9783 102 67 0.3701
9783 77 72 0.4409
9783 25 63 0.3858
9809 25 62 0.3307
9835 51 61 0.3071
9860 25 70 0.4094
9886 51 63 0.3543
9886 25 67 0.4173
9886 25 59 0.3858
9912 25 68 0.4331
9912 25 60 0.3622
9938 25 71 0.4409
9938 25 55 0.4094
9963 25 72 0.4488
9963 25 56 0.3701
9989 25 74 0.4646
9989 25 59 0.4016
10015 25 75 0.4409
10015 25 60 0.378
10041 25 72 0.3701
10041 25 75 0.3701
10041 25 80 0.4803
10041 51 53 0.3543
10066 25 63 0.2992
10066 25 68 0.2992
10066 25 72 0.4331
10092 77 63 0.3465
10092 77 72 0.4094
10092 77 68 0.3465
10092 25 46 0.3465
10118 51 58 0.2835
10169 25 65 0.3307
10169 25 68 0.3307
10169 25 74 0.3937
10169 51 58 0.2835
10195 51 63 0.3465
10195 51 72 0.4094
10195 51 68 0.3465
10221 51 58 0.2756
10247 51 62 0.315
10247 51 68 0.315
10247 51 70 0.3858
10272 25 58 0.2677
10298 77 67 0.4094
10298 77 63 0.3465
10298 25 46 0.3465
10324 51 58 0.378
10375 25 63 0.3307
10375 25 70 0.3937
10375 51 62 0.2835
10401 51 63 0.3465
10401 51 68 0.4094
10427 51 60 0.2756
10453 51 63 0.315
10453 51 67 0.3858
10478 25 58 0.2677
10504 25 60 0.3701
10504 25 65 0.3701
10504 25 46 0.2598
10504 25 56 0.2598
10530 25 63 0.2992
10530 25 68 0.2992
10530 25 60 0.2362
10556 25 60 0.3622
10556 25 65 0.3622
10556 25 56 0.252
10581 25 62 0.2913
10581 25 67 0.2913
10581 25 58 0.2362
10607 51 60 0.3307
10607 51 65 0.3307
10607 51 56 0.2441
10659 51 62 0.2913
10659 51 67 0.2913
10659 51 70 0.2913
10659 51 46 0.2205
10659 51 56 0.2205
10710 25 46 0.252
10710 102 39 0.2205
10736 51 46 0.2362
10787 25 46 0.2205
10813 25 46 0.2362
10813 102 39 0.2126
10839 51 46 0.2205
10890 25 46 0.2126
10916 77 79 0.3307
10916 77 75 0.3307
10916 25 46 0.2283
10916 102 39 0.1969
10942 51 46 0.2126
10993 25 74 0.2992
10993 25 77 0.2992
10993 25 46 0.2047
11019 51 80 0.3071
11019 51 77 0.3071
11019 25 46 0.2205
11019 102 39 0.1811
11045 51 46 0.2047
11071 25 74 0.2992
11071 25 77 0.2992
11096 25 75 0.2756
11096 25 79 0.2756
11096 25 46 0.1969
11122 51 72 0.2756
11122 51 75 0.2756
11122 25 46 0.2047
11122 102 39 0.1654
11148 51 46 0.1969
11174 51 68 0.2441
11174 51 72 0.2441
11199 25 46 0.1654
11225 102 67 0.2283
11225 102 70 0.2283
11225 25 46 0.1969
11225 102 39 0.1496
11251 51 46 0.1654
11302 25 46 0.1496
11328 205 54 0.1969
11328 205 57 0.1969
11328 205 63 0.2283
11328 25 47 0.1811
11328 102 39 0.1417
11354 51 47 0.1496
11405 25 47 0.1339
11431 25 47 0.1496
11431 102 39 0.126
11457 51 47 0.1339
11508 25 47 0.1181
11534 154 87 0.3071
11534 154 79 0.3071
11534 25 39 0.2598
11560 25 46 0.2283
11585 25 51 0.2677
11611 25 55 0.2441
11637 102 58 0.2835
11688 8 89 0.2677
11697 8 91 0.2598
11706 8 89 0.2598
11714 8 87 0.252
11723 8 84 0.2441
11731 8 82 0.2441
11740 102 79 0.2756
11843 102 71 0.2677
11843 102 77 0.2677
11843 102 75 0.2677
11843 102 63 0.2362
11843 102 56 0.2362
11946 205 99 0.2913
11946 205 94 0.2441
11946 205 91 0.2441
11946 205 87 0.2441
11946 205 27 0.1496
11946 205 39 0.1811
