0 42 66 0.4331
42 24 68 0.4094
63 21 69 0.378
85 42 68 0.4331
85 85 64 0.2835
85 85 59 0.2362
127 42 71 0.3543
170 170 64 0.4331
212 42 69 0.4094
255 38 68 0.4094
255 38 71 0.4882
297 38 69 0.4409
297 38 73 0.5197
340 170 64 0.3622
340 85 71 0.3858
340 85 76 0.4646
425 85 73 0.4488
425 85 69 0.3858
510 42 73 0.5433
552 24 74 0.5354
574 21 76 0.5197
595 42 78 0.5197
595 85 73 0.4331
595 85 66 0.3622
637 42 73 0.4646
680 85 71 0.3307
680 85 66 0.2756
680 85 74 0.4488
765 42 66 0.4567
808 24 68 0.4331
829 21 69 0.4016
850 85 63 0.3622
850 42 73 0.3937
893 85 70 0.3543
935 85 62 0.315
978 42 71 0.3307
1020 42 66 0.4331
1063 24 68 0.4252
1084 21 69 0.3937
1105 42 68 0.4331
1105 85 64 0.2913
1105 85 59 0.2913
1148 42 71 0.3543
1190 170 64 0.4331
1233 42 69 0.4331
1275 38 68 0.4094
1275 38 71 0.4882
1318 38 69 0.4488
1318 38 73 0.5276
1360 170 64 0.3543
1360 85 71 0.3858
1360 85 76 0.4803
1445 85 73 0.4961
1445 85 69 0.4252
1531 42 73 0.5906
1573 24 75 0.5669
1594 21 76 0.5354
1616 85 64 0.4173
1616 42 68 0.5748
1658 42 73 0.4646
1701 85 71 0.4882
1701 85 63 0.3386
1701 85 66 0.3386
1786 85 71 0.4567
1786 85 64 0.4567
1786 42 73 0.5984
1828 24 75 0.5906
1850 21 76 0.5512
1871 85 64 0.4173
1871 42 68 0.5748
1913 42 73 0.4567
1956 85 71 0.4882
1956 85 66 0.3386
1956 85 63 0.3386
2041 42 73 0.6063
2041 85 64 0.4646
2041 85 71 0.4646
2083 24 75 0.5906
2105 21 76 0.5591
2126 42 80 0.5906
2168 42 76 0.5039
2211 42 75 0.5354
2254 42 73 0.4882
2296 85 73 0.4331
2296 85 66 0.3465
2296 85 63 0.3465
2381 85 63 0.3465
2381 42 61 0.4567
2381 85 66 0.4094
2424 40 59 0.4409
2466 85 59 0.3071
2466 85 64 0.3543
2551 42 74 0.4252
2594 24 73 0.3937
2615 21 71 0.3701
2636 85 63 0.3386
2636 42 66 0.4016
2679 42 69 0.315
2721 85 64 0.3071
2721 85 68 0.3622
2806 42 61 0.3228
2806 42 66 0.3937
2849 42 60 0.2441
2849 42 68 0.3071
2891 42 61 0.3228
2891 42 66 0.3937
2934 42 68 0.2992
2934 42 60 0.2362
2977 85 59 0.2913
2977 85 64 0.3307
3062 42 74 0.4252
3104 24 73 0.3937
3125 21 71 0.3701
3147 85 63 0.3386
3147 42 66 0.4016
3189 42 69 0.315
3232 85 64 0.3071
3232 85 68 0.3622
3317 42 61 0.3228
3317 42 66 0.3937
3359 42 60 0.2441
3359 42 68 0.3071
3402 42 61 0.3228
3402 42 66 0.3937
3444 42 68 0.2992
3444 42 60 0.2362
3487 85 59 0.2913
3487 85 64 0.3307
3572 42 64 0.3622
3572 42 70 0.4409
3614 42 63 0.3307
3614 42 72 0.3937
3657 42 70 0.4409
3657 42 64 0.3622
3700 42 63 0.3228
3700 42 72 0.3937
3742 85 63 0.3307
3742 85 68 0.4016
3827 42 68 0.4016
3827 42 74 0.4646
3870 42 67 0.3622
3870 42 76 0.4409
3912 42 74 0.4882
3912 42 68 0.4173
3955 42 67 0.3701
3955 42 76 0.4488
3997 85 72 0.4094
3997 42 66 0.3465
3997 42 63 0.2913
4040 42 64 0.2362
4040 42 67 0.2992
4082 24 74 0.4646
4082 42 68 0.4331
4104 24 77 0.3701
4125 42 72 0.3465
4125 42 67 0.3465
4125 42 76 0.4646
4167 42 68 0.4409
4167 24 74 0.4646
4189 24 77 0.3858
4210 42 67 0.3465
4210 42 72 0.3543
4210 42 76 0.4646
4252 42 63 0.3228
4252 42 66 0.3858
4252 85 72 0.4646
4295 42 64 0.2598
4295 42 67 0.3307
4337 42 74 0.5276
4337 42 68 0.4409
4380 42 76 0.4961
4380 42 67 0.3858
4380 42 72 0.3858
4423 42 70 0.4646
4423 42 79 0.5591
4465 42 69 0.4094
4465 42 78 0.5039
4508 42 77 0.5591
4508 42 68 0.4646
4550 42 67 0.4094
4550 42 76 0.5039
4593 42 67 0.4646
4593 42 76 0.5591
4635 42 66 0.4094
4635 42 75 0.5039
4678 24 70 0.5118
4678 42 64 0.4961
4699 24 73 0.4094
4720 42 66 0.3307
4720 42 71 0.4331
4720 42 63 0.3307
4763 42 67 0.4488
4763 42 76 0.5433
4805 42 66 0.4094
4805 42 75 0.4961
4848 42 64 0.4567
4848 24 70 0.4331
4869 24 73 0.4094
4890 42 63 0.2598
4890 42 71 0.3307
4890 42 66 0.2598
4933 24 70 0.4409
4933 42 64 0.4409
4954 24 73 0.378
4975 42 66 0.2362
4975 42 63 0.2362
4975 42 71 0.3228
5018 42 58 0.2677
5018 42 61 0.3228
5018 85 66 0.378
5060 42 59 0.2835
5103 42 66 0.4252
5146 24 68 0.4016
5167 21 69 0.3701
5188 85 64 0.2835
5188 85 59 0.2835
5188 42 68 0.4331
5231 42 71 0.3465
5273 170 64 0.4331
5316 42 69 0.4409
5358 38 68 0.4094
5358 38 71 0.4882
5401 38 73 0.5197
5401 38 69 0.4409
5443 85 76 0.4646
5443 85 71 0.3858
5443 170 64 0.3858
5528 85 69 0.3858
5528 85 73 0.4488
5613 42 73 0.5433
5656 24 74 0.5354
5677 21 76 0.5197
5698 85 73 0.4331
5698 85 66 0.3622
5698 42 78 0.5197
5741 42 73 0.4646
5783 85 74 0.4488
5783 85 71 0.3622
5783 85 66 0.3622
5869 42 66 0.4488
5911 24 68 0.4094
5932 21 69 0.3622
5954 85 63 0.3858
5954 42 73 0.4252
5996 85 70 0.3465
6039 85 62 0.315
6081 42 71 0.3307
6124 42 66 0.4331
6166 24 68 0.4252
6187 21 69 0.3701
6209 85 64 0.2835
6209 85 59 0.2835
6209 42 68 0.4331
6251 42 71 0.3543
6294 170 64 0.4331
6336 42 69 0.4331
6379 38 68 0.4094
6379 38 71 0.4882
6421 38 73 0.5276
6421 38 69 0.4488
6464 85 76 0.4803
6464 85 71 0.4016
6464 170 64 0.3701
6549 85 69 0.4252
6549 85 73 0.4961
6634 42 73 0.5669
6677 24 75 0.5512
6698 21 76 0.5197
6719 42 68 0.5827
6719 85 64 0.3937
6762 42 73 0.4724
6804 85 63 0.3701
6804 85 66 0.3701
6804 85 71 0.5197
6889 85 71 0.4724
6889 85 64 0.4724
6889 42 73 0.6142
6932 24 75 0.5512
6953 21 76 0.5039
6974 85 64 0.3937
6974 42 68 0.5827
7017 42 73 0.4882
7059 85 71 0.5197
7059 85 66 0.3701
7059 85 63 0.3701
7144 255 64 0.378
7144 255 67 0.378
7144 85 76 0.4803
7229 42 74 0.4094
7272 42 72 0.3465
7314 42 71 0.3937
7357 42 70 0.3307
7442 14 55 0.2992
7456 14 59 0.2677
7470 14 64 0.2835
7485 14 69 0.3071
7499 14 67 0.2677
7513 14 64 0.2677
7527 14 70 0.2992
7541 14 71 0.2677
7555 14 76 0.2677
7570 14 78 0.2992
7584 14 79 0.2677
7598 14 83 0.2677
7612 21 88 0.315
7655 255 64 0.378
7655 255 67 0.378
7655 85 76 0.4803
7740 42 74 0.4331
7782 42 72 0.3622
7825 42 71 0.3937
7867 42 70 0.3228
7952 14 55 0.2992
7967 14 59 0.2677
7981 14 64 0.2835
7995 14 69 0.3071
8009 14 67 0.2677
8023 14 64 0.2677
8165 255 64 0.378
8165 255 67 0.378
8165 85 76 0.4803
8250 42 74 0.4173
8293 42 72 0.3543
8335 42 71 0.4016
8378 42 70 0.3465
8463 14 55 0.2992
8477 14 59 0.2677
8491 14 64 0.2835
8505 14 69 0.3071
8519 14 67 0.2677
8534 14 64 0.2677
8548 14 70 0.2992
8562 14 71 0.2677
8576 14 76 0.2677
8590 14 78 0.2992
8605 14 79 0.2677
8619 14 83 0.2677
8633 21 88 0.315
8675 255 64 0.378
8675 255 67 0.378
8675 85 76 0.4803
8760 42 74 0.4488
8803 42 72 0.4094
8846 42 71 0.4488
8888 42 70 0.4016
8973 42 76 0.4567
9016 170 64 0.3543
9016 170 67 0.4646
9016 42 74 0.5118
9058 42 72 0.4724
9101 42 71 0.5433
9143 42 70 0.5433
9186 85 77 0.5669
9228 14 61 0.4882
9242 14 65 0.4488
9257 14 68 0.4488
9271 85 70 0.5827
9313 14 58 0.4882
9328 14 63 0.4331
9342 14 67 0.4331
9356 85 75 0.5827
9398 14 60 0.4882
9413 14 63 0.4488
9427 12 68 0.4488
9441 85 68 0.5827
9483 14 58 0.4882
9498 14 61 0.4488
9512 14 65 0.4488
9526 46 67 0.5197
9569 46 68 0.4567
9611 85 61 0.3228
9611 85 63 0.3228
9611 46 72 0.4567
9654 42 70 0.3307
9696 85 77 0.5591
9739 14 61 0.4882
9753 14 65 0.4488
9767 14 68 0.4488
9781 85 70 0.5748
9824 14 58 0.4882
9838 14 63 0.4331
9852 14 67 0.4331
9866 85 75 0.5906
9909 14 60 0.4882
9923 14 63 0.4488
9937 14 68 0.4488
9951 85 80 0.5984
9994 14 65 0.4882
10008 14 68 0.4488
10022 14 72 0.4488
10036 85 74 0.5827
10079 14 62 0.4882
10093 14 67 0.4331
10107 14 71 0.4331
10121 85 79 0.5906
10164 14 63 0.4882
10178 14 67 0.4488
10192 14 72 0.4488
10206 85 71 0.5591
10249 14 61 0.4567
10263 14 59 0.4331
10277 14 65 0.4331
10292 46 70 0.5354
10334 46 71 0.5039
10377 85 64 0.3543
10377 85 67 0.4567
10377 46 76 0.4567
10419 42 72 0.3701
10462 85 71 0.5591
10504 14 61 0.4567
10518 14 59 0.4331
10533 14 65 0.4331
10547 46 70 0.5354
10589 15 71 0.4567
10621 95 67 0.5039
10626 90 72 0.5039
10632 28 79 0.5433
10660 28 76 0.4961
10688 28 72 0.4961
10717 85 71 0.5591
10759 14 61 0.4567
10774 14 59 0.4331
10788 14 65 0.4331
10802 46 70 0.5433
10844 46 71 0.5039
10887 85 64 0.4016
10887 85 67 0.4488
10887 46 76 0.5118
10929 42 72 0.3858
10972 85 71 0.5748
11015 14 61 0.4567
11029 14 59 0.4331
11043 14 65 0.4331
11057 42 70 0.5512
11100 15 71 0.4567
11116 5 71 0.4173
11121 5 72 0.4567
11126 5 71 0.4094
11131 5 70 0.4567
11137 5 71 0.4094
11142 28 80 0.5433
11170 42 79 0.4961
11213 14 77 0.4961
11227 85 77 0.622
11270 14 64 0.4567
11284 14 67 0.4331
11298 14 72 0.4331
11312 42 76 0.5748
11326 14 75 0.5039
11341 14 76 0.4173
11355 14 79 0.4173
11369 14 78 0.4094
11383 14 79 0.3622
11397 42 84 0.4094
11482 255 64 0.378
11482 255 67 0.378
11482 85 76 0.4803
11567 42 74 0.4173
11610 42 72 0.3543
11652 42 71 0.4094
11695 42 70 0.315
11780 14 55 0.2992
11794 14 59 0.2677
11808 14 64 0.2835
11823 14 69 0.3071
11837 14 67 0.2677
11851 14 64 0.2677
11865 14 70 0.2992
11879 14 71 0.2677
11893 14 76 0.2677
11908 14 78 0.2992
11922 14 79 0.2677
11936 14 83 0.2677
11950 21 88 0.315
11993 255 64 0.378
11993 255 67 0.378
11993 85 76 0.4803
12078 42 74 0.4173
12120 42 72 0.3465
12163 42 71 0.4016
12205 42 70 0.3307
12290 14 55 0.2992
12305 14 59 0.2677
12319 14 64 0.2835
12333 14 69 0.3071
12347 14 67 0.2677
12361 14 64 0.2677
12503 255 64 0.378
12503 255 67 0.378
12503 85 76 0.4803
12588 42 74 0.4409
12631 42 72 0.3543
12673 42 71 0.3937
12716 42 70 0.3465
12801 14 55 0.2992
12815 14 59 0.2677
12829 14 64 0.2835
12843 14 69 0.3071
12857 14 67 0.2677
12872 14 64 0.2677
12886 14 70 0.2992
12900 14 71 0.2677
12914 14 76 0.2677
12928 14 78 0.2992
12943 14 79 0.2677
12957 14 83 0.2677
12971 21 88 0.315
13013 85 76 0.5039
13098 170 64 0.2756
13098 170 67 0.3307
13098 42 74 0.4488
13141 42 72 0.378
13184 42 71 0.4173
13226 42 70 0.4016
13311 42 76 0.4567
13354 170 64 0.2913
13354 170 66 0.3465
13396 42 68 0.5118
13439 42 69 0.5276
13481 42 70 0.5591
13524 85 78 0.5748
13566 14 63 0.4882
13580 14 66 0.4488
13595 14 71 0.4488
13609 85 74 0.5748
13651 14 59 0.4882
13666 14 62 0.4331
13680 14 67 0.4331
13694 85 75 0.5827
13736 14 59 0.4882
13751 14 63 0.4488
13765 12 66 0.4488
13779 85 68 0.5591
13821 14 59 0.4882
13836 14 61 0.4488
13850 14 65 0.4488
13864 46 70 0.5512
13906 46 71 0.5039
13949 85 64 0.2913
13949 85 66 0.3386
13949 46 75 0.5433
13992 42 73 0.4252
14034 85 78 0.5591
14077 14 63 0.4882
14091 14 66 0.4488
14105 14 71 0.4488
14119 85 74 0.5827
14162 14 59 0.4882
14176 14 62 0.4331
14190 14 67 0.4331
14204 85 75 0.5906
14247 14 59 0.4882
14261 14 63 0.4488
14275 12 66 0.4488
14289 85 68 0.5591
14332 14 59 0.4882
14346 14 61 0.4488
14360 14 65 0.4488
14374 46 70 0.5354
14417 46 71 0.4488
14459 85 64 0.2913
14459 85 66 0.3386
14459 46 75 0.5433
14502 42 73 0.4252
14544 85 78 0.5827
14587 14 63 0.4882
14601 14 66 0.4488
14615 14 71 0.4488
14629 85 74 0.5827
14672 14 59 0.4882
14686 14 62 0.4331
14700 14 67 0.4331
14715 85 75 0.5906
14757 14 59 0.4882
14771 14 63 0.4488
14785 12 66 0.4488
14800 85 67 0.5748
14856 14 59 0.4488
14870 14 62 0.4488
14885 85 66 0.5827
14941 14 62 0.4331
14956 14 63 0.4331
14970 85 55 0.5906
15026 14 47 0.4488
15041 12 50 0.4488
15055 56 54 0.5984
15110 17 53 0.5354
15125 17 54 0.5039
15140 24 55 0.5591
15161 24 56 0.4882
15182 24 57 0.5118
15204 24 58 0.4488
15225 24 59 0.4882
15246 46 61 0.4961
15289 67 62 0.4646
15352 88 63 0.4882
15438 46 64 0.3622
15480 46 65 0.3307
15523 42 66 0.2992
15820 42 66 0.3937
15863 24 68 0.3858
15884 21 69 0.3622
15905 85 59 0.2677
15905 85 64 0.3228
15905 42 68 0.4016
15948 42 71 0.3622
15990 170 64 0.4331
16033 42 69 0.4252
16075 38 68 0.4094
16075 38 71 0.4882
16118 38 69 0.4409
16118 38 73 0.5197
16161 170 64 0.3701
16161 85 71 0.3937
16161 85 76 0.4803
16246 85 69 0.3858
16246 85 73 0.4488
16331 42 73 0.5433
16373 24 74 0.5354
16394 21 76 0.5197
16416 85 66 0.3622
16416 85 73 0.4331
16416 42 78 0.5197
16458 42 73 0.4646
16501 85 66 0.3307
16501 85 71 0.3307
16501 85 74 0.4488
16586 42 66 0.4409
16628 24 68 0.4094
16650 21 69 0.378
16671 85 63 0.3622
16671 42 73 0.4094
16713 85 70 0.378
16756 85 62 0.2835
16798 42 71 0.2992
16841 42 66 0.4331
16884 24 68 0.3937
16905 21 69 0.3622
16926 85 59 0.2677
16926 85 64 0.3228
16926 42 68 0.4331
16969 42 71 0.378
17011 170 64 0.4882
17054 42 69 0.4331
17096 38 68 0.4094
17096 38 71 0.4882
17139 38 69 0.4488
17139 38 73 0.5276
17181 170 64 0.378
17181 85 71 0.4252
17181 85 76 0.4803
17266 85 69 0.4252
17266 85 73 0.4961
17351 42 73 0.5906
17394 24 75 0.5512
17415 21 76 0.5276
17436 85 64 0.3937
17436 42 68 0.5827
17479 42 73 0.5039
17521 85 63 0.3386
17521 85 66 0.3386
17521 85 71 0.4882
17607 85 71 0.4882
17607 85 64 0.4882
17607 42 73 0.6378
17649 24 75 0.5906
17670 21 76 0.5591
17692 85 64 0.3937
17692 42 68 0.5748
17734 42 73 0.4961
17777 85 63 0.3386
17777 85 66 0.3386
17777 85 71 0.4882
17862 85 71 0.4646
17862 85 64 0.4646
17862 42 73 0.6063
17904 24 75 0.5433
17925 21 76 0.5039
17947 42 80 0.5827
17989 42 76 0.4882
18032 42 75 0.5197
18074 42 73 0.4961
18117 85 63 0.3465
18117 85 66 0.3465
18117 85 73 0.4331
18202 85 63 0.3465
18202 85 66 0.4331
18202 42 61 0.4567
18244 42 59 0.378
18287 85 59 0.3937
18287 85 64 0.3937
18372 42 74 0.4252
18415 24 73 0.3937
18436 21 71 0.3701
18457 85 63 0.3386
18457 42 66 0.4016
18500 42 69 0.2835
18542 85 64 0.3071
18542 85 68 0.3622
18627 42 61 0.3228
18627 42 66 0.3937
18670 42 60 0.2441
18670 42 68 0.3071
18712 42 61 0.3228
18712 42 66 0.3937
18755 42 60 0.2362
18755 42 68 0.2992
18797 85 59 0.2913
18797 85 64 0.3307
18882 42 74 0.4252
18925 24 73 0.3937
18946 21 71 0.3701
18967 85 63 0.3386
18967 42 66 0.4016
19010 42 69 0.3071
19053 85 64 0.3071
19053 85 68 0.3622
19138 42 61 0.3228
19138 42 66 0.3937
19180 42 60 0.2441
19180 42 68 0.3071
19223 42 61 0.3228
19223 42 66 0.3937
19265 42 60 0.2362
19265 42 68 0.2992
19308 85 59 0.2913
19308 85 64 0.3307
19393 42 64 0.3622
19393 42 70 0.4409
19435 42 63 0.3071
19435 42 72 0.3622
19478 42 64 0.3622
19478 42 70 0.4409
19520 42 63 0.2992
19520 42 72 0.3622
19563 85 63 0.3307
19563 85 68 0.4016
19648 42 68 0.4016
19648 42 74 0.4646
19690 42 67 0.3622
19690 42 76 0.4409
19733 42 68 0.4173
19733 42 74 0.4882
19776 42 67 0.3701
19776 42 76 0.4488
19818 42 63 0.2913
19818 42 66 0.3465
19818 85 72 0.4094
19861 42 64 0.2362
19861 42 67 0.2992
19903 42 68 0.4331
19903 24 74 0.4724
19924 24 77 0.3701
19946 42 72 0.3465
19946 42 67 0.3465
19946 42 76 0.4646
19988 42 68 0.4331
19988 24 74 0.4724
20009 24 77 0.3858
20031 42 72 0.3543
20031 42 67 0.3465
20031 42 76 0.4646
20073 42 63 0.3228
20073 42 66 0.3858
20073 85 72 0.4646
20116 42 64 0.2598
20116 42 67 0.3307
20158 42 68 0.4409
20158 42 74 0.5276
20201 42 72 0.3622
20201 42 67 0.3622
20201 42 76 0.4646
20243 42 70 0.4646
20243 42 79 0.5591
20286 42 69 0.4094
20286 42 78 0.5039
20328 42 68 0.4646
20328 42 77 0.5591
20371 42 67 0.4094
20371 42 76 0.5039
20413 42 67 0.4646
20413 42 76 0.5591
20456 42 66 0.4094
20456 42 75 0.5039
20499 24 70 0.5039
20499 42 64 0.4961
20520 24 73 0.3622
20541 42 63 0.2756
20541 42 71 0.4331
20541 42 66 0.3307
20584 42 67 0.4488
20584 42 76 0.5433
20626 42 66 0.378
20626 42 75 0.4567
20669 24 70 0.4488
20669 42 64 0.4567
20690 24 73 0.3543
20711 42 63 0.2598
20711 42 71 0.3307
20711 42 66 0.2598
20754 24 70 0.4252
20754 42 64 0.4409
20775 24 73 0.3228
20796 42 63 0.2362
20796 42 71 0.3228
20796 42 66 0.2362
20839 42 58 0.2205
20839 42 61 0.3228
20839 85 66 0.378
20881 42 59 0.2835
20924 42 66 0.4331
20966 24 68 0.4016
20988 21 69 0.3622
21009 85 59 0.2362
21009 85 64 0.2835
21009 42 68 0.4331
21051 42 71 0.378
21094 170 64 0.4331
21136 42 69 0.4567
21179 38 68 0.4094
21179 38 71 0.4882
21221 38 69 0.4409
21221 38 73 0.5197
21264 170 64 0.3543
21264 85 71 0.3858
21264 85 76 0.4646
21349 85 69 0.3858
21349 85 73 0.4488
21434 42 73 0.5433
21477 24 74 0.5354
21498 21 76 0.5197
21519 85 66 0.3622
21519 85 73 0.4331
21519 42 78 0.5276
21562 42 73 0.4961
21604 85 66 0.3228
21604 85 71 0.3858
21604 85 74 0.4646
21689 42 66 0.4567
21732 24 68 0.4331
21753 21 69 0.378
21774 85 63 0.3858
21774 42 73 0.4331
21817 85 70 0.3465
21859 85 62 0.315
21902 42 71 0.3307
21944 42 66 0.4331
21987 24 68 0.4252
22008 21 69 0.3701
22030 85 59 0.2362
22030 85 64 0.2835
22030 42 68 0.4331
22072 42 71 0.4016
22115 170 64 0.4331
22157 42 69 0.4409
22200 38 68 0.4094
22200 38 71 0.4882
22242 38 69 0.4488
22242 38 73 0.5276
22285 170 64 0.378
22285 85 71 0.4016
22285 85 76 0.4803
22370 85 69 0.4252
22370 85 73 0.4961
22455 42 73 0.5669
22497 24 74 0.5591
22519 21 76 0.5433
22540 85 66 0.4252
22540 85 73 0.4252
22540 42 78 0.5433
22582 42 73 0.4882
22625 85 66 0.3386
22625 85 71 0.4016
22625 85 74 0.4882
22710 42 74 0.5906
22753 24 76 0.5748
22774 21 78 0.5433
22795 85 68 0.3701
22795 42 75 0.4409
22795 42 80 0.5591
22838 42 75 0.5197
22880 85 68 0.3543
22880 85 73 0.4252
22880 85 76 0.5118
22965 42 76 0.5748
23008 24 78 0.5354
23029 21 80 0.5039
23050 38 81 0.5591
23093 38 80 0.4882
23135 38 78 0.5118
23178 38 76 0.4646
23220 38 74 0.4961
23263 85 69 0.4961
23348 85 81 0.5433
23433 42 63 0.4094
23433 42 72 0.4094
23433 42 75 0.4094
23476 42 64 0.4724
23476 42 73 0.4724
23476 42 76 0.4724
23518 24 66 0.4094
23539 21 68 0.3543
23561 38 69 0.4094
23603 127 59 0.2835
23603 127 62 0.2835
23603 170 64 0.3307
23731 42 57 0.3228
23731 42 61 0.3228
23773 24 66 0.3307
23795 21 68 0.2992
23816 38 69 0.3307
23858 127 59 0.2283
23858 127 62 0.2283
23858 170 64 0.2835
23986 42 57 0.315
23986 42 61 0.3228
24028 24 66 0.4094
24050 21 68 0.3543
24071 38 69 0.4094
24113 85 57 0.2835
24113 85 61 0.2835
24199 85 51 0.3071
24199 85 57 0.3071
24199 85 60 0.3071
24284 42 52 0.2835
24284 42 57 0.2835
24284 42 61 0.3307
24326 127 54 0.2598
24326 127 56 0.3071
24326 127 62 0.3622
24454 42 56 0.3228
24454 42 51 0.3228
24539 14 49 0.2992
24553 14 52 0.2677
24567 14 57 0.2835
24581 14 51 0.3071
24595 14 52 0.2677
24610 14 57 0.2677
24624 14 60 0.2992
24638 14 61 0.2677
24652 14 64 0.2677
24666 170 69 0.3543
24751 255 57 0.2677
24836 42 67 0.3465
24879 42 65 0.3228
24922 42 64 0.3465
24964 42 63 0.315
25049 14 61 0.2992
25063 14 64 0.2677
25077 14 69 0.2835
25092 14 63 0.3071
25106 14 64 0.2677
25120 14 69 0.2677
25134 14 72 0.2992
25148 14 73 0.2677
25163 14 76 0.2677
25177 170 81 0.3858
25262 255 69 0.2677
25347 42 79 0.3465
25389 42 77 0.3228
25432 42 76 0.3465
25474 42 75 0.315
25574 14 73 0.2362
25588 14 75 0.2441
25602 14 78 0.2677
25616 14 76 0.2362
25630 14 73 0.2362
25645 14 81 0.2598
25659 14 85 0.2362
25673 14 88 0.2362
25687 14 92 0.2598
25701 14 93 0.2362
25715 14 97 0.2362
25730 552 100 0.2835
25772 81 93 0.2283
25772 81 88 0.2283
25857 81 93 0.2283
25857 81 88 0.2283
25942 81 93 0.2283
25942 81 88 0.2283
26027 255 88 0.2205
26027 255 93 0.2205
85 85 50 0.2913
85 255 52 0.3465
170 85 49 0.3307
255 38 47 0.4173
297 38 45 0.4331
340 85 44 0.315
340 170 52 0.3543
425 85 45 0.3071
595 85 46 0.2835
595 85 61 0.4173
595 85 54 0.3386
680 85 47 0.2362
680 85 59 0.3307
680 85 54 0.2835
850 85 57 0.3228
850 85 47 0.2756
935 85 52 0.2205
935 85 56 0.2677
1105 255 52 0.3465
1105 85 50 0.3465
1190 85 49 0.3307
1275 38 47 0.4173
1318 38 45 0.4409
1360 170 52 0.3307
1360 85 44 0.3386
1445 85 45 0.3386
1616 255 47 0.3937
1701 42 57 0.4646
1743 42 59 0.4252
1786 85 56 0.4803
1871 212 47 0.3937
1956 42 57 0.4646
1998 42 59 0.4252
2041 42 56 0.4567
2296 42 54 0.4882
2339 24 56 0.4567
2360 21 57 0.3937
2381 85 47 0.3937
2466 42 57 0.4094
2466 85 52 0.3465
2509 42 56 0.3937
2551 42 40 0.3937
2573 10 52 0.3543
2594 10 54 0.3622
2615 10 56 0.3701
2636 21 57 0.3937
2636 170 52 0.2835
2658 21 59 0.3543
2679 85 60 0.3701
2764 42 59 0.2756
2806 42 45 0.3465
2806 170 52 0.2913
2849 42 44 0.2441
2891 42 45 0.3465
2934 42 44 0.2677
2977 42 57 0.2992
2977 85 52 0.2598
3019 42 56 0.2835
3062 42 40 0.3937
3083 10 52 0.3543
3104 10 54 0.3622
3125 10 56 0.3701
3147 21 57 0.3937
3147 170 52 0.2835
3168 21 59 0.3543
3189 85 60 0.3622
3274 42 59 0.2677
3317 42 45 0.3465
3317 170 52 0.2913
3359 42 44 0.2441
3402 42 45 0.3465
3444 42 44 0.2677
3487 42 57 0.2992
3487 85 52 0.2598
3529 42 56 0.2835
3572 42 49 0.3937
3572 170 56 0.3228
3614 42 48 0.3307
3657 42 49 0.4016
3700 42 48 0.3622
3742 42 61 0.3465
3742 85 56 0.2677
3785 42 60 0.3228
3827 42 53 0.4173
3827 170 60 0.3543
3870 42 52 0.3622
3912 42 53 0.4488
3955 42 52 0.4016
3997 42 60 0.3622
3997 42 56 0.2992
4040 42 48 0.2047
4040 42 55 0.252
4082 170 60 0.3465
4082 42 53 0.4331
4125 42 55 0.315
4167 42 53 0.4567
4210 42 55 0.3465
4252 42 56 0.2835
4252 42 60 0.3543
4295 42 55 0.252
4295 42 48 0.1654
4337 85 60 0.3622
4337 42 53 0.4409
4380 42 48 0.3622
4423 42 61 0.4331
4423 42 57 0.3701
4465 42 62 0.4252
4508 42 59 0.4331
4508 42 55 0.3701
4550 42 60 0.4252
4593 42 58 0.4016
4593 42 54 0.3307
4635 42 59 0.4252
4678 42 55 0.4567
4720 42 47 0.2283
4720 42 54 0.3071
4763 42 58 0.3622
4763 42 54 0.3228
4805 42 59 0.3858
4848 42 55 0.4488
4890 42 54 0.2441
4890 42 47 0.2047
4933 42 55 0.4331
4975 42 47 0.189
4975 42 54 0.2362
5018 42 52 0.2913
5060 42 51 0.2205
5188 85 50 0.3465
5188 255 52 0.3465
5273 85 49 0.3307
5358 38 47 0.4173
5401 38 45 0.4331
5443 85 44 0.315
5443 170 52 0.3543
5528 85 45 0.3071
5698 85 54 0.3386
5698 85 61 0.4173
5698 85 46 0.2835
5783 85 47 0.2835
5783 85 54 0.2835
5783 85 59 0.3307
5954 85 47 0.2913
5954 85 57 0.3543
6039 85 56 0.2677
6039 85 52 0.2205
6209 85 50 0.3465
6209 255 52 0.3465
6294 85 49 0.3307
6379 38 47 0.4173
6421 38 45 0.4409
6464 85 44 0.3386
6464 170 52 0.3543
6549 85 45 0.3386
6719 255 47 0.3622
6804 42 57 0.4488
6847 42 59 0.4094
6889 85 56 0.4567
6974 170 47 0.378
7059 42 57 0.4488
7102 42 59 0.4094
7144 255 48 0.315
7144 255 55 0.315
7144 255 60 0.378
7414 14 40 0.2441
7428 14 47 0.2362
7655 255 48 0.315
7655 255 55 0.315
7655 255 60 0.378
7924 14 40 0.2441
7938 14 47 0.2362
8037 14 60 0.2992
8052 14 59 0.2677
8066 14 55 0.2677
8080 14 48 0.2913
8094 14 47 0.2677
8108 14 43 0.2598
8123 42 40 0.315
8165 255 48 0.315
8165 255 55 0.315
8165 255 60 0.378
8434 14 40 0.2441
8449 14 47 0.2362
8675 255 48 0.315
8675 255 55 0.315
8675 255 60 0.378
9016 170 48 0.2677
9016 170 55 0.2913
9016 170 60 0.3622
9200 42 49 0.4488
9214 14 56 0.4488
9285 42 49 0.4567
9299 14 51 0.4567
9370 42 48 0.4646
9384 14 51 0.4646
9455 42 46 0.4646
9469 14 53 0.4646
9611 85 51 0.2677
9611 85 55 0.2677
9710 42 49 0.4488
9724 14 56 0.4488
9795 42 49 0.4567
9810 14 51 0.4567
9880 42 48 0.4646
9895 14 51 0.4646
9965 42 53 0.4488
9980 14 60 0.4488
10051 42 53 0.4567
10065 14 55 0.4567
10136 42 51 0.4646
10150 14 55 0.4646
10221 14 49 0.4488
10235 14 55 0.4488
10377 85 48 0.3071
10377 85 55 0.3622
10377 85 60 0.3622
10476 14 49 0.4488
10490 14 55 0.4488
10605 111 48 0.3622
10610 106 55 0.3622
10616 101 64 0.3622
10731 14 49 0.4488
10745 14 55 0.4488
10887 85 48 0.3071
10887 85 55 0.3071
10887 85 60 0.3701
10986 14 49 0.4488
11000 14 55 0.4488
11241 42 48 0.4488
11256 14 55 0.4488
11482 255 48 0.315
11482 255 55 0.315
11482 255 60 0.378
11752 14 40 0.2441
11766 14 47 0.2362
11993 255 48 0.315
11993 255 55 0.315
11993 255 60 0.378
12262 14 40 0.2441
12276 14 47 0.2362
12375 14 60 0.2992
12390 14 59 0.2677
12404 14 55 0.2677
12418 14 48 0.2913
12432 14 47 0.2677
12446 14 43 0.2598
12461 42 40 0.315
12503 255 48 0.315
12503 255 55 0.315
12503 255 60 0.378
12772 14 40 0.2441
12787 14 47 0.2362
13098 170 48 0.2362
13098 170 55 0.2835
13098 170 60 0.3307
13354 170 48 0.2283
13354 170 54 0.2283
13354 170 60 0.2992
13538 42 47 0.4488
13552 14 54 0.4488
13623 42 47 0.4567
13637 14 55 0.4567
13708 42 47 0.4646
13722 14 54 0.4646
13793 42 47 0.4646
13807 14 53 0.4646
13949 85 47 0.2913
13949 85 54 0.2913
13949 85 58 0.2913
14048 42 47 0.4488
14062 14 54 0.4488
14133 42 47 0.4567
14147 14 55 0.4567
14218 42 47 0.4646
14233 14 54 0.4646
14303 42 47 0.4646
14318 14 53 0.4646
14459 85 47 0.2913
14459 85 54 0.2913
14459 85 58 0.2913
14559 42 47 0.4488
14573 14 54 0.4488
14644 42 47 0.4567
14658 14 55 0.4567
14729 42 47 0.4646
14743 14 54 0.4646
14814 42 47 0.4488
14828 14 53 0.4488
14842 14 55 0.4882
14899 42 47 0.4567
14913 14 54 0.4567
14927 14 59 0.4882
14984 42 35 0.4646
14998 14 41 0.4646
15012 14 43 0.4882
15069 42 35 0.4646
15083 14 42 0.4646
15097 14 51 0.4882
15905 85 50 0.3071
15905 255 52 0.3937
15990 85 49 0.378
16075 38 47 0.4173
16118 38 45 0.4331
16161 170 52 0.3543
16161 85 44 0.3386
16246 85 45 0.3071
16416 85 46 0.2835
16416 85 54 0.3386
16416 85 61 0.4173
16501 85 47 0.2835
16501 85 54 0.2835
16501 85 59 0.3307
16671 85 47 0.252
16671 85 57 0.3701
16756 85 52 0.2205
16756 85 56 0.2677
16926 85 50 0.3307
16926 255 52 0.3937
17011 85 49 0.378
17096 38 47 0.4173
17139 38 45 0.4409
17181 170 52 0.3543
17181 85 44 0.3543
17266 85 45 0.3386
17436 255 47 0.3937
17521 42 57 0.4646
17564 42 59 0.4252
17607 85 56 0.4803
17692 212 47 0.3937
17777 42 57 0.4646
17819 42 59 0.4252
17862 42 56 0.4567
18117 42 54 0.4882
18159 24 56 0.4567
18181 21 57 0.4094
18202 85 47 0.3622
18287 85 52 0.3622
18287 42 57 0.4567
18330 42 56 0.4409
18372 42 40 0.3937
18393 10 52 0.3543
18415 10 54 0.3622
18436 10 56 0.3701
18457 170 52 0.2835
18457 21 57 0.3937
18478 21 59 0.3543
18500 85 60 0.3701
18585 42 59 0.2756
18627 170 52 0.2913
18627 42 45 0.3465
18670 42 44 0.2441
18712 42 45 0.3465
18755 42 44 0.2677
18797 85 52 0.2598
18797 42 57 0.2992
18840 42 56 0.2835
18882 42 40 0.3937
18904 10 52 0.3543
18925 10 54 0.3622
18946 10 56 0.3701
18967 170 52 0.2835
18967 21 57 0.3937
18989 21 59 0.3543
19010 85 60 0.3622
19095 42 59 0.2677
19138 170 52 0.2913
19138 42 45 0.3465
19180 42 44 0.2441
19223 42 45 0.3465
19265 42 44 0.2677
19308 85 52 0.2598
19308 42 57 0.2992
19350 42 56 0.2835
19393 170 56 0.3228
19393 42 49 0.3937
19435 42 48 0.3071
19478 42 49 0.4016
19520 42 48 0.3307
19563 85 56 0.2992
19563 42 61 0.3465
19605 42 60 0.3228
19648 170 60 0.3543
19648 42 53 0.4173
19690 42 52 0.3622
19733 42 53 0.4488
19776 42 52 0.4016
19818 42 56 0.2992
19818 42 60 0.3622
19861 42 48 0.2047
19861 42 55 0.252
19903 170 60 0.3465
19903 42 53 0.4331
19946 42 55 0.315
19988 42 53 0.4567
20031 42 55 0.3465
20073 42 56 0.2835
20073 42 60 0.3543
20116 42 48 0.1654
20116 42 55 0.252
20158 85 60 0.3622
20158 42 53 0.4409
20201 42 48 0.3386
20243 42 57 0.3701
20243 42 61 0.4331
20286 42 62 0.4252
20328 42 55 0.3701
20328 42 59 0.4331
20371 42 60 0.4252
20413 42 54 0.3701
20413 42 58 0.4331
20456 42 59 0.4252
20499 42 55 0.4567
20541 42 47 0.189
20541 42 54 0.3071
20584 42 58 0.3622
20584 42 54 0.3228
20626 42 59 0.3543
20669 42 55 0.4488
20711 42 47 0.2047
20711 42 54 0.2441
20754 42 55 0.4331
20796 42 47 0.189
20796 42 54 0.2362
20839 42 52 0.2441
20881 42 51 0.2205
21009 85 50 0.2913
21009 255 52 0.3465
21094 85 49 0.3307
21179 38 47 0.4173
21221 38 45 0.4331
21264 170 52 0.3543
21264 85 44 0.315
21349 85 45 0.3071
21519 85 46 0.2835
21519 85 54 0.3386
21519 85 61 0.4173
21604 85 47 0.252
21604 85 54 0.2992
21604 85 59 0.3622
21774 85 47 0.3228
21774 85 57 0.3937
21859 85 52 0.2441
21859 85 56 0.3071
22030 85 50 0.2913
22030 255 52 0.3465
22115 85 49 0.3307
22200 38 47 0.4173
22242 38 45 0.4409
22285 170 52 0.4016
22285 85 44 0.3386
22370 85 45 0.3386
22540 85 46 0.2835
22540 85 54 0.3386
22540 85 61 0.4016
22625 85 47 0.2598
22625 85 54 0.3071
22625 85 59 0.378
22795 85 48 0.2913
22795 85 56 0.3465
22795 85 63 0.4252
22880 85 49 0.2677
22880 85 56 0.315
22880 85 61 0.3937
23220 170 54 0.4409
23220 42 57 0.5039
23263 24 59 0.4803
23284 21 61 0.4567
23305 38 62 0.4803
23348 38 61 0.4567
23390 85 53 0.4094
23390 38 59 0.4803
23433 85 57 0.4409
23476 42 52 0.3937
23603 38 57 0.3543
23646 85 52 0.3307
23646 38 55 0.378
23688 42 56 0.3543
23731 42 40 0.2992
23858 38 57 0.2992
23901 85 52 0.2835
23901 38 55 0.315
23943 42 56 0.2992
23986 42 40 0.2992
24113 24 54 0.3543
24135 24 53 0.3071
24156 38 52 0.378
24199 24 42 0.3307
24220 24 41 0.3071
24241 170 40 0.378
24411 85 52 0.3307
24496 14 33 0.2441
24510 14 40 0.2441
24525 14 45 0.2362
24751 255 60 0.2598
24751 255 53 0.2441
25007 14 45 0.2441
25021 14 52 0.2441
25035 14 57 0.2362
25262 255 72 0.2598
25262 255 65 0.2441
25531 14 57 0.2205
25545 14 64 0.2126
25559 14 69 0.2598
25772 81 81 0.1969
25772 81 85 0.1969
25857 81 81 0.2047
25857 81 85 0.2047
25942 81 81 0.2047
25942 81 85 0.2047
26027 255 81 0.1969
26027 255 85 0.1969
