0 141 67 0.2441
0 141 70 0.3543
0 141 39 0.1969
0 141 51 0.2835
141 70 63 0.2283
141 70 67 0.3465
212 70 58 0.2362
212 70 65 0.3543
212 70 46 0.2362
283 70 55 0.2362
283 70 63 0.3543
283 141 51 0.2835
353 70 58 0.3386
424 70 63 0.3543
495 70 62 0.2441
495 70 65 0.3543
495 70 46 0.2598
566 283 63 0.2677
566 70 67 0.3701
566 70 51 0.2835
637 70 68 0.4803
637 70 48 0.2441
707 70 70 0.4882
707 70 43 0.2835
778 70 72 0.4882
778 70 44 0.2677
849 106 67 0.4488
849 141 63 0.315
849 212 46 0.2835
955 35 68 0.378
991 141 62 0.2756
991 38 65 0.3937
1026 38 67 0.378
1061 38 68 0.3858
1097 35 69 0.3858
1132 283 70 0.3937
1132 141 82 0.4646
1132 141 67 0.2835
1274 70 79 0.4882
1274 70 63 0.2835
1344 70 77 0.4567
1344 70 58 0.2677
1415 53 70 0.3937
1415 53 75 0.4724
1415 53 55 0.2992
1486 53 74 0.3622
1486 53 77 0.4331
1486 53 58 0.2677
1557 53 75 0.3858
1557 53 79 0.4567
1557 53 63 0.2835
1628 53 75 0.4016
1628 53 80 0.4803
1628 53 60 0.3071
1698 70 82 0.4961
1698 70 75 0.4252
1698 70 55 0.3307
1769 20 83 0.4882
1769 70 65 0.2835
1769 70 56 0.2362
1787 20 84 0.4646
1805 20 80 0.4646
1822 17 77 0.4488
1840 70 75 0.5039
1840 141 58 0.2756
1840 70 67 0.3307
1911 20 79 0.4724
1911 70 68 0.2598
1928 20 77 0.4409
1946 20 76 0.4409
1964 14 77 0.4173
1982 141 74 0.4016
1982 141 77 0.4803
1982 212 63 0.2205
1982 141 68 0.2677
2123 70 75 0.4252
2123 70 67 0.252
2265 141 67 0.2441
2265 141 70 0.3543
2265 141 39 0.1969
2265 141 51 0.2835
2406 70 63 0.2283
2406 70 67 0.3465
2477 70 58 0.2362
2477 70 65 0.3543
2477 70 46 0.2362
2548 70 55 0.2362
2548 70 63 0.3543
2548 141 51 0.2835
2619 70 58 0.3386
2689 70 63 0.3543
2760 70 62 0.2441
2760 70 65 0.3543
2760 70 46 0.2598
2831 283 63 0.2677
2831 70 67 0.3701
2831 70 51 0.2835
2902 70 68 0.4646
2902 70 48 0.2441
2973 70 70 0.4882
2973 70 43 0.2835
3043 70 72 0.4646
3043 70 44 0.2677
3114 106 67 0.4488
3114 141 63 0.315
3114 212 46 0.2835
3220 35 68 0.378
3256 141 62 0.2756
3256 38 65 0.3937
3291 38 67 0.378
3327 38 68 0.3858
3362 35 69 0.3858
3397 283 70 0.3937
3397 141 82 0.4646
3397 141 67 0.2835
3539 70 79 0.4882
3539 70 63 0.2835
3610 70 77 0.4567
3610 70 58 0.2677
3680 53 70 0.3937
3680 53 75 0.4724
3680 53 55 0.2992
3751 53 74 0.3622
3751 53 77 0.4331
3751 53 58 0.2677
3822 53 75 0.3858
3822 53 79 0.4567
3822 53 63 0.2835
3893 53 75 0.4016
3893 53 80 0.4803
3893 53 60 0.3071
3964 70 82 0.4961
3964 70 75 0.4252
3964 70 55 0.3307
4034 20 83 0.4961
4034 70 65 0.2835
4034 70 56 0.2362
4052 20 84 0.4646
4070 20 80 0.4646
4088 17 77 0.4488
4105 70 75 0.5039
4105 141 58 0.2756
4105 70 67 0.3307
4176 20 79 0.4724
4176 70 68 0.2598
4194 20 77 0.4409
4211 20 76 0.4409
4229 14 77 0.4173
4247 141 74 0.4016
4247 141 77 0.4803
4247 212 63 0.2205
4247 141 68 0.2677
4388 70 75 0.4252
4388 70 67 0.252
4530 141 77 0.4724
4530 70 62 0.252
4601 70 58 0.2283
4672 70 79 0.4724
4672 70 63 0.252
4742 70 75 0.4331
4742 70 58 0.2205
4813 106 80 0.4724
4813 141 58 0.2283
4813 141 65 0.2756
4919 35 77 0.4252
4955 38 74 0.4409
4990 38 75 0.4331
5025 38 77 0.4488
5061 38 78 0.4646
5096 70 79 0.4724
5096 70 63 0.252
5167 70 79 0.4961
5167 70 63 0.252
5238 70 80 0.4961
5238 70 65 0.252
5238 70 63 0.2126
5309 70 81 0.4961
5309 70 66 0.252
5309 70 63 0.2126
5379 106 82 0.5276
5379 141 63 0.2362
5379 141 67 0.2835
5486 14 84 0.4567
5497 14 82 0.4567
5509 14 80 0.4567
5521 35 79 0.4882
5556 38 80 0.4409
5592 38 82 0.4724
5627 35 83 0.4961
5663 141 84 0.4961
5733 70 68 0.2205
5733 70 75 0.2677
5804 141 82 0.4961
5875 70 66 0.2205
5875 70 75 0.2677
5946 141 81 0.4961
6016 70 65 0.2205
6016 70 75 0.2677
6087 141 80 0.4961
6158 70 59 0.2205
6158 70 62 0.2677
6229 70 79 0.5276
6229 141 60 0.2362
6229 141 63 0.2835
6300 70 87 0.5354
6370 70 77 0.5276
6370 70 56 0.2362
6370 70 60 0.2835
6441 70 84 0.5039
6441 70 68 0.2362
6512 106 75 0.4409
6512 212 58 0.2126
6512 141 67 0.252
6618 17 77 0.3622
6636 17 75 0.3307
6654 70 74 0.3543
6654 70 65 0.252
6795 141 67 0.2441
6795 141 70 0.3543
6795 141 39 0.1969
6795 141 51 0.2835
6937 70 63 0.2283
6937 70 67 0.3465
7008 70 58 0.2362
7008 70 65 0.3543
7008 70 46 0.2362
7078 70 55 0.2362
7078 70 63 0.3543
7078 141 51 0.2835
7149 70 58 0.3386
7220 70 63 0.3543
7291 70 62 0.2441
7291 70 65 0.3543
7291 70 46 0.2598
7361 283 63 0.2677
7361 70 67 0.3701
7361 70 51 0.2835
7432 70 68 0.4803
7432 70 48 0.2441
7503 70 70 0.4882
7503 70 43 0.2835
7574 70 72 0.4882
7574 70 44 0.2677
7645 106 67 0.4488
7645 141 63 0.315
7645 212 46 0.2835
7751 35 68 0.378
7786 141 62 0.2756
7786 38 65 0.3937
7822 38 67 0.378
7857 38 68 0.3858
7892 35 69 0.3858
7928 283 70 0.3937
7928 141 82 0.4646
7928 141 67 0.2835
8069 70 79 0.4882
8069 70 63 0.2835
8140 70 77 0.4567
8140 70 58 0.2677
8211 53 70 0.3937
8211 53 75 0.4724
8211 53 55 0.2992
8282 53 74 0.3622
8282 53 77 0.4331
8282 53 58 0.2677
8352 53 75 0.3858
8352 53 79 0.4567
8352 53 63 0.2835
8423 53 75 0.4016
8423 53 80 0.4803
8423 53 60 0.3071
8494 70 82 0.4961
8494 70 75 0.4252
8494 70 55 0.3307
8565 20 83 0.4882
8565 70 65 0.2835
8565 70 56 0.2362
8583 20 84 0.4646
8600 20 80 0.4646
8618 17 77 0.4488
8636 70 75 0.5039
8636 141 58 0.2756
8636 70 67 0.3307
8706 20 79 0.4724
8706 70 68 0.2598
8724 20 77 0.4409
8742 20 76 0.4409
8760 14 77 0.4173
8777 141 74 0.4016
8777 141 77 0.4803
8777 212 63 0.2205
8777 141 68 0.2677
8919 70 75 0.4252
8919 70 67 0.252
9060 141 77 0.4724
9060 70 62 0.252
9131 70 58 0.2283
9202 70 79 0.4724
9202 70 63 0.252
9273 70 75 0.4331
9273 70 58 0.2205
9344 106 80 0.4724
9344 141 58 0.2283
9344 141 65 0.2756
9450 35 77 0.4252
9485 38 74 0.4409
9520 38 75 0.4331
9556 38 77 0.4488
9591 38 78 0.4646
9627 70 79 0.4724
9627 70 63 0.252
9697 70 79 0.4961
9697 70 63 0.252
9768 70 80 0.4961
9768 70 65 0.252
9768 70 63 0.2126
9839 70 81 0.4961
9839 70 66 0.252
9839 70 63 0.2126
9910 106 82 0.5276
9910 141 63 0.2362
9910 141 67 0.2835
10016 14 84 0.4567
10028 14 82 0.4567
10040 14 80 0.4567
10051 35 79 0.4882
10087 38 80 0.4409
10122 38 82 0.4724
10158 35 83 0.4961
10193 141 84 0.4961
10264 70 68 0.2205
10264 70 75 0.2677
10335 141 82 0.4961
10405 70 66 0.2205
10405 70 75 0.2677
10476 141 81 0.4961
10547 70 65 0.2205
10547 70 75 0.2677
10618 141 80 0.4961
10689 70 59 0.2205
10689 70 62 0.2677
10759 70 79 0.5276
10759 141 60 0.2362
10759 141 63 0.2835
10830 70 87 0.5354
10901 70 77 0.5276
10901 70 56 0.2362
10901 70 60 0.2835
10972 70 84 0.5039
10972 70 68 0.2362
11042 106 75 0.4409
11042 212 58 0.2126
11042 141 67 0.252
11149 17 77 0.3622
11166 17 75 0.3307
11184 70 74 0.3543
11184 70 65 0.252
11326 141 67 0.2441
11326 141 70 0.3543
11326 141 39 0.1969
11326 141 51 0.2835
11467 70 63 0.2283
11467 70 67 0.3465
11538 70 58 0.2362
11538 70 65 0.3543
11538 70 46 0.2362
11609 70 55 0.2362
11609 70 63 0.3543
11609 141 51 0.2835
11680 70 58 0.3386
11750 70 63 0.3543
11821 70 62 0.2441
11821 70 65 0.3543
11821 70 46 0.2598
11892 283 63 0.2677
11892 70 67 0.3701
11892 70 51 0.2835
11963 70 68 0.4803
11963 70 48 0.2441
12033 70 70 0.4882
12033 70 43 0.2835
12104 70 72 0.4882
12104 70 44 0.2677
12175 106 67 0.4488
12175 141 63 0.315
12175 212 46 0.2835
12281 35 68 0.378
12317 141 62 0.2756
12317 38 65 0.3937
12352 38 67 0.378
12387 38 68 0.3858
12423 35 69 0.3858
12458 283 70 0.3937
12458 141 82 0.4646
12458 141 67 0.2835
12600 70 79 0.4882
12600 70 63 0.2835
12671 70 77 0.4567
12671 70 58 0.2677
12741 53 70 0.3937
12741 53 75 0.4724
12741 53 55 0.2992
12812 53 74 0.3622
12812 53 77 0.4331
12812 53 58 0.2677
12883 53 75 0.3858
12883 53 79 0.4567
12883 53 63 0.2835
12954 53 75 0.4016
12954 53 80 0.4803
12954 53 60 0.3071
13025 70 82 0.4961
13025 70 75 0.4252
13025 70 55 0.3307
13095 20 83 0.4882
13095 70 65 0.2835
13095 70 56 0.2362
13113 20 84 0.4646
13131 20 80 0.4646
13148 17 77 0.4488
13166 70 75 0.5039
13166 141 58 0.2756
13166 70 67 0.3307
13237 20 79 0.4724
13237 70 68 0.2598
13255 20 77 0.4409
13272 20 76 0.4409
13290 14 77 0.4173
13308 141 74 0.4016
13308 141 77 0.4803
13308 212 63 0.2205
13308 141 68 0.2677
13449 70 75 0.4252
13449 70 67 0.252
13591 106 75 0.3858
13591 106 79 0.4646
13591 35 48 0.2835
13626 35 60 0.2362
13662 35 60 0.2362
13697 35 74 0.3701
13697 35 77 0.4409
13697 35 60 0.252
13732 70 72 0.3701
13732 70 75 0.4409
13732 35 60 0.252
13768 35 60 0.2283
13803 35 60 0.2283
13839 35 60 0.2283
13874 106 77 0.4094
13874 106 80 0.4961
13874 35 47 0.2835
13909 35 59 0.252
13945 35 59 0.252
13980 35 75 0.3622
13980 35 79 0.4252
13980 35 59 0.252
14016 70 74 0.378
14016 70 77 0.4567
14016 35 59 0.2835
14051 35 59 0.2283
14086 35 59 0.2283
14122 35 59 0.2283
14157 141 60 0.3622
14193 35 72 0.3701
14193 35 75 0.4488
14228 35 74 0.3937
14228 35 77 0.4724
14263 35 75 0.4094
14263 35 79 0.4882
14299 35 75 0.4016
14299 35 79 0.4803
14299 70 56 0.315
14334 35 74 0.3937
14334 35 77 0.4724
14369 35 74 0.378
14369 35 77 0.4567
14369 70 54 0.2835
14405 35 72 0.3701
14405 35 75 0.4409
14440 141 72 0.3858
14440 141 75 0.4567
14440 35 55 0.3622
14476 35 43 0.3228
14511 17 55 0.3622
14546 17 55 0.3307
14582 70 71 0.3543
14582 70 74 0.4252
14582 38 55 0.378
14617 38 53 0.3543
14653 38 51 0.3386
14688 38 50 0.3071
14723 141 48 0.3622
14759 35 75 0.4488
14794 35 72 0.4173
14830 35 68 0.4173
14865 70 67 0.4173
14900 35 63 0.3071
14900 35 60 0.2598
14936 70 66 0.4331
14936 35 60 0.2835
14936 35 63 0.3386
14971 35 60 0.2677
14971 35 63 0.315
15007 141 58 0.3386
15007 141 62 0.4016
15042 35 82 0.4803
15077 35 79 0.4803
15113 35 75 0.4803
15148 70 74 0.5118
15184 35 64 0.2835
15184 35 67 0.3386
15219 70 73 0.4803
15219 35 64 0.2992
15219 35 67 0.3543
15254 35 64 0.2835
15254 35 67 0.3386
15290 35 62 0.3543
15290 35 66 0.4252
15325 35 74 0.4252
15361 35 63 0.3937
15396 35 70 0.4173
15396 35 67 0.3543
15431 35 60 0.4252
15467 35 69 0.3543
15467 35 72 0.4173
15502 35 62 0.4016
15537 35 69 0.3543
15537 35 66 0.4173
15573 141 55 0.4488
15608 35 67 0.3858
15644 35 69 0.3858
15679 35 71 0.3858
15714 35 69 0.3228
15714 35 72 0.3858
15750 35 71 0.3307
15750 35 74 0.3937
15785 35 72 0.3465
15785 35 75 0.4094
15821 35 74 0.3543
15821 35 77 0.4252
15856 106 75 0.3858
15856 106 79 0.4646
15856 35 48 0.2835
15891 35 60 0.2362
15927 35 60 0.2362
15962 35 74 0.3701
15962 35 77 0.4409
15962 35 60 0.252
15998 70 72 0.3701
15998 70 75 0.4409
15998 35 60 0.252
16033 35 60 0.2283
16068 35 60 0.2283
16104 35 60 0.2283
16139 106 77 0.4094
16139 106 80 0.4961
16139 35 47 0.2835
16175 35 59 0.252
16210 35 59 0.252
16245 35 75 0.3622
16245 35 79 0.4252
16245 35 59 0.252
16281 70 74 0.378
16281 70 77 0.4567
16281 35 59 0.2835
16316 35 59 0.2283
16352 35 59 0.2283
16387 35 59 0.2283
16422 141 60 0.3622
16458 35 72 0.3701
16458 35 75 0.4488
16493 35 74 0.3937
16493 35 77 0.4724
16529 35 75 0.4094
16529 35 79 0.4882
16564 35 75 0.4016
16564 35 79 0.4803
16564 70 56 0.315
16599 35 74 0.3937
16599 35 77 0.4724
16635 35 74 0.378
16635 35 77 0.4567
16635 70 54 0.2835
16670 35 72 0.3701
16670 35 75 0.4409
16705 141 72 0.3858
16705 141 75 0.4567
16705 35 55 0.3622
16741 35 43 0.3228
16776 17 55 0.3622
16812 17 55 0.3307
16847 70 71 0.3543
16847 70 74 0.4252
16847 38 55 0.378
16882 38 53 0.3543
16918 38 51 0.3386
16953 38 50 0.3071
16989 141 48 0.3622
17024 35 75 0.4488
17059 35 72 0.4173
17095 35 68 0.4173
17130 70 67 0.4173
17166 35 63 0.3071
17166 35 60 0.2598
17201 70 66 0.4331
17201 35 60 0.2835
17201 35 63 0.3386
17236 35 60 0.2677
17236 35 63 0.315
17272 141 58 0.3386
17272 141 62 0.4016
17307 35 82 0.4803
17343 35 79 0.4803
17378 35 75 0.4803
17413 70 74 0.5118
17449 35 64 0.2835
17449 35 67 0.3386
17484 70 73 0.4803
17484 35 64 0.2992
17484 35 67 0.3543
17520 35 64 0.2835
17520 35 67 0.3386
17555 35 62 0.3543
17555 35 66 0.4252
17590 35 74 0.4252
17626 35 63 0.3937
17661 35 70 0.4173
17661 35 67 0.3543
17697 35 60 0.4252
17732 35 69 0.3543
17732 35 72 0.4173
17767 35 62 0.4016
17803 35 69 0.3543
17803 35 66 0.4173
17838 141 55 0.4488
17873 35 67 0.3858
17909 35 69 0.3858
17944 35 71 0.3858
17980 35 69 0.3228
17980 35 72 0.3858
18015 35 71 0.3307
18015 35 74 0.3937
18050 35 72 0.3465
18050 35 75 0.4094
18086 35 74 0.3543
18086 35 77 0.4252
18121 141 76 0.3858
18121 141 79 0.4646
18121 35 60 0.2992
18157 35 67 0.1969
18157 35 70 0.2362
18192 35 67 0.1969
18192 35 70 0.2362
18227 35 67 0.2126
18227 35 70 0.2598
18263 141 77 0.3701
18263 141 80 0.4409
18263 35 60 0.2835
18298 35 65 0.1969
18298 35 68 0.2441
18334 35 65 0.2047
18334 35 68 0.2441
18369 35 68 0.2441
18369 35 65 0.2047
18404 141 79 0.4094
18404 141 82 0.4961
18404 35 60 0.2992
18440 35 64 0.2205
18440 35 67 0.2677
18475 35 64 0.2205
18477 35 67 0.2677
18511 35 64 0.2205
18511 35 67 0.2677
18546 70 77 0.378
18546 70 80 0.4567
18546 35 60 0.3701
18581 35 65 0.3071
18581 35 68 0.3071
18617 35 59 0.3858
18652 35 65 0.3307
18652 35 68 0.3307
18688 141 74 0.4488
18688 141 77 0.5354
18688 35 58 0.4331
18723 35 65 0.2992
18723 35 68 0.3543
18758 35 65 0.2992
18758 35 68 0.3543
18794 35 65 0.2992
18794 35 68 0.3543
18829 141 75 0.4252
18829 141 79 0.5039
18829 35 58 0.4252
18865 35 63 0.3071
18865 35 67 0.3622
18900 35 63 0.3071
18900 35 67 0.3622
18935 35 67 0.3622
18935 35 63 0.3071
18971 141 77 0.4488
18971 141 80 0.5354
18971 35 58 0.4252
19006 35 62 0.3071
19006 35 65 0.3622
19041 35 65 0.3622
19041 35 62 0.3071
19077 35 62 0.3071
19077 35 65 0.3622
19112 70 75 0.4252
19112 70 79 0.4961
19112 35 58 0.4252
19148 35 63 0.2913
19148 35 67 0.378
19183 35 63 0.2913
19183 35 67 0.3543
19218 35 63 0.2362
19218 35 67 0.3543
19254 141 57 0.3543
19254 141 60 0.4252
19289 35 78 0.4803
19325 35 79 0.4961
19360 35 78 0.4724
19395 70 86 0.5197
19431 35 67 0.3071
19431 35 59 0.2126
19466 70 77 0.4882
19466 35 59 0.2362
19466 35 67 0.3386
19502 35 59 0.2205
19502 35 67 0.315
19537 141 60 0.2598
19537 141 67 0.3543
19572 35 76 0.4724
19608 35 77 0.4882
19643 35 76 0.4488
19679 70 84 0.4961
19714 35 56 0.2598
19714 35 60 0.3071
19749 70 75 0.4488
19749 35 56 0.2756
19749 35 60 0.3307
19785 35 56 0.252
19785 35 60 0.2992
19820 141 53 0.2835
19820 141 56 0.3465
19856 38 73 0.4252
19891 38 72 0.4409
19926 38 73 0.4252
19962 38 76 0.4567
19997 38 77 0.3937
20033 38 79 0.4173
20068 35 80 0.4331
20103 141 72 0.4331
20103 141 55 0.2992
20103 38 63 0.2992
20139 38 64 0.2756
20174 38 65 0.2835
20210 38 66 0.2835
20245 38 71 0.4252
20245 70 55 0.2992
20245 70 67 0.2992
20280 38 74 0.3858
20316 38 75 0.4094
20351 35 77 0.4252
20386 106 75 0.3858
20386 106 79 0.4646
20386 35 48 0.2835
20422 35 60 0.2362
20457 35 60 0.2362
20493 35 74 0.3701
20493 35 77 0.4409
20493 35 60 0.252
20528 70 72 0.3701
20528 70 75 0.4409
20528 35 60 0.252
20563 35 60 0.2283
20599 35 60 0.2283
20634 35 60 0.2283
20670 106 77 0.4094
20670 106 80 0.4961
20670 35 47 0.2835
20705 35 59 0.252
20740 35 59 0.252
20776 35 75 0.3622
20776 35 79 0.4252
20776 35 59 0.252
20811 70 74 0.378
20811 70 77 0.4567
20811 35 59 0.2835
20847 35 59 0.2283
20882 35 59 0.2283
20917 35 59 0.2283
20953 141 60 0.3622
20988 35 72 0.3701
20988 35 75 0.4488
21024 35 74 0.3937
21024 35 77 0.4724
21059 35 75 0.4094
21059 35 79 0.4882
21094 35 75 0.4016
21094 35 79 0.4803
21094 70 56 0.315
21130 35 74 0.3937
21130 35 77 0.4724
21165 35 74 0.378
21165 35 77 0.4567
21165 70 54 0.2835
21201 35 72 0.3701
21201 35 75 0.4409
21236 141 72 0.3858
21236 141 75 0.4567
21236 35 55 0.3622
21271 35 43 0.3228
21307 17 55 0.3622
21342 17 55 0.3307
21378 70 71 0.3543
21378 70 74 0.4252
21378 38 55 0.378
21413 38 53 0.3543
21448 38 51 0.3386
21484 38 50 0.3071
21519 141 48 0.3622
21554 35 79 0.4803
21590 35 75 0.4409
21625 35 71 0.4409
21661 70 74 0.4724
21696 35 67 0.3071
21696 35 64 0.2598
21731 70 72 0.4331
21731 35 64 0.2835
21731 35 67 0.3386
21767 35 64 0.2677
21767 35 67 0.315
21802 141 65 0.3386
21802 141 68 0.4016
21838 35 84 0.4803
21873 35 80 0.4803
21908 35 76 0.4803
21944 70 79 0.5118
21979 35 69 0.2835
21979 35 72 0.3386
22015 70 78 0.4803
22015 35 69 0.2992
22015 35 72 0.3543
22050 35 69 0.2835
22050 35 72 0.3386
22085 35 67 0.3543
22085 35 71 0.4252
22121 35 79 0.4252
22156 35 68 0.3937
22192 35 75 0.4173
22192 35 72 0.3543
22227 35 65 0.4252
22262 35 74 0.3543
22262 35 77 0.4173
22298 35 67 0.4016
22333 35 74 0.3543
22333 35 71 0.4173
22369 141 60 0.4488
22404 35 71 0.3858
22439 35 72 0.3858
22475 35 71 0.3858
22510 35 72 0.3858
22546 35 71 0.3307
22546 35 74 0.3937
22581 35 72 0.3465
22581 35 75 0.4094
22616 35 74 0.3543
22616 35 77 0.4252
22652 141 76 0.3858
22652 141 79 0.4646
22652 35 60 0.2992
22687 35 67 0.1969
22687 35 70 0.2362
22722 35 67 0.1969
22722 35 70 0.2362
22758 35 67 0.2126
22758 35 70 0.2598
22793 141 77 0.3701
22793 141 80 0.4409
22793 35 60 0.2835
22829 35 65 0.1969
22829 35 68 0.2441
22864 35 65 0.2047
22864 35 68 0.2441
22899 35 68 0.2441
22899 35 65 0.2047
22935 141 79 0.4094
22935 141 82 0.4961
22935 35 60 0.2992
22970 35 64 0.2205
22970 35 67 0.2677
23006 35 64 0.2205
23007 35 67 0.2677
23041 35 64 0.2205
23041 35 67 0.2677
23076 70 77 0.378
23076 70 80 0.4567
23076 35 60 0.3701
23112 35 65 0.3071
23112 35 68 0.3071
23147 35 59 0.3858
23183 35 65 0.3307
23183 35 68 0.3307
23218 141 74 0.4488
23218 141 77 0.5354
23218 35 58 0.4331
23253 35 65 0.2992
23253 35 68 0.3543
23289 35 65 0.2992
23289 35 68 0.3543
23324 35 65 0.2992
23324 35 68 0.3543
23360 141 75 0.4252
23360 141 79 0.5039
23360 35 58 0.4252
23395 35 63 0.3071
23395 35 67 0.3622
23430 35 63 0.3071
23430 35 67 0.3622
23466 35 67 0.3622
23466 35 63 0.3071
23501 141 77 0.4488
23501 141 80 0.5354
23501 35 58 0.4252
23537 35 62 0.3071
23537 35 65 0.3622
23572 35 65 0.3622
23572 35 62 0.3071
23607 35 62 0.3071
23607 35 65 0.3622
23643 70 75 0.4252
23643 70 79 0.4961
23643 35 58 0.4252
23678 35 63 0.2913
23678 35 67 0.378
23714 35 63 0.2913
23714 35 67 0.3543
23749 35 63 0.2362
23749 35 67 0.3543
23784 141 57 0.3543
23784 141 60 0.4252
23820 35 78 0.4803
23855 35 79 0.4961
23890 35 78 0.4724
23926 70 86 0.5197
23961 35 67 0.3071
23961 35 59 0.2126
23997 70 77 0.4882
23997 35 59 0.2362
23997 35 67 0.3386
24032 35 59 0.2205
24032 35 67 0.315
24067 141 60 0.2598
24067 141 67 0.3543
24103 35 76 0.4724
24138 35 77 0.4882
24174 35 76 0.4488
24209 70 84 0.4961
24244 35 56 0.2598
24244 35 60 0.3071
24280 70 75 0.4488
24280 35 56 0.2756
24280 35 60 0.3307
24315 35 56 0.252
24315 35 60 0.2992
24351 141 53 0.2835
24351 141 56 0.3465
24386 38 73 0.4252
24421 38 72 0.4409
24457 38 73 0.4252
24492 38 76 0.4567
24528 38 77 0.3937
24563 38 79 0.4173
24598 35 80 0.4331
24634 141 72 0.4331
24634 141 55 0.2992
24634 38 63 0.2992
24669 38 64 0.2756
24705 38 65 0.2835
24740 38 66 0.2835
24775 38 71 0.4252
24775 70 55 0.2992
24775 70 67 0.2992
24811 38 74 0.3858
24846 38 75 0.4094
24882 35 77 0.4252
24917 106 75 0.3858
24917 106 79 0.4646
24917 35 48 0.2835
24952 35 60 0.2362
24988 35 60 0.2362
25023 35 74 0.3701
25023 35 77 0.4409
25023 35 60 0.252
25058 70 72 0.3701
25058 70 75 0.4409
25058 35 60 0.252
25094 35 60 0.2283
25129 35 60 0.2283
25165 35 60 0.2283
25200 106 77 0.4094
25200 106 80 0.4961
25200 35 47 0.2835
25235 35 59 0.252
25271 35 59 0.252
25306 35 75 0.3622
25306 35 79 0.4252
25306 35 59 0.252
25342 70 74 0.378
25342 70 77 0.4567
25342 35 59 0.2835
25377 35 59 0.2283
25412 35 59 0.2283
25448 35 59 0.2283
25483 141 60 0.3622
25519 35 72 0.3701
25519 35 75 0.4488
25554 35 74 0.3937
25554 35 77 0.4724
25589 35 75 0.4094
25589 35 79 0.4882
25625 35 75 0.4016
25625 35 79 0.4803
25625 70 56 0.315
25660 35 74 0.3937
25660 35 77 0.4724
25696 35 74 0.378
25696 35 77 0.4567
25696 70 54 0.2835
25731 35 72 0.3701
25731 35 75 0.4409
25766 141 72 0.3858
25766 141 75 0.4567
25766 35 55 0.3622
25802 35 43 0.3228
25837 17 55 0.3622
25873 17 55 0.3307
25908 70 71 0.3543
25908 70 74 0.4252
25908 38 55 0.378
25943 38 53 0.3543
25979 38 51 0.3386
26014 38 50 0.3071
26050 141 48 0.3622
26085 35 79 0.4803
26120 35 75 0.4409
26156 35 71 0.4409
26191 70 74 0.4724
26226 35 67 0.3071
26226 35 64 0.2598
26262 70 72 0.4331
26262 35 64 0.2835
26262 35 67 0.3386
26297 35 64 0.2677
26297 35 67 0.315
26333 141 65 0.3386
26333 141 68 0.4016
26368 35 84 0.4803
26403 35 80 0.4803
26439 35 76 0.4803
26474 70 79 0.5118
26510 35 69 0.2835
26510 35 72 0.3386
26545 70 78 0.4803
26545 35 69 0.2992
26545 35 72 0.3543
26580 35 69 0.2835
26580 35 72 0.3386
26616 35 67 0.3543
26616 35 71 0.4252
26651 35 79 0.4252
26687 35 68 0.3937
26722 35 75 0.4173
26722 35 72 0.3543
26757 35 65 0.4252
26793 35 74 0.3543
26793 35 77 0.4173
26828 35 67 0.4016
26864 35 74 0.3543
26864 35 71 0.4173
26899 141 60 0.4488
26934 38 71 0.3858
26970 38 72 0.4094
27005 35 71 0.3858
27041 176 72 0.4252
27076 38 63 0.2756
27076 38 66 0.3228
27111 38 64 0.2913
27111 38 67 0.3543
27147 35 63 0.2756
27147 35 66 0.3228
27182 176 64 0.315
27182 176 67 0.3701
27218 38 73 0.4252
27253 38 72 0.4016
27288 35 73 0.4173
27324 176 72 0.4252
27359 38 64 0.2835
27359 38 67 0.3386
27394 38 65 0.2992
27394 38 68 0.3543
27430 35 64 0.2756
27430 35 67 0.3307
27465 176 65 0.315
27465 176 68 0.3701
27501 38 76 0.4409
27536 38 77 0.4567
27571 35 80 0.4803
27607 176 71 0.4409
27642 38 63 0.2598
27642 38 66 0.3071
27678 38 62 0.2835
27678 38 65 0.3465
27713 35 63 0.2598
27713 35 66 0.3071
27748 176 62 0.3228
27748 176 65 0.3858
27784 38 69 0.3937
27819 38 70 0.4252
27855 35 69 0.3937
27890 176 70 0.4252
27925 38 64 0.2126
27925 38 67 0.2598
27961 38 65 0.2283
27961 38 68 0.2835
27996 35 64 0.2126
27996 35 67 0.2598
28032 141 65 0.2598
28032 141 68 0.3071
28067 38 73 0.3622
28102 38 74 0.378
28138 38 75 0.3858
28173 38 76 0.4016
28209 38 77 0.4094
28244 38 78 0.4173
28279 35 79 0.4252
28315 106 82 0.4331
28315 212 62 0.252
28315 212 65 0.252
28315 212 70 0.2992
28421 35 81 0.3937
28456 70 80 0.3543
28633 35 64 0.3228
28669 35 65 0.3465
28704 35 67 0.3228
28739 35 68 0.3465
28775 35 67 0.3543
28810 35 68 0.3543
28846 35 69 0.3622
28881 141 67 0.2677
28881 141 70 0.3858
28881 141 39 0.2126
28881 141 51 0.3071
29023 70 63 0.252
29023 70 67 0.3701
29093 70 58 0.2598
29093 70 65 0.3858
29093 70 46 0.2598
29164 70 55 0.2598
29164 70 63 0.3858
29164 141 51 0.3071
29235 70 58 0.3622
29306 70 63 0.3858
29377 70 62 0.2677
29377 70 65 0.3858
29377 70 46 0.2835
29447 283 63 0.2835
29447 70 67 0.4094
29447 70 51 0.3071
29518 70 68 0.4567
29518 70 48 0.2677
29589 70 70 0.4724
29589 70 43 0.3071
29660 70 72 0.4488
29660 70 44 0.2835
29731 106 67 0.4961
29731 141 63 0.3465
29731 212 46 0.3071
29837 35 68 0.4173
29872 141 62 0.2913
29872 38 65 0.4252
29907 38 67 0.4173
29943 38 68 0.4252
29978 35 69 0.4252
30014 283 70 0.3937
30014 141 82 0.4646
30014 141 67 0.2835
30155 70 79 0.4882
30155 70 63 0.2835
30226 70 77 0.4567
30226 70 58 0.2677
30297 53 70 0.3937
30297 53 75 0.4724
30297 53 55 0.2992
30368 53 74 0.3622
30368 53 77 0.4331
30368 53 58 0.2677
30438 53 75 0.3858
30438 53 79 0.4567
30438 53 63 0.2835
30509 53 75 0.4016
30509 53 80 0.4803
30509 53 60 0.3071
30580 70 82 0.4961
30580 70 75 0.4252
30580 70 55 0.3307
30651 20 83 0.4882
30651 70 65 0.2835
30651 70 56 0.2362
30668 20 84 0.4646
30686 20 80 0.4646
30704 17 77 0.4488
30722 70 75 0.5039
30722 141 58 0.2756
30722 70 67 0.3307
30792 20 79 0.4724
30792 70 68 0.2598
30810 20 77 0.4409
30828 20 76 0.4409
30845 14 77 0.4173
30863 141 74 0.4016
30863 141 77 0.4803
30863 212 63 0.2205
30863 141 68 0.2677
31005 70 75 0.4252
31005 70 67 0.252
31146 141 72 0.4252
31146 35 56 0.2835
31182 35 63 0.2441
31217 35 60 0.2441
31252 35 63 0.2441
31288 35 75 0.4252
31288 35 58 0.2835
31323 35 73 0.3937
31323 35 63 0.2598
31359 35 70 0.4252
31359 35 61 0.252
31394 35 67 0.3937
31394 35 63 0.252
31429 106 68 0.4252
31429 35 60 0.2835
31465 35 63 0.2441
31500 35 56 0.2835
31536 17 70 0.3937
31536 35 63 0.2441
31553 17 72 0.3937
31571 35 55 0.2835
31572 70 70 0.4252
31606 35 63 0.252
31642 35 51 0.252
31677 35 63 0.252
31713 141 73 0.4646
31713 35 55 0.3386
31748 35 63 0.2913
31783 35 58 0.2913
31819 35 63 0.2913
31854 35 77 0.4803
31854 35 56 0.3465
31890 35 75 0.4409
31890 35 63 0.2598
31925 35 73 0.4567
31925 35 60 0.2835
31960 35 72 0.4252
31960 35 63 0.2835
31996 106 70 0.4961
31996 35 55 0.3386
32031 35 63 0.2992
32067 35 51 0.3307
32102 17 72 0.4252
32102 35 63 0.3307
32120 17 73 0.4252
32137 70 72 0.4961
32137 35 56 0.378
32173 35 63 0.3386
32208 35 60 0.4016
32243 35 63 0.3386
32279 106 84 0.5276
32279 35 58 0.4409
32314 35 67 0.3307
32350 35 64 0.4016
32385 35 76 0.4646
32385 35 67 0.3543
32420 17 77 0.4803
32420 35 56 0.4252
32456 17 79 0.4409
32456 35 65 0.3465
32491 17 80 0.4488
32491 35 60 0.3622
32527 17 81 0.4567
32527 35 65 0.3622
32562 106 82 0.4961
32562 35 56 0.4331
32597 35 65 0.3307
32633 35 62 0.3701
32668 35 74 0.4173
32668 35 65 0.3307
32704 17 75 0.4882
32704 35 55 0.3543
32739 17 77 0.4252
32739 35 63 0.315
32774 17 78 0.4331
32774 35 58 0.3543
32810 17 79 0.4409
32810 35 63 0.2992
32845 35 79 0.4882
32845 35 56 0.3465
32881 35 72 0.4331
32881 35 65 0.2992
32916 35 80 0.4882
32916 35 60 0.315
32951 26 77 0.4409
32951 35 65 0.315
32987 35 77 0.4567
32987 35 58 0.315
33022 26 75 0.4173
33022 35 67 0.2835
33058 35 75 0.4567
33058 35 58 0.2835
33093 26 74 0.4173
33093 35 68 0.2835
33128 38 75 0.4567
33128 141 63 0.3307
33128 141 67 0.3307
33164 38 74 0.4094
33199 38 75 0.4331
33235 38 77 0.4016
33270 38 75 0.4252
33305 38 74 0.4252
33341 38 73 0.4094
33376 35 70 0.4016
33411 141 72 0.4252
33411 35 56 0.2835
33447 35 63 0.2441
33482 35 60 0.2441
33518 35 63 0.2441
33553 35 75 0.4252
33553 35 58 0.2835
33588 35 73 0.3937
33588 35 63 0.2598
33624 35 70 0.4252
33624 35 61 0.252
33659 35 67 0.3937
33659 35 63 0.252
33695 106 68 0.4252
33695 35 60 0.2835
33730 35 63 0.2441
33765 35 56 0.2835
33801 17 70 0.3937
33801 35 63 0.2441
33819 17 72 0.3937
33836 35 55 0.2835
33837 70 70 0.4252
33872 35 63 0.252
33907 35 51 0.252
33942 35 63 0.252
33978 141 73 0.4646
33978 35 55 0.3386
34013 35 63 0.2913
34049 35 58 0.2913
34084 35 63 0.2913
34119 35 77 0.4803
34119 35 56 0.3465
34155 35 75 0.4409
34155 35 63 0.2598
34190 35 73 0.4567
34190 35 60 0.2835
34226 35 72 0.4252
34226 35 63 0.2835
34261 106 70 0.4961
34261 35 55 0.3386
34296 35 63 0.2992
34332 35 51 0.3307
34367 17 72 0.4252
34367 35 63 0.3307
34385 17 73 0.4252
34403 70 72 0.4961
34403 35 56 0.378
34438 35 63 0.3386
34473 35 60 0.4016
34509 35 63 0.3386
34544 106 84 0.5276
34544 35 58 0.4409
34579 35 67 0.3307
34615 35 64 0.4016
34650 35 76 0.4646
34650 35 67 0.3543
34686 17 77 0.4803
34686 35 56 0.4252
34721 17 79 0.4409
34721 35 65 0.3465
34756 17 80 0.4488
34756 35 60 0.3622
34792 17 81 0.4567
34792 35 65 0.3622
34827 106 82 0.4961
34827 35 56 0.4331
34863 35 65 0.3307
34898 35 62 0.3701
34933 35 74 0.4173
34933 35 65 0.3307
34969 17 75 0.4882
34969 35 55 0.3543
35004 17 77 0.4252
35004 35 63 0.315
35040 17 78 0.4331
35040 35 58 0.3543
35075 17 79 0.4409
35075 35 63 0.2992
35110 35 79 0.4882
35110 35 56 0.3465
35146 35 72 0.4331
35146 35 65 0.2992
35181 35 80 0.4882
35181 35 60 0.315
35217 26 77 0.4409
35217 35 65 0.315
35252 35 77 0.4567
35252 35 58 0.315
35287 26 75 0.4173
35287 35 67 0.2835
35323 35 75 0.4567
35323 35 58 0.2835
35358 26 74 0.4173
35358 35 68 0.2835
35394 38 75 0.4567
35394 141 63 0.3307
35394 141 67 0.3307
35429 38 74 0.4094
35464 38 75 0.4331
35500 38 77 0.4016
35535 38 75 0.4252
35571 38 74 0.4252
35606 38 73 0.4094
35641 35 70 0.4016
35677 283 69 0.3543
35677 141 72 0.4646
35677 35 63 0.2835
35712 35 66 0.2441
35747 35 63 0.2441
35783 35 66 0.2441
35818 38 71 0.4646
35818 38 63 0.3071
35854 38 72 0.4252
35854 38 65 0.2598
35889 38 73 0.4882
35889 38 63 0.2835
35924 35 72 0.4488
35924 35 65 0.252
35960 141 68 0.3937
35960 70 77 0.5039
35960 35 62 0.3071
35995 35 65 0.2441
36031 70 70 0.4646
36031 35 62 0.2441
36066 35 65 0.2441
36101 141 67 0.3543
36101 38 69 0.4646
36101 38 61 0.2835
36137 38 70 0.4252
36137 38 65 0.2598
36172 38 72 0.4646
36172 38 61 0.252
36208 35 70 0.4252
36208 35 65 0.252
36243 141 66 0.3543
36243 70 75 0.4646
36243 35 60 0.2835
36278 35 63 0.2441
36314 106 68 0.4646
36314 35 60 0.2441
36349 35 63 0.2441
36385 35 65 0.3858
36385 70 61 0.2835
36420 35 70 0.3937
36420 35 67 0.3543
36455 35 72 0.3858
36455 35 68 0.3543
36455 70 58 0.2598
36491 35 73 0.3858
36491 35 70 0.3543
36526 141 68 0.4094
36526 141 72 0.4409
36526 35 63 0.3228
36562 35 62 0.2835
36597 35 63 0.2835
36632 35 62 0.2835
36668 70 67 0.3543
36668 70 70 0.3937
36668 35 63 0.315
36703 35 58 0.2835
36739 35 55 0.2835
36774 35 51 0.2835
36809 141 80 0.5276
36809 35 53 0.2835
36845 35 60 0.2441
36880 35 56 0.2441
36915 35 60 0.2441
36951 38 79 0.4803
36951 38 56 0.3071
36986 38 77 0.4409
36986 38 65 0.2598
37022 38 75 0.4961
37022 38 58 0.2835
37057 35 74 0.4488
37057 35 65 0.252
37092 141 85 0.5591
37092 35 55 0.3386
37128 35 63 0.2835
37163 35 58 0.315
37200 35 63 0.2835
37234 38 84 0.5118
37234 38 61 0.3228
37269 38 82 0.4961
37269 38 70 0.2598
37305 38 80 0.4567
37305 38 63 0.2835
37340 35 79 0.4252
37340 35 70 0.252
37376 35 80 0.4409
37376 70 60 0.3071
37376 70 68 0.3071
37411 35 72 0.4094
37446 35 70 0.4094
37446 70 61 0.2835
37446 70 65 0.2835
37482 35 77 0.4094
37517 35 75 0.4409
37517 70 51 0.3071
37517 70 60 0.3071
37553 35 68 0.4016
37588 35 73 0.4331
37588 70 51 0.2835
37588 70 58 0.2835
37623 35 67 0.4016
37659 141 70 0.4252
37659 212 56 0.3071
37659 141 61 0.3071
37800 35 68 0.4094
37800 70 60 0.2835
37836 38 70 0.3701
37871 38 71 0.3543
37907 35 72 0.3543
37942 283 69 0.3071
37942 141 72 0.4646
37942 35 63 0.2835
37977 35 66 0.2441
38013 35 63 0.2441
38048 35 66 0.2441
38083 38 71 0.4646
38083 38 63 0.3071
38119 38 72 0.4252
38119 38 65 0.2598
38154 38 73 0.4882
38154 38 63 0.2835
38190 35 72 0.4488
38190 35 65 0.252
38225 141 68 0.3937
38225 70 77 0.5039
38225 35 62 0.3071
38260 35 65 0.2441
38296 70 70 0.4646
38296 35 62 0.2441
38331 35 65 0.2441
38367 141 67 0.3543
38367 38 69 0.4646
38367 38 61 0.2835
38402 38 70 0.4252
38402 38 65 0.2598
38437 38 72 0.4646
38437 38 61 0.252
38473 35 70 0.4252
38473 35 65 0.252
38508 141 66 0.3543
38508 70 75 0.4646
38508 35 60 0.2835
38544 35 63 0.2441
38579 106 68 0.4646
38579 35 60 0.2441
38614 35 63 0.2441
38650 35 65 0.3858
38650 70 61 0.2835
38685 35 70 0.3937
38685 35 67 0.3543
38721 35 72 0.3858
38721 35 68 0.3543
38721 70 58 0.2598
38756 35 73 0.3858
38756 35 70 0.3543
38791 141 68 0.4094
38791 141 72 0.4409
38791 35 63 0.3228
38827 35 62 0.2835
38862 35 63 0.2835
38898 35 62 0.2835
38933 70 67 0.3543
38933 70 70 0.3937
38933 35 63 0.315
38968 35 58 0.2835
39004 35 55 0.2835
39039 35 51 0.2835
39075 141 80 0.5118
39075 35 53 0.2835
39110 35 60 0.2441
39145 35 56 0.2441
39181 35 60 0.2441
39216 38 79 0.4882
39216 38 56 0.3071
39252 38 77 0.4488
39252 38 65 0.2598
39287 38 75 0.4724
39287 38 58 0.2835
39322 35 74 0.4488
39322 35 65 0.252
39358 141 85 0.5591
39358 35 55 0.3386
39393 35 63 0.2441
39428 35 58 0.2835
39465 35 63 0.2441
39499 38 84 0.5118
39499 38 61 0.3071
39535 38 82 0.4803
39535 38 70 0.2598
39570 38 80 0.4803
39570 38 63 0.252
39605 35 79 0.4331
39605 35 70 0.252
39641 35 80 0.4409
39641 70 60 0.3071
39641 70 68 0.3071
39676 35 72 0.4094
39712 35 70 0.4094
39712 70 61 0.2835
39712 70 65 0.2835
39747 35 77 0.4094
39782 35 75 0.4409
39782 70 51 0.3071
39782 70 60 0.3071
39818 35 68 0.4016
39853 35 73 0.4331
39853 70 51 0.2835
39853 70 58 0.2835
39889 35 67 0.4016
39924 141 70 0.4252
39924 212 56 0.3071
39924 141 61 0.3071
40066 35 68 0.4094
40066 70 60 0.2835
40101 38 70 0.3701
40136 38 71 0.3543
40172 35 72 0.3543
40207 106 64 0.3071
40207 106 67 0.3071
40243 41 72 0.4173
40278 41 73 0.4409
40313 35 72 0.4094
40349 70 65 0.3071
40349 70 68 0.3071
40384 35 72 0.4173
40420 35 84 0.4409
40455 35 72 0.4094
40490 106 62 0.3071
40490 106 65 0.3071
40526 41 70 0.4173
40561 41 71 0.4409
40596 35 70 0.4173
40632 70 63 0.3071
40632 70 67 0.3071
40667 35 70 0.4173
40703 35 82 0.4409
40738 35 70 0.4173
40773 283 60 0.3071
40773 283 63 0.3071
40809 41 69 0.4252
40844 41 70 0.4409
40880 35 69 0.4173
40915 35 75 0.4646
40950 35 69 0.4409
40986 35 78 0.4961
41021 35 69 0.4567
41057 176 70 0.5039
41092 106 58 0.3937
41127 35 62 0.4173
41163 35 65 0.4331
41198 70 66 0.4567
41234 35 69 0.4646
41269 35 78 0.4803
41269 70 63 0.4252
41304 35 69 0.4724
41340 176 70 0.5118
41375 106 58 0.4252
41411 35 62 0.4567
41446 35 65 0.4803
41481 70 66 0.4961
41517 35 69 0.4724
41552 35 78 0.4961
41552 70 63 0.4252
41588 35 69 0.4646
41623 176 70 0.5118
41658 743 58 0.3701
41694 35 62 0.3858
41729 35 65 0.4016
41764 637 68 0.4409
41800 35 74 0.4409
41835 35 77 0.4567
41871 35 80 0.4724
41906 38 83 0.4803
41941 38 84 0.4961
41977 38 86 0.5039
42012 38 84 0.4882
42048 38 82 0.4803
42083 38 80 0.4724
42118 38 79 0.4567
42154 38 77 0.4488
42189 106 75 0.4488
42295 20 77 0.3465
42313 20 75 0.315
42331 70 74 0.378
42472 141 67 0.2677
42472 141 70 0.3858
42472 141 39 0.2126
42472 141 51 0.3071
42614 70 63 0.252
42614 70 67 0.3701
42685 70 58 0.2598
42685 70 65 0.3858
42685 70 46 0.2598
42756 70 55 0.2598
42756 70 63 0.3858
42756 141 51 0.3071
42826 70 58 0.3622
42897 70 63 0.3858
42968 70 62 0.2677
42968 70 65 0.3858
42968 70 46 0.2835
43039 283 63 0.2835
43039 70 67 0.4094
43039 70 51 0.3071
43109 70 68 0.4567
43109 70 48 0.2677
43180 70 70 0.4724
43180 70 43 0.3071
43251 70 72 0.4488
43251 70 44 0.2835
43322 106 67 0.4961
43322 141 63 0.3465
43322 212 46 0.3071
43428 35 68 0.4173
43463 141 62 0.2913
43463 38 65 0.4252
43499 38 67 0.4173
43534 38 68 0.4252
43570 35 69 0.4252
43605 283 70 0.3937
43605 141 82 0.4646
43605 141 67 0.2835
43747 70 79 0.4882
43747 70 63 0.2835
43817 70 77 0.4567
43817 70 58 0.2677
43888 53 70 0.3937
43888 53 75 0.4724
43888 53 55 0.2992
43959 53 74 0.3622
43959 53 77 0.4331
43959 53 58 0.2677
44030 53 75 0.3858
44030 53 79 0.4567
44030 53 63 0.2835
44100 53 75 0.4016
44100 53 80 0.4803
44100 53 60 0.3071
44171 70 82 0.4961
44171 70 75 0.4252
44171 70 55 0.3307
44242 20 83 0.4882
44242 70 65 0.2835
44242 70 56 0.2362
44260 20 84 0.4646
44277 20 80 0.4646
44295 17 77 0.4488
44313 70 75 0.5039
44313 141 58 0.2756
44313 70 67 0.3307
44384 20 79 0.4724
44384 70 68 0.2598
44401 20 77 0.4409
44419 20 76 0.4409
44437 14 77 0.4173
44454 141 74 0.4016
44454 141 77 0.4803
44454 212 63 0.2205
44454 141 68 0.2677
44596 70 75 0.4252
44596 70 67 0.252
44738 106 72 0.4252
44738 35 51 0.2835
44773 35 60 0.2441
44808 35 56 0.2441
44844 35 74 0.4016
44844 35 60 0.2441
44879 70 75 0.4331
44879 35 51 0.2835
44915 35 60 0.2598
44950 70 75 0.4252
44950 35 56 0.252
44985 35 60 0.252
45021 106 75 0.4567
45021 35 51 0.2835
45056 35 58 0.2126
45092 35 55 0.2441
45127 17 74 0.3937
45127 35 58 0.2047
45145 17 72 0.3937
45162 70 70 0.4252
45162 35 51 0.2835
45198 35 58 0.2205
45233 35 55 0.252
45268 35 58 0.2362
45304 106 72 0.4252
45304 35 51 0.2835
45339 35 60 0.2441
45375 35 56 0.2441
45410 35 74 0.4016
45410 35 60 0.2441
45445 35 75 0.4331
45445 35 51 0.2835
45481 35 75 0.3937
45481 35 60 0.2283
45516 35 75 0.4252
45516 35 56 0.252
45552 35 75 0.4016
45552 35 60 0.2362
45587 17 75 0.4331
45587 35 51 0.2835
45605 17 79 0.3937
45622 17 77 0.3937
45622 35 58 0.2441
45640 17 75 0.3937
45658 17 74 0.4331
45658 35 55 0.2835
45676 17 77 0.3937
45693 17 75 0.3937
45693 35 58 0.2441
45711 17 72 0.3937
45729 70 70 0.4331
45729 35 51 0.2835
45764 35 58 0.2362
45799 35 55 0.252
45835 35 58 0.2362
45870 141 60 0.3307
45906 35 79 0.4409
45941 35 80 0.4882
45976 35 84 0.4488
46012 70 76 0.4803
46047 35 62 0.252
46047 35 70 0.252
46083 70 77 0.4724
46083 35 62 0.2835
46083 35 70 0.2835
46118 35 62 0.252
46118 35 70 0.252
46153 141 63 0.2913
46153 141 70 0.2913
46189 35 78 0.4252
46224 35 79 0.4882
46260 35 82 0.4409
46295 70 74 0.4803
46330 35 67 0.252
46330 35 70 0.252
46366 70 75 0.4488
46366 35 67 0.2835
46366 35 70 0.2835
46401 35 67 0.252
46401 35 70 0.252
46436 141 68 0.2913
46436 141 72 0.2913
46472 35 76 0.4252
46507 35 77 0.4882
46543 35 80 0.4409
46578 38 71 0.4646
46613 38 72 0.4252
46649 38 75 0.4646
46649 70 58 0.2835
46649 70 68 0.2835
46684 35 74 0.4252
46720 141 77 0.4488
46720 141 59 0.2992
46720 141 68 0.2992
46861 70 75 0.4094
46861 70 60 0.2835
46861 70 67 0.2835
47003 141 75 0.4252
47003 35 53 0.2992
47038 35 60 0.2441
47074 35 57 0.2835
47109 35 60 0.2441
47144 35 74 0.4252
47144 35 51 0.2992
47180 35 72 0.3937
47180 35 60 0.2598
47215 35 70 0.4252
47215 35 53 0.2835
47251 35 69 0.3937
47251 35 60 0.252
47286 141 80 0.4961
47286 35 50 0.315
47321 35 58 0.2441
47358 35 53 0.2835
47392 35 58 0.2441
47428 35 79 0.4252
47428 35 56 0.315
47463 35 77 0.3937
47463 35 65 0.2598
47498 35 75 0.4252
47498 35 58 0.2835
47534 35 74 0.3937
47534 35 65 0.252
47569 35 75 0.4409
47569 70 63 0.2835
47569 70 55 0.2362
47604 35 67 0.4252
47640 35 65 0.4409
47640 70 60 0.252
47640 70 56 0.2126
47675 35 72 0.3937
47711 35 70 0.4252
47711 70 46 0.2362
47711 70 55 0.2835
47746 35 63 0.3858
47781 35 68 0.4252
47781 70 46 0.2126
47784 70 53 0.252
47817 35 62 0.3858
47852 141 63 0.4331
47852 35 51 0.315
47888 35 55 0.2835
47923 17 58 0.3071
47958 17 58 0.2835
47996 70 58 0.315
48029 35 80 0.3858
48065 35 77 0.4173
48100 35 74 0.3937
48135 141 82 0.4567
48135 35 63 0.2913
48171 35 67 0.2598
48206 17 70 0.2913
48242 17 70 0.2598
48279 70 70 0.2992
48312 35 80 0.3622
48348 35 77 0.3858
48383 35 74 0.3622
48419 141 75 0.4331
48419 35 39 0.2835
48454 35 43 0.2441
48489 17 46 0.2835
48525 17 46 0.2598
48562 70 46 0.2913
48596 35 68 0.3543
48631 35 65 0.3701
48666 35 62 0.3071
48702 283 56 0.2362
48702 283 65 0.2835
48702 283 34 0.1969
48702 283 46 0.2362
48985 70 55 0.1969
48985 70 63 0.2283
48985 70 39 0.2126
