159 22 48 0.3937
182 68 53 0.4252
205 22 60 0.2677
205 22 65 0.2677
205 22 69 0.3228
228 22 60 0.2992
228 22 65 0.2992
228 22 69 0.3543
250 22 57 0.3937
273 68 60 0.4331
296 22 65 0.2756
296 22 69 0.2756
296 22 72 0.3307
319 22 65 0.2992
319 22 69 0.2992
319 22 72 0.3543
342 22 53 0.3937
365 22 58 0.4331
387 22 65 0.2677
387 22 70 0.2677
387 22 74 0.3228
387 22 62 0.3937
410 22 70 0.3071
410 22 74 0.3701
410 22 65 0.4331
433 22 62 0.3937
456 68 60 0.4803
479 22 65 0.2677
479 22 69 0.2677
479 22 72 0.315
501 22 65 0.3228
501 22 69 0.3228
501 22 72 0.3858
524 22 57 0.4094
547 22 58 0.4646
570 22 72 0.3386
570 22 70 0.2835
570 22 64 0.2835
570 22 55 0.3622
593 45 64 0.2992
593 45 70 0.2992
593 45 72 0.3543
593 22 48 0.3465
615 22 58 0.3937
638 22 57 0.4488
661 22 60 0.2677
661 22 65 0.2677
661 22 69 0.3228
661 22 53 0.3543
684 45 60 0.2992
684 45 65 0.2992
684 45 69 0.3543
684 22 48 0.3543
707 22 57 0.3543
730 45 52 0.4252
752 22 60 0.2992
752 22 67 0.3543
775 45 50 0.4331
798 22 65 0.315
798 22 67 0.315
798 22 71 0.378
821 45 48 0.4488
844 22 64 0.3307
844 22 67 0.3307
844 22 72 0.3937
866 45 64 0.3622
866 45 67 0.3622
866 45 72 0.4331
889 22 48 0.3937
912 68 53 0.4252
935 22 60 0.2677
935 22 65 0.2677
935 22 69 0.3228
958 22 60 0.2992
958 22 65 0.2992
958 22 69 0.3543
980 22 57 0.3937
1003 68 60 0.4331
1026 22 65 0.2756
1026 22 69 0.2756
1026 22 72 0.3307
1049 22 65 0.2992
1049 22 69 0.2992
1049 22 72 0.3543
1072 22 53 0.3937
1095 22 58 0.4331
1117 22 65 0.2677
1117 22 70 0.2677
1117 22 74 0.3228
1117 22 62 0.3937
1140 22 70 0.3071
1140 22 74 0.3701
1140 22 65 0.4331
1163 22 62 0.3937
1186 68 60 0.4803
1209 22 65 0.2677
1209 22 69 0.2677
1209 22 72 0.315
1231 22 65 0.3228
1231 22 69 0.3228
1231 22 72 0.3858
1254 22 57 0.4094
1277 22 58 0.4646
1300 22 72 0.3386
1300 22 70 0.2835
1300 22 64 0.2835
1300 22 55 0.3622
1323 45 64 0.2992
1323 45 70 0.2992
1323 45 72 0.3543
1323 22 48 0.3465
1346 22 58 0.3937
1368 22 57 0.4488
1391 22 60 0.2677
1391 22 65 0.2677
1391 22 69 0.3228
1391 22 53 0.3543
1414 45 60 0.2992
1414 45 65 0.2992
1414 45 69 0.3543
1414 22 48 0.3543
1437 22 57 0.3543
1460 45 52 0.4252
1482 22 60 0.3543
1482 22 67 0.3543
1505 45 50 0.4331
1528 22 65 0.315
1528 22 67 0.315
1528 22 71 0.378
1551 45 48 0.4488
1574 22 64 0.3307
1574 22 67 0.3307
1574 22 72 0.3937
1596 22 64 0.3622
1596 22 67 0.3622
1596 22 72 0.4331
1619 22 60 0.4488
1619 22 48 0.3937
1642 68 70 0.4882
1642 68 55 0.4252
1665 22 60 0.2677
1665 22 64 0.3228
1688 22 60 0.2992
1688 22 64 0.3543
1711 22 69 0.4488
1711 22 53 0.3937
1733 68 67 0.4961
1733 68 52 0.4331
1756 22 58 0.2756
1756 22 60 0.3307
1779 22 58 0.2992
1779 22 60 0.3543
1802 22 60 0.4488
1802 22 48 0.3937
1825 22 70 0.4961
1825 22 55 0.4331
1847 22 60 0.378
1847 22 69 0.4488
1847 22 53 0.3307
1870 22 60 0.4173
1870 22 67 0.4961
1870 22 52 0.3622
1893 22 59 0.378
1893 22 65 0.4488
1893 22 50 0.3307
1916 68 67 0.5512
1916 68 48 0.4803
1939 22 60 0.315
1961 22 60 0.3858
1984 22 60 0.4488
1984 22 48 0.3937
2007 68 65 0.4882
2007 68 53 0.4252
2030 22 57 0.2677
2030 22 60 0.3228
2053 22 57 0.2992
2053 22 60 0.3543
2076 22 69 0.4488
2076 22 57 0.3937
2098 68 72 0.4961
2098 68 60 0.4331
2121 22 65 0.2756
2121 22 69 0.3307
2144 22 65 0.2992
2144 22 69 0.3543
2167 22 65 0.4488
2167 22 53 0.3937
2190 22 70 0.4961
2190 22 58 0.4331
2212 22 74 0.4488
2212 22 65 0.2677
2212 22 70 0.2677
2212 22 62 0.3937
2235 22 77 0.4331
2235 22 65 0.4331
2258 22 74 0.4488
2258 22 70 0.3071
2258 22 65 0.3071
2258 22 62 0.3937
2281 68 72 0.5512
2281 68 60 0.4803
2304 22 65 0.2677
2304 22 69 0.315
2326 22 65 0.3228
2326 22 69 0.3858
2349 22 57 0.4094
2372 22 58 0.4646
2395 22 72 0.3386
2395 22 70 0.2835
2395 22 64 0.2835
2395 22 55 0.3622
2418 45 64 0.2992
2418 45 70 0.2992
2418 45 72 0.3543
2418 22 48 0.3465
2441 22 58 0.3937
2463 22 57 0.4488
2486 22 60 0.2677
2486 22 65 0.2677
2486 22 69 0.3228
2486 22 53 0.3543
2509 22 60 0.2992
2509 22 65 0.2992
2509 22 69 0.3543
2509 22 48 0.3543
2532 22 60 0.2992
2532 22 65 0.2992
2532 22 69 0.3543
2532 22 57 0.3543
2555 45 46 0.4252
2555 45 55 0.4252
2577 22 62 0.2992
2577 22 67 0.3543
2600 45 48 0.4331
2600 45 52 0.4331
2623 22 58 0.315
2623 22 60 0.378
2646 45 53 0.4488
2669 22 57 0.3307
2669 22 60 0.3307
2669 22 65 0.3937
2692 22 57 0.3622
2692 22 60 0.3622
2692 22 65 0.4331
2714 22 60 0.4488
2714 22 48 0.3937
2737 68 70 0.4882
2737 68 55 0.4252
2760 22 60 0.2677
2760 22 64 0.3228
2783 22 60 0.2992
2783 22 64 0.3543
2806 22 69 0.4488
2806 22 53 0.3937
2828 68 67 0.4961
2828 68 52 0.4331
2851 22 58 0.2756
2851 22 60 0.3307
2874 22 58 0.2992
2874 22 60 0.3543
2897 22 60 0.4488
2897 22 48 0.3937
2920 22 70 0.4961
2920 22 55 0.4331
2942 22 60 0.378
2942 22 69 0.4488
2942 22 53 0.3307
2965 22 60 0.4173
2965 22 67 0.4961
2965 22 52 0.3622
2988 22 59 0.378
2988 22 65 0.4488
2988 22 50 0.3307
3011 68 67 0.5512
3011 68 48 0.4803
3034 22 60 0.315
3057 22 60 0.3858
3079 22 60 0.4488
3079 22 48 0.3937
3102 68 65 0.4882
3102 68 53 0.4252
3125 22 57 0.2677
3125 22 60 0.3228
3148 22 57 0.2992
3148 22 60 0.3543
3171 22 69 0.4488
3171 22 57 0.3937
3193 68 72 0.4961
3193 68 60 0.4331
3216 22 65 0.2756
3216 22 69 0.3307
3239 22 65 0.2992
3239 22 69 0.3543
3262 22 65 0.4488
3262 22 53 0.3937
3285 22 70 0.4961
3285 22 58 0.4331
3307 22 74 0.4488
3307 22 65 0.2677
3307 22 70 0.2677
3307 22 62 0.3937
3330 22 77 0.4331
3330 22 65 0.4331
3353 22 74 0.4488
3353 22 70 0.3071
3353 22 65 0.3071
3353 22 62 0.3937
3376 68 72 0.5512
3376 68 60 0.4803
3399 22 65 0.2677
3399 22 69 0.315
3422 22 65 0.3228
3422 22 69 0.3858
3444 22 57 0.4094
3467 22 58 0.4646
3490 22 72 0.3386
3490 22 70 0.2835
3490 22 64 0.2835
3490 22 55 0.3622
3513 45 64 0.2992
3513 45 70 0.2992
3513 45 72 0.3543
3513 22 48 0.3465
3536 22 58 0.3937
3558 22 57 0.4488
3581 22 60 0.2677
3581 22 65 0.2677
3581 22 69 0.3228
3581 22 53 0.3543
3604 22 60 0.2992
3604 22 65 0.2992
3604 22 69 0.3543
3604 22 48 0.3543
3627 22 60 0.2992
3627 22 65 0.2992
3627 22 69 0.3543
3627 22 57 0.3543
3650 45 46 0.4252
3650 45 55 0.4252
3673 22 62 0.2992
3673 22 67 0.3543
3695 45 48 0.4331
3695 45 52 0.4331
3718 22 58 0.315
3718 22 60 0.378
3741 45 53 0.4488
3764 22 57 0.3307
3764 22 60 0.3307
3764 22 65 0.3937
3787 22 57 0.3622
3787 22 60 0.3622
3787 22 65 0.4331
