0 41 36 0.5591
0 41 48 0.6614
41 7 36 0.5276
41 7 48 0.622
61 7 36 0.5276
61 7 48 0.622
82 41 36 0.5276
82 41 48 0.622
123 7 36 0.5354
123 7 48 0.6299
144 7 36 0.5433
144 7 48 0.6378
164 7 37 0.5984
164 7 49 0.7087
206 61 38 0.5906
206 61 50 0.7008
268 7 40 0.5354
268 7 52 0.6299
288 7 41 0.5276
288 7 53 0.622
309 7 40 0.5354
309 7 52 0.6299
329 41 38 0.5591
329 41 50 0.6614
371 7 38 0.5591
371 7 50 0.6614
391 7 38 0.5354
391 7 50 0.6299
412 41 38 0.5354
412 41 50 0.6299
453 7 38 0.5433
453 7 50 0.6378
474 7 38 0.5433
474 7 50 0.6378
494 7 39 0.5984
494 7 51 0.7087
536 61 40 0.5906
536 61 52 0.7008
597 7 42 0.6299
597 7 54 0.6299
618 7 43 0.5354
618 7 55 0.6299
639 7 45 0.5433
639 7 57 0.6457
659 41 46 0.6142
659 41 58 0.7323
701 7 46 0.5591
701 7 58 0.6614
721 7 46 0.5591
721 7 58 0.6614
742 61 37 0.622
742 61 49 0.7402
804 7 37 0.5748
804 7 49 0.6772
824 41 45 0.622
824 41 57 0.7402
865 7 45 0.5591
865 7 57 0.6614
886 7 45 0.5669
886 7 57 0.6693
907 61 36 0.622
907 61 48 0.7402
969 7 36 0.5669
969 7 48 0.6693
989 7 35 0.5669
989 7 47 0.6693
1010 7 38 0.5669
1010 7 50 0.6772
1030 7 43 0.5906
1030 7 55 0.7087
1051 7 41 0.5669
1051 7 53 0.6693
1072 7 40 0.5748
1072 7 52 0.6772
1092 7 36 0.5512
1092 7 48 0.6457
1113 7 35 0.5512
1113 7 47 0.6457
1134 7 33 0.5433
1134 7 45 0.6378
1154 41 41 0.5591
1154 41 53 0.6614
1195 41 40 0.5433
1195 41 52 0.6378
1237 82 38 0.5591
1237 82 50 0.6614
1319 41 55 0.5591
1319 41 67 0.6614
1319 103 36 0.5118
1319 103 48 0.6063
1360 7 55 0.5276
1360 7 67 0.622
1381 7 55 0.5276
1381 7 67 0.622
1402 41 55 0.5276
1402 41 67 0.622
1422 7 38 0.4803
1422 7 50 0.5748
1443 7 55 0.5354
1443 7 67 0.6299
1443 7 40 0.4803
1443 7 52 0.5748
1463 7 55 0.5433
1463 7 67 0.6378
1463 7 41 0.4803
1463 7 53 0.5748
1484 7 56 0.5984
1484 7 68 0.7087
1484 7 40 0.5118
1484 7 52 0.6063
1505 7 38 0.4961
1505 7 50 0.5827
1525 61 57 0.5906
1525 61 69 0.7008
1525 7 36 0.4961
1525 7 48 0.5827
1546 7 35 0.4961
1546 7 47 0.5827
1567 61 33 0.5276
1567 61 45 0.622
1587 7 59 0.5354
1587 7 71 0.6299
1608 7 60 0.5276
1608 7 72 0.622
1628 7 59 0.5354
1628 7 71 0.6299
1628 7 40 0.5039
1628 7 52 0.5906
1649 41 57 0.5591
1649 41 69 0.6614
1649 103 41 0.5118
1649 103 53 0.6063
1690 7 57 0.5591
1690 7 69 0.6614
1711 7 57 0.5354
1711 7 69 0.6299
1731 41 57 0.5354
1731 41 69 0.6299
1752 7 40 0.4803
1752 7 52 0.5748
1773 7 57 0.5433
1773 7 69 0.6378
1773 7 41 0.4803
1773 7 53 0.5748
1793 7 57 0.5433
1793 7 69 0.6378
1793 7 43 0.4803
1793 7 55 0.5748
1814 7 58 0.5984
1814 7 70 0.7087
1814 7 42 0.5118
1814 7 54 0.6063
1835 7 40 0.4961
1835 7 52 0.5827
1855 61 59 0.5906
1855 61 71 0.7008
1855 7 38 0.4961
1855 7 50 0.5827
1876 7 37 0.4961
1876 7 49 0.5827
1896 61 35 0.5276
1896 61 47 0.622
1917 7 61 0.5984
1917 7 73 0.5984
1938 7 62 0.4961
1938 7 74 0.5906
1958 7 64 0.5039
1958 7 76 0.5984
1958 7 33 0.4646
1958 7 45 0.5591
1979 41 65 0.5669
1979 41 77 0.6693
1979 7 32 0.4724
1979 7 44 0.5748
1999 7 35 0.4488
1999 7 47 0.5354
2020 7 65 0.5039
2020 7 77 0.5984
2020 7 32 0.4724
2020 7 44 0.5748
2041 7 65 0.5039
2041 7 77 0.5984
2041 7 35 0.4331
2041 7 47 0.5197
2061 61 56 0.5984
2061 61 68 0.7087
2061 7 41 0.5118
2061 7 53 0.6063
2082 61 41 0.5039
2082 61 53 0.5906
2123 7 56 0.5512
2123 7 68 0.6457
2144 41 64 0.5669
2144 41 76 0.6693
2144 7 31 0.4724
2144 7 43 0.5748
2164 7 34 0.4488
2164 7 46 0.5354
2185 7 64 0.5039
2185 7 76 0.5984
2185 7 31 0.4724
2185 7 43 0.5748
2206 7 64 0.5118
2206 7 76 0.6063
2206 7 34 0.4331
2206 7 46 0.5197
2226 61 55 0.5984
2226 61 67 0.7087
2226 7 40 0.5118
2226 7 52 0.6063
2247 61 40 0.5039
2247 61 52 0.5906
2288 7 55 0.5433
2288 7 67 0.6378
2309 7 54 0.5433
2309 7 66 0.6378
2309 41 38 0.5039
2309 41 50 0.5906
2329 7 57 0.5512
2329 7 69 0.6457
2350 7 62 0.5748
2350 7 74 0.685
2350 41 30 0.4646
2350 41 42 0.5591
2371 7 60 0.5512
2371 7 72 0.6457
2391 7 59 0.5591
2391 7 71 0.6614
2391 7 31 0.4567
2391 7 43 0.5433
2412 7 55 0.5433
2412 7 67 0.6378
2412 7 33 0.4646
2412 7 45 0.5591
2432 7 54 0.5433
2432 7 66 0.6378
2432 7 35 0.4803
2432 7 47 0.5748
2453 7 52 0.5433
2453 7 64 0.6378
2453 7 36 0.5039
2453 7 48 0.5906
2474 41 60 0.5591
2474 41 72 0.6614
2474 7 38 0.5118
2474 7 50 0.6063
2494 7 42 0.5039
2494 7 54 0.5906
2515 41 59 0.5433
2515 41 71 0.6378
2515 82 43 0.5118
2515 82 55 0.5984
2556 82 57 0.5591
2556 82 69 0.6614
2597 41 42 0.5039
2597 41 54 0.5906
2639 7 59 0.5433
2639 7 71 0.6378
2639 41 41 0.5039
2639 41 53 0.5906
2659 7 55 0.5039
2659 7 67 0.5906
2680 82 60 0.5354
2680 82 72 0.6299
2680 41 40 0.4961
2680 41 52 0.5827
2721 82 38 0.4724
2721 82 50 0.5669
2762 41 59 0.5118
2762 41 71 0.6063
2804 41 60 0.5591
2804 41 72 0.6614
2804 103 48 0.5118
2804 103 52 0.6063
2845 7 60 0.5276
2845 7 72 0.622
2865 7 60 0.5276
2865 7 72 0.622
2886 41 60 0.5276
2886 41 72 0.622
2907 7 52 0.4803
2907 7 55 0.5748
2927 7 60 0.5354
2927 7 72 0.6299
2927 7 53 0.4803
2927 7 57 0.5748
2948 7 60 0.5433
2948 7 72 0.6378
2948 7 55 0.4803
2948 7 58 0.5748
2969 7 61 0.5984
2969 7 73 0.7087
2969 7 53 0.5118
2969 7 57 0.6063
2989 7 52 0.4961
2989 7 55 0.5827
3010 61 62 0.5906
3010 61 74 0.7008
3010 7 50 0.4961
3010 7 53 0.5827
3030 7 45 0.4961
3030 7 52 0.5827
3051 61 41 0.5276
3051 61 50 0.622
3072 7 64 0.5354
3072 7 76 0.6299
3092 7 65 0.5276
3092 7 77 0.622
3113 7 64 0.5354
3113 7 76 0.6299
3113 7 45 0.5039
3113 7 49 0.5906
3134 41 62 0.5591
3134 41 74 0.6614
3134 103 46 0.5118
3134 103 50 0.6063
3175 7 62 0.5591
3175 7 74 0.6614
3195 7 62 0.5354
3195 7 74 0.6299
3216 41 62 0.5354
3216 41 74 0.6299
3237 7 50 0.4803
3237 7 58 0.5748
3257 7 62 0.5433
3257 7 74 0.6378
3257 7 58 0.4803
3257 7 62 0.5748
3278 7 62 0.5433
3278 7 74 0.6378
3278 7 57 0.4803
3278 7 60 0.5748
3298 7 63 0.5984
3298 7 75 0.7087
3298 7 55 0.5118
3298 7 59 0.6063
3319 7 54 0.4961
3319 7 57 0.5827
3340 61 64 0.5906
3340 61 76 0.7008
3340 7 52 0.4961
3340 7 55 0.5827
3360 7 47 0.4961
3360 7 54 0.5827
3381 61 43 0.5276
3381 61 52 0.622
3402 7 66 0.5669
3402 7 78 0.5669
3422 7 67 0.4646
3422 7 79 0.5591
3443 7 69 0.4724
3443 7 81 0.5669
3443 7 41 0.4409
3443 7 50 0.5276
3463 41 70 0.5354
3463 41 82 0.6299
3463 7 40 0.4488
3463 7 49 0.5433
3484 7 43 0.4252
3484 7 52 0.5118
3505 7 70 0.4724
3505 7 82 0.5669
3505 7 40 0.4488
3505 7 49 0.5433
3525 7 70 0.4724
3525 7 82 0.5669
3525 7 43 0.4094
3525 7 52 0.4961
3546 61 61 0.5591
3546 61 73 0.6614
3546 7 55 0.4646
3546 7 58 0.5669
3567 61 55 0.4567
3567 61 58 0.5512
3608 7 61 0.5197
3608 7 73 0.6063
3628 41 69 0.5354
3628 41 81 0.6299
3628 7 39 0.4488
3628 7 48 0.5433
3649 7 42 0.4252
3649 7 51 0.5118
3670 7 69 0.4724
3670 7 81 0.5669
3670 7 39 0.4488
3670 7 48 0.5433
3690 7 69 0.4803
3690 7 81 0.5748
3690 7 42 0.4094
3690 7 51 0.4961
3711 61 60 0.5591
3711 61 72 0.6614
3711 7 54 0.4646
3711 7 57 0.5669
3731 61 54 0.4567
3731 61 57 0.5512
3773 7 60 0.4803
3773 7 72 0.5748
3793 7 59 0.4961
3793 7 71 0.5748
3793 41 55 0.5591
3814 7 62 0.5039
3814 7 74 0.5906
3835 7 67 0.5354
3835 7 79 0.6299
3835 41 47 0.4331
3835 41 50 0.5197
3855 7 65 0.5118
3855 7 77 0.6063
3876 7 64 0.5276
3876 7 76 0.622
3876 7 48 0.4331
3876 7 52 0.5118
3896 7 60 0.5197
3896 7 72 0.6063
3896 7 50 0.4409
3896 7 53 0.5354
3917 7 59 0.5276
3917 7 71 0.6142
3917 7 52 0.4646
3917 7 55 0.5512
3938 7 57 0.5276
3938 7 69 0.622
3938 7 53 0.4803
3938 7 57 0.5748
3958 41 65 0.5591
3958 41 77 0.6614
3958 41 50 0.5118
3958 7 55 0.6063
3979 7 59 0.5906
3999 41 64 0.5433
3999 41 76 0.6378
3999 7 48 0.6063
3999 82 60 0.5984
4020 7 52 0.5906
4041 82 62 0.5591
4041 82 74 0.6614
4041 82 55 0.5118
4082 41 59 0.5906
4123 103 76 0.5827
4123 103 72 0.5827
4123 103 84 0.7008
4123 41 36 0.6378
4123 41 48 0.7559
4164 7 36 0.6063
4164 7 48 0.7165
4185 7 36 0.6063
4185 7 48 0.7165
4206 41 36 0.6063
4206 41 48 0.7165
4226 7 67 0.5512
4226 7 76 0.5512
4226 7 79 0.6614
4247 7 69 0.5512
4247 7 77 0.5512
4247 7 81 0.6614
4247 7 36 0.6142
4247 7 48 0.7244
4268 7 70 0.5512
4268 7 79 0.5512
4268 7 82 0.6614
4268 7 36 0.622
4268 7 48 0.7323
4288 7 69 0.5827
4288 7 77 0.5827
4288 7 81 0.7008
4288 7 37 0.6693
4288 7 49 0.7874
4309 7 67 0.5512
4309 7 76 0.5512
4309 7 79 0.6535
4329 7 65 0.5512
4329 7 74 0.5512
4329 7 77 0.6535
4329 61 38 0.6378
4329 61 50 0.7795
4350 7 64 0.5512
4350 7 69 0.5512
4350 7 76 0.6535
4371 61 62 0.5906
4371 61 65 0.5906
4371 61 74 0.7008
4391 7 40 0.6142
4391 7 52 0.7244
4412 7 41 0.6063
4412 7 53 0.7165
4432 7 73 0.5748
4432 7 76 0.5748
4432 7 85 0.6772
4432 7 40 0.6142
4432 7 52 0.7244
4453 103 74 0.5827
4453 103 77 0.5827
4453 103 86 0.7008
4453 41 38 0.6378
4453 41 50 0.7559
4494 7 38 0.6378
4494 7 50 0.7559
4515 7 38 0.6142
4515 7 50 0.7244
4536 41 38 0.6142
4536 41 50 0.7244
4556 7 69 0.5512
4556 7 77 0.5512
4556 7 81 0.6614
4577 7 79 0.5512
4577 7 71 0.5512
4577 7 83 0.6614
4577 7 38 0.622
4577 7 50 0.7323
4597 7 72 0.5512
4597 7 81 0.5512
4597 7 84 0.6614
4597 7 38 0.622
4597 7 50 0.7323
4618 7 71 0.5827
4618 7 79 0.5827
4618 7 83 0.7008
4618 7 39 0.6693
4618 7 51 0.7874
4639 7 69 0.5512
4639 7 78 0.5512
4639 7 81 0.6535
4659 7 67 0.5512
4659 7 76 0.5512
4659 7 79 0.6535
4659 61 40 0.6299
4659 61 52 0.7795
4680 7 66 0.5512
4680 7 71 0.5512
4680 7 78 0.6535
4701 61 64 0.5906
4701 61 67 0.5906
4701 61 76 0.7008
4721 7 42 0.7244
4721 7 54 0.7244
4742 7 43 0.6063
4742 7 55 0.7165
4762 7 62 0.5748
4762 7 65 0.5748
4762 7 74 0.6772
4762 7 45 0.6142
4762 7 57 0.7244
4783 7 61 0.5827
4783 7 64 0.5827
4783 7 73 0.7008
4783 41 46 0.685
4783 41 58 0.811
4804 7 64 0.5433
4804 7 67 0.5433
4804 7 76 0.6457
4824 7 61 0.5827
4824 7 64 0.5827
4824 7 73 0.7008
4824 7 46 0.6142
4824 7 58 0.7244
4845 7 64 0.5276
4845 7 67 0.5276
4845 7 76 0.6299
4845 7 46 0.6142
4845 7 58 0.7244
4865 7 70 0.5827
4865 7 79 0.5827
4865 7 82 0.7008
4865 61 37 0.6693
4865 61 49 0.7874
4886 61 70 0.5748
4886 61 79 0.5748
4886 61 82 0.6772
4927 7 37 0.6299
4927 7 49 0.7402
4948 7 60 0.5669
4948 7 63 0.5669
4948 7 72 0.685
4948 41 45 0.6693
4948 41 57 0.7874
4969 7 63 0.5276
4969 7 66 0.5276
4969 7 75 0.6299
4989 7 60 0.5669
4989 7 63 0.5669
4989 7 72 0.685
4989 7 45 0.5984
4989 7 57 0.7087
5010 7 63 0.5118
5010 7 66 0.5118
5010 7 75 0.6142
5010 7 45 0.6063
5010 7 57 0.7165
5030 7 69 0.5669
5030 7 78 0.5669
5030 7 81 0.685
5030 61 36 0.6535
5030 61 48 0.7717
5051 61 69 0.5591
5051 61 78 0.5591
5051 61 81 0.6614
5092 7 36 0.6063
5092 7 48 0.7165
5113 41 67 0.6614
5113 41 79 0.7087
5113 7 35 0.622
5113 7 47 0.7323
5134 7 38 0.6299
5134 7 50 0.7402
5154 41 62 0.5354
5154 41 71 0.5354
5154 41 74 0.6378
5154 7 43 0.6614
5154 7 55 0.7874
5175 7 41 0.6299
5175 7 53 0.7402
5195 7 64 0.5276
5195 7 72 0.5276
5195 7 76 0.622
5195 7 40 0.6378
5195 7 52 0.7559
5216 7 65 0.5354
5216 7 74 0.5354
5216 7 77 0.6378
5216 7 36 0.622
5216 7 48 0.7323
5237 7 67 0.5512
5237 7 76 0.5512
5237 7 79 0.6614
5237 7 35 0.622
5237 7 47 0.7323
5257 7 69 0.5748
5257 7 77 0.5748
5257 7 81 0.6772
5257 7 33 0.622
5257 7 45 0.7323
5278 41 71 0.5827
5278 41 74 0.5827
5278 41 79 0.7008
5278 41 41 0.6378
5278 41 53 0.7559
5319 41 72 0.5827
5319 41 79 0.5827
5319 41 84 0.6929
5319 41 40 0.622
5319 41 52 0.7323
5360 41 83 0.6457
5360 82 77 0.6457
5360 82 89 0.7638
5360 82 38 0.6378
5360 82 50 0.7559
5402 41 83 0.7402
5443 41 49 0.6299
5443 41 61 0.7559
5453 10 67 0.5827
5463 10 70 0.5906
5474 10 73 0.5906
5484 12 76 0.5984
5484 10 49 0.6063
5484 10 61 0.7244
5494 12 79 0.6063
5505 12 82 0.6142
5505 10 49 0.5827
5505 10 61 0.6929
5515 12 85 0.622
5525 10 91 0.622
5525 82 40 0.6063
5525 82 52 0.7244
5536 10 88 0.6142
5546 10 85 0.6063
5556 10 82 0.5984
5567 10 79 0.5906
5577 10 76 0.5827
5587 10 73 0.5748
5597 10 70 0.5669
5608 41 62 0.7559
5608 41 50 0.6299
5618 10 67 0.5827
5628 10 71 0.5906
5639 10 77 0.5906
5649 12 79 0.5984
5649 10 50 0.6063
5649 10 62 0.7244
5659 12 83 0.6063
5670 12 89 0.6142
5670 10 50 0.5827
5670 10 62 0.6929
5680 12 83 0.622
5690 10 91 0.622
5690 82 41 0.6063
5690 82 53 0.7244
5701 10 86 0.6142
5711 10 83 0.6063
5721 10 79 0.5984
5731 10 74 0.5906
5742 10 71 0.5827
5752 10 67 0.5748
5762 10 71 0.5669
5773 41 49 0.6299
5773 41 61 0.7559
5783 10 67 0.5827
5793 10 70 0.5906
5804 10 73 0.5906
5814 12 76 0.5984
5814 10 49 0.6063
5814 10 61 0.7244
5824 12 79 0.6063
5835 12 82 0.6142
5835 10 49 0.5827
5835 10 61 0.6929
5845 12 85 0.622
5855 10 91 0.622
5855 82 40 0.6063
5855 82 52 0.7244
5865 10 88 0.6142
5876 10 85 0.6063
5886 10 82 0.5984
5896 10 79 0.5906
5907 10 76 0.5827
5917 10 73 0.5748
5927 10 70 0.5669
5938 41 62 0.7559
5938 41 50 0.6299
5948 10 67 0.5827
5958 10 71 0.5906
5969 10 77 0.5906
5979 12 79 0.5984
5979 7 50 0.6063
5979 7 62 0.7244
5989 12 83 0.6063
5999 12 89 0.6142
5999 7 50 0.5827
5999 7 62 0.6929
6010 12 83 0.622
6020 10 91 0.622
6020 82 41 0.6063
6020 82 53 0.7244
6030 10 86 0.6142
6041 10 83 0.6063
6051 10 79 0.5984
6061 10 74 0.5906
6072 10 71 0.5827
6082 10 67 0.5748
6092 10 71 0.5669
6103 12 73 0.5591
6103 41 40 0.4567
6103 41 52 0.5433
6113 12 79 0.5118
6123 12 82 0.5118
6134 12 85 0.5118
6144 12 74 0.5827
6144 41 38 0.4882
6144 41 50 0.5748
6154 12 79 0.5512
6164 12 83 0.5512
6175 12 86 0.5512
6185 12 76 0.622
6185 41 37 0.5197
6185 41 49 0.622
6195 12 79 0.5669
6206 12 82 0.5669
6216 12 88 0.5669
6226 12 78 0.6535
6226 41 38 0.5512
6226 41 50 0.6614
6237 12 81 0.5748
6247 12 84 0.5748
6257 12 90 0.5748
6268 41 59 0.6929
6268 41 55 0.5827
6278 10 67 0.5827
6288 10 71 0.5906
6298 10 76 0.5906
6309 10 79 0.5984
6309 20 55 0.5827
6309 20 59 0.6929
6319 10 83 0.6063
6329 10 88 0.6142
6329 20 55 0.5591
6329 20 59 0.6614
6340 10 91 0.622
6350 10 95 0.622
6350 82 43 0.5827
6350 82 52 0.6929
6360 10 91 0.6142
6371 10 88 0.6063
6381 10 83 0.5984
6391 10 79 0.5906
6402 10 76 0.5827
6412 10 71 0.5748
6422 10 67 0.5669
6432 41 59 0.6929
6432 41 55 0.5827
6443 10 67 0.5827
6453 10 71 0.5906
6463 10 75 0.5906
6474 10 79 0.5984
6474 20 55 0.5827
6474 20 59 0.6929
6484 10 83 0.6063
6494 10 87 0.6142
6494 20 55 0.5591
6494 20 59 0.6614
6505 10 91 0.622
6515 10 95 0.622
6515 82 43 0.5827
6515 82 51 0.6929
6525 10 91 0.6142
6536 10 87 0.6063
6546 10 83 0.5984
6556 10 79 0.5906
6567 10 75 0.5827
6577 10 71 0.5748
6587 10 67 0.5669
6597 41 59 0.6929
6597 41 55 0.5827
6608 10 67 0.5827
6618 10 71 0.5906
6628 10 76 0.5906
6639 10 79 0.5984
6639 20 55 0.5827
6639 20 59 0.6929
6649 10 83 0.6063
6659 10 88 0.6142
6659 20 55 0.5591
6659 20 59 0.6614
6670 10 91 0.622
6680 10 95 0.622
6680 82 43 0.5827
6680 82 52 0.6929
6690 10 91 0.6142
6701 10 88 0.6063
6711 10 83 0.5984
6721 10 79 0.5906
6731 10 76 0.5827
6742 10 71 0.5748
6752 10 67 0.5669
6762 41 59 0.7244
6762 41 55 0.6063
6773 10 67 0.6063
6783 10 71 0.6142
6793 10 74 0.6142
6804 10 77 0.622
6804 20 55 0.6063
6804 20 59 0.7244
6814 10 83 0.6299
6824 10 86 0.6378
6824 20 55 0.5827
6824 20 59 0.6929
6835 10 89 0.6457
6845 10 95 0.6457
6845 82 43 0.6063
6845 82 53 0.7244
6855 10 89 0.6378
6865 10 86 0.6299
6876 10 83 0.622
6886 10 77 0.6142
6896 10 74 0.6063
6907 10 71 0.5984
6917 10 65 0.5906
6927 10 77 0.6299
6927 41 43 0.5591
6927 41 55 0.6614
6938 10 83 0.5748
6948 10 86 0.5748
6958 10 89 0.5748
6969 10 78 0.6142
6969 41 42 0.5039
6969 41 54 0.6063
6979 10 83 0.5827
6989 10 86 0.5827
6999 10 90 0.5906
7010 10 80 0.6693
7010 41 41 0.6063
7010 41 53 0.7087
7020 10 83 0.6142
7030 10 86 0.622
7041 10 92 0.622
7051 10 82 0.7165
7051 41 42 0.5669
7051 41 54 0.6772
7061 10 85 0.6378
7072 10 88 0.6378
7082 10 94 0.6378
7092 41 74 0.6063
7092 41 78 0.6063
7092 41 83 0.6063
7092 41 86 0.7244
7092 10 47 0.6142
7103 10 59 0.5354
7113 10 62 0.5433
7123 10 59 0.5433
7134 20 74 0.6063
7134 20 78 0.6063
7134 20 83 0.6063
7134 20 86 0.7244
7134 10 54 0.622
7144 10 59 0.5591
7154 20 74 0.5827
7154 20 78 0.5827
7154 20 83 0.5827
7154 20 86 0.6929
7154 10 50 0.5906
7164 10 54 0.5591
7175 82 78 0.6063
7175 82 82 0.6063
7175 82 85 0.6063
7175 82 90 0.7244
7175 10 42 0.6142
7185 10 54 0.5354
7195 10 58 0.5748
7206 10 54 0.5276
7216 10 49 0.5827
7226 10 54 0.5118
7237 10 46 0.5591
7247 10 49 0.5118
7257 41 73 0.6063
7257 41 76 0.6063
7257 41 81 0.6063
7257 41 85 0.7244
7257 10 45 0.6142
7268 10 57 0.5354
7278 10 61 0.5433
7288 10 57 0.5433
7298 20 73 0.6063
7298 20 76 0.6063
7298 20 81 0.6063
7298 20 85 0.7244
7298 10 52 0.622
7309 10 57 0.5591
7319 20 73 0.5827
7319 20 76 0.5827
7319 20 81 0.5827
7319 20 85 0.6929
7319 10 49 0.5906
7329 10 52 0.5591
7340 82 76 0.6063
7340 82 80 0.6063
7340 82 83 0.6063
7340 82 88 0.7244
7340 10 40 0.6142
7350 10 52 0.5354
7360 10 56 0.5748
7371 10 52 0.5276
7381 10 47 0.5827
7391 10 52 0.5118
7402 10 44 0.5591
7412 10 47 0.5118
7422 41 71 0.5512
7422 41 74 0.5512
7422 41 79 0.5512
7422 41 83 0.6535
7422 10 43 0.5591
7432 10 55 0.4803
7443 10 59 0.4882
7453 10 55 0.4882
7463 20 71 0.5433
7463 20 74 0.5433
7463 20 79 0.5433
7463 20 83 0.6457
7463 10 50 0.5591
7474 10 55 0.4961
7484 20 71 0.5197
7484 20 74 0.5197
7484 20 79 0.5197
7484 20 83 0.6142
7484 10 47 0.5197
7494 10 50 0.4882
7505 41 74 0.5354
7505 41 78 0.5354
7505 41 81 0.5354
7505 41 86 0.6299
7505 10 38 0.5433
7515 10 50 0.4646
7525 10 54 0.4567
7536 10 57 0.4488
7546 41 71 0.4961
7546 41 74 0.4961
7546 41 79 0.4961
7546 41 83 0.5984
7546 10 43 0.4961
7556 10 47 0.4331
7567 10 55 0.4331
7577 10 59 0.4252
7587 41 69 0.5118
7587 41 74 0.5118
7587 41 79 0.5118
7587 41 81 0.6063
7587 10 38 0.5197
7597 10 50 0.4488
7608 10 55 0.4488
7618 10 57 0.4488
7628 41 69 0.4961
7628 41 74 0.4961
7628 41 78 0.4961
7628 41 81 0.5906
7628 10 38 0.5118
7639 10 50 0.4567
7649 10 54 0.4803
7659 10 57 0.4488
7670 82 71 0.4882
7670 82 74 0.4882
7670 82 79 0.4882
7670 82 83 0.5748
7670 10 31 0.4961
7680 10 43 0.4252
7690 10 47 0.4173
7701 10 50 0.4173
7711 10 55 0.4567
7721 10 50 0.3937
7731 10 47 0.3937
7742 10 43 0.3937
7752 41 71 0.4882
7752 41 74 0.4882
7752 41 79 0.4882
7752 41 83 0.5827
7752 10 31 0.4961
7762 10 55 0.4331
7773 10 59 0.4409
7783 10 55 0.4409
7793 20 71 0.4882
7793 20 74 0.4882
7793 20 79 0.4882
7793 20 83 0.5827
7793 10 50 0.5039
7804 10 55 0.4488
7814 20 71 0.4724
7814 20 74 0.4724
7814 20 79 0.4724
7814 20 83 0.5591
7814 10 47 0.4803
7824 10 50 0.4488
7835 82 74 0.4882
7835 82 78 0.4882
7835 82 81 0.4882
7835 82 86 0.5827
7835 10 38 0.4961
7845 10 50 0.4331
7855 10 54 0.4646
7865 10 50 0.4252
7876 10 45 0.4724
7886 10 50 0.4094
7896 10 42 0.4488
7907 10 45 0.4094
7917 41 69 0.4882
7917 41 72 0.4882
7917 41 77 0.4882
7917 41 81 0.5827
7917 10 41 0.4961
7927 10 53 0.4331
7938 10 57 0.4409
7948 10 53 0.4409
7958 20 69 0.4882
7958 20 72 0.4882
7958 20 77 0.4882
7958 20 81 0.5827
7958 10 48 0.5039
7969 10 53 0.4488
7979 20 69 0.4724
7979 20 72 0.4724
7979 20 77 0.4724
7979 20 81 0.5591
7979 10 45 0.4803
7989 10 48 0.4488
7999 82 72 0.4882
7999 82 76 0.4882
7999 82 79 0.4882
7999 82 84 0.5827
7999 10 36 0.4961
8010 10 48 0.4331
8020 10 52 0.4646
8030 10 48 0.4252
8041 10 43 0.4724
8051 10 48 0.4094
8061 10 40 0.4488
8072 10 43 0.4094
8082 41 67 0.4646
8082 41 71 0.4646
8082 41 76 0.4646
8082 41 79 0.5512
8082 10 40 0.4724
8092 10 52 0.4016
8103 10 55 0.4094
8113 10 52 0.4094
8123 20 67 0.4567
8123 20 71 0.4567
8123 20 76 0.4567
8123 20 79 0.5433
8123 10 47 0.4724
8134 10 52 0.4173
8144 20 67 0.4409
8144 20 71 0.4409
8144 20 76 0.4409
8144 20 79 0.5197
8144 10 43 0.4409
8154 10 47 0.4094
8164 41 71 0.4488
8164 41 75 0.4488
8164 41 78 0.4488
8164 41 83 0.5354
8164 10 35 0.4567
8175 10 47 0.3937
8185 10 51 0.3858
8195 10 54 0.378
8206 41 67 0.4173
8206 41 71 0.4173
8206 41 76 0.4173
8206 41 79 0.5039
8206 10 40 0.4173
8216 10 47 0.3622
8226 10 52 0.3622
8237 10 55 0.3543
8247 41 66 0.4331
8247 41 71 0.4331
8247 41 76 0.4331
8247 41 78 0.5118
8247 10 35 0.4409
8257 10 47 0.378
8268 10 52 0.378
8278 10 54 0.378
8288 41 66 0.4173
8288 41 71 0.4173
8288 41 75 0.4173
8288 41 78 0.4961
8288 10 35 0.4331
8298 10 47 0.3858
8309 10 51 0.4016
8319 10 54 0.378
8329 82 67 0.4094
8329 82 71 0.4094
8329 82 76 0.4094
8329 82 79 0.4882
8329 10 40 0.4173
8340 10 52 0.3543
8350 10 55 0.3543
8360 10 59 0.3543
8371 10 64 0.3858
8381 10 59 0.3307
8391 10 55 0.3307
8402 10 52 0.3307
8412 7 68 0.4252
8412 7 80 0.5039
8412 7 60 0.3858
8412 7 64 0.4646
8432 7 59 0.378
8432 7 62 0.4409
8453 61 69 0.4488
8453 61 81 0.5354
8453 7 57 0.378
8453 7 60 0.4409
8474 7 52 0.378
8474 7 59 0.4409
8494 61 48 0.4016
8494 61 57 0.4724
8515 7 71 0.4094
8515 7 83 0.4803
8536 7 72 0.4016
8536 7 84 0.4724
8556 7 71 0.4094
8556 7 83 0.4803
8556 7 55 0.378
8556 7 65 0.4488
8577 7 70 0.4252
8577 7 82 0.5039
8577 7 54 0.3858
8577 7 66 0.4646
8597 7 61 0.378
8597 7 64 0.4409
8618 61 71 0.4488
8618 61 83 0.5354
8618 7 59 0.378
8618 7 62 0.4409
8639 7 54 0.378
8639 7 61 0.4409
8659 61 50 0.4016
8659 61 59 0.4724
8680 7 73 0.4803
8680 7 85 0.4803
8701 7 74 0.4016
8701 7 86 0.4724
8721 7 76 0.4094
8721 7 88 0.4803
8721 7 48 0.378
8721 7 57 0.4488
8742 41 77 0.4252
8742 41 89 0.5039
8742 7 47 0.3858
8742 7 56 0.4646
8762 7 50 0.3622
8762 7 59 0.4331
8783 7 77 0.4094
8783 7 89 0.4803
8783 7 47 0.3858
8783 7 56 0.4646
8804 7 77 0.4094
8804 7 89 0.4803
8804 7 50 0.3465
8804 7 59 0.4173
8824 7 68 0.5039
8824 7 80 0.6063
8824 7 62 0.4646
8824 7 65 0.5512
8845 7 71 0.4488
8845 7 83 0.5276
8845 61 62 0.4488
8845 61 65 0.5354
8865 7 68 0.4488
8865 7 80 0.5276
8886 7 71 0.4488
8886 7 83 0.5276
8907 41 76 0.4252
8907 41 88 0.5039
8907 7 46 0.3858
8907 7 55 0.4646
8927 7 49 0.3622
8927 7 58 0.4331
8948 7 76 0.4094
8948 7 88 0.4803
8948 7 46 0.3858
8948 7 55 0.4646
8969 7 76 0.4094
8969 7 88 0.4882
8969 7 49 0.3465
8969 7 58 0.4173
8989 7 67 0.4803
8989 7 79 0.5748
8989 7 61 0.4646
8989 7 64 0.5512
9010 7 70 0.4409
9010 7 82 0.5276
9010 61 61 0.4409
9010 61 64 0.5276
9030 7 67 0.4409
9030 7 79 0.5276
9051 7 70 0.4488
9051 7 82 0.5354
9072 41 75 0.4252
9072 41 87 0.5039
9072 7 45 0.3858
9072 7 54 0.4646
9092 7 48 0.3622
9092 7 57 0.4331
9113 7 66 0.4094
9113 7 78 0.4803
9113 41 60 0.4094
9113 41 63 0.4646
9134 7 69 0.4094
9134 7 81 0.4882
9154 41 74 0.4252
9154 41 86 0.5039
9154 7 44 0.3858
9154 7 53 0.4646
9175 7 47 0.3622
9175 7 56 0.4331
9195 7 65 0.4094
9195 7 77 0.4803
9195 41 59 0.4094
9195 41 62 0.4646
9216 7 68 0.4094
9216 7 80 0.4882
9237 41 73 0.4016
9237 41 85 0.4724
9237 7 43 0.3622
9237 7 52 0.4409
9257 7 46 0.3386
9257 7 55 0.4016
9278 7 64 0.3701
9278 7 76 0.4409
9278 41 58 0.3701
9278 41 61 0.4252
9298 7 67 0.3622
9298 7 79 0.4331
9319 41 72 0.3701
9319 41 84 0.4409
9319 7 42 0.3386
9319 7 51 0.4016
9340 7 45 0.3071
9340 7 54 0.3701
9360 7 63 0.3386
9360 7 75 0.4016
9360 41 57 0.3386
9360 41 60 0.3858
9381 7 66 0.3307
9381 7 78 0.3937
9402 10 60 0.2756
9402 10 66 0.3307
9402 10 32 0.2992
9412 10 72 0.2992
9412 10 44 0.2835
9422 10 60 0.2756
9422 10 66 0.3307
9422 10 32 0.3071
9432 10 72 0.315
9432 10 44 0.2835
9443 10 60 0.2992
9443 10 66 0.3543
9443 10 32 0.3228
9453 10 72 0.3228
9453 10 44 0.2992
9463 10 60 0.315
9463 10 66 0.3701
9463 10 32 0.3307
9474 10 72 0.3386
9474 10 44 0.3071
9484 10 60 0.3228
9484 10 66 0.3858
9484 10 32 0.3465
9494 10 72 0.3543
9494 10 44 0.3228
9505 10 60 0.3386
9505 10 66 0.4016
9505 10 32 0.3543
9515 10 72 0.3622
9515 10 44 0.3465
9525 10 60 0.3386
9525 10 66 0.4094
9525 10 32 0.3701
9536 10 72 0.378
9536 10 44 0.3465
9546 10 60 0.3543
9546 10 66 0.4173
9546 10 32 0.378
9556 10 72 0.4094
9556 10 44 0.3701
9567 10 72 0.4016
9567 10 78 0.4803
9567 10 45 0.4409
9577 10 84 0.4409
9577 10 46 0.4173
9587 10 72 0.4094
9587 10 78 0.4882
9587 10 47 0.4252
9597 10 84 0.4646
9597 10 48 0.4331
9608 10 72 0.4409
9608 10 78 0.5276
9608 10 49 0.4488
9618 10 84 0.4882
9618 10 50 0.4646
9628 10 72 0.4646
9628 10 78 0.5512
9628 10 51 0.4724
9639 10 84 0.5197
9639 10 52 0.4803
9649 10 72 0.4882
9649 10 78 0.5827
9649 10 53 0.4961
9659 10 84 0.5433
9659 10 54 0.5118
9670 10 72 0.5039
9670 10 78 0.5984
9670 10 55 0.5276
9680 10 84 0.5512
9680 10 56 0.5354
9690 10 84 0.6142
9690 10 72 0.5197
9690 10 78 0.5197
9690 10 44 0.4803
9690 10 56 0.5669
9711 10 84 0.6063
9711 10 72 0.5118
9711 10 78 0.5118
9711 10 44 0.4882
9711 10 56 0.5748
9731 10 72 0.5906
9731 10 78 0.5906
9731 10 84 0.7008
9731 10 44 0.4961
9731 10 56 0.5906
9752 20 74 0.5984
9752 20 78 0.5984
9752 20 84 0.7087
9752 20 86 0.7087
9752 20 56 0.5118
9752 20 68 0.6063
9773 20 74 0.6142
9773 20 78 0.6142
9773 20 84 0.7244
9773 20 86 0.7244
9773 20 56 0.5354
9773 20 68 0.6299
9793 20 74 0.6299
9793 20 78 0.6299
9793 20 84 0.7402
9793 20 86 0.7402
9793 20 56 0.5512
9793 20 68 0.6535
9814 20 74 0.6457
9814 20 78 0.6457
9814 20 84 0.7638
9814 20 86 0.7638
9814 20 56 0.5748
9814 20 68 0.685
9835 20 74 0.6457
9835 20 78 0.6457
9835 20 84 0.7638
9835 20 86 0.7638
9835 20 56 0.5906
9835 20 68 0.7087
9855 10 74 0.6614
9855 10 78 0.6614
9855 10 84 0.7795
9855 10 86 0.7795
9855 10 56 0.6142
9855 10 68 0.7323
9876 10 74 0.6772
9876 10 78 0.6772
9876 10 84 0.7953
9876 10 86 0.7953
9876 10 56 0.6378
9876 10 68 0.7559
9896 20 76 0.6929
9896 20 79 0.6929
9896 20 84 0.6929
9896 20 88 0.8189
9896 20 55 0.685
9896 20 67 0.8031
9917 20 77 0.6378
9917 20 83 0.6378
9917 20 86 0.6378
9917 20 91 0.7638
9917 20 31 0.6378
9917 20 43 0.7638
9938 20 77 0.6535
9938 20 83 0.6535
9938 20 86 0.6535
9938 20 91 0.7717
9938 20 31 0.6378
9938 20 43 0.7638
9958 20 77 0.6535
9958 20 83 0.6535
9958 20 86 0.6535
9958 20 91 0.7717
9958 20 31 0.6378
9958 20 43 0.7638
9979 20 77 0.6535
9979 20 83 0.6535
9979 20 86 0.6535
9979 20 91 0.7717
9979 20 31 0.6378
9979 20 43 0.7638
9999 20 77 0.6378
9999 20 83 0.6378
9999 20 86 0.6378
9999 20 91 0.7638
9999 20 31 0.6378
9999 20 43 0.7638
10020 20 77 0.6378
10020 20 83 0.6378
10020 20 86 0.6378
10020 20 91 0.7638
10020 20 31 0.6378
10020 20 43 0.7638
10041 20 77 0.6378
10041 20 83 0.6378
10041 20 86 0.6378
10041 20 91 0.7638
10041 20 31 0.6378
10041 20 43 0.7638
10061 10 84 0.5984
10061 10 88 0.7087
10061 41 36 0.6693
10061 41 48 0.7874
10072 10 96 0.748
10082 10 91 0.748
10092 10 88 0.7402
10103 10 84 0.7323
10103 7 36 0.622
10103 7 48 0.748
10113 10 79 0.7244
10123 10 76 0.7165
10123 7 36 0.622
10123 7 48 0.748
10134 10 79 0.7087
10144 20 72 0.7087
10144 41 36 0.622
10144 41 48 0.748
10164 10 88 0.5984
10164 10 91 0.7087
10175 10 79 0.6772
10185 10 89 0.622
10185 10 93 0.7323
10185 7 36 0.6378
10185 7 48 0.7559
10195 10 81 0.6772
10206 10 91 0.622
10206 10 94 0.7323
10206 7 36 0.6457
10206 7 48 0.7638
10216 10 82 0.7008
10226 10 89 0.6535
10226 10 93 0.7717
10226 7 37 0.7008
10226 7 49 0.8268
10237 10 81 0.7008
10247 10 88 0.622
10247 10 91 0.7402
10257 10 79 0.685
10268 10 86 0.622
10268 10 89 0.7323
10268 61 38 0.6772
10268 61 50 0.8031
10278 10 77 0.6772
10288 10 81 0.6063
10288 10 88 0.7165
10298 10 76 0.6063
10309 10 77 0.5748
10309 10 86 0.6772
10319 10 74 0.5984
10329 10 81 0.5748
10329 10 85 0.685
10329 7 40 0.6378
10329 7 52 0.7559
10340 10 73 0.622
10350 10 81 0.6142
10350 10 86 0.7244
10350 7 41 0.622
10350 7 53 0.748
10360 10 74 0.6378
10371 10 88 0.6299
10371 10 97 0.748
10371 7 40 0.6378
10371 7 52 0.7559
10381 10 85 0.6772
10391 10 86 0.7087
10391 41 38 0.6693
10391 41 50 0.7874
10402 10 98 0.748
10412 10 93 0.748
10422 10 89 0.7402
10432 10 86 0.7323
10432 7 38 0.6693
10432 7 50 0.7874
10443 10 81 0.7244
10453 10 77 0.7165
10453 7 38 0.6378
10453 7 50 0.7559
10463 10 81 0.7087
10474 20 74 0.7087
10474 41 38 0.6378
10474 41 50 0.7559
10494 10 89 0.5984
10494 10 93 0.7087
10505 10 81 0.6772
10515 10 91 0.622
10515 10 95 0.7323
10515 7 38 0.6457
10515 7 50 0.7638
10525 10 83 0.6772
10536 10 93 0.622
10536 10 96 0.7323
10536 7 38 0.6457
10536 7 50 0.7638
10546 10 84 0.7008
10556 10 91 0.6535
10556 10 95 0.7717
10556 7 39 0.7008
10556 7 51 0.8268
10567 10 83 0.7008
10577 10 90 0.622
10577 10 93 0.7402
10587 10 81 0.685
10597 10 88 0.622
10597 10 91 0.7323
10597 61 40 0.6772
10597 61 52 0.8031
10608 10 79 0.6772
10618 10 83 0.6063
10618 10 90 0.7165
10628 10 78 0.6063
10639 10 79 0.5748
10639 10 88 0.6772
10649 10 76 0.5984
10659 10 83 0.5748
10659 10 87 0.685
10659 7 42 0.7323
10659 7 54 0.7323
10670 10 75 0.622
10680 10 83 0.6142
10680 10 88 0.7244
10680 7 43 0.6063
10680 7 55 0.7244
10690 10 76 0.6378
10701 10 77 0.6299
10701 10 86 0.748
10701 7 45 0.622
10701 7 57 0.7323
10711 10 74 0.6772
10721 10 73 0.7323
10721 10 76 0.7323
10721 41 46 0.6772
10721 41 58 0.7953
10731 10 85 0.685
10742 10 76 0.685
10742 10 79 0.685
10752 10 88 0.685
10762 10 73 0.7323
10762 10 76 0.7323
10762 7 46 0.622
10762 7 58 0.7323
10773 10 85 0.6772
10783 10 76 0.6929
10783 10 79 0.6929
10783 7 46 0.622
10783 7 58 0.7323
10793 10 88 0.6929
10804 10 82 0.748
10804 82 37 0.6457
10804 82 49 0.7638
10814 10 94 0.7087
10824 10 91 0.6929
10835 10 88 0.6772
10845 10 82 0.6693
10855 10 79 0.6693
10865 10 76 0.6614
10876 10 70 0.6535
10886 10 72 0.7165
10886 10 75 0.7165
10886 41 45 0.6614
10886 41 57 0.7717
10896 10 84 0.6693
10907 10 75 0.6693
10907 10 78 0.6693
10917 10 87 0.6693
10927 10 72 0.7165
10927 10 75 0.7165
10927 7 45 0.6063
10927 7 57 0.7165
10938 10 84 0.6614
10948 10 75 0.6772
10948 10 78 0.6772
10948 7 45 0.6142
10948 7 57 0.7244
10958 10 87 0.6772
10969 10 81 0.7323
10969 82 36 0.6299
10969 82 48 0.748
10979 10 93 0.6929
10989 10 90 0.6772
10999 10 87 0.6614
11010 10 81 0.6535
11020 10 78 0.6535
11030 10 75 0.6457
11041 10 69 0.6378
11051 10 67 0.6614
11051 7 35 0.622
11051 7 47 0.7323
11061 10 79 0.5906
11072 10 74 0.5906
11072 7 38 0.6299
11072 7 50 0.7402
11082 10 71 0.5827
11092 10 74 0.6299
11092 7 43 0.6614
11092 7 55 0.7795
11103 10 86 0.5906
11113 10 83 0.5906
11113 7 41 0.6299
11113 7 53 0.7402
11123 10 79 0.5906
11134 10 84 0.4882
11134 10 88 0.5748
11134 7 40 0.6378
11134 7 52 0.7559
11144 10 76 0.5827
11154 10 86 0.5039
11154 10 89 0.5984
11154 7 36 0.622
11154 7 48 0.7323
11164 10 77 0.6142
11175 10 88 0.5276
11175 10 91 0.622
11175 7 35 0.622
11175 7 47 0.7323
11185 10 79 0.6378
11195 10 89 0.5512
11195 10 93 0.6535
11195 7 33 0.622
11195 7 45 0.7323
11206 10 81 0.6614
11216 10 86 0.5669
11216 10 91 0.5669
11216 10 95 0.6693
11216 7 41 0.685
11226 10 83 0.6772
11226 7 53 0.6929
11237 10 91 0.5748
11237 10 95 0.685
11237 7 41 0.7008
11247 10 83 0.7008
11247 7 53 0.7165
11257 10 96 0.7087
11257 10 91 0.5984
11257 7 40 0.7244
11268 10 84 0.7244
11268 7 52 0.7323
11278 10 96 0.7323
11278 10 91 0.622
11278 7 40 0.7402
11288 10 84 0.7402
11288 7 52 0.7559
11298 10 101 0.7402
11298 10 96 0.622
11298 7 38 0.7638
11309 10 89 0.7402
11309 7 50 0.7402
11319 10 101 0.7402
11319 10 96 0.622
11319 7 38 0.7638
11329 10 89 0.7402
11329 7 50 0.7244
11340 10 95 0.622
11340 10 101 0.7402
11340 7 43 0.7638
11350 10 89 0.7402
11350 7 55 0.7244
11360 10 95 0.622
11360 10 101 0.7402
11360 7 43 0.7244
11371 10 89 0.7402
11371 7 55 0.7244
11381 28 88 0.6299
11381 28 95 0.6614
11381 28 100 0.7795
11381 28 44 0.6457
11381 28 56 0.7953
11412 7 52 0.622
11412 7 59 0.622
11412 7 64 0.7402
11412 7 32 0.6142
11412 7 44 0.7244
11422 82 64 0.6929
11422 123 52 0.5827
11422 123 59 0.5827
11422 123 32 0.5748
11422 123 44 0.6772
11505 41 62 0.5118
11546 10 58 0.2756
11546 10 61 0.3307
11546 10 31 0.2677
11556 10 52 0.3307
11556 10 43 0.2677
11567 10 58 0.2835
11567 10 61 0.3386
11567 10 31 0.2756
11577 10 52 0.3386
11577 10 43 0.2756
11587 10 61 0.3465
11587 10 58 0.2913
11587 10 31 0.2835
11597 10 52 0.3543
11597 10 43 0.2835
11608 10 58 0.2992
11608 10 61 0.3543
11608 10 31 0.2913
11618 10 52 0.3622
11618 10 43 0.2913
11628 10 61 0.3071
11628 10 64 0.3622
11628 10 31 0.2992
11639 10 58 0.3701
11639 10 43 0.2992
11649 10 61 0.3071
11649 10 64 0.3701
11649 10 31 0.3071
11659 10 58 0.378
11659 10 43 0.3071
11670 10 61 0.315
11670 10 64 0.378
11670 10 31 0.315
11680 10 58 0.3858
11680 10 43 0.315
11690 10 61 0.3307
11690 10 64 0.3937
11690 10 31 0.3228
11701 10 58 0.3937
11701 10 43 0.3228
11711 10 64 0.3307
11711 10 70 0.3937
11711 10 43 0.3622
11721 10 61 0.4094
11721 10 55 0.3386
11731 10 64 0.3543
11731 10 70 0.4252
11731 10 43 0.3543
11742 10 61 0.4409
11742 10 55 0.3701
11752 10 70 0.4016
11752 10 73 0.4803
11752 10 43 0.3858
11762 10 64 0.5039
11762 10 55 0.4016
11773 10 70 0.4409
11773 10 73 0.5197
11773 10 43 0.4173
11783 10 64 0.5512
11783 10 55 0.4409
11793 10 73 0.4803
11793 10 76 0.5669
11793 10 55 0.4488
11804 10 70 0.5906
11804 10 67 0.4646
11814 10 76 0.5118
11814 10 82 0.6142
11814 10 55 0.4803
11824 10 73 0.6378
11824 10 67 0.4961
11835 10 82 0.5512
11835 10 85 0.6535
11835 10 55 0.5118
11845 10 76 0.685
11845 10 67 0.5354
11855 10 88 0.7008
11855 10 85 0.5906
11855 10 55 0.5512
11865 10 82 0.7244
11865 10 67 0.5669
11876 41 89 0.8189
11876 41 86 0.6929
11876 41 81 0.6929
11876 41 65 0.6693
11876 41 53 0.5669
11917 41 93 0.7795
11917 41 89 0.6535
11917 41 86 0.6535
11917 41 81 0.6535
11917 41 62 0.6535
11917 41 50 0.5591
11958 41 88 0.8189
11958 41 84 0.6929
11958 41 79 0.6929
11958 41 76 0.6929
11958 41 67 0.6772
11958 41 55 0.5748
11999 41 86 0.7953
11999 41 83 0.6614
11999 41 79 0.6614
11999 41 74 0.6614
11999 41 43 0.5512
11999 41 55 0.6457
12041 28 76 0.7008
12041 28 83 0.7244
12041 28 88 0.8504
12041 28 44 0.6457
12041 28 56 0.7795
12072 7 52 0.6693
12072 7 59 0.6693
12072 7 64 0.7874
12072 7 32 0.622
12072 7 44 0.7402
12082 82 64 0.7402
12082 123 52 0.622
12082 123 59 0.622
12082 123 32 0.5512
12082 123 44 0.6535
12164 41 62 0.5118
12206 10 58 0.2756
12206 10 61 0.3307
12206 10 31 0.2677
12216 10 52 0.3307
12216 10 43 0.2677
12226 10 58 0.2835
12226 10 61 0.3386
12226 10 31 0.2756
12237 10 52 0.3386
12237 10 43 0.2756
12247 10 61 0.3465
12247 10 58 0.2913
12247 10 31 0.2835
12257 10 52 0.3543
12257 10 43 0.2835
12268 10 58 0.2992
12268 10 61 0.3543
12268 10 31 0.2913
12278 10 52 0.3622
12278 10 43 0.2913
12288 10 61 0.3071
12288 10 64 0.3622
12288 10 31 0.2992
12298 10 58 0.3701
12298 10 43 0.2992
12309 10 61 0.3071
12309 10 64 0.3701
12309 10 31 0.3071
12319 10 58 0.378
12319 10 43 0.3071
12329 10 61 0.315
12329 10 64 0.378
12329 10 31 0.315
12340 10 58 0.3858
12340 10 43 0.315
12350 10 61 0.3307
12350 10 64 0.3937
12350 10 31 0.3228
12360 10 58 0.3937
12360 10 43 0.3228
12371 10 64 0.3307
12371 10 70 0.3937
12371 10 43 0.3622
12381 10 61 0.4094
12381 10 55 0.3386
12391 10 64 0.3543
12391 10 70 0.4252
12391 10 43 0.3543
12402 10 61 0.4409
12402 10 55 0.3701
12412 10 70 0.4016
12412 10 73 0.4803
12412 10 43 0.3858
12422 10 64 0.5039
12422 10 55 0.4016
12432 10 70 0.4409
12432 10 73 0.5197
12432 10 43 0.4173
12443 10 64 0.5512
12443 10 55 0.4409
12453 10 73 0.4803
12453 10 76 0.5669
12453 10 55 0.4488
12463 10 70 0.5906
12463 10 67 0.4646
12474 10 76 0.5118
12474 10 82 0.6142
12474 10 55 0.4803
12484 10 73 0.6378
12484 10 67 0.4961
12494 10 82 0.5512
12494 10 85 0.6535
12494 10 55 0.5118
12505 10 76 0.685
12505 10 67 0.5354
12515 10 88 0.7008
12515 10 85 0.5906
12515 10 55 0.5512
12525 10 82 0.7244
12525 10 67 0.5669
12536 30 82 0.6457
12536 30 77 0.6457
12536 30 86 0.6457
12536 30 89 0.7717
12536 30 29 0.5669
12536 30 41 0.6772
12567 7 70 0.5591
12567 7 65 0.5591
12567 7 74 0.6614
12567 7 77 0.6614
12567 7 41 0.5039
12567 7 53 0.5906
12577 41 65 0.5827
12577 41 70 0.5827
12577 41 77 0.6929
12577 41 74 0.6929
12577 41 41 0.5118
12577 41 53 0.5984
12618 30 82 0.6457
12618 30 76 0.6457
12618 30 85 0.6457
12618 30 88 0.7638
12618 30 31 0.5669
12618 30 43 0.6772
12649 7 70 0.5827
12649 7 64 0.5827
12649 7 73 0.5827
12649 7 76 0.6929
12649 7 43 0.4961
12649 7 55 0.5827
12659 41 64 0.5984
12659 41 70 0.5984
12659 41 76 0.7165
12659 41 73 0.5984
12659 41 43 0.4961
12659 41 55 0.5827
12701 30 78 0.685
12701 30 75 0.685
12701 30 84 0.685
12701 30 87 0.8031
12701 30 33 0.5984
12701 30 45 0.7087
12731 7 66 0.6063
12731 7 63 0.6063
12731 7 72 0.6063
12731 7 75 0.7244
12731 7 45 0.5118
12731 7 57 0.5984
12742 41 63 0.6063
12742 41 66 0.6063
12742 41 75 0.7244
12742 41 72 0.6063
12742 41 45 0.5118
12742 41 57 0.5984
12783 30 77 0.7008
12783 30 74 0.7008
12783 30 82 0.7008
12783 30 86 0.8346
12783 30 34 0.5984
12783 30 46 0.7165
12814 7 65 0.6299
12814 7 62 0.6299
12814 7 70 0.6299
12814 7 74 0.748
12814 7 46 0.5118
12814 7 58 0.6063
12824 41 62 0.6299
12824 41 65 0.6299
12824 41 74 0.748
12824 41 70 0.6299
12824 41 46 0.5276
12824 41 58 0.622
12865 30 66 0.6772
12865 30 62 0.6772
12865 30 72 0.6772
12865 30 74 0.7953
12865 30 44 0.5906
12865 30 56 0.7008
12896 7 78 0.6063
12896 7 74 0.6063
12896 7 84 0.6063
12896 7 86 0.7244
12896 7 32 0.5039
12896 7 44 0.5906
12907 41 74 0.685
12907 41 78 0.685
12907 41 86 0.811
12907 41 84 0.685
12907 41 32 0.5748
12907 41 44 0.685
12948 30 67 0.6457
12948 30 62 0.6457
12948 30 71 0.6457
12948 30 74 0.7638
12948 30 43 0.5669
12948 30 55 0.6772
12979 7 79 0.622
12979 7 74 0.622
12979 7 83 0.622
12979 7 86 0.748
12979 7 31 0.4961
12979 7 43 0.5827
12989 41 74 0.6614
12989 41 79 0.6614
12989 41 86 0.7795
12989 41 83 0.6614
12989 41 31 0.5669
12989 41 43 0.6772
13030 30 67 0.6457
13030 30 64 0.6457
13030 30 72 0.6457
13030 30 76 0.7717
13030 30 43 0.5512
13030 30 55 0.6457
13061 7 79 0.5906
13061 7 76 0.5906
13061 7 84 0.5906
13061 7 88 0.7008
13061 7 31 0.5039
13061 7 43 0.5984
13072 41 76 0.6772
13072 41 79 0.6772
13072 41 88 0.8031
13072 41 84 0.6772
13072 41 31 0.5827
13072 41 43 0.6929
13113 30 71 0.6772
13113 30 67 0.6772
13113 30 77 0.6772
13113 30 79 0.7953
13113 30 43 0.5669
13113 30 55 0.6693
13144 7 83 0.6299
13144 7 79 0.6299
13144 7 89 0.6299
13144 7 91 0.7559
13144 7 31 0.5197
13144 7 43 0.6142
13154 41 79 0.6772
13154 41 83 0.6772
13154 41 91 0.811
13154 41 89 0.6772
13154 41 31 0.6063
13154 41 43 0.7244
13195 12 55 0.3937
13195 7 35 0.3307
13195 7 47 0.3937
13206 12 67 0.3622
13216 12 62 0.3622
13216 7 38 0.3386
13216 7 50 0.4016
13226 12 59 0.3622
13237 12 62 0.3937
13237 7 43 0.3543
13237 7 55 0.4173
13247 12 74 0.3622
13257 12 71 0.3622
13257 7 41 0.3386
13257 7 53 0.4016
13268 12 67 0.3622
13278 12 72 0.4016
13278 12 76 0.4016
13278 7 40 0.3465
13278 7 52 0.4094
13288 12 64 0.3701
13298 12 74 0.4016
13298 12 77 0.4016
13298 7 36 0.3307
13298 7 48 0.3937
13309 12 65 0.3701
13319 12 76 0.4173
13319 12 79 0.4173
13319 7 35 0.3307
13319 7 47 0.3937
13329 12 67 0.3701
13340 12 77 0.4173
13340 12 81 0.4173
13340 7 33 0.3307
13340 7 45 0.3937
13350 12 69 0.378
13360 10 74 0.4016
13360 10 79 0.4016
13360 10 83 0.4016
13360 10 41 0.4252
13371 10 71 0.4173
13371 10 53 0.4409
13381 10 74 0.4331
13381 10 79 0.4331
13381 10 83 0.4331
13381 10 41 0.4488
13391 10 71 0.4409
13391 10 53 0.4646
13402 10 79 0.4567
13402 10 84 0.4567
13402 10 40 0.4724
13412 10 72 0.4724
13412 10 52 0.4882
13422 10 84 0.4882
13422 10 79 0.4882
13422 10 40 0.4961
13432 10 72 0.4961
13432 10 52 0.5118
13443 10 89 0.5118
13443 10 84 0.5118
13443 10 38 0.5197
13453 10 77 0.5118
13453 10 50 0.5197
13463 10 89 0.5197
13463 10 84 0.5197
13463 10 38 0.5276
13474 10 77 0.5197
13474 10 50 0.5354
13484 10 89 0.5276
13484 10 83 0.5276
13484 10 32 0.5433
13494 10 77 0.5276
13494 10 44 0.5433
13505 10 89 0.5354
13505 10 83 0.5354
13505 10 32 0.5512
13515 10 77 0.5354
13515 10 44 0.5591
13525 12 57 0.4724
13525 7 33 0.3937
13525 7 45 0.4724
13536 12 69 0.4331
13546 12 64 0.4331
13546 7 40 0.4016
13546 7 52 0.4803
13556 12 61 0.4331
13567 12 64 0.4724
13567 7 45 0.4252
13567 7 57 0.4961
13577 12 76 0.4331
13587 12 73 0.4331
13587 7 43 0.4016
13587 7 55 0.4803
13597 12 69 0.4331
13608 12 74 0.4016
13608 12 77 0.4803
13608 7 41 0.4094
13608 7 53 0.4882
13618 12 65 0.4409
13628 12 76 0.4016
13628 12 79 0.4803
13628 7 38 0.3937
13628 7 50 0.4724
13639 12 67 0.4409
13649 12 77 0.4173
13649 12 81 0.4961
13649 7 36 0.3937
13649 7 48 0.4724
13659 12 69 0.4409
13670 12 79 0.4173
13670 12 82 0.4961
13670 7 34 0.3937
13670 7 46 0.4724
13680 12 70 0.4488
13690 10 76 0.4016
13690 10 81 0.4016
13690 10 85 0.4803
13690 10 43 0.4803
13701 10 73 0.4882
13701 10 55 0.4882
13711 10 76 0.4252
13711 10 81 0.4252
13711 10 85 0.5039
13711 10 43 0.5039
13721 10 73 0.5197
13721 10 55 0.5197
13731 10 81 0.4409
13731 10 86 0.5276
13731 10 41 0.5276
13742 10 74 0.5433
13742 10 53 0.5433
13752 10 86 0.5512
13752 10 81 0.4646
13752 10 41 0.5591
13762 10 74 0.5669
13762 10 53 0.5748
13773 10 91 0.5827
13773 10 86 0.4882
13773 10 40 0.5984
13783 10 79 0.5512
13783 10 52 0.5669
13793 10 91 0.5827
13793 10 86 0.4882
13793 10 40 0.5984
13804 10 79 0.5512
13804 10 52 0.5591
13814 10 91 0.5827
13814 10 85 0.4882
13814 10 33 0.5984
13824 10 79 0.5512
13824 10 45 0.5669
13835 10 91 0.5827
13835 10 85 0.4882
13835 10 33 0.5984
13845 10 79 0.5512
13845 10 45 0.5591
13855 10 62 0.622
13855 20 38 0.5591
13855 20 50 0.6614
13865 10 74 0.5512
13876 10 69 0.5512
13876 20 45 0.5118
13876 20 57 0.6063
13886 10 66 0.5512
13896 10 69 0.622
13896 7 50 0.5669
13896 7 62 0.6693
13907 10 81 0.5512
13917 10 78 0.5512
13917 7 48 0.5039
13917 7 60 0.5984
13927 10 74 0.5591
13938 10 79 0.5276
13938 10 83 0.622
13938 20 47 0.5433
13938 20 59 0.6457
13948 10 71 0.5669
13958 10 81 0.5276
13958 10 84 0.622
13958 20 43 0.4882
13958 20 55 0.5827
13969 10 72 0.5748
13979 10 83 0.5354
13979 10 86 0.6299
13979 7 42 0.4961
13979 7 54 0.5906
13989 10 74 0.5591
13999 10 84 0.5276
13999 10 88 0.622
13999 7 40 0.4961
13999 7 52 0.5906
14010 10 76 0.5669
14020 10 81 0.4724
14020 10 86 0.4724
14020 10 90 0.5591
14020 10 48 0.5197
14030 10 78 0.5669
14030 10 60 0.5276
14041 10 81 0.4882
14041 10 86 0.4882
14041 10 90 0.5748
14041 10 48 0.5354
14051 10 78 0.5827
14051 10 60 0.5433
14061 10 86 0.4961
14061 10 91 0.5906
14061 10 47 0.5591
14072 10 79 0.5984
14072 10 59 0.5669
14082 10 91 0.6063
14082 10 86 0.5118
14082 10 47 0.5748
14092 10 79 0.6142
14092 10 59 0.5827
14103 10 96 0.6457
14103 10 91 0.5433
14103 10 45 0.5906
14113 10 84 0.5906
14113 10 57 0.5748
14123 10 96 0.6299
14123 10 91 0.5354
14123 10 45 0.6142
14134 10 84 0.5827
14134 10 57 0.5591
14144 10 96 0.6299
14144 10 90 0.5354
14144 10 38 0.6142
14154 10 84 0.5906
14154 10 50 0.5512
14164 10 96 0.622
14164 10 90 0.5276
14164 10 38 0.5984
14175 10 84 0.5827
14175 10 50 0.5512
14185 10 67 0.622
14185 20 43 0.5591
14185 20 55 0.6614
14195 10 79 0.5512
14206 10 74 0.5512
14206 20 50 0.5118
14206 20 62 0.6063
14216 10 71 0.5512
14226 10 74 0.622
14226 20 55 0.5669
14226 20 67 0.6693
14237 10 86 0.5512
14247 10 83 0.5512
14247 20 53 0.5039
14247 20 65 0.5984
14257 10 79 0.5591
14268 10 84 0.5276
14268 10 88 0.622
14268 20 52 0.5433
14268 20 64 0.6457
14278 10 76 0.5669
14288 10 86 0.5276
14288 10 89 0.622
14288 20 48 0.4882
14288 20 60 0.5827
14298 10 77 0.5748
14309 10 88 0.5354
14309 10 91 0.6299
14309 20 47 0.4961
14309 20 59 0.5906
14319 10 79 0.5591
14329 10 89 0.5276
14329 10 93 0.622
14329 20 45 0.4961
14329 20 57 0.5906
14340 10 81 0.5669
14350 10 86 0.4724
14350 10 91 0.4724
14350 10 95 0.5591
14350 10 53 0.5197
14360 10 83 0.5669
14360 10 65 0.5276
14371 10 86 0.4882
14371 10 91 0.4882
14371 10 95 0.5748
14371 10 53 0.5354
14381 10 83 0.5827
14381 10 65 0.5433
14391 10 91 0.4961
14391 10 96 0.5906
14391 10 52 0.5591
14402 10 84 0.5984
14402 10 64 0.5669
14412 10 96 0.6063
14412 10 91 0.5118
14412 10 52 0.5748
14422 10 84 0.6142
14422 10 64 0.5827
14432 10 101 0.6457
14432 10 96 0.5433
14432 10 50 0.5906
14443 10 89 0.5906
14443 10 62 0.5748
14453 10 101 0.6457
14453 10 96 0.5512
14453 10 50 0.6299
14463 10 89 0.6063
14463 10 62 0.5827
14474 10 101 0.6693
14474 10 95 0.5669
14474 10 43 0.6535
14484 10 89 0.6378
14484 10 55 0.5906
14494 10 101 0.6772
14494 10 95 0.5748
14494 10 43 0.6535
14505 10 89 0.6457
14505 10 55 0.6142
14515 10 100 0.6142
14515 10 95 0.5197
14515 10 48 0.5039
14525 10 88 0.5512
14525 10 60 0.4252
14536 10 100 0.6063
14536 10 95 0.5118
14536 10 48 0.5039
14546 10 88 0.5512
14546 10 60 0.4173
14556 10 100 0.5906
14556 10 93 0.5039
14556 10 41 0.5039
14567 10 88 0.5354
14567 10 53 0.4331
14577 10 100 0.5669
14577 10 93 0.4724
14577 10 41 0.5039
14587 10 88 0.5276
14587 10 53 0.4252
14597 10 98 0.5827
14597 10 93 0.4961
14597 10 47 0.5039
14608 10 86 0.5354
14608 10 59 0.4252
14618 10 98 0.5827
14618 10 93 0.4961
14618 10 47 0.5039
14628 10 86 0.5276
14628 10 59 0.4252
14639 10 98 0.5827
14639 10 92 0.4961
14639 10 40 0.5039
14649 10 86 0.5197
14649 10 52 0.4173
14659 10 98 0.5827
14659 10 92 0.4961
14659 10 40 0.5039
14670 10 86 0.5354
14670 10 52 0.4331
14680 10 96 0.5827
14680 10 93 0.4961
14680 10 41 0.5039
14690 10 84 0.5354
14690 10 53 0.4409
14701 10 96 0.5827
14701 10 93 0.4961
14701 10 41 0.5039
14711 10 84 0.5276
14711 10 53 0.4252
14721 10 89 0.5118
14721 10 93 0.5118
14721 10 98 0.6063
14721 10 50 0.5276
14721 10 45 0.4409
14721 10 41 0.4409
14731 10 86 0.5512
14731 10 53 0.4646
14742 10 98 0.5984
14742 10 93 0.5118
14742 10 89 0.5118
14742 10 41 0.4409
14742 10 45 0.4409
14742 10 50 0.5276
14752 10 86 0.5512
14752 10 53 0.4488
14762 10 96 0.5827
14762 10 91 0.4961
14762 10 88 0.4961
14762 10 43 0.4173
14762 10 48 0.4173
14762 10 52 0.5039
14773 10 84 0.5354
14773 10 55 0.4488
14783 10 96 0.5827
14783 10 91 0.4961
14783 10 88 0.4961
14783 10 43 0.4173
14783 10 48 0.4173
14783 10 52 0.5039
14793 10 84 0.5354
14793 10 55 0.4409
14804 10 95 0.5827
14804 10 91 0.4961
14804 10 86 0.4961
14804 10 43 0.4173
14804 10 47 0.4173
14804 10 50 0.5039
14814 10 83 0.5433
14814 10 55 0.4488
14824 10 95 0.5827
14824 10 91 0.4961
14824 10 86 0.4961
14824 10 43 0.4173
14824 10 47 0.4173
14824 10 50 0.5039
14835 10 83 0.5354
14835 10 55 0.4488
14845 10 84 0.4961
14845 10 88 0.4961
14845 10 91 0.5827
14845 10 60 0.5039
14845 10 55 0.4173
14845 10 52 0.4173
14855 10 79 0.5197
14855 10 64 0.4331
14865 10 91 0.5827
14865 10 88 0.4961
14865 10 84 0.4961
14865 10 60 0.5039
14865 10 55 0.4173
14865 10 52 0.4173
14876 10 79 0.5197
14876 10 64 0.4331
14886 10 81 0.5118
14886 10 86 0.5118
14886 10 89 0.6063
14886 10 62 0.5276
14886 10 57 0.4409
14886 10 53 0.4409
14896 10 77 0.5433
14896 10 65 0.4567
14907 10 89 0.5984
14907 10 86 0.5118
14907 10 81 0.5118
14907 10 62 0.5276
14907 10 57 0.4409
14907 10 53 0.4409
14917 10 77 0.5512
14917 10 65 0.4409
14927 10 79 0.5197
14927 10 84 0.5197
14927 10 88 0.6142
14927 10 64 0.5591
14927 10 60 0.4646
14927 10 55 0.4646
14938 10 76 0.5591
14938 10 67 0.4803
14948 10 79 0.5276
14948 10 84 0.5276
14948 10 88 0.622
14948 10 64 0.5512
14948 10 60 0.4567
14948 10 55 0.4567
14958 10 76 0.5512
14958 10 67 0.4646
14969 10 79 0.5276
14969 10 83 0.5276
14969 10 86 0.622
14969 10 65 0.5591
14969 10 62 0.4646
14969 10 55 0.4646
14979 10 74 0.5827
14979 10 67 0.5039
14989 10 79 0.5354
14989 10 83 0.5354
14989 10 86 0.6299
14989 10 65 0.5827
14989 10 62 0.4961
14989 10 55 0.4961
14999 10 74 0.5827
14999 10 67 0.4961
15010 10 88 0.6142
15010 41 36 0.5512
15010 41 48 0.6457
15020 10 96 0.5984
15030 10 91 0.5984
15041 10 88 0.5906
15051 12 84 0.5827
15051 7 40 0.4724
15051 7 52 0.5669
15061 12 79 0.5748
15072 12 76 0.5669
15072 7 40 0.4724
15072 7 52 0.5669
15082 12 72 0.5669
15092 10 86 0.5669
15092 41 43 0.5197
15092 41 55 0.6142
15103 10 95 0.5984
15113 10 91 0.5669
15123 10 89 0.5354
15134 12 83 0.5827
15134 7 31 0.4882
15134 7 43 0.5748
15144 12 79 0.5354
15154 12 77 0.5827
15154 7 31 0.4961
15154 7 43 0.5827
15164 12 71 0.5591
15175 10 86 0.5669
15175 41 38 0.5276
15175 41 50 0.622
15185 10 98 0.5984
15195 10 93 0.5984
15206 10 89 0.5906
15216 12 86 0.5827
15216 7 41 0.4724
15216 7 53 0.5669
15226 12 81 0.5748
15237 12 77 0.5669
15237 7 41 0.4724
15237 7 53 0.5669
15247 12 74 0.5669
15257 10 85 0.5669
15257 41 45 0.5197
15257 41 57 0.6142
15268 10 97 0.5984
15278 10 93 0.5669
15288 10 91 0.5354
15298 12 85 0.5827
15298 7 33 0.4882
15298 7 45 0.5748
15309 12 81 0.5354
15319 12 79 0.5827
15319 7 33 0.4961
15319 7 45 0.5827
15329 12 73 0.5591
15340 10 89 0.5669
15340 41 41 0.5276
15340 41 53 0.622
15350 10 101 0.5984
15360 10 96 0.5984
15371 10 93 0.5906
15381 12 89 0.5827
15381 7 45 0.4724
15381 7 57 0.5669
15391 12 84 0.5748
15402 12 81 0.5669
15402 7 45 0.4724
15402 7 57 0.5669
15412 12 77 0.5669
15422 10 88 0.5669
15422 41 48 0.5197
15422 41 60 0.6142
15432 10 100 0.5984
15443 10 96 0.5669
15453 10 91 0.5354
15463 12 88 0.5827
15463 7 36 0.4882
15463 7 48 0.5748
15474 12 84 0.5354
15484 12 79 0.5827
15484 7 36 0.4961
15484 7 48 0.5827
15494 12 76 0.5591
15505 41 85 0.5748
15505 41 82 0.5748
15505 41 79 0.5748
15505 41 91 0.685
15505 12 40 0.5591
15515 12 46 0.5039
15525 12 49 0.5039
15536 12 52 0.5039
15546 20 73 0.4724
15546 20 70 0.4724
15546 20 67 0.4724
15546 20 79 0.5669
15546 12 52 0.5591
15556 12 58 0.5197
15567 20 73 0.4724
15567 20 70 0.4724
15567 20 67 0.4724
15567 20 79 0.5669
15567 12 61 0.5197
15577 12 64 0.5197
15587 41 86 0.5433
15587 41 83 0.5433
15587 41 79 0.5433
15587 41 91 0.6457
15587 12 41 0.5591
15597 12 47 0.5118
15608 12 50 0.5197
15618 12 53 0.5197
15628 20 74 0.4882
15628 20 71 0.4882
15628 20 67 0.4882
15628 20 79 0.5748
15628 12 53 0.5591
15639 12 59 0.5118
15649 20 74 0.4961
15649 20 71 0.4961
15649 20 67 0.4961
15649 20 79 0.5827
15649 12 62 0.5118
15659 12 65 0.5118
15670 41 85 0.5748
15670 41 82 0.5748
15670 41 79 0.5748
15670 41 91 0.685
15670 12 40 0.5591
15680 12 46 0.5039
15690 12 49 0.5039
15701 12 52 0.5039
15711 20 73 0.4724
15711 20 70 0.4724
15711 20 67 0.4724
15711 20 79 0.5669
15711 12 52 0.5591
15721 12 58 0.5197
15731 20 73 0.4724
15731 20 70 0.4724
15731 20 67 0.4724
15731 20 79 0.5669
15731 12 61 0.5197
15742 12 64 0.5197
15752 41 86 0.5433
15752 41 83 0.5433
15752 41 79 0.5433
15752 41 91 0.6457
15752 12 41 0.5591
15762 12 47 0.5118
15773 12 50 0.5197
15783 12 53 0.5197
15793 20 74 0.4882
15793 20 71 0.4882
15793 20 67 0.4882
15793 20 79 0.5748
15793 12 53 0.5591
15804 12 59 0.5118
15814 20 74 0.4961
15814 20 71 0.4961
15814 20 67 0.4961
15814 20 79 0.5827
15814 12 62 0.5118
15824 12 65 0.5118
15835 10 91 0.5039
15835 10 96 0.5984
15835 10 60 0.5276
15835 10 55 0.4409
15835 10 52 0.4409
15845 10 84 0.5591
15845 10 64 0.4567
15855 10 96 0.5984
15855 10 91 0.5039
15855 10 60 0.5276
15855 10 55 0.4409
15855 10 52 0.4409
15865 10 84 0.5433
15865 10 64 0.4488
15876 10 84 0.4961
15876 10 89 0.4961
15876 10 93 0.5906
15876 10 60 0.5197
15876 10 57 0.4409
15876 10 53 0.4409
15886 10 81 0.5354
15886 10 65 0.4488
15896 10 93 0.5827
15896 10 89 0.4882
15896 10 84 0.4882
15896 10 60 0.5197
15896 10 57 0.4409
15896 10 53 0.4409
15907 10 81 0.5276
15907 10 65 0.4331
15917 10 84 0.4882
15917 10 88 0.4882
15917 10 91 0.5748
15917 10 64 0.5118
15917 10 60 0.4331
15917 10 55 0.4331
15927 10 79 0.5276
15927 10 67 0.4331
15938 10 84 0.4882
15938 10 88 0.4882
15938 10 91 0.5748
15938 10 64 0.5118
15938 10 60 0.4331
15938 10 55 0.4331
15948 10 79 0.5197
15948 10 67 0.4409
15958 10 83 0.4803
15958 10 86 0.4803
15958 10 91 0.5669
15958 10 65 0.5039
15958 10 62 0.4252
15958 10 55 0.4252
15969 10 79 0.5118
15969 10 67 0.4331
15979 10 83 0.4724
15979 10 86 0.4724
15979 10 91 0.5591
15979 10 65 0.4961
15979 10 62 0.4173
15979 10 55 0.4173
15989 10 79 0.5118
15989 10 67 0.4252
15999 10 88 0.3622
15999 41 36 0.3858
16010 10 96 0.3858
16020 10 91 0.3858
16030 10 88 0.378
16041 12 84 0.378
16041 7 52 0.3071
16041 7 60 0.3622
16051 12 79 0.3701
16061 12 76 0.3622
16061 7 52 0.3071
16061 7 60 0.3622
16072 12 72 0.3622
16082 10 86 0.3622
16082 41 55 0.3071
16082 41 62 0.3622
16092 10 95 0.3858
16103 10 91 0.3622
16113 10 89 0.3465
16123 12 83 0.378
16123 7 43 0.3701
16134 12 79 0.3465
16144 12 77 0.378
16144 7 43 0.378
16154 12 71 0.3622
16164 10 86 0.3622
16164 41 38 0.3858
16175 10 98 0.3858
16185 10 93 0.3858
16195 10 89 0.378
16206 12 86 0.378
16206 7 53 0.3071
16206 7 62 0.3622
16216 12 81 0.3701
16226 12 77 0.3622
16226 7 53 0.3071
16226 7 62 0.3622
16237 12 74 0.3622
16247 10 85 0.3622
16247 41 57 0.3071
16247 41 64 0.3622
16257 10 97 0.3858
16268 10 93 0.3622
16278 10 91 0.3465
16288 12 85 0.378
16288 7 45 0.3701
16298 12 81 0.3465
16309 12 79 0.378
16309 7 45 0.378
16319 12 73 0.3622
16329 10 89 0.3937
16329 41 41 0.4173
16340 10 101 0.4331
16350 10 96 0.4409
16360 10 93 0.4488
16371 12 89 0.4567
16371 7 57 0.3701
16371 7 65 0.4409
16381 12 84 0.4567
16391 12 81 0.4567
16391 7 57 0.3858
16391 7 65 0.4567
16402 12 77 0.4724
16412 10 88 0.4882
16412 41 60 0.4094
16412 41 67 0.4882
16422 10 100 0.5276
16432 10 96 0.5039
16443 10 91 0.4961
16453 12 88 0.5512
16453 7 48 0.5433
16463 12 84 0.5197
16474 12 79 0.5748
16474 7 48 0.5748
16484 12 76 0.5591
16494 41 85 0.5748
16494 41 82 0.5748
16494 41 79 0.5748
16494 41 91 0.685
16494 10 40 0.5591
16505 10 46 0.5039
16515 10 49 0.5039
16525 10 52 0.5039
16536 20 73 0.4724
16536 20 70 0.4724
16536 20 67 0.4724
16536 20 79 0.5669
16536 10 52 0.5591
16546 10 58 0.5197
16556 20 73 0.4724
16556 20 70 0.4724
16556 20 67 0.4724
16556 20 79 0.5669
16556 10 61 0.5197
16567 10 64 0.5197
16577 41 86 0.5669
16577 41 83 0.5669
16577 41 80 0.5669
16577 41 92 0.6772
16577 10 41 0.5591
16587 10 47 0.5118
16597 10 50 0.5197
16608 10 53 0.5197
16618 20 74 0.4882
16618 20 71 0.4882
16618 20 68 0.4882
16618 20 80 0.5748
16618 10 53 0.5591
16628 10 59 0.5118
16639 20 74 0.4961
16639 20 71 0.4961
16639 20 68 0.4961
16639 20 80 0.5827
16639 10 62 0.5118
16649 10 65 0.5118
16659 41 87 0.5748
16659 41 84 0.5748
16659 41 81 0.5748
16659 41 93 0.685
16659 10 42 0.5591
16670 10 48 0.5039
16680 10 51 0.5039
16690 10 54 0.5039
16701 20 75 0.4724
16701 20 72 0.4724
16701 20 69 0.4724
16701 20 81 0.5669
16701 10 54 0.5591
16711 10 60 0.5197
16721 20 75 0.4724
16721 20 72 0.4724
16721 20 69 0.4724
16721 20 81 0.5669
16721 10 63 0.5197
16731 10 66 0.5197
16742 41 88 0.5827
16742 41 85 0.5827
16742 41 82 0.5827
16742 41 94 0.6929
16742 10 43 0.5591
16752 10 49 0.5118
16762 10 52 0.5197
16773 10 55 0.5197
16783 20 76 0.4961
16783 20 73 0.4961
16783 20 70 0.4961
16783 20 82 0.5827
16783 10 55 0.5591
16793 10 61 0.5118
16804 20 76 0.5039
16804 20 73 0.5039
16804 20 70 0.5039
16804 20 82 0.5906
16804 10 64 0.5118
16814 10 67 0.5118
16824 41 77 0.5591
16824 41 74 0.5591
16824 41 71 0.5591
16824 41 83 0.6693
16824 10 44 0.4961
16835 10 50 0.4488
16845 10 53 0.4567
16855 10 56 0.4567
16865 20 78 0.4803
16865 20 75 0.4803
16865 20 72 0.4803
16865 20 84 0.5748
16865 10 57 0.5197
16876 10 63 0.4882
16886 20 75 0.4961
16886 20 78 0.4961
16886 20 72 0.4961
16886 20 84 0.5906
16886 10 66 0.4882
16896 10 69 0.4961
16907 41 79 0.5669
16907 41 76 0.5669
16907 41 73 0.5669
16907 41 85 0.6772
16907 10 46 0.5354
16917 10 52 0.4961
16927 10 55 0.5118
16938 10 58 0.5197
16948 20 80 0.4882
16948 20 77 0.4882
16948 20 74 0.4882
16948 20 86 0.5748
16948 10 59 0.5591
16958 10 65 0.5197
16969 20 80 0.5039
16969 20 77 0.5039
16969 20 74 0.5039
16969 20 86 0.5984
16969 10 68 0.5197
16979 10 71 0.5276
16989 20 75 0.5591
16989 20 78 0.5591
16989 20 81 0.5591
16989 20 87 0.6457
16989 10 48 0.5827
16999 10 54 0.5276
17010 20 75 0.5591
17010 20 78 0.5591
17010 20 81 0.5591
17010 20 87 0.6535
17010 10 57 0.5276
17020 10 60 0.5354
17030 20 76 0.5748
17030 20 79 0.5748
17030 20 82 0.5748
17030 20 88 0.6614
17030 10 49 0.5984
17041 10 55 0.5591
17051 20 76 0.5827
17051 20 79 0.5827
17051 20 82 0.5827
17051 20 88 0.6772
17051 10 58 0.5669
17061 10 61 0.5748
17072 20 77 0.5906
17072 20 80 0.5906
17072 20 83 0.5906
17072 20 89 0.685
17072 10 50 0.622
17082 10 56 0.5748
17092 20 77 0.5984
17092 20 80 0.5984
17092 20 83 0.5984
17092 20 89 0.7008
17092 10 59 0.5906
17103 10 62 0.5906
17113 20 77 0.6142
17113 20 80 0.6142
17113 20 83 0.6142
17113 20 89 0.7087
17113 10 65 0.6457
17123 10 59 0.5984
17134 20 77 0.622
17134 20 80 0.622
17134 20 83 0.622
17134 20 89 0.7244
17134 10 62 0.5984
17144 10 65 0.6063
17154 41 77 0.6693
17154 41 83 0.6693
17154 41 86 0.6693
17154 41 89 0.7717
17154 41 56 0.5118
17154 41 68 0.6142
17237 41 76 0.6693
17237 41 81 0.6693
17237 41 84 0.6693
17237 41 88 0.7717
17237 41 57 0.5118
17237 41 69 0.6142
17319 41 74 0.6693
17319 41 81 0.6693
17319 41 84 0.6693
17319 41 86 0.7717
17319 41 41 0.5118
17319 41 45 0.5118
17319 41 50 0.5118
17319 41 53 0.6142
17402 41 74 0.6693
17402 41 79 0.6693
17402 41 83 0.6693
17402 41 86 0.7717
17402 41 43 0.5118
17402 41 47 0.5118
17402 41 50 0.5118
17402 41 55 0.6142
17484 10 52 0.3937
17484 10 36 0.252
17494 10 64 0.252
17494 10 48 0.2047
17505 10 60 0.252
17505 10 55 0.252
17505 10 43 0.2047
17515 10 64 0.252
17515 10 48 0.2047
17525 10 54 0.3937
17525 10 44 0.252
17536 10 66 0.252
17536 10 51 0.2047
17546 10 60 0.252
17546 10 63 0.252
17546 10 48 0.1969
17556 10 66 0.252
17556 10 51 0.1969
17567 10 55 0.4016
17567 10 43 0.252
17577 10 67 0.252
17577 10 52 0.2047
17587 10 60 0.252
17587 10 64 0.252
17587 10 48 0.2047
17597 10 67 0.252
17597 10 52 0.2126
17608 10 55 0.3937
17608 10 43 0.2598
17618 10 67 0.2598
17618 10 53 0.2126
17628 10 59 0.2598
17628 10 62 0.2598
17628 10 50 0.2126
17639 10 67 0.2598
17639 10 53 0.2126
17649 10 60 0.4646
17649 10 48 0.2598
17659 10 72 0.2598
17659 10 55 0.2126
17670 10 67 0.2598
17670 10 64 0.2598
17670 10 52 0.2126
17680 10 72 0.2598
17680 10 55 0.2126
17690 10 60 0.4331
17690 10 44 0.2598
17701 10 72 0.2598
17701 10 54 0.2126
17711 10 63 0.2598
17711 10 66 0.2598
17711 10 51 0.2047
17721 10 72 0.2677
17721 10 54 0.2047
17731 10 60 0.4331
17731 10 43 0.2677
17742 10 72 0.2677
17742 10 55 0.2126
17752 10 64 0.2677
17752 10 67 0.2677
17752 10 48 0.2205
17752 10 52 0.2205
17762 10 72 0.2677
17762 10 55 0.2283
17773 10 59 0.4173
17773 10 43 0.2756
17783 10 71 0.2677
17783 10 55 0.2205
17793 10 62 0.2677
17793 10 67 0.2677
17793 10 47 0.2205
17793 10 50 0.2205
17804 10 71 0.2677
17804 10 55 0.2205
17814 10 64 0.4803
17814 10 48 0.3228
17824 10 76 0.3228
17824 10 60 0.2598
17835 10 72 0.3228
17835 10 67 0.3228
17835 10 55 0.2598
17845 10 76 0.3228
17845 10 60 0.2598
17855 10 66 0.4961
17855 10 56 0.3307
17865 10 78 0.3307
17865 10 63 0.2677
17876 10 72 0.3307
17876 10 75 0.3307
17876 10 60 0.2598
17886 10 78 0.3307
17886 10 63 0.2598
17896 10 67 0.5197
17896 10 55 0.3386
17907 10 79 0.3386
17907 10 64 0.2756
17917 10 72 0.3386
17917 10 76 0.3386
17917 10 60 0.2756
17927 10 79 0.3465
17927 10 64 0.2913
17938 10 67 0.5276
17938 10 55 0.3622
17948 10 79 0.3465
17948 10 65 0.2835
17958 10 71 0.3543
17958 10 74 0.3543
17958 10 62 0.2913
17969 10 79 0.3622
17969 10 65 0.2913
17979 10 72 0.5748
17979 10 60 0.3701
17989 10 84 0.3701
17989 10 67 0.2913
17999 10 79 0.3701
17999 10 76 0.3701
17999 10 64 0.2992
18010 10 84 0.3701
18010 10 67 0.2992
18020 10 72 0.5669
18020 10 56 0.378
18030 10 84 0.378
18030 10 66 0.3071
18041 10 75 0.378
18041 10 78 0.378
18041 10 63 0.2992
18051 10 84 0.378
18051 10 66 0.2992
18061 10 72 0.5827
18061 10 55 0.3937
18072 10 84 0.3858
18072 10 67 0.315
18082 10 76 0.3858
18082 10 79 0.3858
18082 10 60 0.315
18082 10 64 0.315
18092 10 84 0.3937
18092 10 67 0.3307
18103 10 71 0.5433
18103 10 55 0.4094
18113 10 83 0.3937
18113 10 67 0.3228
18123 10 74 0.4016
18123 10 79 0.4016
18123 10 59 0.3307
18123 10 62 0.3307
18134 10 83 0.4094
18134 10 67 0.3307
18144 10 76 0.5591
18144 10 60 0.3858
18154 10 88 0.3858
18154 10 72 0.3071
18164 10 84 0.3858
18164 10 79 0.3858
18164 10 67 0.3071
18175 10 88 0.3937
18175 10 72 0.315
18185 10 78 0.5669
18185 10 68 0.3937
18195 10 90 0.3937
18195 10 75 0.315
18206 10 84 0.3937
18206 10 87 0.3937
18206 10 72 0.315
18216 10 90 0.3937
18216 10 75 0.315
18226 10 79 0.5827
18226 10 67 0.4094
18237 10 91 0.4016
18237 10 76 0.3307
18247 10 84 0.4016
18247 10 88 0.4016
18247 10 72 0.3307
18257 10 91 0.4094
18257 10 76 0.3465
18268 10 79 0.5906
18268 10 67 0.4331
18278 10 91 0.4094
18278 10 74 0.3386
18288 10 83 0.4173
18288 10 86 0.4173
18288 10 71 0.3386
18298 10 91 0.4252
18298 10 74 0.3465
18309 10 79 0.622
18309 10 55 0.4724
18319 10 91 0.4724
18319 10 67 0.378
18329 10 88 0.4803
18329 10 84 0.4803
18329 10 60 0.378
18329 10 64 0.378
18340 10 91 0.4882
18340 10 67 0.3858
18350 10 79 0.6614
18350 10 55 0.4882
18360 10 91 0.4961
18360 10 67 0.3937
18371 10 83 0.4961
18371 10 86 0.4961
18371 10 59 0.3858
18371 10 62 0.3858
18381 10 91 0.5039
18381 10 67 0.4094
18391 10 79 0.7087
18391 10 43 0.5276
18402 10 91 0.5197
18402 10 55 0.4331
18412 10 84 0.5276
18412 10 88 0.5276
18412 10 48 0.4331
18412 10 52 0.4331
18422 10 91 0.5433
18422 10 55 0.4488
18432 10 79 0.7323
18432 10 43 0.5748
18443 10 91 0.5512
18443 10 55 0.4567
18453 10 83 0.5591
18453 10 86 0.5591
18453 10 47 0.4567
18453 10 50 0.4567
18463 10 91 0.5827
18463 10 55 0.4724
18474 10 88 0.7638
18474 10 84 0.6457
18474 10 79 0.6457
18474 20 36 0.5039
18474 20 48 0.5984
18484 10 91 0.7008
18494 10 86 0.7717
18494 10 83 0.6457
18494 10 79 0.6457
18494 20 31 0.4567
18494 20 43 0.5512
18505 10 91 0.7165
18515 10 88 0.7795
18515 10 84 0.6693
18515 10 79 0.6693
18515 20 36 0.5197
18515 20 48 0.622
18525 10 91 0.7323
18536 10 86 0.7953
18536 10 83 0.6772
18536 10 79 0.6772
18536 20 31 0.4724
18536 20 43 0.5748
18546 10 91 0.7402
18556 10 88 0.811
18556 10 84 0.685
18556 10 79 0.685
18556 20 36 0.5433
18556 20 48 0.6378
18567 10 91 0.7559
18577 10 86 0.8268
18577 10 83 0.7008
18577 10 79 0.7008
18577 20 31 0.4961
18577 20 43 0.5906
18587 10 91 0.7953
18597 10 88 0.8425
18597 10 84 0.7087
18597 10 79 0.7087
18597 20 36 0.5591
18597 20 48 0.6693
18608 10 91 0.7795
18618 10 86 0.8504
18618 10 83 0.7165
18618 10 79 0.7165
18618 20 31 0.5039
18618 20 43 0.5984
18628 10 91 0.7874
18639 10 72 0.6535
18639 10 76 0.6535
18639 10 79 0.7323
18639 10 84 0.8661
18639 10 36 0.5354
18639 10 40 0.5984
18639 10 43 0.5984
18639 10 48 0.7087
18659 10 84 0.6535
18659 10 72 0.5354
18670 10 79 0.6378
18670 10 67 0.5276
18680 10 76 0.6378
18680 10 64 0.5118
18690 10 72 0.6299
18690 10 60 0.5039
18701 10 67 0.6142
18701 10 55 0.4961
18711 10 64 0.5984
18711 10 52 0.4961
18721 10 60 0.5748
18721 10 48 0.4724
18731 10 55 0.5827
18731 10 43 0.4803
18742 10 60 0.5906
18742 10 48 0.4882
18752 10 64 0.5984
18752 10 52 0.4961
18762 10 67 0.6063
18762 10 55 0.5039
18773 10 72 0.6142
18773 10 60 0.5118
18783 10 76 0.622
18783 10 64 0.5197
18793 10 79 0.6299
18793 10 67 0.5276
18804 10 72 0.6693
18804 10 76 0.6693
18804 10 79 0.6693
18804 10 84 0.7953
18804 10 60 0.5354
18804 10 64 0.5354
18804 10 67 0.5354
18804 10 72 0.6299
18824 10 88 0.6535
18824 10 76 0.5354
18835 10 84 0.6378
18835 10 72 0.5276
18845 10 79 0.6378
18845 10 67 0.5118
18855 10 76 0.6299
18855 10 64 0.5039
18865 10 72 0.6142
18865 10 60 0.4961
18876 10 67 0.5984
18876 10 55 0.4961
18886 10 64 0.5748
18886 10 52 0.4724
18896 10 60 0.5827
18896 10 48 0.4803
18907 10 64 0.5906
18907 10 52 0.4882
18917 10 67 0.5984
18917 10 55 0.4961
18927 10 72 0.6063
18927 10 60 0.5039
18938 10 76 0.6142
18938 10 64 0.5118
18948 10 79 0.622
18948 10 67 0.5197
18958 10 84 0.6299
18958 10 72 0.5276
18969 10 76 0.6693
18969 10 79 0.6693
18969 10 84 0.6693
18969 10 88 0.7953
18969 10 64 0.5354
18969 10 67 0.5354
18969 10 72 0.5354
18969 10 76 0.6299
18989 10 91 0.6535
18989 10 79 0.5354
18999 10 88 0.6378
18999 10 76 0.5276
19010 10 84 0.6378
19010 10 72 0.5118
19020 10 79 0.6299
19020 10 67 0.5039
19030 10 76 0.6142
19030 10 64 0.4961
19041 10 72 0.5984
19041 10 60 0.4961
19051 10 67 0.5748
19051 10 55 0.4724
19061 10 64 0.5827
19061 10 52 0.4803
19072 10 67 0.5906
19072 10 55 0.4882
19082 10 72 0.5984
19082 10 60 0.4961
19092 10 76 0.6063
19092 10 64 0.5039
19103 10 79 0.6142
19103 10 67 0.5118
19113 10 84 0.622
19113 10 72 0.5197
19123 10 88 0.6299
19123 10 76 0.5276
19134 10 79 0.6693
19134 10 84 0.6693
19134 10 88 0.6693
19134 10 91 0.7953
19134 10 67 0.5354
19134 10 72 0.5354
19134 10 76 0.5354
19134 10 79 0.6299
19154 10 96 0.6535
19154 10 84 0.5354
19164 10 91 0.6378
19164 10 79 0.5276
19175 10 88 0.6378
19175 10 76 0.5118
19185 10 84 0.6299
19185 10 72 0.5039
19195 10 79 0.6142
19195 10 67 0.4961
19206 10 76 0.5984
19206 10 64 0.4961
19216 10 72 0.5748
19216 10 60 0.4724
19226 10 67 0.5827
19226 10 55 0.4803
19237 10 72 0.5906
19237 10 60 0.4882
19247 10 76 0.5984
19247 10 64 0.4961
19257 10 79 0.6063
19257 10 67 0.5039
19268 10 84 0.6142
19268 10 72 0.5118
19278 10 88 0.622
19278 10 76 0.5197
19288 10 91 0.6299
19288 10 79 0.5276
19298 10 84 0.6693
19298 10 88 0.6693
19298 10 91 0.6693
19298 10 96 0.7953
19298 10 72 0.5354
19298 10 76 0.5354
19298 10 79 0.5354
19298 10 84 0.6299
19319 10 100 0.7008
19319 10 60 0.5748
19329 10 96 0.685
19329 10 55 0.5591
19340 10 91 0.6614
19340 10 52 0.5433
19350 10 88 0.6378
19350 10 48 0.5276
19360 10 84 0.622
19360 10 43 0.5118
19371 10 79 0.5984
19371 10 40 0.4961
19381 10 76 0.5748
19381 10 36 0.4724
19391 10 72 0.5827
19391 10 31 0.4803
19402 10 76 0.5906
19402 10 36 0.4882
19412 10 79 0.5984
19412 10 40 0.4961
19422 10 84 0.6063
19422 10 43 0.5039
19432 10 88 0.6142
19432 10 48 0.5118
19443 10 91 0.622
19443 10 52 0.5197
19453 10 96 0.6299
19453 10 55 0.5276
19463 41 88 0.685
19463 41 91 0.685
19463 41 96 0.685
19463 41 100 0.811
19463 41 48 0.5591
19463 41 52 0.5591
19463 41 55 0.5591
19463 41 60 0.6614
19546 41 79 0.7008
19546 41 83 0.7008
19546 41 86 0.7008
19546 41 91 0.8346
19546 41 43 0.5591
19546 41 47 0.5591
19546 41 50 0.5591
19546 41 55 0.6614
19628 41 76 0.7008
19628 41 79 0.7008
19628 41 84 0.7008
19628 41 88 0.8346
19628 41 48 0.5591
19628 41 52 0.5591
19628 41 55 0.5591
19628 41 60 0.6614
19711 41 79 0.7008
19711 41 83 0.7008
19711 41 86 0.7008
19711 41 91 0.8346
19711 41 43 0.5591
19711 41 47 0.5591
19711 41 50 0.5591
19711 41 55 0.6614
19793 10 72 0.4409
19793 10 48 0.3543
19804 10 84 0.4488
19804 10 60 0.378
19814 10 78 0.4724
19814 10 75 0.3937
19814 10 72 0.3937
19814 10 54 0.3937
19814 10 51 0.3386
19814 10 48 0.3386
19824 10 84 0.4961
19824 10 60 0.4173
19835 10 72 0.4252
19835 10 76 0.4252
19835 10 79 0.5118
19835 10 48 0.3701
19835 10 52 0.3701
19835 10 55 0.4331
19845 10 84 0.5276
19845 10 60 0.4646
19855 10 78 0.5512
19855 10 75 0.4646
19855 10 72 0.4646
19855 10 54 0.4882
19855 10 51 0.4094
19855 10 48 0.4094
19865 10 84 0.5669
19865 10 60 0.5039
19876 10 72 0.4882
19876 10 76 0.4882
19876 10 79 0.5827
19876 10 48 0.4409
19876 10 52 0.4409
19876 10 55 0.5197
19886 10 84 0.6063
19886 10 60 0.5512
19896 10 78 0.6299
19896 10 75 0.5276
19896 10 72 0.5276
19896 10 54 0.5748
19896 10 51 0.4803
19896 10 48 0.4803
19907 10 84 0.6535
19907 10 60 0.5906
19917 10 72 0.5591
19917 10 76 0.5591
19917 10 79 0.6693
19917 10 48 0.5118
19917 10 52 0.5118
19917 10 55 0.5984
19927 10 84 0.6457
19927 10 60 0.5827
19938 10 78 0.6299
19938 10 75 0.5354
19938 10 72 0.5354
19938 10 54 0.5669
19938 10 51 0.4724
19938 10 48 0.4724
19948 10 84 0.6142
19948 10 60 0.5512
19958 41 72 0.6378
19958 41 76 0.6378
19958 41 79 0.6378
19958 41 84 0.7638
19958 41 48 0.5039
19958 41 52 0.5039
19958 41 55 0.5039
19958 41 60 0.6063
20041 41 84 0.7008
20041 41 88 0.7008
20041 41 91 0.7008
20041 41 96 0.8346
20041 41 60 0.5591
20041 41 64 0.5591
20041 41 67 0.5591
20041 41 72 0.6614
20123 82 52 0.7008
20123 82 55 0.7008
20123 82 60 0.8346
20123 82 36 0.5591
20123 82 40 0.5591
20123 82 43 0.5591
20123 82 48 0.6614
