89 7 50 0.3622
120 9 55 0.3937
129 10 50 0.2835
140 9 57 0.2835
150 7 58 0.3937
179 10 57 0.3937
190 10 50 0.2835
200 10 58 0.2835
210 7 60 0.3937
240 10 58 0.3937
250 9 50 0.2756
259 10 60 0.2756
270 7 62 0.3937
300 10 55 0.3937
310 9 50 0.2835
320 10 57 0.2835
330 7 58 0.3937
359 10 57 0.3937
370 9 51 0.2992
380 10 58 0.2992
390 7 60 0.3937
420 9 54 0.3937
430 9 48 0.315
439 10 55 0.315
450 7 57 0.3937
480 9 55 0.3937
489 10 50 0.315
500 9 57 0.3228
509 7 58 0.3937
540 15 57 0.3937
562 7 54 0.3465
570 7 50 0.4567
600 9 55 0.3937
610 10 50 0.2992
620 9 57 0.2992
630 7 58 0.3937
660 9 57 0.3937
669 10 50 0.2992
680 9 58 0.2992
690 7 60 0.3937
719 9 58 0.3937
729 10 50 0.2913
740 9 60 0.2913
750 7 62 0.3937
780 9 55 0.3937
790 10 50 0.315
800 9 57 0.315
810 7 58 0.3937
840 9 57 0.3937
850 9 51 0.315
860 9 58 0.315
869 7 60 0.3937
900 9 59 0.3937
910 9 50 0.3071
919 9 60 0.315
929 7 62 0.3937
960 10 60 0.3937
970 9 55 0.3228
979 10 62 0.3228
990 7 63 0.3937
1019 10 59 0.4252
1030 9 53 0.3543
1039 10 60 0.3543
1050 7 62 0.4409
1080 10 60 0.4646
1090 9 55 0.378
1099 10 62 0.378
1110 7 63 0.4646
1140 9 63 0.4961
1150 9 55 0.4016
1160 9 65 0.4016
1170 7 67 0.4803
1200 9 66 0.5512
1210 9 54 0.4173
1220 9 67 0.4252
1230 7 69 0.5197
1260 7 62 0.5276
1290 7 62 0.5039
1320 10 67 0.5039
1330 9 62 0.378
1339 10 69 0.378
1350 7 70 0.5039
1380 10 69 0.5039
1390 9 62 0.3937
1399 10 70 0.3937
1410 7 72 0.5039
1439 10 70 0.5039
1450 9 62 0.3858
1459 10 72 0.3858
1470 7 74 0.5039
1500 9 67 0.5039
1510 9 62 0.3937
1520 9 69 0.4094
1530 7 70 0.5039
1560 9 69 0.5039
1570 9 63 0.4094
1580 9 70 0.4094
1589 7 72 0.5039
1620 10 66 0.5039
1630 9 60 0.4016
1639 10 67 0.4016
1650 7 69 0.5039
1680 9 67 0.5039
1689 10 62 0.4252
1700 9 69 0.4252
1709 7 70 0.5039
1739 15 69 0.5039
1762 7 66 0.4094
1770 7 62 0.5591
1800 10 67 0.5039
1810 9 62 0.3858
1820 10 69 0.3937
1830 7 70 0.5039
1859 10 69 0.5039
1870 9 62 0.4016
1879 10 70 0.4094
1889 7 72 0.5039
1920 9 70 0.5039
1929 10 62 0.4331
1940 9 72 0.4331
1950 7 74 0.5039
1980 9 75 0.5591
1989 10 67 0.4409
2000 9 77 0.4409
2009 7 79 0.5039
2039 9 69 0.4646
2049 10 60 0.3701
2060 9 70 0.3701
2070 7 72 0.4646
2100 9 74 0.5591
2110 10 65 0.4094
2120 10 75 0.4331
2130 7 77 0.5118
2160 10 67 0.4646
2170 10 58 0.3465
2180 9 69 0.3465
2190 7 70 0.4646
2220 9 72 0.5354
2229 10 63 0.4016
2240 9 74 0.4016
2250 7 75 0.5197
2280 9 66 0.4646
2290 10 57 0.3543
2300 9 67 0.3543
2310 7 69 0.4567
2340 9 72 0.5197
2349 10 63 0.3937
2360 9 74 0.4016
2370 7 75 0.5118
2400 9 66 0.4882
2410 10 57 0.3701
2420 10 67 0.4016
2430 7 69 0.4724
2460 10 72 0.5197
2470 10 63 0.4173
2480 9 74 0.3937
2490 7 75 0.5118
2520 9 66 0.5197
2529 10 57 0.4016
2540 9 67 0.4016
2550 7 69 0.5039
2580 9 60 0.4646
2590 10 57 0.3701
2600 9 62 0.3543
2610 7 63 0.4409
2640 9 54 0.4252
2649 10 50 0.2992
2660 9 55 0.2992
2670 7 57 0.4094
2700 7 50 0.3937
2730 7 50 0.4094
2760 10 55 0.3937
2770 10 50 0.2913
2780 9 57 0.2913
2790 7 58 0.3937
2820 9 57 0.3937
2829 10 50 0.2992
2840 9 58 0.2992
2850 7 60 0.3937
2879 10 58 0.3937
2890 10 50 0.2913
2900 9 60 0.3071
2910 7 62 0.4016
2940 9 55 0.4094
2949 10 50 0.315
2960 9 57 0.315
2970 7 58 0.4173
3000 9 57 0.4331
3010 10 51 0.3307
3020 9 58 0.3307
3029 7 60 0.4409
3060 9 59 0.4488
3069 10 53 0.3465
3080 9 60 0.3858
3090 7 62 0.4567
3120 9 60 0.4724
3129 10 51 0.378
3140 10 62 0.3858
3150 7 63 0.4803
3179 10 59 0.4882
3190 10 53 0.4173
3200 10 60 0.4252
3210 7 62 0.4961
3240 10 60 0.5118
3250 10 55 0.4331
3260 9 62 0.4409
3269 15 63 0.5197
3285 14 60 0.4961
3300 9 62 0.5276
3309 10 55 0.4567
3320 9 63 0.4567
3329 7 65 0.5354
3360 9 64 0.5512
3369 10 55 0.4724
3379 10 66 0.4724
3390 14 67 0.5512
3419 10 67 0.5906
3429 10 58 0.5118
3440 10 69 0.5039
3450 14 70 0.5906
3479 60 62 0.5748
3479 60 74 0.6772
3540 60 62 0.5197
3540 60 66 0.6142
3540 60 57 0.5197
3600 9 64 0.5512
3609 10 55 0.4724
3620 9 66 0.4724
3629 14 67 0.5512
3660 9 67 0.5827
3669 10 58 0.5276
3679 10 69 0.5512
3690 14 70 0.6457
3719 60 74 0.6299
3719 60 70 0.6299
3719 60 79 0.7402
3779 60 66 0.5669
3779 60 74 0.6693
3779 60 69 0.5669
3840 60 62 0.5669
3840 60 67 0.6693
3840 60 58 0.5669
3959 29 53 0.3386
3989 29 55 0.3386
4020 29 57 0.3386
4050 29 58 0.3386
4080 30 60 0.3386
4109 29 62 0.3622
4140 29 63 0.3858
4169 30 65 0.4409
4202 116 67 0.5433
4230 30 65 0.4646
4260 29 63 0.4409
4290 29 62 0.3937
4320 60 67 0.4646
4380 30 69 0.4331
4409 29 71 0.4646
4432 157 63 0.4724
4442 147 75 0.5433
4590 42 74 0.4016
4632 12 72 0.4331
4644 11 70 0.4173
4655 12 69 0.4016
4668 11 67 0.3937
4680 30 63 0.4646
4681 190 65 0.4646
4710 29 62 0.4173
4740 29 60 0.3858
4769 30 58 0.378
4872 12 67 0.3307
4884 11 69 0.3622
4895 12 70 0.3937
4908 11 72 0.4252
4922 27 74 0.4961
4935 14 62 0.252
4950 29 72 0.4409
4980 30 70 0.4961
4980 90 79 0.5118
4995 15 58 0.252
5010 29 69 0.4252
5040 29 67 0.378
5055 105 58 0.2913
5070 30 65 0.3465
5070 30 77 0.4094
5100 29 64 0.3701
5100 14 76 0.4409
5115 7 77 0.3465
5122 7 76 0.2756
5130 14 62 0.3543
5130 14 74 0.4173
5145 14 72 0.378
5145 15 60 0.315
5160 29 72 0.4173
5175 14 60 0.252
5190 29 70 0.4173
5220 30 69 0.3858
5220 89 77 0.4567
5235 14 57 0.252
5250 29 67 0.4252
5280 30 65 0.378
5295 105 57 0.2913
5310 29 76 0.4094
5310 29 64 0.3465
5340 29 62 0.3701
5340 14 74 0.4409
5355 3 76 0.3386
5358 3 74 0.3465
5362 3 73 0.3543
5366 3 74 0.3622
5369 15 76 0.4252
5370 15 64 0.3543
5385 14 65 0.3622
5385 14 77 0.4331
5400 29 77 0.4803
5415 14 65 0.2913
5430 30 76 0.4173
5460 44 74 0.4567
5475 14 65 0.2362
5505 14 72 0.4094
5520 30 72 0.4567
5535 14 60 0.2913
5550 29 70 0.4173
5580 45 69 0.4567
5595 15 60 0.2441
5625 14 67 0.4094
5640 119 67 0.3386
5655 60 58 0.2913
5715 44 58 0.2913
5759 30 65 0.3386
5775 44 57 0.2441
5790 29 63 0.3386
5820 30 62 0.3701
5850 59 61 0.315
5909 30 62 0.3386
5999 29 60 0.3386
6029 29 62 0.3622
6060 29 63 0.3858
6090 29 65 0.4409
6123 116 67 0.5276
6150 29 65 0.4646
6180 29 63 0.4409
6209 30 62 0.3937
6240 60 67 0.4646
6300 29 69 0.4331
6330 29 71 0.4646
6352 157 63 0.4724
6360 149 75 0.5433
6509 42 74 0.4016
6552 12 72 0.4331
6564 11 70 0.4173
6575 12 69 0.4016
6588 12 67 0.3937
6599 29 63 0.4646
6601 190 65 0.4646
6629 29 62 0.4173
6660 29 60 0.3858
6689 29 58 0.378
6792 12 67 0.3307
6804 11 69 0.3622
6816 12 70 0.3937
6828 11 72 0.4252
6842 27 74 0.4961
6855 15 62 0.252
6870 29 72 0.4409
6900 29 70 0.4961
6900 89 79 0.4961
6914 15 58 0.252
6930 29 69 0.4252
6959 29 67 0.378
6975 104 58 0.2913
6989 30 65 0.3465
6990 29 77 0.4094
7020 29 64 0.3701
7020 14 76 0.4409
7034 7 77 0.3071
7042 7 76 0.2835
7049 15 74 0.4173
7050 14 62 0.3543
7065 15 60 0.315
7065 14 72 0.378
7080 29 72 0.4173
7095 14 60 0.252
7109 29 70 0.4173
7139 30 69 0.3858
7140 89 77 0.4567
7155 15 57 0.252
7170 29 67 0.4252
7200 29 65 0.378
7214 105 57 0.2913
7230 29 64 0.3465
7230 29 76 0.4094
7259 15 74 0.4409
7259 29 62 0.3701
7275 3 76 0.3386
7278 3 74 0.3465
7282 3 73 0.3543
7286 3 74 0.3622
7289 14 76 0.4252
7290 15 64 0.3543
7304 15 77 0.4331
7305 14 65 0.3622
7320 29 77 0.4803
7334 15 65 0.2913
7350 29 76 0.4173
7380 45 74 0.4567
7395 14 65 0.2362
7425 14 72 0.4094
7439 30 72 0.4567
7455 15 60 0.2913
7470 29 70 0.4173
7500 45 69 0.4567
7514 15 60 0.2441
7545 14 67 0.4094
7559 120 67 0.3386
7575 59 58 0.2913
7634 45 58 0.2913
7680 59 65 0.3386
7695 44 57 0.2441
7799 29 65 0.3386
7814 15 63 0.2362
7829 29 67 0.3386
7859 29 69 0.3386
7875 14 63 0.2835
7890 30 70 0.3386
7920 29 72 0.3386
7934 15 63 0.2441
7949 29 74 0.3622
7980 29 75 0.3858
7995 14 63 0.2441
8009 29 77 0.4409
8041 29 78 0.4882
8055 15 63 0.2756
8070 29 77 0.4646
8099 29 75 0.4409
8114 15 63 0.252
8129 29 73 0.3937
8160 29 72 0.3386
8175 14 63 0.2362
8190 30 70 0.3228
8220 29 69 0.3386
8235 15 63 0.2362
8251 29 70 0.315
8280 29 65 0.2835
8280 29 69 0.2835
8295 14 63 0.1969
8310 29 67 0.2835
8339 30 69 0.2835
8355 15 63 0.2362
8370 29 70 0.2835
8399 29 72 0.2835
8415 15 63 0.2047
8429 29 73 0.3071
8460 29 75 0.3228
8475 14 63 0.2047
8489 30 77 0.3701
8521 29 78 0.4094
8535 15 63 0.2283
8550 29 77 0.3937
8580 45 75 0.3701
8595 14 63 0.2126
8625 14 73 0.3307
8641 29 73 0.2835
8655 15 63 0.1969
8670 29 72 0.2677
8700 7 70 0.2835
8707 7 72 0.2835
8715 30 70 0.3228
8715 15 60 0.3228
8745 14 68 0.2677
8761 178 73 0.2835
8775 59 61 0.2835
8835 60 61 0.2835
8895 59 61 0.2835
8955 15 61 0.2835
8970 44 61 0.3465
9015 60 61 0.2835
9075 59 61 0.2835
9135 60 61 0.2835
9195 29 61 0.2835
9225 45 61 0.2835
9255 15 58 0.2362
9270 29 63 0.2283
9300 29 65 0.2913
9315 15 58 0.2362
9330 29 66 0.3071
9360 29 68 0.3228
9375 14 58 0.2835
9390 30 70 0.3386
9420 29 71 0.3622
9435 15 58 0.2362
9450 29 73 0.378
9481 28 74 0.4252
9495 14 59 0.2756
9510 29 71 0.3701
9540 30 68 0.3543
9555 15 59 0.2362
9570 29 65 0.3228
9600 59 62 0.3622
9615 15 56 0.2913
9630 29 59 0.3228
9660 15 56 0.315
9675 14 53 0.2992
9690 15 50 0.2835
9705 15 47 0.2677
9720 29 61 0.2835
9735 15 58 0.2362
9750 29 63 0.2283
9780 29 65 0.2913
9795 14 58 0.2362
9810 29 66 0.3071
9840 30 68 0.3228
9855 15 58 0.2835
9870 29 70 0.3386
9900 29 71 0.3465
9915 15 58 0.2362
9930 29 72 0.3701
9960 29 73 0.4252
9975 14 58 0.2756
9990 30 70 0.3228
10020 29 67 0.3543
10035 15 58 0.2362
10050 29 64 0.3228
10080 29 61 0.3386
10095 14 55 0.2598
10110 29 58 0.3228
10140 52 57 0.3622
10160 32 53 0.252
10180 12 51 0.2126
10192 7 58 0.2835
10200 29 58 0.2835
10200 29 53 0.2677
10230 29 55 0.2756
10260 29 57 0.2835
10290 30 58 0.2913
10320 29 60 0.2992
10350 29 62 0.3307
10380 29 63 0.3622
10410 29 65 0.4252
10442 117 67 0.5118
10470 29 65 0.4646
10500 29 63 0.4409
10530 29 62 0.3937
10560 60 67 0.4646
10619 29 69 0.4331
10649 29 71 0.4646
10672 157 63 0.4724
10680 150 75 0.5433
10830 41 74 0.4016
10871 12 72 0.4331
10884 11 70 0.4173
10896 12 69 0.4016
10908 12 67 0.3937
10920 29 63 0.4646
10921 190 65 0.4646
10950 29 62 0.4173
10980 29 60 0.3858
11010 29 58 0.378
11111 12 67 0.3307
11124 12 69 0.3622
11136 12 70 0.3937
11148 11 72 0.4252
11160 29 74 0.4961
11175 14 62 0.3465
11190 30 72 0.4409
11220 29 70 0.4961
11221 88 79 0.4961
11235 15 58 0.3307
11250 29 69 0.4252
11280 29 67 0.378
11295 104 58 0.2913
11310 29 65 0.3465
11310 29 77 0.4094
11340 15 76 0.4409
11340 30 64 0.3701
11355 7 77 0.3465
11362 7 76 0.2913
11370 14 62 0.3543
11370 14 74 0.4173
11384 15 72 0.378
11385 15 60 0.315
11400 29 72 0.4173
11415 15 60 0.252
11430 29 70 0.4173
11460 29 69 0.3858
11460 89 77 0.4567
11475 14 57 0.252
11490 29 67 0.4252
11519 30 65 0.378
11535 104 57 0.2913
11550 29 64 0.3465
11550 29 76 0.4094
11580 29 62 0.3701
11580 14 74 0.4409
11594 3 76 0.3386
11598 3 74 0.3465
11602 3 73 0.3543
11606 3 74 0.3622
11609 15 64 0.3543
11610 15 76 0.4252
11624 14 65 0.3622
11625 14 77 0.4331
11640 29 77 0.4803
11655 14 65 0.2913
11669 30 76 0.4173
11700 44 74 0.4567
11715 15 65 0.2362
11744 15 72 0.4094
11760 29 72 0.4567
11775 14 60 0.2913
11790 29 70 0.4173
11819 45 69 0.4567
11835 15 60 0.2441
11865 15 67 0.4094
11880 120 67 0.3386
11894 60 58 0.2913
11955 59 58 0.2913
12000 59 65 0.3386
12015 45 57 0.2441
12120 30 65 0.3386
12135 15 63 0.2362
12149 29 67 0.3386
12179 29 69 0.3386
12194 15 63 0.2835
12210 29 70 0.3386
12239 29 72 0.3386
12255 14 63 0.2441
12269 30 74 0.3622
12301 29 75 0.3858
12315 15 63 0.2441
12330 29 77 0.4409
12361 28 78 0.4882
12375 14 63 0.2756
12390 29 77 0.4646
12420 30 75 0.4409
12435 15 63 0.252
12449 29 73 0.3937
12480 29 72 0.3386
12494 15 63 0.2362
12510 29 70 0.3228
12540 29 69 0.3386
12555 14 63 0.2362
12569 30 70 0.315
12599 29 69 0.2835
12600 29 65 0.2835
12615 15 63 0.1969
12630 29 67 0.2835
12660 29 69 0.2835
12675 14 63 0.2362
12689 29 70 0.2835
12720 30 72 0.2835
12735 15 63 0.2047
12749 29 73 0.3071
12780 29 75 0.3228
12794 15 63 0.2047
12809 30 77 0.3701
12841 30 78 0.4094
12854 15 63 0.2283
12869 30 77 0.3937
12900 44 75 0.3701
12915 14 63 0.2126
12944 15 73 0.3307
12960 30 73 0.2835
12975 15 63 0.1969
12990 29 72 0.2677
13019 7 70 0.2835
13027 7 72 0.2835
13035 30 70 0.2835
13035 15 60 0.1969
13065 14 68 0.2677
13079 180 73 0.2835
13094 59 61 0.2835
13154 60 61 0.2835
13215 59 61 0.2835
13275 15 61 0.2835
13290 44 61 0.3386
13335 59 61 0.2835
13394 59 61 0.2835
13454 60 61 0.2835
13515 29 61 0.2835
13544 45 61 0.2835
13575 15 58 0.2362
13590 29 63 0.2283
13619 30 65 0.2913
13635 15 58 0.2362
13650 29 66 0.3071
13679 30 68 0.3228
13694 15 58 0.2835
13710 30 70 0.3386
13740 29 71 0.3465
13754 15 58 0.2362
13769 30 73 0.3701
13801 30 74 0.4252
13815 14 59 0.2756
13829 30 71 0.3228
13860 30 68 0.3543
13875 15 59 0.2362
13890 29 65 0.3228
13919 59 62 0.3622
13935 15 56 0.2913
13950 29 59 0.3228
13979 15 56 0.315
13994 15 53 0.2992
14010 15 50 0.2835
14025 15 47 0.2677
14040 29 61 0.2835
14054 15 58 0.2362
14069 30 63 0.2283
14100 29 65 0.2913
14115 14 58 0.2362
14129 30 66 0.3071
14160 30 68 0.3228
14175 15 58 0.2835
14190 29 70 0.3386
14219 30 71 0.3465
14235 15 58 0.2362
14250 29 72 0.3386
14281 30 73 0.3937
14294 15 58 0.2756
14310 30 70 0.3228
14340 29 67 0.3543
14354 15 58 0.2362
14369 30 64 0.3228
14400 29 61 0.3386
14415 14 55 0.2598
14429 30 58 0.3228
14460 52 57 0.3622
14480 32 53 0.252
14500 12 51 0.2126
14512 7 58 0.2835
14519 30 53 0.2677
14519 30 58 0.2835
14550 29 55 0.2756
14579 30 57 0.2835
14609 30 58 0.2913
14640 29 60 0.2992
14670 30 62 0.3307
14699 29 63 0.3622
14730 30 65 0.4252
14761 118 67 0.4882
14790 29 65 0.4646
14819 30 63 0.4409
14850 29 62 0.3937
14879 60 67 0.4646
14940 29 69 0.4331
14969 30 71 0.4646
14992 157 63 0.4724
15000 150 75 0.5433
15150 41 74 0.4016
15191 12 72 0.4331
15204 12 70 0.4173
15216 12 69 0.4016
15228 12 67 0.3937
15240 191 65 0.4646
15240 29 63 0.4646
15269 30 62 0.4173
15300 29 60 0.3858
15329 30 58 0.378
15432 11 67 0.3307
15443 12 69 0.3622
15456 12 70 0.3937
15468 11 72 0.4252
15479 30 74 0.4646
15494 15 62 0.252
15510 30 72 0.4331
15540 29 70 0.5118
15554 15 62 0.2913
15569 30 69 0.4252
15601 28 79 0.5433
15629 30 77 0.4409
15660 30 75 0.5039
15675 15 65 0.252
15690 29 74 0.4252
15719 30 72 0.4646
15735 15 60 0.252
15750 29 70 0.4016
15779 30 68 0.4488
15794 15 60 0.252
15810 30 67 0.4094
15841 28 77 0.5118
15869 30 75 0.4409
15900 29 74 0.5039
15915 14 63 0.252
15929 30 72 0.4252
15960 30 70 0.4646
15975 15 62 0.252
15990 29 68 0.4016
16019 30 67 0.4488
16035 15 56 0.252
16050 29 66 0.4094
16079 30 67 0.4646
16094 15 55 0.252
16110 30 63 0.4016
16140 29 62 0.4173
16154 15 55 0.252
16169 30 61 0.378
16200 19 62 0.4173
16219 20 57 0.3228
16240 19 55 0.3228
16260 30 54 0.378
16290 29 55 0.2677
16290 29 52 0.2205
16319 59 54 0.315
16319 59 57 0.378
16319 59 62 0.378
16410 7 50 0.3622
16440 9 55 0.3937
16450 9 50 0.2756
16460 9 57 0.2756
16470 7 58 0.3937
16500 9 57 0.3937
16510 9 50 0.2992
16520 9 58 0.3071
16530 7 60 0.3937
16560 10 58 0.3937
16570 9 50 0.2835
16580 10 60 0.2835
16590 7 62 0.3937
16620 10 55 0.3937
16630 9 50 0.2913
16639 10 57 0.2913
16650 7 58 0.3937
16680 10 57 0.3937
16690 9 51 0.2992
16699 10 58 0.2992
16710 7 60 0.3937
16740 9 54 0.3937
16750 9 48 0.2913
16760 9 55 0.2913
16770 7 57 0.3937
16800 9 55 0.3937
16810 9 50 0.3071
16820 9 57 0.3071
16830 7 58 0.3937
16860 15 57 0.3937
16882 7 54 0.3465
16890 7 50 0.4567
16920 10 55 0.3937
16930 9 50 0.2913
16939 10 57 0.2913
16950 7 58 0.3937
16980 10 57 0.3937
16990 9 50 0.3071
16999 10 58 0.3071
17010 7 60 0.3937
17040 9 58 0.3937
17050 9 50 0.2913
17060 9 60 0.2913
17070 7 62 0.3937
17100 9 55 0.3937
17110 9 50 0.3071
17120 9 57 0.3071
17130 7 58 0.3937
17160 10 57 0.3937
17170 9 51 0.3071
17180 10 58 0.3071
17190 7 60 0.3937
17220 10 59 0.3937
17230 9 50 0.2992
17239 10 60 0.2992
17250 7 62 0.3937
17280 10 60 0.3937
17290 9 55 0.3307
17299 10 62 0.3465
17310 7 63 0.3937
17340 9 59 0.4252
17350 9 53 0.3937
17360 9 60 0.3937
17370 7 62 0.4409
17400 9 60 0.4646
17410 9 55 0.4016
17420 9 62 0.4016
17430 7 63 0.4646
17460 10 63 0.4961
17470 9 55 0.4173
17480 10 65 0.4252
17490 7 67 0.4803
17520 10 66 0.5512
17530 9 54 0.4488
17539 10 67 0.4488
17550 7 69 0.5591
17580 7 62 0.5276
17610 7 62 0.5748
17640 9 67 0.5039
17650 9 62 0.3858
17660 9 69 0.3858
17670 7 70 0.5039
17700 9 69 0.5039
17710 9 62 0.3937
17720 9 70 0.3937
17730 7 72 0.5039
17760 10 70 0.5039
17770 9 62 0.3858
17780 10 72 0.3858
17790 7 74 0.5039
17820 10 67 0.5039
17830 9 62 0.4016
17839 10 69 0.4016
17850 7 70 0.5039
17880 10 69 0.5039
17890 9 63 0.3937
17899 10 70 0.3937
17910 7 72 0.5039
17940 9 66 0.5039
17950 9 60 0.3937
17960 9 67 0.3937
17970 7 69 0.5039
18000 9 67 0.5039
18010 9 62 0.4016
18020 9 69 0.4016
18030 7 70 0.5039
18060 15 69 0.5039
18082 7 66 0.4094
18090 7 62 0.4882
18120 10 67 0.5039
18130 9 62 0.3858
18139 10 69 0.3858
18150 7 70 0.5039
18180 10 69 0.5039
18190 9 62 0.4094
18199 10 70 0.4094
18210 7 72 0.5039
18240 9 70 0.5039
18250 9 62 0.3858
18260 9 72 0.3858
18270 7 74 0.5039
18300 9 75 0.5591
18310 9 67 0.4016
18320 9 77 0.4016
18330 7 79 0.5039
18360 10 69 0.4646
18370 9 60 0.3622
18380 10 70 0.4016
18390 7 72 0.4646
18420 10 74 0.5591
18430 9 65 0.4173
18439 10 75 0.4173
18450 7 77 0.5118
18480 10 67 0.4646
18490 9 58 0.3701
18499 10 69 0.3701
18510 7 70 0.4646
18540 9 72 0.5354
18550 9 63 0.4252
18560 9 74 0.4252
18570 7 75 0.5197
18600 9 66 0.4646
18610 9 57 0.3622
18620 9 67 0.3622
18630 7 69 0.4567
18660 10 72 0.5197
18670 9 63 0.4016
18680 10 74 0.4016
18690 7 75 0.5118
18720 10 66 0.4882
18730 9 57 0.4016
18739 10 67 0.3622
18750 7 69 0.4724
18780 10 72 0.5197
18790 9 63 0.3937
18799 10 74 0.3937
18810 7 75 0.5118
18840 9 66 0.5197
18850 9 57 0.4173
18860 9 67 0.4173
18870 7 69 0.5039
18900 9 60 0.4646
18910 9 57 0.3701
18920 9 62 0.3701
18930 7 63 0.4409
18960 10 54 0.4016
18970 9 50 0.3386
18980 10 55 0.3386
18990 7 57 0.4094
19020 7 50 0.3937
19050 7 50 0.4094
19080 10 55 0.3937
19090 9 50 0.2992
19099 10 57 0.3071
19110 7 58 0.3937
19140 9 57 0.3937
19150 9 50 0.3071
19160 9 58 0.3071
19170 7 60 0.3937
19200 9 58 0.3937
19210 9 50 0.2992
19220 9 60 0.2992
19230 7 62 0.4016
19260 10 55 0.4094
19270 9 50 0.3307
19280 10 57 0.3307
19290 7 58 0.4173
19320 10 57 0.4331
19330 9 51 0.3071
19339 10 58 0.3386
19350 7 60 0.4409
19380 10 59 0.4488
19390 9 53 0.3386
19399 10 60 0.3622
19410 7 62 0.4567
19440 9 60 0.4724
19450 9 51 0.378
19460 9 62 0.3858
19470 7 63 0.4803
19500 9 59 0.4882
19510 9 53 0.4016
19520 9 60 0.4094
19530 7 62 0.4961
19560 10 60 0.5118
19570 9 55 0.4331
19580 10 62 0.4409
19590 14 63 0.5197
19605 15 60 0.4961
19620 10 62 0.5354
19630 9 55 0.4646
19639 10 63 0.4646
19650 7 65 0.5512
19680 10 64 0.5748
19690 9 55 0.4961
19699 10 66 0.4961
19710 15 67 0.5827
19740 9 67 0.6299
19750 9 58 0.5512
19760 9 69 0.5433
19770 7 70 0.6378
19800 59 62 0.5748
19800 59 74 0.6929
19860 59 57 0.5197
19860 59 62 0.5197
19860 59 66 0.6142
19920 10 64 0.5512
19930 9 55 0.4724
19939 10 66 0.4724
19950 15 67 0.5591
19980 10 67 0.6063
19990 9 58 0.5512
19999 10 69 0.5827
20010 7 70 0.685
20040 59 74 0.6299
20040 59 70 0.6299
20040 59 79 0.7402
20100 29 66 0.5669
20100 29 69 0.5669
20100 29 74 0.6693
20130 30 65 0.622
20160 10 80 0.6693
20170 9 68 0.4331
20180 10 80 0.5039
20190 14 77 0.6063
20220 10 77 0.6693
20230 9 65 0.4252
20239 10 75 0.4961
20250 15 74 0.6063
20280 10 74 0.6693
20290 9 62 0.4567
20299 10 72 0.5118
20310 15 71 0.6063
20340 9 71 0.6693
20350 9 59 0.4724
20360 9 68 0.5118
20370 15 67 0.6063
20400 9 67 0.6693
20410 9 60 0.4724
20420 9 71 0.5276
20430 15 72 0.6063
20460 10 72 0.6772
20470 9 63 0.4882
20480 10 74 0.5354
20490 14 75 0.622
20520 10 75 0.7402
20530 9 67 0.5669
20539 10 77 0.6063
20550 15 79 0.7244
20580 10 79 0.7087
20590 9 72 0.6378
20599 10 83 0.6535
20610 15 84 0.7638
20640 9 87 0.7638
20650 9 75 0.5512
20660 9 86 0.6063
20670 15 84 0.685
20700 9 84 0.748
20710 9 72 0.5354
20720 9 82 0.5827
20730 15 81 0.6614
20760 10 81 0.7165
20770 9 67 0.5039
20780 10 79 0.5591
20790 14 78 0.6378
20820 10 78 0.6929
20830 9 66 0.4882
20839 10 75 0.5354
20850 15 74 0.6142
20880 10 82 0.7323
20890 9 70 0.5276
20899 10 81 0.5827
20910 15 79 0.6535
20940 9 79 0.7165
20950 9 67 0.4961
20960 9 77 0.5591
20970 15 75 0.6457
21000 9 82 0.7008
21010 9 70 0.4961
21020 9 81 0.5354
21030 15 79 0.6299
21060 10 79 0.685
21070 9 67 0.4724
21080 10 77 0.5276
21090 14 75 0.6142
21120 10 82 0.6693
21130 9 70 0.4724
21139 10 81 0.5276
21150 15 79 0.6063
21180 10 79 0.6693
21190 9 67 0.4567
21199 10 77 0.5039
21210 15 75 0.5984
21240 9 75 0.6614
21250 9 63 0.4646
21260 9 74 0.5118
21270 15 72 0.5906
21300 9 72 0.6535
21310 9 60 0.4331
21320 9 70 0.4882
21330 15 69 0.5827
21360 10 70 0.6457
21370 9 58 0.4488
21380 10 69 0.4882
21390 14 67 0.5748
21420 10 67 0.6378
21430 9 55 0.4488
21439 10 65 0.4961
21450 15 63 0.5748
21480 10 70 0.6299
21490 9 58 0.4409
21499 10 69 0.4882
21510 15 67 0.5669
21540 9 67 0.622
21550 9 55 0.4252
21560 9 65 0.4724
21570 15 63 0.5591
21600 9 70 0.622
21610 9 58 0.4409
21620 9 69 0.4803
21630 15 67 0.5591
21660 10 67 0.6142
21670 9 55 0.4094
21680 10 65 0.4646
21690 14 63 0.5512
21720 10 63 0.6063
21730 9 51 0.4173
21739 10 62 0.4567
21750 15 60 0.5512
21780 10 60 0.5984
21790 9 48 0.4567
21799 10 58 0.4724
21810 15 57 0.5433
21840 9 58 0.5906
21850 9 46 0.4252
21860 9 57 0.4567
21870 15 55 0.5354
21900 9 60 0.5827
21910 9 48 0.4567
21920 9 58 0.4882
21930 15 57 0.5276
21960 10 58 0.5748
21970 9 46 0.4094
21980 10 57 0.4488
21990 14 55 0.5197
22020 10 60 0.5748
22030 9 48 0.4252
22039 10 58 0.4646
22050 15 57 0.5197
22080 10 62 0.5984
22090 9 46 0.4488
22099 10 60 0.4882
22110 15 58 0.5512
22140 9 67 0.622
22150 9 55 0.4567
22160 9 63 0.5039
22170 15 62 0.5669
22200 9 70 0.6378
22210 9 58 0.4882
22220 9 69 0.5354
22230 15 67 0.5827
22260 10 74 0.6614
22270 9 62 0.5039
22280 10 70 0.5591
22290 14 69 0.6063
22320 10 79 0.6772
22330 9 67 0.5354
22339 10 75 0.5748
22350 15 74 0.6299
22380 10 82 0.7008
22390 9 70 0.5354
22399 10 81 0.5906
22410 15 79 0.6457
22440 9 86 0.7402
22450 9 74 0.5984
22460 9 84 0.6063
22470 15 82 0.6614
22500 9 91 0.7638
22510 9 79 0.6142
22520 9 87 0.622
22530 15 86 0.685
22560 59 94 0.8583
22560 59 82 0.6929
22620 59 79 0.6378
22620 59 91 0.6929
22680 60 74 0.6378
22680 60 86 0.6929
22740 59 70 0.6378
22740 59 82 0.6929
22800 59 67 0.6378
22800 59 79 0.6929
22860 59 62 0.6378
22860 59 74 0.6929
22920 59 58 0.6378
22920 59 70 0.6929
22980 120 55 0.6378
22980 59 67 0.6929
23039 120 60 0.5197
23039 120 63 0.6693
23039 120 68 0.7559
23100 59 56 0.7244
23160 59 57 0.6142
23160 240 69 0.6693
23220 300 60 0.6142
23280 240 63 0.6142
23339 180 66 0.6142
23400 119 69 0.6142
23460 59 72 0.6142
23520 59 62 0.6142
23520 59 67 0.6457
23520 59 70 0.6929
23580 59 67 0.6693
23580 59 79 0.7244
23639 60 62 0.6693
23639 60 74 0.7244
23700 59 58 0.6693
23700 59 70 0.7244
23760 59 55 0.6693
23760 59 67 0.7244
23820 59 50 0.6693
23820 59 62 0.7244
23880 59 46 0.6693
23880 59 58 0.7244
23939 120 43 0.6693
23939 60 55 0.7244
24000 119 48 0.5354
24000 119 51 0.6535
24000 119 56 0.748
24060 59 44 0.7244
24120 59 45 0.6142
24120 240 57 0.6693
24180 300 48 0.6142
24239 240 51 0.6142
24300 59 54 0.6142
24360 119 57 0.6142
24420 59 60 0.6142
24480 59 50 0.5906
24480 59 55 0.622
24480 59 58 0.6929
24539 60 46 0.6142
24600 59 50 0.622
24660 29 55 0.6378
24720 59 58 0.6693
24780 59 62 0.685
24839 60 67 0.6929
24900 179 70 0.7165
24960 119 79 0.7953
120 180 43 0.3937
120 180 31 0.3307
330 7 34 0.2913
330 7 46 0.3465
359 15 48 0.3937
359 15 36 0.3307
420 14 38 0.315
420 14 50 0.378
480 29 43 0.3937
480 29 31 0.3307
570 7 38 0.3701
600 179 43 0.3937
600 179 31 0.3307
810 7 46 0.3465
810 7 34 0.2913
840 14 48 0.3937
840 14 36 0.3307
900 15 38 0.315
900 15 50 0.378
960 30 39 0.3307
960 30 51 0.3937
1050 15 38 0.2756
1050 15 50 0.3307
1080 15 39 0.3622
1080 15 51 0.4331
1140 14 36 0.378
1140 14 48 0.4488
1200 29 38 0.3937
1200 29 50 0.4646
1290 7 50 0.4803
1320 119 43 0.5039
1320 59 46 0.5039
1320 59 55 0.5984
1380 59 50 0.5354
1380 59 57 0.6299
1439 60 58 0.6614
1439 60 55 0.5591
1530 7 55 0.5669
1530 7 46 0.4803
1560 59 57 0.622
1560 59 55 0.5276
1560 59 48 0.5276
1620 60 62 0.6063
1620 60 54 0.5197
1620 60 50 0.4803
1680 59 55 0.6378
1680 59 43 0.5354
1680 59 46 0.5354
1770 7 50 0.6378
1800 119 43 0.5354
1800 59 46 0.5354
1800 59 55 0.6299
1859 60 50 0.5354
1859 60 57 0.6378
1920 60 58 0.6693
1920 60 55 0.5669
2009 7 51 0.4173
2009 7 39 0.3543
2039 15 41 0.4882
2039 15 53 0.5827
2100 14 34 0.4331
2100 14 46 0.5118
2160 30 51 0.5906
2160 30 39 0.4961
2250 30 45 0.6378
2250 30 33 0.5354
2280 59 50 0.5827
2280 59 38 0.4882
2370 30 32 0.5118
2370 30 44 0.6063
2400 59 50 0.5354
2400 59 38 0.4488
2490 30 33 0.5118
2490 30 45 0.6063
2520 119 50 0.5354
2520 180 38 0.4488
2730 7 38 0.4094
2760 180 31 0.3307
2760 180 43 0.3937
2970 7 46 0.3701
2970 7 34 0.3071
3000 59 36 0.3622
3000 59 48 0.4331
3060 60 38 0.3622
3060 60 50 0.4331
3120 59 51 0.4724
3120 59 39 0.3937
3210 14 38 0.3937
3210 14 50 0.4724
3240 60 48 0.5118
3240 60 36 0.4252
3300 60 38 0.4252
3300 60 50 0.5039
3360 89 37 0.4567
3360 89 49 0.5512
3450 7 37 0.4409
3450 7 49 0.5276
3479 60 50 0.6693
3479 60 38 0.5669
3540 60 38 0.5039
3540 60 50 0.6063
3600 89 49 0.5512
3600 89 37 0.4567
3690 7 49 0.5276
3690 7 37 0.4409
3719 60 38 0.622
3719 60 50 0.7323
3779 60 38 0.5512
3779 60 50 0.6614
3840 60 43 0.6614
3840 60 31 0.5512
3960 179 34 0.3937
3960 179 46 0.3937
3975 14 50 0.2362
4035 14 50 0.2835
4094 15 50 0.2441
4140 60 48 0.3937
4140 60 32 0.3937
4155 14 50 0.2441
4200 179 47 0.3937
4200 179 31 0.3937
4215 14 50 0.2756
4275 14 50 0.252
4320 30 60 0.3386
4335 14 50 0.2362
4350 29 59 0.3228
4380 30 57 0.3386
4395 15 50 0.2362
4410 29 55 0.315
4440 29 48 0.3543
4455 14 36 0.2441
4470 30 50 0.3307
4500 29 51 0.3701
4515 14 48 0.252
4530 30 53 0.3307
4560 29 55 0.378
4575 14 48 0.252
4590 29 57 0.3071
4620 20 59 0.3307
4640 20 60 0.3701
4660 19 62 0.4094
4680 120 57 0.4488
4680 239 41 0.4488
4695 15 53 0.252
4755 14 53 0.252
4800 29 57 0.3701
4815 14 53 0.252
4830 30 55 0.3386
4860 14 53 0.3622
4875 14 51 0.3543
4890 14 50 0.3465
4905 14 48 0.3307
4920 60 34 0.2677
4920 60 46 0.3228
5160 59 45 0.3228
5340 60 56 0.3228
5340 60 47 0.3228
5400 119 60 0.3228
5400 119 57 0.3228
5400 119 48 0.3228
5520 120 58 0.3228
5520 120 64 0.3228
5520 120 48 0.3228
5640 29 53 0.3386
5640 179 60 0.3386
5670 30 52 0.3386
5699 29 50 0.3386
5730 29 48 0.3386
5760 119 53 0.3386
5820 60 41 0.3386
5834 45 51 0.2441
5879 29 53 0.3386
5880 179 46 0.3937
5880 179 34 0.3937
5895 14 50 0.2362
5909 30 55 0.3386
5940 29 57 0.3386
5955 14 50 0.2835
5970 30 58 0.3386
6015 14 50 0.2441
6059 60 48 0.3937
6059 60 32 0.3937
6075 14 50 0.2441
6120 180 31 0.3937
6120 180 47 0.3937
6134 15 50 0.2756
6195 14 50 0.252
6240 29 60 0.3386
6255 14 50 0.2362
6270 30 59 0.3228
6300 29 57 0.3386
6315 14 50 0.2362
6330 29 55 0.315
6359 30 48 0.3543
6375 14 36 0.2441
6390 30 50 0.3307
6420 29 51 0.3701
6434 15 48 0.252
6450 29 53 0.3307
6480 29 55 0.378
6495 14 48 0.252
6509 29 57 0.3071
6539 20 59 0.3307
6559 20 60 0.3701
6580 20 62 0.4094
6600 239 41 0.4488
6600 119 57 0.4488
6614 15 53 0.252
6675 14 53 0.252
6720 29 57 0.3701
6734 15 53 0.252
6749 29 55 0.3386
6780 15 53 0.3622
6795 14 51 0.3543
6809 15 50 0.3465
6825 14 48 0.3307
6839 60 46 0.3228
6839 60 34 0.2677
7080 59 45 0.3228
7259 60 47 0.3228
7259 60 56 0.3228
7320 119 57 0.3228
7320 119 48 0.3228
7320 119 60 0.3228
7439 120 64 0.3228
7439 120 58 0.3228
7439 120 48 0.3228
7559 29 53 0.3386
7559 179 60 0.3386
7590 29 52 0.3386
7619 29 50 0.3386
7650 29 48 0.3386
7680 59 53 0.3386
7792 247 41 0.3937
7800 239 57 0.3937
8032 247 39 0.3937
8039 120 58 0.3937
8159 270 48 0.3937
8280 150 41 0.3307
8512 127 39 0.3307
8520 119 58 0.3307
8640 120 42 0.3307
8730 29 44 0.2677
8760 29 49 0.2677
8760 60 41 0.2677
8789 30 51 0.2283
8819 300 53 0.2677
8849 29 54 0.2677
8879 29 56 0.2835
8910 29 58 0.2913
8940 30 60 0.3307
9001 29 62 0.3543
9030 29 59 0.3307
9060 29 56 0.2992
9090 30 53 0.2913
9120 344 49 0.2835
9150 29 47 0.2756
9180 29 44 0.2677
9210 29 41 0.2598
9240 225 42 0.2835
9465 15 49 0.2913
9465 255 42 0.2913
9480 209 50 0.3543
9540 59 62 0.3858
9720 225 49 0.2835
9720 239 42 0.2835
9945 14 49 0.2913
9960 179 52 0.3543
9960 179 36 0.3543
10020 59 61 0.3228
10140 60 41 0.2677
10200 179 34 0.315
10200 179 46 0.315
10215 15 50 0.189
10275 14 50 0.2362
10335 15 50 0.2205
10380 59 48 0.3701
10380 59 32 0.3701
10395 14 50 0.2283
10440 180 31 0.3937
10440 180 47 0.3937
10455 15 50 0.2756
10515 15 50 0.252
10560 29 60 0.3386
10575 14 50 0.2362
10590 30 59 0.3228
10620 29 57 0.3386
10635 15 50 0.2362
10650 29 55 0.315
10680 29 48 0.3543
10695 14 36 0.2441
10710 29 50 0.3307
10740 30 51 0.3701
10755 15 48 0.252
10770 29 53 0.3307
10800 29 55 0.378
10815 15 48 0.252
10830 29 57 0.3071
10860 20 59 0.3307
10880 19 60 0.3701
10899 20 62 0.4094
10920 119 57 0.4488
10920 239 41 0.4488
10935 15 53 0.252
10995 14 53 0.252
11040 30 57 0.3701
11055 15 53 0.252
11070 29 55 0.3386
11100 14 53 0.3622
11115 15 51 0.3543
11130 15 50 0.3465
11145 14 48 0.3307
11160 60 46 0.3228
11160 60 34 0.2677
11400 59 45 0.3228
11580 59 47 0.3228
11580 59 56 0.3228
11640 120 48 0.3228
11640 120 60 0.3228
11640 120 57 0.3228
11760 120 64 0.3228
11760 120 58 0.3228
11760 120 48 0.3228
11880 179 60 0.3386
11880 29 53 0.3386
11910 29 52 0.3386
11940 29 50 0.3386
11969 30 48 0.3386
12000 59 53 0.3386
12119 240 57 0.3937
12119 240 41 0.3937
12352 247 39 0.3937
12360 120 58 0.3937
12480 270 48 0.3937
12600 150 41 0.3307
12832 127 39 0.3307
12840 119 58 0.3307
12960 119 42 0.3307
13050 29 44 0.2677
13079 30 49 0.2677
13079 60 41 0.2677
13110 30 51 0.2283
13140 299 53 0.2677
13169 30 54 0.2677
13200 29 56 0.2835
13230 30 58 0.2835
13259 30 60 0.315
13321 28 62 0.3622
13350 29 59 0.3465
13379 30 56 0.2992
13410 30 53 0.2913
13440 344 49 0.2835
13469 30 47 0.2756
13500 29 44 0.2677
13529 30 41 0.2598
13560 225 42 0.2835
13785 15 49 0.2913
13785 255 42 0.2913
13800 209 50 0.3543
13860 59 62 0.3858
14040 225 49 0.2835
14040 239 42 0.2835
14265 14 49 0.2913
14279 180 36 0.3543
14279 180 52 0.3543
14340 59 61 0.3228
14460 59 41 0.2677
14519 180 34 0.315
14519 180 46 0.315
14535 15 50 0.189
14594 15 50 0.2362
14654 15 50 0.2205
14700 59 48 0.3701
14700 59 32 0.3701
14715 14 50 0.2283
14760 180 47 0.3937
14760 180 31 0.3937
14775 15 50 0.2756
14835 15 50 0.252
14879 30 60 0.3386
14894 15 50 0.2362
14910 30 59 0.3228
14940 29 57 0.3386
14954 15 50 0.2362
14969 30 55 0.315
14999 29 48 0.3543
15015 14 36 0.2441
15029 30 50 0.3307
15060 30 51 0.3701
15075 15 48 0.252
15090 29 53 0.3307
15120 30 55 0.378
15135 15 48 0.252
15150 29 57 0.3071
15179 20 59 0.3307
15200 19 60 0.3701
15219 20 62 0.4094
15240 119 57 0.4488
15240 239 41 0.4488
15254 15 53 0.252
15315 14 53 0.252
15360 30 57 0.3701
15375 15 53 0.252
15390 29 55 0.3386
15419 15 53 0.3622
15435 15 51 0.3543
15450 15 50 0.3465
15465 14 48 0.3307
15479 60 34 0.2677
15479 60 46 0.3228
15540 75 66 0.315
15615 44 67 0.2362
15660 30 69 0.252
15690 29 70 0.2362
15719 59 46 0.3228
15779 75 63 0.315
15854 45 65 0.2362
15900 29 67 0.252
15929 30 68 0.2362
15960 119 46 0.3228
16050 29 34 0.3228
16079 60 39 0.3228
16140 59 33 0.2283
16140 150 45 0.2756
16200 119 38 0.2835
16290 29 46 0.2441
16312 67 38 0.2756
16319 59 45 0.3228
16410 7 38 0.3307
16440 179 43 0.3937
16440 179 31 0.3307
16650 7 34 0.2913
16650 7 46 0.3465
16680 15 36 0.3307
16680 15 48 0.3937
16740 14 38 0.315
16740 14 50 0.378
16800 29 31 0.3307
16800 29 43 0.3937
16890 7 38 0.3858
16920 180 31 0.3307
16920 180 43 0.3937
17130 7 34 0.2913
17130 7 46 0.3465
17160 15 36 0.3307
17160 15 48 0.3937
17220 15 38 0.315
17220 15 50 0.378
17280 30 51 0.3937
17280 30 39 0.3307
17370 15 38 0.2756
17370 15 50 0.3307
17400 15 51 0.4331
17400 15 39 0.3622
17460 15 48 0.4488
17460 15 36 0.378
17520 30 38 0.3937
17520 30 50 0.4646
17610 7 50 0.5512
17640 59 46 0.5039
17640 59 55 0.5984
17640 119 43 0.5039
17700 59 57 0.6299
17700 59 50 0.5354
17760 59 55 0.5591
17760 59 58 0.6614
17850 7 55 0.5669
17850 7 46 0.4803
17880 60 48 0.5276
17880 60 57 0.622
17880 60 55 0.5276
17940 59 62 0.6063
17940 59 54 0.5197
17940 59 50 0.4803
18000 59 55 0.6378
18000 59 46 0.5354
18000 59 50 0.5354
18090 7 50 0.5591
18120 120 43 0.5354
18120 59 46 0.5354
18120 59 55 0.6299
18180 60 57 0.6378
18180 60 50 0.5354
18240 59 55 0.5669
18240 59 58 0.6693
18330 7 51 0.4173
18330 7 39 0.3543
18360 15 53 0.5827
18360 15 41 0.4882
18420 15 34 0.4331
18420 15 46 0.5118
18480 30 51 0.5906
18480 30 39 0.4961
18570 30 33 0.5354
18570 30 45 0.6378
18600 59 50 0.5827
18600 59 38 0.4882
18690 29 44 0.6063
18690 29 32 0.5118
18720 59 50 0.5354
18720 59 38 0.4488
18810 30 33 0.5118
18810 30 45 0.6063
18840 179 38 0.4488
18840 119 50 0.5354
19050 7 38 0.4094
19080 180 31 0.3307
19080 180 43 0.3937
19290 7 46 0.3701
19290 7 34 0.3071
19320 59 48 0.4331
19320 59 36 0.3622
19380 60 50 0.4331
19380 60 38 0.3622
19440 59 39 0.3937
19440 59 51 0.4724
19530 15 38 0.3937
19530 15 50 0.4724
19560 59 48 0.5118
19560 59 36 0.4252
19620 59 50 0.5118
19620 59 38 0.4331
19680 90 49 0.5748
19680 90 37 0.4724
19770 7 37 0.4724
19770 7 49 0.5669
19800 59 38 0.5669
19800 59 50 0.6693
19860 59 38 0.5039
19860 59 50 0.6063
19920 90 37 0.4567
19920 90 49 0.5512
20010 7 37 0.4646
20010 7 49 0.5591
20040 59 38 0.622
20040 59 50 0.7323
20100 59 50 0.6614
20100 59 38 0.5512
20160 59 43 0.6614
20160 59 31 0.5512
20190 14 56 0.5669
20220 10 69 0.5512
20230 9 56 0.4016
20239 10 58 0.4409
20250 15 59 0.5197
20280 10 65 0.5512
20290 9 53 0.4016
20299 10 55 0.4409
20310 15 56 0.5197
20340 9 62 0.5512
20350 9 50 0.3937
20360 9 51 0.4409
20370 15 53 0.5197
20400 15 63 0.5197
20400 15 51 0.5197
20460 90 31 0.5906
20460 90 43 0.5906
20550 29 36 0.5276
20550 29 48 0.5276
20580 30 51 0.5748
20580 30 39 0.5748
20610 15 43 0.5512
20610 15 55 0.5512
20640 59 45 0.6299
20640 59 43 0.6299
20640 59 57 0.7559
20670 15 66 0.6457
20700 9 78 0.6142
20710 9 66 0.4409
20720 9 67 0.4803
20730 15 69 0.5669
20760 10 75 0.5906
20770 9 63 0.4252
20780 10 65 0.4646
20790 14 66 0.5433
20820 10 69 0.5669
20830 9 60 0.4173
20839 10 61 0.4488
20850 15 62 0.5276
20880 30 55 0.7244
20880 30 43 0.6063
20910 15 63 0.6142
20940 9 75 0.5906
20950 9 63 0.4331
20960 9 65 0.4646
20970 15 67 0.5512
21000 29 55 0.6929
21030 15 63 0.5354
21060 10 75 0.5669
21070 9 63 0.4016
21080 10 65 0.4488
21090 14 67 0.5276
21120 30 55 0.6614
21150 15 63 0.5197
21180 10 75 0.5512
21190 9 63 0.3937
21199 10 65 0.4331
21210 15 67 0.5118
21240 9 72 0.5433
21250 9 60 0.3858
21260 9 62 0.4252
21270 15 63 0.5039
21300 29 66 0.5039
21330 15 50 0.5039
21360 30 43 0.5039
21390 14 51 0.4961
21420 10 63 0.5276
21430 9 51 0.3858
21439 10 53 0.4173
21450 15 55 0.4882
21480 30 43 0.4882
21510 15 51 0.4882
21540 9 63 0.5118
21550 9 51 0.3701
21560 9 53 0.4094
21570 15 55 0.4803
21600 29 43 0.4803
21630 15 51 0.4803
21660 10 63 0.5039
21670 9 51 0.3858
21680 10 53 0.4016
21690 14 55 0.4724
21720 10 60 0.4961
21730 9 48 0.3937
21739 10 50 0.3937
21750 15 51 0.4724
21780 30 54 0.4646
21810 15 38 0.4646
21840 29 31 0.4567
21870 15 38 0.4567
21900 29 54 0.4567
21930 15 38 0.4567
21960 30 31 0.4488
21990 14 38 0.4488
22020 30 54 0.4409
22050 15 38 0.4409
22080 180 31 0.4646
22080 180 43 0.4646
22290 14 38 0.5197
22290 14 50 0.5197
22320 180 31 0.5276
22320 180 43 0.5276
22530 15 38 0.5827
22530 15 50 0.5827
22560 30 31 0.5354
22560 30 43 0.5984
22650 59 82 0.6535
22710 59 79 0.6535
22770 59 74 0.6535
22830 60 70 0.6457
22890 59 67 0.6299
22950 59 62 0.6299
23010 29 58 0.6299
23039 240 48 0.6142
23130 59 54 0.5591
23189 60 51 0.5591
23250 269 48 0.5748
23310 59 45 0.5748
23370 59 42 0.5906
23430 59 39 0.5984
23489 30 36 0.622
23520 59 31 0.6142
23520 59 43 0.6693
23610 59 70 0.6299
23670 59 67 0.6299
23730 59 62 0.6299
23789 60 58 0.6299
23850 59 55 0.6299
23910 59 50 0.6299
23970 30 46 0.6299
24000 239 36 0.7874
24089 60 42 0.6142
24150 59 39 0.6142
24210 29 36 0.6142
24239 240 36 0.6142
24270 59 33 0.6142
24330 59 30 0.6142
24389 60 27 0.6142
24450 29 24 0.6142
24480 59 31 0.6378
24570 59 62 0.6142
24630 59 58 0.6378
24689 60 55 0.6457
24750 59 50 0.6693
24810 59 46 0.6929
24870 59 43 0.7402
24930 150 31 0.811
