294 4 58 0.6299
294 4 46 0.5512
299 37 65 0.6929
299 37 53 0.6063
364 4 64 0.6299
364 4 52 0.5512
369 4 65 0.6299
369 4 53 0.5512
373 112 64 0.7244
373 112 52 0.6299
523 12 57 0.6299
523 12 45 0.5512
535 12 58 0.6299
535 12 46 0.5512
548 12 60 0.6299
548 12 48 0.5512
560 32 61 0.6772
560 32 49 0.5906
593 4 58 0.6299
593 4 46 0.5512
598 37 65 0.6772
598 37 53 0.5906
663 3 64 0.6299
663 3 52 0.5512
666 3 65 0.6299
666 3 53 0.5512
669 3 64 0.6299
669 3 52 0.5512
672 112 61 0.7087
672 112 49 0.622
822 18 57 0.6457
822 18 45 0.5669
841 18 58 0.6299
841 18 46 0.5512
859 18 60 0.6299
859 18 48 0.5512
878 18 61 0.6299
878 18 49 0.5512
897 56 63 0.6299
897 56 51 0.5512
953 18 65 0.6535
953 18 53 0.5748
971 18 66 0.685
971 18 54 0.5984
1009 18 69 0.6929
1009 18 57 0.6063
1046 74 70 0.7323
1046 74 58 0.6378
1121 37 68 0.6929
1121 37 56 0.6063
1158 37 66 0.6693
1158 37 54 0.5827
1196 24 69 0.6929
1196 24 57 0.6063
1221 24 66 0.6693
1221 24 54 0.5827
1246 24 65 0.6299
1246 24 53 0.5512
1271 65 65 0.685
1271 65 53 0.5984
1336 9 69 0.6299
1336 9 57 0.5512
1345 37 65 0.6772
1345 37 53 0.5906
1420 18 57 0.6457
1420 18 45 0.5669
1439 18 58 0.6299
1439 18 46 0.5512
1457 18 60 0.6299
1457 18 48 0.5512
1476 18 61 0.6299
1476 18 49 0.5512
1495 56 63 0.6299
1495 56 51 0.5512
1551 18 65 0.6535
1551 18 53 0.5748
1570 18 66 0.685
1570 18 54 0.5984
1607 18 69 0.6929
1607 18 57 0.6063
1644 74 70 0.7323
1644 74 58 0.6378
1719 37 69 0.6929
1719 37 57 0.6063
1757 37 66 0.6693
1757 37 54 0.5827
1794 24 68 0.6929
1794 24 56 0.6063
1819 24 66 0.6693
1819 24 54 0.5827
1844 24 65 0.6299
1844 24 53 0.5512
1869 168 65 0.685
1869 168 53 0.5984
2088 4 58 0.6299
2088 4 46 0.5512
2093 37 65 0.6772
2093 37 53 0.5906
2158 3 64 0.6299
2158 3 52 0.5512
2161 3 65 0.6299
2161 3 53 0.5512
2165 3 64 0.6299
2165 3 52 0.5512
2168 65 61 0.7087
2168 65 49 0.622
2233 3 60 0.6299
2233 3 48 0.5512
2236 3 61 0.6142
2236 3 49 0.5354
2239 3 57 0.6142
2239 3 45 0.5354
2242 60 61 0.7008
2242 60 49 0.6142
2303 2 60 0.5906
2303 2 48 0.5197
2306 2 61 0.5906
2306 2 49 0.5197
2308 3 60 0.5906
2308 3 48 0.5197
2311 3 58 0.5906
2311 3 46 0.5197
2314 3 57 0.5906
2314 3 45 0.5197
2317 280 61 0.6299
2317 485 49 0.5512
2612 4 81 0.4094
2616 149 69 0.4094
2616 149 66 0.4094
2616 12 81 0.4724
2629 12 81 0.4567
2641 7 81 0.4567
2649 3 81 0.3937
2651 3 83 0.4016
2654 32 81 0.4252
2686 4 81 0.4094
2691 12 81 0.4724
2704 12 81 0.4488
2716 7 81 0.4488
2724 3 81 0.378
2726 3 83 0.4094
2728 32 81 0.4409
2761 4 80 0.3858
2766 74 64 0.4094
2766 74 68 0.4094
2766 12 80 0.4488
2778 12 80 0.4331
2791 7 80 0.4331
2799 3 80 0.3858
2801 3 81 0.4094
2803 32 80 0.4331
2836 4 78 0.3858
2841 74 66 0.3858
2841 74 62 0.3858
2841 12 78 0.4488
2853 12 78 0.4252
2866 7 78 0.4252
2873 3 78 0.3701
2876 3 79 0.3937
2878 32 78 0.4409
2911 4 80 0.3858
2915 12 80 0.4488
2915 74 64 0.3858
2915 74 68 0.3858
2928 12 80 0.4331
2940 7 80 0.4331
2948 3 80 0.3858
2950 3 81 0.3858
2953 32 80 0.4331
2985 4 73 0.3858
2990 186 61 0.3858
2990 12 73 0.4252
2990 186 64 0.3858
3003 12 73 0.4016
3015 7 73 0.4016
3023 3 73 0.3701
3025 3 74 0.3622
3028 32 73 0.4173
3060 4 73 0.3701
3065 12 73 0.4252
3065 336 49 0.3307
3077 12 73 0.4016
3090 7 73 0.4016
3098 3 73 0.3701
3100 3 74 0.3701
3102 32 73 0.4331
3135 4 73 0.315
3140 12 73 0.3701
3152 12 73 0.3701
3165 7 73 0.3701
3172 3 73 0.3071
3175 0 74 0.315
3177 32 73 0.3701
3210 4 81 0.4094
3214 149 66 0.4094
3214 149 69 0.4094
3214 12 81 0.4724
3227 12 81 0.4567
3239 7 81 0.4567
3247 3 81 0.3937
3250 3 83 0.3701
3252 32 81 0.4016
3285 4 81 0.4094
3289 12 81 0.4724
3302 12 81 0.4488
3314 7 81 0.4488
3322 3 81 0.3937
3324 3 83 0.4016
3327 32 81 0.4409
3359 4 80 0.3858
3364 74 64 0.4094
3364 74 68 0.4094
3364 12 80 0.4488
3376 12 80 0.4331
3389 7 80 0.4331
3397 3 80 0.3858
3399 3 81 0.4094
3401 32 80 0.4567
3434 4 78 0.3858
3439 74 66 0.3858
3439 74 62 0.3858
3439 12 78 0.4488
3451 12 78 0.4252
3464 7 78 0.4252
3471 3 78 0.3701
3474 3 79 0.3937
3476 32 78 0.4409
3509 4 80 0.3858
3514 12 80 0.4488
3514 74 68 0.3858
3514 74 64 0.3858
3526 12 80 0.4331
3538 7 80 0.4331
3546 3 80 0.3858
3549 3 81 0.3858
3551 32 80 0.4488
3584 4 73 0.3858
3588 186 61 0.3858
3588 186 64 0.3858
3588 12 73 0.4252
3601 12 73 0.4016
3613 7 73 0.4016
3621 3 73 0.3701
3623 3 74 0.3622
3626 32 73 0.4016
3658 4 73 0.3701
3663 12 73 0.4252
3663 336 49 0.3071
3676 12 73 0.4016
3688 7 73 0.4016
3696 3 73 0.3701
3698 3 74 0.3701
3700 32 73 0.4016
3733 4 73 0.315
3738 12 73 0.3701
3750 12 73 0.3701
3763 7 73 0.3701
3771 3 73 0.3071
3773 3 74 0.315
3775 32 73 0.3701
3808 4 78 0.4094
3813 12 78 0.4252
3813 149 62 0.3622
3813 149 66 0.3622
3825 12 78 0.4094
3838 7 78 0.4094
3845 3 78 0.3543
3848 3 80 0.3543
3850 32 78 0.4094
3883 4 78 0.3622
3887 12 78 0.4252
3900 12 78 0.4016
3912 7 78 0.4016
3920 3 78 0.3622
3922 3 80 0.3622
3925 32 78 0.4094
3957 4 76 0.3465
3962 12 76 0.4016
3962 74 64 0.3622
3962 74 61 0.3622
3975 12 76 0.3858
3987 7 76 0.3858
3995 3 76 0.3465
3997 3 78 0.3622
4000 32 76 0.4094
4032 4 74 0.3465
4037 74 62 0.3465
4037 12 74 0.4016
4037 74 59 0.3465
4049 12 74 0.378
4062 7 74 0.378
4070 3 74 0.3307
4072 3 76 0.3543
4074 32 74 0.3937
4107 4 78 0.3465
4112 74 62 0.3465
4112 74 66 0.3465
4112 12 78 0.4016
4124 12 78 0.3858
4137 7 78 0.3858
4144 3 78 0.3465
4147 3 80 0.3465
4149 32 78 0.4016
4182 4 73 0.3465
4186 186 61 0.3465
4186 186 57 0.3465
4186 12 73 0.378
4199 12 73 0.3543
4211 7 73 0.3543
4219 3 73 0.3307
4221 3 74 0.3228
4224 32 73 0.3701
4257 4 73 0.3307
4261 12 73 0.378
4261 336 49 0.2913
4274 12 73 0.3543
4286 7 73 0.3543
4294 3 73 0.3307
4296 3 74 0.3307
4299 32 73 0.378
4331 4 73 0.2835
4336 12 73 0.3307
4348 12 73 0.3307
4361 7 73 0.3307
4369 3 73 0.2756
4371 3 74 0.2835
4373 32 73 0.3307
4406 4 78 0.4094
4411 149 62 0.3622
4411 12 78 0.4252
4411 149 66 0.3622
4423 12 78 0.4094
4436 7 78 0.4094
4443 3 78 0.3543
4446 3 80 0.3543
4448 32 78 0.4016
4481 4 78 0.3622
4485 12 78 0.4252
4498 12 78 0.4016
4510 7 78 0.4016
4518 3 78 0.3622
4521 3 80 0.3622
4523 32 78 0.4094
4556 4 76 0.3465
4560 12 76 0.4016
4560 74 64 0.3622
4560 74 61 0.3622
4573 12 76 0.3858
4585 7 76 0.3858
4593 3 76 0.3465
4595 3 78 0.3622
4598 32 76 0.4094
4630 4 74 0.3465
4635 74 62 0.3465
4635 12 74 0.4016
4635 74 59 0.3465
4647 12 74 0.378
4660 7 74 0.378
4668 3 74 0.3307
4670 3 76 0.3543
4672 32 74 0.3937
4705 4 78 0.3465
4710 74 62 0.3465
4710 74 66 0.3465
4710 12 78 0.4016
4722 12 78 0.3858
4735 7 78 0.3858
4742 3 78 0.3465
4745 3 80 0.3465
4747 32 78 0.3858
4780 4 73 0.3465
4785 186 57 0.3465
4785 186 61 0.3465
4785 12 73 0.378
4797 12 73 0.3543
4809 7 73 0.3543
4817 3 73 0.3307
4820 3 74 0.3228
4822 32 73 0.3701
4855 4 73 0.3307
4859 12 73 0.378
4859 149 49 0.2992
4872 12 73 0.3543
4884 7 73 0.3543
4892 3 73 0.3307
4894 3 74 0.3307
4897 32 73 0.3858
4929 4 73 0.2835
4934 12 73 0.3307
4947 12 73 0.3307
4959 7 73 0.3307
4967 3 73 0.2756
4969 3 74 0.2835
4971 37 73 0.3307
5009 37 72 0.5433
5009 74 60 0.4409
5009 74 57 0.4409
5009 74 64 0.5197
5046 9 75 0.5354
5056 9 76 0.5276
5065 9 80 0.5748
5074 9 81 0.5512
5084 37 80 0.5906
5084 74 64 0.5827
5084 74 60 0.4882
5084 74 52 0.4882
5084 74 56 0.4882
5121 9 76 0.5669
5130 9 75 0.5433
5140 9 73 0.5669
5149 9 72 0.5591
5158 28 73 0.6063
5158 37 61 0.5276
5158 37 56 0.4409
5158 37 49 0.4409
5158 37 52 0.4409
5186 9 73 0.5906
5196 12 73 0.5748
5208 12 73 0.5591
5221 12 73 0.5512
5233 28 73 0.5748
5261 9 73 0.5197
5271 12 73 0.5197
5283 12 73 0.5197
5295 12 73 0.5512
5308 37 72 0.5748
5308 74 60 0.4882
5308 74 57 0.4882
5308 74 64 0.5748
5345 9 75 0.5591
5355 9 76 0.5512
5364 9 80 0.5984
5373 9 81 0.5748
5383 37 80 0.6142
5383 74 64 0.6063
5383 74 56 0.5118
5383 74 52 0.5118
5383 74 60 0.5118
5420 9 76 0.5906
5429 9 75 0.5669
5439 9 73 0.5906
5448 9 72 0.5827
5457 28 73 0.6299
5457 37 61 0.5512
5457 37 56 0.4646
5457 37 49 0.4646
5457 37 52 0.4646
5485 9 73 0.6142
5495 12 73 0.5984
5507 12 73 0.5827
5520 12 73 0.5748
5532 28 73 0.5748
5560 9 73 0.5197
5570 12 73 0.5984
5582 12 73 0.5827
5588 18 46 0.6535
5588 18 34 0.6535
5595 12 73 0.6299
5607 28 73 0.7244
5607 28 61 0.6142
5607 112 53 0.7402
5607 112 41 0.622
5635 9 61 0.5276
5635 9 73 0.622
5644 12 61 0.5276
5644 12 73 0.622
5657 12 61 0.5276
5657 12 73 0.622
5669 12 61 0.5276
5669 12 73 0.622
5682 28 61 0.5984
5682 28 73 0.7087
5710 9 73 0.5748
5710 9 61 0.4882
5719 12 61 0.4882
5719 12 73 0.5748
5719 18 40 0.5512
5719 18 52 0.6535
5732 12 73 0.5748
5732 12 61 0.4882
5738 18 41 0.5197
5738 18 53 0.6142
5744 12 61 0.4882
5744 12 73 0.5748
5757 28 69 0.6142
5757 28 81 0.7244
5757 149 37 0.6142
5757 149 49 0.7244
5785 9 80 0.6142
5785 9 68 0.5197
5794 12 68 0.5197
5794 12 80 0.6142
5806 12 80 0.6142
5806 12 68 0.5197
5819 12 68 0.5197
5819 12 80 0.6142
5831 28 66 0.5669
5831 28 78 0.6693
5859 9 80 0.5748
5859 9 68 0.4882
5869 12 68 0.4882
5869 12 80 0.5748
5881 12 80 0.5748
5881 12 68 0.4882
5894 12 68 0.4882
5894 12 80 0.5748
5906 28 61 0.6142
5906 28 73 0.7244
5906 37 52 0.7402
5906 37 40 0.622
5934 9 73 0.622
5934 9 61 0.5276
5943 12 61 0.5276
5943 12 73 0.622
5956 12 73 0.622
5956 12 61 0.5276
5968 12 73 0.622
5968 12 61 0.5276
5981 28 61 0.5984
5981 28 73 0.7087
6009 9 73 0.5748
6009 9 61 0.4882
6018 12 61 0.4882
6018 12 73 0.5748
6031 12 61 0.4882
6031 12 73 0.5748
6037 18 46 0.6535
6037 18 34 0.5512
6043 12 73 0.5748
6043 12 61 0.4882
6056 28 61 0.6142
6056 28 73 0.7244
6056 112 53 0.7402
6056 112 41 0.622
6084 9 73 0.622
6084 9 61 0.5276
6093 12 61 0.5276
6093 12 73 0.622
6105 12 61 0.5276
6105 12 73 0.622
6118 12 73 0.622
6118 12 61 0.5276
6130 28 61 0.5984
6130 28 73 0.7087
6158 9 73 0.5748
6158 9 61 0.4882
6168 12 61 0.4882
6168 12 73 0.5748
6168 12 52 0.6535
6168 12 40 0.5512
6180 12 61 0.4882
6180 12 73 0.5748
6180 12 53 0.6142
6180 12 41 0.5197
6193 12 73 0.5748
6193 12 61 0.4882
6193 12 40 0.5197
6193 12 52 0.6142
6205 28 69 0.6142
6205 28 81 0.7244
6205 149 49 0.7244
6205 149 37 0.6142
6233 9 80 0.6142
6233 9 68 0.5197
6242 12 68 0.5197
6242 12 80 0.6142
6255 12 68 0.5197
6255 12 80 0.6142
6267 12 68 0.5197
6267 12 80 0.6142
6280 28 66 0.5669
6280 28 78 0.6693
6308 9 68 0.4882
6308 9 80 0.5748
6317 12 80 0.5748
6317 12 68 0.4882
6330 12 68 0.4882
6330 12 80 0.5748
6342 12 80 0.5748
6342 12 68 0.4882
6355 28 61 0.6142
6355 28 73 0.7244
6355 37 52 0.7402
6355 37 40 0.622
6383 9 61 0.5276
6383 9 73 0.622
6392 12 73 0.622
6392 12 61 0.5276
6404 12 61 0.5276
6404 12 73 0.622
6417 12 73 0.622
6417 12 61 0.5276
6429 28 61 0.5984
6429 28 73 0.7087
6457 9 61 0.4567
6457 9 73 0.5433
6467 12 73 0.5433
6467 12 61 0.4567
6467 37 34 0.5197
6467 37 46 0.6142
6479 12 61 0.4567
6479 12 73 0.5433
6492 12 73 0.5433
6492 12 61 0.4567
6504 28 61 0.5433
6504 28 73 0.6457
6504 56 51 0.6772
6504 56 39 0.5748
6532 9 61 0.4961
6532 9 73 0.5906
6542 12 73 0.5906
6542 12 61 0.4961
6554 12 61 0.4961
6554 12 73 0.5906
6560 18 41 0.5354
6560 18 53 0.6299
6566 12 73 0.5906
6566 12 61 0.4961
6579 28 61 0.5512
6579 28 73 0.6535
6579 37 42 0.5669
6579 37 54 0.6693
6607 9 61 0.4882
6607 9 73 0.5748
6616 12 61 0.4882
6616 12 73 0.5748
6616 37 57 0.6929
6616 37 45 0.5827
6629 12 73 0.5748
6629 12 61 0.4882
6641 12 61 0.4882
6641 12 73 0.5748
6654 28 73 0.6929
6654 28 61 0.5827
6654 74 46 0.6142
6654 74 58 0.7244
6682 9 61 0.5276
6682 9 73 0.622
6691 12 61 0.5276
6691 12 73 0.622
6704 12 73 0.622
6704 12 61 0.5276
6716 12 61 0.5276
6716 12 73 0.622
6728 28 73 0.7087
6728 28 61 0.5984
6728 37 44 0.6063
6728 37 56 0.7165
6757 9 61 0.5197
6757 9 73 0.6142
6766 12 61 0.5197
6766 12 73 0.6142
6766 37 54 0.6693
6766 37 42 0.5669
6778 12 73 0.6142
6778 12 61 0.5197
6791 12 61 0.5118
6791 12 73 0.6063
6803 28 73 0.6929
6803 28 61 0.5827
6803 37 45 0.622
6803 37 57 0.7402
6831 9 61 0.5354
6831 9 73 0.6299
6841 12 61 0.5354
6841 12 73 0.6299
6841 18 42 0.5906
6841 18 54 0.7008
6853 12 73 0.6299
6853 12 61 0.5354
6859 18 41 0.5591
6859 18 53 0.6614
6866 12 61 0.5276
6866 12 73 0.622
6878 28 81 0.7244
6878 28 69 0.6142
6878 37 53 0.6535
6878 37 41 0.5512
6906 9 80 0.6142
6906 9 68 0.5197
6915 12 68 0.5197
6915 12 80 0.6142
6928 12 80 0.6142
6928 12 68 0.5197
6940 12 68 0.5197
6940 12 80 0.6142
6953 28 66 0.5669
6953 28 78 0.6693
6981 9 80 0.5748
6981 9 68 0.4882
6990 12 68 0.4882
6990 12 80 0.5748
7003 12 80 0.5748
7003 12 68 0.4882
7015 12 68 0.4882
7015 12 80 0.5748
7028 28 61 0.5984
7028 28 73 0.7087
7056 9 73 0.5748
7056 9 61 0.4882
7065 12 61 0.4882
7065 12 73 0.5748
7065 37 34 0.5748
7065 37 46 0.6772
7077 12 73 0.5748
7077 12 61 0.4882
7090 12 61 0.4882
7090 12 73 0.5748
7102 28 61 0.6142
7102 28 73 0.7244
7102 56 51 0.7402
7102 56 39 0.622
7130 9 73 0.622
7130 9 61 0.5276
7140 12 61 0.5276
7140 12 73 0.622
7152 12 73 0.622
7152 12 61 0.5276
7158 18 41 0.5669
7158 18 53 0.6693
7165 12 61 0.5276
7165 12 73 0.622
7177 28 61 0.5984
7177 28 73 0.7087
7177 37 42 0.5827
7177 37 54 0.6929
7205 9 61 0.4882
7205 9 73 0.5748
7214 12 61 0.4882
7214 12 73 0.5748
7214 37 45 0.6142
7214 37 57 0.7244
7227 12 61 0.4882
7227 12 73 0.5748
7239 12 73 0.5748
7239 12 61 0.4882
7252 28 61 0.5827
7252 28 73 0.6929
7252 74 46 0.622
7252 74 58 0.7402
7280 9 73 0.622
7280 9 61 0.5276
7289 12 61 0.5276
7289 12 73 0.622
7302 12 61 0.5276
7302 12 73 0.622
7314 12 73 0.622
7314 12 61 0.5276
7327 28 61 0.5984
7327 28 73 0.7087
7327 37 57 0.7402
7327 37 45 0.622
7355 9 73 0.6457
7355 9 61 0.5433
7364 12 61 0.5354
7364 12 73 0.6378
7364 37 42 0.5984
7364 37 54 0.7087
7376 12 61 0.5354
7376 12 73 0.6378
7389 12 73 0.6378
7389 12 61 0.5354
7401 28 61 0.6299
7401 28 73 0.748
7401 37 44 0.6772
7401 37 56 0.8031
7429 9 73 0.6142
7429 9 61 0.5197
7439 12 61 0.5276
7439 12 73 0.622
7439 18 42 0.6614
7439 18 54 0.7795
7451 12 61 0.5433
7451 12 73 0.6457
7457 18 41 0.622
7457 18 53 0.7323
7464 12 73 0.6614
7464 12 61 0.5591
7476 37 61 0.6299
7476 37 65 0.6299
7476 37 73 0.748
7476 37 69 0.6299
7476 37 53 0.6614
7476 37 57 0.7953
7626 74 65 0.4252
7626 74 41 0.3858
7626 74 53 0.3858
7700 74 60 0.4882
7700 74 64 0.4882
7700 74 53 0.4488
7700 257 46 0.4488
7775 37 63 0.5354
7775 74 60 0.5354
7775 74 54 0.4646
7813 12 62 0.4961
7825 12 63 0.5276
7838 12 62 0.4961
7850 74 58 0.4646
7850 74 61 0.4646
7850 112 53 0.4094
7925 32 60 0.4409
7925 32 57 0.4409
7957 4 64 0.6772
7957 4 40 0.5591
7962 18 65 0.7874
7962 18 41 0.6299
8000 74 64 0.4882
8000 74 60 0.4882
8000 257 46 0.4488
8000 74 53 0.4488
8074 37 63 0.5354
8074 74 59 0.5354
8074 74 54 0.4646
8112 12 62 0.4961
8124 12 63 0.5276
8137 12 62 0.4961
8149 74 58 0.4646
8149 74 61 0.4646
8149 112 53 0.4094
8224 32 57 0.4409
8224 32 60 0.4409
8257 4 64 0.6772
8257 4 40 0.5591
8261 18 65 0.7874
8261 18 41 0.6299
8355 6 64 0.7323
8355 6 52 0.6378
8361 6 65 0.7323
8361 6 53 0.6378
8367 6 64 0.7323
8367 6 52 0.6378
8373 112 61 0.7874
8373 112 49 0.6772
8560 12 84 0.7874
8560 12 72 0.7087
8560 12 36 0.5669
8560 12 48 0.6299
8573 12 85 0.7559
8573 12 73 0.6772
8573 12 37 0.5354
8573 12 49 0.5984
8585 12 70 0.6693
8585 12 82 0.748
8585 12 46 0.6063
8585 12 34 0.5433
8598 224 70 0.7087
8598 224 82 0.7874
8598 224 46 0.6378
8598 224 34 0.5669
