0 15 47 0.2205
0 127 40 0.315
15 15 52 0.1575
31 15 56 0.1654
47 15 59 0.1575
63 15 47 0.2047
79 15 52 0.1575
95 15 56 0.1654
111 15 59 0.1496
127 15 47 0.2205
127 127 44 0.3307
142 15 52 0.1654
158 15 56 0.1654
174 15 59 0.1575
190 15 47 0.2126
206 15 52 0.1811
222 15 56 0.1732
238 15 59 0.1575
254 15 47 0.2441
254 127 42 0.3543
270 15 51 0.1811
285 15 57 0.1811
301 15 59 0.1811
317 15 47 0.2362
333 15 51 0.1811
349 15 57 0.1811
365 15 59 0.1732
381 15 47 0.252
381 63 35 0.3228
397 15 51 0.1969
412 15 54 0.2047
428 15 59 0.2283
444 63 69 0.4016
444 15 47 0.2441
460 15 51 0.2047
476 15 54 0.252
492 15 59 0.2677
508 63 68 0.4488
508 15 47 0.315
508 63 40 0.3622
524 15 52 0.2047
540 15 56 0.2047
555 15 59 0.1969
571 63 66 0.378
571 15 47 0.252
571 63 42 0.3307
587 15 51 0.1969
603 15 57 0.1969
619 15 59 0.1811
635 59 64 0.378
635 15 47 0.2598
635 63 44 0.3307
651 15 52 0.2126
667 15 56 0.2677
682 15 59 0.3465
698 63 76 0.5433
698 15 54 0.4173
698 63 46 0.3307
714 15 61 0.2441
730 15 64 0.3071
746 15 66 0.1811
762 63 75 0.5354
762 15 54 0.2756
762 63 47 0.3622
778 15 59 0.2047
794 15 63 0.2047
810 15 66 0.1969
825 63 73 0.4409
825 15 54 0.252
825 63 49 0.3307
841 15 58 0.1969
857 15 64 0.1969
873 15 66 0.1811
889 59 71 0.4094
889 15 54 0.2598
889 63 51 0.2913
905 15 59 0.2126
921 15 63 0.2598
937 15 66 0.315
952 63 73 0.4803
952 15 56 0.3622
952 63 53 0.3307
968 15 59 0.2047
984 15 61 0.1969
1000 15 68 0.1811
1016 63 69 0.4882
1016 63 54 0.3622
1032 15 57 0.2047
1048 15 61 0.2047
1064 15 64 0.1969
1080 31 71 0.4094
1080 15 54 0.252
1080 63 47 0.3307
1095 15 57 0.1969
1111 31 66 0.3701
1111 15 59 0.1969
1127 15 63 0.1811
1143 31 68 0.4094
1143 63 52 0.3307
1159 15 56 0.1969
1175 7 69 0.3937
1175 15 59 0.1969
1183 7 68 0.3071
1191 7 66 0.3307
1191 15 64 0.189
1199 7 68 0.2677
1207 31 71 0.4094
1207 15 52 0.2441
1207 63 45 0.3307
1222 15 54 0.2047
1238 31 69 0.4094
1238 15 61 0.1969
1254 15 64 0.1811
1270 127 68 0.4094
1270 15 52 0.2756
1270 127 47 0.3622
1286 15 56 0.2047
1302 15 59 0.2047
1318 15 64 0.1969
1334 15 52 0.252
1350 15 56 0.1969
1365 15 59 0.1969
1381 15 64 0.1811
1397 31 66 0.378
1397 15 51 0.2283
1397 31 47 0.2992
1413 15 54 0.1969
1429 15 59 0.1969
1445 15 63 0.189
1461 63 69 0.4016
1461 15 47 0.2441
1461 63 39 0.3307
1477 15 54 0.2126
1493 15 57 0.2283
1508 15 59 0.252
1524 63 68 0.4488
1524 15 47 0.315
1524 63 40 0.3622
1540 15 52 0.2047
1556 15 56 0.2283
1572 15 59 0.2441
1588 63 66 0.378
1588 15 47 0.2992
1588 63 42 0.3307
1604 15 51 0.1969
1620 15 57 0.2362
1635 15 59 0.2047
1651 59 64 0.378
1651 15 47 0.2598
1651 63 44 0.3307
1667 15 52 0.2283
1683 15 56 0.2441
1699 15 59 0.2835
1715 63 76 0.5512
1715 15 54 0.3307
1715 63 46 0.3307
1731 15 61 0.2362
1747 15 64 0.252
1763 15 66 0.2283
1778 63 75 0.5591
1778 15 54 0.2756
1778 63 47 0.3622
1794 15 59 0.2047
1810 15 63 0.2047
1826 15 66 0.1969
1842 63 73 0.4252
1842 15 54 0.252
1842 63 49 0.3307
1858 15 58 0.1969
1874 15 64 0.1969
1890 15 66 0.1811
1905 59 71 0.5039
1905 15 54 0.2598
1905 63 51 0.2913
1921 15 59 0.2992
1937 15 63 0.3071
1953 15 66 0.378
1969 63 80 0.6142
1969 15 59 0.4252
1969 63 52 0.3307
1985 15 61 0.2756
2001 15 68 0.315
2017 15 71 0.2598
2033 189 73 0.5276
2033 15 59 0.3307
2033 63 49 0.378
2048 15 61 0.2283
2064 15 68 0.2283
2080 15 71 0.2283
2096 15 59 0.2992
2096 63 56 0.4252
2112 15 61 0.2047
2128 15 68 0.2047
2144 15 71 0.2047
2160 15 59 0.2756
2160 190 52 0.3858
2175 15 61 0.2126
2191 15 68 0.2126
2207 15 71 0.2126
2223 63 80 0.4252
2223 15 59 0.2756
2239 15 61 0.1417
2255 15 68 0.1496
2271 15 71 0.1575
2287 189 73 0.3701
2287 15 59 0.2283
2303 15 61 0.1575
2318 15 68 0.1575
2334 15 71 0.1575
2350 15 59 0.2047
2350 63 56 0.2913
2366 15 61 0.1417
2382 15 68 0.1417
2398 15 71 0.1417
2414 15 59 0.189
2414 127 53 0.2677
2430 15 61 0.1417
2445 15 68 0.1417
2461 15 71 0.1417
2477 62 73 0.4803
2477 15 59 0.2441
2493 15 61 0.2047
2509 15 68 0.1969
2525 15 71 0.1811
2541 63 73 0.4882
2541 15 58 0.2283
2541 63 54 0.3622
2557 15 61 0.1969
2573 15 66 0.2283
2588 15 70 0.1969
2604 63 76 0.4488
2604 15 54 0.252
2604 63 46 0.3307
2620 15 61 0.1969
2636 15 64 0.1969
2652 15 66 0.1811
2668 63 75 0.3937
2668 15 54 0.2283
2668 63 47 0.3307
2684 15 59 0.1969
2700 15 63 0.1969
2716 15 66 0.189
2731 31 73 0.3937
2731 63 52 0.3307
2747 15 56 0.2047
2763 31 68 0.3386
2763 15 61 0.1969
2779 15 64 0.1811
2795 127 71 0.3858
2795 63 54 0.3622
2811 15 59 0.2047
2827 15 63 0.2047
2843 15 66 0.1969
2858 15 54 0.252
2874 15 59 0.1969
2890 15 63 0.1969
2906 15 66 0.1811
2922 127 70 0.3465
2922 15 54 0.2283
2938 15 61 0.2441
2954 15 64 0.2992
2970 15 66 0.3465
2986 15 54 0.3858
2986 127 42 0.2992
3001 15 61 0.2598
3017 15 64 0.3228
3033 15 66 0.2441
3049 127 69 0.3386
3049 15 54 0.252
3065 15 60 0.2047
3081 15 63 0.2362
3097 15 66 0.2992
3113 15 54 0.3228
3113 63 42 0.315
3128 15 60 0.1969
3144 15 63 0.1969
3160 15 66 0.1811
3176 31 68 0.2835
3176 15 52 0.2283
3176 63 40 0.2677
3192 15 56 0.1969
3208 15 61 0.1969
3224 14 64 0.189
3240 63 68 0.4961
3240 15 52 0.2441
3240 63 39 0.3071
3256 15 56 0.2362
3271 15 61 0.2598
3287 15 64 0.2992
3303 63 70 0.5512
3303 15 52 0.3543
3303 63 37 0.378
3319 15 58 0.2362
3335 15 64 0.252
3351 15 66 0.3228
3367 63 71 0.6378
3367 15 52 0.3622
3367 63 47 0.4173
3383 15 59 0.2598
3398 15 64 0.3386
3414 15 66 0.4173
3430 63 75 0.7008
3430 15 54 0.4567
3430 63 46 0.4488
3446 15 61 0.315
3462 15 64 0.3622
3478 15 66 0.2992
3494 47 73 0.5906
3494 15 54 0.315
3494 63 42 0.4882
3510 15 58 0.252
3526 15 64 0.2441
3541 14 71 0.5276
3541 15 66 0.2205
3557 127 71 0.6299
3557 15 54 0.2835
3557 190 47 0.4331
3573 15 59 0.252
3589 15 63 0.252
3605 15 66 0.2441
3621 15 54 0.315
3637 15 59 0.2441
3653 15 63 0.2441
3668 15 66 0.2205
3684 15 51 0.2835
3700 15 54 0.2441
3716 15 59 0.2441
3732 15 63 0.2362
3748 63 69 0.4016
3748 15 47 0.2441
3764 15 51 0.2047
3780 15 54 0.252
3796 15 59 0.2677
3811 63 68 0.4488
3811 15 47 0.315
3811 63 40 0.3622
3827 15 52 0.2047
3843 15 56 0.2047
3859 15 59 0.1969
3875 63 66 0.378
3875 15 47 0.252
3875 63 42 0.3307
3891 15 51 0.1969
3907 15 57 0.1969
3923 15 59 0.1811
3939 59 64 0.378
3939 15 47 0.2598
3939 63 44 0.3307
3954 15 52 0.2126
3970 15 56 0.2677
3986 15 59 0.3465
4002 63 76 0.5197
4002 15 54 0.4173
4002 63 46 0.3307
4018 15 61 0.2441
4034 15 64 0.3071
4050 15 66 0.1811
4066 63 75 0.4882
4066 15 54 0.2756
4066 63 47 0.3622
4081 15 59 0.2047
4097 15 63 0.2047
4113 15 66 0.1969
4129 63 73 0.4094
4129 15 54 0.252
4129 63 49 0.3307
4145 15 58 0.1969
4161 15 64 0.1969
4177 15 66 0.1811
4193 59 71 0.4094
4193 15 54 0.2598
4193 63 51 0.2913
4209 15 59 0.2126
4224 15 63 0.2598
4240 15 66 0.315
4256 63 73 0.4803
4256 15 56 0.3622
4256 63 53 0.3307
4272 15 59 0.2047
4288 15 61 0.1969
4304 15 68 0.1811
4320 63 69 0.4882
4320 63 54 0.3622
4336 15 57 0.2047
4351 15 61 0.2047
4367 15 64 0.1969
4383 31 71 0.4094
4383 15 54 0.252
4383 63 47 0.3307
4399 15 57 0.1969
4415 31 66 0.3701
4415 15 59 0.1969
4431 15 63 0.1811
4447 31 68 0.4094
4447 63 52 0.3307
4463 15 56 0.1969
4479 7 69 0.3937
4479 15 59 0.1969
4486 7 68 0.3071
4494 7 66 0.3307
4494 15 64 0.189
4502 7 68 0.2677
4510 31 71 0.4094
4510 15 52 0.2441
4510 63 45 0.3307
4526 15 54 0.2047
4542 31 69 0.4094
4542 15 61 0.1969
4558 15 64 0.1811
4574 127 68 0.4094
4574 15 52 0.2756
4574 127 47 0.3622
4590 15 56 0.2047
4606 15 59 0.2047
4621 15 64 0.1969
4637 15 52 0.252
4653 15 56 0.1969
4669 15 59 0.1969
4685 15 64 0.1811
4701 31 66 0.378
4701 15 51 0.2283
4701 31 47 0.2992
4717 15 54 0.1969
4733 15 59 0.1969
4749 15 63 0.189
4764 63 69 0.4016
4764 15 47 0.2441
4764 63 39 0.3307
4780 15 54 0.2126
4796 15 57 0.2283
4812 15 59 0.252
4828 63 68 0.4488
4828 15 47 0.315
4828 63 40 0.3622
4844 15 52 0.2047
4860 15 56 0.2283
4876 15 59 0.2441
4891 63 66 0.378
4891 15 47 0.2992
4891 63 42 0.3307
4907 15 51 0.1969
4923 15 57 0.2362
4939 15 59 0.2047
4955 59 64 0.378
4955 15 47 0.2598
4955 63 44 0.3307
4971 15 52 0.2283
4987 15 56 0.2441
5003 15 59 0.2835
5019 63 76 0.5512
5019 15 54 0.3307
5019 63 46 0.3307
5034 15 61 0.2362
5050 15 64 0.252
5066 15 66 0.2283
5082 63 75 0.5591
5082 15 54 0.2756
5082 63 47 0.3622
5098 15 59 0.2047
5114 15 63 0.2047
5130 15 66 0.1969
5146 63 73 0.4252
5146 15 54 0.252
5146 63 49 0.3307
5162 15 58 0.1969
5177 15 64 0.1969
5193 15 66 0.1811
5209 59 71 0.5039
5209 15 54 0.2598
5209 63 51 0.2913
5225 15 59 0.2992
5241 15 63 0.3071
5257 15 66 0.378
5273 63 80 0.6142
5273 15 59 0.4252
5273 63 52 0.3307
5289 15 61 0.2756
5304 15 68 0.315
5320 15 71 0.2598
5336 186 73 0.5276
5336 15 59 0.3307
5336 63 49 0.378
5352 15 61 0.2283
5368 15 68 0.2283
5384 15 71 0.2283
5400 15 59 0.2992
5400 63 56 0.4252
5416 15 61 0.2047
5432 15 68 0.2047
5447 15 71 0.2047
5463 15 59 0.2756
5463 190 52 0.3858
5479 15 61 0.2126
5495 15 68 0.2126
5511 15 71 0.2126
5527 63 80 0.4252
5527 15 59 0.2756
5543 15 61 0.1417
5559 15 68 0.1496
5574 15 71 0.1575
5590 186 73 0.3701
5590 15 59 0.2283
5606 15 61 0.1575
5622 15 68 0.1575
5638 15 71 0.1575
5654 15 59 0.2047
5654 63 56 0.2913
5670 15 61 0.1417
5686 15 68 0.1417
5702 15 71 0.1417
5717 15 59 0.189
5717 127 53 0.2677
5733 15 61 0.1417
5749 15 68 0.1417
5765 15 71 0.1417
5781 62 73 0.4409
5781 15 59 0.2441
5797 15 61 0.2047
5813 15 68 0.1969
5829 15 71 0.1811
5844 63 73 0.4882
5844 15 58 0.2283
5844 63 54 0.3622
5860 15 61 0.1969
5876 15 66 0.2283
5892 15 70 0.1969
5908 63 76 0.4488
5908 15 54 0.252
5908 63 46 0.3307
5924 15 61 0.1969
5940 15 64 0.1969
5956 15 66 0.1811
5972 63 75 0.4016
5972 15 54 0.2283
5972 63 47 0.3307
5987 15 59 0.1969
6003 15 63 0.1969
6019 15 66 0.189
6035 31 73 0.3937
6035 63 52 0.3307
6051 15 56 0.2047
6067 31 68 0.3465
6067 15 61 0.1969
6083 15 64 0.1811
6099 127 71 0.3937
6099 63 54 0.3622
6114 15 59 0.2047
6130 15 63 0.2047
6146 15 66 0.1969
6162 15 54 0.252
6178 15 59 0.1969
6194 15 63 0.1969
6210 15 66 0.1811
6226 127 70 0.3465
6226 15 54 0.2283
6242 15 61 0.2441
6257 15 64 0.2992
6273 15 66 0.3465
6289 15 54 0.3858
6289 127 42 0.2992
6305 15 61 0.2598
6321 15 64 0.3228
6337 15 66 0.2441
6353 127 69 0.3386
6353 15 54 0.252
6369 15 60 0.2047
6385 15 63 0.2362
6400 15 66 0.2992
6416 15 54 0.3228
6416 63 42 0.315
6432 15 60 0.1969
6448 15 63 0.1969
6464 15 66 0.1811
6480 31 68 0.2835
6480 15 52 0.2283
6480 63 40 0.2677
6496 15 56 0.1969
6512 15 61 0.1969
6527 14 64 0.189
6543 63 68 0.4961
6543 15 52 0.2441
6543 63 39 0.3071
6559 15 56 0.2362
6575 15 61 0.2598
6591 15 64 0.2992
6607 63 70 0.5512
6607 15 52 0.3543
6607 63 37 0.378
6623 15 58 0.2362
6639 15 64 0.252
6655 15 66 0.3228
6670 63 71 0.6378
6670 15 52 0.3622
6670 63 47 0.4173
6686 15 59 0.2598
6702 15 64 0.3386
6718 15 66 0.4173
6734 63 75 0.7008
6734 15 54 0.4567
6734 63 46 0.4488
6750 15 61 0.315
6766 15 64 0.3622
6782 15 66 0.2992
6797 47 73 0.5906
6797 15 54 0.315
6797 63 42 0.4882
6813 15 58 0.252
6829 15 64 0.2441
6845 14 71 0.5276
6845 15 66 0.2205
6861 127 71 0.6299
6861 15 54 0.2835
6861 190 47 0.4331
6877 15 59 0.252
6893 15 63 0.252
6909 15 66 0.2441
6925 15 54 0.315
6940 15 59 0.2441
6956 15 63 0.2441
6972 15 66 0.2205
6988 15 51 0.2835
7004 15 54 0.2441
7020 15 59 0.2441
7036 15 63 0.2362
7052 23 66 0.4016
7052 15 51 0.2441
7067 15 54 0.2047
7083 23 66 0.4016
7083 15 59 0.252
7099 15 63 0.2677
7115 63 67 0.4488
7115 15 47 0.315
7115 127 40 0.3622
7131 15 52 0.2047
7147 15 55 0.2047
7163 15 59 0.2047
7179 31 66 0.3937
7179 15 47 0.2598
7195 15 52 0.2047
7210 31 64 0.4016
7210 15 55 0.2126
7226 15 59 0.1969
7242 59 69 0.4173
7242 15 48 0.2835
7242 63 42 0.3622
7258 15 50 0.2362
7274 15 57 0.2992
7290 15 60 0.4016
7306 23 69 0.5118
7306 63 50 0.3858
7322 15 54 0.2835
7337 23 69 0.5039
7337 15 60 0.3622
7353 15 62 0.2126
7369 63 71 0.5906
7369 15 50 0.3858
7369 127 43 0.4409
7385 15 55 0.252
7401 15 59 0.252
7417 15 62 0.2441
7433 31 69 0.4803
7433 15 52 0.3228
7449 15 55 0.252
7465 31 67 0.4961
7465 15 59 0.2598
7480 15 64 0.2362
7496 59 72 0.5433
7496 15 52 0.3465
7496 127 45 0.4409
7512 15 57 0.2835
7528 15 60 0.3622
7544 15 64 0.3307
7560 23 72 0.6142
7560 15 51 0.3622
7576 15 57 0.3465
7592 23 72 0.5669
7592 15 60 0.4331
7608 15 66 0.2598
7623 63 74 0.6772
7623 15 50 0.4567
7623 127 47 0.5276
7639 15 55 0.2992
7655 15 62 0.2992
7671 15 67 0.2913
7687 31 72 0.5669
7687 15 55 0.378
7703 15 59 0.2992
7719 31 71 0.5827
7719 15 62 0.2992
7735 15 67 0.2756
7750 59 79 0.6772
7750 15 55 0.4094
7750 127 48 0.5197
7766 15 64 0.3543
7782 15 67 0.4252
7798 15 72 0.4961
7814 31 78 0.6693
7814 15 55 0.4409
7830 15 64 0.4094
7846 31 76 0.5512
7846 15 67 0.4409
7862 15 72 0.3071
7878 59 74 0.6378
7878 15 54 0.4094
7878 63 50 0.5197
7893 15 60 0.3543
7909 15 62 0.4252
7925 15 69 0.3937
7941 63 74 0.5827
7941 15 55 0.4409
7941 63 52 0.4882
7957 15 60 0.4094
7973 15 62 0.4409
7989 15 67 0.3071
8005 15 74 0.5354
8005 63 62 0.4882
8005 63 60 0.4094
8005 63 57 0.4094
8005 63 54 0.4094
8020 15 78 0.5039
8036 15 81 0.5433
8052 15 84 0.5433
8068 15 83 0.5827
8084 15 81 0.5197
8100 15 79 0.5512
8116 15 78 0.5118
8132 15 76 0.5512
8148 15 75 0.5039
8163 47 78 0.5512
8211 15 76 0.5197
8227 15 74 0.5039
8243 15 72 0.4567
8259 15 71 0.5039
8275 15 69 0.4488
8290 15 68 0.4803
8306 15 69 0.3937
8322 15 68 0.3622
8338 7 69 0.3622
8354 7 71 0.3622
8370 7 72 0.3228
8386 63 74 0.3937
8402 15 59 0.2047
8418 15 62 0.2047
8433 15 67 0.1969
8449 63 71 0.3622
8449 15 55 0.252
8449 63 47 0.3307
8465 15 59 0.1969
8481 15 62 0.1969
8497 15 67 0.1811
8513 59 69 0.3622
8513 15 55 0.2598
8513 127 48 0.3307
8529 15 57 0.2126
8545 15 64 0.2677
8560 15 67 0.3465
8576 63 76 0.4409
8576 15 55 0.4173
8592 15 57 0.2441
8608 15 64 0.3071
8624 15 67 0.1811
8640 63 74 0.4488
8640 15 55 0.2756
8640 127 50 0.3622
8656 15 59 0.2047
8672 15 62 0.2047
8688 15 67 0.1969
8703 63 71 0.378
8703 15 55 0.252
8719 15 59 0.1969
8735 15 62 0.1969
8751 15 67 0.1811
8767 59 69 0.378
8767 15 55 0.2598
8767 63 52 0.2913
8783 15 57 0.2126
8799 15 61 0.2598
8815 15 67 0.315
8831 31 71 0.4409
8831 15 57 0.3622
8831 63 54 0.3307
8846 15 60 0.2047
8862 31 72 0.3858
8862 15 62 0.1969
8878 15 69 0.1811
8894 15 71 0.4488
8894 63 55 0.3622
8910 15 59 0.2047
8926 31 71 0.3701
8926 15 62 0.2047
8942 15 67 0.1969
8958 31 74 0.4252
8958 15 55 0.252
8973 15 59 0.1969
8989 27 71 0.378
8989 15 62 0.1969
9005 15 67 0.1811
9021 31 71 0.4173
9021 15 52 0.2598
9021 127 48 0.2913
9037 15 57 0.2126
9053 31 69 0.378
9053 15 60 0.2598
9069 15 64 0.2441
9085 31 67 0.315
9085 15 52 0.2913
9101 15 57 0.2047
9116 31 69 0.315
9116 15 60 0.1969
9132 15 64 0.1811
9148 285 71 0.3701
9148 15 51 0.252
9148 254 47 0.315
9164 15 54 0.2047
9180 15 59 0.2047
9196 15 63 0.1969
9212 15 51 0.252
9228 15 54 0.1969
9243 15 59 0.1969
9259 15 63 0.1811
9275 15 51 0.2598
9291 15 54 0.2126
9307 15 59 0.2047
9323 15 63 0.2047
9339 15 51 0.2362
9355 15 54 0.2047
9371 15 59 0.1969
9386 15 63 0.1732
9402 15 50 0.252
9402 127 43 0.2677
9418 15 55 0.1496
9434 31 71 0.2756
9434 15 59 0.1496
9450 15 67 0.1417
9466 31 74 0.315
9466 15 50 0.189
9482 15 55 0.1417
9498 27 71 0.2835
9498 15 59 0.1417
9513 15 67 0.1339
9529 31 71 0.3071
9529 15 52 0.189
9529 127 48 0.2126
9545 15 57 0.1575
9561 31 69 0.2835
9561 15 60 0.189
9577 15 64 0.1811
9593 31 67 0.2362
9593 15 52 0.2126
9609 15 57 0.1496
9625 31 69 0.2362
9625 15 60 0.1417
9641 15 64 0.1339
9656 190 71 0.2756
9656 15 51 0.189
9656 254 47 0.2362
9672 15 54 0.1496
9688 15 59 0.1496
9704 15 63 0.1417
9720 15 54 0.1969
9736 15 57 0.1496
9752 15 59 0.1496
9768 15 63 0.2126
9783 15 52 0.2441
9799 15 55 0.2126
9815 15 59 0.2362
9831 15 64 0.252
9847 63 70 0.3858
9847 15 52 0.2677
9863 15 55 0.2362
9879 15 59 0.252
9895 15 64 0.2677
9911 127 71 0.4488
9911 15 51 0.2756
9911 254 47 0.3622
9926 15 54 0.2047
9942 15 59 0.2047
9958 15 63 0.1969
9974 15 54 0.252
9990 15 57 0.1969
10006 15 59 0.1969
10022 15 63 0.1811
10038 15 52 0.2598
10054 15 55 0.2126
10069 15 59 0.2598
10085 15 64 0.315
10101 63 72 0.4252
10101 15 52 0.2677
10117 15 55 0.2362
10133 15 59 0.252
10149 15 64 0.2677
10165 127 71 0.4488
10165 15 51 0.2756
10165 190 47 0.3622
10181 15 54 0.2047
10196 15 59 0.2047
10212 15 63 0.1969
10228 15 51 0.252
10244 15 54 0.1969
10260 15 59 0.1969
10276 15 63 0.1811
10292 15 54 0.2598
10308 15 57 0.2126
10324 15 59 0.2598
10339 15 63 0.315
10355 63 69 0.5591
10355 15 51 0.3386
10371 15 54 0.2835
10387 15 59 0.3465
10403 15 63 0.3701
10419 63 68 0.622
10419 15 47 0.4409
10419 63 40 0.5039
10435 15 52 0.2913
10451 15 56 0.2992
10466 15 59 0.2992
10482 63 66 0.5276
10482 15 47 0.3937
10482 63 42 0.4567
10498 15 51 0.3386
10514 15 57 0.3622
10530 15 59 0.378
10546 59 64 0.5276
10546 15 47 0.4646
10546 63 44 0.4567
10562 15 52 0.378
10578 15 56 0.4961
10594 15 59 0.4803
10609 63 76 0.6142
10609 15 54 0.5827
10609 63 46 0.4567
10625 15 61 0.3386
10641 15 64 0.4252
10657 15 66 0.252
10673 63 75 0.622
10673 15 54 0.3858
10673 63 47 0.5039
10689 15 59 0.2835
10705 15 63 0.2835
10721 15 66 0.2756
10736 63 73 0.5276
10736 15 54 0.3465
10736 63 49 0.4567
10752 15 58 0.2756
10768 15 64 0.2756
10784 15 66 0.252
10800 59 71 0.5276
10800 15 54 0.3622
10800 63 51 0.4016
10816 15 59 0.2913
10832 15 63 0.3622
10848 15 66 0.4409
10864 63 73 0.6142
10864 15 56 0.5039
10864 63 53 0.4567
10879 15 59 0.378
10895 15 61 0.4016
10911 15 68 0.2992
10927 31 69 0.622
10927 15 57 0.3858
10927 63 54 0.5039
10943 15 61 0.3622
10959 31 73 0.5906
10959 15 64 0.3858
10975 15 66 0.3543
10991 31 71 0.5276
10991 15 54 0.4488
10991 63 47 0.4567
11006 15 57 0.3543
11022 31 66 0.4724
11022 15 59 0.3543
11038 15 63 0.3228
11054 27 68 0.5276
11054 63 52 0.4567
11070 15 56 0.3543
11086 31 68 0.4488
11086 15 59 0.3543
11102 15 64 0.3307
11118 31 71 0.5276
11118 63 49 0.4567
11134 15 52 0.3622
11149 31 69 0.4488
11149 15 57 0.3543
11165 15 64 0.3228
11181 127 68 0.5276
11181 15 52 0.4961
11181 190 47 0.5039
11197 15 56 0.3622
11213 15 59 0.3622
11229 15 64 0.3543
11245 15 52 0.4488
11261 15 56 0.3543
11277 15 59 0.3543
11292 15 64 0.3228
11308 31 66 0.4803
11308 15 51 0.4094
11324 15 54 0.3622
11340 15 59 0.315
11356 15 63 0.2756
11372 31 68 0.4016
11372 15 51 0.2362
11372 63 45 0.2913
11388 15 54 0.2047
11404 31 69 0.3543
11404 15 59 0.252
11419 15 63 0.2677
11435 63 71 0.4488
11435 15 52 0.315
11435 127 44 0.3622
11451 15 56 0.2047
11467 15 59 0.2047
11483 15 64 0.1969
11499 63 68 0.378
11499 15 52 0.252
11515 15 56 0.1969
11531 15 59 0.1969
11547 15 64 0.1811
11562 59 66 0.378
11562 15 52 0.2598
11562 127 45 0.3307
11578 15 54 0.2126
11594 15 61 0.2677
11610 15 64 0.3465
11626 63 73 0.4409
11626 15 52 0.4173
11642 15 54 0.2441
11658 15 61 0.3071
11674 15 64 0.1811
11689 63 71 0.4488
11689 15 52 0.2756
11689 127 47 0.3622
11705 15 56 0.2047
11721 15 59 0.2047
11737 15 64 0.1969
11753 63 68 0.378
11753 15 52 0.252
11769 15 56 0.1969
11785 15 59 0.1969
11801 15 64 0.1811
11817 59 66 0.3858
11817 15 52 0.2598
11817 127 49 0.2992
11832 15 54 0.2205
11848 15 58 0.2677
11864 15 64 0.3307
11880 63 76 0.5039
11880 15 54 0.4331
11896 15 58 0.252
11912 15 64 0.3228
11928 15 66 0.189
11944 63 76 0.4724
11944 15 56 0.2913
11944 127 47 0.3858
11959 15 59 0.2126
11975 15 64 0.2205
11991 15 68 0.2126
12007 93 71 0.4094
12007 15 56 0.2677
12023 15 59 0.2126
12039 15 64 0.2126
12055 15 68 0.1969
12071 15 57 0.2835
12071 127 47 0.315
12087 15 59 0.2283
12102 31 71 0.4409
12102 15 64 0.2835
12118 15 66 0.3465
12134 31 73 0.4882
12134 15 57 0.2835
12150 15 59 0.2913
12166 31 71 0.4803
12166 15 63 0.3307
12182 15 66 0.2913
12198 127 69 0.4331
12198 15 54 0.3858
12198 63 52 0.4331
12214 15 57 0.2913
12229 15 59 0.3386
12245 15 63 0.2835
12261 15 54 0.2756
12261 63 47 0.3622
12277 15 57 0.3465
12293 15 59 0.3465
12309 15 63 0.3071
12325 31 68 0.4173
12325 63 52 0.4173
12341 15 56 0.3622
12357 31 66 0.4724
12357 15 59 0.315
12372 15 64 0.2677
12388 31 68 0.4803
12388 15 52 0.2835
12404 15 56 0.2441
12420 31 69 0.4803
12420 15 59 0.2992
12436 15 64 0.3228
12452 63 71 0.5354
12452 15 52 0.378
12468 15 56 0.2441
12484 15 59 0.2441
12499 15 64 0.2362
12515 63 68 0.4646
12515 15 52 0.3071
12515 63 47 0.3701
12531 15 56 0.2441
12547 15 59 0.2441
12563 15 64 0.2205
12579 59 66 0.4724
12579 15 52 0.3228
12579 63 46 0.4094
12595 15 54 0.2677
12611 15 61 0.3307
12627 15 64 0.4331
12642 63 73 0.5591
12642 15 51 0.5276
12642 63 45 0.3701
12658 15 54 0.3071
12674 15 63 0.3858
12690 15 66 0.2283
12706 63 71 0.5748
12706 15 52 0.3543
12706 63 44 0.4646
12722 15 56 0.2598
12738 15 59 0.2598
12754 15 64 0.252
12770 63 68 0.4882
12770 15 52 0.3228
12770 63 47 0.4173
12785 15 56 0.252
12801 15 59 0.252
12817 15 64 0.2362
12833 59 66 0.4961
12833 15 52 0.3386
12833 63 46 0.4724
12849 15 54 0.2756
12865 15 61 0.3386
12881 15 64 0.4173
12897 63 76 0.5906
12897 15 54 0.5591
12897 63 49 0.4803
12912 15 58 0.3228
12928 15 64 0.4094
12944 15 66 0.2441
12960 63 75 0.6063
12960 15 54 0.3701
12960 63 47 0.4882
12976 15 59 0.2756
12992 15 63 0.2756
13008 15 66 0.2677
13024 63 73 0.5197
13024 15 58 0.3465
13024 63 52 0.4567
13040 15 61 0.2677
13055 15 64 0.2677
13071 15 67 0.2441
13087 31 71 0.5433
13087 15 59 0.3622
13087 63 51 0.5039
13103 15 63 0.2913
13119 31 75 0.5512
13119 15 66 0.3622
13135 15 69 0.4409
13151 31 78 0.5906
13151 15 63 0.3622
13151 63 59 0.4803
13167 15 66 0.3622
13182 31 81 0.6063
13182 15 69 0.4173
13198 15 71 0.3622
13214 31 80 0.5906
13214 15 59 0.4724
13214 63 52 0.5354
13230 15 64 0.3622
13246 31 75 0.4961
13246 15 68 0.4173
13262 15 71 0.3465
13278 31 78 0.5591
13278 15 60 0.3386
13278 63 56 0.4567
13294 15 64 0.3622
13310 31 76 0.5039
13310 15 68 0.4173
13325 15 72 0.3701
13341 31 75 0.4961
13341 63 57 0.4961
13357 15 61 0.4252
13373 31 73 0.4252
13373 15 64 0.3701
13389 15 66 0.315
13405 31 69 0.4646
13405 15 52 0.3386
13405 63 45 0.4488
13421 15 54 0.4173
13437 31 66 0.4016
13437 15 57 0.4173
13452 15 60 0.3701
13468 127 64 0.4961
13468 63 47 0.4961
13484 15 52 0.3386
13500 15 56 0.315
13516 15 59 0.2677
13532 15 47 0.3307
13548 15 52 0.2677
13564 15 56 0.315
13580 15 59 0.2835
13595 127 63 0.3465
13595 15 47 0.2283
13611 15 54 0.2441
13627 15 57 0.2992
13643 15 59 0.3465
13659 15 47 0.3858
13659 127 35 0.2992
13675 15 54 0.2598
13691 15 57 0.3228
13707 15 59 0.2441
13722 127 62 0.3386
13722 15 47 0.252
13738 15 53 0.2047
13754 15 56 0.2362
13770 15 59 0.2992
13786 15 47 0.3228
13786 63 35 0.315
13802 15 53 0.1969
13818 15 56 0.1969
13834 15 59 0.1811
13850 31 61 0.2835
13850 15 45 0.2283
13850 63 33 0.2677
13865 15 49 0.1969
13881 15 54 0.1969
13897 14 57 0.189
13913 63 61 0.4409
13913 15 45 0.2441
13913 63 32 0.3071
13929 15 49 0.2362
13945 15 54 0.2598
13961 15 57 0.2992
13977 63 63 0.4567
13977 15 45 0.3543
13977 63 30 0.378
13993 15 51 0.2362
14008 15 57 0.252
14024 15 59 0.2913
14040 63 64 0.5118
14040 15 45 0.3228
14040 63 40 0.4173
14056 15 52 0.2598
14072 15 57 0.2913
14088 15 59 0.3228
14104 63 68 0.5512
14104 15 47 0.3543
14104 63 39 0.4488
14120 15 54 0.2756
14135 15 57 0.3622
14151 15 59 0.2992
14167 47 66 0.4961
14167 15 47 0.315
14167 63 35 0.3858
14183 15 51 0.252
14199 15 57 0.2441
14215 14 64 0.4173
14215 15 59 0.2205
14231 127 64 0.5197
14231 15 47 0.2835
14231 125 40 0.4331
14247 15 52 0.252
14263 15 56 0.252
14278 15 59 0.2441
14294 15 47 0.315
14310 15 52 0.2441
14326 15 56 0.2441
14342 15 59 0.2205
14358 15 47 0.2835
14358 252 40 0.3701
14374 15 52 0.2441
14390 15 56 0.2441
14405 15 59 0.2362
14421 63 62 0.3858
14421 15 47 0.2677
14437 15 52 0.2362
14453 15 56 0.2441
14469 15 59 0.2598
14485 127 61 0.4331
14485 15 45 0.2598
14501 15 49 0.189
14517 15 52 0.189
14533 15 57 0.1811
14548 15 45 0.2362
14564 15 49 0.1811
14580 15 52 0.1811
14596 15 57 0.1575
14612 15 45 0.2283
14612 252 40 0.3307
14628 15 49 0.189
14644 15 52 0.2283
14660 15 57 0.2756
14675 63 60 0.3307
14675 15 45 0.2283
14691 15 48 0.1969
14707 15 52 0.2126
14723 15 57 0.2205
14739 127 59 0.3701
14739 15 42 0.2283
14755 15 47 0.1654
14771 15 51 0.1654
14787 15 57 0.1575
14803 15 42 0.1969
14818 15 47 0.1575
14834 15 51 0.1496
14850 15 57 0.1339
14866 15 42 0.1969
14866 252 40 0.2835
14882 15 47 0.1575
14898 15 51 0.189
14914 15 57 0.2362
14930 31 68 0.2835
14930 15 47 0.1969
14945 15 51 0.1654
14961 31 66 0.2756
14961 15 57 0.1811
14977 15 59 0.189
14993 127 64 0.3071
14993 15 47 0.189
15009 15 52 0.1417
15025 15 56 0.1417
15041 15 59 0.1339
15057 15 47 0.1732
15073 15 52 0.1339
15088 15 56 0.1339
15104 15 59 0.126
15120 15 47 0.1811
15120 189 40 0.252
15136 15 52 0.1181
15152 15 56 0.1496
15168 15 59 0.1732
15184 63 68 0.2677
15184 15 47 0.189
15200 15 52 0.1417
15216 15 56 0.1575
15231 15 59 0.1575
15247 125 64 0.2992
15247 15 47 0.189
15263 15 52 0.1339
15279 15 56 0.1339
15295 15 59 0.1339
15311 15 47 0.1654
15311 62 40 0.189
15327 15 52 0.1339
15343 15 56 0.126
15358 15 59 0.1102
15374 125 64 0.2992
15374 15 47 0.189
15374 62 40 0.189
15390 15 52 0.1339
15406 15 56 0.1339
15422 15 59 0.1339
15438 15 47 0.1654
15438 62 40 0.1811
15454 15 52 0.1339
15470 15 56 0.126
15486 15 59 0.1102
15501 254 56 0.1496
15501 254 64 0.2047
15501 254 40 0.1181
15501 254 47 0.1181
