0 87 72 0.4724
0 21 60 0.315
21 21 67 0.2362
43 21 64 0.2362
65 21 67 0.2362
87 43 76 0.4724
87 21 60 0.315
109 21 67 0.2362
131 43 79 0.4724
131 21 64 0.2362
153 21 67 0.2362
175 65 71 0.4724
175 21 62 0.2362
197 21 67 0.2283
219 21 65 0.2441
241 10 72 0.4331
241 21 67 0.2205
252 10 74 0.4016
263 43 72 0.4724
263 21 60 0.315
285 21 67 0.2283
307 21 64 0.252
329 21 67 0.2283
351 87 81 0.5039
351 21 60 0.315
373 21 69 0.252
395 21 65 0.252
417 21 69 0.252
439 43 79 0.4882
439 21 60 0.315
461 21 67 0.252
483 43 84 0.5039
483 21 64 0.252
505 21 67 0.252
527 43 79 0.5039
527 21 59 0.315
549 21 67 0.252
571 7 77 0.4331
571 21 62 0.252
578 7 79 0.4331
585 7 77 0.4331
593 10 76 0.4646
593 21 67 0.252
604 10 77 0.4331
615 43 76 0.4724
615 21 60 0.315
637 21 67 0.2677
659 21 64 0.2677
681 21 67 0.2677
703 21 69 0.4724
703 43 65 0.315
725 12 71 0.4173
736 12 72 0.4252
747 12 74 0.4331
758 12 76 0.4488
769 12 77 0.4567
779 12 79 0.4646
790 12 81 0.4882
801 12 79 0.4803
812 12 77 0.4724
823 12 76 0.4646
834 12 74 0.4567
834 43 53 0.315
834 43 60 0.315
845 12 72 0.4488
856 12 71 0.4331
867 12 69 0.4173
878 21 67 0.4724
878 43 52 0.315
878 43 60 0.315
900 12 69 0.4173
911 12 71 0.4252
922 12 72 0.4331
933 12 74 0.4488
944 12 76 0.4567
955 12 77 0.4646
966 12 79 0.4882
977 12 77 0.4803
988 12 76 0.4724
999 12 74 0.4646
1010 12 72 0.4567
1010 43 52 0.315
1010 43 60 0.315
1021 12 71 0.4488
1032 12 69 0.4331
1043 12 67 0.4173
1054 21 65 0.4724
1054 43 50 0.315
1054 43 60 0.315
1076 12 67 0.4173
1087 12 69 0.4252
1098 12 71 0.4331
1109 12 72 0.4488
1120 12 74 0.4567
1131 12 76 0.4646
1142 12 77 0.4882
1153 12 76 0.4803
1164 12 74 0.4724
1175 12 72 0.4646
1186 12 71 0.4567
1186 43 50 0.315
1186 43 59 0.315
1197 12 69 0.4488
1208 12 67 0.4331
1219 12 65 0.4173
1230 21 64 0.4724
1230 43 48 0.315
1230 43 60 0.315
1252 12 65 0.4173
1263 12 67 0.4252
1274 12 69 0.4331
1285 12 71 0.4488
1296 12 72 0.4567
1307 12 74 0.4646
1318 12 76 0.4882
1329 12 74 0.4803
1340 12 72 0.4724
1351 12 71 0.4646
1362 12 69 0.4567
1362 43 52 0.315
1362 43 48 0.315
1373 12 67 0.4488
1384 12 65 0.4331
1395 12 64 0.4173
1406 21 62 0.4724
1406 175 53 0.315
1406 175 57 0.315
1428 12 64 0.4173
1439 12 65 0.4252
1450 12 67 0.4331
1461 12 69 0.4488
1472 12 71 0.4567
1483 12 73 0.4646
1494 10 74 0.4882
1505 12 69 0.4567
1516 12 71 0.4803
1527 12 73 0.5039
1538 12 74 0.5197
1548 12 76 0.5276
1559 12 77 0.5354
1570 12 79 0.5433
1581 12 81 0.5512
1581 65 53 0.4724
1592 12 83 0.5433
1603 12 84 0.5591
1614 12 83 0.5433
1625 12 81 0.5276
1636 12 79 0.5118
1647 12 77 0.4961
1647 21 55 0.4331
1658 10 76 0.5197
1669 12 77 0.5118
1669 65 57 0.4724
1680 12 79 0.5197
1691 12 81 0.5276
1702 12 79 0.5276
1713 12 77 0.5354
1724 12 76 0.5591
1735 12 74 0.5748
1735 21 54 0.4252
1746 12 72 0.5984
1757 10 71 0.6142
1757 10 43 0.5118
1768 10 47 0.4409
1779 10 79 0.5591
1779 10 50 0.4409
1790 10 55 0.3937
1801 10 76 0.5591
1801 10 43 0.5118
1812 10 48 0.4331
1823 10 72 0.5591
1823 10 52 0.4331
1834 10 55 0.3937
1845 10 74 0.6142
1845 10 43 0.5118
1856 10 47 0.4331
1867 10 79 0.5591
1867 10 50 0.4331
1878 10 55 0.4252
1889 10 76 0.5591
1889 10 43 0.5118
1900 10 48 0.4488
1911 10 72 0.5591
1911 10 52 0.4409
1922 10 55 0.4173
1933 21 74 0.6378
1933 21 43 0.5118
1977 21 71 0.5591
1977 21 74 0.5591
1977 21 79 0.5591
1977 21 55 0.4646
2021 21 67 0.6535
2021 21 43 0.4803
2109 12 61 0.3307
2120 10 62 0.2835
2131 12 61 0.3307
2142 10 62 0.2835
2153 12 61 0.3307
2164 10 62 0.2992
2175 12 61 0.3307
2186 10 62 0.2913
2197 12 60 0.3307
2208 10 62 0.2835
2219 12 60 0.3307
2230 10 62 0.2913
2241 12 60 0.3307
2252 10 62 0.2913
2263 12 60 0.3307
2274 10 62 0.2992
2285 21 86 0.4803
2285 10 59 0.3307
2296 10 62 0.2835
2307 21 83 0.4331
2307 10 59 0.3307
2318 10 62 0.2835
2328 65 79 0.4803
2328 10 59 0.3307
2339 10 62 0.252
2350 10 59 0.2992
2361 10 62 0.2598
2372 10 59 0.3071
2383 10 62 0.252
2394 10 81 0.4173
2394 10 59 0.3071
2405 10 83 0.4016
2405 10 62 0.2677
2416 21 81 0.4331
2416 10 59 0.3307
2427 10 62 0.2913
2438 10 79 0.4173
2438 10 59 0.3307
2449 10 62 0.2992
2460 5 79 0.4331
2460 10 60 0.3622
2466 5 81 0.4016
2471 5 79 0.4409
2471 10 62 0.2992
2477 5 81 0.4016
2482 10 79 0.4567
2482 10 59 0.3307
2493 10 78 0.4094
2493 10 62 0.2835
2504 43 78 0.4567
2504 12 57 0.3071
2515 10 62 0.2126
2526 12 59 0.3701
2537 10 62 0.2756
2548 12 60 0.3937
2559 10 62 0.2835
2570 12 59 0.3465
2581 10 62 0.2362
2592 12 60 0.4094
2603 10 62 0.2441
2614 12 57 0.315
2625 10 62 0.2205
2636 21 86 0.4803
2636 10 59 0.3307
2647 10 62 0.2835
2658 21 83 0.4331
2658 10 59 0.3307
2669 10 62 0.2835
2680 65 79 0.4803
2680 10 59 0.3307
2691 10 62 0.252
2702 10 59 0.2992
2713 10 62 0.2598
2724 10 59 0.3071
2735 10 62 0.252
2746 10 81 0.4173
2746 10 59 0.3071
2757 10 83 0.4016
2757 10 62 0.2677
2768 21 81 0.4331
2768 10 59 0.3307
2779 10 62 0.2913
2790 10 79 0.4173
2790 10 59 0.3307
2801 10 62 0.2992
2812 5 79 0.4331
2812 10 60 0.3307
2817 5 81 0.4016
2823 5 79 0.4409
2823 10 62 0.2835
2828 5 81 0.3937
2834 10 79 0.4331
2834 10 59 0.3307
2845 8 78 0.4094
2845 10 62 0.2835
2856 43 78 0.4567
2856 12 57 0.3071
2867 10 62 0.2283
2878 12 59 0.3307
2889 10 62 0.252
2900 12 60 0.378
2911 10 62 0.2835
2922 12 59 0.3386
2933 10 62 0.2362
2944 12 60 0.378
2955 10 62 0.2835
2966 12 57 0.3386
2977 10 62 0.2362
2988 43 86 0.5433
2999 10 59 0.3071
3010 10 62 0.3307
3021 10 67 0.3071
3032 43 71 0.378
3043 10 86 0.4803
3054 10 83 0.5197
3065 10 79 0.4803
3076 43 76 0.5354
3087 10 60 0.3307
3097 10 64 0.3465
3108 10 67 0.3228
3119 43 72 0.4094
3130 10 76 0.4803
3141 10 79 0.5197
3152 10 76 0.4803
3163 43 84 0.5433
3174 10 57 0.3071
3185 10 60 0.3307
3196 10 66 0.3071
3207 43 69 0.378
3218 10 84 0.4803
3229 10 81 0.5197
3240 10 78 0.4803
3251 43 74 0.5354
3262 10 59 0.3307
3273 10 62 0.3465
3284 10 66 0.3228
3295 43 71 0.4094
3306 10 74 0.4803
3317 10 78 0.5197
3328 10 74 0.4803
3339 43 83 0.5354
3350 10 55 0.3071
3361 10 59 0.3307
3372 10 64 0.3071
3383 43 67 0.378
3394 10 83 0.4803
3405 10 79 0.5197
3416 10 76 0.4803
3427 43 72 0.5354
3438 10 57 0.3307
3449 10 60 0.3465
3460 10 64 0.3228
3471 43 69 0.4094
3482 10 72 0.4803
3493 10 76 0.5197
3504 10 72 0.4803
3515 43 81 0.5354
3526 10 54 0.3071
3537 10 57 0.3307
3548 10 62 0.3071
3559 43 66 0.378
3570 10 81 0.4803
3581 10 78 0.5197
3592 10 72 0.4803
3603 43 71 0.5354
3614 10 55 0.3307
3625 10 59 0.3465
3636 10 62 0.3228
3647 43 67 0.4094
3658 10 79 0.4803
3669 10 74 0.5197
3680 10 71 0.4803
3691 82 69 0.5197
3691 10 60 0.3465
3691 10 64 0.3465
3713 10 60 0.3071
3713 10 64 0.3071
3735 10 60 0.3071
3735 10 64 0.3071
3757 10 60 0.3071
3757 10 64 0.3071
3773 5 71 0.5039
3779 38 72 0.5433
3779 10 60 0.3465
3779 10 64 0.3465
3801 10 60 0.315
3801 10 64 0.315
3817 5 75 0.5118
3823 38 76 0.5669
3823 10 60 0.315
3823 10 64 0.315
3845 10 60 0.3228
3845 10 64 0.3228
3861 5 80 0.5118
3867 65 81 0.5591
3867 10 60 0.3937
3867 10 64 0.3937
3888 10 60 0.3465
3888 10 64 0.3465
3910 10 60 0.3465
3910 10 64 0.3465
3932 5 83 0.5197
3932 10 60 0.3465
3932 10 64 0.3465
3938 5 81 0.5197
3943 5 80 0.5197
3949 5 81 0.5197
3954 21 84 0.5827
3954 10 60 0.3858
3954 10 64 0.3858
3976 21 81 0.5354
3976 10 60 0.3622
3976 10 64 0.3622
3998 21 84 0.5906
3998 10 60 0.3622
3998 10 64 0.3622
4020 21 81 0.5433
4020 10 60 0.3622
4020 10 64 0.3622
4042 21 83 0.6142
4042 10 62 0.3937
4053 10 71 0.3307
4064 21 79 0.5748
4064 10 67 0.3307
4075 10 71 0.3307
4086 87 86 0.622
4086 10 62 0.3858
4097 10 71 0.3307
4108 10 67 0.3307
4119 10 71 0.3307
4130 10 62 0.378
4141 10 71 0.3307
4152 10 67 0.3307
4163 10 71 0.3307
4174 10 84 0.5512
4174 10 62 0.3858
4185 10 83 0.5354
4185 10 71 0.3307
4196 10 81 0.5276
4196 10 67 0.3307
4207 10 79 0.5118
4207 10 71 0.3307
4218 5 81 0.3858
4218 10 62 0.3937
4224 5 83 0.2992
4229 5 81 0.3858
4229 10 72 0.3307
4235 5 83 0.315
4240 5 81 0.3937
4240 10 66 0.3307
4246 5 83 0.315
4251 5 81 0.3937
4251 10 72 0.3307
4256 5 83 0.315
4262 5 81 0.4094
4262 10 62 0.3858
4267 5 83 0.315
4273 5 81 0.4094
4273 10 72 0.3307
4278 5 83 0.3228
4284 5 81 0.4173
4284 10 66 0.3307
4289 5 83 0.3228
4295 5 81 0.4173
4295 10 72 0.3307
4300 5 83 0.3307
4306 5 81 0.4252
4306 10 62 0.378
4311 5 83 0.3386
4317 5 81 0.4252
4317 10 72 0.3307
4322 5 83 0.3543
4328 5 81 0.4252
4328 10 66 0.3307
4333 5 83 0.3465
4339 5 81 0.4252
4339 10 72 0.3307
4344 5 83 0.3465
4350 5 81 0.4173
4350 10 62 0.3858
4355 5 83 0.3543
4361 5 81 0.4173
4361 10 72 0.3307
4366 5 83 0.3307
4372 7 81 0.4173
4372 10 66 0.3307
4379 7 79 0.4646
4383 10 72 0.3307
4386 7 81 0.4567
4394 43 79 0.5433
4394 43 67 0.3858
4394 43 71 0.4567
4438 10 79 0.5276
4449 10 74 0.4646
4460 10 79 0.4882
4471 10 83 0.5118
4482 10 86 0.5354
4493 10 83 0.4961
4504 10 79 0.5354
4515 10 83 0.4961
4526 10 84 0.5433
4526 43 62 0.315
4526 43 69 0.315
4526 43 72 0.378
4537 10 81 0.4961
4548 10 78 0.5433
4559 10 81 0.4961
4570 43 79 0.5433
4570 43 67 0.3858
4570 43 71 0.4567
4614 10 67 0.5276
4625 10 62 0.4646
4636 10 67 0.4882
4646 10 71 0.5118
4657 10 74 0.5354
4668 10 71 0.4961
4679 10 67 0.5354
4690 10 71 0.4961
4701 10 72 0.5433
4701 43 50 0.315
4701 43 57 0.315
4701 43 60 0.378
4712 10 69 0.4961
4723 10 66 0.5433
4734 10 69 0.4961
4745 43 67 0.5827
4745 43 55 0.3465
4745 43 59 0.4094
4789 43 74 0.5118
4789 43 83 0.6063
4789 43 43 0.3465
4789 43 55 0.4094
4833 43 71 0.4882
4833 43 79 0.5827
4833 43 43 0.3465
4833 43 55 0.4094
4921 87 72 0.4724
4921 21 60 0.315
4943 21 67 0.2362
4965 21 64 0.2362
4987 21 67 0.2362
5009 43 76 0.4724
5009 21 60 0.315
5031 21 67 0.2362
5053 43 79 0.4724
5053 21 64 0.2362
5075 21 67 0.2362
5097 65 71 0.4724
5097 21 62 0.2362
5119 21 67 0.2283
5141 21 65 0.2441
5163 10 72 0.4331
5163 21 67 0.2205
5174 10 74 0.4016
5185 43 72 0.4724
5185 21 60 0.315
5207 21 67 0.2283
5229 21 64 0.252
5251 21 67 0.2283
5273 87 81 0.5039
5273 21 60 0.315
5295 21 69 0.252
5317 21 65 0.252
5339 21 69 0.252
5361 43 79 0.4882
5361 21 60 0.315
5383 21 67 0.252
5405 43 84 0.5039
5405 21 64 0.252
5426 21 67 0.252
5448 43 79 0.5039
5448 21 59 0.315
5470 21 67 0.252
5492 7 77 0.4331
5492 21 62 0.252
5500 7 79 0.4331
5507 7 77 0.4331
5514 10 76 0.4646
5514 21 67 0.252
5525 10 77 0.4331
5536 43 76 0.4724
5536 21 60 0.315
5558 21 67 0.2677
5580 21 64 0.2677
5602 21 67 0.2677
5624 21 69 0.4724
5624 43 65 0.315
5646 12 71 0.4173
5657 12 72 0.4252
5668 12 74 0.4331
5679 12 76 0.4488
5690 12 77 0.4567
5701 12 79 0.4646
5712 12 81 0.4882
5723 12 79 0.4803
5734 12 77 0.4724
5745 12 76 0.4646
5756 12 74 0.4567
5756 43 53 0.315
5756 43 60 0.315
5767 12 72 0.4488
5778 12 71 0.4331
5789 12 69 0.4173
5800 21 67 0.4724
5800 43 52 0.315
5800 43 60 0.315
5822 12 69 0.4173
5833 12 71 0.4252
5844 12 72 0.4331
5855 12 74 0.4488
5866 12 76 0.4567
5877 12 77 0.4646
5888 12 79 0.4882
5899 12 77 0.4803
5910 12 76 0.4724
5921 12 74 0.4646
5932 12 72 0.4567
5932 43 52 0.315
5932 43 60 0.315
5943 12 71 0.4488
5954 12 69 0.4331
5965 12 67 0.4173
5976 21 65 0.4724
5976 43 50 0.315
5976 43 60 0.315
5998 12 67 0.4173
6009 12 69 0.4252
6020 12 71 0.4331
6031 12 72 0.4488
6042 12 74 0.4567
6053 12 76 0.4646
6064 12 77 0.4882
6075 12 76 0.4803
6086 12 74 0.4724
6097 12 72 0.4646
6108 12 71 0.4567
6108 43 50 0.315
6108 43 59 0.315
6119 12 69 0.4488
6130 12 67 0.4331
6141 12 65 0.4173
6152 21 64 0.4724
6152 43 48 0.315
6152 43 60 0.315
6174 12 65 0.4173
6185 12 67 0.4252
6195 12 69 0.4331
6206 12 71 0.4488
6217 12 72 0.4567
6228 12 74 0.4646
6239 12 76 0.4882
6250 12 74 0.4803
6261 12 72 0.4724
6272 12 71 0.4646
6283 12 69 0.4567
6283 43 52 0.315
6283 43 48 0.315
6294 12 67 0.4488
6305 12 65 0.4331
6316 12 64 0.4173
6327 21 62 0.4724
6327 175 53 0.315
6327 175 57 0.315
6349 12 64 0.4173
6360 12 65 0.4252
6371 12 67 0.4331
6382 12 69 0.4488
6393 12 71 0.4567
6404 12 73 0.4646
6415 10 74 0.4882
6426 12 69 0.4567
6437 12 71 0.4803
6448 12 73 0.5039
6459 12 74 0.5197
6470 12 76 0.5276
6481 12 77 0.5354
6492 12 79 0.5433
6503 12 81 0.5512
6503 65 53 0.4724
6514 12 83 0.5433
6525 12 84 0.5591
6536 12 83 0.5433
6547 12 81 0.5276
6558 12 79 0.5118
6569 12 77 0.4961
6569 21 55 0.4331
6580 10 76 0.5197
6591 12 77 0.5118
6591 65 57 0.4724
6602 12 79 0.5197
6613 12 81 0.5276
6624 12 79 0.5276
6635 12 77 0.5354
6646 12 76 0.5591
6657 12 74 0.5748
6657 21 54 0.4252
6668 12 72 0.5984
6679 10 71 0.6142
6679 10 43 0.5118
6690 10 47 0.4409
6701 10 79 0.5591
6701 10 50 0.4409
6712 10 55 0.3937
6723 10 76 0.5591
6723 10 43 0.5118
6734 10 48 0.4331
6745 10 72 0.5591
6745 10 52 0.4331
6756 10 55 0.3937
6767 10 74 0.6142
6767 10 43 0.5118
6778 10 47 0.4331
6789 10 79 0.5591
6789 10 50 0.4331
6800 10 55 0.4252
6811 10 76 0.5591
6811 10 43 0.5118
6822 10 48 0.4488
6833 10 72 0.5591
6833 10 52 0.4409
6844 10 55 0.4173
6855 21 74 0.6378
6855 21 43 0.5118
6899 21 71 0.5591
6899 21 79 0.5591
6899 21 74 0.5591
6899 21 55 0.4646
6943 21 67 0.6535
6943 21 43 0.4803
7030 12 61 0.3307
7041 10 62 0.2835
7052 12 61 0.3307
7063 10 62 0.2835
7074 12 61 0.3307
7085 10 62 0.2992
7096 12 61 0.3307
7107 10 62 0.2913
7118 12 60 0.3307
7129 10 62 0.2835
7140 12 60 0.3307
7151 10 62 0.2913
7162 12 60 0.3307
7173 10 62 0.2913
7184 12 60 0.3307
7195 10 62 0.2992
7206 21 86 0.4803
7206 10 59 0.3307
7217 10 62 0.2835
7228 21 83 0.4331
7228 10 59 0.3307
7239 10 62 0.2835
7250 65 79 0.4803
7250 10 59 0.3307
7261 10 62 0.252
7272 10 59 0.2992
7283 10 62 0.2598
7294 10 59 0.3071
7305 10 62 0.252
7316 10 81 0.4173
7316 10 59 0.3071
7327 10 83 0.4016
7327 10 62 0.2677
7338 21 81 0.4331
7338 10 59 0.3307
7349 10 62 0.2913
7360 10 79 0.4173
7360 10 59 0.3307
7371 10 62 0.2992
7382 5 79 0.4331
7382 10 60 0.3622
7387 5 81 0.4016
7393 5 79 0.4409
7393 10 62 0.2992
7398 5 81 0.4016
7404 10 79 0.4567
7404 10 59 0.3307
7415 10 78 0.4094
7415 10 62 0.2835
7426 43 78 0.4567
7426 12 57 0.3071
7437 10 62 0.2126
7448 12 59 0.3701
7459 10 62 0.2756
7470 12 60 0.3937
7481 10 62 0.2835
7492 12 59 0.3465
7503 10 62 0.2362
7514 12 60 0.4094
7525 10 62 0.2441
7536 12 57 0.315
7547 10 62 0.2205
7558 21 86 0.4803
7558 10 59 0.3307
7569 10 62 0.2835
7580 21 83 0.4331
7580 10 59 0.3307
7591 10 62 0.2835
7602 65 79 0.4803
7602 10 59 0.3307
7613 10 62 0.252
7624 10 59 0.2992
7635 10 62 0.2598
7646 10 59 0.3071
7657 10 62 0.252
7668 10 81 0.4173
7668 10 59 0.3071
7679 10 83 0.4016
7679 10 62 0.2677
7690 21 81 0.4331
7690 10 59 0.3307
7701 10 62 0.2913
7712 10 79 0.4173
7712 10 59 0.3307
7723 10 62 0.2992
7734 5 79 0.4331
7734 10 60 0.3307
7739 5 81 0.4016
7744 5 79 0.4409
7744 10 62 0.2835
7750 5 81 0.3937
7755 10 79 0.4331
7755 10 59 0.3307
7766 8 78 0.4094
7766 10 62 0.2835
7777 43 78 0.4567
7777 12 57 0.3071
7788 10 62 0.2283
7799 12 59 0.3307
7810 10 62 0.252
7821 12 60 0.378
7832 10 62 0.2835
7843 12 59 0.3386
7854 10 62 0.2362
7865 12 60 0.378
7876 10 62 0.2835
7887 12 57 0.3386
7898 10 62 0.2362
7909 43 86 0.5433
7920 10 59 0.3071
7931 10 62 0.3307
7942 10 67 0.3071
7953 43 71 0.378
7964 10 86 0.4803
7975 10 83 0.5197
7986 10 79 0.4803
7997 43 76 0.5354
8008 10 60 0.3307
8019 10 64 0.3465
8030 10 67 0.3228
8041 43 72 0.4094
8052 10 76 0.4803
8063 10 79 0.5197
8074 10 76 0.4803
8085 43 84 0.5433
8096 10 57 0.3071
8107 10 60 0.3307
8118 10 66 0.3071
8129 43 69 0.378
8140 10 84 0.4803
8151 10 81 0.5197
8162 10 78 0.4803
8173 43 74 0.5354
8184 10 59 0.3307
8195 10 62 0.3465
8206 10 66 0.3228
8217 43 71 0.4094
8228 10 74 0.4803
8239 10 78 0.5197
8250 10 74 0.4803
8261 43 83 0.5354
8272 10 55 0.3071
8283 10 59 0.3307
8294 10 64 0.3071
8305 43 67 0.378
8316 10 83 0.4803
8327 10 79 0.5197
8338 10 76 0.4803
8349 43 72 0.5354
8360 10 57 0.3307
8371 10 60 0.3465
8382 10 64 0.3228
8393 43 69 0.4094
8404 10 72 0.4803
8415 10 76 0.5197
8426 10 72 0.4803
8437 43 81 0.5354
8448 10 54 0.3071
8459 10 57 0.3307
8470 10 62 0.3071
8481 43 66 0.378
8492 10 81 0.4803
8503 10 78 0.5197
8513 10 72 0.4803
8524 43 71 0.5354
8535 10 55 0.3307
8546 10 59 0.3465
8557 10 62 0.3228
8568 43 67 0.4094
8579 10 79 0.4803
8590 10 74 0.5197
8601 10 71 0.4803
8612 82 69 0.5197
8612 10 64 0.3465
8612 10 60 0.3465
8634 10 64 0.3071
8634 10 60 0.3071
8656 10 64 0.3071
8656 10 60 0.3071
8678 10 60 0.3071
8678 10 64 0.3071
8695 5 71 0.5039
8700 38 72 0.5433
8700 10 60 0.3465
8700 10 64 0.3465
8722 10 60 0.315
8722 10 64 0.315
8739 5 75 0.5118
8744 38 76 0.5669
8744 10 64 0.315
8744 10 60 0.315
8766 10 60 0.3228
8766 10 64 0.3228
8783 5 80 0.5118
8788 65 81 0.5591
8788 10 64 0.3937
8788 10 60 0.3937
8810 10 64 0.3465
8810 10 60 0.3465
8832 10 64 0.3465
8832 10 60 0.3465
8854 5 83 0.5197
8854 10 60 0.3465
8854 10 64 0.3465
8860 5 81 0.5197
8865 5 80 0.5197
8871 5 81 0.5197
8876 21 84 0.5827
8876 10 60 0.3858
8876 10 64 0.3858
8898 21 81 0.5354
8898 10 64 0.3622
8898 10 60 0.3622
8920 21 84 0.5906
8920 10 60 0.3622
8920 10 64 0.3622
8942 21 81 0.5433
8942 10 60 0.3622
8942 10 64 0.3622
8964 21 83 0.6142
8964 10 62 0.3937
8975 10 71 0.3307
8986 21 79 0.5748
8986 10 67 0.3307
8997 10 71 0.3307
9008 87 86 0.622
9008 10 62 0.3858
9019 10 71 0.3307
9030 10 67 0.3307
9041 10 71 0.3307
9052 10 62 0.378
9063 10 71 0.3307
9074 10 67 0.3307
9085 10 71 0.3307
9096 10 84 0.5512
9096 10 62 0.3858
9107 10 83 0.5354
9107 10 71 0.3307
9118 10 81 0.5276
9118 10 67 0.3307
9129 10 79 0.5118
9129 10 71 0.3307
9140 5 81 0.3858
9140 10 62 0.3937
9145 5 83 0.2992
9151 5 81 0.3858
9151 10 72 0.3307
9156 5 83 0.315
9162 5 81 0.3937
9162 10 66 0.3307
9167 5 83 0.315
9173 5 81 0.3937
9173 10 72 0.3307
9178 5 83 0.315
9184 5 81 0.4094
9184 10 62 0.3858
9189 5 83 0.315
9195 5 81 0.4094
9195 10 72 0.3307
9200 5 83 0.3228
9206 5 81 0.4173
9206 10 66 0.3307
9211 5 83 0.3228
9217 5 81 0.4173
9217 10 72 0.3307
9222 5 83 0.3307
9228 5 81 0.4252
9228 10 62 0.378
9233 5 83 0.3386
9239 5 81 0.4252
9239 10 72 0.3307
9244 5 83 0.3543
9250 5 81 0.4252
9250 10 66 0.3307
9255 5 83 0.3465
9261 5 81 0.4252
9261 10 72 0.3307
9266 5 83 0.3465
9272 5 81 0.4173
9272 10 62 0.3858
9277 5 83 0.3543
9283 5 81 0.4173
9283 10 72 0.3307
9288 5 83 0.3307
9293 7 81 0.4173
9293 10 66 0.3307
9301 7 79 0.4646
9304 10 72 0.3307
9308 7 81 0.4567
9315 43 79 0.5433
9315 43 71 0.4567
9315 43 67 0.3858
9359 10 79 0.5276
9370 10 74 0.4646
9381 10 79 0.4882
9392 10 83 0.5118
9403 10 86 0.5354
9414 10 83 0.4961
9425 10 79 0.5354
9436 10 83 0.4961
9447 10 84 0.5433
9447 43 69 0.315
9447 43 72 0.378
9447 43 62 0.315
9458 10 81 0.4961
9469 10 78 0.5433
9480 10 81 0.4961
9491 43 79 0.5433
9491 43 67 0.3858
9491 43 71 0.4567
9535 10 67 0.5276
9546 10 62 0.4646
9557 10 67 0.4882
9568 10 71 0.5118
9579 10 74 0.5354
9590 10 71 0.4961
9601 10 67 0.5354
9612 10 71 0.4961
9623 10 72 0.5433
9623 43 57 0.315
9623 43 60 0.378
9623 43 50 0.315
9634 10 69 0.4961
9645 10 66 0.5433
9656 10 69 0.4961
9667 43 67 0.5827
9667 43 55 0.3465
9667 43 59 0.4094
9711 43 74 0.5118
9711 43 83 0.6063
9711 43 43 0.3465
9711 43 55 0.4094
9755 43 71 0.4882
9755 43 79 0.5827
9755 43 43 0.3465
9755 43 55 0.4094
9843 43 67 0.5433
9843 43 55 0.4567
9843 43 43 0.3858
9887 10 79 0.5276
9898 10 74 0.4646
9909 10 79 0.4882
9920 10 82 0.5118
9931 10 86 0.5354
9942 10 82 0.4961
9953 10 79 0.5354
9964 10 82 0.4961
9975 10 84 0.5433
9975 43 69 0.315
9975 43 72 0.378
9975 43 62 0.315
9986 10 81 0.4961
9997 10 78 0.5433
10008 10 81 0.4961
10019 43 79 0.5433
10019 43 67 0.3858
10019 43 70 0.4567
10062 10 67 0.5276
10073 10 62 0.4646
10084 10 67 0.4882
10095 10 70 0.5118
10106 10 74 0.5354
10117 10 70 0.4961
10128 10 67 0.5354
10139 10 70 0.4961
10150 10 72 0.5433
10150 43 57 0.315
10150 43 60 0.378
10150 43 50 0.315
10161 10 69 0.4961
10172 10 66 0.5433
10183 10 69 0.4961
10194 43 67 0.5827
10205 12 43 0.3858
10216 12 45 0.4016
10227 12 46 0.4094
10238 12 48 0.4252
10249 12 50 0.4409
10260 12 52 0.4567
10271 12 54 0.4724
10282 43 55 0.4803
10293 12 79 0.5354
10304 12 82 0.5669
10315 12 81 0.5512
10326 12 79 0.5354
10337 12 77 0.5276
10348 12 76 0.5118
10359 12 74 0.5039
10370 43 73 0.5512
10381 12 45 0.4173
10392 12 47 0.4331
10403 12 49 0.4488
10414 12 50 0.4724
10425 12 52 0.4882
10436 12 54 0.5039
10447 12 56 0.5197
10458 43 57 0.5354
10469 12 85 0.5906
10480 12 88 0.622
10491 12 86 0.6063
10502 12 85 0.5827
10513 12 82 0.5669
10524 12 81 0.5512
10535 12 79 0.5669
10546 43 77 0.6693
10546 43 50 0.5591
10546 43 38 0.5591
10590 10 74 0.5748
10601 10 69 0.5039
10612 10 74 0.5354
10623 10 77 0.5591
10634 10 81 0.5827
10645 10 77 0.5433
10656 10 74 0.5827
10667 10 77 0.5433
10678 10 79 0.5906
10678 43 64 0.3465
10678 43 67 0.4094
10678 43 57 0.3465
10689 10 76 0.5433
10700 10 73 0.5906
10711 10 76 0.5433
10722 43 74 0.5906
10722 43 62 0.4173
10722 43 65 0.4961
10766 10 62 0.5276
10777 10 57 0.4646
10788 10 62 0.4882
10799 10 65 0.5118
10810 10 69 0.5354
10821 10 65 0.4961
10831 10 62 0.5354
10842 10 65 0.4961
10853 10 67 0.5433
10853 43 52 0.315
10853 43 55 0.378
10853 43 45 0.315
10864 10 64 0.4961
10875 10 61 0.5433
10886 10 64 0.4961
10897 43 50 0.4882
10897 43 53 0.4882
10908 12 62 0.4252
10919 12 64 0.4409
10930 12 65 0.4567
10941 12 67 0.4724
10952 12 69 0.4803
10963 12 71 0.4961
10974 12 73 0.5118
10985 43 74 0.5197
10996 12 62 0.4173
11007 12 65 0.4961
11018 12 64 0.4803
11029 12 62 0.4646
11040 12 60 0.4409
11051 12 59 0.4252
11062 12 57 0.4094
11073 43 56 0.4488
11084 12 71 0.4567
11095 12 72 0.4724
11106 12 74 0.4803
11117 12 76 0.4961
11128 12 78 0.5039
11139 12 80 0.5197
11150 12 81 0.5276
11161 43 83 0.5433
11172 12 56 0.4094
11183 12 59 0.4803
11194 12 57 0.4646
11205 12 56 0.4488
11216 12 53 0.4331
11227 12 52 0.4173
11238 12 50 0.3937
11249 43 48 0.4488
11260 12 81 0.5512
11271 12 88 0.6063
11282 12 86 0.5512
11293 12 84 0.5591
11304 12 83 0.5669
11315 12 81 0.5748
11326 12 79 0.5827
11337 43 77 0.6142
11348 12 62 0.4567
11359 12 69 0.5197
11370 12 67 0.5039
11381 12 65 0.4882
11392 12 64 0.4803
11403 12 62 0.4646
11414 12 60 0.4567
11425 43 59 0.5354
11436 12 79 0.5039
11447 12 86 0.5433
11458 12 84 0.4961
11469 12 83 0.5039
11480 12 81 0.5197
11491 12 79 0.5276
11502 12 77 0.5433
11513 43 76 0.5591
11524 12 60 0.3937
11535 12 67 0.4567
11546 12 65 0.4409
11557 12 64 0.4331
11568 12 62 0.4173
11579 12 60 0.4016
11590 12 59 0.3858
11601 43 57 0.4488
11611 12 77 0.4724
11622 12 84 0.5197
11633 12 83 0.5512
11644 12 81 0.5433
11655 12 79 0.5354
11666 12 77 0.5197
11677 12 76 0.5118
11688 43 74 0.5433
11699 12 59 0.3937
11710 12 65 0.4409
11721 12 64 0.4252
11732 12 62 0.4173
11743 12 60 0.4016
11754 12 59 0.3858
11765 12 57 0.378
11776 43 56 0.4252
11787 12 76 0.4646
11798 12 83 0.5276
11809 12 81 0.5276
11820 12 80 0.5197
11831 12 77 0.5118
11842 12 76 0.5039
11853 12 74 0.4961
11864 43 72 0.5197
11875 12 57 0.3465
11886 12 60 0.4094
11897 12 59 0.3937
11908 12 57 0.378
11919 12 55 0.3622
11930 12 53 0.3543
11941 12 52 0.3386
11952 87 50 0.4016
11963 12 70 0.4567
11974 12 74 0.5039
11985 12 72 0.4646
11996 12 70 0.5039
12007 12 69 0.4961
12018 12 67 0.4803
12029 10 65 0.4724
12040 12 64 0.4646
12040 87 48 0.3622
12040 87 55 0.3622
12040 87 58 0.4488
12051 12 65 0.4488
12062 12 67 0.4409
12073 12 69 0.4331
12084 12 70 0.4173
12095 12 72 0.4094
12106 12 74 0.3937
12117 10 76 0.3858
12128 87 77 0.4646
12128 21 65 0.315
12150 21 72 0.2362
12172 21 69 0.2362
12194 21 72 0.2362
12216 43 81 0.4567
12216 21 65 0.315
12238 21 72 0.2362
12260 43 84 0.4409
12260 21 69 0.2362
12282 21 72 0.2362
12304 65 76 0.4724
12304 21 67 0.2362
12326 21 72 0.2283
12348 21 70 0.2441
12370 10 77 0.4331
12370 21 72 0.2205
12380 10 79 0.4016
12391 43 77 0.4724
12391 21 65 0.315
12413 21 72 0.2283
12435 21 69 0.252
12457 21 72 0.2283
12479 87 86 0.5039
12479 21 65 0.315
12501 21 74 0.252
12523 21 70 0.252
12545 21 74 0.252
12567 43 84 0.4882
12567 21 65 0.315
12589 21 72 0.252
12611 43 89 0.5039
12611 21 69 0.252
12633 21 72 0.252
12655 43 84 0.5039
12655 21 64 0.315
12677 21 72 0.252
12699 7 82 0.4331
12699 21 67 0.252
12706 7 84 0.4331
12714 7 82 0.4331
12721 10 81 0.4646
12721 21 72 0.252
12732 10 82 0.4331
12743 43 81 0.4724
12743 21 65 0.315
12765 21 72 0.2677
12787 21 69 0.2677
12809 21 72 0.2677
12831 21 74 0.4724
12831 43 70 0.315
12853 12 76 0.4173
12864 12 77 0.4252
12875 12 79 0.4331
12886 12 81 0.4488
12897 12 82 0.4567
12908 12 84 0.4646
12919 12 86 0.4882
12930 12 84 0.4803
12941 12 82 0.4724
12952 12 81 0.4646
12963 12 79 0.4567
12963 43 58 0.315
12963 43 65 0.315
12974 12 77 0.4488
12985 12 76 0.4331
12996 12 74 0.4173
13007 21 72 0.4724
13007 43 57 0.315
13007 43 65 0.315
13029 12 74 0.4173
13040 12 76 0.4252
13051 12 77 0.4331
13062 12 79 0.4488
13073 12 81 0.4567
13084 12 82 0.4646
13095 12 84 0.4882
13106 12 82 0.4803
13117 12 81 0.4724
13128 12 79 0.4646
13139 12 77 0.4567
13139 43 57 0.315
13139 43 65 0.315
13150 12 76 0.4488
13160 12 74 0.4331
13171 12 72 0.4173
13182 21 70 0.4724
13182 43 55 0.315
13182 43 65 0.315
13204 12 72 0.4173
13215 12 74 0.4252
13226 12 76 0.4331
13237 12 77 0.4488
13248 12 79 0.4567
13259 12 81 0.4646
13270 12 82 0.4882
13281 12 81 0.4803
13292 12 79 0.4724
13303 12 77 0.4646
13314 12 76 0.4567
13314 43 55 0.315
13314 43 64 0.315
13325 12 74 0.4488
13336 12 72 0.4331
13347 12 70 0.4173
13358 21 69 0.4724
13358 43 53 0.315
13358 43 65 0.315
13380 12 70 0.4173
13391 12 72 0.4252
13402 12 74 0.4331
13413 12 76 0.4488
13424 12 77 0.4567
13435 12 79 0.4646
13446 12 81 0.4882
13457 12 79 0.4803
13468 12 77 0.4724
13479 12 76 0.4646
13490 12 74 0.4567
13501 12 72 0.4488
13512 12 70 0.4331
13523 12 69 0.4173
13534 43 81 0.4803
13534 21 53 0.378
13556 12 55 0.3307
13567 12 57 0.3307
13578 12 58 0.3386
13589 12 60 0.3543
13600 12 62 0.3622
13611 12 64 0.3701
13622 12 65 0.3858
13633 12 64 0.378
13644 12 62 0.378
13655 12 60 0.3701
13666 43 72 0.4409
13666 43 81 0.4409
13666 12 58 0.3622
13677 12 57 0.3543
13688 12 55 0.3386
13699 12 53 0.3307
13710 43 72 0.4409
13710 43 79 0.4409
13710 21 52 0.378
13732 12 53 0.3307
13743 12 55 0.3307
13754 12 57 0.3386
13765 12 59 0.3543
13776 12 60 0.3622
13787 12 62 0.3701
13798 12 64 0.3858
13809 12 62 0.378
13820 12 60 0.378
13831 12 59 0.3701
13842 43 72 0.4409
13842 43 79 0.4409
13842 12 57 0.3622
13853 12 55 0.3543
13864 12 53 0.3386
13875 12 52 0.3307
13886 43 72 0.4409
13886 43 77 0.4409
13886 21 50 0.378
13908 12 52 0.3307
13919 12 53 0.3307
13929 12 55 0.3386
13940 12 57 0.3543
13951 12 59 0.3622
13962 12 60 0.3701
13973 12 62 0.3858
13984 12 60 0.378
13995 12 59 0.378
14006 12 57 0.3701
14017 43 71 0.4409
14017 43 77 0.4409
14017 12 55 0.3622
14028 12 53 0.3543
14039 12 52 0.3386
14050 12 50 0.3307
14061 43 72 0.4409
14061 43 76 0.4409
14061 21 48 0.378
14083 12 50 0.3307
14094 12 52 0.3307
14105 12 53 0.3386
14116 12 55 0.3543
14127 12 57 0.3622
14138 12 59 0.3701
14149 12 60 0.3858
14160 12 59 0.378
14171 12 57 0.378
14182 12 55 0.3701
14193 43 72 0.4409
14193 43 76 0.4409
14193 12 53 0.3622
14204 12 52 0.3543
14215 12 50 0.3386
14226 12 48 0.3307
14237 10 74 0.4724
14237 175 53 0.2992
14237 175 57 0.2992
14248 12 62 0.4173
14259 12 64 0.4173
14270 12 65 0.4252
14281 12 67 0.4331
14292 12 69 0.4488
14303 12 71 0.4567
14314 12 73 0.4646
14325 10 74 0.4882
14336 12 69 0.4567
14347 12 71 0.4803
14358 12 73 0.5039
14369 12 74 0.5197
14380 12 76 0.5276
14391 12 77 0.5354
14402 12 79 0.5433
14413 12 81 0.5512
14413 65 53 0.4724
14424 12 83 0.5433
14435 12 84 0.5591
14446 12 83 0.5433
14457 12 81 0.5276
14468 12 79 0.5118
14479 12 77 0.4961
14479 21 55 0.4331
14490 10 76 0.5197
14501 12 77 0.5118
14501 65 57 0.4724
14512 12 79 0.5197
14523 12 81 0.5276
14534 12 79 0.5276
14545 12 77 0.5354
14556 12 76 0.5591
14567 12 74 0.5748
14567 21 54 0.4252
14578 12 72 0.5984
14589 10 71 0.6142
14589 10 43 0.5118
14600 10 47 0.4409
14611 10 79 0.5591
14611 10 50 0.4409
14622 10 55 0.3937
14633 10 76 0.5591
14633 10 43 0.5118
14644 10 48 0.4331
14655 10 72 0.5591
14655 10 52 0.4331
14666 10 55 0.3937
14677 10 74 0.6142
14677 10 43 0.5118
14688 10 47 0.4331
14699 10 79 0.5591
14699 10 50 0.4331
14709 10 55 0.4252
14720 10 76 0.5591
14720 10 43 0.5118
14731 10 48 0.4488
14742 10 72 0.5591
14742 10 52 0.4409
14753 10 55 0.4173
14764 21 74 0.6378
14764 21 43 0.5118
14808 21 74 0.5591
14808 21 79 0.5591
14808 21 71 0.5591
14808 21 55 0.4646
14852 21 67 0.6535
14852 21 43 0.4803
14940 12 66 0.3307
14951 10 67 0.2835
14962 12 66 0.3307
14973 10 67 0.2835
14984 12 66 0.3307
14995 10 67 0.2992
15006 12 66 0.3307
15017 10 67 0.2913
15028 12 65 0.3307
15039 10 67 0.2835
15050 12 65 0.3307
15061 10 67 0.2913
15072 12 65 0.3307
15083 10 67 0.2913
15094 12 65 0.3307
15105 10 67 0.2992
15116 21 79 0.4803
15116 10 64 0.3307
15127 10 67 0.2835
15138 21 76 0.4331
15138 10 64 0.3307
15149 10 67 0.2835
15160 65 72 0.4803
15160 10 64 0.3307
15171 10 67 0.252
15182 10 64 0.2992
15193 10 67 0.2598
15204 10 64 0.3071
15215 10 67 0.252
15226 10 74 0.4173
15226 10 64 0.3071
15237 10 76 0.4016
15237 10 67 0.2677
15248 21 74 0.4331
15248 10 64 0.3307
15259 10 67 0.2913
15270 10 72 0.4173
15270 10 64 0.3307
15281 10 67 0.2992
15292 5 72 0.4331
15292 10 65 0.3622
15297 5 74 0.4016
15303 5 72 0.4409
15303 10 67 0.2992
15308 5 74 0.4016
15314 10 72 0.4567
15314 10 64 0.3307
15325 10 71 0.4094
15325 10 67 0.2835
15336 43 71 0.4567
15336 12 62 0.3071
15347 10 67 0.2126
15358 12 64 0.3701
15369 10 67 0.2756
15380 12 65 0.3937
15391 10 67 0.2835
15402 12 64 0.3465
15413 10 67 0.2362
15424 12 65 0.4094
15435 10 67 0.2441
15446 12 62 0.315
15457 10 67 0.2205
15468 21 79 0.4803
15468 10 64 0.3307
15478 10 67 0.2835
15489 21 76 0.4331
15489 10 64 0.3307
15500 10 67 0.2835
15511 65 72 0.4803
15511 10 64 0.3307
15522 10 67 0.252
15533 10 64 0.2992
15544 10 67 0.2598
15555 10 64 0.3071
15566 10 67 0.252
15577 10 74 0.4173
15577 10 64 0.3071
15588 10 76 0.4016
15588 10 67 0.2677
15599 21 74 0.4331
15599 10 64 0.3307
15610 10 67 0.2913
15621 10 72 0.4173
15621 10 64 0.3307
15632 10 67 0.2992
15643 5 72 0.4331
15643 10 65 0.3307
15649 5 74 0.4016
15654 5 72 0.4409
15654 10 67 0.2835
15660 5 74 0.3937
15665 10 72 0.4331
15665 10 64 0.3307
15676 8 71 0.4094
15676 10 67 0.2835
15687 43 71 0.4567
15687 12 62 0.3071
15698 10 67 0.2283
15709 12 64 0.3307
15720 10 67 0.252
15731 12 65 0.378
15742 10 67 0.2835
15753 12 64 0.3386
15764 10 67 0.2362
15775 12 65 0.378
15786 10 67 0.2835
15797 12 62 0.3386
15808 10 67 0.2362
15819 43 79 0.5118
15830 10 52 0.2913
15841 10 55 0.3071
15852 10 60 0.2913
15863 43 64 0.3543
15874 10 79 0.4488
15885 10 76 0.4882
15896 10 72 0.4488
15907 43 69 0.5039
15918 10 53 0.3071
15929 10 57 0.3228
15940 10 60 0.2992
15951 43 65 0.3858
15962 10 69 0.4488
15973 10 72 0.4882
15984 10 69 0.4488
15995 43 77 0.5118
16006 10 50 0.2913
16017 10 53 0.3071
16028 10 59 0.2913
16039 43 62 0.3543
16050 10 77 0.4488
16061 10 74 0.4882
16072 10 71 0.4488
16083 43 67 0.5039
16094 10 52 0.3071
16105 10 55 0.3228
16116 10 59 0.2992
16127 43 64 0.3858
16138 10 79 0.5039
16149 10 83 0.5276
16160 10 79 0.4961
16171 43 88 0.5669
16182 10 60 0.3071
16193 10 64 0.3307
16204 10 69 0.3071
16215 43 72 0.378
16226 10 88 0.4803
16237 10 84 0.5197
16247 10 81 0.4803
16258 43 77 0.5354
16269 10 62 0.3307
16280 10 65 0.3465
16291 10 69 0.3228
16302 43 74 0.4094
16313 10 77 0.5039
16324 10 81 0.5197
16335 10 77 0.5039
16346 43 86 0.5748
16357 10 59 0.3071
16368 10 62 0.3307
16379 10 67 0.3071
16390 43 71 0.378
16401 10 86 0.4803
16412 10 83 0.5197
16423 10 77 0.4803
16434 43 76 0.5354
16445 10 60 0.3307
16456 10 64 0.3465
16467 10 67 0.3228
16478 43 72 0.4094
16489 10 84 0.4803
16500 10 79 0.5197
16511 10 76 0.4803
16522 82 74 0.5591
16544 10 69 0.3071
16544 10 65 0.3071
16566 10 69 0.3071
16566 10 65 0.3071
16588 10 65 0.3071
16588 10 69 0.3071
16605 5 73 0.5039
16610 38 74 0.5433
16610 10 69 0.3465
16610 10 65 0.3465
16632 10 65 0.315
16632 10 69 0.315
16648 5 73 0.5118
16654 43 74 0.5669
16654 10 65 0.315
16654 10 69 0.315
16676 10 65 0.3228
16676 10 69 0.3228
16698 82 81 0.6063
16720 10 54 0.315
16720 10 63 0.315
16720 10 60 0.315
16742 10 54 0.3228
16742 10 63 0.3228
16742 10 60 0.3228
16764 10 54 0.3228
16764 10 60 0.3228
16764 10 63 0.3228
16780 5 80 0.5433
16786 38 81 0.6142
16786 10 54 0.3701
16786 10 60 0.3701
16786 10 63 0.3701
16808 10 54 0.3386
16808 10 60 0.3386
16808 10 63 0.3386
16824 5 80 0.5433
16830 43 81 0.622
16830 10 54 0.3386
16830 10 60 0.3386
16830 10 63 0.3386
16852 10 54 0.3465
16852 10 63 0.3465
16852 10 60 0.3465
16874 21 79 0.6142
16874 10 55 0.4252
16885 10 64 0.3307
16896 10 81 0.5906
16896 10 60 0.3307
16907 10 83 0.5984
16907 10 64 0.3307
16918 10 84 0.622
16918 10 55 0.4409
16929 10 86 0.6299
16929 10 64 0.3465
16940 10 88 0.6535
16940 10 60 0.3307
16951 10 86 0.6457
16951 10 64 0.3307
16962 10 84 0.6142
16962 10 55 0.378
16973 10 83 0.6063
16973 10 64 0.3307
16984 10 81 0.5906
16984 10 60 0.3307
16995 10 79 0.5827
16995 10 64 0.3307
17006 10 77 0.5512
17006 10 55 0.3858
17017 10 76 0.5354
17017 10 64 0.3307
17027 10 74 0.5276
17027 10 60 0.3307
17038 10 72 0.5118
17038 10 64 0.3307
17049 5 74 0.3858
17049 10 55 0.3937
17055 5 76 0.2992
17060 5 74 0.3858
17060 10 65 0.3307
17066 5 76 0.315
17071 5 74 0.3937
17071 10 59 0.3307
17077 5 76 0.315
17082 5 74 0.3937
17082 10 65 0.3307
17088 5 76 0.315
17093 5 74 0.4094
17093 10 55 0.3858
17099 5 76 0.315
17104 5 74 0.4094
17104 10 65 0.3307
17110 5 76 0.3228
17115 5 74 0.4173
17115 10 59 0.3307
17121 5 76 0.3228
17126 5 74 0.4173
17126 10 65 0.3307
17132 5 76 0.3307
17137 5 74 0.4252
17137 10 55 0.378
17143 5 76 0.3386
17148 5 74 0.4252
17148 10 65 0.3307
17154 5 76 0.3543
17159 5 74 0.4252
17159 10 59 0.3307
17165 5 76 0.3465
17170 5 74 0.4252
17170 10 65 0.3307
17176 5 76 0.3465
17181 5 74 0.4173
17181 10 55 0.3858
17187 5 76 0.3543
17192 5 74 0.4173
17192 10 65 0.3307
17198 5 76 0.3307
17203 7 74 0.4173
17203 10 59 0.3307
17211 7 72 0.4646
17214 10 65 0.3307
17218 7 74 0.4567
17225 43 72 0.5433
17225 43 64 0.4567
17225 43 60 0.3858
17269 10 72 0.5276
17280 10 67 0.4646
17291 10 72 0.4882
17302 10 76 0.5118
17313 10 79 0.5354
17324 10 76 0.4961
17335 10 72 0.5354
17346 10 76 0.4961
17357 10 77 0.5433
17357 43 55 0.315
17357 43 65 0.378
17357 43 62 0.315
17368 10 74 0.4961
17379 10 71 0.5433
17390 10 74 0.4961
17401 43 72 0.5433
17401 43 64 0.4567
17401 43 60 0.3858
17445 10 60 0.5276
17456 10 55 0.4646
17467 10 60 0.4882
17478 10 64 0.5118
17489 10 67 0.5354
17500 10 64 0.4961
17511 10 60 0.5354
17522 10 64 0.4961
17533 10 65 0.5433
17533 43 43 0.315
17533 43 50 0.315
17533 43 53 0.378
17544 10 62 0.4961
17555 10 59 0.5433
17566 10 62 0.4961
17577 43 60 0.5827
17577 43 52 0.4094
17577 43 48 0.3465
17621 43 79 0.5669
17621 43 84 0.6693
17621 43 76 0.5118
17621 43 60 0.4646
17665 43 72 0.6535
17665 43 48 0.4331
17665 43 36 0.3465
17753 43 67 0.5433
17753 43 55 0.4567
17753 43 43 0.3858
17796 10 79 0.5276
17807 10 74 0.4646
17818 10 79 0.4882
17829 10 82 0.5118
17840 10 86 0.5354
17851 10 82 0.4961
17862 10 79 0.5354
17873 10 82 0.4961
17884 10 84 0.5433
17884 43 69 0.315
17884 43 72 0.378
17884 43 62 0.315
17895 10 81 0.4961
17906 10 78 0.5433
17917 10 81 0.4961
17928 43 79 0.5433
17928 43 67 0.3858
17928 43 70 0.4567
17972 10 67 0.5276
17983 10 62 0.4646
17994 10 67 0.4882
18005 10 70 0.5118
18016 10 74 0.5354
18027 10 70 0.4961
18038 10 67 0.5354
18049 10 70 0.4961
18060 10 72 0.5433
18060 43 57 0.315
18060 43 60 0.378
18060 43 50 0.315
18071 10 69 0.4961
18082 10 66 0.5433
18093 10 69 0.4961
18104 43 67 0.5827
18115 12 43 0.3858
18126 12 45 0.4016
18137 12 46 0.4094
18148 12 48 0.4252
18159 12 50 0.4409
18170 12 52 0.4567
18181 12 54 0.4724
18192 43 55 0.4803
18203 12 79 0.5354
18214 12 82 0.5669
18225 12 81 0.5512
18236 12 79 0.5354
18247 12 77 0.5276
18258 12 76 0.5118
18269 12 74 0.5039
18280 43 73 0.5512
18291 12 45 0.4173
18302 12 47 0.4331
18313 12 49 0.4488
18324 12 50 0.4724
18335 12 52 0.4882
18346 12 54 0.5039
18357 12 56 0.5197
18368 43 57 0.5354
18379 12 85 0.5906
18390 12 88 0.622
18401 12 86 0.6063
18412 12 85 0.5827
18423 12 82 0.5669
18434 12 81 0.5512
18445 12 79 0.5669
18456 43 77 0.6693
18456 43 50 0.5591
18456 43 38 0.5591
18500 10 74 0.5748
18511 10 69 0.5039
18522 10 74 0.5354
18533 10 77 0.5591
18544 10 81 0.5827
18555 10 77 0.5433
18566 10 74 0.5827
18576 10 77 0.5433
18587 10 79 0.5906
18587 43 64 0.3465
18587 43 67 0.4094
18587 43 57 0.3465
18598 10 76 0.5433
18609 10 73 0.5906
18620 10 76 0.5433
18631 43 74 0.5906
18631 43 62 0.4173
18631 43 65 0.4961
18675 10 62 0.5276
18686 10 57 0.4646
18697 10 62 0.4882
18708 10 65 0.5118
18719 10 69 0.5354
18730 10 65 0.4961
18741 10 62 0.5354
18752 10 65 0.4961
18763 10 67 0.5433
18763 43 52 0.315
18763 43 55 0.378
18763 43 45 0.315
18774 10 64 0.4961
18785 10 61 0.5433
18796 10 64 0.4961
18807 43 50 0.4882
18807 43 53 0.4882
18818 12 62 0.4252
18829 12 64 0.4409
18840 12 65 0.4567
18851 12 67 0.4724
18862 12 69 0.4803
18873 12 71 0.4961
18884 12 73 0.5118
18895 43 74 0.5197
18906 12 62 0.4173
18917 12 65 0.4961
18928 12 64 0.4803
18939 12 62 0.4646
18950 12 60 0.4409
18961 12 59 0.4252
18972 12 57 0.4094
18983 43 56 0.4488
18994 12 71 0.4567
19005 12 72 0.4724
19016 12 74 0.4803
19027 12 76 0.4961
19038 12 78 0.5039
19049 12 80 0.5197
19060 12 81 0.5276
19071 43 83 0.5433
19082 12 56 0.4094
19093 12 59 0.4803
19104 12 57 0.4646
19115 12 56 0.4488
19126 12 53 0.4331
19137 12 52 0.4173
19148 12 50 0.3937
19159 43 48 0.4488
19170 12 81 0.5512
19181 12 88 0.6063
19192 12 86 0.5512
19203 12 84 0.5591
19214 12 83 0.5669
19225 12 81 0.5748
19236 12 79 0.5827
19247 43 77 0.6142
19258 12 62 0.4567
19269 12 69 0.5197
19280 12 67 0.5039
19291 12 65 0.4882
19302 12 64 0.4803
19313 12 62 0.4646
19324 12 60 0.4567
19335 43 59 0.5354
19345 12 79 0.5039
19356 12 86 0.5433
19367 12 84 0.4961
19378 12 83 0.5039
19389 12 81 0.5197
19400 12 79 0.5276
19411 12 77 0.5433
19422 43 76 0.5591
19433 12 60 0.3937
19444 12 67 0.4567
19455 12 65 0.4409
19466 12 64 0.4331
19477 12 62 0.4173
19488 12 60 0.4016
19499 12 59 0.3858
19510 43 57 0.4488
19521 12 77 0.4724
19532 12 84 0.5197
19543 12 83 0.5512
19554 12 81 0.5433
19565 12 79 0.5354
19576 12 77 0.5197
19587 12 76 0.5118
19598 43 74 0.5433
19609 12 59 0.3937
19620 12 65 0.4409
19631 12 64 0.4252
19642 12 62 0.4173
19653 12 60 0.4016
19664 12 59 0.3858
19675 12 57 0.378
19686 43 56 0.4252
19697 12 76 0.4646
19708 12 83 0.5276
19719 12 81 0.5276
19730 12 80 0.5197
19741 12 77 0.5118
19752 12 76 0.5039
19763 12 74 0.4961
19774 43 72 0.5197
19785 12 57 0.3465
19796 12 60 0.4094
19807 12 59 0.3937
19818 12 57 0.378
19829 12 55 0.3622
19840 12 53 0.3543
19851 12 52 0.3386
19862 87 50 0.4016
19873 12 70 0.4567
19884 12 74 0.5039
19895 12 72 0.4646
19906 12 70 0.5039
19917 12 69 0.4961
19928 12 67 0.4803
19939 10 65 0.4724
19950 12 64 0.4646
19950 87 48 0.3622
19950 87 55 0.3622
19950 87 58 0.4488
19961 12 65 0.4488
19972 12 67 0.4409
19983 12 69 0.4331
19994 12 70 0.4173
20005 12 72 0.4094
20016 12 74 0.3937
20027 10 76 0.3858
20038 87 77 0.4646
20038 21 65 0.315
20060 21 72 0.2362
20082 21 69 0.2362
20104 21 72 0.2362
20125 43 81 0.4567
20125 21 65 0.315
20147 21 72 0.2362
20169 43 84 0.4409
20169 21 69 0.2362
20191 21 72 0.2362
20213 65 76 0.4724
20213 21 67 0.2362
20235 21 72 0.2283
20257 21 70 0.2441
20279 10 77 0.4331
20279 21 72 0.2205
20290 10 79 0.4016
20301 43 77 0.4724
20301 21 65 0.315
20323 21 72 0.2283
20345 21 69 0.252
20367 21 72 0.2283
20389 87 86 0.5039
20389 21 65 0.315
20411 21 74 0.252
20433 21 70 0.252
20455 21 74 0.252
20477 43 84 0.4882
20477 21 65 0.315
20499 21 72 0.252
20521 43 89 0.5039
20521 21 69 0.252
20543 21 72 0.252
20565 43 84 0.5039
20565 21 64 0.315
20587 21 72 0.252
20609 7 82 0.4331
20609 21 67 0.252
20616 7 84 0.4331
20624 7 82 0.4331
20631 10 81 0.4646
20631 21 72 0.252
20642 10 82 0.4331
20653 43 81 0.4724
20653 21 65 0.315
20675 21 72 0.2677
20697 21 69 0.2677
20719 21 72 0.2677
20741 21 74 0.4724
20741 43 70 0.315
20763 12 76 0.4173
20774 12 77 0.4252
20785 12 79 0.4331
20796 12 81 0.4488
20807 12 82 0.4567
20818 12 84 0.4646
20829 12 86 0.4882
20840 12 84 0.4803
20851 12 82 0.4724
20862 12 81 0.4646
20873 12 79 0.4567
20873 43 58 0.315
20873 43 65 0.315
20884 12 77 0.4488
20894 12 76 0.4331
20905 12 74 0.4173
20916 21 72 0.4724
20916 43 57 0.315
20916 43 65 0.315
20938 12 74 0.4173
20949 12 76 0.4252
20960 12 77 0.4331
20971 12 79 0.4488
20982 12 81 0.4567
20993 12 82 0.4646
21004 12 84 0.4882
21015 12 82 0.4803
21026 12 81 0.4724
21037 12 79 0.4646
21048 12 77 0.4567
21048 43 57 0.315
21048 43 65 0.315
21059 12 76 0.4488
21070 12 74 0.4331
21081 12 72 0.4173
21092 21 70 0.4724
21092 43 55 0.315
21092 43 65 0.315
21114 12 72 0.4173
21125 12 74 0.4252
21136 12 76 0.4331
21147 12 77 0.4488
21158 12 79 0.4567
21169 12 81 0.4646
21180 12 82 0.4882
21191 12 81 0.4803
21202 12 79 0.4724
21213 12 77 0.4646
21224 12 76 0.4567
21224 43 55 0.315
21224 43 64 0.315
21235 12 74 0.4488
21246 12 72 0.4331
21257 12 70 0.4173
21268 21 69 0.4724
21268 43 53 0.315
21268 43 65 0.315
21290 12 70 0.4173
21301 12 72 0.4252
21312 12 74 0.4331
21323 12 76 0.4488
21334 12 77 0.4567
21345 12 79 0.4646
21356 12 81 0.4882
21367 12 79 0.4803
21378 12 77 0.4724
21389 12 76 0.4646
21400 12 74 0.4567
21411 12 72 0.4488
21422 12 70 0.4331
21433 12 69 0.4173
21444 43 81 0.4803
21444 21 53 0.378
21466 12 55 0.3307
21477 12 57 0.3307
21488 12 58 0.3386
21499 12 60 0.3543
21510 12 62 0.3622
21521 12 64 0.3701
21532 12 65 0.3858
21543 12 64 0.378
21554 12 62 0.378
21565 12 60 0.3701
21576 43 72 0.4409
21576 43 81 0.4409
21576 12 58 0.3622
21587 12 57 0.3543
21598 12 55 0.3386
21609 12 53 0.3307
21620 43 72 0.4409
21620 43 79 0.4409
21620 21 52 0.378
21642 12 53 0.3307
21653 12 55 0.3307
21663 12 57 0.3386
21674 12 59 0.3543
21685 12 60 0.3622
21696 12 62 0.3701
21707 12 64 0.3858
21718 12 62 0.378
21729 12 60 0.378
21740 12 59 0.3701
21751 43 72 0.4409
21751 43 79 0.4409
21751 12 57 0.3622
21762 12 55 0.3543
21773 12 53 0.3386
21784 12 52 0.3307
21795 43 72 0.4409
21795 43 77 0.4409
21795 21 50 0.378
21817 12 52 0.3307
21828 12 53 0.3307
21839 12 55 0.3386
21850 12 57 0.3543
21861 12 59 0.3622
21872 12 60 0.3701
21883 12 62 0.3858
21894 12 60 0.378
21905 12 59 0.378
21916 12 57 0.3701
21927 43 71 0.4409
21927 43 77 0.4409
21927 12 55 0.3622
21938 12 53 0.3543
21949 12 52 0.3386
21960 12 50 0.3307
21971 43 72 0.4409
21971 43 76 0.4409
21971 21 48 0.378
21993 12 50 0.3307
22004 12 52 0.3307
22015 12 53 0.3386
22026 12 55 0.3543
22037 12 57 0.3622
22048 12 59 0.3701
22059 12 60 0.3858
22070 12 59 0.378
22081 12 57 0.378
22092 12 55 0.3701
22103 43 72 0.4409
22103 43 76 0.4409
22103 12 53 0.3622
22114 12 52 0.3543
22125 12 50 0.3386
22136 12 48 0.3307
22147 10 74 0.4724
22147 175 53 0.2992
22147 175 57 0.2992
22158 12 62 0.4173
22169 12 64 0.4173
22180 12 65 0.4252
22191 12 67 0.4331
22202 12 69 0.4488
22213 12 71 0.4567
22224 12 73 0.4646
22235 10 74 0.4882
22246 12 69 0.4567
22257 12 71 0.4803
22268 12 73 0.5039
22279 12 74 0.5197
22290 12 76 0.5276
22301 12 77 0.5354
22312 12 79 0.5433
22323 12 81 0.5512
22323 65 53 0.4724
22334 12 83 0.5433
22345 12 84 0.5591
22356 12 83 0.5433
22367 12 81 0.5276
22378 12 79 0.5118
22389 12 77 0.4961
22389 21 55 0.4331
22400 10 76 0.5197
22411 12 77 0.5118
22411 65 57 0.4724
22422 12 79 0.5197
22433 12 81 0.5276
22443 12 79 0.5276
22454 12 77 0.5354
22465 12 76 0.5591
22476 12 74 0.5748
22476 21 54 0.4252
22487 12 72 0.5984
22498 10 71 0.6142
22498 10 43 0.5118
22509 10 47 0.4409
22520 10 79 0.5591
22520 10 50 0.4409
22531 10 55 0.3937
22542 10 76 0.5591
22542 10 43 0.5118
22553 10 48 0.4331
22564 10 72 0.5591
22564 10 52 0.4331
22575 10 55 0.3937
22586 10 74 0.6142
22586 10 43 0.5118
22597 10 47 0.4331
22608 10 79 0.5591
22608 10 50 0.4331
22619 10 55 0.4252
22630 10 76 0.5591
22630 10 43 0.5118
22641 10 48 0.4488
22652 10 72 0.5591
22652 10 52 0.4409
22663 10 55 0.4173
22674 21 74 0.6378
22674 21 43 0.5118
22718 21 74 0.5591
22718 21 79 0.5591
22718 21 71 0.5591
22718 21 55 0.4646
22762 21 67 0.6535
22762 21 43 0.4803
22850 12 66 0.3307
22861 10 67 0.2835
22872 12 66 0.3307
22883 10 67 0.2835
22894 12 66 0.3307
22905 10 67 0.2992
22916 12 66 0.3307
22927 10 67 0.2913
22938 12 65 0.3307
22949 10 67 0.2835
22960 12 65 0.3307
22971 10 67 0.2913
22982 12 65 0.3307
22993 10 67 0.2913
23004 12 65 0.3307
23015 10 67 0.2992
23026 21 79 0.4803
23026 10 64 0.3307
23037 10 67 0.2835
23048 21 76 0.4331
23048 10 64 0.3307
23059 10 67 0.2835
23070 65 72 0.4803
23070 10 64 0.3307
23081 10 67 0.252
23092 10 64 0.2992
23103 10 67 0.2598
23114 10 64 0.3071
23125 10 67 0.252
23136 10 74 0.4173
23136 10 64 0.3071
23147 10 76 0.4016
23147 10 67 0.2677
23158 21 74 0.4331
23158 10 64 0.3307
23169 10 67 0.2913
23180 10 72 0.4173
23180 10 64 0.3307
23191 10 67 0.2992
23202 5 72 0.4331
23202 10 65 0.3622
23207 5 74 0.4016
23212 5 72 0.4409
23212 10 67 0.2992
23218 5 74 0.4016
23223 10 72 0.4567
23223 10 64 0.3307
23234 10 71 0.4094
23234 10 67 0.2835
23245 43 71 0.4567
23245 12 62 0.3071
23256 10 67 0.2126
23267 12 64 0.3701
23278 10 67 0.2756
23289 12 65 0.3937
23300 10 67 0.2835
23311 12 64 0.3465
23322 10 67 0.2362
23333 12 65 0.4094
23344 10 67 0.2441
23355 12 62 0.315
23366 10 67 0.2205
23377 21 79 0.4803
23377 10 64 0.3307
23388 10 67 0.2835
23399 21 76 0.4331
23399 10 64 0.3307
23410 10 67 0.2835
23421 65 72 0.4803
23421 10 64 0.3307
23432 10 67 0.252
23443 10 64 0.2992
23454 10 67 0.2598
23465 10 64 0.3071
23476 10 67 0.252
23487 10 74 0.4173
23487 10 64 0.3071
23498 10 76 0.4016
23498 10 67 0.2677
23509 21 74 0.4331
23509 10 64 0.3307
23520 10 67 0.2913
23531 10 72 0.4173
23531 10 64 0.3307
23542 10 67 0.2992
23553 5 72 0.4331
23553 10 65 0.3307
23559 5 74 0.4016
23564 5 72 0.4409
23564 10 67 0.2835
23570 5 74 0.3937
23575 10 72 0.4331
23575 10 64 0.3307
23586 8 71 0.4094
23586 10 67 0.2835
23597 43 71 0.4567
23597 12 62 0.3071
23608 10 67 0.2283
23619 12 64 0.3307
23630 10 67 0.252
23641 12 65 0.378
23652 10 67 0.2835
23663 12 64 0.3386
23674 10 67 0.2362
23685 12 65 0.378
23696 10 67 0.2835
23707 12 62 0.3386
23718 10 67 0.2362
23729 43 79 0.5118
23740 10 52 0.2913
23751 10 55 0.3071
23762 10 60 0.2913
23773 43 64 0.3543
23784 10 79 0.4488
23795 10 76 0.4882
23806 10 72 0.4488
23817 43 69 0.5039
23828 10 53 0.3071
23839 10 57 0.3228
23850 10 60 0.2992
23861 43 65 0.3858
23872 10 69 0.4488
23883 10 72 0.4882
23894 10 69 0.4488
23905 43 77 0.5118
23916 10 50 0.2913
23927 10 53 0.3071
23938 10 59 0.2913
23949 43 62 0.3543
23960 10 77 0.4488
23971 10 74 0.4882
23982 10 71 0.4488
23992 43 67 0.5039
24003 10 52 0.3071
24014 10 55 0.3228
24025 10 59 0.2992
24036 43 64 0.3858
24047 10 79 0.5039
24058 10 83 0.5276
24069 10 79 0.4961
24080 43 88 0.5669
24091 10 60 0.3071
24102 10 64 0.3307
24113 10 69 0.3071
24124 43 72 0.378
24135 10 88 0.4803
24146 10 84 0.5197
24157 10 81 0.4803
24168 43 77 0.5354
24179 10 62 0.3307
24190 10 65 0.3465
24201 10 69 0.3228
24212 43 74 0.4094
24223 10 77 0.5039
24234 10 81 0.5197
24245 10 77 0.5039
24256 43 86 0.5748
24267 10 59 0.3071
24278 10 62 0.3307
24289 10 67 0.3071
24300 43 71 0.378
24311 10 86 0.4803
24322 10 83 0.5197
24333 10 77 0.4803
24344 43 76 0.5354
24355 10 60 0.3307
24366 10 64 0.3465
24377 10 67 0.3228
24388 43 72 0.4094
24399 10 84 0.4803
24410 10 79 0.5197
24421 10 76 0.4803
24432 82 74 0.5591
24454 10 69 0.3071
24454 10 65 0.3071
24476 10 69 0.3071
24476 10 65 0.3071
24498 10 65 0.3071
24498 10 69 0.3071
24514 5 73 0.5039
24520 38 74 0.5433
24520 10 69 0.3465
24520 10 65 0.3465
24542 10 65 0.315
24542 10 69 0.315
24558 5 73 0.5118
24564 43 74 0.5669
24564 10 65 0.315
24564 10 69 0.315
24586 10 65 0.3228
24586 10 69 0.3228
24608 82 81 0.6063
24630 10 54 0.315
24630 10 63 0.315
24630 10 60 0.315
24652 10 54 0.3228
24652 10 63 0.3228
24652 10 60 0.3228
24674 10 54 0.3228
24674 10 60 0.3228
24674 10 63 0.3228
24690 5 80 0.5433
24696 38 81 0.6142
24696 10 54 0.3701
24696 10 60 0.3701
24696 10 63 0.3701
24718 10 54 0.3386
24718 10 60 0.3386
24718 10 63 0.3386
24734 5 80 0.5433
24740 43 81 0.622
24740 10 54 0.3386
24740 10 60 0.3386
24740 10 63 0.3386
24761 10 54 0.3465
24761 10 63 0.3465
24761 10 60 0.3465
24783 21 79 0.6142
24783 10 55 0.4252
24794 10 64 0.3307
24805 10 81 0.5906
24805 10 60 0.3307
24816 10 83 0.5984
24816 10 64 0.3307
24827 10 84 0.622
24827 10 55 0.4409
24838 10 86 0.6299
24838 10 64 0.3465
24849 10 88 0.6535
24849 10 60 0.3307
24860 10 86 0.6457
24860 10 64 0.3307
24871 10 84 0.6142
24871 10 55 0.378
24882 10 83 0.6063
24882 10 64 0.3307
24893 10 81 0.5906
24893 10 60 0.3307
24904 10 79 0.5827
24904 10 64 0.3307
24915 10 77 0.5512
24915 10 55 0.3858
24926 10 76 0.5354
24926 10 64 0.3307
24937 10 74 0.5276
24937 10 60 0.3307
24948 10 72 0.5118
24948 10 64 0.3307
24959 5 74 0.3858
24959 10 55 0.3937
24965 5 76 0.2992
24970 5 74 0.3858
24970 10 65 0.3307
24976 5 76 0.315
24981 5 74 0.3937
24981 10 59 0.3307
24987 5 76 0.315
24992 5 74 0.3937
24992 10 65 0.3307
24998 5 76 0.315
25003 5 74 0.4094
25003 10 55 0.3858
25009 5 76 0.315
25014 5 74 0.4094
25014 10 65 0.3307
25020 5 76 0.3228
25025 5 74 0.4173
25025 10 59 0.3307
25031 5 76 0.3228
25036 5 74 0.4173
25036 10 65 0.3307
25042 5 76 0.3307
25047 5 74 0.4252
25047 10 55 0.378
25053 5 76 0.3386
25058 5 74 0.4252
25058 10 65 0.3307
25064 5 76 0.3543
25069 5 74 0.4252
25069 10 59 0.3307
25075 5 76 0.3465
25080 5 74 0.4252
25080 10 65 0.3307
25086 5 76 0.3465
25091 5 74 0.4173
25091 10 55 0.3858
25097 5 76 0.3543
25102 5 74 0.4173
25102 10 65 0.3307
25108 5 76 0.3307
25113 7 74 0.4173
25113 10 59 0.3307
25120 7 72 0.4646
25124 10 65 0.3307
25128 7 74 0.4567
25135 43 72 0.5433
25135 43 64 0.4567
25135 43 60 0.3858
25179 10 72 0.5276
25190 10 67 0.4646
25201 10 72 0.4882
25212 10 76 0.5118
25223 10 79 0.5354
25234 10 76 0.4961
25245 10 72 0.5354
25256 10 76 0.4961
25267 10 77 0.5433
25267 43 55 0.315
25267 43 65 0.378
25267 43 62 0.315
25278 10 74 0.4961
25289 10 71 0.5433
25300 10 74 0.4961
25311 43 72 0.5433
25311 43 64 0.4567
25311 43 60 0.3858
25355 10 60 0.5276
25366 10 55 0.4646
25377 10 60 0.4882
25388 10 64 0.5118
25399 10 67 0.5354
25410 10 64 0.4961
25421 10 60 0.5354
25432 10 64 0.4961
25443 10 65 0.5433
25443 43 43 0.315
25443 43 50 0.315
25443 43 53 0.378
25454 10 62 0.4961
25465 10 59 0.5433
25476 10 62 0.4961
25487 43 60 0.5827
25487 43 52 0.4094
25487 43 48 0.3465
25530 43 79 0.5906
25530 43 84 0.6929
25530 43 76 0.5118
25530 43 60 0.4646
25574 43 72 0.6693
25574 43 48 0.4567
25574 43 36 0.3465
