0 37 37 0.1575
37 37 44 0.1654
74 37 56 0.1732
111 37 49 0.1811
148 37 44 0.189
185 37 37 0.2047
222 37 44 0.2126
259 37 49 0.2205
296 37 56 0.2283
333 37 49 0.2441
370 37 44 0.252
407 37 37 0.2598
444 37 44 0.2677
481 37 49 0.2677
518 37 56 0.2598
555 37 49 0.252
592 37 44 0.2441
629 37 37 0.2362
666 37 44 0.2362
703 37 49 0.2283
740 37 56 0.2205
777 37 49 0.2126
814 37 44 0.2047
851 37 37 0.1969
888 222 76 0.4094
888 37 44 0.2047
925 37 49 0.1969
962 37 56 0.2047
999 37 49 0.2126
1037 37 44 0.2205
1074 37 37 0.2283
1111 111 77 0.4016
1111 37 44 0.2205
1148 37 49 0.2283
1185 37 59 0.2362
1222 111 77 0.4252
1222 37 49 0.2362
1259 37 44 0.2441
1296 37 37 0.252
1333 222 77 0.4409
1333 37 44 0.2598
1370 37 49 0.2441
1407 37 59 0.2362
1444 37 49 0.2362
1481 37 44 0.2283
1518 37 37 0.2205
1555 333 78 0.4331
1555 37 45 0.2205
1592 37 49 0.2205
1629 37 57 0.2205
1666 37 49 0.2205
1703 37 45 0.2205
1740 37 37 0.2205
1777 37 45 0.252
1814 37 50 0.2283
1851 37 57 0.2283
1888 83 76 0.4331
1888 37 50 0.2205
1925 37 45 0.2126
1962 37 37 0.2047
1972 27 74 0.4016
1999 111 73 0.4016
1999 37 45 0.1969
2037 37 50 0.189
2074 37 57 0.189
2111 111 72 0.4016
2111 37 50 0.189
2148 37 45 0.189
2185 37 37 0.189
2222 111 73 0.4173
2222 37 44 0.2047
2259 37 52 0.189
2296 37 61 0.1811
2333 222 80 0.4409
2333 37 52 0.1811
2370 37 44 0.1811
2407 37 37 0.1811
2444 37 35 0.2047
2481 37 47 0.189
2518 37 63 0.189
2555 37 80 0.4252
2555 37 57 0.189
2592 55 78 0.4016
2592 37 47 0.189
2629 37 35 0.189
2648 18 76 0.3858
2666 222 76 0.4173
2666 37 40 0.2047
2703 37 47 0.2126
2740 37 64 0.2205
2777 37 56 0.2205
2814 37 47 0.2283
2851 37 39 0.2362
2888 111 76 0.4094
2888 37 37 0.2441
2925 37 44 0.252
2962 37 56 0.2598
2999 111 76 0.4409
2999 37 49 0.2677
3037 37 44 0.2756
3074 37 37 0.2835
3111 222 77 0.4961
3111 37 44 0.3071
3148 37 49 0.3071
3185 37 59 0.2992
3222 37 49 0.2992
3259 37 44 0.2913
3296 37 37 0.2913
3333 333 78 0.4961
3333 37 45 0.2835
3370 37 49 0.2835
3407 37 57 0.2756
3444 37 49 0.2677
3481 37 45 0.2677
3518 37 37 0.2598
3555 37 45 0.2362
3592 37 50 0.2205
3629 37 57 0.2047
3666 83 76 0.378
3666 37 50 0.2126
3703 37 45 0.1969
3740 37 37 0.1969
3749 27 74 0.3543
3777 111 73 0.3386
3777 37 45 0.1969
3814 37 50 0.189
3851 37 57 0.189
3888 111 72 0.3307
3888 37 50 0.189
3925 37 45 0.189
3962 37 37 0.189
3999 37 45 0.2047
4037 37 50 0.189
4074 37 57 0.1811
4111 37 50 0.1811
4148 37 45 0.1811
4185 37 37 0.1811
4222 37 45 0.2047
4259 37 50 0.189
4296 37 57 0.189
4333 37 50 0.189
4370 37 45 0.189
4407 37 37 0.189
4444 111 73 0.4488
4444 111 85 0.4488
4444 37 44 0.2677
4481 37 56 0.2205
4518 37 61 0.2205
4555 111 80 0.4724
4555 37 52 0.2205
4592 37 44 0.2283
4629 37 37 0.2283
4666 37 78 0.4646
4666 37 37 0.2441
4703 37 80 0.4094
4703 37 44 0.189
4740 37 78 0.4094
4740 37 60 0.189
4777 83 76 0.4409
4777 37 54 0.189
4814 37 44 0.189
4851 37 37 0.189
4861 27 75 0.4252
4888 222 73 0.4882
4888 37 37 0.2126
4925 37 44 0.2126
4962 37 61 0.2205
4999 37 52 0.2283
5037 37 44 0.2283
5074 37 37 0.2362
5111 222 75 0.4488
5111 37 37 0.2362
5148 37 44 0.2441
5185 37 60 0.252
5222 37 54 0.252
5259 37 44 0.2598
5296 37 37 0.2598
5333 83 76 0.4882
5333 37 37 0.2677
5370 37 44 0.2283
5407 37 61 0.2362
5416 27 78 0.4961
5444 111 80 0.5118
5444 37 52 0.2362
5481 37 44 0.2362
5518 37 37 0.2362
5555 111 78 0.4567
5555 37 32 0.2047
5592 37 44 0.189
5629 37 60 0.189
5666 111 74 0.4409
5666 37 54 0.189
5703 37 44 0.189
5740 37 32 0.189
5777 222 73 0.4646
5777 37 37 0.2047
5814 37 44 0.1811
5851 37 61 0.189
5888 37 52 0.189
5925 37 44 0.189
5962 37 37 0.189
5999 111 68 0.4016
5999 37 37 0.2047
6037 37 44 0.189
6074 37 60 0.189
6111 111 80 0.4646
6111 37 54 0.189
6148 37 44 0.189
6185 37 37 0.189
6222 111 85 0.4724
6222 37 37 0.2677
6259 37 44 0.252
6296 37 61 0.252
6333 111 80 0.4646
6333 37 52 0.252
6370 37 44 0.2441
6407 37 37 0.2441
6444 37 78 0.4567
6444 37 37 0.2047
6481 37 80 0.4094
6481 37 44 0.189
6518 37 78 0.4094
6518 37 60 0.189
6555 83 76 0.4409
6555 37 54 0.189
6592 37 44 0.189
6629 37 37 0.189
6638 27 75 0.4252
6666 222 73 0.4882
6666 37 37 0.2047
6703 37 44 0.2047
6740 37 61 0.2126
6777 37 52 0.2126
6814 37 44 0.2205
6851 37 37 0.2283
6888 222 75 0.4488
6888 37 32 0.2283
6925 37 44 0.2362
6962 37 60 0.2362
6999 37 54 0.2441
7037 37 44 0.252
7074 37 32 0.252
7111 83 76 0.4882
7111 37 37 0.2756
7148 37 44 0.2677
7185 37 61 0.2598
7194 27 78 0.4961
7222 111 80 0.5118
7222 37 52 0.252
7259 37 44 0.2441
7296 37 37 0.2283
7333 111 78 0.4567
7333 37 42 0.2047
7370 37 50 0.189
7407 37 57 0.189
7444 111 74 0.4409
7444 37 44 0.189
7481 37 54 0.189
7518 37 60 0.189
7555 444 73 0.4882
7555 37 37 0.2047
7592 37 44 0.1811
7629 37 61 0.189
7666 37 52 0.189
7703 37 44 0.189
7740 36 37 0.189
7777 37 37 0.2047
7814 37 44 0.189
7851 37 56 0.189
7888 37 49 0.189
7925 37 44 0.189
7962 37 37 0.189
7999 222 76 0.4252
7999 37 44 0.2047
8037 37 49 0.2047
8074 37 56 0.2047
8111 37 49 0.2126
8148 37 44 0.2205
8185 37 37 0.2205
8222 111 76 0.4016
8222 37 44 0.2283
8259 37 49 0.2283
8296 37 56 0.2362
8333 111 76 0.4252
8333 37 49 0.2362
8370 37 44 0.2441
8407 37 37 0.252
8444 111 71 0.378
8444 222 77 0.4409
8444 37 44 0.252
8481 37 49 0.252
8518 37 56 0.2441
8555 83 73 0.4173
8555 37 49 0.2362
8592 37 44 0.2362
8629 37 37 0.2283
8638 27 71 0.3858
8666 111 71 0.3937
8666 333 78 0.4331
8666 37 42 0.2205
8703 37 49 0.2126
8740 37 61 0.2126
8777 83 69 0.4016
8777 37 54 0.2047
8814 37 49 0.1969
8851 37 42 0.1811
8861 27 68 0.378
8888 444 66 0.3937
8888 37 30 0.2047
8925 37 42 0.189
8962 37 57 0.189
8999 83 76 0.4409
8999 37 50 0.189
9037 37 42 0.189
9074 37 30 0.189
9083 27 74 0.4331
9111 111 73 0.4252
9111 37 32 0.2047
9148 37 44 0.189
9185 37 56 0.189
9222 111 72 0.4016
9222 37 51 0.189
9259 37 44 0.189
9296 37 32 0.189
9333 111 64 0.3543
9333 111 73 0.4252
9334 37 37 0.2047
9370 37 44 0.189
9407 37 61 0.1811
9444 222 80 0.4724
9444 37 52 0.1811
9481 37 44 0.1811
9518 37 37 0.1811
9555 18 69 0.3228
9555 37 35 0.2047
9577 18 71 0.3071
9592 37 47 0.189
9599 18 69 0.3071
9622 18 68 0.3228
9629 37 63 0.189
9644 18 69 0.3071
9666 111 78 0.4252
9666 83 71 0.3307
9666 37 57 0.189
9703 37 47 0.189
9740 37 35 0.189
9749 27 66 0.315
9777 444 68 0.3622
9777 222 76 0.4252
9777 37 40 0.2362
9814 37 47 0.2441
9851 37 64 0.2441
9888 37 56 0.252
9925 37 47 0.252
9962 37 39 0.2598
9999 111 76 0.4252
9999 37 37 0.2677
10037 37 44 0.2677
10074 37 56 0.2756
10111 111 76 0.4567
10111 37 49 0.2756
10148 37 44 0.2835
10185 37 37 0.2835
10222 111 71 0.4331
10222 222 77 0.4882
10222 37 37 0.2913
10259 37 44 0.2913
10296 37 61 0.2835
10333 83 73 0.4409
10333 37 53 0.2756
10370 37 44 0.2677
10407 37 37 0.2598
10416 27 71 0.4016
10444 111 71 0.4252
10444 333 78 0.4724
10444 37 37 0.252
10481 37 45 0.2441
10518 37 61 0.2362
10555 83 69 0.4488
10555 37 54 0.2283
10592 37 45 0.2283
10629 37 37 0.2205
10638 27 68 0.4094
10666 444 66 0.4173
10666 37 37 0.2047
10703 37 45 0.189
10740 37 57 0.189
10777 83 76 0.4409
10777 37 50 0.189
10814 37 45 0.189
10851 37 37 0.189
10861 27 74 0.4331
10888 111 73 0.4252
10888 37 37 0.2047
10925 37 45 0.189
10962 37 57 0.189
10999 333 72 0.4094
10999 37 50 0.189
11037 37 45 0.189
11074 37 37 0.189
11111 111 66 0.3228
11111 37 37 0.2047
11148 37 45 0.1732
11185 37 57 0.189
11222 83 64 0.3543
11222 37 50 0.2126
11259 37 45 0.1811
11296 37 37 0.1811
11305 27 62 0.2677
11333 111 61 0.315
11333 37 37 0.2047
11370 37 45 0.189
11407 37 57 0.189
11444 111 60 0.2835
11444 37 50 0.189
11481 37 45 0.189
11518 37 37 0.189
11555 37 45 0.2047
11592 37 50 0.1732
11629 37 57 0.189
11666 37 62 0.2126
11703 37 57 0.1811
11740 37 50 0.1811
11777 37 45 0.2047
11814 37 50 0.189
11851 37 57 0.1969
11888 37 50 0.189
11925 37 45 0.189
11962 37 37 0.189
11999 37 50 0.2047
12037 37 57 0.1811
12074 37 62 0.1969
12111 37 66 0.2126
12148 37 62 0.1811
12185 37 57 0.1811
12222 37 45 0.2047
12259 37 50 0.189
12296 37 57 0.189
12333 37 50 0.2047
12370 37 45 0.189
12407 37 37 0.189
12444 166 56 0.252
12444 333 63 0.252
12444 333 66 0.252
12444 166 68 0.2992
12444 333 36 0.2441
12481 39 43 0.2047
12518 39 44 0.2047
12555 39 45 0.2047
12592 39 44 0.2047
12611 55 56 0.2598
12611 55 68 0.2992
12629 39 45 0.2047
12666 111 56 0.2677
12666 111 68 0.3228
12666 39 44 0.2047
12703 39 45 0.2047
12740 37 44 0.2047
12777 333 56 0.2677
12777 166 61 0.3228
12777 333 68 0.3228
12777 333 37 0.2362
12814 39 43 0.2047
12851 39 44 0.2126
12888 39 45 0.2126
12925 39 44 0.2126
12944 55 64 0.2992
12962 39 45 0.2126
12999 111 61 0.3071
12999 39 44 0.2126
13037 39 45 0.2126
13074 37 44 0.2126
13111 166 56 0.3071
13111 333 60 0.3071
13111 166 68 0.3701
13111 333 39 0.2598
13148 39 43 0.2598
13185 39 44 0.2283
13222 39 45 0.2283
13259 39 44 0.2283
13277 55 56 0.2992
13277 55 68 0.3543
13296 39 45 0.2283
13333 111 56 0.315
13333 111 68 0.378
13333 39 44 0.2362
13370 39 45 0.2362
13407 37 44 0.2283
13444 333 56 0.315
13444 166 61 0.378
13444 333 68 0.378
13444 333 40 0.2677
13481 39 43 0.2362
13518 39 44 0.2362
13555 39 45 0.2362
13592 39 44 0.2362
13611 55 64 0.3543
13629 39 45 0.2362
13666 111 61 0.3543
13666 39 44 0.2362
13703 39 45 0.2362
13740 37 44 0.2362
13777 166 61 0.3543
13777 333 68 0.3543
13777 333 71 0.3543
13777 166 73 0.4331
13777 333 41 0.3543
13814 39 48 0.3543
13851 39 49 0.315
13888 39 50 0.3228
13925 39 49 0.3228
13944 55 61 0.3543
13944 55 73 0.4173
13962 39 50 0.3228
13999 111 61 0.3622
13999 111 73 0.4331
13999 39 49 0.3228
14037 39 50 0.3228
14074 37 49 0.315
14111 333 61 0.3622
14111 166 66 0.4488
14111 333 73 0.4488
14111 333 42 0.3622
14148 39 48 0.3228
14185 39 49 0.3386
14222 39 50 0.3465
14259 39 49 0.3465
14277 55 69 0.4409
14296 39 50 0.3465
14333 111 66 0.4488
14333 39 49 0.3465
14370 39 50 0.3465
14407 37 49 0.3465
14444 166 61 0.4409
14444 333 65 0.4409
14444 166 73 0.5197
14444 333 44 0.4331
14481 39 48 0.4331
14518 39 49 0.3858
14555 39 50 0.3858
14592 39 49 0.3937
14611 55 61 0.4252
14611 55 73 0.5118
14629 39 50 0.3937
14666 111 61 0.4488
14666 111 73 0.5276
14666 39 49 0.3937
14703 39 50 0.3937
14740 37 49 0.3937
14777 333 61 0.4567
14777 166 66 0.5433
14777 333 73 0.5433
14777 333 45 0.4567
14814 39 48 0.4016
14851 39 49 0.4094
14888 39 50 0.4094
14925 39 49 0.4094
14944 55 69 0.5591
14962 39 50 0.4173
14999 111 66 0.5748
14999 39 49 0.4252
15037 39 50 0.4252
15074 37 49 0.4252
15111 194 68 0.5197
15111 333 75 0.5197
15111 333 78 0.5197
15111 194 80 0.6142
15111 37 36 0.5118
15111 37 48 0.5118
15148 37 55 0.5118
15185 37 56 0.4567
15222 37 57 0.4567
15259 37 56 0.4567
15296 37 57 0.4567
15305 27 68 0.4803
15305 27 80 0.5827
15333 111 68 0.5197
15333 111 80 0.6142
15333 37 56 0.4567
15370 37 63 0.4567
15407 37 56 0.4409
15444 333 68 0.5197
15444 194 73 0.5197
15444 333 80 0.6142
15444 37 37 0.5197
15444 37 49 0.5197
15481 37 55 0.4567
15518 37 56 0.4646
15555 37 57 0.4646
15592 37 56 0.4646
15629 37 57 0.4646
15638 27 76 0.622
15666 111 73 0.622
15666 37 56 0.4646
15703 37 64 0.4646
15740 37 56 0.4646
15777 194 68 0.5197
15777 333 72 0.5197
15777 194 80 0.6142
15777 37 39 0.5118
15777 37 51 0.5118
15814 37 55 0.5118
15851 37 56 0.4567
15888 37 57 0.4567
15925 37 56 0.4567
15962 37 57 0.4567
15972 27 68 0.4803
15972 27 80 0.5827
15999 111 68 0.5197
15999 111 80 0.6142
15999 37 56 0.4567
16037 37 66 0.4567
16074 37 56 0.4409
16111 296 68 0.5197
16111 194 73 0.6142
16111 333 80 0.6142
16111 37 40 0.5197
16111 37 52 0.5197
16148 37 55 0.4567
16185 37 56 0.4646
16222 37 57 0.4646
16259 37 56 0.4646
16296 37 57 0.4646
16305 27 76 0.622
16333 111 73 0.622
16333 37 56 0.4646
16370 74 68 0.4646
16407 37 56 0.4646
16444 194 73 0.5433
16444 333 80 0.5433
16444 333 83 0.5433
16444 194 85 0.6299
16444 37 41 0.5354
16444 37 53 0.5354
16481 37 60 0.5354
16518 37 61 0.4646
16555 37 62 0.4646
16592 37 61 0.4724
16629 37 62 0.4724
16638 27 73 0.4173
16638 27 85 0.6142
16666 32 73 0.4646
16666 32 85 0.5591
16666 37 61 0.4724
16703 32 73 0.4882
16703 32 85 0.5748
16703 37 71 0.4724
16740 32 73 0.5354
16740 32 85 0.6299
16740 37 61 0.4646
16777 333 73 0.5591
16777 194 78 0.5906
16777 333 85 0.6457
16777 37 42 0.5669
16777 37 54 0.5669
16814 37 60 0.4803
16851 37 61 0.5118
16888 37 62 0.5118
16925 37 61 0.5118
16962 37 62 0.5118
16972 27 81 0.6614
16999 111 78 0.6614
16999 37 61 0.5197
17037 37 69 0.5197
17074 37 61 0.5197
17111 148 73 0.622
17111 333 77 0.622
17111 148 85 0.7323
17111 37 44 0.5827
17111 37 56 0.5827
17148 37 60 0.5827
17185 37 61 0.5197
17222 37 62 0.5197
17259 18 73 0.4646
17259 18 85 0.5591
17259 37 61 0.5354
17296 18 73 0.4803
17296 18 85 0.5591
17296 37 62 0.5354
17333 18 73 0.4961
17333 18 85 0.5748
17333 37 61 0.5433
17370 18 73 0.4961
17370 18 85 0.5906
17370 37 68 0.5433
17407 18 73 0.5039
17407 18 85 0.6142
17407 37 61 0.5197
17444 296 73 0.622
17444 194 78 0.7323
17444 333 85 0.7323
17444 37 45 0.622
17444 37 57 0.622
17481 37 60 0.5512
17518 37 61 0.5591
17555 37 62 0.5591
17592 37 61 0.5669
17629 37 62 0.5669
17638 27 81 0.7087
17666 111 78 0.7087
17666 37 61 0.5669
17703 74 73 0.5669
17740 37 61 0.5748
17777 194 79 0.6929
17777 194 76 0.6929
17777 194 85 0.6929
17777 194 88 0.811
17777 18 34 0.622
17814 18 49 0.5433
17851 18 37 0.5433
17888 18 52 0.5433
17930 18 40 0.5433
17962 18 55 0.5433
17972 27 76 0.6378
17972 27 79 0.6378
17972 27 85 0.6614
17972 27 88 0.7795
17999 111 76 0.685
17999 111 79 0.685
17999 111 85 0.685
17999 111 88 0.8031
17999 18 43 0.5512
18037 18 58 0.5433
18074 18 46 0.5433
18111 111 76 0.6299
18111 111 80 0.748
18111 111 88 0.748
18111 18 47 0.5669
18148 37 59 0.5512
18185 37 56 0.5433
18222 111 83 0.7165
18222 111 80 0.7165
18222 111 76 0.5984
18222 37 64 0.5354
18259 37 59 0.5197
18296 37 68 0.5118
18333 97 71 0.5748
18333 97 76 0.6772
18333 97 80 0.6772
18333 37 64 0.4961
18370 37 59 0.4724
18407 37 56 0.4646
18430 13 80 0.622
18444 111 69 0.5827
18444 111 71 0.5827
18444 111 75 0.685
18444 111 78 0.685
18444 18 35 0.4724
18481 37 47 0.4803
18518 37 54 0.4961
18555 111 71 0.5906
18555 111 69 0.5906
18555 111 73 0.5906
18555 111 76 0.6929
18555 37 59 0.5118
18592 37 54 0.5197
18629 37 63 0.5276
18666 111 69 0.5906
18666 111 71 0.5906
18666 111 75 0.7008
18666 111 78 0.7008
18666 37 59 0.5354
18703 37 54 0.5433
18740 37 47 0.5512
18777 166 76 0.7087
18777 333 68 0.5906
18777 333 80 0.7087
18777 37 40 0.5591
18814 37 52 0.5197
18851 37 47 0.5197
18888 37 40 0.5827
18925 37 56 0.5354
18944 55 75 0.7165
18962 37 47 0.5512
18999 111 74 0.7402
18999 37 40 0.6142
19037 37 59 0.5591
19074 37 47 0.5748
19111 194 72 0.6929
19111 194 68 0.6929
19111 194 75 0.6929
19111 194 80 0.811
19111 18 39 0.622
19148 18 51 0.5433
19185 18 39 0.5433
19222 18 56 0.5433
19259 18 39 0.5433
19296 18 60 0.5433
19305 27 68 0.6378
19305 27 72 0.6378
19305 27 75 0.6614
19305 27 80 0.7795
19333 111 68 0.685
19333 111 72 0.685
19333 111 75 0.685
19333 111 80 0.8031
19333 18 39 0.5512
19370 18 63 0.5433
19407 18 39 0.5433
19444 92 72 0.6693
19444 166 75 0.6693
19444 166 80 0.7874
19444 18 68 0.5669
19481 18 63 0.5512
19518 92 72 0.5433
19555 18 68 0.5354
19592 18 63 0.5197
19611 55 68 0.5669
19611 55 72 0.6772
19611 55 75 0.6772
19629 18 60 0.5118
19666 111 63 0.5433
19666 111 68 0.6378
19666 111 72 0.6378
19666 18 56 0.4961
19703 18 51 0.4724
19740 37 39 0.4646
19777 166 72 0.6693
19777 222 61 0.5669
19777 222 63 0.5669
19777 222 67 0.6693
19777 222 75 0.6693
19777 37 27 0.4488
19814 37 39 0.4409
19851 37 46 0.4409
19888 37 55 0.4409
19925 37 51 0.4409
19944 55 70 0.5984
19962 37 46 0.4331
19999 111 67 0.4961
19999 111 61 0.4961
19999 83 73 0.5906
19999 37 39 0.4252
20037 37 51 0.4252
20074 37 63 0.4173
20083 27 72 0.5591
20111 333 68 0.4646
20111 333 60 0.3937
20111 37 32 0.4094
20148 37 51 0.3701
20185 37 44 0.3622
20222 37 51 0.3543
20259 37 44 0.3465
20296 37 51 0.3307
20333 37 44 0.3622
20370 37 51 0.315
20407 37 44 0.3071
20444 333 61 0.3465
20444 166 69 0.4252
20444 37 52 0.4094
20481 37 44 0.2756
20518 37 52 0.2756
20555 37 44 0.2756
20592 37 52 0.2756
20611 55 69 0.4173
20629 37 44 0.2756
20666 111 69 0.4173
20666 37 52 0.2835
20703 37 44 0.2835
20740 37 52 0.2835
20777 333 60 0.3543
20777 166 69 0.4409
20777 37 44 0.3465
20814 37 51 0.378
20851 37 44 0.2913
20888 37 51 0.2913
20925 37 44 0.2913
20944 55 68 0.4331
20962 37 51 0.2913
20999 111 63 0.4409
20999 37 44 0.2913
21037 37 51 0.2913
21074 37 44 0.2992
21111 333 62 0.378
21111 166 71 0.4646
21111 37 53 0.4409
21148 37 44 0.2992
21185 37 53 0.2992
21222 37 44 0.2992
21259 37 53 0.3071
21277 55 71 0.4567
21296 37 44 0.3071
21333 111 71 0.4567
21333 37 53 0.3071
21370 37 44 0.3071
21407 37 53 0.3071
21444 333 63 0.3937
21444 166 71 0.4803
21444 37 44 0.378
21481 37 54 0.3937
21518 37 44 0.315
21555 37 54 0.315
21592 37 44 0.315
21611 55 70 0.4724
21629 37 54 0.315
21666 111 75 0.4803
21666 37 44 0.3228
21703 37 54 0.3228
21740 37 44 0.3228
21777 333 62 0.4094
21777 166 71 0.5118
21777 37 53 0.4331
21814 37 44 0.3307
21851 37 53 0.3307
21888 37 44 0.3307
21925 37 53 0.3307
21944 55 71 0.4961
21962 37 44 0.3307
21999 111 71 0.4961
21999 37 53 0.3386
22037 37 44 0.3386
22074 37 53 0.3386
22111 222 63 0.4409
22111 166 71 0.5433
22111 37 44 0.3622
22148 37 54 0.4331
22185 37 44 0.3465
22222 37 54 0.3465
22259 37 44 0.3465
22277 55 70 0.5276
22296 37 54 0.3465
22333 111 63 0.5276
22333 37 44 0.3465
22370 37 54 0.3465
22407 37 44 0.3543
22444 333 64 0.4488
22444 166 73 0.5591
22444 37 55 0.4646
22481 37 44 0.3543
22518 37 55 0.3543
22555 37 44 0.3543
22592 37 55 0.3622
22611 55 73 0.5433
22629 37 44 0.3622
22666 111 73 0.5512
22666 37 55 0.3622
22703 37 44 0.3622
22740 37 55 0.3622
22777 333 65 0.4724
22777 166 73 0.5827
22777 37 44 0.4016
22814 37 56 0.4882
22851 37 44 0.3858
22888 37 56 0.378
22925 37 44 0.378
22944 55 72 0.5748
22962 37 56 0.378
22999 111 77 0.5748
22999 37 44 0.3858
23037 37 56 0.3858
23074 37 44 0.3858
23111 333 64 0.4882
23111 166 73 0.6063
23111 37 55 0.5276
23148 37 44 0.3937
23185 37 55 0.3937
23222 37 44 0.3937
23259 37 55 0.3937
23277 55 73 0.5906
23296 37 44 0.3937
23333 111 73 0.5984
23333 37 55 0.4016
23370 37 44 0.4016
23407 37 55 0.4016
23444 222 65 0.5039
23444 166 73 0.6299
23444 37 44 0.4567
23481 37 56 0.5433
23518 37 44 0.4094
23555 37 56 0.4094
23592 37 44 0.4094
23611 55 72 0.6142
23629 37 56 0.4094
23666 111 65 0.622
23666 37 44 0.4173
23703 37 56 0.4173
23740 37 44 0.4252
23777 111 66 0.5276
23777 111 72 0.5276
23777 111 75 0.6299
23777 37 57 0.5039
23814 37 44 0.4724
23851 37 57 0.4724
23888 111 66 0.5276
23888 111 72 0.5276
23888 111 75 0.6299
23888 37 44 0.4724
23925 37 57 0.4803
23962 37 44 0.4803
23999 111 66 0.5354
23999 111 72 0.5354
23999 111 75 0.6457
23999 37 57 0.4803
24037 37 44 0.4803
24074 37 57 0.4882
24111 109 66 0.5512
24111 109 72 0.5512
24111 109 75 0.6535
24111 109 44 0.4409
24111 109 57 0.5276
24222 109 66 0.5748
24222 109 72 0.5748
24222 109 75 0.6772
24222 109 44 0.4567
24222 109 57 0.5354
24333 111 66 0.5984
24333 111 72 0.5984
24333 111 76 0.7165
24333 111 44 0.4724
24333 111 56 0.5591
24444 109 68 0.5748
24444 109 73 0.6142
24444 109 77 0.7244
24444 109 49 0.4646
24444 109 56 0.4646
24444 109 61 0.5669
24555 109 65 0.5591
24555 109 73 0.6693
24555 109 49 0.3701
24555 109 56 0.3701
24555 109 61 0.4488
24666 109 65 0.5354
24666 109 68 0.6299
24666 109 49 0.3701
24666 109 56 0.3701
24666 109 61 0.4488
24777 333 66 0.5591
24777 333 70 0.6693
24777 333 54 0.4252
24777 333 61 0.5039
24888 55 42 0.4882
24999 55 30 0.4882
25111 111 65 0.4646
25111 13 68 0.5197
25111 55 37 0.4882
25124 13 70 0.5197
25138 27 68 0.5118
25166 55 67 0.5433
25222 27 65 0.4567
25222 27 68 0.5512
25222 27 49 0.3622
25222 27 56 0.3622
25222 27 61 0.4331
25277 27 65 0.4724
25277 27 70 0.5748
25277 27 49 0.3622
25277 27 56 0.3622
25277 27 61 0.4331
25333 27 65 0.4882
25333 27 72 0.5827
25333 27 49 0.3622
25333 27 56 0.3622
25333 27 61 0.4409
25388 27 65 0.5039
25388 27 73 0.5984
25388 27 49 0.3701
25388 27 56 0.3701
25388 27 61 0.4488
25444 111 66 0.5276
25444 111 74 0.6299
25444 111 49 0.3858
25444 111 57 0.3858
25444 111 60 0.4646
25555 111 66 0.5512
25555 111 75 0.6535
25555 111 49 0.4016
25555 111 57 0.4016
25555 111 60 0.4803
25666 111 66 0.5748
25666 111 76 0.685
25666 111 49 0.4094
25666 111 56 0.4094
25666 111 60 0.4882
25777 109 68 0.5984
25777 109 73 0.5984
25777 109 77 0.7008
25777 109 49 0.4488
25777 109 56 0.4488
25777 109 61 0.5433
25888 109 65 0.5591
25888 109 73 0.6693
25888 109 49 0.3701
25888 109 56 0.3701
25888 109 61 0.4488
25999 109 65 0.5354
25999 109 68 0.6299
25999 109 49 0.3701
25999 109 56 0.3701
25999 109 61 0.4488
26111 333 66 0.5591
26111 333 70 0.6693
26111 333 54 0.4252
26111 333 61 0.5039
26222 55 42 0.4882
26333 55 30 0.4882
26444 111 65 0.4646
26444 13 68 0.5197
26444 55 37 0.4882
26458 13 70 0.5197
26472 27 68 0.5118
26499 55 67 0.4803
26555 27 65 0.4567
26555 27 68 0.5512
26555 27 49 0.3622
26555 27 56 0.3622
26555 27 61 0.4331
26611 27 65 0.4724
26611 27 70 0.5748
26611 27 49 0.3622
26611 27 56 0.3622
26611 27 61 0.4331
26666 27 65 0.4882
26666 27 72 0.5827
26666 27 49 0.3622
26666 27 56 0.3622
26666 27 61 0.4409
26722 27 65 0.5039
26722 27 73 0.5984
26722 27 49 0.3701
26722 27 56 0.3701
26722 27 61 0.4488
26777 111 65 0.4331
26777 111 71 0.5276
26777 111 49 0.3071
26777 111 55 0.3858
26888 111 64 0.4567
26888 111 72 0.5433
26888 111 48 0.3228
26888 111 55 0.3937
26999 111 65 0.4173
26999 111 74 0.4961
26999 111 48 0.2913
26999 111 55 0.2913
26999 111 59 0.3543
27111 109 64 0.2756
27111 109 76 0.3307
27111 109 48 0.2047
27111 109 55 0.2047
27111 109 60 0.252
27222 109 64 0.2598
27222 109 72 0.3071
27222 109 48 0.1732
27222 109 55 0.1732
27222 109 60 0.2047
27333 109 64 0.2441
27333 109 67 0.2913
27333 109 48 0.1732
27333 109 55 0.1732
27333 109 60 0.2047
27444 333 65 0.2598
27444 333 69 0.3071
27444 333 53 0.1969
27444 333 60 0.2362
27555 55 41 0.2205
27666 55 29 0.2205
27777 111 64 0.2756
27777 13 67 0.3071
27777 55 36 0.2913
27791 13 69 0.3071
27805 27 67 0.2992
27833 55 66 0.2913
27888 27 64 0.2756
27888 27 67 0.3307
27888 27 48 0.2126
27888 27 55 0.2126
27888 27 60 0.252
27944 27 64 0.2835
27944 27 69 0.3465
27944 27 48 0.2205
27944 27 55 0.2205
27944 27 60 0.2598
27999 27 64 0.2913
27999 27 71 0.3465
27999 27 48 0.2205
27999 27 55 0.2205
27999 27 60 0.2598
28055 27 64 0.3071
28055 27 72 0.3622
28055 27 48 0.2283
28055 27 55 0.2283
28055 27 60 0.2677
28111 111 65 0.3071
28111 111 73 0.3701
28111 111 48 0.2205
28111 111 56 0.2205
28111 111 59 0.2756
28222 111 65 0.3307
28222 111 74 0.3937
28222 111 48 0.2362
28222 111 56 0.2362
28222 111 59 0.2913
28333 111 65 0.3543
28333 111 75 0.4252
28333 111 48 0.2441
28333 111 55 0.2441
28333 111 59 0.3071
28444 109 64 0.378
28444 109 76 0.4488
28444 109 48 0.2835
28444 109 55 0.2835
28444 109 60 0.3465
28555 109 64 0.3622
28555 109 72 0.4331
28555 109 48 0.2362
28555 109 55 0.2362
28555 109 60 0.2835
28666 109 64 0.3307
28666 109 67 0.4016
28666 109 48 0.2362
28666 109 55 0.2362
28666 109 60 0.2835
28777 111 65 0.378
28777 111 74 0.4646
28777 111 56 0.2835
28777 111 59 0.3465
28888 111 66 0.4094
28888 111 75 0.4961
28888 111 57 0.2992
28888 111 60 0.3622
28999 111 68 0.4488
28999 111 77 0.5354
28999 111 59 0.315
28999 111 62 0.3858
29111 109 69 0.4803
29111 109 78 0.5669
29111 109 60 0.3543
29111 109 63 0.4331
29222 109 69 0.4646
29222 109 75 0.5669
29222 109 60 0.3071
29222 109 63 0.3701
29333 109 69 0.6063
29333 109 60 0.3228
29333 109 63 0.3858
29444 111 68 0.5197
29444 111 77 0.6142
29444 111 59 0.3622
29444 111 62 0.4331
29555 111 69 0.5433
29555 111 78 0.6457
29555 111 60 0.378
29555 111 63 0.4488
29666 111 71 0.5748
29666 111 80 0.6772
29666 111 62 0.4016
29666 111 65 0.4724
29777 109 72 0.5827
29777 109 81 0.685
29777 109 63 0.378
29777 109 66 0.4488
29888 109 69 0.5906
29888 109 72 0.5906
29888 109 81 0.7008
29888 109 63 0.4016
29888 109 66 0.4724
29999 109 69 0.5984
29999 109 72 0.5984
29999 109 81 0.7165
29999 109 63 0.4173
29999 109 66 0.4961
30111 109 69 0.6142
30111 109 72 0.6142
30111 109 81 0.7323
30111 109 63 0.4409
30111 109 66 0.5197
30222 109 69 0.6299
30222 109 72 0.6299
30222 109 81 0.748
30222 109 63 0.4567
30222 109 66 0.5433
30333 109 69 0.6378
30333 109 73 0.6378
30333 109 81 0.7559
30333 109 61 0.4803
30333 109 66 0.5748
30444 111 76 0.6614
30444 222 69 0.6614
30444 222 81 0.7795
30444 333 60 0.5039
30444 333 66 0.5984
30555 222 75 0.7008
30666 111 68 0.4646
30666 111 78 0.6693
30666 111 80 0.6693
30777 111 48 0.5748
30777 111 60 0.6772
30888 111 49 0.6063
30888 111 61 0.7165
30999 111 50 0.6378
30999 111 62 0.7559
31111 166 52 0.6614
31111 166 64 0.7795
31277 55 51 0.622
31277 55 63 0.7402
31333 55 49 0.622
31333 55 61 0.7323
31388 55 48 0.6142
31388 55 60 0.7244
31444 55 45 0.6063
31444 55 57 0.7165
31499 55 44 0.6063
31499 55 56 0.7165
31555 55 43 0.5984
31555 55 55 0.7087
31611 55 44 0.5591
31611 55 56 0.6614
31666 27 47 0.5827
31666 27 59 0.6929
31722 27 45 0.5827
31722 27 57 0.6929
31777 27 44 0.5827
31777 27 56 0.6929
31833 27 42 0.5748
31833 27 54 0.685
31888 27 40 0.5748
31888 27 52 0.685
31944 27 39 0.5748
31944 27 51 0.685
31999 27 37 0.5748
31999 27 49 0.6772
32055 27 36 0.5748
32055 27 48 0.6772
32111 27 39 0.5748
32111 27 51 0.6772
32166 222 33 0.6772
32166 222 45 0.8031
32388 111 32 0.6142
32388 111 44 0.7244
32499 111 31 0.6457
32499 111 43 0.7638
32611 111 32 0.6457
32611 111 44 0.7638
32722 111 27 0.6535
32722 111 39 0.7717
32833 166 30 0.622
32833 166 42 0.7402
32999 55 28 0.5984
32999 55 40 0.7087
33055 37 37 0.8031
33092 37 44 0.2992
33129 37 56 0.3071
33166 37 49 0.3228
33203 37 44 0.3386
33240 37 37 0.3543
33277 37 44 0.3701
33314 37 49 0.3622
33351 37 56 0.3465
33388 37 49 0.3386
33425 37 44 0.3307
33462 37 37 0.315
33499 37 44 0.3307
33537 37 49 0.315
33574 37 56 0.2992
33611 37 49 0.2835
33648 37 44 0.2677
33685 37 37 0.2441
33722 37 44 0.2362
33759 37 49 0.2283
33796 37 56 0.2205
33833 37 49 0.2126
33870 37 44 0.2047
33907 37 37 0.1969
33944 222 76 0.4094
33944 37 44 0.2047
33981 37 49 0.1969
34018 37 56 0.2047
34055 37 49 0.2126
34092 37 44 0.2205
34129 37 37 0.2283
34166 111 77 0.4016
34166 37 44 0.2205
34203 37 49 0.2283
34240 37 59 0.2362
34277 111 77 0.4252
34277 37 49 0.2362
34314 37 44 0.2441
34351 37 37 0.252
34388 222 77 0.4409
34388 37 44 0.2598
34425 37 49 0.2441
34462 37 59 0.2362
34499 37 49 0.2362
34537 37 44 0.2283
34574 37 37 0.2205
34611 333 78 0.4331
34611 37 45 0.2205
34648 37 49 0.2205
34685 37 57 0.2205
34722 37 49 0.2205
34759 37 45 0.2205
34796 37 37 0.2205
34833 37 45 0.252
34870 37 50 0.2283
34907 37 57 0.2283
34944 83 76 0.4331
34944 37 50 0.2205
34981 37 45 0.2126
35018 37 37 0.2047
35027 27 74 0.4016
35055 111 73 0.4016
35055 37 45 0.1969
35092 37 50 0.189
35129 37 57 0.189
35166 111 72 0.4016
35166 37 50 0.189
35203 37 45 0.189
35240 37 37 0.189
35277 111 73 0.4252
35277 37 44 0.2047
35314 37 52 0.189
35351 37 61 0.1811
35388 222 80 0.4724
35388 37 52 0.1811
35425 37 44 0.1811
35462 37 37 0.1811
35472 27 69 0.2835
35499 18 69 0.3228
35499 37 35 0.2047
35522 18 71 0.3071
35537 37 47 0.189
35544 18 69 0.3071
35566 18 68 0.3228
35574 37 63 0.189
35588 18 69 0.3071
35611 111 78 0.4252
35611 83 71 0.315
35611 37 57 0.189
35648 37 47 0.189
35685 37 35 0.189
35694 27 66 0.315
35722 444 68 0.3622
35722 222 76 0.4252
35722 37 40 0.2362
35759 37 47 0.2441
35796 37 64 0.2441
35833 37 56 0.252
35870 37 47 0.252
35907 37 39 0.2598
35944 111 76 0.4252
35944 37 37 0.2677
35981 37 44 0.2677
36018 37 56 0.2756
36055 111 76 0.4567
36055 37 49 0.2756
36092 37 44 0.2835
36129 37 37 0.2835
36166 111 71 0.4331
36166 222 77 0.4882
36166 37 37 0.2913
36203 37 44 0.2913
36240 37 61 0.2835
36277 83 73 0.4409
36277 37 53 0.2756
36314 37 44 0.2677
36351 37 37 0.2598
36361 27 71 0.4016
36388 111 71 0.4331
36388 333 78 0.4724
36388 37 37 0.252
36425 37 45 0.2441
36462 37 61 0.2362
36499 83 69 0.4488
36499 37 54 0.2283
36537 37 45 0.2283
36574 37 37 0.2205
36583 27 68 0.4094
36611 444 66 0.4173
36611 37 37 0.2047
36648 37 45 0.189
36685 37 57 0.189
36722 83 76 0.4409
36722 37 50 0.189
36759 37 45 0.189
36796 37 37 0.189
36805 27 74 0.4331
36833 111 73 0.4252
36833 37 37 0.2047
36870 37 45 0.189
36907 37 57 0.189
36944 333 72 0.4094
36944 37 50 0.189
36981 37 45 0.189
37018 37 37 0.189
37055 111 66 0.4724
37055 37 37 0.2441
37092 37 45 0.2047
37129 37 57 0.2205
37166 83 64 0.4567
37166 37 50 0.252
37203 37 45 0.2126
37240 37 37 0.2126
37249 27 62 0.3701
37277 111 61 0.4488
37277 37 37 0.2441
37314 37 45 0.2205
37351 37 57 0.2205
37388 111 60 0.4409
37388 37 50 0.2205
37425 37 45 0.2205
37462 37 37 0.2205
37499 111 61 0.4803
37499 37 37 0.2756
37537 37 44 0.1969
37574 37 61 0.2362
37611 111 73 0.3543
37611 111 77 0.4252
37611 37 53 0.2126
37648 37 44 0.2126
37685 37 37 0.2126
37722 111 66 0.315
37722 111 70 0.378
37722 37 37 0.2441
37759 37 44 0.2205
37796 37 60 0.252
37833 83 72 0.4252
37833 111 75 0.4252
37833 37 51 0.2205
37870 37 44 0.2126
37907 37 37 0.2126
37916 27 70 0.3701
37944 111 65 0.3307
37944 111 68 0.3937
37944 37 37 0.2913
37981 37 44 0.2047
38018 37 58 0.2677
38055 111 70 0.3386
38055 111 73 0.4016
38055 37 49 0.2047
38092 37 44 0.2047
38129 37 37 0.2047
38166 111 63 0.315
38166 111 66 0.378
38166 37 37 0.2283
38203 37 44 0.2047
38240 37 56 0.2598
38277 83 68 0.3307
38277 83 72 0.3937
38277 37 48 0.2047
38314 37 44 0.2047
38351 37 37 0.2047
38361 27 66 0.2756
38361 27 70 0.3307
38388 222 65 0.315
38388 222 68 0.3701
38388 37 37 0.2756
38425 37 44 0.1969
38462 37 61 0.2362
38499 222 73 0.315
38499 222 77 0.3701
38499 37 53 0.1969
38537 37 44 0.1969
38574 37 37 0.1969
38611 222 66 0.2835
38611 222 70 0.3465
38611 37 37 0.2205
38648 37 44 0.1969
38685 37 60 0.2441
38722 222 72 0.2992
38722 222 75 0.3543
38722 37 51 0.1969
38759 37 44 0.1969
38796 37 37 0.1969
38833 222 65 0.2835
38833 222 68 0.3386
38833 37 37 0.2598
38870 37 44 0.189
38907 37 58 0.2283
38944 222 70 0.2913
38944 222 73 0.3543
38944 37 49 0.1811
38981 37 44 0.1811
39018 37 37 0.1811
39055 111 66 0.3307
39055 222 63 0.2756
39055 37 37 0.2047
39092 37 44 0.189
39129 37 56 0.2205
39166 83 68 0.2835
39166 83 72 0.3386
39166 37 48 0.1811
39203 37 44 0.1811
39240 37 37 0.1811
39249 27 66 0.2677
39249 27 70 0.315
39277 444 65 0.2756
39277 444 68 0.3307
39277 37 37 0.2441
39314 37 44 0.1732
39351 37 56 0.2126
39388 37 49 0.1732
39425 37 44 0.1732
39462 37 37 0.1732
39499 37 44 0.2441
39537 37 49 0.2047
39574 37 56 0.2205
39611 37 49 0.2362
39648 37 44 0.252
39685 37 37 0.2756
39722 111 61 0.3937
39722 222 68 0.3937
39722 222 70 0.4646
39722 37 42 0.3307
39759 37 49 0.2362
39796 148 61 0.2441
39833 37 54 0.2598
39870 37 49 0.2756
39907 37 42 0.2835
39944 111 61 0.4409
39944 222 66 0.4409
39944 222 70 0.5197
39944 37 30 0.3465
39981 37 49 0.2913
40018 148 61 0.2913
40055 37 54 0.2913
40092 37 49 0.2913
40129 37 42 0.2913
40166 222 66 0.4409
40166 333 68 0.4409
40166 333 73 0.5197
40166 18 25 0.4331
40203 18 37 0.3465
40240 18 44 0.3622
40277 18 49 0.378
40314 18 56 0.3937
40351 18 61 0.4016
40388 111 65 0.4567
40499 555 44 0.1732
40499 555 49 0.1732
40499 555 53 0.1732
40499 555 56 0.2126
40611 444 65 0.2598
40611 444 61 0.2126
40611 444 37 0.1969
