0 450 29 0.2283
0 450 41 0.2756
150 112 48 0.3228
262 37 48 0.3228
300 150 57 0.3701
450 450 29 0.2283
450 450 41 0.2756
600 112 57 0.315
712 37 57 0.315
750 150 63 0.3622
1050 142 56 0.2835
1050 142 64 0.2835
1050 142 40 0.2047
1050 142 52 0.2441
1200 142 59 0.2362
1200 142 56 0.1969
1200 142 64 0.2362
1200 142 40 0.1654
1200 142 52 0.1969
1350 300 56 0.189
1350 300 59 0.2205
1350 300 64 0.2205
1350 300 40 0.1575
1350 300 52 0.189
1800 450 40 0.2441
1800 450 52 0.2992
1950 112 59 0.3228
2062 37 59 0.3228
2100 150 67 0.3701
2250 450 40 0.2441
2250 450 52 0.2992
2400 112 61 0.315
2512 37 61 0.315
2550 150 70 0.3622
2850 142 66 0.252
2850 142 59 0.2835
2850 142 71 0.2835
2850 142 47 0.2047
2850 142 39 0.2047
2850 142 51 0.2441
3000 142 66 0.252
3000 142 59 0.2126
3000 142 71 0.252
3000 142 47 0.1811
3000 142 39 0.1811
3000 142 51 0.2126
3150 300 59 0.189
3150 300 66 0.2205
3150 300 71 0.2205
3150 300 47 0.1575
3150 300 39 0.1575
3150 300 51 0.189
3600 450 38 0.2992
3600 450 50 0.3543
3750 112 65 0.3622
3862 37 65 0.4252
3900 150 71 0.4724
4050 450 37 0.3307
4050 450 49 0.3937
4200 112 71 0.4724
4312 37 71 0.4724
4350 300 77 0.5512
4500 142 36 0.3465
4500 142 48 0.4094
4650 150 76 0.5118
4650 142 36 0.3465
4650 142 48 0.4094
4800 150 79 0.5354
4800 142 36 0.3465
4800 142 48 0.4094
4950 300 64 0.252
4950 300 70 0.3071
4950 300 36 0.2441
4950 300 48 0.2835
5550 142 65 0.2756
5550 142 69 0.3307
5550 142 38 0.2205
5550 142 50 0.2677
5700 142 69 0.315
5700 142 77 0.378
5700 142 38 0.2756
5700 142 50 0.3307
5850 300 65 0.2362
5850 300 69 0.2835
5850 300 38 0.189
5850 300 50 0.2283
6300 150 34 0.2992
6300 150 46 0.3543
6450 150 58 0.2835
6450 150 62 0.2835
6450 150 67 0.3386
6750 150 36 0.2756
6750 150 48 0.3307
6900 150 55 0.2677
6900 150 58 0.2677
6900 150 64 0.315
7200 142 29 0.252
7200 142 41 0.2992
7350 142 57 0.2126
7350 142 60 0.2126
7350 142 65 0.2598
7350 142 29 0.1811
7350 142 41 0.2126
7500 142 57 0.2126
7500 142 60 0.2126
7500 142 69 0.2598
7500 142 29 0.1811
7500 142 41 0.2126
7650 300 57 0.2126
7650 300 60 0.2126
7650 300 65 0.2598
7650 300 29 0.1811
7650 300 41 0.2126
7950 112 48 0.4173
8062 18 48 0.4173
8081 17 48 0.4173
8100 225 57 0.4803
8100 225 41 0.3228
8100 225 48 0.3858
8325 68 55 0.4567
8325 68 40 0.3071
8325 68 48 0.378
8400 68 57 0.4803
8400 68 41 0.3307
8400 68 48 0.3937
8475 68 58 0.5039
8475 68 43 0.3543
8475 68 48 0.4173
8550 75 59 0.5354
8550 75 44 0.378
8550 75 48 0.4567
8625 150 60 0.5748
8625 150 45 0.3937
8625 150 48 0.4724
8775 150 62 0.5591
8775 150 46 0.3937
8775 150 48 0.4803
8925 37 58 0.378
8925 37 43 0.315
8925 75 48 0.315
8962 37 57 0.3386
8962 37 41 0.2756
9000 75 55 0.3543
9000 225 40 0.315
9000 225 48 0.315
9075 68 66 0.378
9150 68 67 0.378
9225 68 69 0.3858
9225 68 54 0.2756
9225 68 60 0.2283
9300 68 70 0.4173
9300 68 55 0.2992
9300 68 60 0.252
9375 68 78 0.4252
9375 68 57 0.315
9375 68 60 0.2677
9450 68 79 0.4331
9450 68 58 0.4016
9450 68 60 0.4016
9525 68 81 0.4409
9525 68 42 0.4016
9600 68 82 0.4488
9600 68 43 0.4331
9675 68 45 0.4016
9750 112 48 0.4488
9750 68 46 0.4488
9825 68 43 0.3937
9862 18 48 0.4488
9881 18 48 0.4173
9900 225 58 0.5433
9900 75 40 0.3228
9975 150 43 0.315
9975 150 48 0.3622
10125 68 57 0.4961
10125 68 42 0.3307
10125 68 48 0.4094
10200 68 58 0.5197
10200 68 43 0.3622
10200 68 48 0.4331
10275 68 60 0.5354
10275 68 45 0.3858
10275 68 48 0.4567
10350 75 61 0.5591
10350 75 46 0.4094
10350 225 48 0.4961
10425 150 62 0.5433
10425 150 46 0.4331
10575 150 60 0.5827
10575 150 40 0.3937
10575 150 48 0.3937
10575 150 55 0.4803
10725 37 62 0.4331
10725 75 36 0.2047
10725 75 48 0.2047
10725 75 52 0.2913
10762 37 58 0.3937
10800 75 53 0.3465
10800 75 57 0.3465
10800 225 41 0.2283
10800 225 48 0.2992
10875 68 68 0.378
10950 68 69 0.378
11025 68 71 0.3858
11025 68 56 0.2756
11100 68 72 0.3858
11100 68 57 0.2992
11175 68 80 0.4252
11175 68 59 0.315
11250 68 81 0.4331
11250 68 60 0.3701
11325 68 83 0.4409
11325 68 44 0.3228
11400 68 84 0.4488
11400 68 45 0.3937
11475 68 47 0.4016
11550 112 72 0.4803
11550 68 48 0.4409
11625 68 46 0.4016
11662 37 72 0.4803
11700 300 65 0.5354
11700 150 45 0.4409
11850 112 77 0.5354
11850 150 60 0.4252
11850 150 57 0.3543
11962 37 77 0.4646
12000 300 67 0.4567
12000 150 76 0.5433
12000 300 60 0.4724
12000 150 58 0.4016
12150 150 79 0.5197
12150 150 52 0.3622
12300 150 64 0.4173
12300 107 70 0.4961
12300 150 48 0.3622
12300 150 55 0.4331
12412 15 70 0.4646
12431 15 70 0.4409
12450 150 65 0.3386
12450 37 69 0.4094
12450 150 53 0.3543
12450 150 57 0.4173
12487 37 68 0.4016
12525 37 69 0.4016
12562 37 72 0.3701
12600 300 65 0.4094
12750 112 77 0.4882
12750 150 60 0.4252
12750 150 57 0.3543
12862 37 77 0.4252
12900 300 67 0.4567
12900 150 76 0.5433
12900 300 60 0.4724
12900 150 58 0.4016
13050 150 79 0.4724
13050 150 52 0.3622
13200 150 64 0.3858
13200 112 70 0.4567
13200 150 48 0.3622
13200 150 55 0.4331
13312 37 70 0.3858
13350 150 65 0.3858
13350 150 69 0.4567
13350 150 50 0.3543
13350 150 53 0.4173
13500 150 34 0.2992
13500 150 46 0.3543
13650 150 58 0.315
13650 150 62 0.315
13650 150 67 0.378
13950 150 36 0.2756
13950 150 48 0.3307
14100 150 55 0.2992
14100 150 58 0.2992
14100 150 64 0.3543
14400 450 29 0.2283
14400 450 41 0.2756
14550 112 48 0.3228
14662 37 48 0.3228
14700 150 57 0.3701
14850 300 29 0.2441
14850 337 41 0.2992
15000 112 57 0.315
15112 37 57 0.315
15150 150 63 0.3937
15187 37 45 0.3071
15225 37 48 0.3465
15262 37 45 0.2992
15300 142 64 0.3701
15300 142 40 0.3228
15450 142 59 0.2835
15450 142 56 0.2835
15450 142 64 0.2835
15450 142 40 0.2047
15450 142 52 0.2441
15600 142 59 0.2362
15600 142 56 0.1969
15600 142 64 0.2362
15600 142 40 0.1654
15600 142 52 0.1969
15750 142 56 0.189
15750 142 59 0.2205
15750 142 64 0.2205
15750 300 40 0.1575
15750 300 52 0.1811
15900 142 55 0.4567
16050 142 55 0.4961
16200 450 55 0.3622
16200 450 40 0.2126
16200 450 52 0.2677
16350 112 59 0.3228
16462 37 59 0.3228
16500 150 67 0.3701
16650 450 40 0.2441
16650 337 52 0.2992
16800 112 61 0.315
16912 37 61 0.315
16950 150 70 0.3622
16987 37 52 0.2992
17025 37 55 0.3307
17062 37 52 0.2992
17100 142 71 0.3701
17100 142 51 0.3622
17250 142 66 0.252
17250 142 59 0.2835
17250 142 71 0.2835
17250 142 47 0.2047
17250 142 39 0.2047
17250 142 51 0.2441
17400 142 66 0.252
17400 142 59 0.2126
17400 142 71 0.252
17400 142 47 0.1811
17400 142 39 0.1811
17400 142 51 0.2126
17550 142 59 0.2126
17550 142 66 0.252
17550 142 71 0.252
17550 150 47 0.1811
17550 150 39 0.1811
17550 150 51 0.2126
17700 142 50 0.3543
17700 142 53 0.4331
17850 142 50 0.3858
17850 142 53 0.4724
18000 300 53 0.2913
18000 337 50 0.2362
18150 112 65 0.3622
18262 37 65 0.378
18300 300 71 0.4252
18337 37 53 0.315
18375 37 56 0.3543
18412 37 53 0.3228
18450 337 49 0.4094
18600 112 71 0.3937
18712 37 71 0.4252
18750 300 77 0.4567
18787 37 53 0.3622
18825 37 56 0.3937
18862 37 53 0.3622
18900 337 48 0.4409
19050 112 77 0.4016
19162 37 77 0.4173
19200 300 80 0.5197
19237 37 53 0.4016
19275 37 56 0.4331
19312 37 53 0.3937
19350 337 47 0.4882
19500 112 77 0.4803
19612 37 77 0.4803
19650 300 86 0.5906
19687 37 53 0.4567
19725 37 56 0.4882
19762 37 53 0.4409
19800 337 44 0.5512
19950 112 77 0.5512
20062 37 77 0.5512
20100 300 89 0.6457
20137 37 53 0.5354
20175 37 59 0.5748
20212 37 53 0.5354
20250 337 43 0.6457
20400 112 77 0.5748
20512 37 77 0.5197
20550 300 89 0.6929
20587 37 53 0.5984
20625 37 59 0.6299
20662 37 53 0.5984
20700 337 44 0.7244
20850 112 77 0.5669
20962 37 77 0.5827
21000 262 89 0.7087
21037 37 53 0.5906
21075 37 59 0.6457
21112 37 53 0.5827
21150 37 44 0.7087
21187 37 53 0.5669
21225 37 59 0.6378
21262 37 77 0.622
21262 37 53 0.5039
21300 37 89 0.7323
21300 37 44 0.5591
21337 37 53 0.4094
21375 37 59 0.4252
21412 37 74 0.5827
21412 37 53 0.4016
21450 37 86 0.7008
21450 37 44 0.4488
21487 37 53 0.3858
21525 37 59 0.4094
21562 37 71 0.5039
21562 37 53 0.378
21600 37 83 0.5906
21600 37 43 0.4331
21637 37 53 0.3701
21675 37 59 0.3937
21712 37 65 0.4961
21712 37 53 0.3622
21750 37 77 0.5669
21750 37 43 0.4173
21787 37 50 0.3543
21825 37 53 0.378
21862 37 62 0.4094
21862 37 50 0.3465
21900 37 74 0.4724
21900 37 43 0.4016
21937 37 47 0.3307
21975 37 50 0.3465
22012 37 59 0.3701
22012 37 47 0.315
22050 37 71 0.4331
22050 37 43 0.3543
22087 37 47 0.2913
22125 37 50 0.3071
22162 37 53 0.3307
22162 37 47 0.2756
22200 37 65 0.378
22200 37 43 0.3307
22237 37 47 0.2598
22275 36 50 0.2835
22312 37 50 0.2992
22312 37 47 0.252
22350 37 62 0.3307
22350 37 43 0.2913
22387 37 38 0.2362
22425 37 35 0.2441
22462 37 47 0.252
22462 37 38 0.2205
22500 142 59 0.315
22500 142 31 0.252
22650 142 47 0.1969
22650 142 50 0.1969
22650 142 53 0.2362
22650 142 43 0.1969
22650 142 31 0.1654
22800 142 47 0.1811
22800 142 50 0.1811
22800 142 53 0.2205
22800 142 43 0.1969
22800 142 31 0.1654
22950 300 47 0.1811
22950 300 50 0.1811
22950 300 53 0.2205
22950 300 32 0.1654
22950 300 44 0.1969
23250 150 77 0.315
23400 150 76 0.315
23550 142 48 0.189
23550 142 52 0.2205
23550 142 33 0.1417
23550 142 45 0.1732
23700 142 45 0.1654
23700 142 33 0.1339
23700 142 52 0.2047
23700 142 48 0.1732
23850 300 52 0.1969
23850 300 48 0.1654
23850 300 33 0.1339
23850 300 45 0.1575
24150 150 76 0.315
24300 150 74 0.315
24300 150 29 0.1654
24300 150 41 0.1969
24450 150 50 0.1575
24450 150 53 0.1969
24450 150 57 0.2362
24600 150 74 0.315
24750 150 79 0.315
24750 150 31 0.1654
24750 150 43 0.1969
24900 150 47 0.1654
24900 150 50 0.1969
24900 150 55 0.2362
25050 150 79 0.5591
