68 51 69 0.6063
103 34 66 0.5354
120 17 73 0.5512
137 17 74 0.5591
137 34 66 0.4724
154 17 76 0.5591
171 17 78 0.5669
171 34 66 0.4803
189 8 79 0.5748
197 4 78 0.5512
202 4 79 0.5354
206 34 78 0.5984
240 34 67 0.4882
240 17 76 0.5827
257 17 74 0.5827
275 34 67 0.4882
275 17 73 0.5748
292 17 71 0.5669
309 17 69 0.5827
326 17 74 0.5512
343 34 66 0.4882
343 11 74 0.5827
355 11 76 0.5512
366 11 74 0.5512
378 34 66 0.4646
378 17 73 0.5512
395 17 71 0.5512
412 103 73 0.5748
447 34 64 0.3465
447 34 69 0.4173
481 34 67 0.4488
481 34 69 0.5354
515 17 69 0.5827
532 17 73 0.5512
550 17 74 0.5591
550 34 66 0.4724
567 17 76 0.5591
584 17 78 0.5669
584 34 66 0.4803
601 8 79 0.5748
610 4 78 0.5512
614 4 79 0.5354
618 34 78 0.5984
653 34 67 0.4882
653 17 76 0.5827
670 17 74 0.5827
687 34 67 0.4882
687 17 73 0.5748
704 17 71 0.5669
722 17 69 0.5827
739 17 73 0.5512
756 34 67 0.4882
756 11 73 0.5827
767 11 74 0.5512
779 11 73 0.5512
790 34 67 0.4646
790 17 71 0.5512
808 17 69 0.5512
825 103 74 0.5748
859 34 66 0.4173
894 68 66 0.3701
928 17 69 0.315
945 17 73 0.3071
962 17 74 0.3071
962 34 66 0.2598
979 17 76 0.3071
997 17 78 0.315
997 34 66 0.2598
1014 8 79 0.315
1022 4 78 0.3071
1027 4 79 0.2913
1031 34 78 0.3307
1065 34 67 0.2677
1065 17 76 0.315
1083 17 74 0.315
1100 34 67 0.2677
1100 17 73 0.315
1117 17 71 0.315
1134 17 69 0.315
1151 17 74 0.3071
1169 34 66 0.2677
1169 11 74 0.315
1180 11 76 0.3071
1192 11 74 0.3071
1203 34 66 0.252
1203 17 73 0.3071
1220 17 71 0.3071
1237 103 73 0.315
1272 34 64 0.189
1272 34 69 0.2283
1306 34 67 0.2441
1306 34 69 0.2913
1341 17 69 0.315
1358 17 73 0.3071
1375 17 74 0.3071
1375 34 66 0.2598
1392 17 76 0.3071
1409 17 78 0.315
1409 34 66 0.2598
1427 8 79 0.315
1435 4 78 0.3071
1439 4 79 0.2913
1444 34 78 0.3307
1478 34 67 0.2677
1478 17 76 0.315
1495 17 74 0.315
1512 34 67 0.2677
1512 17 73 0.315
1530 17 71 0.315
1547 17 69 0.315
1564 17 73 0.3071
1581 34 67 0.2677
1581 11 73 0.315
1593 11 74 0.3071
1604 11 73 0.3071
1616 34 67 0.252
1616 17 71 0.3071
1633 17 69 0.3071
1650 103 74 0.315
1684 34 66 0.2283
1719 34 66 0.2913
1753 17 64 0.5748
1770 17 68 0.5512
1788 17 69 0.5591
1788 34 61 0.4724
1805 17 71 0.5591
1822 17 73 0.5669
1822 34 61 0.4803
1839 8 74 0.5748
1848 4 73 0.5512
1852 4 74 0.5354
1856 34 73 0.5984
1891 34 62 0.4882
1891 17 71 0.5827
1908 17 69 0.5827
1925 34 62 0.4882
1925 17 68 0.5748
1942 17 66 0.5669
1959 17 64 0.5827
1977 17 69 0.5512
1994 34 61 0.4882
1994 11 69 0.5827
2005 11 71 0.5512
2017 11 69 0.5512
2028 34 61 0.4646
2028 17 68 0.5512
2045 17 66 0.5512
2063 103 68 0.5748
2097 34 59 0.3465
2097 34 64 0.4173
2131 34 62 0.4488
2131 34 64 0.5354
2166 17 64 0.5827
2183 17 68 0.5512
2200 17 69 0.5591
2200 34 61 0.4724
2217 17 71 0.5591
2235 17 73 0.5669
2235 34 61 0.4803
2252 8 74 0.5748
2260 4 73 0.5512
2265 4 74 0.5354
2269 34 73 0.5984
2303 34 62 0.4882
2303 17 71 0.5827
2321 17 69 0.5827
2338 34 62 0.4882
2338 17 68 0.5748
2355 17 66 0.5669
2372 17 64 0.5827
2389 17 68 0.5512
2407 34 62 0.4882
2407 11 68 0.5827
2418 11 69 0.5512
2429 11 68 0.5512
2441 34 62 0.4646
2441 17 66 0.5512
2458 17 64 0.5512
2475 103 69 0.5748
2510 34 61 0.4173
2544 68 61 0.3701
2578 17 64 0.315
2596 17 68 0.3071
2613 17 69 0.3071
2613 34 61 0.2598
2630 17 71 0.3071
2647 17 73 0.315
2647 34 61 0.2598
2664 8 74 0.315
2673 4 73 0.3071
2677 4 74 0.2913
2682 34 73 0.3307
2716 34 62 0.2677
2716 17 71 0.315
2733 17 69 0.315
2750 34 62 0.2677
2750 17 68 0.315
2768 17 66 0.315
2785 17 64 0.315
2802 17 69 0.3071
2819 34 61 0.2677
2819 11 69 0.315
2831 11 71 0.3071
2842 11 69 0.3071
2854 34 61 0.252
2854 17 68 0.3071
2871 17 66 0.3071
2888 103 68 0.315
2922 34 59 0.189
2922 34 64 0.2283
2957 34 62 0.2441
2957 34 64 0.2913
2991 17 64 0.315
3008 17 68 0.3071
3025 17 69 0.3071
3025 34 61 0.2598
3043 17 71 0.3071
3060 17 73 0.315
3060 34 61 0.2598
3077 8 74 0.315
3086 4 73 0.3071
3090 4 74 0.2913
3094 34 73 0.3307
3129 34 62 0.2677
3129 17 71 0.315
3146 17 69 0.315
3163 34 62 0.2677
3163 17 68 0.315
3180 17 66 0.315
3197 17 64 0.315
3215 17 68 0.3071
3232 34 62 0.2677
3232 11 68 0.315
3243 11 69 0.3071
3255 11 68 0.3071
3266 34 62 0.252
3266 17 66 0.3071
3283 17 64 0.3071
3301 120 69 0.315
3335 34 61 0.2913
3369 34 67 0.5748
3369 34 61 0.5748
3404 34 66 0.6142
3421 17 73 0.6299
3438 17 74 0.6378
3438 34 66 0.5433
3455 17 76 0.6378
3472 17 78 0.6457
3472 34 66 0.5512
3490 8 79 0.6535
3498 4 78 0.6299
3503 4 79 0.6142
3507 34 78 0.685
3541 34 67 0.5591
3541 17 76 0.6693
3558 17 74 0.6693
3576 34 67 0.5591
3576 17 73 0.6535
3593 17 71 0.6457
3610 17 69 0.6693
3627 17 74 0.6299
3644 34 66 0.5591
3644 11 74 0.6693
3656 11 76 0.6299
3667 11 74 0.6299
3679 34 66 0.5276
3679 17 73 0.6299
3696 17 71 0.6299
3713 103 73 0.6535
3748 34 64 0.3937
3748 34 69 0.4724
3782 34 67 0.5118
3782 34 69 0.6142
3816 17 69 0.6693
3834 17 73 0.6299
3851 17 74 0.6378
3851 34 66 0.5433
3868 17 76 0.6378
3885 17 78 0.6457
3885 34 66 0.5512
3902 8 79 0.6535
3911 4 78 0.6299
3915 4 79 0.6142
3919 34 78 0.685
3954 34 67 0.5591
3954 17 76 0.6693
3971 17 74 0.6693
3988 34 67 0.5591
3988 17 73 0.6535
4005 17 71 0.6457
4023 17 69 0.6693
4040 17 73 0.6299
4057 34 67 0.5591
4057 11 73 0.6693
4068 11 74 0.6299
4080 11 73 0.6299
4091 34 67 0.5276
4091 17 71 0.6299
4109 17 69 0.6299
4126 103 74 0.6535
4160 34 66 0.4724
4195 68 66 0.4252
4229 17 69 0.315
4246 17 73 0.3071
4263 17 74 0.3071
4263 34 66 0.2598
4281 17 76 0.3071
4298 17 78 0.315
4298 34 66 0.2598
4315 8 79 0.315
4324 4 78 0.3071
4328 4 79 0.2913
4332 34 78 0.3307
4367 34 67 0.2677
4367 17 76 0.315
4384 17 74 0.315
4401 34 67 0.2677
4401 17 73 0.315
4418 17 71 0.315
4435 17 69 0.315
4452 17 74 0.3071
4470 34 66 0.2677
4470 11 74 0.315
4481 11 76 0.3071
4493 11 74 0.3071
4504 34 66 0.252
4504 17 73 0.3071
4521 17 71 0.3071
4538 103 73 0.315
4573 34 64 0.189
4573 34 69 0.2283
4607 34 67 0.2441
4607 34 69 0.2913
4642 17 69 0.315
4659 17 73 0.3071
4676 17 74 0.3071
4676 34 66 0.2598
4693 17 76 0.3071
4710 17 78 0.315
4710 34 66 0.2598
4728 8 79 0.315
4736 4 78 0.3071
4740 4 79 0.2913
4745 34 78 0.3307
4779 34 67 0.2677
4779 17 76 0.315
4796 17 74 0.315
4814 34 67 0.2677
4814 17 73 0.315
4831 17 71 0.315
4848 17 69 0.315
4865 17 73 0.3071
4882 34 67 0.2677
4882 11 73 0.315
4894 11 74 0.3071
4905 11 73 0.3071
4917 34 67 0.252
4917 17 71 0.3071
4934 17 69 0.3071
4951 128 74 0.315
4985 34 66 0.2283
5020 34 66 0.2913
5054 68 65 0.4252
5080 8 74 0.4567
5089 34 75 0.4882
5123 68 70 0.3307
5123 34 76 0.4331
5157 25 79 0.5039
5183 8 77 0.4724
5192 17 69 0.3858
5192 34 72 0.5039
5209 17 67 0.3701
5226 68 65 0.378
5226 34 72 0.4488
5261 25 74 0.5039
5286 8 74 0.5039
5295 34 65 0.3937
5295 34 70 0.3937
5295 34 75 0.5433
5329 68 65 0.4016
5329 34 70 0.4016
5329 34 76 0.4803
5364 34 72 0.4094
5364 25 79 0.5591
5389 8 77 0.5197
5398 34 65 0.4646
5398 68 72 0.5591
5432 34 69 0.5276
5432 34 77 0.6378
5467 17 76 0.5748
5467 17 70 0.5433
5467 17 82 0.6772
5493 8 70 0.5197
5493 8 76 0.5433
5493 8 82 0.6457
5501 34 70 0.5512
5501 34 76 0.5669
5501 34 82 0.6693
5536 34 70 0.5512
5536 34 76 0.5512
5536 34 82 0.6535
5570 17 77 0.5748
5570 17 70 0.5748
5570 17 82 0.6772
5596 8 70 0.5433
5596 8 77 0.5433
5596 8 82 0.6457
5604 34 70 0.5669
5604 34 77 0.5669
5604 34 82 0.6693
5639 34 69 0.5276
5639 34 77 0.5512
5639 34 81 0.6535
5673 17 76 0.5039
5673 17 70 0.5039
5673 17 81 0.6142
5699 8 70 0.4803
5699 8 76 0.4803
5699 8 81 0.5748
5708 34 70 0.4961
5708 34 76 0.4961
5708 34 81 0.5984
5742 34 70 0.4724
5742 34 76 0.4724
5742 34 79 0.5669
5776 17 75 0.4567
5776 17 69 0.4567
5776 17 79 0.5512
5802 8 69 0.4094
5802 8 75 0.4094
5802 8 79 0.4882
5811 34 69 0.4252
5811 34 75 0.4252
5811 34 79 0.5039
5845 34 69 0.3622
5845 34 75 0.3622
5845 34 77 0.4409
5879 25 74 0.4803
5905 8 74 0.4567
5914 34 65 0.3543
5914 34 70 0.3543
5914 34 75 0.4882
5948 34 65 0.3622
5948 34 70 0.3622
5948 34 76 0.4331
5983 25 78 0.5039
6008 8 77 0.4724
6017 25 65 0.4173
6017 34 72 0.5039
6043 8 66 0.3701
6051 34 65 0.378
6051 34 72 0.4488
6086 25 73 0.5354
6112 8 73 0.5039
6120 34 65 0.3937
6120 34 70 0.3937
6120 34 75 0.5433
6155 34 65 0.3937
6155 34 70 0.3937
6155 34 76 0.4724
6189 25 78 0.5827
6215 8 77 0.5669
6223 34 73 0.4882
6223 34 68 0.4882
6223 34 80 0.5906
6258 34 73 0.5748
6258 34 85 0.7008
6292 17 72 0.6299
6292 17 66 0.6299
6292 17 78 0.7402
6318 8 66 0.5906
6318 8 72 0.5906
6318 8 78 0.7087
6327 34 66 0.622
6327 34 72 0.622
6327 34 78 0.7323
6361 34 66 0.5906
6361 34 72 0.5906
6361 34 78 0.7087
6395 17 73 0.622
6395 17 66 0.622
6395 17 78 0.7323
6421 8 66 0.5748
6421 8 73 0.5748
6421 8 78 0.6929
6430 34 66 0.6063
6430 34 73 0.6063
6430 34 78 0.7165
6464 34 65 0.5748
6464 34 73 0.5748
6464 34 77 0.6929
6498 17 72 0.5276
6498 17 66 0.5276
6498 17 77 0.6378
6524 8 66 0.4961
6524 8 72 0.4961
6524 8 77 0.5984
6533 34 66 0.4646
6533 34 72 0.5118
6533 34 77 0.6063
6567 34 66 0.4961
6567 34 72 0.4961
6567 34 75 0.5827
6602 17 66 0.4646
6602 17 75 0.5669
6627 8 66 0.4173
6627 8 68 0.4173
6627 8 75 0.4961
6636 34 66 0.4331
6636 68 68 0.4331
6636 34 75 0.5118
6670 34 65 0.3622
6670 34 73 0.4409
6705 11 68 0.4094
6705 11 74 0.4882
6716 11 62 0.4409
6728 80 68 0.3701
6728 45 74 0.4409
6739 34 62 0.5197
6774 34 62 0.4567
6774 34 74 0.4961
6808 11 69 0.4409
6808 11 74 0.5197
6819 11 62 0.4646
6831 80 69 0.3937
6831 63 74 0.4724
6842 51 62 0.5512
6894 17 61 0.4724
6894 17 73 0.5039
6911 11 68 0.4646
6911 11 74 0.5512
6923 11 62 0.4961
6934 80 68 0.4173
6934 45 74 0.4961
6945 34 62 0.5827
6980 34 62 0.5118
6980 34 74 0.5512
7014 11 69 0.4882
7014 11 74 0.5827
7026 11 62 0.5197
7037 80 69 0.4409
7037 63 74 0.5276
7049 51 62 0.6142
7100 17 61 0.5276
7100 17 73 0.5669
7117 11 68 0.5197
7117 11 74 0.6142
7129 11 62 0.5512
7140 80 68 0.4646
7140 45 74 0.5512
7152 34 62 0.6457
7186 34 62 0.5512
7186 34 74 0.5984
7221 11 69 0.5197
7221 11 74 0.6142
7232 11 62 0.5512
7243 80 69 0.4646
7243 63 74 0.5512
7255 51 62 0.6457
7307 17 61 0.5354
7307 17 73 0.5748
7324 11 68 0.5197
7324 11 74 0.6142
7335 11 62 0.5512
7347 80 68 0.4646
7347 45 74 0.5512
7358 34 62 0.6457
7392 34 62 0.5512
7392 34 74 0.5984
7427 11 69 0.5197
7427 11 74 0.6142
7438 11 62 0.5512
7450 80 69 0.4646
7450 63 74 0.5512
7461 51 62 0.6457
7513 17 61 0.5354
7513 17 73 0.5748
7530 11 68 0.4094
7530 11 74 0.4882
7541 11 62 0.4409
7553 80 68 0.3701
7553 45 74 0.4409
7564 34 62 0.5118
7599 34 62 0.4409
7599 34 74 0.4803
7633 11 69 0.4252
7633 11 74 0.4961
7645 11 62 0.4488
7656 80 69 0.378
7656 63 74 0.4567
7668 51 62 0.5354
7719 17 61 0.4488
7719 17 73 0.4803
7736 11 68 0.4409
7736 11 74 0.5197
7748 11 62 0.4646
7759 80 68 0.3937
7759 45 74 0.4646
7771 34 62 0.5433
7805 34 62 0.4724
7805 34 74 0.5118
7839 11 69 0.4488
7839 11 74 0.5276
7851 11 62 0.4724
7862 80 69 0.4016
7862 63 74 0.4803
7874 51 62 0.5669
7925 17 61 0.4724
7925 17 73 0.5039
7943 11 68 0.4646
7943 11 74 0.5512
7954 11 62 0.4961
7966 80 68 0.4173
7966 45 74 0.4961
7977 34 62 0.5748
8011 34 62 0.4961
8011 34 74 0.5354
8046 11 69 0.4646
8046 11 74 0.5512
8057 11 62 0.4961
8069 80 69 0.4173
8069 63 74 0.4961
8080 51 62 0.5748
8132 17 61 0.4803
8132 17 73 0.5118
8149 11 68 0.4646
8149 11 74 0.5512
8160 11 62 0.4961
8172 80 68 0.4094
8172 45 74 0.4882
8183 34 62 0.5669
8218 34 62 0.4646
8218 34 74 0.5039
8252 11 67 0.4252
8252 11 74 0.5039
8264 11 62 0.4488
8275 80 67 0.3701
8275 63 74 0.4409
8287 34 62 0.5118
8321 34 61 0.4173
8338 17 73 0.4409
8355 17 69 0.5354
8372 17 73 0.5512
8390 17 74 0.5591
8390 34 66 0.4724
8407 17 76 0.5591
8424 17 78 0.5669
8424 34 66 0.4803
8441 8 79 0.5748
8450 4 78 0.5512
8454 4 79 0.5354
8458 34 78 0.5984
8493 34 67 0.4882
8493 17 76 0.5827
8510 17 74 0.5827
8527 34 67 0.4882
8527 17 73 0.5748
8544 17 71 0.5669
8562 17 69 0.5827
8579 17 74 0.5512
8596 34 66 0.4882
8596 11 74 0.5827
8607 11 76 0.5512
8619 11 74 0.5512
8630 34 66 0.4646
8630 17 73 0.5512
8648 17 71 0.5512
8665 103 73 0.5748
8699 34 64 0.3465
8699 34 69 0.4173
8734 34 67 0.4488
8734 34 69 0.5354
8768 17 69 0.5827
8785 17 73 0.5512
8802 17 74 0.5591
8802 34 66 0.4724
8819 17 76 0.5591
8837 17 78 0.5669
8837 34 66 0.4803
8854 8 79 0.5748
8862 4 78 0.5512
8867 4 79 0.5354
8871 34 78 0.5984
8905 34 67 0.4882
8905 17 76 0.5827
8923 17 74 0.5827
8940 34 67 0.4882
8940 17 73 0.5748
8957 17 71 0.5669
8974 17 69 0.5827
8991 17 73 0.5512
9009 34 67 0.4882
9009 11 73 0.5827
9020 11 74 0.5512
9032 11 73 0.5512
9043 34 67 0.4646
9043 17 71 0.5512
9060 17 69 0.5512
9077 103 74 0.5748
9112 34 66 0.4173
9146 68 66 0.3701
9181 17 69 0.315
9198 17 73 0.3071
9215 17 74 0.3071
9215 34 66 0.2598
9232 17 76 0.3071
9249 17 78 0.315
9249 34 66 0.2598
9267 8 79 0.315
9275 4 78 0.3071
9279 4 79 0.2913
9284 34 78 0.3307
9318 34 67 0.2677
9318 17 76 0.315
9335 17 74 0.315
9352 34 67 0.2677
9352 17 73 0.315
9370 17 71 0.315
9387 17 69 0.315
9404 17 74 0.3071
9421 34 66 0.2677
9421 11 74 0.315
9433 11 76 0.3071
9444 11 74 0.3071
9456 34 66 0.252
9456 17 73 0.3071
9473 17 71 0.3071
9490 103 73 0.315
9524 34 64 0.189
9524 34 69 0.2283
9559 34 67 0.2441
9559 34 69 0.2913
9593 17 69 0.315
9610 17 73 0.3071
9628 17 74 0.3071
9628 34 66 0.2598
9645 17 76 0.3071
9662 17 78 0.315
9662 34 66 0.2598
9679 8 79 0.315
9688 4 78 0.3071
9692 4 79 0.2913
9696 34 78 0.3307
9731 34 67 0.2677
9731 17 76 0.315
9748 17 74 0.315
9765 34 67 0.2677
9765 17 73 0.315
9782 17 71 0.315
9799 17 69 0.315
9817 17 73 0.3071
9834 34 67 0.2677
9834 11 73 0.315
9845 11 74 0.3071
9857 11 73 0.3071
9868 34 67 0.252
9868 17 71 0.3071
9885 17 69 0.3071
9903 103 74 0.315
9937 34 66 0.2283
9971 34 66 0.2913
10006 17 64 0.5748
10023 17 68 0.5512
10040 17 69 0.5591
10040 34 61 0.4724
10057 17 71 0.5591
10075 17 73 0.5669
10075 34 61 0.4803
10092 8 74 0.5748
10100 4 73 0.5512
10105 4 74 0.5354
10109 34 73 0.5984
10143 34 62 0.4882
10143 17 71 0.5827
10161 17 69 0.5827
10178 34 62 0.4882
10178 17 68 0.5748
10195 17 66 0.5669
10212 17 64 0.5827
10229 17 69 0.5512
10246 34 61 0.4882
10246 11 69 0.5827
10258 11 71 0.5512
10269 11 69 0.5512
10281 34 61 0.4646
10281 17 68 0.5512
10298 17 66 0.5512
10315 103 68 0.5748
10350 34 59 0.3465
10350 34 64 0.4173
10384 34 62 0.4488
10384 34 64 0.5354
10418 17 64 0.5827
10436 17 68 0.5512
10453 17 69 0.5591
10453 34 61 0.4724
10470 17 71 0.5591
10487 17 73 0.5669
10487 34 61 0.4803
10504 8 74 0.5748
10513 4 73 0.5512
10517 4 74 0.5354
10522 34 73 0.5984
10556 34 62 0.4882
10556 17 71 0.5827
10573 17 69 0.5827
10590 34 62 0.4882
10590 17 68 0.5748
10608 17 66 0.5669
10625 17 64 0.5827
10642 17 68 0.5512
10659 34 62 0.4882
10659 11 68 0.5827
10671 11 69 0.5512
10682 11 68 0.5512
10694 34 62 0.4646
10694 17 66 0.5512
10711 17 64 0.5512
10728 103 69 0.5748
10762 34 61 0.4173
10797 68 61 0.3701
10831 17 64 0.315
10848 17 68 0.3071
10865 17 69 0.3071
10865 34 61 0.2598
10883 17 71 0.3071
10900 17 73 0.315
10900 34 61 0.2598
10917 8 74 0.315
10926 4 73 0.3071
10930 4 74 0.2913
10934 34 73 0.3307
10969 34 62 0.2677
10969 17 71 0.315
10986 17 69 0.315
11003 34 62 0.2677
11003 17 68 0.315
11020 17 66 0.315
11037 17 64 0.315
11055 17 69 0.3071
11072 34 61 0.2677
11072 11 69 0.315
11083 11 71 0.3071
11095 11 69 0.3071
11106 34 61 0.252
11106 17 68 0.3071
11123 17 66 0.3071
11141 103 68 0.315
11175 34 59 0.189
11175 34 64 0.2283
11209 34 62 0.2441
11209 34 64 0.2913
11244 17 64 0.315
11261 17 68 0.3071
11278 17 69 0.3071
11278 34 61 0.2598
11295 17 71 0.3071
11312 17 73 0.315
11312 34 61 0.2598
11330 8 74 0.315
11338 4 73 0.3071
11343 4 74 0.2913
11347 34 73 0.3307
11381 34 62 0.2677
11381 17 71 0.315
11398 17 69 0.315
11416 34 62 0.2677
11416 17 68 0.315
11433 17 66 0.315
11450 17 64 0.315
11467 17 68 0.3071
11484 34 62 0.2677
11484 11 68 0.315
11496 11 69 0.3071
11507 11 68 0.3071
11519 34 62 0.252
11519 17 66 0.3071
11536 17 64 0.3071
11553 120 69 0.315
11588 34 61 0.2913
11622 34 67 0.5748
11622 34 61 0.5748
11656 34 66 0.6142
11674 17 73 0.6299
11691 17 74 0.6378
11691 34 66 0.5433
11708 17 76 0.6378
11725 17 78 0.6457
11725 34 66 0.5512
11742 8 79 0.6535
11751 4 78 0.6299
11755 4 79 0.6142
11759 34 78 0.685
11794 34 67 0.5591
11794 17 76 0.6693
11811 17 74 0.6693
11828 34 67 0.5591
11828 17 73 0.6535
11845 17 71 0.6457
11863 17 69 0.6693
11880 17 74 0.6299
11897 34 66 0.5591
11897 11 74 0.6693
11908 11 76 0.6299
11920 11 74 0.6299
11931 34 66 0.5276
11931 17 73 0.6299
11949 17 71 0.6299
11966 103 73 0.6535
12000 34 64 0.3937
12000 34 69 0.4724
12035 34 67 0.5118
12035 34 69 0.6142
12069 17 69 0.6693
12086 17 73 0.6299
12103 17 74 0.6378
12103 34 66 0.5433
12121 17 76 0.6378
12138 17 78 0.6457
12138 34 66 0.5512
12155 8 79 0.6535
12164 4 78 0.6299
12168 4 79 0.6142
12172 34 78 0.685
12206 34 67 0.5591
12206 17 76 0.6693
12224 17 74 0.6693
12241 34 67 0.5591
12241 17 73 0.6535
12258 17 71 0.6457
12275 17 69 0.6693
12292 17 73 0.6299
12310 34 67 0.5591
12310 11 73 0.6693
12321 11 74 0.6299
12333 11 73 0.6299
12344 34 67 0.5276
12344 17 71 0.6299
12361 17 69 0.6299
12378 103 74 0.6535
12413 34 66 0.4724
12447 68 66 0.4252
12482 17 69 0.315
12499 17 73 0.3071
12516 17 74 0.3071
12516 34 66 0.2598
12533 17 76 0.3071
12550 17 78 0.315
12550 34 66 0.2598
12568 8 79 0.315
12576 4 78 0.3071
12580 4 79 0.2913
12585 34 78 0.3307
12619 34 67 0.2677
12619 17 76 0.315
12636 17 74 0.315
12654 34 67 0.2677
12654 17 73 0.315
12671 17 71 0.315
12688 17 69 0.315
12705 17 74 0.3071
12722 34 66 0.2677
12722 11 74 0.315
12734 11 76 0.3071
12745 11 74 0.3071
12757 34 66 0.252
12757 17 73 0.3071
12774 17 71 0.3071
12791 103 73 0.315
12825 34 64 0.189
12825 34 69 0.2283
12860 34 67 0.2441
12860 34 69 0.2913
12894 17 69 0.315
12911 17 73 0.3071
12929 17 74 0.3071
12929 34 66 0.2598
12946 17 76 0.3071
12963 17 78 0.315
12963 34 66 0.2598
12980 8 79 0.315
12989 4 78 0.3071
12993 4 79 0.2913
12997 34 78 0.3307
13032 34 67 0.2677
13032 17 76 0.315
13049 17 74 0.315
13066 34 67 0.2677
13066 17 73 0.315
13083 17 71 0.315
13101 17 69 0.315
13118 17 73 0.3071
13135 34 67 0.2677
13135 11 73 0.315
13146 11 74 0.3071
13158 11 73 0.3071
13169 34 67 0.252
13169 17 71 0.3071
13186 17 69 0.3071
13204 103 74 0.315
13238 34 66 0.2283
13272 34 66 0.2913
13307 103 74 0.3386
13307 17 66 0.3701
13324 17 69 0.3543
13341 12 69 0.3858
13354 4 71 0.3228
13358 17 69 0.3622
13376 17 68 0.3622
13393 17 64 0.3543
13410 103 74 0.3465
13410 17 64 0.3937
13427 17 67 0.3701
13444 12 67 0.4016
13457 4 69 0.3386
13462 17 67 0.378
13479 17 66 0.378
13496 17 62 0.3386
13513 103 74 0.3543
13513 17 66 0.3937
13530 17 69 0.378
13548 12 69 0.4094
13560 4 71 0.3465
13565 17 69 0.378
13582 17 68 0.378
13599 17 64 0.3465
13616 103 74 0.3622
13616 17 64 0.4173
13634 17 67 0.3937
13651 12 67 0.4173
13664 4 69 0.3622
13668 17 67 0.3937
13685 17 66 0.4016
13702 17 62 0.3465
13719 103 69 0.378
13719 17 62 0.4173
13737 17 66 0.4016
13754 12 66 0.4331
13767 4 67 0.3622
13771 17 66 0.4016
13788 17 64 0.4016
13805 17 59 0.3622
13823 103 69 0.378
13823 17 61 0.4331
13840 17 64 0.4094
13857 12 64 0.4331
13870 4 66 0.3701
13874 17 64 0.4094
13891 17 62 0.4094
13909 17 57 0.3622
13926 103 69 0.378
13926 17 62 0.4173
13943 17 66 0.4016
13960 12 66 0.4252
13973 4 67 0.3543
13977 17 66 0.3937
13995 17 64 0.3858
14012 17 59 0.3543
14029 103 69 0.3622
14029 17 61 0.4173
14046 17 64 0.3937
14063 12 64 0.4094
14076 4 66 0.3543
14081 17 64 0.3858
14098 17 62 0.3858
14115 17 57 0.3228
14132 103 62 0.315
14132 17 54 0.3465
14149 17 57 0.3307
14166 12 57 0.3543
14179 4 59 0.2992
14184 17 57 0.3228
14201 17 56 0.3228
14218 17 52 0.2756
14235 103 62 0.3071
14235 17 52 0.3465
14252 17 55 0.3228
14270 12 55 0.3465
14283 4 57 0.2913
14287 17 55 0.3228
14304 17 54 0.315
14321 17 50 0.2677
14338 103 62 0.2598
14338 17 54 0.2835
14356 17 57 0.2756
14373 12 57 0.2992
14386 4 59 0.2441
14390 17 57 0.2677
14407 17 56 0.2677
14424 17 52 0.2362
14442 103 62 0.252
14442 17 52 0.2913
14459 17 55 0.2677
14476 12 55 0.2913
14489 4 57 0.2441
14493 17 55 0.2677
14510 17 54 0.2677
14528 17 50 0.2362
14545 34 50 0.3071
14545 34 57 0.3622
14579 34 62 0.3228
14579 34 69 0.3858
14614 17 74 0.378
14631 17 81 0.3858
14648 8 86 0.4016
14665 8 90 0.4173
14682 8 92 0.4331
14699 8 93 0.4488
14717 8 95 0.4646
14734 8 97 0.4882
14751 103 98 0.5039
103 17 50 0.4646
137 34 50 0.4094
137 34 57 0.4094
137 34 62 0.4094
171 34 50 0.4094
171 34 57 0.4094
171 34 62 0.4094
206 17 45 0.4646
240 34 52 0.4252
240 34 57 0.4252
240 34 61 0.4252
275 34 52 0.4252
275 34 57 0.4252
275 34 61 0.4252
309 17 38 0.4646
343 34 50 0.4252
343 34 57 0.4252
343 34 62 0.4252
378 34 50 0.4252
378 34 57 0.4252
378 34 62 0.4252
412 17 45 0.4646
447 34 57 0.3386
481 34 57 0.4409
481 34 64 0.4409
515 17 50 0.4646
550 34 57 0.4094
550 34 62 0.4094
584 34 50 0.4094
584 34 57 0.4094
584 34 62 0.4094
618 17 43 0.4646
653 34 59 0.4252
653 34 64 0.4252
687 34 52 0.4252
687 34 59 0.4252
687 34 64 0.4252
722 17 45 0.4646
756 34 57 0.4252
756 34 64 0.4252
790 34 57 0.4252
790 34 64 0.4252
825 17 38 0.4646
859 34 50 0.2835
859 34 57 0.2835
859 34 62 0.3386
894 68 50 0.3071
894 68 57 0.3071
894 68 62 0.3071
962 34 50 0.1811
962 34 57 0.1811
962 34 62 0.1811
997 34 50 0.1811
997 34 57 0.1811
997 34 62 0.1811
1031 17 45 0.2126
1065 34 52 0.189
1065 34 57 0.189
1065 34 61 0.189
1100 34 52 0.189
1100 34 57 0.189
1100 34 61 0.189
1134 17 38 0.2126
1169 34 50 0.189
1169 34 57 0.189
1169 34 62 0.189
1203 34 50 0.189
1203 34 57 0.189
1203 34 62 0.189
1237 17 45 0.2126
1272 34 61 0.1575
1272 34 57 0.1575
1306 68 57 0.2047
1306 34 64 0.2047
1341 34 50 0.2126
1375 34 57 0.1811
1375 34 62 0.1811
1409 34 50 0.1811
1409 34 57 0.1811
1409 34 62 0.1811
1444 17 43 0.2126
1478 34 59 0.189
1478 34 64 0.189
1512 34 52 0.189
1512 34 59 0.189
1512 34 64 0.189
1547 17 45 0.2126
1581 34 57 0.189
1581 34 64 0.189
1616 34 57 0.189
1616 34 64 0.189
1650 17 38 0.2126
1684 34 50 0.1339
1684 34 57 0.1339
1684 34 62 0.1575
1719 34 50 0.2047
1719 34 57 0.2047
1719 34 62 0.2047
1753 17 45 0.4646
1788 34 45 0.4094
1788 34 52 0.4094
1788 34 57 0.4094
1822 34 45 0.4094
1822 34 52 0.4094
1822 34 57 0.4094
1856 17 40 0.4646
1891 34 52 0.4252
1891 34 59 0.4252
1925 34 52 0.4252
1925 34 59 0.4252
1959 17 33 0.4646
1994 34 45 0.4252
1994 34 52 0.4252
1994 34 57 0.4252
2028 34 45 0.4252
2028 34 52 0.4252
2028 34 57 0.4252
2063 17 40 0.4646
2097 34 52 0.3386
2131 34 52 0.4409
2131 34 59 0.4409
2166 17 45 0.4646
2200 34 52 0.4094
2200 34 57 0.4094
2235 34 45 0.4094
2235 34 52 0.4094
2235 34 57 0.4094
2269 17 38 0.4646
2303 34 54 0.4252
2303 34 59 0.4252
2338 34 47 0.4252
2338 34 54 0.4252
2338 34 59 0.4252
2372 17 40 0.4646
2407 34 52 0.4252
2407 34 59 0.4252
2441 34 52 0.4252
2441 34 59 0.4252
2475 17 33 0.4646
2510 34 45 0.2835
2510 34 52 0.2835
2510 34 57 0.3386
2544 68 45 0.3071
2544 68 52 0.3071
2544 68 57 0.3071
2613 34 45 0.1811
2613 34 52 0.1811
2613 34 57 0.1811
2647 34 45 0.1811
2647 34 52 0.1811
2647 34 57 0.1811
2682 17 40 0.2126
2716 34 52 0.189
2716 34 59 0.189
2750 34 52 0.189
2750 34 59 0.189
2785 17 33 0.2126
2819 34 45 0.189
2819 34 52 0.189
2819 34 57 0.189
2854 34 45 0.189
2854 34 52 0.189
2854 34 57 0.189
2888 17 40 0.2126
2922 34 52 0.1575
2957 68 52 0.2047
2957 34 59 0.2047
2991 34 45 0.2126
3025 34 52 0.1811
3025 34 57 0.1811
3060 34 45 0.1811
3060 34 52 0.1811
3060 34 57 0.1811
3094 17 38 0.2126
3129 34 54 0.189
3129 34 59 0.189
3163 34 47 0.189
3163 34 54 0.189
3163 34 59 0.189
3197 17 40 0.2126
3232 34 52 0.189
3232 34 59 0.189
3266 34 52 0.189
3266 34 59 0.189
3301 17 33 0.252
3335 34 57 0.1969
3335 34 64 0.2362
3369 34 57 0.4724
3369 34 64 0.4724
3404 17 50 0.5276
3438 34 50 0.4646
3438 34 57 0.4646
3438 34 62 0.4646
3472 34 50 0.4646
3472 34 57 0.4646
3472 34 62 0.4646
3507 17 45 0.5276
3541 34 52 0.4882
3541 34 57 0.4882
3541 34 61 0.4882
3576 34 52 0.4882
3576 34 57 0.4882
3576 34 61 0.4882
3610 17 38 0.5276
3644 34 50 0.4882
3644 34 57 0.4882
3644 34 62 0.4882
3679 34 50 0.4882
3679 34 57 0.4882
3679 34 62 0.4882
3713 17 45 0.5276
3748 34 57 0.3858
3782 34 57 0.5039
3782 34 64 0.5039
3816 17 50 0.5276
3851 34 57 0.4646
3851 34 62 0.4646
3885 34 50 0.4646
3885 34 57 0.4646
3885 34 62 0.4646
3919 17 43 0.5276
3954 34 59 0.4882
3954 34 64 0.4882
3988 34 52 0.4882
3988 34 59 0.4882
3988 34 64 0.4882
4023 17 45 0.5276
4057 34 57 0.4882
4057 34 64 0.4882
4091 34 57 0.4882
4091 34 64 0.4882
4126 17 38 0.5276
4160 34 50 0.3228
4160 34 57 0.3228
4160 34 62 0.3858
4195 68 50 0.3465
4195 68 57 0.3465
4195 68 62 0.3465
4263 34 50 0.1811
4263 34 57 0.1811
4263 34 62 0.1811
4298 34 50 0.1811
4298 34 57 0.1811
4298 34 62 0.1811
4332 17 45 0.2126
4367 34 52 0.189
4367 34 57 0.189
4367 34 61 0.189
4401 34 52 0.189
4401 34 57 0.189
4401 34 61 0.189
4435 17 38 0.2126
4470 34 50 0.189
4470 34 57 0.189
4470 34 62 0.189
4504 34 50 0.189
4504 34 57 0.189
4504 34 62 0.189
4538 17 45 0.2126
4573 34 61 0.1575
4573 34 57 0.1575
4607 68 57 0.2047
4607 34 64 0.2047
4642 34 50 0.2126
4676 34 57 0.1811
4676 34 62 0.1811
4710 34 50 0.1811
4710 34 57 0.1811
4710 34 62 0.1811
4745 17 43 0.2126
4779 34 59 0.189
4779 34 64 0.189
4814 34 52 0.189
4814 34 59 0.189
4814 34 64 0.189
4848 17 45 0.2126
4882 34 57 0.189
4882 34 64 0.189
4917 34 57 0.189
4917 34 64 0.189
4951 34 38 0.2126
4985 34 50 0.1339
4985 34 57 0.1339
4985 34 62 0.1575
5020 34 50 0.2047
5020 34 57 0.2047
5020 34 62 0.2047
5054 34 46 0.3465
5089 34 62 0.315
5089 34 58 0.2598
5089 34 53 0.2598
5123 34 53 0.2677
5123 34 62 0.3228
5123 34 58 0.2677
5157 34 41 0.3622
5192 34 63 0.3386
5192 34 60 0.2756
5192 34 53 0.2756
5226 34 63 0.3465
5226 34 60 0.2835
5226 34 53 0.2835
5261 34 46 0.3858
5295 34 62 0.3543
5295 34 58 0.2913
5295 34 53 0.2913
5329 34 53 0.2992
5329 34 62 0.3622
5329 34 58 0.2992
5364 60 45 0.4016
5398 25 60 0.3701
5424 8 43 0.378
5432 34 41 0.4882
5467 34 36 0.4331
5467 34 48 0.5039
5501 34 67 0.5039
5501 34 60 0.4331
5570 17 41 0.5039
5596 8 59 0.5118
5604 25 60 0.5669
5630 8 61 0.5354
5639 34 60 0.5669
5673 17 48 0.4567
5699 8 59 0.4567
5708 25 60 0.4961
5733 8 62 0.4567
5742 34 60 0.4882
5776 17 53 0.4094
5802 8 59 0.3622
5811 25 60 0.4252
5837 8 64 0.3543
5845 34 65 0.3701
5879 34 46 0.3465
5914 34 62 0.315
5914 34 58 0.2598
5914 34 53 0.2598
5948 34 53 0.2677
5948 34 62 0.3228
5948 34 58 0.2677
5983 34 45 0.3622
6017 34 63 0.3386
6017 34 60 0.2756
6017 34 53 0.2756
6051 34 63 0.3465
6051 34 60 0.2835
6051 34 53 0.2835
6086 34 46 0.3858
6120 34 61 0.3543
6120 34 58 0.2913
6120 34 53 0.2913
6155 34 53 0.2913
6155 34 61 0.3543
6155 34 58 0.2913
6189 34 44 0.4173
6223 25 53 0.3622
6223 25 56 0.3622
6223 25 65 0.4252
6223 25 61 0.3622
6249 8 46 0.4252
6258 34 44 0.5276
6292 34 32 0.5512
6327 34 63 0.5512
6327 34 56 0.4724
6395 17 37 0.5433
6421 8 55 0.5748
6430 25 56 0.6063
6455 8 58 0.5669
6464 34 56 0.5906
6498 17 44 0.4724
6524 8 55 0.4724
6533 25 56 0.5118
6559 8 57 0.4961
6567 34 56 0.5039
6602 17 49 0.4173
6627 8 55 0.3622
6636 25 56 0.4331
6662 8 60 0.3543
6670 34 61 0.3701
6705 17 41 0.315
6739 34 59 0.2756
6739 34 53 0.2283
6774 34 53 0.2362
6774 34 59 0.2835
6808 17 42 0.3386
6842 34 57 0.2913
6842 34 54 0.2441
6877 34 54 0.252
6877 34 57 0.2992
6911 17 41 0.3543
6945 34 59 0.315
6945 34 53 0.2598
6980 34 53 0.2677
6980 34 59 0.315
7014 17 42 0.378
7049 34 57 0.3307
7049 34 54 0.2756
7083 34 54 0.2835
7083 34 57 0.3386
7117 17 40 0.4016
7152 34 59 0.3465
7152 34 52 0.2913
7186 34 52 0.2913
7186 34 59 0.3465
7221 17 45 0.4016
7255 34 57 0.3465
7255 34 52 0.2913
7289 34 52 0.2913
7289 34 57 0.3465
7324 17 40 0.4016
7358 34 59 0.3465
7358 34 52 0.2913
7392 34 52 0.2913
7392 34 59 0.3465
7427 17 45 0.4016
7461 34 57 0.3465
7461 34 52 0.2913
7496 34 52 0.2913
7496 34 57 0.3465
7530 17 41 0.315
7564 34 59 0.2756
7564 34 53 0.2283
7599 34 53 0.2283
7599 34 59 0.2756
7633 17 42 0.3228
7668 34 57 0.2835
7668 34 54 0.2362
7702 34 54 0.2441
7702 34 57 0.2835
7736 17 41 0.3386
7771 34 59 0.2913
7771 34 53 0.2441
7805 34 53 0.2441
7805 34 59 0.2913
7839 17 42 0.3465
7874 34 57 0.2992
7874 34 54 0.252
7908 34 54 0.252
7908 34 57 0.3071
7943 17 40 0.3543
7977 34 59 0.3071
7977 34 52 0.2598
8011 34 52 0.2598
8011 34 59 0.3071
8046 17 45 0.3543
8080 34 57 0.3071
8080 34 52 0.2598
8115 34 52 0.2598
8115 34 57 0.3071
8149 17 40 0.3543
8183 34 59 0.2992
8183 34 52 0.252
8218 34 52 0.2441
8218 34 59 0.2835
8252 17 45 0.3307
8287 34 64 0.2756
8287 34 57 0.2283
8321 34 57 0.2205
8321 34 64 0.2677
8355 17 50 0.4646
8390 34 50 0.4094
8390 34 57 0.4094
8390 34 62 0.4094
8424 34 50 0.4094
8424 34 57 0.4094
8424 34 62 0.4094
8458 17 45 0.4646
8493 34 52 0.4252
8493 34 57 0.4252
8493 34 61 0.4252
8527 34 52 0.4252
8527 34 57 0.4252
8527 34 61 0.4252
8562 17 38 0.4646
8596 34 50 0.4252
8596 34 57 0.4252
8596 34 62 0.4252
8630 34 50 0.4252
8630 34 57 0.4252
8630 34 62 0.4252
8665 17 45 0.4646
8699 34 57 0.3386
8734 34 57 0.4409
8734 34 64 0.4409
8768 17 50 0.4646
8802 34 57 0.4094
8802 34 62 0.4094
8837 34 50 0.4094
8837 34 57 0.4094
8837 34 62 0.4094
8871 17 43 0.4646
8905 34 59 0.4252
8905 34 64 0.4252
8940 34 52 0.4252
8940 34 59 0.4252
8940 34 64 0.4252
8974 17 45 0.4646
9009 34 57 0.4252
9009 34 64 0.4252
9043 34 57 0.4252
9043 34 64 0.4252
9077 17 38 0.4646
9112 34 50 0.2835
9112 34 57 0.2835
9112 34 62 0.3386
9146 68 50 0.3071
9146 68 57 0.3071
9146 68 62 0.3071
9215 34 50 0.1811
9215 34 57 0.1811
9215 34 62 0.1811
9249 34 50 0.1811
9249 34 57 0.1811
9249 34 62 0.1811
9284 17 45 0.2126
9318 34 52 0.189
9318 34 57 0.189
9318 34 61 0.189
9352 34 52 0.189
9352 34 57 0.189
9352 34 61 0.189
9387 17 38 0.2126
9421 34 50 0.189
9421 34 57 0.189
9421 34 62 0.189
9456 34 50 0.189
9456 34 57 0.189
9456 34 62 0.189
9490 17 45 0.2126
9524 34 61 0.1575
9524 34 57 0.1575
9559 68 57 0.2047
9559 34 64 0.2047
9593 34 50 0.2126
9628 34 57 0.1811
9628 34 62 0.1811
9662 34 50 0.1811
9662 34 57 0.1811
9662 34 62 0.1811
9696 17 43 0.2126
9731 34 59 0.189
9731 34 64 0.189
9765 34 52 0.189
9765 34 59 0.189
9765 34 64 0.189
9799 17 45 0.2126
9834 34 57 0.189
9834 34 64 0.189
9868 34 57 0.189
9868 34 64 0.189
9903 17 38 0.2126
9937 34 50 0.1339
9937 34 57 0.1339
9937 34 62 0.1575
9971 34 50 0.2047
9971 34 57 0.2047
9971 34 62 0.2047
10006 17 45 0.4646
10040 34 45 0.4094
10040 34 52 0.4094
10040 34 57 0.4094
10075 34 45 0.4094
10075 34 52 0.4094
10075 34 57 0.4094
10109 17 40 0.4646
10143 34 52 0.4252
10143 34 59 0.4252
10178 34 52 0.4252
10178 34 59 0.4252
10212 17 33 0.4646
10246 34 45 0.4252
10246 34 52 0.4252
10246 34 57 0.4252
10281 34 45 0.4252
10281 34 52 0.4252
10281 34 57 0.4252
10315 17 40 0.4646
10350 34 52 0.3386
10384 34 52 0.4409
10384 34 59 0.4409
10418 17 45 0.4646
10453 34 52 0.4094
10453 34 57 0.4094
10487 34 45 0.4094
10487 34 52 0.4094
10487 34 57 0.4094
10522 17 38 0.4646
10556 34 54 0.4252
10556 34 59 0.4252
10590 34 47 0.4252
10590 34 54 0.4252
10590 34 59 0.4252
10625 17 40 0.4646
10659 34 52 0.4252
10659 34 59 0.4252
10694 34 52 0.4252
10694 34 59 0.4252
10728 17 33 0.4646
10762 34 45 0.2835
10762 34 52 0.2835
10762 34 57 0.3386
10797 68 45 0.3071
10797 68 52 0.3071
10797 68 57 0.3071
10865 34 45 0.1811
10865 34 52 0.1811
10865 34 57 0.1811
10900 34 45 0.1811
10900 34 52 0.1811
10900 34 57 0.1811
10934 17 40 0.2126
10969 34 52 0.189
10969 34 59 0.189
11003 34 52 0.189
11003 34 59 0.189
11037 17 33 0.2126
11072 34 45 0.189
11072 34 52 0.189
11072 34 57 0.189
11106 34 45 0.189
11106 34 52 0.189
11106 34 57 0.189
11141 17 40 0.2126
11175 34 52 0.1575
11209 68 52 0.2047
11209 34 59 0.2047
11244 34 45 0.2126
11278 34 52 0.1811
11278 34 57 0.1811
11312 34 45 0.1811
11312 34 52 0.1811
11312 34 57 0.1811
11347 17 38 0.2126
11381 34 54 0.189
11381 34 59 0.189
11416 34 47 0.189
11416 34 54 0.189
11416 34 59 0.189
11450 17 40 0.2126
11484 34 52 0.189
11484 34 59 0.189
11519 34 52 0.189
11519 34 59 0.189
11553 17 33 0.2126
11588 34 57 0.1654
11588 34 64 0.1969
11622 34 57 0.4724
11622 34 64 0.4724
11656 17 50 0.5276
11691 34 50 0.4646
11691 34 57 0.4646
11691 34 62 0.4646
11725 34 50 0.4646
11725 34 57 0.4646
11725 34 62 0.4646
11759 17 45 0.5276
11794 34 52 0.4882
11794 34 57 0.4882
11794 34 61 0.4882
11828 34 52 0.4882
11828 34 57 0.4882
11828 34 61 0.4882
11863 17 38 0.5276
11897 34 50 0.4882
11897 34 57 0.4882
11897 34 62 0.4882
11931 34 50 0.4882
11931 34 57 0.4882
11931 34 62 0.4882
11966 17 45 0.5276
12000 34 57 0.3858
12035 34 57 0.5039
12035 34 64 0.5039
12069 17 50 0.5276
12103 34 57 0.4646
12103 34 62 0.4646
12138 34 50 0.4646
12138 34 57 0.4646
12138 34 62 0.4646
12172 17 43 0.5276
12206 34 59 0.4882
12206 34 64 0.4882
12241 34 52 0.4882
12241 34 59 0.4882
12241 34 64 0.4882
12275 17 45 0.5276
12310 34 57 0.4882
12310 34 64 0.4882
12344 34 57 0.4882
12344 34 64 0.4882
12378 17 38 0.5276
12413 34 50 0.3228
12413 34 57 0.3228
12413 34 62 0.3858
12447 68 50 0.3465
12447 68 57 0.3465
12447 68 62 0.3465
12516 34 50 0.1811
12516 34 57 0.1811
12516 34 62 0.1811
12550 34 50 0.1811
12550 34 57 0.1811
12550 34 62 0.1811
12585 17 45 0.2126
12619 34 52 0.189
12619 34 57 0.189
12619 34 61 0.189
12654 34 52 0.189
12654 34 57 0.189
12654 34 61 0.189
12688 17 38 0.2126
12722 34 50 0.189
12722 34 57 0.189
12722 34 62 0.189
12757 34 50 0.189
12757 34 57 0.189
12757 34 62 0.189
12791 17 45 0.2126
12825 34 61 0.1575
12825 34 57 0.1575
12860 68 57 0.2047
12860 34 64 0.2047
12894 34 50 0.2126
12929 34 57 0.1811
12929 34 62 0.1811
12963 34 50 0.1811
12963 34 57 0.1811
12963 34 62 0.1811
12997 17 43 0.2126
13032 34 59 0.189
13032 34 64 0.189
13066 34 52 0.189
13066 34 59 0.189
13066 34 64 0.189
13101 17 45 0.2126
13135 34 57 0.189
13135 34 64 0.189
13169 34 57 0.189
13169 34 64 0.189
13204 17 38 0.2126
13238 34 50 0.1339
13238 34 57 0.1339
13238 34 62 0.1575
13272 34 50 0.2047
13272 34 57 0.2047
13272 34 62 0.2047
13307 34 50 0.2047
13307 34 57 0.2441
13341 34 60 0.2126
13341 34 50 0.1811
13376 34 50 0.1811
13376 34 59 0.2205
13410 34 50 0.2047
13410 34 55 0.252
13444 34 58 0.2205
13444 34 50 0.189
13479 34 50 0.189
13479 34 57 0.2283
13513 34 50 0.2126
13513 34 57 0.2598
13548 34 60 0.2283
13548 34 50 0.189
13582 34 50 0.189
13582 34 59 0.2283
13616 34 50 0.2205
13616 34 55 0.2598
13651 34 58 0.2362
13651 34 50 0.1969
13685 34 50 0.1969
13685 34 57 0.2362
13719 34 50 0.2283
13719 34 54 0.2756
13754 34 57 0.2441
13754 34 50 0.2047
13788 34 50 0.2047
13788 34 56 0.2441
13823 34 50 0.2283
13823 34 52 0.2756
13857 34 55 0.2441
13857 34 50 0.2047
13891 34 50 0.2047
13891 34 54 0.2441
13926 34 50 0.2283
13926 34 54 0.2756
13960 34 57 0.2362
13960 34 50 0.1969
13995 34 50 0.1969
13995 34 56 0.2362
14029 34 50 0.2205
14029 34 52 0.2598
14063 34 55 0.2283
14063 34 50 0.189
14098 34 50 0.189
14098 34 54 0.2283
14132 34 38 0.189
14132 34 45 0.2283
14166 34 48 0.1969
14166 34 38 0.1654
14201 34 38 0.1654
14201 34 47 0.189
14235 34 38 0.1811
14235 34 43 0.2205
14270 34 46 0.189
14270 34 38 0.1575
14304 34 38 0.1575
14304 34 45 0.189
14338 34 38 0.1575
14338 34 45 0.1811
14373 34 48 0.1575
14373 34 38 0.1339
14407 34 38 0.1339
14407 34 47 0.1575
14442 34 38 0.1496
14442 34 43 0.1732
14476 34 46 0.1575
14476 34 38 0.1339
14510 34 38 0.1339
14510 34 45 0.1575
14545 34 38 0.2047
14545 34 45 0.2441
14579 34 50 0.2205
14579 34 57 0.2677
14614 240 62 0.2205
14614 240 69 0.2677
