0 12 53 0.2756
0 12 41 0.2362
9 12 55 0.2283
9 12 43 0.189
19 12 58 0.2362
19 12 46 0.1969
29 12 61 0.2362
29 12 49 0.1969
39 12 52 0.2598
39 12 40 0.2205
49 9 55 0.2441
49 9 43 0.2047
59 12 53 0.2913
59 12 41 0.2362
69 12 55 0.2362
69 12 43 0.2047
79 12 58 0.2441
79 12 46 0.2047
89 12 61 0.252
89 12 49 0.2126
99 12 52 0.2677
99 12 40 0.2205
109 8 55 0.2598
109 8 43 0.2126
119 12 55 0.315
119 12 43 0.2677
129 12 57 0.2598
129 12 45 0.2205
138 12 60 0.2756
138 12 48 0.2283
148 12 63 0.2835
148 12 51 0.2205
158 12 54 0.2677
158 12 42 0.2205
168 9 57 0.2835
168 9 45 0.2362
178 12 55 0.315
178 12 43 0.2677
188 12 57 0.2677
188 12 45 0.2205
198 12 60 0.2677
198 12 48 0.2205
208 12 63 0.2756
208 12 51 0.2362
218 12 54 0.2677
218 12 42 0.2205
228 9 57 0.2835
228 9 45 0.2362
238 12 58 0.3543
238 12 46 0.2992
248 12 60 0.2756
248 12 48 0.2283
258 12 63 0.2992
258 12 51 0.252
267 12 66 0.3386
267 12 54 0.2835
277 12 57 0.3071
277 12 45 0.2598
287 9 60 0.2992
287 9 48 0.2441
297 12 61 0.3228
297 12 49 0.2677
307 12 63 0.3071
307 12 51 0.252
317 12 66 0.3071
317 12 54 0.2598
327 12 69 0.3386
327 12 57 0.2756
337 12 60 0.3071
337 12 48 0.2598
347 9 63 0.3071
347 9 51 0.2677
357 12 61 0.3858
357 12 49 0.3228
367 12 63 0.3307
367 12 51 0.2756
377 9 66 0.3071
377 9 54 0.252
387 12 69 0.315
387 12 57 0.2913
396 12 60 0.3307
396 12 48 0.2835
406 9 63 0.3386
406 9 51 0.2835
416 12 66 0.3937
416 12 54 0.3228
426 12 70 0.315
426 12 58 0.2677
436 12 72 0.3228
436 12 60 0.2677
446 12 75 0.3465
446 12 63 0.2992
456 12 65 0.3465
456 12 53 0.2913
466 9 69 0.3465
466 9 57 0.2913
476 12 70 0.4409
476 12 58 0.3701
486 12 73 0.3543
486 12 61 0.2992
496 12 78 0.3858
496 12 66 0.315
506 12 77 0.3622
506 12 65 0.2913
516 12 72 0.3543
516 12 60 0.2992
525 9 73 0.3543
525 9 61 0.2992
535 19 76 0.3937
535 19 64 0.3307
545 9 72 0.3622
545 9 60 0.3071
555 12 73 0.3543
555 12 61 0.315
565 9 69 0.3386
565 9 57 0.2835
575 12 70 0.3701
575 12 58 0.3071
585 9 66 0.3465
585 9 54 0.2835
595 12 64 0.378
595 12 52 0.315
605 12 65 0.3465
605 12 53 0.2913
615 9 70 0.3465
615 9 58 0.2913
625 12 68 0.3543
625 12 56 0.3071
635 12 69 0.3543
635 12 57 0.2992
645 9 73 0.3543
645 9 61 0.2992
654 12 69 0.3701
654 12 57 0.3228
664 12 70 0.3465
664 12 58 0.2913
674 9 73 0.3543
674 9 61 0.2992
684 12 71 0.3622
684 12 59 0.3071
694 12 72 0.3543
694 12 60 0.2992
704 9 77 0.3543
704 9 65 0.2992
714 12 68 0.378
714 12 56 0.315
724 12 71 0.3386
724 12 59 0.2835
734 12 76 0.3543
734 12 64 0.2992
744 12 75 0.3465
744 12 63 0.2913
754 12 70 0.315
754 12 58 0.2677
764 9 71 0.2992
764 9 59 0.2441
774 19 74 0.4016
774 19 62 0.3386
784 12 70 0.3386
784 12 58 0.2835
793 12 71 0.3307
793 12 59 0.2756
803 19 67 0.3386
803 19 55 0.2835
813 12 68 0.3543
813 12 56 0.2992
823 9 64 0.3386
823 9 52 0.2835
833 19 62 0.3701
833 19 50 0.3071
843 12 63 0.3228
843 12 51 0.2677
853 9 68 0.3228
853 9 56 0.2677
863 19 64 0.3465
863 19 52 0.2835
873 12 65 0.3307
873 12 53 0.2756
883 9 71 0.3307
883 9 59 0.2756
893 19 65 0.3701
893 19 53 0.3071
903 12 66 0.3543
903 12 54 0.2992
913 9 71 0.3386
913 9 59 0.2835
922 19 69 0.3543
922 19 57 0.2913
932 12 70 0.3465
932 12 58 0.2913
942 9 75 0.3465
942 9 63 0.2913
952 19 73 0.4016
952 19 61 0.3386
962 12 65 0.3543
962 12 53 0.2992
972 12 70 0.3228
972 12 58 0.2677
982 19 61 0.3543
982 19 49 0.2677
992 12 64 0.3386
992 12 52 0.2835
1002 9 69 0.3386
1002 9 57 0.2835
1012 19 72 0.3543
1012 19 60 0.2992
1022 12 63 0.3228
1022 12 51 0.2677
1032 12 68 0.3307
1032 12 56 0.2756
1042 19 59 0.3307
1042 19 47 0.2677
1051 12 62 0.3228
1051 12 50 0.2677
1061 9 67 0.3307
1061 9 55 0.2756
1071 12 71 0.4173
1071 12 59 0.3543
1081 12 62 0.3543
1081 12 50 0.2992
1091 12 66 0.3543
1091 12 54 0.2992
1101 12 58 0.3307
1101 12 46 0.2835
1111 12 61 0.3307
1111 12 49 0.2756
1121 9 66 0.3386
1121 9 54 0.2835
1131 12 70 0.3937
1131 12 58 0.3307
1141 12 66 0.3543
1141 12 54 0.2992
1151 12 71 0.3307
1151 12 59 0.2756
1161 12 72 0.3622
1161 12 60 0.3071
1171 12 73 0.4016
1171 12 61 0.3386
1180 9 75 0.4252
1180 9 63 0.3543
1190 12 76 0.4488
1190 12 64 0.378
1200 12 67 0.3543
1200 12 55 0.2992
1210 12 72 0.3543
1210 12 60 0.2992
1220 19 63 0.3386
1220 19 51 0.2677
1230 12 66 0.3465
1230 12 54 0.2677
1240 9 71 0.3465
1240 9 59 0.2677
1250 19 74 0.378
1250 19 62 0.315
1260 12 65 0.3307
1260 12 53 0.2756
1270 12 70 0.3386
1270 12 58 0.2835
1280 19 61 0.3386
1280 19 49 0.2835
1290 12 64 0.3543
1290 12 52 0.2992
1300 9 69 0.3543
1300 9 57 0.2992
1309 12 72 0.3858
1309 12 60 0.3228
1319 12 64 0.3543
1319 12 52 0.2992
1329 12 68 0.3543
1329 12 56 0.2992
1339 12 59 0.3543
1339 12 47 0.3071
1349 12 62 0.3386
1349 12 50 0.2835
1359 9 67 0.3386
1359 9 55 0.2835
1369 12 71 0.3937
1369 12 59 0.3307
1379 12 66 0.3543
1379 12 54 0.2992
1389 12 73 0.3543
1389 12 61 0.2992
1399 12 74 0.3937
1399 12 62 0.3307
1409 12 75 0.4094
1409 12 63 0.3465
1419 9 76 0.4252
1419 9 64 0.3543
1429 12 77 0.4409
1429 12 65 0.3701
1438 12 69 0.3543
1438 12 57 0.2992
1448 12 75 0.3543
1448 12 63 0.2992
1458 12 76 0.4252
1458 12 64 0.3543
1468 12 77 0.4173
1468 12 65 0.3543
1478 9 78 0.4409
1478 9 66 0.3701
1488 12 77 0.4803
1488 12 65 0.4016
1498 12 70 0.3622
1498 12 58 0.3071
1508 12 73 0.3937
1508 12 61 0.3307
1518 12 76 0.4331
1518 12 64 0.3622
1528 12 77 0.4488
1528 12 65 0.378
1538 9 78 0.4646
1538 9 66 0.3937
1548 12 79 0.5039
1548 12 67 0.4252
1558 12 71 0.3701
1558 12 59 0.3071
1568 12 77 0.4252
1568 12 65 0.3543
1577 12 78 0.4724
1577 12 66 0.4016
1587 12 79 0.4724
1587 12 67 0.4016
1597 9 80 0.5118
1597 9 68 0.4331
1607 12 79 0.5354
1607 12 67 0.4488
1617 12 72 0.4016
1617 12 60 0.3386
1627 12 75 0.4724
1627 12 63 0.4016
1637 12 78 0.5039
1637 12 66 0.4252
1647 12 79 0.5276
1647 12 67 0.4409
1657 9 80 0.5354
1657 9 68 0.4488
1667 19 75 0.5354
1667 19 63 0.4488
1677 12 72 0.4567
1677 12 60 0.3858
1687 12 77 0.4016
1687 12 65 0.3386
1697 19 75 0.4173
1697 19 63 0.3386
1706 12 68 0.3858
1706 12 56 0.3228
1716 9 73 0.4094
1716 9 61 0.3465
1726 19 72 0.4488
1726 19 60 0.378
1736 12 63 0.3543
1736 12 51 0.2992
1746 12 70 0.3701
1746 12 58 0.3071
1756 19 68 0.3937
1756 19 56 0.3228
1766 12 60 0.3701
1766 12 48 0.3071
1776 9 65 0.3701
1776 9 53 0.3071
1786 12 63 0.4409
1786 12 51 0.3701
1796 12 56 0.3543
1796 12 44 0.2992
1806 12 61 0.3543
1806 12 49 0.2992
1816 12 60 0.3543
1816 12 48 0.2835
1826 12 55 0.3307
1826 12 43 0.2756
1835 9 56 0.3386
1835 9 44 0.2835
1845 12 60 0.3701
1845 12 48 0.3071
1855 12 54 0.3071
1855 12 42 0.2598
1865 12 62 0.2992
1865 12 50 0.252
1875 12 60 0.315
1875 12 48 0.2677
1885 12 53 0.3071
1885 12 41 0.2598
1895 9 54 0.2913
1895 9 42 0.2283
1905 12 55 0.3307
1905 12 43 0.2756
1915 12 57 0.2992
1915 12 45 0.252
1925 12 59 0.2756
1925 12 47 0.2283
1935 12 60 0.2835
1935 12 48 0.2598
1945 12 62 0.2992
1945 12 50 0.252
1955 9 63 0.3307
1955 9 51 0.2756
1964 12 56 0.3543
1964 12 44 0.2992
1974 12 58 0.2835
1974 12 46 0.2362
1984 12 59 0.2677
1984 12 47 0.2205
1994 12 60 0.2992
1994 12 48 0.252
2004 12 61 0.2913
2004 12 49 0.252
2014 9 63 0.2913
2014 9 51 0.2441
2024 12 57 0.378
2024 12 45 0.315
2034 12 58 0.3228
2034 12 46 0.2677
2044 12 60 0.2992
2044 12 48 0.252
2054 12 61 0.3386
2054 12 49 0.2835
2064 12 63 0.3228
2064 12 51 0.2677
2074 9 65 0.3307
2074 9 53 0.2756
2084 12 58 0.378
2084 12 46 0.315
2093 12 59 0.2992
2093 12 47 0.252
2103 12 60 0.3071
2103 12 48 0.2598
2113 12 61 0.3386
2113 12 49 0.2835
2123 12 63 0.3071
2123 12 51 0.2598
2133 9 65 0.3386
2133 9 53 0.2835
2143 12 60 0.4016
2143 12 48 0.3386
2153 12 61 0.3386
2153 12 49 0.2835
2163 12 62 0.3071
2163 12 50 0.2598
2173 12 63 0.3465
2173 12 51 0.2913
2183 12 65 0.3386
2183 12 53 0.2835
2193 9 66 0.3543
2193 9 54 0.2992
2203 12 57 0.4016
2203 12 45 0.3386
2213 12 61 0.3386
2213 12 49 0.2835
2222 12 62 0.3386
2222 12 50 0.2835
2232 12 63 0.3701
2232 12 51 0.3071
2242 12 65 0.3543
2242 12 53 0.2992
2252 9 66 0.378
2252 9 54 0.315
2262 12 69 0.4646
2262 12 57 0.3937
2272 12 66 0.378
2272 12 54 0.315
2282 12 64 0.378
2282 12 52 0.315
2292 12 62 0.3858
2292 12 50 0.3228
2302 12 64 0.3543
2302 12 52 0.2992
2312 9 66 0.3622
2312 9 54 0.3071
2322 12 57 0.4016
2322 12 45 0.3386
2332 12 61 0.3386
2332 12 49 0.2835
2342 12 62 0.3228
2342 12 50 0.2677
2352 12 64 0.3543
2352 12 52 0.2992
2361 12 65 0.315
2361 12 53 0.2677
2371 9 66 0.3543
2371 9 54 0.2992
2381 12 69 0.4016
2381 12 57 0.3386
2391 12 68 0.3465
2391 12 56 0.2913
2401 12 67 0.315
2401 12 55 0.2677
2411 12 66 0.3622
2411 12 54 0.3071
2421 12 63 0.3386
2421 12 51 0.2835
2431 9 60 0.3465
2431 9 48 0.2913
2441 12 66 0.3858
2441 12 54 0.3228
2451 12 63 0.3386
2451 12 51 0.2835
2461 12 60 0.3386
2461 12 48 0.2835
2471 12 58 0.3543
2471 12 46 0.2992
2481 12 57 0.3465
2481 12 45 0.2913
2490 9 56 0.3386
2490 9 44 0.2835
2500 12 55 0.3622
2500 12 43 0.3071
2510 12 56 0.3071
2510 12 44 0.2598
2520 12 57 0.3071
2520 12 45 0.2598
2530 12 53 0.3071
2530 12 41 0.2756
2540 12 54 0.3071
2540 12 42 0.2598
2550 9 56 0.3071
2550 9 44 0.2598
2560 12 52 0.3465
2560 12 40 0.2913
2570 12 53 0.2992
2570 12 41 0.252
2580 12 54 0.2913
2580 12 42 0.2441
2590 12 50 0.2992
2590 12 38 0.2362
2600 12 51 0.2835
2600 12 39 0.2362
2610 9 53 0.2835
2610 9 41 0.2362
2619 12 43 0.2992
2619 12 31 0.252
2629 12 44 0.2677
2629 12 32 0.2205
2639 12 46 0.2677
2639 12 34 0.2205
2649 12 48 0.2835
2649 12 36 0.2362
2659 12 49 0.2992
2659 12 37 0.252
2669 9 51 0.3071
2669 9 39 0.252
2679 12 53 0.3228
2679 12 41 0.2677
2689 12 54 0.315
2689 12 42 0.2677
2699 12 55 0.3228
2699 12 43 0.2677
2709 12 56 0.3307
2709 12 44 0.2913
2719 12 53 0.3228
2719 12 41 0.2677
2729 9 58 0.3228
2729 9 46 0.2677
2739 12 56 0.3622
2739 12 44 0.3071
2748 12 65 0.3858
2748 12 53 0.3228
2758 12 63 0.3701
2758 12 51 0.3071
2768 12 61 0.3858
2768 12 49 0.3228
2778 12 60 0.3622
2778 12 48 0.2992
2788 9 58 0.3622
2788 9 46 0.3071
2798 12 56 0.3543
2798 12 44 0.2992
2808 12 53 0.3386
2808 12 41 0.2835
2818 12 54 0.3386
2818 12 42 0.2835
2828 12 56 0.3386
2828 12 44 0.3071
2838 12 53 0.3622
2838 12 41 0.2992
2848 9 58 0.3543
2848 9 46 0.2992
2858 12 56 0.4016
2858 12 44 0.3386
2868 12 51 0.3465
2868 12 39 0.2913
2877 12 53 0.3465
2877 12 41 0.2913
2887 12 54 0.3543
2887 12 42 0.2992
2897 12 51 0.3386
2897 12 39 0.2835
2907 9 58 0.4173
2907 9 46 0.3543
2917 12 56 0.4016
2917 12 44 0.3386
2927 12 49 0.3622
2927 12 37 0.3071
2937 12 51 0.3701
2937 12 39 0.3071
2947 12 53 0.4016
2947 12 41 0.3386
2957 12 49 0.3701
2957 12 37 0.3071
2967 9 58 0.4173
2967 9 46 0.3543
2977 12 56 0.4016
2977 12 44 0.3386
2987 12 48 0.3465
2987 12 36 0.2913
2997 12 49 0.3465
2997 12 37 0.2913
3006 12 51 0.3622
3006 12 39 0.3071
3016 12 48 0.3386
3016 12 36 0.2835
3026 9 53 0.3937
3026 9 41 0.3307
3036 12 51 0.378
3036 12 39 0.315
3046 12 46 0.3622
3046 12 34 0.3071
3056 12 53 0.3701
3056 12 41 0.3071
3066 12 51 0.4016
3066 12 39 0.3386
3076 12 44 0.3701
3076 12 32 0.3071
3086 9 46 0.3701
3086 9 34 0.3071
3096 12 44 0.4016
3096 12 32 0.3386
3106 12 49 0.315
3106 12 37 0.2677
3116 12 51 0.3307
3116 12 39 0.2756
3126 12 53 0.3386
3126 12 41 0.2835
3136 12 54 0.3543
3136 12 42 0.2992
3145 9 56 0.3622
3145 9 44 0.3071
3155 12 58 0.378
3155 12 46 0.315
3165 12 60 0.4016
3165 12 48 0.3386
3175 12 61 0.378
3175 12 49 0.315
3185 12 63 0.4173
3185 12 51 0.3543
3195 12 65 0.3937
3195 12 53 0.3307
3205 9 66 0.4409
3205 9 54 0.3701
3215 12 68 0.4646
3215 12 56 0.3937
3225 12 77 0.4724
3225 12 65 0.4016
3235 12 75 0.4488
3235 12 63 0.378
3245 12 73 0.4409
3245 12 61 0.3701
3255 12 72 0.4252
3255 12 60 0.3543
3265 9 70 0.4252
3265 9 58 0.3543
3274 12 68 0.4409
3274 12 56 0.3701
3284 12 65 0.4016
3284 12 53 0.3386
3294 12 66 0.4016
3294 12 54 0.3386
3304 12 68 0.4094
3304 12 56 0.3465
3314 12 65 0.4016
3314 12 53 0.3386
3324 9 70 0.4016
3324 9 58 0.3386
3334 12 68 0.4409
3334 12 56 0.3701
3344 12 63 0.378
3344 12 51 0.315
3354 12 65 0.378
3354 12 53 0.315
3364 12 66 0.4173
3364 12 54 0.3543
3374 12 63 0.4016
3374 12 51 0.3386
3384 9 70 0.4016
3384 9 58 0.3386
3394 12 68 0.4094
3394 12 56 0.3465
3403 12 61 0.3622
3403 12 49 0.3071
3413 12 63 0.3622
3413 12 51 0.3071
3423 12 65 0.4016
3423 12 53 0.3386
3433 12 61 0.3858
3433 12 49 0.3228
3443 9 70 0.4409
3443 9 58 0.3701
3453 12 68 0.4094
3453 12 56 0.3465
3463 12 60 0.378
3463 12 48 0.315
3473 12 61 0.315
3473 12 49 0.2677
3483 12 63 0.378
3483 12 51 0.315
3493 12 60 0.3701
3493 12 48 0.3071
3503 9 65 0.3386
3503 9 53 0.2835
3513 12 63 0.4016
3513 12 51 0.3386
3523 12 58 0.3622
3523 12 46 0.3071
3532 12 65 0.3701
3532 12 53 0.3071
3542 12 63 0.3858
3542 12 51 0.3228
3552 12 56 0.378
3552 12 44 0.315
3562 9 65 0.3858
3562 9 53 0.3228
3572 12 66 0.4173
3572 12 54 0.3543
3582 12 65 0.3858
3582 12 53 0.3228
3592 12 63 0.4016
3592 12 51 0.3386
3602 12 61 0.3858
3602 12 49 0.3228
3612 12 60 0.378
3612 12 48 0.315
3622 9 58 0.3465
3622 9 46 0.2913
3632 19 57 0.4252
3632 19 45 0.3543
3642 12 65 0.3701
3642 12 53 0.3071
3652 12 60 0.3622
3652 12 48 0.3071
3661 12 63 0.3858
3661 12 51 0.3228
3671 12 61 0.3701
3671 12 49 0.3071
3681 9 58 0.3701
3681 9 46 0.3071
3691 19 57 0.4252
3691 19 45 0.3543
3701 12 65 0.3701
3701 12 53 0.3071
3711 12 60 0.3622
3711 12 48 0.3071
3721 12 63 0.3701
3721 12 51 0.3071
3731 12 61 0.3543
3731 12 49 0.2835
3741 9 58 0.3543
3741 9 46 0.2913
3751 19 57 0.4252
3751 19 45 0.3543
3761 12 65 0.3701
3761 12 53 0.3071
3771 12 60 0.3622
3771 12 48 0.3071
3781 12 63 0.3858
3781 12 51 0.3228
3790 12 61 0.3701
3790 12 49 0.3071
3800 9 58 0.3543
3800 9 46 0.2992
3810 12 68 0.4173
3810 12 56 0.3543
3820 12 67 0.3701
3820 12 55 0.3071
3830 12 65 0.3543
3830 12 53 0.2913
3840 12 63 0.3858
3840 12 51 0.3228
3850 12 62 0.3543
3850 12 50 0.2992
3860 9 60 0.3701
3860 9 48 0.3071
3870 19 59 0.3858
3870 19 47 0.3307
3880 12 67 0.3701
3880 12 55 0.3071
3890 12 62 0.3386
3890 12 50 0.2835
3900 12 65 0.3701
3900 12 53 0.3071
3910 12 63 0.3701
3910 12 51 0.3071
3920 9 60 0.3701
3920 9 48 0.3071
3929 19 59 0.3858
3929 19 47 0.3386
3939 12 67 0.3701
3939 12 55 0.3071
3949 12 62 0.3465
3949 12 50 0.2913
3959 12 65 0.4016
3959 12 53 0.3386
3969 12 63 0.3701
3969 12 51 0.3071
3979 9 60 0.3701
3979 9 48 0.3071
3989 19 59 0.4252
3989 19 47 0.3543
3999 12 67 0.3701
3999 12 55 0.3071
4009 12 62 0.3386
4009 12 50 0.2835
4019 12 65 0.4016
4019 12 53 0.3386
4029 12 63 0.3701
4029 12 51 0.3071
4039 9 60 0.3701
4039 9 48 0.3071
4049 12 73 0.5276
4049 12 61 0.4409
4058 12 72 0.4567
4058 12 60 0.3858
4068 12 70 0.4409
4068 12 58 0.3701
4078 12 68 0.4409
4078 12 56 0.3701
4088 12 67 0.4331
4088 12 55 0.3622
4098 9 65 0.4331
4098 9 53 0.3622
4108 12 70 0.4803
4108 12 58 0.4016
4118 12 64 0.4331
4118 12 52 0.3622
4128 12 67 0.4252
4128 12 55 0.3543
4138 12 61 0.4409
4138 12 49 0.3701
4148 12 64 0.4331
4148 12 52 0.3622
4158 9 60 0.4094
4158 9 48 0.3465
4168 12 73 0.5276
4168 12 61 0.4409
4178 12 72 0.4409
4178 12 60 0.3701
4187 12 70 0.4646
4187 12 58 0.3937
4197 12 68 0.4567
4197 12 56 0.3858
4207 12 67 0.4409
4207 12 55 0.3701
4217 9 65 0.4409
4217 9 53 0.3701
4227 12 70 0.4882
4227 12 58 0.4094
4237 12 64 0.4331
4237 12 52 0.3622
4247 9 67 0.4409
4247 9 55 0.3701
4257 12 61 0.4252
4257 12 49 0.3622
4267 12 64 0.4331
4267 12 52 0.3622
4277 9 60 0.4488
4277 9 48 0.3543
4287 12 70 0.4646
4287 12 58 0.3858
4297 12 64 0.4173
4297 12 52 0.3543
4307 12 67 0.4173
4307 12 55 0.3543
4316 12 61 0.4016
4316 12 49 0.3386
4326 12 64 0.378
4326 12 52 0.315
4336 9 60 0.378
4336 9 48 0.315
4346 12 67 0.4488
4346 12 55 0.378
4356 12 61 0.4016
4356 12 49 0.3386
4366 12 64 0.3858
4366 12 52 0.3307
4376 12 60 0.3937
4376 12 48 0.3228
4386 12 64 0.378
4386 12 52 0.315
4396 9 58 0.378
4396 9 46 0.315
4406 12 64 0.4646
4406 12 52 0.3937
4416 12 58 0.3937
4416 12 46 0.3307
4426 12 61 0.378
4426 12 49 0.3228
4436 12 57 0.4016
4436 12 45 0.3465
4445 12 58 0.3858
4445 12 46 0.3228
4455 9 56 0.3937
4455 9 44 0.3307
4465 12 61 0.4016
4465 12 49 0.3386
4475 12 56 0.378
4475 12 44 0.315
4485 12 58 0.378
4485 12 46 0.315
4495 12 55 0.3937
4495 12 43 0.3307
4505 12 58 0.378
4505 12 46 0.315
4515 9 54 0.3228
4515 9 42 0.2677
4525 12 53 0.4016
4525 12 41 0.3386
4535 12 55 0.3622
4535 12 43 0.3071
4545 12 58 0.3543
4545 12 46 0.2992
4555 12 61 0.3543
4555 12 49 0.3071
4565 12 52 0.3543
4565 12 40 0.2992
4574 9 55 0.3622
4574 9 43 0.3071
4584 12 53 0.4016
4584 12 41 0.3386
4594 12 55 0.3622
4594 12 43 0.3071
4604 12 58 0.3543
4604 12 46 0.2992
4614 12 61 0.3543
4614 12 49 0.3071
4624 12 52 0.3543
4624 12 40 0.2992
4634 8 55 0.3622
4634 8 43 0.3071
4644 12 55 0.4173
4644 12 43 0.3543
4654 12 57 0.3543
4654 12 45 0.2992
4664 12 60 0.3622
4664 12 48 0.3071
4674 12 63 0.3701
4674 12 51 0.3071
4684 12 54 0.3543
4684 12 42 0.2992
4694 9 57 0.378
4694 9 45 0.315
4704 12 55 0.4173
4704 12 43 0.3543
4713 12 57 0.3701
4713 12 45 0.3071
4723 12 60 0.3622
4723 12 48 0.3071
4733 12 63 0.3858
4733 12 51 0.3228
4743 12 54 0.378
4743 12 42 0.3307
4753 9 57 0.3622
4753 9 45 0.3071
4763 12 58 0.4331
4763 12 46 0.3622
4773 12 60 0.3701
4773 12 48 0.3071
4783 12 63 0.378
4783 12 51 0.315
4793 12 66 0.3858
4793 12 54 0.3228
4803 12 57 0.378
4803 12 45 0.315
4813 9 60 0.3543
4813 9 48 0.2992
4823 12 61 0.3937
4823 12 49 0.3307
4833 12 63 0.3858
4833 12 51 0.3228
4842 12 66 0.378
4842 12 54 0.315
4852 12 69 0.3858
4852 12 57 0.3307
4862 12 60 0.3858
4862 12 48 0.3228
4872 9 63 0.3937
4872 9 51 0.3307
4882 12 61 0.4331
4882 12 49 0.3622
4892 12 63 0.3858
4892 12 51 0.3228
4902 12 66 0.378
4902 12 54 0.315
4912 12 69 0.3937
4912 12 57 0.315
4922 12 60 0.3858
4922 12 48 0.3228
4932 9 63 0.3937
4932 9 51 0.3307
4942 12 66 0.4488
4942 12 54 0.3701
4952 12 70 0.4016
4952 12 58 0.3386
4962 12 72 0.4094
4962 12 60 0.3465
4971 12 75 0.4252
4971 12 63 0.3543
4981 12 65 0.4252
4981 12 53 0.3543
4991 9 69 0.4331
4991 9 57 0.3622
5001 12 70 0.5118
5001 12 58 0.4331
5011 12 73 0.4409
5011 12 61 0.3622
5021 12 78 0.4331
5021 12 66 0.3622
5031 12 77 0.4331
5031 12 65 0.378
5041 12 72 0.4252
5041 12 60 0.3543
5051 9 73 0.4331
5051 9 61 0.3622
5061 19 76 0.4882
5061 19 64 0.4094
5071 12 72 0.4488
5071 12 60 0.378
5081 12 73 0.4331
5081 12 61 0.3622
5091 19 69 0.4409
5091 19 57 0.3701
5100 12 70 0.4331
5100 12 58 0.3622
5110 9 66 0.4016
5110 9 54 0.3386
5120 19 64 0.4409
5120 19 52 0.3701
5130 12 65 0.4016
5130 12 53 0.3386
5140 9 70 0.4016
5140 9 58 0.3386
5150 19 68 0.4409
5150 19 56 0.3543
5160 12 69 0.4016
5160 12 57 0.3386
5170 9 73 0.4016
5170 9 61 0.3386
5180 19 69 0.4567
5180 19 57 0.378
5190 12 70 0.4331
5190 12 58 0.3622
5200 9 73 0.4409
5200 9 61 0.3701
5210 19 71 0.4646
5210 19 59 0.3937
5220 12 72 0.4409
5220 12 60 0.3701
5229 9 77 0.4173
5229 9 65 0.3465
5239 12 68 0.5118
5239 12 56 0.4331
5249 12 71 0.4646
5249 12 59 0.3937
5259 12 76 0.4409
5259 12 64 0.3701
5269 12 75 0.4882
5269 12 63 0.4094
5279 12 70 0.4567
5279 12 58 0.3858
5289 9 71 0.4252
5289 9 59 0.3386
5299 19 74 0.4882
5299 19 62 0.4094
5309 12 70 0.4409
5309 12 58 0.3701
5319 12 71 0.4173
5319 12 59 0.3543
5329 19 67 0.4567
5329 19 55 0.3858
5339 12 68 0.4016
5339 12 56 0.3386
5349 9 64 0.4016
5349 9 52 0.3386
5358 19 62 0.4409
5358 19 50 0.3701
5368 12 63 0.4016
5368 12 51 0.3386
5378 9 68 0.4016
5378 9 56 0.3386
5388 19 64 0.4409
5388 19 52 0.378
5398 12 65 0.4173
5398 12 53 0.3543
5408 9 71 0.4252
5408 9 59 0.3543
5418 19 65 0.4803
5418 19 53 0.3937
5428 12 66 0.4331
5428 12 54 0.3622
5438 9 71 0.4409
5438 9 59 0.3701
5448 19 69 0.5039
5448 19 57 0.4016
5458 12 70 0.4409
5458 12 58 0.3701
5468 9 75 0.4567
5468 9 63 0.3858
5478 12 73 0.5039
5478 12 61 0.4252
5488 12 72 0.4173
5488 12 60 0.3543
5497 12 71 0.3701
5497 12 59 0.3071
5507 12 70 0.4409
5507 12 58 0.3701
5517 12 69 0.4094
5517 12 57 0.3465
5527 9 77 0.4409
5527 9 65 0.3543
5537 12 75 0.5039
5537 12 63 0.4252
5547 12 74 0.4331
5547 12 62 0.3543
5557 12 73 0.4331
5557 12 61 0.3543
5567 12 72 0.4488
5567 12 60 0.378
5577 12 70 0.4252
5577 12 58 0.3543
5587 9 78 0.4567
5587 9 66 0.378
5597 12 77 0.5276
5597 12 65 0.4409
5607 12 75 0.4646
5607 12 63 0.3937
5617 12 74 0.4409
5617 12 62 0.3701
5626 12 73 0.4724
5626 12 61 0.4016
5636 12 72 0.4567
5636 12 60 0.3858
5646 9 81 0.4961
5646 9 69 0.4173
5656 19 72 0.5354
5656 19 60 0.4488
5666 12 73 0.4882
5666 12 61 0.4094
5676 9 82 0.4882
5676 9 70 0.4094
5686 19 74 0.5591
5686 19 62 0.4724
5696 12 75 0.4882
5696 12 63 0.4094
5706 9 82 0.5276
5706 9 70 0.4409
5716 12 84 0.5669
5716 12 72 0.4803
5726 12 82 0.4724
5726 12 70 0.4016
5736 12 80 0.4409
5736 12 68 0.3701
5746 12 78 0.4882
5746 12 66 0.4094
5755 12 77 0.4724
5755 12 65 0.3858
5765 9 76 0.4724
5765 9 64 0.3858
5775 12 84 0.5669
5775 12 72 0.4803
5785 12 82 0.4882
5785 12 70 0.4094
5795 12 80 0.4646
5795 12 68 0.3701
5805 12 78 0.4961
5805 12 66 0.4173
5815 12 77 0.4646
5815 12 65 0.378
5825 9 76 0.4567
5825 9 64 0.3858
5835 12 78 0.5276
5835 12 66 0.4409
5845 12 77 0.4567
5845 12 65 0.378
5855 12 76 0.4409
5855 12 64 0.3701
5865 12 75 0.4724
5865 12 63 0.4016
5875 12 74 0.4409
5875 12 62 0.3701
5884 9 73 0.4331
5884 9 61 0.3622
5894 12 75 0.4567
5894 12 63 0.3858
5904 12 71 0.4252
5904 12 59 0.3543
5914 12 72 0.3937
5914 12 60 0.3307
5924 12 73 0.4016
5924 12 61 0.3386
5934 12 69 0.3701
5934 12 57 0.315
5944 9 70 0.3937
5944 9 58 0.3307
5954 19 72 0.4173
5954 19 60 0.3543
5964 12 67 0.3543
5964 12 55 0.2913
5974 12 68 0.3543
5974 12 56 0.2992
5984 19 71 0.3622
5984 19 59 0.3071
5994 12 66 0.3307
5994 12 54 0.2756
6004 9 75 0.3071
6004 9 63 0.2441
6013 19 70 0.3622
6013 19 58 0.3071
6023 12 65 0.3307
6023 12 53 0.2756
6033 12 66 0.3543
6033 12 54 0.2913
6043 19 69 0.3386
6043 19 57 0.3071
6053 12 64 0.3228
6053 12 52 0.2677
6063 9 73 0.3071
6063 9 61 0.252
6073 19 68 0.4016
6073 19 56 0.3386
6083 12 63 0.3465
6083 12 51 0.2835
6093 12 64 0.3465
6093 12 52 0.2835
6103 19 67 0.3386
6103 19 55 0.2913
6113 12 62 0.3228
6113 12 50 0.2677
6123 9 71 0.3228
6123 9 59 0.2441
6133 19 66 0.3701
6133 19 54 0.3071
6142 12 61 0.315
6142 12 49 0.2677
6152 12 62 0.315
6152 12 50 0.2677
6162 19 65 0.3465
6162 19 53 0.2835
6172 12 60 0.2992
6172 12 48 0.252
6182 9 69 0.315
6182 9 57 0.252
6192 19 74 0.3858
6192 19 62 0.3228
6202 12 69 0.3307
6202 12 57 0.2756
6212 12 70 0.3543
6212 12 58 0.2992
6222 19 73 0.378
6222 19 61 0.3228
6232 12 68 0.3307
6232 12 56 0.2756
6242 9 77 0.3071
6242 9 65 0.2362
6252 19 72 0.3701
6252 19 60 0.315
6262 12 67 0.3307
6262 12 55 0.2756
6272 12 68 0.3307
6272 12 56 0.2756
6281 19 71 0.3465
6281 19 59 0.2835
6291 12 66 0.3386
6291 12 54 0.2756
6301 9 75 0.3071
6301 9 63 0.252
6311 19 70 0.3701
6311 19 58 0.3071
6321 12 65 0.3071
6321 12 53 0.2598
6331 12 66 0.3228
6331 12 54 0.2677
6341 19 69 0.3228
6341 19 57 0.2756
6351 12 64 0.3071
6351 12 52 0.252
6361 9 73 0.3071
6361 9 61 0.252
6371 19 68 0.3465
6371 19 56 0.2913
6381 12 63 0.3071
6381 12 51 0.2598
6391 12 64 0.3228
6391 12 52 0.2677
6401 19 67 0.3307
6401 19 55 0.2835
6410 12 62 0.3071
6410 12 50 0.2598
6420 9 71 0.3386
6420 9 59 0.2756
6430 19 76 0.4173
6430 19 64 0.3543
6440 12 71 0.3071
6440 12 59 0.2598
6450 12 72 0.3543
6450 12 60 0.2992
6460 19 75 0.3543
6460 19 63 0.2992
6470 12 70 0.3071
6470 12 58 0.252
6480 9 79 0.3307
6480 9 67 0.2835
6490 19 74 0.4016
6490 19 62 0.315
6500 12 69 0.2992
6500 12 57 0.252
6510 12 70 0.3307
6510 12 58 0.2756
6520 19 73 0.3386
6520 19 61 0.2756
6530 12 68 0.2992
6530 12 56 0.252
6539 9 77 0.3071
6539 9 65 0.252
6549 19 72 0.3858
6549 19 60 0.3228
6559 12 67 0.2992
6559 12 55 0.252
6569 12 68 0.3071
6569 12 56 0.2598
6579 19 71 0.3071
6579 19 59 0.2677
6589 12 66 0.2835
6589 12 54 0.2441
6599 9 75 0.2913
6599 9 63 0.2441
6609 19 70 0.3701
6609 19 58 0.3071
6619 12 65 0.2835
6619 12 53 0.2441
6629 12 75 0.3071
6629 12 63 0.2598
6639 19 70 0.3228
6639 19 58 0.2677
6649 12 65 0.2677
6649 12 53 0.2283
6659 9 73 0.3071
6659 9 61 0.252
6668 12 66 0.3858
6668 12 54 0.3228
6678 12 65 0.3307
6678 12 53 0.2756
6688 12 64 0.3071
6688 12 52 0.2598
6698 12 63 0.3386
6698 12 51 0.2835
6708 12 61 0.3386
6708 12 49 0.2756
6718 9 60 0.3307
6718 9 48 0.2756
6728 12 66 0.3858
6728 12 54 0.3228
6738 12 65 0.3307
6738 12 53 0.2756
6748 12 63 0.3307
6748 12 51 0.2756
6758 12 61 0.3543
6758 12 49 0.2992
6768 12 60 0.3465
6768 12 48 0.2913
6778 9 58 0.3307
6778 9 46 0.2756
6788 12 66 0.3858
6788 12 54 0.3228
6797 12 65 0.3543
6797 12 53 0.2992
6807 12 63 0.3307
6807 12 51 0.2756
6817 12 61 0.3543
6817 12 49 0.2992
6827 12 60 0.3465
6827 12 48 0.2913
6837 9 59 0.3307
6837 9 47 0.2756
6847 12 66 0.3858
6847 12 54 0.3228
6857 12 65 0.3543
6857 12 53 0.2992
6867 12 63 0.3307
6867 12 51 0.2756
6877 12 61 0.3543
6877 12 49 0.2992
6887 12 59 0.3465
6887 12 47 0.2913
6897 9 58 0.3307
6897 9 46 0.2756
6907 12 57 0.3543
6907 12 45 0.2992
6917 12 58 0.3386
6917 12 46 0.2835
6926 12 60 0.3386
6926 12 48 0.2835
6936 12 63 0.3465
6936 12 51 0.2756
6946 12 61 0.3228
6946 12 49 0.2677
6956 9 57 0.315
6956 9 45 0.2677
6966 12 60 0.3543
6966 12 48 0.2992
6976 12 58 0.315
6976 12 46 0.2677
6986 12 53 0.315
6986 12 41 0.2677
6996 12 56 0.3228
6996 12 44 0.2677
7006 12 54 0.315
7006 12 42 0.2677
7016 9 53 0.315
7016 9 41 0.2677
7026 12 51 0.3543
7026 12 39 0.2992
7036 12 53 0.3386
7036 12 41 0.2835
7046 12 54 0.3386
7046 12 42 0.2835
7056 12 58 0.3465
7056 12 46 0.2835
7065 12 56 0.3228
7065 12 44 0.2677
7075 9 54 0.315
7075 9 42 0.2677
7085 12 53 0.3465
7085 12 41 0.2913
7095 12 49 0.315
7095 12 37 0.2677
7105 12 51 0.315
7105 12 39 0.2677
7115 12 53 0.3386
7115 12 41 0.2835
7125 12 52 0.315
7125 12 40 0.2677
7135 9 53 0.315
7135 9 41 0.2677
7145 12 54 0.3465
7145 12 42 0.2913
7155 12 53 0.3071
7155 12 41 0.2598
7165 12 52 0.3071
7165 12 40 0.2598
7175 12 51 0.3071
7175 12 39 0.2598
7185 12 49 0.2835
7185 12 37 0.2362
7194 9 48 0.2913
7194 9 36 0.2441
7204 12 54 0.3465
7204 12 42 0.2913
7214 12 53 0.3071
7214 12 41 0.2598
7224 12 51 0.3071
7224 12 39 0.2598
7234 12 49 0.3071
7234 12 37 0.2598
7244 12 48 0.2835
7244 12 36 0.2362
7254 9 46 0.2913
7254 9 34 0.2441
7264 12 54 0.3465
7264 12 42 0.2913
7274 12 53 0.3071
7274 12 41 0.2598
7284 12 51 0.3071
7284 12 39 0.2598
7294 12 49 0.3071
7294 12 37 0.2598
7304 12 48 0.2835
7304 12 36 0.2362
7314 9 47 0.2913
7314 9 35 0.2441
7323 12 54 0.3465
7323 12 42 0.2913
7333 12 53 0.3071
7333 12 41 0.2598
7343 12 51 0.3071
7343 12 39 0.2598
7353 12 49 0.3071
7353 12 37 0.2598
7363 12 47 0.2835
7363 12 35 0.2362
7373 9 46 0.2913
7373 9 34 0.2441
7383 12 45 0.3228
7383 12 33 0.2677
7393 12 46 0.2835
7393 12 34 0.2362
7403 12 47 0.2913
7403 12 35 0.2441
7413 12 49 0.3543
7413 12 37 0.2992
7423 12 51 0.3071
7423 12 39 0.2598
7433 9 53 0.315
7433 9 41 0.2677
7443 12 54 0.3858
7443 12 42 0.3228
7452 12 56 0.3543
7452 12 44 0.2992
7462 12 58 0.3622
7462 12 46 0.3071
7472 12 59 0.4252
7472 12 47 0.3543
7482 12 61 0.4016
7482 12 49 0.3386
7492 9 63 0.4016
7492 9 51 0.3386
7502 12 65 0.4567
7502 12 53 0.3858
7512 12 64 0.4173
7512 12 52 0.3543
7522 12 61 0.3622
7522 12 49 0.3071
7532 12 60 0.3937
7532 12 48 0.315
7542 12 58 0.3858
7542 12 46 0.3228
7552 9 54 0.3465
7552 9 42 0.2913
7562 12 53 0.3858
7562 12 41 0.3228
7572 12 52 0.3386
7572 12 40 0.2835
7581 12 49 0.3071
7581 12 37 0.2598
7591 12 48 0.3386
7591 12 36 0.2835
7601 12 46 0.2835
7601 12 34 0.2362
7611 9 42 0.2677
7611 9 30 0.2362
7621 19 41 0.3071
7621 19 29 0.2598
7631 12 46 0.2598
7631 12 34 0.2205
7641 12 44 0.2598
7641 12 32 0.2205
7651 19 45 0.2835
7651 19 33 0.2283
7661 12 49 0.2677
7661 12 37 0.2205
7671 9 45 0.2677
7671 9 33 0.2205
7681 19 46 0.3228
7681 19 34 0.2677
7691 12 51 0.2913
7691 12 39 0.2441
7701 12 47 0.2913
7701 12 35 0.2441
7710 19 48 0.3071
7710 19 36 0.2835
7720 12 53 0.3071
7720 12 41 0.2598
7730 9 48 0.3071
7730 9 36 0.2598
7740 19 49 0.3386
7740 19 37 0.2835
7750 12 54 0.3071
7750 12 42 0.2598
7760 12 50 0.3071
7760 12 38 0.2598
7770 19 51 0.3228
7770 19 39 0.2677
7780 12 57 0.3071
7780 12 45 0.2598
7790 9 53 0.3071
7790 9 41 0.2598
7800 19 54 0.3622
7800 19 42 0.2677
7810 12 61 0.315
7810 12 49 0.2677
7820 12 57 0.3071
7820 12 45 0.2598
7830 19 60 0.315
7830 19 48 0.2677
7840 12 66 0.3307
7840 12 54 0.2756
7849 9 65 0.315
7849 9 53 0.2677
7859 19 57 0.3543
7859 19 45 0.2992
7869 12 61 0.3071
7869 12 49 0.2598
7879 12 57 0.3228
7879 12 45 0.2677
7889 19 60 0.3307
7889 19 48 0.2835
7899 12 66 0.3386
7899 12 54 0.2835
7909 9 65 0.3386
7909 9 53 0.2835
7919 19 57 0.3543
7919 19 45 0.2992
7929 12 61 0.3071
7929 12 49 0.2598
7939 12 57 0.3228
7939 12 45 0.2677
7949 19 60 0.3386
7949 19 48 0.2677
7959 12 66 0.3386
7959 12 54 0.2835
7969 9 65 0.3386
7969 9 53 0.2835
7978 19 60 0.3701
7978 19 48 0.3071
7988 12 66 0.3386
7988 12 54 0.2835
7998 12 65 0.315
7998 12 53 0.2677
8008 19 60 0.3228
8008 19 48 0.2677
8018 12 66 0.3386
8018 12 54 0.2835
8028 9 65 0.315
8028 9 53 0.2677
8038 19 60 0.3543
8038 19 48 0.2992
8048 12 66 0.3386
8048 12 54 0.2835
8058 12 65 0.315
8058 12 53 0.2677
8068 19 58 0.3465
8068 19 46 0.2913
8078 12 66 0.3386
8078 12 54 0.2835
8088 9 65 0.3386
8088 9 53 0.2835
8098 19 61 0.3543
8098 19 49 0.2992
8107 12 53 0.2835
8107 12 41 0.2362
8117 12 63 0.3071
8117 12 51 0.2598
8127 12 65 0.3071
8127 12 53 0.2677
8137 12 63 0.315
8137 12 51 0.2677
8147 9 61 0.315
8147 9 49 0.2677
8157 12 58 0.3465
8157 12 46 0.2913
8167 12 53 0.3071
8167 12 41 0.2598
8177 12 60 0.3071
8177 12 48 0.2598
8187 12 61 0.315
8187 12 49 0.2677
8197 12 60 0.3071
8197 12 48 0.2598
8207 9 58 0.315
8207 9 46 0.2677
8217 12 61 0.3543
8217 12 49 0.2992
8227 12 53 0.3071
8227 12 41 0.2598
8236 12 63 0.3071
8236 12 51 0.2598
8246 12 65 0.3228
8246 12 53 0.2677
8256 12 63 0.315
8256 12 51 0.2677
8266 9 61 0.315
8266 9 49 0.2677
8276 12 58 0.3465
8276 12 46 0.2913
8286 12 53 0.3071
8286 12 41 0.2598
8296 12 60 0.3071
8296 12 48 0.2598
8306 12 61 0.315
8306 12 49 0.2913
8316 12 60 0.315
8316 12 48 0.2677
8326 9 58 0.315
8326 9 46 0.2677
8336 12 51 0.3465
8336 12 39 0.2913
8346 12 53 0.3071
8346 12 41 0.2598
8356 12 58 0.2677
8356 12 46 0.2205
8365 12 61 0.2913
8365 9 49 0.2283
8375 12 49 0.2756
8375 12 37 0.2283
8385 9 53 0.2756
8385 9 41 0.2283
8395 12 51 0.3465
8395 12 39 0.2913
8405 12 53 0.3071
8405 12 41 0.2598
8415 12 58 0.2677
8415 12 46 0.2205
8425 12 61 0.2835
8425 9 49 0.2362
8435 12 49 0.2756
8435 12 37 0.2283
8445 9 53 0.2756
8445 9 41 0.2283
8455 12 48 0.3465
8455 12 36 0.2913
8465 12 49 0.3071
8465 12 37 0.2598
8475 12 53 0.2677
8475 12 41 0.2205
8485 12 58 0.2835
8485 9 46 0.2362
8495 12 46 0.2756
8495 12 34 0.2283
8504 9 49 0.2756
8504 9 37 0.2283
8514 12 48 0.3465
8514 12 36 0.2913
8524 12 49 0.3071
8524 12 37 0.2598
8534 12 53 0.2677
8534 12 41 0.2205
8544 12 58 0.2835
8544 9 46 0.2362
8554 12 46 0.2756
8554 12 34 0.2283
8564 9 49 0.2756
8564 9 37 0.2283
8633 12 48 0.3465
8633 12 36 0.2913
8643 12 49 0.3071
8643 12 37 0.2598
8653 12 53 0.2677
8653 12 41 0.2205
8663 12 58 0.2756
8663 9 46 0.2283
8673 12 46 0.2756
8673 12 34 0.2283
8683 9 49 0.2756
8683 9 37 0.2283
8753 12 48 0.4488
8753 12 36 0.378
8762 12 49 0.4016
8762 12 37 0.3386
8772 12 53 0.3622
8772 12 41 0.3071
8782 12 58 0.3701
8782 9 46 0.315
8792 12 46 0.378
8792 12 34 0.315
8802 9 49 0.3858
8802 9 37 0.3228
8812 29 46 0.7874
8812 29 34 0.6142
8872 59 94 0.7795
8872 59 82 0.6535
8872 59 53 0.5197
8872 59 65 0.622
8872 59 61 0.5197
8872 59 58 0.5197
