100 99 63 0.5197
100 99 58 0.4409
100 99 55 0.4409
201 99 58 0.4803
201 99 62 0.5669
302 99 57 0.4488
302 99 60 0.5354
403 99 58 0.4646
403 99 62 0.5512
504 99 58 0.6378
504 99 55 0.5354
605 99 60 0.6457
605 99 56 0.5433
705 99 56 0.5512
705 99 62 0.6535
806 99 55 0.5984
806 99 63 0.6772
957 8 67 0.3937
966 8 70 0.3465
974 8 75 0.3465
983 8 70 0.4252
991 8 67 0.4016
1000 8 70 0.4094
1008 8 75 0.4803
1016 8 79 0.4488
1025 8 82 0.4803
1033 8 87 0.5276
1042 8 91 0.4567
1050 8 94 0.4173
1058 50 99 0.4724
1109 99 63 0.4646
1109 99 60 0.5433
1210 99 63 0.5827
1210 99 60 0.4882
1310 99 58 0.5906
1411 99 53 0.4803
1411 99 58 0.5748
1512 99 51 0.5197
1512 99 55 0.6063
1613 99 58 0.6378
1613 99 55 0.5354
1714 99 56 0.5354
1714 99 53 0.4488
1815 99 51 0.4803
1815 99 55 0.5748
1966 8 67 0.3937
1974 8 72 0.3465
1983 8 75 0.3465
1991 8 72 0.4252
2000 8 67 0.4016
2008 8 72 0.4094
2016 8 75 0.4803
2025 8 79 0.4488
2033 8 84 0.4803
2042 6 87 0.5276
2048 6 91 0.4646
2054 6 96 0.4409
2060 6 99 0.4331
2067 50 103 0.4961
2117 99 55 0.5197
2117 99 51 0.4331
2218 99 60 0.5827
2218 99 56 0.4882
2319 99 60 0.5669
2319 99 56 0.4803
2420 99 58 0.622
2521 99 56 0.5433
2521 99 62 0.6457
2621 99 63 0.6772
2621 99 55 0.5827
2722 99 60 0.5984
2722 99 57 0.4803
2823 99 58 0.5984
2949 8 62 0.3071
2957 8 65 0.2756
2966 8 70 0.2756
2974 8 74 0.3937
2983 8 77 0.3465
2991 8 82 0.3465
3000 8 77 0.4488
3008 8 74 0.4252
3016 8 77 0.4252
3025 8 82 0.5276
3033 8 86 0.4961
3042 8 89 0.4803
3050 25 94 0.4488
3075 99 63 0.6299
3075 99 60 0.5276
3176 99 62 0.6693
3176 99 58 0.5669
3277 99 60 0.6693
3277 99 56 0.5591
3378 99 55 0.5984
3378 99 58 0.7008
3478 99 55 0.6693
3579 50 53 0.4567
3579 50 56 0.5433
3630 50 55 0.4961
3680 99 53 0.4724
3680 99 50 0.3937
3781 99 51 0.5276
3932 8 67 0.3937
3941 8 70 0.3465
3949 8 75 0.3465
3957 8 70 0.4252
3966 8 67 0.4016
3974 8 70 0.4094
3983 8 75 0.4803
3991 8 79 0.4488
4000 8 82 0.4803
4008 8 87 0.5276
4016 8 91 0.4567
4025 8 94 0.4173
4033 50 99 0.4724
4134 36 67 0.4724
4172 11 67 0.4252
4184 63 67 0.4724
4247 12 66 0.4016
4260 12 67 0.4409
4273 12 69 0.4016
4285 12 71 0.4724
4298 12 70 0.4409
4310 12 71 0.4252
4323 12 72 0.4646
4336 25 74 0.5039
4436 37 67 0.5197
4474 12 67 0.4567
4487 63 67 0.5354
4550 12 66 0.4409
4563 12 67 0.4882
4575 12 71 0.4646
4588 12 72 0.5433
4600 12 71 0.4567
4613 12 72 0.5276
4626 12 74 0.5039
4638 25 75 0.5827
4739 37 72 0.5591
4777 12 72 0.5118
4789 63 70 0.5591
4852 12 69 0.4488
4865 12 70 0.5118
4878 12 72 0.4724
4890 12 74 0.5512
4903 12 73 0.4724
4915 12 74 0.5118
4928 12 75 0.5433
4941 63 77 0.5827
5004 12 76 0.4409
5016 12 77 0.4803
5029 12 79 0.4882
5042 12 80 0.5039
5054 12 79 0.4409
5067 12 80 0.4882
5079 12 81 0.4567
5092 12 82 0.5354
5105 12 81 0.4646
5117 12 82 0.4961
5130 12 84 0.4646
5142 12 86 0.5748
5155 12 85 0.4803
5168 12 86 0.5197
5180 12 87 0.4882
5193 12 89 0.5669
5205 12 88 0.4803
5218 12 89 0.5039
5231 12 91 0.5197
5243 12 92 0.5827
5256 12 91 0.5039
5268 12 92 0.5276
5281 12 93 0.4882
5294 12 94 0.5827
5306 12 93 0.5197
5319 12 94 0.5354
5331 12 96 0.5433
5344 12 98 0.5669
5357 12 99 0.5748
5369 12 101 0.5984
5382 12 103 0.6063
5394 12 104 0.622
5407 12 101 0.6142
5420 12 98 0.5984
5432 12 94 0.5906
5445 8 92 0.5748
5453 8 89 0.5591
5462 8 86 0.5512
5470 8 82 0.5354
5478 8 80 0.5276
5487 8 77 0.5118
5495 5 74 0.4961
5501 5 70 0.4803
5507 5 68 0.4961
5512 5 65 0.5197
5518 5 62 0.5354
5523 5 58 0.5433
5529 5 56 0.5669
5535 5 53 0.5827
5540 5 50 0.5984
5640 5 68 0.5748
5640 5 63 0.4882
5640 5 65 0.4882
5647 25 68 0.6299
5647 25 63 0.5354
5647 25 65 0.5354
5697 25 68 0.6142
5697 25 62 0.5197
5697 25 65 0.5197
5792 5 77 0.4882
5792 5 75 0.4882
5792 5 80 0.5748
5798 25 80 0.6299
5798 25 77 0.5354
5798 25 75 0.5354
5848 25 80 0.6142
5848 25 74 0.5197
5848 25 77 0.5197
5899 58 96 0.7323
5957 8 94 0.6614
5966 8 92 0.6457
5974 8 89 0.7008
5983 8 86 0.6299
5991 8 82 0.6299
6000 8 81 0.6693
6008 8 82 0.6063
6016 8 80 0.6142
6025 8 77 0.6378
6033 8 74 0.622
6042 8 70 0.6063
6050 8 68 0.5906
6058 8 65 0.5827
6067 8 62 0.5669
6075 12 58 0.6299
6170 5 54 0.2992
6170 5 59 0.3543
6176 25 54 0.3386
6176 25 59 0.4016
6226 151 54 0.3858
6226 151 60 0.4567
6378 151 58 0.2913
6378 151 62 0.3465
6378 151 56 0.2913
6529 25 55 0.2913
6529 25 58 0.2913
6529 25 63 0.3465
6831 37 70 0.3465
6831 37 67 0.3465
6869 12 68 0.3228
6869 12 72 0.3228
6882 25 67 0.3543
6882 25 70 0.3543
6907 25 63 0.2913
6907 75 67 0.2913
6983 37 67 0.3465
6983 37 70 0.3465
7021 12 68 0.3228
7021 12 72 0.3228
7033 25 67 0.3543
7033 25 70 0.3543
7058 25 63 0.2913
7058 75 67 0.2913
7128 6 65 0.2913
7131 53 68 0.3307
7134 50 77 0.3622
7184 18 77 0.4016
7184 25 68 0.4016
7203 5 74 0.3858
7210 75 68 0.3465
7210 75 74 0.3465
7279 6 63 0.2913
7282 53 67 0.3307
7285 50 75 0.3622
7336 18 75 0.4016
7336 25 67 0.4016
7355 5 70 0.3858
7361 75 70 0.3465
7361 75 67 0.3465
7436 49 68 0.3465
7436 49 72 0.3465
7487 22 72 0.3701
7487 25 68 0.3701
7509 40 72 0.4094
7512 37 75 0.4409
7550 12 70 0.3937
7550 12 74 0.3937
7563 25 68 0.3543
7563 25 72 0.3543
7588 37 67 0.3465
7588 37 70 0.3465
7626 12 68 0.3228
7626 12 72 0.3228
7638 25 67 0.3543
7638 25 70 0.3543
7663 25 63 0.2913
7663 75 67 0.2913
7739 49 72 0.3465
7739 49 68 0.3465
7789 25 68 0.3701
7789 22 72 0.3701
7811 40 72 0.4094
7815 37 75 0.4409
7852 12 70 0.3937
7852 12 74 0.3937
7865 25 72 0.3543
7865 25 68 0.3543
7890 37 70 0.3465
7890 37 67 0.3465
7928 12 72 0.3228
7928 12 68 0.3228
7941 24 70 0.3543
7941 24 67 0.3543
7966 75 67 0.2913
7966 25 63 0.2913
8035 6 65 0.3465
8038 53 70 0.3465
8042 50 77 0.3465
8092 22 77 0.4016
8111 6 68 0.4094
8114 40 70 0.4646
8117 37 80 0.4646
8155 12 77 0.4094
8168 25 74 0.3701
8190 78 67 0.3465
8193 75 75 0.3465
8268 75 70 0.3228
8268 75 79 0.3228
8338 6 63 0.3465
8341 53 67 0.3465
8344 37 75 0.3465
8382 12 70 0.4016
8394 22 67 0.3465
8413 6 62 0.4094
8420 37 70 0.4331
8457 12 68 0.3701
8470 25 65 0.3307
8495 126 63 0.3071
8637 3 65 0.2992
8640 44 70 0.3307
8643 40 74 0.3543
8647 37 77 0.378
8684 12 79 0.3228
8697 25 77 0.3543
8716 75 65 0.315
8719 72 70 0.3465
8722 69 74 0.3701
8788 3 65 0.2992
8792 44 69 0.3307
8795 40 75 0.3543
8798 37 77 0.378
8836 12 79 0.3228
8848 25 77 0.3543
8867 75 65 0.315
8870 78 69 0.3465
8873 75 72 0.3701
8940 9 65 0.2992
8943 3 70 0.3307
8946 40 74 0.2992
8949 37 77 0.378
8987 12 73 0.315
8987 12 76 0.378
9000 25 74 0.3622
9000 25 77 0.4331
9025 37 75 0.4409
9025 37 79 0.5197
9063 12 74 0.3701
9063 12 77 0.4409
9075 25 75 0.4724
9075 25 72 0.4016
9100 75 70 0.4252
9100 50 74 0.5039
9151 25 77 0.4646
9176 66 69 0.3701
9176 66 72 0.4409
9242 3 65 0.3228
9245 44 70 0.3622
9248 40 74 0.3858
9252 37 77 0.4094
9289 12 79 0.3543
9302 25 77 0.3858
9321 75 65 0.3465
9324 72 70 0.378
9327 69 74 0.4016
9393 3 69 0.3701
9397 44 74 0.4094
9400 40 78 0.4409
9403 37 81 0.4724
9441 12 83 0.4331
9453 25 81 0.4409
9472 81 69 0.3937
9475 78 74 0.4331
9478 75 78 0.4646
9548 44 69 0.4094
9551 40 73 0.3701
9554 37 81 0.4724
9592 11 81 0.4882
9592 11 73 0.4094
9592 11 76 0.4094
9605 23 81 0.5748
9605 23 74 0.4724
9605 23 78 0.4724
9630 35 79 0.5512
9630 35 76 0.4961
9630 35 81 0.6142
9655 23 76 0.4803
9655 23 81 0.5669
9655 23 78 0.4803
9680 23 73 0.5276
9680 23 76 0.5276
9680 23 81 0.6299
9705 3 86 0.4252
9709 3 87 0.3622
9712 3 86 0.4252
9715 3 87 0.3622
9718 3 86 0.4252
9721 3 87 0.378
9724 3 86 0.4252
9727 3 87 0.3701
9731 3 86 0.4331
9734 3 87 0.378
9737 3 86 0.4409
9740 3 87 0.3701
9743 3 86 0.4409
9746 3 87 0.3701
9750 3 86 0.4488
9753 3 87 0.3937
9756 3 86 0.4488
9759 3 87 0.3858
9762 3 86 0.4567
9765 3 87 0.3937
9768 3 86 0.4646
9772 3 87 0.4016
9775 3 86 0.4646
9778 3 87 0.3937
9781 3 86 0.4724
9784 3 87 0.4094
9787 3 86 0.4724
9790 3 87 0.4173
9794 3 86 0.4803
9797 3 87 0.4173
9800 3 86 0.4882
9803 3 87 0.4252
9806 3 86 0.4882
9809 3 87 0.4331
9813 3 86 0.4961
9816 3 87 0.4252
9819 3 86 0.4961
9822 3 87 0.4252
9825 3 86 0.4961
9828 3 87 0.4331
9831 3 86 0.5039
9835 3 87 0.4567
9838 3 86 0.5039
9841 3 87 0.4488
9844 3 86 0.5118
9847 3 87 0.4646
9850 3 86 0.5118
9853 3 87 0.4488
9857 3 86 0.5276
9860 3 87 0.4567
9863 3 86 0.5276
9866 3 87 0.4488
9869 3 86 0.5197
9872 3 87 0.4488
9876 3 86 0.5118
9879 3 87 0.4409
9882 3 86 0.5118
9885 3 87 0.4488
9888 3 86 0.5118
9891 3 87 0.4331
9894 3 86 0.5039
9898 3 87 0.4331
9901 3 86 0.5039
9904 3 87 0.4331
9907 3 86 0.4961
9910 3 87 0.4252
9913 3 86 0.4961
9917 3 87 0.4252
9920 3 86 0.4961
9923 3 87 0.4252
9926 3 86 0.4961
9929 3 87 0.4173
9932 3 86 0.4882
9935 3 87 0.4252
9939 3 86 0.4882
9942 3 87 0.4331
9945 3 86 0.4882
9948 3 87 0.4252
9951 3 86 0.4803
9954 3 87 0.4252
9957 3 86 0.4724
9961 3 87 0.4173
9964 3 86 0.4724
9967 3 87 0.4173
9970 3 86 0.4724
9973 3 87 0.4173
9976 3 86 0.4646
9980 3 87 0.4173
9983 4 86 0.4252
9987 4 87 0.4331
9991 4 86 0.4646
9995 6 85 0.5827
10002 6 86 0.6378
10008 84 98 0.748
10092 8 96 0.5118
10100 8 91 0.5118
10109 8 94 0.5512
10117 8 92 0.5039
10126 8 88 0.5512
10134 8 91 0.5512
10142 8 89 0.4961
10151 8 85 0.4961
10159 8 87 0.5512
10168 8 86 0.4882
10176 8 81 0.4882
10184 8 84 0.5512
10193 8 82 0.4961
10201 8 79 0.4882
10210 8 82 0.4961
10218 8 80 0.4488
10226 8 76 0.4409
10235 8 79 0.4882
10243 8 77 0.4252
10252 8 73 0.4252
10260 8 75 0.4567
10268 8 74 0.3465
10277 8 69 0.3465
10285 25 72 0.3858
10310 25 71 0.3307
10336 18 70 0.315
10361 100 70 0.5276
10373 12 75 0.4409
10386 12 79 0.4724
10399 12 82 0.4252
10411 12 79 0.4882
10424 12 82 0.4173
10436 12 79 0.4567
10449 12 75 0.4016
10462 100 72 0.5118
10474 12 75 0.4173
10487 12 80 0.4488
10500 12 84 0.4094
10512 12 80 0.4488
10525 12 84 0.4173
10537 12 80 0.4567
10550 12 75 0.4173
10563 75 70 0.5354
10575 12 75 0.4173
10588 12 79 0.4488
10600 12 82 0.4173
10613 12 79 0.4488
10626 12 75 0.4016
10638 25 68 0.4803
10651 12 80 0.4016
10663 50 67 0.4882
10676 12 70 0.4173
10689 12 75 0.4646
10701 12 79 0.4094
10714 50 68 0.4803
10726 12 70 0.4094
10739 12 75 0.4646
10752 12 80 0.4882
10764 100 70 0.5276
10777 12 75 0.4409
10789 12 79 0.4724
10802 12 82 0.4252
10815 12 79 0.4882
10827 12 82 0.4173
10840 12 79 0.4567
10852 12 75 0.4016
10865 100 72 0.5118
10878 12 75 0.4173
10890 12 80 0.4488
10903 12 84 0.4094
10915 12 80 0.4488
10928 12 84 0.4173
10941 12 80 0.4567
10953 12 75 0.4173
10966 75 70 0.5354
10978 12 75 0.4173
10991 12 79 0.4488
11004 12 82 0.4173
11016 12 79 0.4488
11029 12 75 0.4016
11042 25 68 0.4803
11054 12 80 0.4016
11067 50 67 0.4803
11079 12 70 0.4094
11092 12 75 0.4567
11105 12 79 0.4252
11117 50 68 0.4803
11130 12 70 0.3858
11142 12 75 0.4724
11155 12 80 0.4882
11168 100 70 0.5276
11180 12 75 0.4409
11193 12 79 0.4724
11205 12 82 0.4252
11218 12 79 0.4882
11231 12 82 0.4173
11243 12 79 0.4567
11256 12 75 0.4016
11268 100 70 0.5669
11281 12 74 0.4488
11294 12 77 0.4882
11306 12 82 0.4409
11319 12 77 0.4882
11331 12 82 0.4488
11344 12 77 0.5118
11357 12 74 0.4724
11369 100 72 0.5591
11382 12 75 0.4488
11394 12 81 0.5118
11407 12 84 0.4567
11420 12 81 0.4961
11432 12 84 0.4488
11445 12 81 0.4488
11457 12 75 0.4016
11470 50 74 0.5748
11483 12 77 0.4961
11495 12 82 0.5354
11508 12 86 0.5039
11521 50 75 0.622
11533 12 79 0.4882
11546 12 84 0.5512
11558 12 87 0.5197
11571 100 74 0.6535
11584 12 77 0.5197
11596 12 82 0.5827
11609 12 86 0.5197
11621 12 82 0.622
11634 12 86 0.5197
11647 12 82 0.5748
11659 12 77 0.5118
11672 100 72 0.622
11684 12 75 0.4803
11697 12 81 0.5906
11710 12 84 0.4882
11722 12 81 0.5827
11735 12 84 0.4724
11747 12 81 0.5591
11760 12 75 0.4882
11773 50 70 0.6693
11785 12 74 0.5984
11798 12 77 0.5748
11810 12 82 0.5591
11823 12 82 0.5906
11836 12 86 0.5748
11848 12 89 0.5512
11861 12 94 0.5276
11873 12 82 0.5984
11968 6 62 0.4409
11974 25 65 0.4882
12025 12 77 0.5118
12037 12 79 0.4331
12050 12 77 0.4331
12063 12 76 0.4331
12075 12 77 0.5039
12126 25 79 0.5827
12176 63 80 0.622
12239 12 82 0.4882
12252 12 80 0.5512
12264 12 79 0.5197
12277 75 80 0.4567
12375 28 63 0.5118
12378 25 67 0.5512
12428 12 79 0.5669
12441 12 80 0.4803
12453 12 79 0.4803
12466 12 78 0.4803
12478 12 79 0.5748
12529 25 80 0.5827
12579 63 82 0.622
12642 12 84 0.4882
12655 12 82 0.5512
12668 12 81 0.5197
12680 75 82 0.4724
12781 50 87 0.6299
12794 12 75 0.4016
12806 12 79 0.4724
12819 12 75 0.4016
12831 50 86 0.6063
12844 12 74 0.4173
12857 12 79 0.4724
12869 12 74 0.4094
12882 50 84 0.5906
12894 12 72 0.4409
12907 12 75 0.4724
12920 12 72 0.4331
12932 50 82 0.5827
12945 12 70 0.4173
12957 12 75 0.4724
12970 12 70 0.4724
12983 50 87 0.6693
12995 12 75 0.4016
13008 12 79 0.4724
13021 12 75 0.4016
13033 50 84 0.6063
13046 12 72 0.4173
13058 12 77 0.4724
13071 12 72 0.4094
13084 50 82 0.5984
13096 12 70 0.4409
13109 12 75 0.4724
13121 12 70 0.4331
13134 50 80 0.5984
13147 12 68 0.4173
13159 12 72 0.4724
13172 12 68 0.4724
13184 100 79 0.6299
13197 12 67 0.4016
13210 12 70 0.4724
13222 12 67 0.4016
13247 12 67 0.4173
13260 12 70 0.4724
13273 12 67 0.4094
13285 100 77 0.5748
13298 12 65 0.4409
13310 12 68 0.4724
13323 12 65 0.4331
13348 12 65 0.4173
13361 12 68 0.4724
13373 9 65 0.4724
13386 12 75 0.5748
13399 12 67 0.4961
13411 12 70 0.5197
13424 12 75 0.5354
13436 10 79 0.5512
13447 10 82 0.5669
13457 10 87 0.5827
13467 10 91 0.5984
13477 10 94 0.6142
13487 12 99 0.685
13581 31 65 0.3858
13585 28 70 0.4094
13588 25 77 0.4882
13638 12 89 0.5118
13651 12 91 0.4331
13663 12 89 0.4331
13676 12 88 0.4331
13689 12 89 0.5039
13739 25 91 0.5827
13789 58 92 0.622
13848 8 94 0.4882
13857 8 92 0.4882
13865 8 89 0.5512
13873 8 86 0.5197
13882 8 82 0.4882
13890 75 80 0.4567
13985 31 67 0.4882
13988 28 75 0.5118
13991 25 79 0.5512
14042 12 91 0.5669
14054 12 92 0.4803
14067 12 91 0.4803
14079 12 90 0.4803
14092 12 91 0.5748
14142 25 92 0.5827
14193 58 94 0.622
14252 8 96 0.4882
14260 8 94 0.4882
14268 8 91 0.5512
14277 8 87 0.5197
14285 8 84 0.4882
14294 75 82 0.4567
14394 50 87 0.7244
14407 12 75 0.4567
14420 12 79 0.5433
14432 12 75 0.4567
14445 50 86 0.6929
14457 12 74 0.4724
14470 12 79 0.5433
14483 12 74 0.4646
14495 50 84 0.6772
14508 12 72 0.5039
14521 12 75 0.5433
14533 12 72 0.4961
14546 50 82 0.6693
14558 12 70 0.4724
14571 12 75 0.5433
14584 12 70 0.5433
14596 50 87 0.7638
14609 12 75 0.4567
14621 12 79 0.5433
14634 12 75 0.4567
14647 50 84 0.685
14659 12 72 0.4724
14672 12 77 0.5354
14684 12 72 0.4567
14697 50 82 0.6693
14710 12 70 0.4961
14722 12 75 0.5276
14735 12 70 0.4803
14747 50 80 0.6693
14760 12 68 0.4567
14773 12 72 0.5197
14785 12 68 0.5197
14798 100 79 0.6929
14810 12 67 0.4409
14823 12 70 0.5118
14836 12 67 0.4331
14861 12 67 0.4409
14873 12 70 0.5039
14886 12 67 0.4331
14899 100 77 0.5984
14911 12 65 0.4567
14924 12 68 0.4882
14936 12 65 0.4488
14962 12 65 0.4252
14974 12 68 0.4803
14987 9 65 0.4724
14996 53 67 0.4646
15000 63 75 0.5748
15063 12 79 0.4646
15075 12 78 0.4882
15088 12 79 0.5039
15100 63 84 0.5906
15163 12 82 0.5354
15176 12 79 0.5118
15189 12 75 0.4961
15201 63 74 0.5591
15264 12 70 0.4016
15277 12 69 0.4331
15289 12 70 0.4646
15302 63 72 0.5354
15365 12 70 0.4803
15378 12 65 0.4567
15390 12 66 0.4331
15403 63 67 0.5197
15466 12 79 0.4646
15479 12 78 0.4882
15491 12 79 0.5039
15504 63 84 0.5906
15567 12 82 0.5354
15579 12 79 0.5118
15592 12 75 0.4961
15605 63 74 0.5591
15668 12 70 0.4016
15680 12 69 0.4331
15693 12 70 0.4646
15705 63 72 0.5354
15768 12 70 0.4803
15781 12 65 0.4567
15794 12 66 0.4331
15806 63 67 0.5197
15869 12 79 0.4646
15882 12 78 0.4882
15894 9 79 0.5039
15904 3 76 0.5039
15907 63 85 0.5906
15970 12 85 0.5354
15983 12 84 0.5118
15995 12 82 0.4961
16008 63 80 0.5433
16071 12 84 0.5039
16084 12 83 0.5433
16096 9 84 0.5669
16106 3 78 0.5039
16109 63 87 0.6693
16172 12 87 0.5669
16184 12 86 0.5433
16197 12 84 0.5197
16210 63 82 0.5984
16273 12 91 0.5276
16285 12 90 0.5591
16298 9 91 0.5984
16307 3 84 0.5039
16310 63 94 0.6693
16373 12 92 0.6063
16386 12 86 0.5669
16399 9 89 0.5197
16408 3 79 0.5118
16411 63 89 0.5984
16474 12 87 0.5591
16487 12 79 0.4961
16500 9 84 0.5512
16509 3 74 0.4567
16512 63 84 0.5984
16575 12 82 0.5118
16588 12 80 0.4646
16600 12 77 0.4331
16613 63 75 0.5039
16676 12 79 0.4646
16689 12 78 0.4882
16701 12 79 0.5039
16714 12 84 0.5512
16726 12 82 0.4961
16739 12 80 0.4882
16752 12 77 0.4724
16764 12 74 0.4331
16777 12 75 0.4173
16789 12 77 0.4016
16802 12 79 0.3937
16815 63 75 0.5039
16878 12 79 0.4646
16890 12 78 0.4882
16903 12 79 0.5039
16915 12 84 0.5512
16928 12 82 0.4961
16941 12 80 0.4882
16953 12 77 0.4724
16966 12 74 0.4331
16979 12 75 0.4173
16991 12 77 0.4016
17004 12 79 0.3937
17016 63 75 0.5039
17079 12 75 0.4252
17092 12 77 0.4331
17105 12 79 0.4488
17117 10 80 0.4646
17127 10 82 0.4724
17137 10 84 0.4803
17147 10 86 0.5118
17157 10 87 0.5276
17168 8 89 0.5433
17176 8 91 0.5591
17184 8 92 0.5748
17193 8 94 0.5827
17201 8 96 0.5984
17210 8 98 0.6142
17218 100 99 0.622
17369 15 67 0.5433
17386 15 67 0.4882
17403 15 67 0.4882
17420 49 67 0.5039
17420 49 63 0.4646
17420 49 72 0.6063
17470 15 74 0.622
17470 15 71 0.5276
17470 15 67 0.5276
17487 15 74 0.5906
17487 15 67 0.4961
17487 15 71 0.4961
17504 15 67 0.4961
17504 15 71 0.4961
17504 15 74 0.5906
17521 49 72 0.5354
17521 49 67 0.5354
17521 49 75 0.6299
17571 15 74 0.6299
17571 15 67 0.5354
17571 15 71 0.5354
17588 15 67 0.4961
17588 15 71 0.4961
17588 15 74 0.5906
17605 15 67 0.4961
17605 15 71 0.4961
17605 15 74 0.5906
17621 49 72 0.6378
17621 49 63 0.5354
17621 49 67 0.4724
17672 15 68 0.6614
17672 15 60 0.5512
17672 15 65 0.5512
17689 15 60 0.5276
17689 15 65 0.5276
17689 15 68 0.622
17705 15 68 0.622
17705 15 60 0.5276
17705 15 65 0.5276
17722 49 63 0.5512
17722 49 67 0.6614
17722 49 60 0.5039
17773 15 67 0.5512
17789 15 67 0.4882
17806 15 67 0.4882
17823 49 75 0.6299
17823 49 67 0.5276
17823 49 72 0.5276
17873 15 79 0.7087
17873 15 67 0.5906
17873 15 75 0.5906
17890 15 67 0.5354
17890 15 79 0.6378
17890 15 75 0.5354
17907 15 79 0.6378
17907 15 75 0.5354
17907 15 67 0.5354
17924 49 77 0.6929
17924 49 74 0.5827
17924 49 68 0.5827
17974 15 72 0.5591
17974 15 75 0.6614
17974 15 69 0.5591
17991 15 72 0.4961
17991 15 69 0.4961
17991 15 75 0.5906
18008 15 69 0.4961
18008 15 75 0.5906
18008 15 72 0.4961
18025 49 67 0.5591
18025 49 71 0.5591
18025 150 74 0.6614
18075 15 66 0.4488
18075 15 69 0.5354
18075 15 62 0.4488
18092 15 69 0.4488
18092 15 62 0.378
18092 15 66 0.378
18109 15 69 0.4488
18109 15 66 0.378
18109 15 62 0.378
18126 49 62 0.4094
18126 49 67 0.4094
18126 49 71 0.4882
18176 15 67 0.5512
18193 15 67 0.4961
18210 15 67 0.4961
18226 49 72 0.6063
18226 49 67 0.4646
18226 49 64 0.5039
18277 15 74 0.622
18277 15 71 0.5276
18277 15 67 0.5276
18294 15 74 0.5906
18294 15 67 0.4961
18294 15 71 0.4961
18310 15 74 0.5906
18310 15 71 0.4961
18310 15 67 0.4961
18327 49 72 0.5354
18327 49 76 0.6299
18327 49 67 0.5354
18378 15 74 0.6299
18378 15 67 0.5354
18378 15 71 0.5354
18394 15 71 0.4961
18394 15 67 0.4961
18394 15 74 0.5906
18411 15 71 0.4961
18411 15 74 0.5906
18411 15 67 0.4961
18428 49 64 0.5354
18428 49 67 0.5354
18428 49 72 0.6378
18479 15 69 0.6614
18479 15 65 0.5512
18479 15 60 0.5512
18495 15 65 0.5276
18495 15 69 0.622
18495 15 60 0.5276
18512 15 69 0.622
18512 15 60 0.5276
18512 15 65 0.5276
18529 49 64 0.5512
18529 49 60 0.5512
18529 49 67 0.6614
18579 15 64 0.5512
18579 15 66 0.5512
18580 15 76 0.6063
18596 15 66 0.5512
18596 15 64 0.5512
18596 15 76 0.5591
18613 15 76 0.5591
18613 15 64 0.5512
18613 15 66 0.5512
18630 49 67 0.5276
18630 49 74 0.6299
18630 49 62 0.5276
18680 15 67 0.6772
18680 15 64 0.5669
18697 15 64 0.5197
18697 15 67 0.6142
18714 15 64 0.5197
18714 15 67 0.6142
18731 49 67 0.5591
18731 49 64 0.5591
18731 49 69 0.6614
18781 15 66 0.5591
18781 15 71 0.6614
18781 15 60 0.5591
18798 15 60 0.4961
18798 15 66 0.4961
18798 15 71 0.5906
18815 15 71 0.5906
18815 15 66 0.4961
18815 15 60 0.4961
18831 149 62 0.5591
18831 149 59 0.5591
18831 149 67 0.6614
18983 37 67 0.4331
19027 31 62 0.4488
19030 28 68 0.4803
19033 25 70 0.5118
19109 12 70 0.4646
19121 12 65 0.4331
19134 12 70 0.4646
19147 12 74 0.4882
19159 8 77 0.5197
19168 8 82 0.5433
19176 8 86 0.5591
19184 25 89 0.5827
19310 12 70 0.4409
19329 31 63 0.4567
19332 28 67 0.4882
19336 25 70 0.5197
19411 12 70 0.4409
19424 12 67 0.4173
19436 12 70 0.4961
19449 12 75 0.4567
19462 8 79 0.5039
19470 8 82 0.5354
19479 8 87 0.5591
19487 12 91 0.5906
19613 12 70 0.4646
19632 31 64 0.5039
19635 28 67 0.5276
19638 25 70 0.5512
19714 12 70 0.5276
19726 12 67 0.4882
19739 12 70 0.5197
19752 12 76 0.5433
19764 8 79 0.5669
19773 8 82 0.5827
19781 8 88 0.6063
19789 12 91 0.622
19916 12 70 0.4567
19941 23 70 0.4803
19941 23 80 0.5669
19966 23 70 0.4488
19991 23 70 0.4488
20016 23 79 0.5748
20016 23 70 0.4882
20042 23 70 0.4409
20067 23 70 0.4488
20092 23 80 0.5984
20092 23 70 0.5039
20117 23 70 0.4488
20142 23 70 0.4488
20168 23 79 0.5984
20168 23 70 0.4961
20193 23 70 0.4646
20218 23 70 0.4646
20243 23 80 0.5906
20243 23 70 0.5039
20268 23 82 0.4646
20268 23 70 0.3937
20294 23 82 0.4646
20294 23 70 0.3937
20319 23 70 0.4252
20319 23 82 0.5039
20344 23 82 0.4724
20344 23 70 0.3937
20369 23 82 0.4724
20369 23 70 0.4016
20394 23 70 0.4488
20394 23 82 0.5354
20420 23 70 0.4016
20420 23 82 0.4724
20445 23 82 0.4803
20445 23 70 0.4016
20470 23 70 0.4567
20470 23 82 0.5433
20495 23 82 0.4882
20495 23 70 0.4094
20521 23 70 0.4094
20521 23 82 0.4882
20546 23 70 0.4409
20546 23 82 0.5197
20571 23 82 0.5276
20571 23 70 0.4409
20596 23 82 0.5433
20596 23 70 0.4567
20621 23 82 0.5591
20621 23 70 0.4646
20647 23 82 0.5669
20647 23 70 0.4803
20672 23 82 0.5906
20672 23 70 0.4882
20697 23 82 0.5984
20697 23 70 0.4961
20722 23 70 0.5118
20722 23 82 0.6063
20747 23 82 0.6299
20747 23 70 0.5276
20773 23 70 0.5354
20773 23 82 0.6378
20798 23 82 0.6614
20798 23 70 0.5512
20823 23 70 0.5591
20823 23 82 0.6693
20848 23 70 0.5748
20848 23 82 0.685
20873 23 82 0.622
20873 23 70 0.5197
20899 23 82 0.622
20899 23 70 0.5197
20924 23 70 0.6063
20924 23 77 0.6063
20924 23 74 0.6063
20924 23 82 0.7087
20949 23 70 0.5591
20949 23 82 0.6693
20974 23 82 0.6693
20974 23 70 0.5591
21000 23 71 0.6142
21000 23 83 0.7323
21025 23 71 0.5433
21025 23 83 0.6378
21050 23 83 0.6378
21050 23 71 0.5433
21075 23 78 0.6142
21075 23 71 0.6142
21075 23 75 0.6142
21075 23 83 0.7323
21100 23 71 0.5433
21100 23 83 0.6378
21126 23 71 0.5276
21126 23 83 0.6299
21151 23 84 0.685
21151 23 72 0.5748
21176 23 84 0.622
21176 23 72 0.5197
21201 23 72 0.5197
21201 23 84 0.622
21226 23 78 0.6063
21226 23 75 0.6063
21226 23 72 0.6063
21226 23 84 0.7087
21252 23 72 0.5591
21252 23 84 0.6693
21277 23 72 0.5591
21277 23 84 0.6693
21302 23 74 0.6142
21302 23 86 0.7323
21327 23 74 0.5433
21327 23 86 0.6378
21352 23 74 0.5433
21352 23 86 0.6378
21378 151 80 0.6142
21378 151 74 0.6142
21378 151 77 0.6142
21378 151 86 0.7323
21548 6 62 0.4409
21554 6 65 0.4803
21560 6 68 0.4961
21567 6 70 0.5197
21573 6 74 0.5433
21579 6 77 0.5669
21586 6 80 0.5827
21592 63 82 0.6457
21680 25 70 0.3701
21680 25 82 0.4567
21705 25 81 0.4331
21705 25 69 0.3465
21731 25 82 0.4803
21731 25 70 0.3858
21756 25 71 0.4173
21756 25 83 0.5197
21781 25 84 0.5512
21781 25 72 0.4409
21806 50 73 0.4331
21806 50 85 0.5433
21857 50 86 0.4882
21857 50 74 0.3937
21907 151 87 0.6693
21907 151 75 0.5669
21932 23 79 0.4882
21932 23 82 0.4882
21957 23 82 0.4882
21957 23 79 0.4882
22008 23 79 0.4882
22008 23 82 0.4882
22033 23 79 0.4882
22033 23 82 0.4882
22058 151 74 0.5433
22058 151 86 0.6457
22084 23 82 0.4803
22084 23 77 0.4803
22109 23 77 0.4803
22109 23 82 0.4803
22159 23 77 0.4646
22159 23 82 0.4646
22184 23 82 0.4646
22184 23 77 0.4646
22210 151 72 0.5354
22210 151 84 0.6378
22235 23 77 0.4724
22235 23 81 0.4724
22260 23 77 0.4724
22260 23 81 0.4724
22310 23 81 0.4882
22310 23 77 0.4882
22336 23 81 0.4882
22336 23 77 0.4882
22361 151 86 0.6929
22361 151 74 0.5827
22386 23 77 0.5118
22386 23 82 0.5118
22411 23 77 0.5197
22411 23 82 0.5197
22462 23 82 0.5118
22462 23 77 0.5118
22487 23 77 0.5118
22487 23 82 0.5118
22512 151 70 0.5591
22512 151 82 0.6614
22537 23 79 0.5669
22537 23 75 0.5669
22563 23 75 0.5669
22563 23 79 0.5669
22613 23 79 0.5591
22613 23 75 0.5591
22638 23 79 0.5591
22638 23 75 0.5591
22663 151 72 0.5748
22663 151 84 0.6772
22689 23 80 0.5669
22689 23 75 0.5669
22714 23 75 0.5669
22714 23 80 0.5669
22764 23 75 0.5669
22764 23 80 0.5669
22789 23 80 0.5354
22789 23 75 0.5354
22815 151 74 0.5748
22815 151 86 0.685
22840 23 80 0.5906
22840 23 77 0.5906
22865 23 80 0.5906
22865 23 77 0.5906
22915 23 77 0.5354
22915 23 80 0.5354
22941 23 80 0.5827
22941 23 77 0.5827
22966 75 87 0.7087
22966 75 75 0.5984
22991 23 82 0.6063
22991 23 79 0.6063
23016 23 82 0.6063
23016 23 79 0.6063
23092 8 67 0.5512
23100 8 70 0.5197
23109 8 75 0.5197
23117 8 70 0.5906
23126 8 67 0.5748
23134 8 70 0.5512
23142 8 75 0.6614
23151 8 79 0.6299
23159 8 82 0.6299
23168 8 87 0.7874
23176 8 91 0.685
23184 8 94 0.748
23193 25 99 0.7874
23218 151 87 0.6693
23218 151 75 0.5669
23243 23 84 0.4882
23243 23 79 0.4882
23268 23 79 0.4882
23268 23 84 0.4882
23319 23 84 0.4882
23319 23 79 0.4882
23344 23 79 0.4882
23344 23 84 0.4882
23369 151 75 0.5827
23369 151 87 0.685
23394 23 84 0.5276
23394 23 80 0.5276
23420 23 84 0.5276
23420 23 80 0.5276
23470 23 80 0.5039
23470 23 84 0.5039
23495 23 80 0.5039
23495 23 84 0.5039
23521 151 82 0.6378
23521 151 70 0.5354
23546 23 75 0.4724
23546 23 79 0.5039
23571 23 79 0.5039
23571 23 75 0.4724
23621 23 79 0.5118
23621 23 75 0.4882
23647 23 75 0.4882
23647 23 79 0.5118
23672 151 70 0.5827
23672 151 82 0.6929
23697 23 77 0.5118
23722 23 77 0.5197
23773 23 77 0.5118
23798 23 77 0.5118
23823 151 67 0.5591
23823 151 79 0.6614
23848 23 75 0.5039
23848 23 70 0.5039
23873 23 75 0.5039
23873 23 70 0.5039
23924 23 70 0.4961
23924 23 75 0.4961
23949 23 70 0.4961
23949 23 75 0.4961
23974 151 82 0.6772
23974 151 70 0.5748
24000 23 79 0.5669
24000 23 73 0.5669
24025 23 79 0.5669
24025 23 73 0.5669
24075 23 73 0.5669
24075 23 79 0.5669
24100 23 79 0.5354
24100 23 73 0.5354
24126 151 80 0.685
24126 151 68 0.5748
24151 23 72 0.5906
24151 23 77 0.5906
24176 23 77 0.5906
24176 23 72 0.5906
24226 25 72 0.5354
24226 25 77 0.5354
24277 75 79 0.7087
24277 75 67 0.5984
24302 23 72 0.6063
24302 23 75 0.6063
24327 23 72 0.6063
24327 23 75 0.6063
24403 8 67 0.5906
24411 8 72 0.5197
24420 8 75 0.5197
24428 8 72 0.6378
24436 8 67 0.5984
24445 8 72 0.5984
24453 8 75 0.685
24462 8 79 0.6693
24470 8 84 0.6693
24479 6 87 0.6772
24485 6 91 0.7008
24491 6 96 0.7244
24497 6 99 0.748
24504 25 103 0.7717
24529 151 79 0.6693
24529 151 67 0.5669
24554 23 72 0.4882
24554 23 75 0.4882
24579 23 75 0.4882
24579 23 72 0.4882
24630 23 72 0.4882
24630 23 75 0.4882
24655 23 75 0.4882
24655 23 72 0.4882
24680 151 72 0.5433
24680 151 84 0.6535
24705 23 75 0.4803
24705 23 80 0.4803
24731 23 80 0.4803
24731 23 75 0.4803
24781 23 80 0.4646
24781 23 75 0.4646
24806 23 80 0.4646
24806 23 75 0.4646
24831 151 84 0.7008
24831 151 72 0.5827
24857 23 77 0.5197
24857 23 74 0.5197
24882 23 74 0.5197
24882 23 77 0.5197
24932 23 77 0.5354
24932 23 74 0.5354
24957 23 74 0.5354
24957 23 77 0.5354
24983 151 70 0.5827
24983 151 82 0.6929
25008 23 79 0.5118
25008 23 75 0.5118
25033 23 79 0.5197
25033 23 75 0.5197
25084 23 75 0.5118
25084 23 79 0.5118
25109 23 79 0.5118
25109 23 75 0.5118
25134 151 74 0.5906
25134 151 86 0.685
25159 23 80 0.5669
25159 23 77 0.5669
25184 23 77 0.5669
25184 23 80 0.5669
25235 23 80 0.5591
25235 23 77 0.5591
25260 23 80 0.5591
25260 23 77 0.5591
25285 151 87 0.7559
25285 151 75 0.6378
25310 23 79 0.5669
25310 23 84 0.5669
25336 23 84 0.5669
25336 23 79 0.5669
25386 23 79 0.5669
25386 23 84 0.5669
25411 23 79 0.5354
25411 23 84 0.5354
25436 151 72 0.5748
25436 151 84 0.685
25462 23 81 0.5906
25462 23 75 0.5906
25487 23 81 0.5906
25487 23 75 0.5906
25537 23 75 0.5354
25537 23 81 0.5354
25563 23 81 0.5827
25563 23 75 0.5827
25588 75 70 0.5984
25588 75 82 0.7087
25613 23 74 0.6063
25613 23 77 0.6063
25638 23 74 0.6063
25638 23 77 0.6063
25689 8 62 0.5118
25697 8 65 0.4646
25705 8 70 0.4724
25714 8 74 0.5512
25722 8 77 0.4961
25731 8 82 0.5118
25739 8 77 0.5906
25747 8 74 0.5433
25756 8 77 0.5748
25764 8 82 0.6378
25773 8 86 0.6772
25781 8 89 0.7244
25789 25 94 0.811
25815 151 75 0.5906
25815 151 87 0.7008
25840 23 84 0.5118
25840 23 79 0.5118
25865 23 79 0.5118
25865 23 84 0.5118
25915 23 79 0.5118
25915 23 84 0.5118
25941 23 79 0.5118
25941 23 84 0.5118
25966 151 86 0.7165
25966 151 74 0.5669
25991 23 79 0.5039
25991 23 82 0.5039
26016 23 79 0.5039
26016 23 82 0.5039
26067 23 79 0.4803
26067 23 82 0.4803
26092 23 79 0.4803
26092 23 82 0.4803
26117 151 72 0.5591
26117 151 84 0.6693
26142 23 80 0.4961
26142 23 75 0.4961
26168 23 75 0.4961
26168 23 80 0.4961
26218 23 75 0.5118
26218 23 80 0.5118
26243 23 75 0.5118
26243 23 80 0.5118
26268 151 70 0.5827
26268 151 82 0.6929
26294 23 75 0.5354
26294 23 79 0.5354
26319 23 79 0.5197
26319 23 75 0.5197
26369 23 75 0.5118
26369 23 79 0.5118
26394 23 75 0.5118
26394 23 79 0.5118
26420 151 67 0.5591
26420 151 79 0.6614
26445 23 70 0.5354
26445 23 73 0.5354
26470 23 73 0.5354
26470 23 70 0.5354
26521 23 70 0.5276
26521 23 73 0.5276
26546 25 73 0.5276
26546 25 70 0.5276
26571 75 80 0.6772
26571 75 68 0.5748
26596 23 72 0.5354
26596 23 77 0.5354
26621 23 72 0.5512
26621 23 77 0.5512
26647 75 67 0.5984
26647 75 79 0.7087
26672 23 75 0.5669
26672 23 70 0.5669
26697 23 70 0.5433
26697 23 75 0.5433
26722 151 65 0.6063
26722 151 77 0.7087
26747 23 70 0.5354
26747 23 75 0.6378
26773 23 70 0.5354
26773 23 75 0.6378
26823 23 75 0.622
26823 23 70 0.5276
26848 23 70 0.5354
26848 23 75 0.6299
26873 126 65 0.5748
26873 126 68 0.5748
26873 126 74 0.5748
26873 126 77 0.685
27000 23 75 0.6299
27025 50 63 0.5669
27025 50 67 0.5669
27025 50 75 0.5669
27100 12 63 0.5118
27113 12 67 0.5354
27126 12 70 0.5512
27138 12 75 0.5748
27151 12 79 0.5906
27163 12 82 0.6142
27176 25 87 0.7008
27302 23 63 0.5433
27302 23 75 0.5827
27327 75 70 0.4961
27327 75 67 0.4961
27327 75 63 0.4961
27327 75 75 0.5827
27403 12 63 0.5276
27415 12 67 0.5118
27428 12 70 0.5827
27441 12 75 0.6063
27453 12 79 0.622
27466 12 82 0.6142
27479 25 87 0.7244
27605 23 75 0.5984
27605 23 63 0.5669
27630 75 75 0.5984
27630 75 63 0.5118
27630 75 68 0.5118
27705 12 63 0.5748
27718 12 68 0.5984
27731 12 72 0.622
27743 12 75 0.6299
27756 12 80 0.6772
27768 12 84 0.6693
27781 25 87 0.7638
27907 23 63 0.5827
27907 23 75 0.622
27932 75 77 0.6299
27932 75 75 0.5354
27932 75 68 0.5354
27932 75 71 0.5354
28008 12 65 0.5906
28021 12 71 0.5748
28033 12 75 0.6457
28046 12 77 0.622
28058 12 83 0.6929
28071 12 87 0.6929
28084 25 89 0.7795
28210 23 65 0.5906
28210 23 77 0.6299
28235 75 70 0.5354
28235 75 79 0.6299
28235 75 67 0.5354
28235 75 75 0.5354
28310 12 67 0.6378
28323 12 70 0.5512
28336 12 75 0.6929
28348 12 79 0.6535
28361 12 82 0.748
28373 12 87 0.685
28386 12 91 0.8031
28399 12 87 0.6378
28411 12 82 0.7323
28424 12 79 0.685
28436 12 82 0.7402
28449 12 87 0.7008
28462 12 91 0.8661
28474 12 87 0.6693
28487 12 82 0.7559
28500 12 79 0.6772
28512 12 82 0.7717
28525 12 87 0.6614
28537 25 91 0.8425
28613 12 79 0.7087
28626 12 82 0.685
28638 12 87 0.7638
28651 12 91 0.7165
28663 12 94 0.8189
28676 12 99 0.7874
28689 12 103 0.874
28701 12 99 0.7638
28714 12 94 0.8189
28726 12 91 0.7795
28739 12 94 0.8189
28752 12 99 0.748
28764 12 103 0.874
28777 12 99 0.7559
28789 12 94 0.7953
28802 12 91 0.7638
28815 12 94 0.8031
28827 12 99 0.748
28840 126 103 0.9134
28840 126 94 0.6535
28840 126 91 0.6535
28840 126 99 0.7717
28985 5 79 0.6299
28985 5 70 0.4409
28985 5 67 0.4409
28985 5 75 0.5276
28991 126 70 0.6614
28991 126 67 0.6614
28991 126 79 0.7795
28991 126 75 0.7795
29136 5 55 0.5276
29136 5 63 0.6299
29136 5 58 0.5276
29142 201 58 0.6614
29142 201 55 0.6614
29142 201 63 0.7795
100 99 51 0.3228
100 99 55 0.3858
201 99 53 0.4331
201 99 46 0.3622
302 99 53 0.4016
302 99 41 0.3386
403 99 46 0.3543
403 99 53 0.4252
504 99 51 0.4252
504 99 39 0.3543
605 99 44 0.3622
605 99 51 0.4331
705 99 41 0.3937
705 99 46 0.4724
806 99 39 0.3937
806 99 46 0.4724
907 8 39 0.3071
915 8 46 0.2756
924 8 51 0.2756
932 8 55 0.3071
941 8 58 0.2756
949 8 63 0.2756
1109 99 55 0.3858
1109 99 48 0.3228
1210 99 56 0.4252
1210 99 44 0.3543
1310 99 43 0.3071
1310 99 51 0.4252
1411 99 46 0.4173
1411 99 38 0.3465
1512 99 39 0.3543
1512 99 46 0.4252
1613 99 40 0.3858
1613 99 49 0.4646
1714 99 48 0.4646
1714 50 41 0.5197
1764 50 44 0.4803
1815 99 36 0.3937
1815 99 48 0.4724
1915 8 36 0.3071
1924 8 48 0.2756
1932 8 51 0.2756
1941 8 55 0.3071
1949 8 60 0.2756
1957 8 63 0.2756
2117 50 48 0.4016
2168 50 46 0.4567
2218 99 44 0.3386
2218 99 51 0.4016
2319 99 41 0.3228
2319 99 50 0.3937
2420 99 43 0.3543
2420 99 51 0.4252
2521 99 53 0.4094
2521 99 47 0.3465
2621 99 51 0.4409
2621 99 48 0.378
2722 99 41 0.3228
2722 99 51 0.3937
2823 99 50 0.4094
2823 99 46 0.3465
2924 8 46 0.3071
2932 8 53 0.2756
2941 8 58 0.2756
3075 99 48 0.2992
3075 99 55 0.3543
3176 99 43 0.3386
3176 99 55 0.4016
3277 99 44 0.3386
3277 99 51 0.4094
3378 99 51 0.4331
3378 99 39 0.3622
3478 99 49 0.4331
3478 99 40 0.3465
3579 99 41 0.2992
3579 99 48 0.3543
3680 99 34 0.2598
3680 99 44 0.3071
3781 99 43 0.3543
3781 99 39 0.2992
3882 8 39 0.3071
3890 8 46 0.2756
3899 8 51 0.2756
3907 8 55 0.3071
3915 8 58 0.2756
3924 8 63 0.2756
4184 23 55 0.4016
4184 23 43 0.3465
4210 23 55 0.1969
4210 23 62 0.2677
4210 23 59 0.1969
4235 23 55 0.1969
4235 23 59 0.1969
4235 23 62 0.2677
4260 23 55 0.1969
4260 23 62 0.2677
4260 23 59 0.1969
4285 23 59 0.1969
4285 23 62 0.2677
4285 23 55 0.1969
4310 23 55 0.1969
4310 23 62 0.2677
4310 23 59 0.1969
4336 23 55 0.4016
4336 23 43 0.3465
4361 23 55 0.1969
4361 23 59 0.1969
4361 23 62 0.2677
4386 23 62 0.2677
4386 23 55 0.1969
4386 23 59 0.1969
4411 23 59 0.1969
4411 23 62 0.2677
4411 23 55 0.1969
4436 23 59 0.1969
4436 23 62 0.2677
4436 23 55 0.1969
4462 23 62 0.2677
4462 23 59 0.1969
4462 23 55 0.1969
4487 23 48 0.4016
4487 23 36 0.3465
4512 23 63 0.2992
4512 23 60 0.2205
4512 23 55 0.2205
4537 23 55 0.2205
4537 23 63 0.2992
4537 23 60 0.2205
4563 23 63 0.2992
4563 23 55 0.2205
4563 23 60 0.2205
4588 23 60 0.2205
4588 23 55 0.2205
4588 23 63 0.2992
4613 23 55 0.2205
4613 23 60 0.2205
4613 23 63 0.2992
4638 23 48 0.4016
4663 23 63 0.2992
4663 23 55 0.2205
4663 23 60 0.2205
4689 23 55 0.2205
4689 23 63 0.2992
4689 23 60 0.2205
4714 23 60 0.2205
4714 23 63 0.2992
4714 23 55 0.2205
4739 23 63 0.2992
4739 23 60 0.2205
4739 23 55 0.2205
4764 23 63 0.2992
4764 23 55 0.2205
4764 23 60 0.2205
4789 23 34 0.3465
4789 23 46 0.4016
4815 23 58 0.252
4815 23 62 0.3386
4815 23 56 0.252
4840 23 62 0.3386
4840 23 56 0.252
4840 23 58 0.252
4865 23 58 0.252
4865 23 56 0.252
4865 23 62 0.3386
4890 23 58 0.252
4890 23 56 0.252
4890 23 62 0.3386
4915 23 56 0.252
4915 23 58 0.252
4915 23 62 0.3386
4941 23 46 0.4016
4966 23 62 0.3386
4966 23 58 0.252
4966 23 56 0.252
4991 23 56 0.252
4991 23 62 0.3386
4991 23 58 0.252
5016 23 62 0.3386
5016 23 56 0.252
5016 23 58 0.252
5042 23 58 0.252
5042 23 62 0.3386
5042 23 56 0.252
5067 23 58 0.252
5067 23 62 0.3386
5067 23 56 0.252
5092 50 58 0.4016
5092 50 56 0.4016
5092 50 62 0.4803
5183 50 46 0.378
5186 50 53 0.378
5190 47 56 0.4094
5193 44 62 0.4331
5234 50 46 0.378
5237 56 53 0.4094
5240 53 56 0.4331
5243 50 62 0.4567
5335 50 46 0.4409
5338 50 53 0.4409
5341 47 56 0.4646
5344 44 62 0.4882
5385 107 46 0.4724
5388 107 53 0.4724
5391 103 56 0.4882
5394 100 62 0.5118
5546 25 34 0.5984
5546 25 46 0.6378
5647 25 47 0.3543
5647 25 56 0.4252
5647 25 53 0.3543
5697 25 53 0.3543
5697 25 46 0.3543
5697 25 56 0.4252
5798 25 65 0.4016
5798 25 68 0.4803
5798 25 59 0.4016
5848 100 65 0.4016
5848 100 68 0.4803
5848 100 58 0.4016
6176 25 45 0.2756
6176 25 51 0.3228
6226 151 51 0.3622
6226 151 44 0.3071
6378 151 41 0.2126
6378 151 46 0.2126
6378 151 53 0.2598
6529 12 51 0.2913
6529 12 39 0.2283
6542 12 55 0.2598
6554 12 58 0.2598
6567 12 63 0.2913
6579 12 58 0.2598
6592 12 55 0.2362
6605 12 51 0.2756
6617 12 55 0.2441
6630 12 58 0.2441
6642 12 63 0.2913
6655 12 58 0.252
6668 12 55 0.252
6680 12 39 0.2913
6680 12 51 0.2913
6693 12 55 0.2598
6705 12 58 0.2598
6718 12 63 0.2913
6731 12 58 0.2598
6743 12 55 0.2362
6756 12 51 0.2756
6768 12 55 0.2441
6781 12 58 0.2441
6794 12 63 0.2913
6806 12 58 0.252
6819 12 55 0.252
6831 12 51 0.2913
6831 12 39 0.2913
6844 12 55 0.2598
6857 12 58 0.2598
6869 12 63 0.2913
6882 12 58 0.2598
6894 12 55 0.2362
6907 12 51 0.252
6920 12 55 0.2205
6932 12 58 0.2205
6945 12 63 0.2677
6957 12 58 0.2205
6970 12 55 0.2205
6983 12 39 0.2913
6983 12 51 0.2913
6995 12 55 0.2598
7008 12 58 0.2598
7021 12 63 0.2913
7033 12 58 0.2598
7046 12 55 0.2362
7058 12 51 0.2756
7071 12 55 0.2047
7084 12 58 0.2047
7096 12 63 0.2598
7109 12 58 0.2205
7121 12 55 0.2205
7134 12 34 0.2913
7134 12 46 0.2913
7147 12 56 0.2598
7159 12 58 0.2598
7172 12 62 0.2913
7184 12 58 0.2835
7197 12 56 0.3228
7210 12 46 0.3386
7222 12 56 0.2047
7235 12 58 0.2047
7247 12 62 0.2598
7260 12 58 0.2205
7273 12 56 0.2205
7285 12 51 0.2913
7285 12 39 0.2913
7298 12 55 0.2598
7310 12 58 0.2598
7323 12 63 0.2913
7336 12 58 0.2835
7348 12 55 0.3228
7361 12 51 0.3386
7373 12 55 0.2047
7386 12 58 0.2047
7399 12 63 0.2598
7411 12 58 0.2205
7424 12 55 0.2205
7436 12 56 0.2913
7436 12 44 0.2913
7449 12 56 0.2598
7462 12 60 0.2598
7474 12 63 0.2913
7487 12 60 0.2992
7500 12 56 0.3307
7512 12 44 0.3622
7512 12 56 0.3622
7525 12 56 0.2598
7537 12 60 0.2835
7550 12 63 0.3307
7563 12 60 0.2205
7575 12 56 0.2205
7588 12 51 0.2913
7588 12 39 0.2913
7600 12 55 0.2598
7613 12 58 0.2598
7626 12 63 0.2913
7638 12 58 0.2598
7651 12 55 0.2362
7663 12 51 0.252
7676 12 55 0.2205
7689 12 58 0.2205
7701 12 63 0.2677
7714 12 58 0.2205
7726 12 55 0.2205
7739 12 56 0.2913
7739 12 44 0.2913
7752 12 56 0.2598
7764 12 60 0.2598
7777 12 63 0.2913
7789 12 60 0.2992
7802 12 56 0.3307
7815 12 44 0.3622
7815 12 56 0.3622
7827 12 56 0.2598
7840 12 60 0.2835
7852 12 63 0.3307
7865 12 60 0.2205
7878 12 56 0.2205
7890 12 51 0.2913
7890 12 39 0.2913
7903 12 55 0.2598
7915 12 58 0.2598
7928 12 63 0.2913
7941 12 58 0.2598
7953 12 55 0.2362
7966 12 51 0.252
7978 12 55 0.2205
7991 12 58 0.2205
8004 12 63 0.2677
8016 12 58 0.2205
8029 12 55 0.2205
8042 12 46 0.2913
8042 12 34 0.2913
8054 12 56 0.2598
8067 12 58 0.2598
8079 12 62 0.2913
8092 12 58 0.2992
8105 12 56 0.3307
8117 12 46 0.4016
8130 12 56 0.2835
8142 12 58 0.3071
8155 12 62 0.3307
8168 12 58 0.2205
8180 12 56 0.2205
8193 12 39 0.2913
8193 12 51 0.2913
8205 12 55 0.2598
8218 12 58 0.2598
8231 12 63 0.2913
8243 12 58 0.2047
8256 12 55 0.1969
8268 12 51 0.2441
8281 12 55 0.189
8294 12 58 0.189
8306 12 63 0.189
8319 12 58 0.2126
8331 12 55 0.1732
8344 12 46 0.2913
8357 12 55 0.2598
8369 12 58 0.2598
8382 12 63 0.2913
8394 12 58 0.2992
8407 12 55 0.3307
8420 12 46 0.4016
8420 12 34 0.378
8432 12 56 0.2835
8445 12 58 0.3071
8457 12 62 0.3307
8470 12 58 0.2205
8483 12 56 0.2205
8495 12 51 0.2913
8495 12 39 0.2913
8508 12 55 0.2205
8521 12 58 0.2205
8533 12 63 0.2756
8546 12 58 0.2283
8558 12 55 0.2362
8571 75 51 0.3071
8647 12 46 0.2913
8647 12 34 0.2913
8659 12 53 0.2598
8672 12 58 0.2598
8684 12 62 0.2913
8697 12 58 0.2598
8710 12 53 0.2362
8722 12 50 0.252
8735 12 53 0.2205
8747 12 58 0.2205
8760 12 62 0.2677
8773 12 58 0.2205
8785 12 53 0.2205
8798 12 34 0.2913
8798 12 46 0.2913
8810 12 53 0.2598
8823 12 57 0.2598
8836 12 63 0.2913
8848 12 57 0.2598
8861 12 53 0.2362
8873 12 46 0.252
8886 12 53 0.2205
8899 12 57 0.2205
8911 12 63 0.2677
8924 12 57 0.2205
8936 12 53 0.2205
8949 12 46 0.2913
8949 12 34 0.2913
8962 12 53 0.2598
8974 12 58 0.2598
8987 12 62 0.2992
9000 12 58 0.2835
9012 12 53 0.3228
9025 11 51 0.3701
9025 11 39 0.3701
9037 12 51 0.2913
9050 12 55 0.2835
9063 12 60 0.3465
9075 12 55 0.2598
9088 12 51 0.252
9100 12 41 0.3307
9100 12 53 0.3307
9113 12 53 0.2756
9126 12 58 0.2598
9138 12 62 0.2913
9151 12 58 0.2598
9163 12 53 0.2362
9176 12 41 0.252
9176 12 53 0.252
9189 12 53 0.2205
9201 12 57 0.2205
9214 12 60 0.2677
9226 12 57 0.2205
9239 12 53 0.2205
9252 12 34 0.315
9252 12 46 0.315
9264 12 53 0.2835
9277 12 58 0.2835
9289 12 62 0.315
9302 12 58 0.2835
9315 12 53 0.2598
9327 12 46 0.2756
9340 12 53 0.2362
9352 12 58 0.2362
9365 12 62 0.2913
9378 12 58 0.2362
9390 12 53 0.2362
9403 12 50 0.3307
9403 12 38 0.3307
9415 12 54 0.2913
9428 12 57 0.2913
9441 12 62 0.3307
9453 12 57 0.2913
9466 12 54 0.2677
9478 12 50 0.2835
9491 12 54 0.252
9504 12 57 0.252
9516 12 62 0.3071
9529 12 57 0.252
9542 12 54 0.252
9554 12 38 0.3307
9554 12 50 0.3307
9567 12 55 0.2913
9579 12 57 0.2992
9592 12 61 0.3543
9605 12 57 0.3386
9617 12 55 0.3937
9630 12 50 0.4646
9642 12 55 0.3701
9655 12 57 0.3622
9668 12 61 0.4488
9680 12 57 0.3307
9693 12 55 0.3307
9705 25 50 0.4803
9705 25 62 0.5669
9705 25 54 0.4803
9705 25 57 0.4803
9756 25 38 0.5433
9781 25 50 0.6142
9831 23 62 0.5197
9831 23 55 0.4409
9831 23 58 0.4409
9857 25 57 0.5591
9857 25 62 0.6299
9857 25 54 0.5748
9907 25 38 0.5827
9932 25 50 0.6614
9984 25 62 0.5433
9998 261 46 0.4567
10002 258 53 0.5039
10005 255 56 0.5433
10008 252 62 0.5984
10361 47 51 0.5512
10361 47 39 0.4724
10411 47 58 0.3622
10411 47 55 0.3622
10411 47 63 0.4331
10462 47 44 0.4724
10462 47 56 0.5512
10512 47 60 0.378
10512 47 56 0.378
10512 47 63 0.4409
10563 50 51 0.5512
10563 50 39 0.4724
10613 25 55 0.4252
10613 151 63 0.4252
10638 25 53 0.3937
10663 50 51 0.4331
10714 50 53 0.4094
10764 47 39 0.4724
10764 47 51 0.5512
10815 47 63 0.4331
10815 47 58 0.3622
10815 47 55 0.3622
10865 47 44 0.4724
10865 47 56 0.5512
10915 47 60 0.378
10915 47 63 0.4409
10915 47 56 0.378
10966 50 51 0.5512
10966 50 39 0.4724
11016 25 55 0.4252
11016 151 63 0.4252
11042 25 53 0.3937
11067 50 51 0.4331
11117 50 53 0.4094
11168 47 51 0.5512
11168 47 39 0.4724
11218 47 55 0.3622
11218 47 58 0.3622
11218 47 63 0.4331
11268 47 38 0.4724
11268 47 50 0.5512
11319 47 53 0.378
11319 47 58 0.378
11319 47 65 0.4409
11369 47 48 0.5984
11369 47 36 0.5984
11420 47 57 0.4724
11420 47 63 0.4724
11420 47 53 0.4724
11470 47 53 0.5118
11470 47 46 0.5118
11470 47 58 0.6063
11521 47 55 0.4646
11521 47 51 0.4331
11521 47 60 0.5512
11571 47 53 0.4724
11571 47 58 0.4724
11571 47 62 0.5512
11621 47 53 0.5827
11621 47 41 0.5827
11672 47 63 0.5512
11672 47 57 0.4724
11672 47 53 0.4724
11722 47 41 0.5906
11722 47 53 0.5906
11773 47 34 0.5039
11773 47 46 0.5906
11823 47 58 0.5039
11823 47 53 0.5039
11823 47 62 0.5039
11873 12 70 0.4331
11873 12 65 0.4331
11873 12 62 0.4331
11974 25 46 0.3937
11974 25 34 0.3307
12000 23 56 0.2756
12000 23 62 0.3307
12000 23 58 0.2756
12025 23 58 0.2756
12025 23 62 0.3307
12025 23 56 0.2756
12050 23 62 0.3307
12050 23 58 0.2756
12050 23 56 0.2756
12075 23 58 0.3071
12075 23 56 0.3071
12075 23 62 0.3622
12100 23 56 0.2756
12100 23 62 0.3307
12100 23 58 0.2756
12126 23 58 0.3228
12126 23 61 0.3228
12126 23 64 0.3858
12151 23 61 0.2992
12151 23 64 0.3543
12151 23 58 0.2992
12176 23 46 0.3307
12176 23 58 0.3937
12201 23 65 0.3386
12201 23 62 0.2835
12201 23 58 0.2835
12226 23 62 0.2913
12226 23 58 0.2913
12226 23 65 0.3465
12252 23 62 0.2598
12252 23 65 0.3071
12252 23 58 0.2598
12277 23 65 0.3622
12277 23 62 0.3071
12277 23 58 0.3071
12302 23 58 0.2205
12302 23 65 0.2677
12302 23 62 0.2205
12327 23 58 0.2205
12327 23 62 0.2205
12327 23 65 0.2677
12352 18 58 0.2205
12352 18 65 0.2677
12352 18 62 0.2205
12378 25 51 0.3937
12378 25 39 0.3307
12403 23 55 0.2756
12403 23 58 0.2756
12403 23 63 0.3307
12428 23 58 0.2756
12428 23 63 0.3307
12428 23 55 0.2756
12453 23 58 0.2756
12453 23 63 0.3307
12453 23 55 0.2756
12478 23 55 0.3071
12478 23 63 0.3622
12478 23 58 0.3071
12504 23 58 0.2756
12504 23 55 0.2756
12504 23 63 0.3307
12529 23 65 0.3858
12529 23 56 0.3228
12529 23 58 0.3228
12554 23 56 0.2992
12554 23 65 0.3543
12554 23 58 0.2992
12579 25 51 0.3937
12579 25 39 0.3307
12605 23 63 0.2835
12605 23 67 0.3386
12605 23 58 0.2835
12630 23 63 0.2913
12630 23 58 0.2913
12630 23 67 0.3465
12655 23 67 0.3071
12655 23 63 0.2598
12655 23 58 0.2598
12680 23 63 0.3071
12680 23 58 0.3071
12680 23 67 0.3622
12705 23 63 0.2205
12705 23 58 0.2205
12705 23 67 0.2677
12731 23 67 0.2677
12731 23 58 0.2205
12731 23 63 0.2205
12756 21 63 0.2205
12756 21 67 0.2677
12756 21 58 0.2205
12781 23 48 0.3858
12781 23 60 0.4567
12806 23 60 0.3307
12806 23 63 0.3937
12831 23 58 0.4724
12831 23 46 0.4016
12857 23 62 0.3937
12857 23 58 0.3307
12882 23 56 0.4646
12882 23 44 0.3937
12907 23 56 0.3307
12907 23 60 0.3937
12932 23 43 0.3858
12932 23 55 0.4567
12957 23 58 0.3937
12957 23 55 0.3307
12983 23 60 0.4567
12983 23 48 0.3858
13008 23 60 0.3307
13008 23 63 0.3937
13033 23 56 0.4724
13033 23 44 0.4016
13058 23 56 0.3307
13058 23 62 0.3937
13084 23 55 0.4646
13084 23 43 0.3937
13109 23 58 0.3307
13109 23 63 0.3937
13134 23 44 0.3858
13134 23 56 0.4567
13159 23 60 0.3307
13159 23 65 0.3937
13184 50 46 0.3858
13184 49 58 0.4567
13235 50 63 0.4724
13235 50 58 0.4016
13285 50 34 0.3937
13285 50 46 0.4646
13336 50 56 0.3858
13336 50 62 0.4567
13336 50 58 0.3858
13386 50 39 0.4882
13386 50 51 0.4882
13436 12 55 0.4331
13436 12 58 0.4331
13436 12 63 0.5118
13487 12 67 0.5433
13487 12 63 0.4567
13487 12 58 0.4567
13588 23 46 0.3937
13588 23 34 0.3307
13613 23 58 0.2756
13613 23 56 0.2756
13613 23 62 0.3307
13638 23 56 0.2756
13638 23 58 0.2756
13638 23 62 0.3307
13663 23 56 0.2756
13663 23 62 0.3307
13663 23 58 0.2756
13689 23 62 0.3622
13689 23 58 0.3071
13689 23 56 0.3071
13714 23 62 0.3307
13714 23 56 0.2756
13714 23 58 0.2756
13739 23 61 0.3228
13739 23 58 0.3228
13739 23 64 0.3858
13764 23 58 0.2992
13764 23 64 0.3543
13764 23 61 0.2992
13789 23 46 0.3307
13789 23 58 0.3937
13815 23 62 0.2835
13815 23 65 0.3386
13815 23 58 0.2835
13840 23 65 0.3465
13840 23 62 0.2913
13840 23 58 0.2913
13865 23 62 0.2598
13865 23 65 0.3071
13865 23 58 0.2598
13890 23 58 0.2756
13890 23 62 0.2756
13890 23 65 0.3228
13915 23 62 0.1969
13915 23 65 0.2362
13915 23 58 0.1969
13941 23 58 0.1969
13941 23 62 0.1969
13941 23 65 0.2362
13966 18 62 0.1969
13966 18 65 0.2362
13966 18 58 0.1969
13991 23 39 0.3307
13991 23 51 0.3937
14016 23 55 0.2756
14016 23 63 0.3307
14016 23 58 0.2756
14042 23 55 0.2756
14042 23 58 0.2756
14042 23 63 0.3307
14067 23 58 0.2756
14067 23 55 0.2756
14067 23 63 0.3307
14092 23 58 0.3071
14092 23 63 0.3622
14092 23 55 0.3071
14117 23 63 0.3307
14117 23 58 0.2756
14117 23 55 0.2756
14142 23 65 0.3858
14142 23 58 0.3228
14142 23 56 0.3228
14168 23 65 0.3543
14168 23 56 0.2992
14168 23 58 0.2992
14193 23 39 0.3307
14193 23 51 0.3937
14218 23 58 0.2835
14218 23 67 0.3386
14218 23 63 0.2835
14243 23 58 0.2913
14243 23 67 0.3465
14243 23 63 0.2913
14268 23 67 0.3071
14268 23 63 0.2598
14268 23 58 0.2598
14294 23 63 0.2756
14294 23 67 0.3228
14294 23 58 0.2756
14319 23 67 0.2362
14319 23 63 0.1969
14319 23 58 0.1969
14344 23 58 0.1969
14344 23 67 0.2362
14344 23 63 0.1969
14369 21 58 0.1969
14369 21 67 0.2362
14369 21 63 0.1969
14394 23 48 0.4409
14394 23 60 0.5197
14420 23 60 0.378
14420 23 63 0.378
14420 23 67 0.4488
14445 23 46 0.4567
14445 23 58 0.5433
14470 23 67 0.4488
14470 23 62 0.378
14470 23 58 0.378
14495 23 56 0.5276
14495 23 44 0.4488
14521 23 67 0.4488
14521 23 60 0.378
14521 23 63 0.378
14546 23 55 0.5197
14546 23 43 0.4409
14571 23 63 0.4488
14571 23 58 0.378
14571 23 55 0.378
14596 23 48 0.4409
14596 23 60 0.5197
14621 23 60 0.378
14621 23 63 0.378
14621 23 67 0.4488
14647 23 56 0.5354
14647 23 44 0.4567
14672 23 62 0.4488
14672 23 56 0.3701
14697 23 55 0.5197
14697 23 43 0.4409
14722 23 63 0.4409
14722 23 55 0.3701
14722 23 58 0.3701
14747 23 44 0.4252
14747 23 56 0.5039
14773 23 60 0.3622
14773 23 56 0.3622
14773 23 65 0.4331
14798 49 58 0.4961
14798 49 46 0.4173
14848 49 63 0.5039
14848 49 58 0.4331
14848 49 55 0.4331
14899 49 34 0.4094
14899 49 46 0.4803
14949 49 58 0.3937
14949 49 62 0.4646
14949 49 56 0.3937
15000 11 51 0.4252
15000 11 39 0.3543
15012 12 51 0.3071
15025 12 55 0.3228
15037 12 58 0.3386
15050 12 63 0.3622
15100 11 39 0.3386
15100 11 51 0.4016
15113 12 51 0.3071
15126 12 55 0.3228
15138 12 58 0.3465
15151 12 63 0.3622
15201 11 53 0.4252
15201 11 41 0.3543
15214 12 53 0.2677
15226 12 56 0.2913
15239 12 58 0.3071
15252 12 62 0.3307
15302 11 46 0.3543
15302 11 34 0.2992
15315 12 53 0.2756
15327 12 56 0.2913
15340 12 58 0.3071
15352 12 62 0.3228
15403 11 51 0.4252
15403 11 39 0.3543
15415 12 51 0.3071
15428 12 55 0.3228
15441 12 58 0.3386
15454 12 63 0.3622
15504 11 39 0.3386
15504 11 51 0.4016
15516 12 51 0.3071
15529 12 55 0.3228
15542 12 58 0.3465
15554 12 63 0.3622
15605 11 53 0.4252
15605 11 41 0.3543
15617 12 53 0.2677
15630 12 56 0.2913
15642 12 58 0.3071
15655 12 62 0.3307
15705 11 34 0.2992
15705 11 46 0.3543
15718 12 53 0.2756
15731 12 56 0.2913
15743 12 58 0.3071
15756 12 62 0.3228
15806 11 51 0.4252
15806 11 39 0.3543
15819 12 51 0.3071
15831 12 55 0.3228
15844 12 58 0.3386
15857 12 63 0.3622
15907 11 39 0.3386
15907 11 51 0.4016
15920 12 55 0.3071
15932 12 58 0.3228
15945 12 60 0.3465
15957 12 64 0.3622
16008 11 53 0.4252
16008 11 41 0.3543
16021 12 53 0.3071
16033 12 56 0.3228
16046 12 60 0.3386
16058 12 65 0.3622
16109 11 50 0.4016
16109 11 38 0.3386
16121 12 57 0.3071
16134 12 60 0.3228
16147 12 62 0.3465
16159 12 66 0.3622
16210 11 55 0.4252
16210 11 43 0.3543
16222 12 55 0.3071
16235 12 58 0.3228
16247 12 62 0.3386
16260 12 67 0.3622
16310 11 56 0.4016
16310 11 44 0.3386
16323 12 56 0.3071
16336 12 60 0.3228
16348 12 65 0.3465
16361 12 68 0.3622
16411 11 58 0.4252
16411 11 46 0.3543
16424 12 55 0.3071
16436 12 58 0.3228
16449 12 63 0.3386
16462 12 67 0.3622
16512 11 46 0.4016
16512 11 34 0.3386
16525 12 53 0.3071
16537 12 56 0.3228
16550 12 58 0.3465
16563 12 62 0.3622
16613 11 51 0.4252
16613 11 39 0.3543
16626 12 51 0.3071
16638 12 55 0.3228
16651 12 58 0.3386
16664 12 63 0.3622
16714 12 46 0.4016
16714 12 34 0.3386
16764 12 56 0.3071
16764 12 58 0.3071
16764 12 62 0.3622
16815 11 51 0.4252
16815 11 39 0.3543
16827 12 51 0.3071
16840 12 55 0.3228
16852 12 58 0.3386
16866 12 63 0.3622
16915 12 46 0.4016
16915 12 34 0.3386
16966 12 58 0.3071
16966 12 56 0.3071
16966 12 62 0.3622
17016 11 51 0.4252
17016 11 39 0.3543
17029 12 51 0.3071
17042 12 55 0.3228
17054 12 58 0.3386
17067 12 63 0.3622
17117 12 67 0.4016
17117 12 63 0.4016
17168 12 70 0.4331
17168 12 67 0.4331
17218 100 75 0.4803
17218 100 79 0.4803
17420 49 48 0.4016
17420 49 60 0.4724
17420 49 55 0.3701
17470 49 62 0.4173
17470 49 55 0.3543
17470 49 59 0.3543
17521 49 63 0.4409
17521 49 60 0.3701
17571 49 59 0.3465
17571 49 62 0.4094
17571 49 55 0.3465
17621 49 55 0.4016
17621 49 48 0.4016
17621 49 60 0.4724
17672 49 53 0.3937
17672 49 56 0.4724
17672 49 48 0.3937
17722 49 48 0.4016
17722 49 55 0.4803
17823 49 55 0.4173
17823 49 60 0.4961
17823 49 48 0.4173
17873 49 39 0.4094
17873 49 51 0.4882
17924 49 41 0.4409
17924 49 53 0.5197
17974 49 54 0.4646
17974 49 42 0.3937
18025 49 43 0.4173
18025 49 55 0.4961
18075 49 50 0.3543
18075 49 57 0.3543
18075 49 60 0.4173
18126 49 55 0.3465
18126 49 59 0.4094
18226 49 48 0.378
18226 49 60 0.4724
18226 49 55 0.4016
18277 49 62 0.4173
18277 49 55 0.3543
18277 49 59 0.3543
18327 49 60 0.3701
18327 49 64 0.4409
18378 49 55 0.3465
18378 49 59 0.3465
18378 49 62 0.4094
18428 49 55 0.4016
18428 49 48 0.4016
18428 49 60 0.4724
18479 49 48 0.3937
18479 49 53 0.3937
18479 49 57 0.4724
18529 49 55 0.4803
18529 49 48 0.4016
18579 49 54 0.4016
18579 49 45 0.4016
18579 49 57 0.4803
18630 49 47 0.4173
18630 49 59 0.4961
18630 49 55 0.4173
18680 49 59 0.4882
18680 49 52 0.4094
18680 49 55 0.3622
18731 49 57 0.5197
18731 49 55 0.4409
18731 49 48 0.4409
18781 49 38 0.3937
18781 49 50 0.4646
18831 49 43 0.5197
18831 49 55 0.5197
18882 37 43 0.5118
18932 37 31 0.5433
19033 25 46 0.378
19033 25 34 0.378
19058 25 56 0.3307
19084 25 58 0.3307
19109 25 62 0.378
19134 25 58 0.3307
19159 25 56 0.3307
19184 25 46 0.378
19210 25 56 0.3228
19235 25 58 0.3228
19260 25 62 0.378
19285 25 58 0.315
19310 25 56 0.3228
19336 25 46 0.378
19336 25 34 0.378
19361 25 55 0.3228
19386 25 58 0.3228
19411 25 63 0.378
19436 25 58 0.3307
19462 25 55 0.3307
19487 25 46 0.378
19512 25 55 0.3307
19537 25 58 0.3307
19563 25 63 0.378
19588 25 58 0.3307
19613 25 55 0.3307
19638 25 46 0.378
19638 25 34 0.378
19663 25 55 0.3386
19689 25 58 0.3386
19714 25 64 0.4094
19739 25 58 0.3386
19764 25 55 0.3465
19789 25 46 0.3937
19815 25 55 0.3386
19840 25 58 0.3386
19865 25 64 0.4016
19890 25 58 0.3465
19915 25 55 0.3465
19941 25 46 0.4016
19941 25 58 0.4803
19941 25 56 0.4016
20016 25 64 0.3386
20016 25 58 0.3386
20016 25 67 0.4016
20092 25 65 0.3465
20092 25 68 0.4173
20092 25 58 0.3465
20168 25 67 0.4016
20168 25 58 0.3386
20168 25 64 0.3386
20243 25 65 0.4488
20243 25 58 0.4488
20243 25 68 0.5354
20294 25 57 0.4173
20294 25 69 0.4961
20319 50 56 0.4567
20319 50 68 0.5354
20369 25 55 0.4646
20369 25 67 0.5512
20394 50 65 0.5591
20394 50 53 0.4646
20445 25 63 0.5748
20445 25 51 0.4803
20470 50 62 0.5827
20470 50 50 0.4882
20521 25 60 0.6063
20521 25 48 0.5118
20546 50 46 0.5276
20546 50 58 0.622
20596 25 45 0.5354
20596 25 57 0.6378
20621 50 56 0.6535
20621 50 44 0.5433
20672 25 43 0.5669
20672 25 55 0.6772
20697 50 41 0.5748
20697 50 53 0.685
20747 25 39 0.5906
20747 25 51 0.7008
20773 50 50 0.7087
20773 50 38 0.5984
20823 25 36 0.6142
20823 25 48 0.7323
20848 50 34 0.6535
20848 50 46 0.7874
20924 50 58 0.5512
20924 50 53 0.5512
20924 50 62 0.6457
21000 50 33 0.6535
21000 50 45 0.7717
21075 50 57 0.5276
21075 50 66 0.6299
21075 50 63 0.5276
21151 50 44 0.7874
21151 50 32 0.6535
21226 50 56 0.5512
21226 50 66 0.6457
21226 50 63 0.5512
21302 50 29 0.6535
21302 50 41 0.7717
21378 50 56 0.5276
21378 50 58 0.5276
21378 50 65 0.6299
21378 50 62 0.5276
21453 50 34 0.7717
21504 6 41 0.4016
21510 6 44 0.4173
21516 6 46 0.4252
21523 6 50 0.4409
21529 6 53 0.4488
21535 6 56 0.4646
21542 6 58 0.4724
21907 50 39 0.4882
21907 50 51 0.5827
21983 50 63 0.4961
21983 50 55 0.4173
21983 50 58 0.4173
22058 50 46 0.5827
22058 50 34 0.4882
22134 50 53 0.4252
22134 50 62 0.5039
22134 50 58 0.4252
22210 50 41 0.4882
22210 50 53 0.5827
22285 50 57 0.4409
22285 50 53 0.4409
22285 50 60 0.5197
22361 50 46 0.5827
22361 50 34 0.4882
22436 50 53 0.4409
22436 50 58 0.4409
22436 50 62 0.5276
22512 50 39 0.5433
22512 50 51 0.6457
22588 50 58 0.4961
22588 50 55 0.4961
22588 50 63 0.5906
22663 50 56 0.6457
22663 50 44 0.5433
22739 50 60 0.4961
22739 50 56 0.4961
22739 50 63 0.5906
22815 50 53 0.6457
22815 50 41 0.5433
22890 50 58 0.4803
22890 50 56 0.4803
22890 50 53 0.4803
22890 50 62 0.5669
22966 50 51 0.7323
22966 50 39 0.622
23042 8 39 0.4567
23050 8 46 0.4094
23058 8 51 0.4094
23067 8 55 0.4567
23075 8 58 0.4094
23084 8 63 0.4094
23218 50 48 0.4882
23218 50 60 0.5827
23294 50 55 0.4173
23294 50 60 0.4173
23294 50 63 0.4961
23369 50 44 0.4882
23369 50 56 0.5827
23445 50 56 0.4252
23445 50 63 0.5039
23445 50 60 0.4252
23521 50 43 0.4882
23521 50 55 0.5827
23596 50 55 0.4409
23596 50 63 0.5197
23596 50 58 0.4409
23672 50 34 0.4882
23672 50 46 0.5827
23747 50 53 0.4409
23747 50 65 0.5276
23747 50 58 0.4409
23823 50 39 0.5433
23823 50 51 0.6457
23899 50 58 0.4961
23899 50 55 0.4961
23899 50 63 0.5906
23974 50 52 0.6457
23974 50 40 0.5433
24050 50 52 0.4961
24050 50 61 0.5906
24050 50 58 0.4961
24126 50 53 0.6457
24126 126 41 0.5433
24201 50 60 0.5669
24201 50 53 0.4803
24201 50 56 0.4803
24252 25 34 0.5827
24252 25 46 0.5827
24277 50 48 0.7323
24277 50 36 0.622
24352 8 36 0.4567
24361 8 48 0.4094
24369 8 51 0.4094
24378 8 55 0.4567
24386 8 60 0.4094
24394 8 63 0.4094
24529 50 36 0.4882
24529 50 48 0.5827
24605 50 55 0.4173
24605 50 60 0.4173
24605 50 63 0.4961
24680 50 44 0.4882
24680 50 56 0.5827
24756 50 56 0.4252
24756 50 60 0.4252
24756 50 63 0.5039
24831 50 56 0.6378
24831 50 44 0.5354
24907 50 58 0.4803
24907 50 56 0.4803
24907 50 62 0.4803
24907 50 65 0.5669
24983 50 43 0.4882
24983 50 55 0.5827
25058 50 63 0.5276
25058 50 55 0.4409
25058 50 58 0.4409
25134 50 47 0.6457
25134 50 35 0.5433
25210 50 53 0.4961
25210 50 62 0.5906
25210 50 56 0.4961
25285 50 48 0.6457
25285 50 36 0.5433
25361 50 60 0.4961
25361 50 55 0.4961
25361 50 63 0.5906
25436 50 53 0.6457
25436 50 41 0.5433
25512 50 63 0.5669
25512 50 53 0.4803
25512 50 57 0.4803
25588 50 34 0.622
25588 50 46 0.7323
25663 8 46 0.4724
25672 8 53 0.4173
25680 8 58 0.4173
25815 50 60 0.6063
25815 50 48 0.5118
25890 50 55 0.4331
25890 50 60 0.4331
25890 50 63 0.5197
25966 50 55 0.6063
25966 50 43 0.5118
26042 50 55 0.4409
26042 50 62 0.5276
26042 50 58 0.4409
26117 50 56 0.6063
26117 50 44 0.5118
26193 50 56 0.4567
26193 50 53 0.4567
26193 50 60 0.5433
26268 50 51 0.5827
26268 50 39 0.4882
26344 50 58 0.4409
26344 50 55 0.4409
26344 50 63 0.5276
26420 50 40 0.5433
26420 50 52 0.6457
26495 50 58 0.4961
26495 50 61 0.5906
26495 50 52 0.4961
26571 75 53 0.6457
26571 75 41 0.5433
26647 75 43 0.5669
26647 75 55 0.6772
26722 116 58 0.6772
26722 151 46 0.5748
26798 40 63 0.622
26798 75 58 0.5276
26864 160 46 0.4016
26867 157 53 0.4331
26870 154 56 0.4488
26873 151 62 0.4803
27025 23 51 0.5669
27025 23 39 0.4803
27050 23 55 0.3622
27050 23 58 0.4331
27050 23 51 0.3622
27075 23 58 0.4409
27075 23 55 0.3701
27075 23 51 0.3701
27100 23 51 0.3465
27100 23 58 0.4094
27100 23 55 0.3465
27126 23 51 0.2992
27126 23 58 0.3543
27126 23 55 0.2992
27151 23 51 0.2992
27151 23 58 0.3543
27151 23 55 0.2992
27176 23 55 0.3465
27176 23 51 0.3465
27176 23 58 0.4094
27201 23 55 0.2913
27201 23 51 0.2913
27201 23 58 0.3386
27226 23 55 0.2992
27226 23 51 0.2992
27226 23 58 0.3465
27252 23 51 0.3228
27252 23 55 0.3228
27252 23 58 0.3858
27277 23 51 0.2992
27277 23 58 0.3701
27277 23 55 0.2992
27302 23 55 0.3307
27302 23 58 0.3937
27302 23 51 0.3307
27327 23 37 0.4961
27327 23 49 0.5827
27352 23 58 0.4488
27352 23 49 0.378
27352 23 55 0.378
27352 23 51 0.378
27378 23 51 0.3858
27378 23 55 0.3858
27378 23 49 0.3858
27378 23 58 0.4567
27403 23 51 0.3543
27403 23 49 0.3543
27403 23 58 0.4252
27403 23 55 0.3543
27428 23 55 0.315
27428 23 49 0.315
27428 23 58 0.3701
27428 23 51 0.315
27453 23 49 0.315
27453 23 58 0.3701
27453 23 55 0.315
27453 23 51 0.315
27479 23 49 0.3543
27479 23 58 0.4252
27479 23 55 0.3543
27479 23 51 0.3543
27504 23 58 0.3622
27504 23 51 0.2992
27504 23 49 0.2992
27504 23 55 0.2992
27529 23 55 0.2992
27529 23 49 0.2992
27529 23 58 0.3622
27529 23 51 0.2992
27554 23 49 0.3307
27554 23 51 0.3307
27554 23 58 0.4016
27554 23 55 0.3307
27579 23 55 0.315
27579 23 58 0.3858
27579 23 49 0.315
27579 23 51 0.315
27605 23 55 0.3386
27605 23 51 0.3386
27605 23 49 0.3386
27605 23 58 0.4094
27630 23 36 0.5118
27630 23 48 0.5984
27655 23 48 0.3858
27655 23 56 0.3858
27655 23 51 0.3858
27655 23 60 0.4646
27680 23 51 0.4016
27680 23 60 0.4803
27680 23 48 0.4016
27680 23 56 0.4016
27705 23 56 0.3701
27705 23 48 0.3701
27705 23 60 0.4409
27705 23 51 0.3701
27731 23 60 0.3858
27731 23 51 0.3228
27731 23 56 0.3228
27731 23 48 0.3228
27756 23 51 0.3307
27756 23 48 0.3307
27756 23 60 0.3858
27756 23 56 0.3307
27781 23 51 0.3622
27781 23 60 0.4331
27781 23 56 0.3622
27781 23 48 0.3622
27806 23 48 0.315
27806 23 56 0.315
27806 23 60 0.3701
27806 23 51 0.315
27831 23 51 0.315
27831 23 56 0.315
27831 23 48 0.315
27831 23 60 0.3701
27857 23 51 0.3465
27857 23 60 0.4173
27857 23 56 0.3465
27857 23 48 0.3465
27882 23 48 0.3307
27882 23 60 0.4016
27882 23 56 0.3307
27882 23 51 0.3307
27907 23 51 0.3543
27907 23 48 0.3543
27907 23 60 0.4252
27907 23 56 0.3543
27932 23 44 0.6299
27932 23 32 0.5354
27958 23 56 0.4094
27958 23 51 0.4094
27958 23 59 0.4882
27983 23 51 0.4173
27983 23 56 0.4173
27983 23 59 0.4961
28008 23 51 0.3858
28008 23 56 0.3858
28008 23 59 0.4567
28033 23 51 0.3386
28033 23 59 0.4016
28033 23 56 0.3386
28058 23 51 0.3386
28058 23 59 0.4016
28058 23 56 0.3386
28084 23 56 0.378
28084 23 59 0.4488
28084 23 51 0.378
28109 23 56 0.3228
28109 23 51 0.3228
28109 23 59 0.3858
28134 23 56 0.3228
28134 23 59 0.3858
28134 23 51 0.3228
28159 23 56 0.3543
28159 23 59 0.4252
28159 23 51 0.3543
28184 23 59 0.4016
28184 23 51 0.3307
28184 23 56 0.3307
28210 23 51 0.3543
28210 23 59 0.4252
28210 23 56 0.3543
28235 23 39 0.6299
28235 23 27 0.5354
28260 23 55 0.4094
28260 23 63 0.4882
28260 23 58 0.4094
28260 23 51 0.4094
28285 23 63 0.5039
28285 23 51 0.4252
28285 23 55 0.4252
28285 23 58 0.4252
28310 23 63 0.5197
28310 23 58 0.4409
28310 23 51 0.4409
28310 23 55 0.4409
28336 23 63 0.4567
28336 23 58 0.3858
28336 23 51 0.3858
28336 23 55 0.3858
28361 23 63 0.4646
28361 23 58 0.3858
28361 23 51 0.3858
28361 23 55 0.3858
28386 23 51 0.4409
28386 23 55 0.4409
28386 23 58 0.5276
28386 23 46 0.4409
28411 23 58 0.4803
28411 23 51 0.4016
28411 23 55 0.4016
28411 23 46 0.4016
28436 23 51 0.4016
28436 23 55 0.4016
28436 23 58 0.4803
28436 23 46 0.4016
28462 23 51 0.4488
28462 23 43 0.4488
28462 23 46 0.4488
28462 23 55 0.5354
28487 23 55 0.5118
28487 23 43 0.4331
28487 23 46 0.4331
28487 23 51 0.4331
28512 23 55 0.5197
28512 23 43 0.4331
28512 23 46 0.4331
28512 23 51 0.4331
28537 23 46 0.5827
28537 23 39 0.5827
28537 23 51 0.6929
28563 23 51 0.5354
28563 23 46 0.4488
28563 23 39 0.4488
28588 23 39 0.4567
28588 23 51 0.5433
28588 23 46 0.4567
28613 23 46 0.4724
28613 23 39 0.4724
28613 23 51 0.5591
28613 23 43 0.4724
28638 23 43 0.4173
28638 23 39 0.4173
28638 23 51 0.4961
28638 23 46 0.4173
28663 23 46 0.4173
28663 23 39 0.4173
28663 23 51 0.4961
28663 23 43 0.4173
28689 23 34 0.4646
28689 23 39 0.4646
28689 23 46 0.5591
28689 23 43 0.4646
28714 23 46 0.5039
28714 23 34 0.4252
28714 23 39 0.4252
28714 23 43 0.4252
28739 23 43 0.4252
28739 23 34 0.4252
28739 23 39 0.4252
28739 23 46 0.5039
28764 23 43 0.5591
28764 23 31 0.4724
28764 23 34 0.4724
28764 23 39 0.4724
28789 23 43 0.5354
28789 23 31 0.4488
28789 23 34 0.4488
28789 23 39 0.4488
28815 23 39 0.4488
28815 23 31 0.4488
28815 23 34 0.4488
28815 23 43 0.5354
28840 126 27 0.5827
28840 126 39 0.7087
28840 126 34 0.5827
28991 126 51 0.5354
28991 126 55 0.5354
28991 126 58 0.5354
28991 126 63 0.6378
29142 201 39 0.5354
29142 201 46 0.5354
29142 201 51 0.6378
