0 121 81 0.3937
0 161 65 0.2677
0 161 62 0.2205
121 20 77 0.3622
141 20 74 0.3228
161 80 73 0.3937
161 80 67 0.252
161 80 64 0.2126
484 121 82 0.3937
484 161 70 0.2205
484 161 67 0.2205
484 161 73 0.2677
484 161 64 0.2205
605 20 79 0.3622
625 20 76 0.3228
645 80 74 0.3937
645 80 69 0.2126
645 80 74 0.252
645 80 65 0.2126
766 40 85 0.3701
806 80 86 0.4331
927 40 81 0.3386
968 80 82 0.4173
968 80 67 0.2047
1089 40 74 0.3228
1129 80 73 0.3937
1129 80 69 0.2047
1250 40 76 0.3228
1290 80 81 0.3937
1290 80 61 0.2126
1290 80 69 0.252
1411 40 79 0.3228
1452 40 79 0.2756
1452 80 62 0.2126
1452 80 69 0.252
1492 40 77 0.252
1532 10 79 0.2992
1542 10 77 0.252
1552 10 79 0.2362
1562 10 77 0.2441
1573 10 79 0.2598
1583 10 77 0.2835
1593 10 76 0.2913
1603 10 77 0.2992
1613 80 76 0.315
1613 80 69 0.2126
1613 80 73 0.252
1936 80 69 0.3543
1936 161 53 0.2362
1936 161 50 0.1969
2016 20 67 0.3307
2036 20 65 0.2835
2057 20 64 0.3228
2077 20 62 0.2835
2097 80 61 0.3543
2097 80 55 0.2205
2097 80 52 0.189
2258 26 55 0.3543
2285 26 58 0.3228
2312 26 61 0.3228
2339 26 64 0.3543
2366 26 67 0.3228
2393 26 69 0.3228
2420 80 70 0.4488
2420 161 52 0.1969
2420 161 58 0.1969
2420 161 61 0.2362
2420 161 55 0.1969
2500 20 69 0.3307
2520 20 67 0.2835
2541 20 65 0.3228
2561 20 64 0.2835
2581 80 62 0.3543
2581 80 57 0.2205
2581 80 53 0.189
2702 40 73 0.3386
2742 10 74 0.3543
2752 10 73 0.3307
2762 60 74 0.4173
2863 40 76 0.3228
2904 10 77 0.3543
2904 161 46 0.2047
2904 161 50 0.2047
2904 161 56 0.2756
2914 10 76 0.3307
2924 60 77 0.4173
3025 40 85 0.4331
3065 80 86 0.5039
3186 40 88 0.5118
3226 80 89 0.5433
3226 80 34 0.2205
3347 36 56 0.2677
3388 161 56 0.315
3388 161 33 0.252
3549 10 57 0.2756
3559 10 56 0.252
3569 141 57 0.315
3872 161 29 0.252
3872 161 41 0.252
3898 26 84 0.315
3925 26 79 0.315
3952 26 81 0.3543
3979 26 84 0.315
4006 26 76 0.315
4033 26 77 0.3307
4060 26 81 0.315
4087 26 77 0.2756
4114 26 76 0.315
4140 26 74 0.2913
4167 26 72 0.2913
4194 26 70 0.315
4221 26 69 0.2992
4248 26 67 0.2992
4275 26 65 0.315
4302 26 64 0.2756
4329 26 62 0.2598
4356 302 60 0.315
4436 80 52 0.1654
4436 80 58 0.2126
4517 80 52 0.1654
4517 80 58 0.2126
4598 80 52 0.1654
4598 80 58 0.2126
4658 20 64 0.315
4678 121 62 0.315
4678 80 58 0.2283
4678 80 52 0.1811
4759 80 52 0.1654
4759 80 58 0.2126
4799 36 60 0.315
4840 26 60 0.3543
4840 161 53 0.252
4840 161 57 0.252
4866 26 84 0.315
4893 26 79 0.315
4920 26 81 0.3543
4947 26 84 0.315
4974 26 76 0.315
5001 26 77 0.3307
5028 26 81 0.315
5055 26 77 0.2756
5082 26 76 0.315
5108 26 74 0.2913
5135 26 72 0.2913
5162 26 70 0.315
5189 26 69 0.2992
5216 26 67 0.2992
5243 26 65 0.315
5270 26 64 0.2756
5297 26 62 0.2598
5324 302 60 0.315
5404 80 51 0.1654
5404 80 57 0.2126
5485 80 51 0.1654
5485 80 57 0.2126
5566 80 51 0.1654
5566 80 57 0.2126
5626 20 63 0.315
5646 121 62 0.315
5646 80 57 0.2283
5646 80 51 0.1811
5727 80 51 0.1654
5727 80 57 0.2126
5767 40 60 0.315
5808 121 65 0.315
5888 80 50 0.1654
5888 80 53 0.2126
5929 40 62 0.315
5969 188 58 0.315
5969 80 50 0.1811
5969 80 53 0.2283
6050 80 50 0.1654
6050 80 53 0.2126
6130 80 50 0.1811
6130 80 53 0.2283
6157 13 62 0.3228
6184 13 64 0.3228
6211 13 65 0.3543
6238 13 67 0.3228
6265 13 69 0.3228
6292 282 70 0.378
6292 26 48 0.2126
6318 26 52 0.1969
6345 26 55 0.1969
6372 26 48 0.2126
6399 26 52 0.1969
6426 26 55 0.1969
6453 26 48 0.2126
6480 26 52 0.1969
6507 26 55 0.1969
6534 26 48 0.2126
6560 26 52 0.1969
6574 20 72 0.3622
6587 26 55 0.1969
6594 20 70 0.3307
6614 161 69 0.378
6614 26 48 0.2126
6641 26 53 0.1969
6668 26 57 0.1969
6695 26 48 0.2126
6722 26 53 0.1969
6749 26 57 0.1969
6776 161 74 0.3937
6776 26 46 0.2441
6802 26 53 0.1969
6829 26 57 0.2283
6856 26 46 0.252
6883 26 53 0.2756
6910 26 57 0.2992
6937 161 79 0.5197
6937 26 46 0.3307
6964 26 53 0.2913
6991 26 55 0.2913
7018 26 46 0.3307
7044 26 53 0.2756
7071 26 55 0.2835
7098 157 77 0.4567
7098 26 47 0.3386
7125 26 50 0.2756
7152 26 55 0.2756
7179 26 47 0.3228
7206 26 50 0.2677
7233 26 55 0.2677
7260 40 77 0.3937
7260 26 48 0.3071
7286 26 52 0.2441
7300 40 76 0.3543
7313 26 55 0.2441
7340 40 74 0.3386
7340 26 48 0.2756
7367 26 52 0.2441
7381 40 72 0.3386
7394 26 55 0.2441
7421 161 70 0.4173
7421 26 52 0.2756
7448 26 55 0.252
7475 26 60 0.252
7502 26 52 0.2756
7528 26 55 0.2283
7555 26 60 0.2283
7582 161 69 0.3543
7582 26 53 0.2756
7609 26 57 0.2126
7636 26 60 0.2126
7663 26 53 0.252
7690 26 57 0.2126
7717 26 60 0.2126
7744 80 58 0.252
7744 80 62 0.315
7770 26 67 0.315
7797 26 70 0.315
7824 26 74 0.3543
7851 26 70 0.2756
7878 26 67 0.2756
7905 221 65 0.3228
7905 161 57 0.2362
7905 322 48 0.189
8066 161 58 0.2126
8127 20 69 0.2756
8147 80 67 0.3307
8147 80 64 0.2835
8228 26 69 0.3937
8228 26 53 0.315
8254 26 72 0.3937
8254 26 57 0.315
8281 26 70 0.3701
8281 26 55 0.2913
8308 26 69 0.3937
8308 26 53 0.315
8335 26 77 0.4331
8335 26 62 0.3465
8362 26 76 0.378
8362 26 60 0.2992
8389 26 74 0.3937
8389 26 58 0.315
8416 26 82 0.4409
8416 26 67 0.3465
8443 26 81 0.3937
8443 26 65 0.315
8470 26 79 0.4567
8470 26 64 0.3543
8496 26 86 0.4803
8496 26 70 0.4094
8523 26 84 0.4252
8523 26 69 0.3386
8550 26 82 0.4331
8550 26 67 0.3465
8577 26 81 0.3937
8577 26 65 0.315
8604 26 79 0.3622
8604 26 64 0.2835
8631 26 77 0.4252
8631 26 62 0.3386
8658 26 76 0.3937
8658 26 60 0.315
8685 26 74 0.3937
8685 26 58 0.315
8712 161 72 0.3937
8712 26 57 0.3071
8738 26 60 0.2441
8765 26 65 0.2441
8792 26 57 0.2756
8819 26 60 0.2441
8846 26 65 0.2441
8873 10 70 0.3937
8873 26 55 0.2756
8883 10 72 0.3622
8893 141 70 0.4173
8900 26 58 0.252
8927 26 64 0.252
8954 26 55 0.2756
8980 26 58 0.2283
9007 26 64 0.2283
9034 161 69 0.3543
9034 26 53 0.2756
9061 26 57 0.2126
9088 26 65 0.2126
9115 26 53 0.252
9142 26 57 0.2126
9169 26 65 0.2126
9196 161 58 0.252
9196 161 62 0.315
9222 26 66 0.315
9249 26 67 0.315
9276 26 74 0.3543
9303 26 70 0.2756
9330 26 67 0.2756
9357 221 65 0.3228
9357 161 57 0.2362
9357 322 48 0.189
9518 161 58 0.2126
9579 20 69 0.2756
9599 80 67 0.3307
9599 80 64 0.2835
9680 26 69 0.3937
9680 26 53 0.315
9706 26 72 0.3937
9706 26 57 0.315
9733 26 70 0.3701
9733 26 55 0.2913
9760 26 69 0.3937
9760 26 53 0.315
9787 26 77 0.4331
9787 26 62 0.3465
9814 26 76 0.378
9814 26 60 0.2992
9841 26 74 0.3937
9841 26 58 0.315
9868 26 82 0.4409
9868 26 67 0.3465
9895 26 81 0.3937
9895 26 65 0.315
9922 26 79 0.4488
9922 26 64 0.3622
9948 26 86 0.4882
9948 26 70 0.4016
9975 26 84 0.4252
9975 26 69 0.3386
10002 26 82 0.4331
10002 26 67 0.3465
10029 26 81 0.3937
10029 26 65 0.315
10056 26 79 0.3622
10056 26 64 0.2835
10083 26 77 0.4252
10083 26 62 0.3386
10110 26 76 0.3937
10110 26 60 0.315
10137 26 74 0.3937
10137 26 58 0.315
10164 161 72 0.3937
10164 26 57 0.3071
10190 26 60 0.2441
10217 26 65 0.2441
10244 26 57 0.2756
10271 26 60 0.2441
10298 26 65 0.2441
10325 10 70 0.3307
10325 26 55 0.2756
10335 10 72 0.2913
10345 10 70 0.3228
10352 26 58 0.252
10355 10 72 0.2992
10365 10 70 0.3386
10375 10 72 0.3071
10379 26 64 0.252
10385 10 70 0.3386
10395 10 72 0.315
10406 10 70 0.3543
10406 26 55 0.2756
10416 10 72 0.3307
10426 10 70 0.3543
10432 26 58 0.2283
10436 10 72 0.3307
10446 10 70 0.3543
10456 10 72 0.3307
10459 26 64 0.2283
10466 10 69 0.3701
10476 10 70 0.3307
10486 161 69 0.4331
10486 26 53 0.2756
10513 26 57 0.2126
10540 26 65 0.2126
10567 26 53 0.252
10594 26 57 0.2126
10621 26 65 0.2126
10648 26 66 0.315
10648 161 58 0.2047
10648 161 62 0.2835
10674 26 67 0.2756
10701 26 70 0.2756
10728 26 74 0.2913
10755 26 79 0.315
10782 26 82 0.315
10809 26 86 0.3307
10836 26 84 0.2992
10863 26 82 0.2992
10890 26 81 0.3228
10916 26 79 0.2756
10943 23 77 0.2598
10970 26 77 0.3228
10970 322 70 0.2835
10970 161 60 0.2126
10997 26 76 0.2756
11024 26 79 0.2756
11051 26 82 0.3071
11078 26 79 0.2756
11105 23 76 0.2756
11132 161 76 0.3228
11132 322 65 0.2126
11293 161 77 0.3228
11293 161 69 0.2126
11616 121 81 0.3937
11616 161 65 0.2677
11616 161 62 0.2205
11737 20 77 0.3622
11757 20 74 0.3228
11777 80 73 0.3937
11777 80 67 0.252
11777 80 64 0.2126
12100 121 82 0.3937
12100 161 70 0.2205
12100 161 67 0.2205
12100 161 73 0.2677
12100 161 64 0.2205
12221 20 79 0.3622
12241 20 76 0.3228
12261 80 74 0.3937
12261 80 69 0.2126
12261 80 74 0.252
12261 80 65 0.2126
12382 40 85 0.3701
12422 80 86 0.4331
12543 40 81 0.3386
12584 80 82 0.4173
12584 80 67 0.2047
12705 40 74 0.3228
12745 80 73 0.3937
12745 80 69 0.2047
12866 40 76 0.3228
12906 80 81 0.3937
12906 80 61 0.2126
12906 80 69 0.252
13027 40 79 0.3228
13068 40 79 0.2756
13068 80 62 0.2126
13068 80 69 0.252
13108 40 77 0.252
13148 10 79 0.2992
13158 10 77 0.252
13168 10 79 0.2362
13178 10 77 0.2441
13189 10 79 0.2598
13199 10 77 0.2835
13209 10 76 0.2913
13219 10 77 0.2992
13229 80 76 0.315
13229 80 69 0.2126
13229 80 73 0.252
13552 80 69 0.3543
13552 161 53 0.2362
13552 161 50 0.1969
13632 20 67 0.3307
13652 20 65 0.2835
13673 20 64 0.3228
13693 20 62 0.2835
13713 80 61 0.3543
13713 80 55 0.2205
13713 80 52 0.189
13874 26 55 0.3543
13901 26 58 0.3228
13928 26 61 0.3228
13955 26 64 0.3543
13982 26 67 0.3228
14009 26 69 0.3228
14036 80 70 0.4488
14036 161 52 0.1969
14036 161 58 0.1969
14036 161 61 0.2362
14036 161 55 0.1969
14116 20 69 0.3307
14136 20 67 0.2835
14157 20 65 0.3228
14177 20 64 0.2835
14197 80 62 0.3543
14197 80 57 0.2205
14197 80 53 0.189
14318 40 73 0.3386
14358 10 74 0.3543
14368 10 73 0.3307
14378 60 74 0.4173
14479 40 76 0.3228
14520 10 77 0.3543
14520 161 46 0.2047
14520 161 50 0.2047
14520 161 56 0.2756
14530 10 76 0.3307
14540 60 77 0.4173
14641 40 85 0.4331
14681 80 86 0.5039
14802 40 88 0.5118
14842 80 89 0.5433
14842 80 34 0.2205
14963 36 56 0.2677
15004 161 56 0.315
15004 161 33 0.252
15165 10 57 0.2756
15175 10 56 0.252
15185 141 57 0.315
15488 161 29 0.252
15488 161 41 0.252
15514 26 84 0.315
15541 26 79 0.315
15568 26 81 0.3543
15595 26 84 0.315
15622 26 76 0.315
15649 26 77 0.3307
15676 26 81 0.315
15703 26 77 0.2756
15730 26 76 0.315
15756 26 74 0.2913
15783 26 72 0.2913
15810 26 70 0.315
15837 26 69 0.2992
15864 26 67 0.2992
15891 26 65 0.315
15918 26 64 0.2756
15945 26 62 0.2598
15972 302 60 0.315
16052 80 52 0.1654
16052 80 58 0.2126
16133 80 52 0.1654
16133 80 58 0.2126
16214 80 52 0.1654
16214 80 58 0.2126
16274 20 64 0.315
16294 121 62 0.315
16294 80 58 0.2283
16294 80 52 0.1811
16375 80 52 0.1654
16375 80 58 0.2126
16415 36 60 0.315
16456 26 60 0.3543
16456 161 53 0.252
16456 161 57 0.252
16482 26 84 0.315
16509 26 79 0.315
16536 26 81 0.3543
16563 26 84 0.315
16590 26 76 0.315
16617 26 77 0.3307
16644 26 81 0.315
16671 26 77 0.2756
16698 26 76 0.315
16724 26 74 0.2913
16751 26 72 0.2913
16778 26 70 0.315
16805 26 69 0.2992
16832 26 67 0.2992
16859 26 65 0.315
16886 26 64 0.2756
16913 26 62 0.2598
16940 302 60 0.315
17020 80 51 0.1654
17020 80 57 0.2126
17101 80 51 0.1654
17101 80 57 0.2126
17182 80 51 0.1654
17182 80 57 0.2126
17242 20 63 0.315
17262 121 62 0.315
17262 80 57 0.2283
17262 80 51 0.1811
17343 80 51 0.1654
17343 80 57 0.2126
17383 40 60 0.315
17424 121 65 0.315
17504 80 50 0.1654
17504 80 53 0.2126
17545 40 62 0.315
17585 188 58 0.315
17585 80 50 0.1811
17585 80 53 0.2283
17666 80 50 0.1654
17666 80 53 0.2126
17746 80 50 0.1811
17746 80 53 0.2283
17773 13 62 0.3228
17800 13 64 0.3228
17827 13 65 0.3543
17854 13 67 0.3228
17881 13 69 0.3228
17908 282 70 0.378
17908 26 48 0.2126
17934 26 52 0.1969
17961 26 55 0.1969
17988 26 48 0.2126
18015 26 52 0.1969
18042 26 55 0.1969
18069 26 48 0.2126
18096 26 52 0.1969
18123 26 55 0.1969
18150 26 48 0.2126
18176 26 52 0.1969
18190 20 72 0.3622
18203 26 55 0.1969
18210 20 70 0.3307
18230 161 69 0.378
18230 26 48 0.2126
18257 26 53 0.1969
18284 26 57 0.1969
18311 26 48 0.2126
18338 26 53 0.1969
18365 26 57 0.1969
18392 161 74 0.4094
18392 26 46 0.2441
18418 26 53 0.1969
18445 26 57 0.2283
18472 26 46 0.252
18499 26 53 0.2756
18526 26 57 0.2992
18553 161 79 0.5197
18553 26 46 0.3307
18580 26 53 0.2913
18607 26 55 0.2913
18634 26 46 0.3307
18660 26 53 0.2756
18687 26 55 0.2835
18714 157 77 0.4803
18714 26 47 0.3386
18741 26 50 0.2756
18768 26 55 0.2756
18795 26 47 0.3228
18822 26 50 0.2677
18849 26 55 0.2677
18876 40 77 0.3937
18876 26 48 0.3071
18902 26 52 0.2441
18916 40 76 0.3543
18929 26 55 0.2441
18956 40 74 0.3386
18956 26 48 0.2756
18983 26 52 0.2441
18997 40 72 0.3386
19010 26 55 0.2441
19037 161 70 0.4173
19037 26 52 0.2756
19064 26 55 0.252
19091 26 60 0.252
19118 26 52 0.2756
19144 26 55 0.2283
19171 26 60 0.2283
19198 161 69 0.3543
19198 26 53 0.2756
19225 26 57 0.2126
19252 26 60 0.2126
19279 26 53 0.252
19306 26 57 0.2126
19333 26 60 0.2126
19360 80 58 0.252
19360 80 62 0.315
19386 26 67 0.315
19413 26 70 0.315
19440 26 74 0.3543
19467 26 70 0.2756
19494 26 67 0.2756
19521 221 65 0.3228
19521 161 57 0.2362
19521 322 48 0.189
19682 161 58 0.2126
19743 20 69 0.2756
19763 80 67 0.3307
19763 80 64 0.2835
19844 26 69 0.3937
19844 26 53 0.315
19870 26 72 0.3937
19870 26 57 0.315
19897 26 70 0.3701
19897 26 55 0.2913
19924 26 69 0.3937
19924 26 53 0.315
19951 26 77 0.4331
19951 26 62 0.3465
19978 26 76 0.378
19978 26 60 0.2992
20005 26 74 0.3937
20005 26 58 0.315
20032 26 82 0.4409
20032 26 67 0.3465
20059 26 81 0.3937
20059 26 65 0.315
20086 26 79 0.4567
20086 26 64 0.3543
20112 26 86 0.4803
20112 26 70 0.4094
20139 26 84 0.4252
20139 26 69 0.3386
20166 26 82 0.4331
20166 26 67 0.3465
20193 26 81 0.3937
20193 26 65 0.315
20220 26 79 0.3622
20220 26 64 0.2835
20247 26 77 0.4252
20247 26 62 0.3386
20274 26 76 0.3937
20274 26 60 0.315
20301 26 74 0.3937
20301 26 58 0.315
20328 161 72 0.3937
20328 26 57 0.3071
20354 26 60 0.2441
20381 26 65 0.2441
20408 26 57 0.2756
20435 26 60 0.2441
20462 26 65 0.2441
20489 10 70 0.3937
20489 26 55 0.2756
20499 10 72 0.3622
20509 141 70 0.4173
20516 26 58 0.252
20543 26 64 0.252
20570 26 55 0.2756
20596 26 58 0.2283
20623 26 64 0.2283
20650 161 69 0.3543
20650 26 53 0.2756
20677 26 57 0.2126
20704 26 65 0.2126
20731 26 53 0.252
20758 26 57 0.2126
20785 26 65 0.2126
20812 161 58 0.252
20812 161 62 0.315
20838 26 66 0.315
20865 26 67 0.315
20892 26 74 0.3543
20919 26 70 0.2756
20946 26 67 0.2756
20973 221 65 0.3228
20973 161 57 0.2362
20973 322 48 0.189
21134 161 58 0.2126
21195 20 69 0.2756
21215 80 67 0.3307
21215 80 64 0.2835
21296 26 69 0.3937
21296 26 53 0.315
21322 26 72 0.3937
21322 26 57 0.315
21349 26 70 0.3701
21349 26 55 0.2913
21376 26 69 0.3937
21376 26 53 0.315
21403 26 77 0.4331
21403 26 62 0.3465
21430 26 76 0.378
21430 26 60 0.2992
21457 26 74 0.3937
21457 26 58 0.315
21484 26 82 0.4409
21484 26 67 0.3465
21511 26 81 0.3937
21511 26 65 0.315
21538 26 79 0.4488
21538 26 64 0.3622
21564 26 86 0.4882
21564 26 70 0.4016
21591 26 84 0.4252
21591 26 69 0.3386
21618 26 82 0.4331
21618 26 67 0.3465
21645 26 81 0.3937
21645 26 65 0.315
21672 26 79 0.3622
21672 26 64 0.2835
21699 26 77 0.4252
21699 26 62 0.3386
21726 26 76 0.3937
21726 26 60 0.315
21753 26 74 0.3937
21753 26 58 0.315
21780 161 72 0.3937
21780 26 57 0.3071
21806 26 60 0.2441
21833 26 65 0.2441
21860 26 57 0.2756
21887 26 60 0.2441
21914 26 65 0.2441
21941 10 70 0.3307
21941 26 55 0.2756
21951 10 72 0.2913
21961 10 70 0.3228
21968 26 58 0.252
21971 10 72 0.2992
21981 10 70 0.3386
21991 10 72 0.3071
21995 26 64 0.252
22001 10 70 0.3386
22011 10 72 0.315
22022 10 70 0.3543
22022 26 55 0.2756
22032 10 72 0.3307
22042 10 70 0.3543
22048 26 58 0.2283
22052 10 72 0.3307
22062 10 70 0.3543
22072 10 72 0.3307
22075 26 64 0.2283
22082 10 69 0.3701
22092 10 70 0.3307
22102 161 69 0.4331
22102 26 53 0.2756
22129 26 57 0.2126
22156 26 65 0.2126
22183 26 53 0.252
22210 26 57 0.2126
22237 26 65 0.2126
22264 26 66 0.315
22264 161 58 0.2047
22264 161 62 0.2835
22290 26 67 0.2756
22317 26 70 0.2756
22344 26 74 0.2913
22371 26 79 0.315
22398 26 82 0.315
22425 26 86 0.3307
22452 26 84 0.2992
22479 26 82 0.2992
22506 26 81 0.3228
22532 26 79 0.2756
22559 23 77 0.2598
22586 26 77 0.3228
22586 322 70 0.2835
22586 161 60 0.2126
22613 26 76 0.2756
22640 26 79 0.2756
22667 26 82 0.3071
22694 26 79 0.2756
22721 23 76 0.2756
22748 161 76 0.3228
22748 322 65 0.2126
22909 161 77 0.3228
22909 161 69 0.2126
23232 121 72 0.3937
23232 161 57 0.2677
23232 161 53 0.2205
23353 20 69 0.3622
23373 20 65 0.3228
23393 80 64 0.3937
23393 80 58 0.252
23393 80 55 0.2126
23554 26 55 0.3543
23581 26 58 0.3228
23608 26 60 0.3228
23635 26 64 0.3543
23662 26 67 0.3228
23689 26 70 0.3228
23716 80 74 0.4488
23796 20 72 0.3307
23816 20 70 0.2835
23837 20 69 0.3228
23857 20 67 0.2835
23877 80 66 0.3543
23877 80 60 0.189
23877 80 63 0.2205
23877 80 57 0.189
24200 26 58 0.3307
24226 26 62 0.3071
24253 26 67 0.3071
24280 26 70 0.3307
24307 26 74 0.3228
24334 26 79 0.3228
24361 26 82 0.3543
24388 26 86 0.3307
24415 26 84 0.315
24442 26 82 0.3307
24468 26 81 0.3228
24495 26 79 0.3228
24522 26 86 0.3543
24549 26 84 0.3307
24576 26 82 0.3307
24603 26 81 0.3543
24630 26 79 0.315
24657 23 77 0.2992
24684 322 77 0.378
24684 26 60 0.2126
24710 26 67 0.1969
24737 26 70 0.1969
24764 26 60 0.2126
24791 26 67 0.1969
24818 26 70 0.1969
24845 26 60 0.2126
24872 26 67 0.1969
24899 26 70 0.1969
24926 26 60 0.2126
24952 26 67 0.1969
24979 26 70 0.1969
25006 10 76 0.3937
25006 26 60 0.2126
25016 10 77 0.3622
25026 141 76 0.4173
25033 26 67 0.1969
25060 26 70 0.1969
25087 26 60 0.2126
25114 26 67 0.1969
25141 23 70 0.1969
25168 484 65 0.1811
25168 161 70 0.2835
25194 26 72 0.3071
25221 26 74 0.3071
25248 26 76 0.3071
25275 26 77 0.3228
25302 26 79 0.3307
25329 26 81 0.3543
25329 322 69 0.2126
25356 26 82 0.3307
25383 26 84 0.315
25410 26 82 0.378
25436 26 81 0.3228
25463 26 79 0.3228
25490 26 77 0.3543
25517 26 84 0.3307
25544 26 81 0.3307
25571 26 79 0.3543
25598 26 77 0.315
25625 23 76 0.2992
25652 121 76 0.378
25652 26 58 0.2047
25678 26 65 0.1732
25705 26 69 0.1732
25732 26 58 0.2126
25759 26 65 0.1969
25773 40 74 0.3622
25786 26 69 0.1969
25813 161 82 0.3937
25813 26 58 0.2126
25840 26 65 0.1969
25867 26 67 0.1969
25894 26 58 0.2126
25920 26 65 0.1969
25947 26 67 0.1969
25974 161 74 0.3622
25974 26 58 0.2126
26001 26 65 0.1969
26028 26 67 0.1969
26055 26 58 0.2362
26082 26 65 0.2047
26109 23 67 0.2283
26136 121 73 0.3937
26136 26 57 0.2913
26162 26 64 0.2441
26189 26 67 0.2441
26216 26 57 0.2913
26243 26 64 0.2441
26257 40 76 0.3858
26270 26 67 0.2441
26297 161 79 0.4409
26297 26 61 0.3071
26324 26 64 0.2598
26351 26 69 0.2598
26378 26 61 0.3071
26404 26 64 0.2441
26431 26 69 0.2362
26458 121 77 0.4016
26458 26 62 0.2913
26485 26 65 0.2362
26512 26 69 0.2362
26539 26 62 0.2598
26566 26 65 0.1969
26579 40 74 0.378
26593 23 69 0.1969
26620 161 81 0.4646
26620 26 57 0.2677
26646 26 61 0.2126
26673 26 64 0.2126
26700 26 69 0.2283
26727 26 64 0.2126
26754 26 61 0.2126
26781 80 57 0.2598
26942 26 57 0.3622
26969 26 58 0.3071
26996 26 57 0.3071
27023 26 55 0.3465
27050 26 53 0.2756
27077 26 52 0.2913
27104 80 50 0.378
27130 26 69 0.3228
27157 26 67 0.3307
27184 26 65 0.378
27211 26 64 0.3307
27238 26 62 0.3307
27265 161 61 0.3858
27265 161 52 0.2677
27265 161 55 0.2677
27265 161 58 0.2677
27588 161 73 0.315
27588 161 70 0.252
27588 161 67 0.252
27588 161 64 0.252
27614 26 82 0.3622
27641 26 81 0.378
27668 26 79 0.4173
27695 26 77 0.3701
27722 26 76 0.3386
27749 26 74 0.4173
27749 161 74 0.315
27749 161 69 0.252
27749 161 65 0.252
27776 26 81 0.3622
27803 26 79 0.378
27830 26 77 0.4173
27856 26 76 0.3701
27883 26 74 0.3622
27910 60 86 0.5354
28031 40 84 0.3386
28031 121 74 0.3386
28031 40 66 0.2992
28072 80 82 0.3937
28072 80 67 0.2047
28193 40 74 0.3228
28193 40 70 0.2913
28233 80 73 0.3937
28233 80 69 0.2047
28354 40 76 0.3228
28354 40 61 0.2756
28394 80 81 0.3937
28394 80 57 0.252
28515 40 79 0.3228
28515 40 61 0.2283
28515 40 69 0.2913
28556 40 79 0.2756
28556 80 62 0.2126
28556 80 69 0.252
28596 40 77 0.252
28636 10 79 0.2992
28646 10 77 0.252
28656 10 79 0.2362
28666 10 77 0.2441
28677 10 79 0.2598
28687 10 77 0.2835
28697 10 76 0.2913
28707 10 77 0.2992
28717 80 76 0.315
28717 80 69 0.2126
28717 80 73 0.252
29040 26 69 0.3937
29066 26 76 0.3937
29066 26 61 0.315
29093 26 74 0.3701
29093 26 58 0.2913
29120 26 73 0.3937
29120 26 57 0.315
29147 26 79 0.4331
29147 26 64 0.3465
29174 26 77 0.378
29174 26 62 0.2992
29201 26 76 0.3937
29201 26 61 0.315
29228 26 82 0.4409
29228 26 67 0.3465
29255 26 81 0.3937
29255 26 65 0.315
29282 26 79 0.4567
29282 80 64 0.3543
29308 26 88 0.4961
29335 26 86 0.4409
29362 26 85 0.4724
29389 26 82 0.4488
29416 26 81 0.4016
29443 26 79 0.4252
29470 26 77 0.3937
29497 26 76 0.3937
29524 26 74 0.3937
29550 26 81 0.3937
29550 26 66 0.315
29577 26 79 0.3701
29577 26 64 0.2913
29604 26 78 0.3937
29604 26 62 0.315
29631 26 84 0.4331
29631 26 69 0.3465
29658 26 82 0.378
29658 26 67 0.2992
29685 26 81 0.3937
29685 26 66 0.315
29712 26 87 0.4646
29712 26 72 0.3465
29739 26 86 0.4173
29739 26 70 0.315
29766 26 84 0.378
29766 80 69 0.3071
29792 26 82 0.3937
29819 26 81 0.3858
29846 26 79 0.378
29873 26 78 0.4016
29900 26 79 0.378
29927 26 81 0.4252
29954 26 78 0.3937
29981 26 72 0.3622
30008 161 70 0.3937
30008 26 55 0.2441
30034 26 58 0.1969
30061 26 63 0.2283
30088 26 55 0.252
30115 26 58 0.2756
30142 26 63 0.2992
30169 161 82 0.4882
30169 26 55 0.3307
30196 26 58 0.2913
30223 26 63 0.2913
30250 26 55 0.3307
30276 26 58 0.2756
30303 26 63 0.2835
30330 161 74 0.4488
30330 26 56 0.3386
30357 26 62 0.2756
30384 26 65 0.2756
30411 26 56 0.3228
30438 26 62 0.2677
30465 26 65 0.2677
30492 161 73 0.3937
30492 26 57 0.2441
30518 26 64 0.1969
30545 26 67 0.2283
30572 26 57 0.252
30599 26 64 0.2756
30626 26 69 0.2992
30653 161 79 0.4882
30653 26 61 0.3307
30680 26 64 0.2913
30707 26 69 0.2913
30734 26 61 0.3307
30760 26 64 0.2756
30787 26 69 0.2835
30814 161 77 0.4331
30814 26 62 0.3386
30841 26 65 0.2756
30868 26 69 0.2756
30895 26 62 0.3228
30922 26 65 0.2677
30949 26 69 0.2677
30976 161 58 0.315
31002 26 76 0.315
31029 26 79 0.315
31056 26 82 0.3543
31083 26 79 0.2756
31110 26 76 0.2756
31137 221 74 0.3228
31137 161 65 0.2362
31137 322 57 0.189
31298 161 67 0.2126
31359 20 77 0.2756
31379 80 76 0.3307
31379 80 73 0.2835
31460 161 78 0.3386
31460 26 62 0.2441
31486 26 69 0.1969
31513 26 72 0.2283
31540 26 62 0.252
31567 26 69 0.2756
31594 26 72 0.2992
31621 188 81 0.4252
31621 26 62 0.3307
31648 26 69 0.2913
31675 26 72 0.2598
31702 26 62 0.3071
31728 26 69 0.2677
31755 26 72 0.2677
31782 26 62 0.315
31809 26 87 0.4724
31809 26 69 0.252
31836 26 86 0.4252
31836 26 72 0.252
31863 26 84 0.4567
31863 26 62 0.2992
31890 26 82 0.4252
31890 26 69 0.252
31917 26 81 0.3858
31917 26 72 0.252
31944 161 79 0.4252
31944 26 62 0.2441
31970 26 67 0.1969
31997 26 70 0.2283
32024 26 62 0.252
32051 26 67 0.2756
32078 26 70 0.2992
32105 188 82 0.4252
32105 26 62 0.3307
32132 26 67 0.2913
32159 26 70 0.2598
32186 26 62 0.3071
32212 26 67 0.2677
32239 26 70 0.2677
32266 26 62 0.315
32293 26 86 0.4252
32293 26 67 0.252
32320 26 84 0.3858
32320 26 70 0.252
32347 26 82 0.4173
32347 26 62 0.2992
32374 26 81 0.3858
32374 26 67 0.252
32401 26 79 0.3858
32401 26 70 0.252
32428 188 78 0.4252
32428 26 62 0.2441
32454 26 69 0.1969
32481 26 72 0.2283
32508 26 62 0.252
32535 26 69 0.2756
32562 26 72 0.2992
32589 26 62 0.3307
32616 26 79 0.4252
32616 26 69 0.2913
32643 26 80 0.4016
32643 26 72 0.2598
32670 26 81 0.4252
32670 26 62 0.3071
32696 26 82 0.4016
32696 26 69 0.2677
32723 26 84 0.3858
32723 26 72 0.2677
32750 26 86 0.4882
32750 26 62 0.315
32777 26 87 0.5118
32777 26 69 0.252
32804 26 86 0.4567
32804 26 72 0.252
32831 26 84 0.4803
32831 26 62 0.2992
32858 26 82 0.4488
32858 26 69 0.252
32885 26 81 0.4252
32885 26 72 0.252
32912 26 82 0.4882
32938 26 86 0.4016
32965 26 78 0.3543
32992 26 79 0.4331
33019 26 82 0.4016
33046 26 74 0.3701
33073 26 82 0.4882
33100 26 86 0.4016
33127 26 78 0.3543
33154 26 79 0.4331
33180 26 82 0.4016
33207 26 74 0.3701
33234 26 75 0.4252
33261 26 78 0.3701
33288 26 79 0.3701
33315 26 74 0.4173
33342 26 78 0.378
33369 26 79 0.378
33396 80 73 0.4882
33476 26 55 0.3228
33503 26 58 0.2913
33530 26 61 0.2913
33557 26 64 0.3386
33584 26 67 0.3622
33611 26 70 0.3622
33638 26 73 0.4252
33664 26 76 0.3701
33691 26 79 0.3701
33718 26 82 0.4173
33745 26 79 0.378
33772 26 85 0.4252
33799 80 86 0.4488
33799 80 53 0.2362
33880 161 55 0.2677
33880 161 43 0.2677
33906 26 64 0.2677
33933 26 67 0.2677
33960 26 70 0.2992
33987 26 67 0.2283
34014 26 64 0.2283
34041 221 62 0.2677
34041 161 53 0.1969
34041 322 45 0.1575
34202 161 55 0.1732
34263 20 65 0.2283
34283 80 64 0.2756
34283 80 61 0.2362
34364 161 62 0.2835
34364 26 46 0.2992
34390 26 50 0.2598
34417 26 56 0.2598
34444 26 46 0.2992
34471 26 50 0.2756
34498 26 56 0.2598
34525 80 46 0.2992
34606 80 86 0.2992
34606 80 89 0.2992
34686 80 89 0.2992
34686 80 86 0.2992
34767 80 86 0.2992
34767 80 89 0.2992
34848 26 45 0.2992
34874 26 50 0.2598
34902 26 53 0.2598
34928 26 45 0.2992
34955 26 50 0.2756
34982 26 53 0.2598
35009 80 45 0.2992
35090 80 86 0.2992
35090 80 89 0.2992
35170 80 89 0.2992
35170 80 86 0.2992
35251 80 86 0.2992
35251 80 89 0.2992
35332 26 44 0.2992
35358 26 50 0.2598
35386 26 53 0.2598
35412 26 44 0.2992
35439 26 50 0.2756
35466 26 53 0.2598
35493 80 44 0.2992
35574 80 62 0.2126
35574 80 65 0.252
35654 80 65 0.252
35654 80 62 0.2126
35735 80 56 0.2126
35735 80 62 0.252
35816 26 57 0.2598
35842 26 61 0.2598
35869 26 64 0.2992
35896 26 69 0.252
35923 26 64 0.2598
35950 26 61 0.2992
35977 26 57 0.2677
36004 26 52 0.2441
36031 26 49 0.2441
36058 26 45 0.2677
36084 26 40 0.2362
36111 26 37 0.2283
36138 26 33 0.2441
36165 26 37 0.2205
36192 26 40 0.2205
36219 26 45 0.2205
36246 26 49 0.2126
36273 26 52 0.2126
36300 80 45 0.2126
36461 161 57 0.2047
