0 22 61 0.3307
0 22 69 0.3937
0 354 45 0.2677
0 354 57 0.315
22 22 64 0.2835
44 22 61 0.2835
66 22 64 0.2835
88 22 69 0.3937
110 22 64 0.2677
132 22 71 0.3543
132 22 68 0.2992
155 22 64 0.2598
177 22 69 0.3307
177 22 73 0.3937
199 22 64 0.2835
221 22 61 0.2835
243 22 64 0.2835
265 22 73 0.3937
288 22 69 0.2598
310 22 71 0.3307
310 22 74 0.3937
332 22 69 0.2598
354 22 73 0.3386
354 22 76 0.4016
354 132 33 0.2677
354 132 45 0.315
376 22 69 0.315
398 22 73 0.3858
398 22 76 0.4567
421 22 69 0.3386
443 22 74 0.4173
443 22 78 0.4961
465 22 69 0.3228
487 22 76 0.4409
487 22 80 0.5276
487 44 32 0.2677
487 44 44 0.315
509 22 69 0.378
531 22 80 0.3701
531 44 83 0.4409
531 265 42 0.3543
531 265 30 0.2992
554 22 69 0.2598
576 44 81 0.4094
576 22 78 0.3465
598 22 69 0.2283
620 44 80 0.378
620 22 76 0.315
642 22 69 0.2283
664 44 78 0.3858
664 22 74 0.3228
687 22 69 0.2835
709 44 76 0.3858
709 22 73 0.3228
731 22 66 0.2283
753 44 74 0.378
753 22 71 0.315
775 22 66 0.189
797 44 73 0.3701
797 22 64 0.3071
797 88 50 0.3622
797 88 38 0.3071
820 22 66 0.2677
842 44 71 0.3543
842 22 62 0.2992
864 22 66 0.2598
886 44 69 0.3543
886 22 61 0.2992
886 177 52 0.3386
886 177 40 0.2835
908 22 64 0.2598
930 44 73 0.3701
953 22 64 0.2598
975 22 62 0.2756
975 44 71 0.3307
997 22 64 0.252
1019 44 68 0.3307
1041 22 64 0.2283
1063 22 61 0.2913
1063 22 69 0.3543
1063 88 52 0.3386
1063 88 45 0.2835
1086 22 64 0.252
1108 22 61 0.2441
1130 22 64 0.2362
1152 22 69 0.3071
1174 22 73 0.252
1196 22 76 0.2913
1219 22 73 0.2598
1241 44 61 0.2441
1241 44 69 0.2913
1241 44 45 0.1969
1241 44 52 0.2362
1329 44 69 0.2677
1329 44 61 0.2283
1329 44 52 0.2126
1329 44 45 0.1811
1418 44 61 0.2913
1418 44 69 0.2913
1418 44 45 0.2362
1418 44 52 0.2362
1551 44 64 0.4094
1551 44 52 0.3307
1595 84 69 0.4724
1595 84 64 0.4016
1595 84 57 0.4173
1595 84 49 0.3543
1684 84 71 0.5433
1684 84 68 0.4567
1684 84 64 0.4567
1684 84 59 0.4252
1684 84 52 0.3622
1773 131 73 0.5748
1773 131 69 0.4724
1773 131 64 0.4724
1773 175 57 0.3858
1773 175 61 0.4567
1906 43 73 0.4646
1950 43 73 0.5354
1950 44 69 0.4488
1950 44 66 0.4488
1950 175 61 0.4409
1950 175 57 0.3622
1950 175 54 0.3622
1994 44 73 0.4646
2039 66 76 0.5669
2105 22 74 0.4646
2127 88 73 0.5433
2127 88 66 0.4567
2127 177 54 0.4488
2127 177 50 0.378
2216 42 71 0.4094
2260 42 71 0.3701
2305 84 74 0.4488
2305 84 66 0.378
2305 84 56 0.3543
2305 84 47 0.2992
2393 88 73 0.4173
2393 88 65 0.3543
2393 88 49 0.2677
2393 88 56 0.315
2482 132 61 0.3307
2482 132 66 0.3307
2482 132 69 0.3937
2482 177 54 0.2677
2482 177 57 0.315
2615 44 69 0.2913
2659 132 71 0.3307
2659 88 69 0.3307
2659 177 62 0.3307
2659 177 52 0.2441
2659 177 40 0.2047
2748 88 68 0.2992
2792 44 73 0.2677
2837 88 61 0.252
2837 88 69 0.2992
2837 88 52 0.252
2837 88 45 0.2126
2970 44 64 0.5354
2970 44 52 0.4252
3014 84 69 0.5433
3014 84 64 0.4567
3014 84 57 0.4724
3014 84 49 0.4016
3103 84 71 0.6142
3103 84 68 0.5276
3103 84 64 0.5276
3103 84 59 0.4803
3103 84 52 0.4094
3191 131 73 0.6614
3191 131 69 0.5433
3191 131 64 0.5433
3191 177 57 0.4409
3191 131 61 0.5276
3324 42 73 0.5354
3324 42 61 0.4409
3369 42 73 0.6063
3369 177 69 0.5197
3369 177 66 0.5197
3369 42 61 0.5118
3369 177 57 0.4094
3369 177 54 0.4094
3413 31 73 0.5354
3413 42 61 0.4567
3446 11 73 0.5118
3457 66 76 0.6457
3457 66 64 0.5118
3524 22 74 0.5354
3524 22 62 0.4488
3546 88 73 0.6142
3546 88 66 0.5276
3546 88 50 0.5197
3546 88 61 0.4252
3635 42 71 0.4331
3635 44 59 0.315
3679 42 71 0.378
3723 88 74 0.4488
3723 88 66 0.378
3723 88 47 0.3543
3812 88 73 0.4173
3812 88 65 0.3543
3812 88 49 0.2677
3812 88 56 0.315
3901 132 61 0.3307
3901 132 66 0.3307
3901 132 69 0.3937
3901 177 54 0.2677
3901 177 57 0.315
4034 44 69 0.2913
4078 132 71 0.3307
4078 88 69 0.3307
4078 177 62 0.3307
4078 177 52 0.2441
4078 177 40 0.2047
4167 88 68 0.2992
4211 44 73 0.2677
4255 88 61 0.252
4255 88 69 0.2992
4255 177 45 0.2126
4300 39 52 0.2992
4344 39 52 0.3228
4388 39 52 0.3701
4433 88 64 0.4567
4433 88 69 0.4567
4433 88 76 0.5433
4433 177 49 0.2677
4433 39 52 0.315
4477 39 52 0.2362
4521 44 71 0.4173
4521 44 74 0.5118
4521 39 52 0.2598
4566 39 73 0.4173
4566 39 69 0.3543
4566 39 52 0.2598
4610 88 64 0.4567
4610 88 68 0.4567
4610 88 73 0.5433
4610 177 50 0.2677
4654 39 52 0.2441
4699 44 71 0.4961
4699 39 52 0.2598
4743 39 52 0.252
4787 39 64 0.3543
4787 39 69 0.4173
4787 39 49 0.252
4787 39 52 0.2992
4832 39 64 0.3071
4832 39 69 0.3622
4832 39 49 0.2047
4832 39 52 0.2441
4876 39 62 0.3543
4876 39 68 0.4252
4876 39 47 0.2126
4876 39 52 0.252
4920 39 61 0.3071
4920 39 66 0.3622
4920 39 45 0.1969
4920 39 52 0.2362
4965 177 59 0.3622
4965 177 62 0.3622
4965 88 66 0.4331
4965 177 44 0.2598
5009 39 52 0.2283
5053 132 64 0.4094
5053 39 52 0.252
5098 39 52 0.2126
5142 44 61 0.3465
5142 44 52 0.252
5186 44 63 0.3543
5186 44 66 0.4173
5186 44 45 0.2362
5231 44 64 0.3543
5231 44 68 0.4252
5231 44 44 0.252
5231 44 59 0.3543
5275 44 66 0.3622
5275 44 69 0.4331
5275 44 42 0.252
5275 44 57 0.3622
5319 44 71 0.5118
5319 265 64 0.4331
5319 354 47 0.2598
5319 177 56 0.2598
5364 44 76 0.5197
5408 66 71 0.4567
5475 22 68 0.4409
5497 88 71 0.5197
5497 132 54 0.2598
5585 44 69 0.4409
5585 87 63 0.3701
5630 42 66 0.3386
5630 42 57 0.2598
5674 88 59 0.252
5674 88 57 0.252
5674 88 63 0.252
5674 88 66 0.2992
5674 177 40 0.2598
5763 44 56 0.252
5763 44 64 0.2992
5851 88 61 0.3228
5851 88 64 0.3228
5851 88 73 0.3858
5851 88 45 0.2205
5851 39 57 0.2598
5896 39 57 0.189
5940 44 64 0.3386
5940 44 73 0.378
5940 88 49 0.2205
5940 39 57 0.2126
5984 44 69 0.3386
5984 39 57 0.2126
6029 88 62 0.3307
6029 88 68 0.3937
6029 39 57 0.2598
6029 177 50 0.2205
6073 39 57 0.1969
6117 44 66 0.3543
6117 39 57 0.2126
6162 39 57 0.2126
6206 88 61 0.2205
6206 88 64 0.2205
6206 88 73 0.2756
6206 88 45 0.1575
6206 39 57 0.1811
6250 39 57 0.126
6295 44 64 0.2362
6295 44 73 0.2677
6295 88 49 0.1575
6295 39 57 0.1496
6339 44 69 0.2362
6339 39 57 0.1496
6383 88 62 0.2047
6383 88 68 0.252
6383 39 57 0.1575
6383 177 50 0.1339
6428 39 57 0.1181
6472 44 66 0.2205
6472 39 57 0.126
6516 39 57 0.1496
6561 221 66 0.5039
6561 88 78 0.5748
6561 39 57 0.4252
6561 221 49 0.378
6605 39 57 0.3307
6649 132 73 0.5433
6649 39 57 0.3465
6694 39 57 0.3465
6738 39 57 0.315
6782 33 66 0.1732
6782 33 71 0.3543
6782 33 50 0.1732
6782 33 57 0.1732
6827 33 66 0.1732
6827 33 73 0.3543
6827 33 49 0.1732
6827 33 57 0.189
6871 33 66 0.1732
6871 33 74 0.3543
6871 33 47 0.1732
6871 33 57 0.189
6915 177 64 0.2598
6915 88 73 0.3071
6915 177 52 0.189
6915 88 57 0.2205
7004 39 71 0.315
7004 88 56 0.189
7048 39 76 0.2677
7093 88 64 0.2677
7093 88 68 0.2677
7093 88 74 0.3228
7093 177 45 0.189
7181 44 69 0.2756
7181 44 73 0.3071
7226 44 64 0.5354
7226 44 52 0.4252
7270 84 69 0.5433
7314 44 64 0.3622
7314 44 52 0.315
7314 44 49 0.315
7314 44 57 0.378
7359 84 71 0.6142
7403 44 64 0.4173
7403 44 68 0.4173
7403 44 56 0.3307
7403 44 52 0.3307
7403 44 59 0.3858
7447 131 73 0.6614
7492 39 64 0.3622
7492 39 69 0.3622
7492 39 57 0.2913
7492 39 61 0.3543
7536 39 64 0.3622
7536 39 69 0.3622
7536 39 57 0.2913
7536 39 61 0.3543
7580 39 64 0.3622
7580 39 69 0.3622
7580 42 73 0.5827
7580 39 57 0.2441
7580 39 61 0.2913
7625 42 73 0.6693
7669 31 73 0.5827
7669 39 69 0.3622
7669 39 64 0.3622
7669 39 49 0.2913
7669 39 52 0.2913
7669 39 61 0.3543
7669 39 57 0.2913
7702 11 73 0.5591
7713 66 76 0.7087
7713 39 69 0.3622
7713 39 64 0.3622
7713 39 49 0.2913
7713 39 52 0.2913
7713 39 57 0.2913
7713 39 61 0.3543
7758 39 69 0.3622
7758 39 64 0.3622
7758 39 49 0.2441
7758 39 52 0.2441
7758 39 57 0.2441
7758 39 61 0.2913
7780 22 74 0.5827
7802 88 73 0.6457
7846 44 69 0.4567
7846 39 54 0.3701
7846 39 63 0.4409
7846 39 57 0.3701
7891 42 69 0.5669
7891 42 71 0.5669
7891 39 54 0.3701
7891 39 57 0.3701
7891 39 63 0.4409
7935 42 69 0.5276
7935 42 71 0.5276
7935 39 54 0.3071
7935 39 57 0.3071
7935 39 63 0.3701
7979 88 81 0.7244
7979 39 53 0.4016
7979 39 57 0.4016
7979 39 62 0.4803
8024 39 53 0.3386
8024 39 57 0.3386
8024 39 62 0.4016
8068 88 81 0.6693
8068 39 59 0.4016
8068 39 53 0.4016
8068 39 57 0.4016
8068 39 62 0.4803
8112 39 59 0.3386
8112 39 53 0.3386
8112 39 57 0.3386
8112 39 62 0.4016
8157 44 81 0.5906
8157 88 52 0.3937
8157 88 57 0.3937
8157 88 61 0.4646
8201 44 76 0.4961
8245 44 73 0.5354
8290 44 78 0.4961
8334 44 76 0.5354
8378 44 73 0.4567
8423 44 69 0.4488
8467 44 66 0.4409
8511 221 64 0.4961
8600 88 57 0.2441
8600 88 61 0.315
8600 88 52 0.2441
8689 177 56 0.2441
8689 153 59 0.2756
8689 177 40 0.2047
8689 177 50 0.2441
8733 44 63 0.3543
8777 66 62 0.3307
8844 22 59 0.2441
8866 22 57 0.2992
8866 354 45 0.2205
8866 88 49 0.2677
8888 22 64 0.2362
8910 22 61 0.2362
8933 22 64 0.2362
8955 22 69 0.3307
8977 22 64 0.2205
8999 22 71 0.2992
8999 22 68 0.252
9021 22 64 0.2205
9043 22 69 0.2756
9043 22 73 0.3307
9066 22 64 0.2362
9088 22 61 0.2362
9110 22 64 0.2362
9132 22 73 0.3307
9154 22 69 0.2205
9176 22 71 0.2756
9176 22 74 0.3307
9199 22 69 0.2205
9221 22 73 0.2835
9221 22 76 0.3386
9221 132 33 0.2205
9221 132 45 0.2677
9243 22 69 0.2677
9265 22 73 0.3228
9265 22 76 0.3858
9287 22 69 0.2835
9309 22 74 0.3543
9309 22 78 0.4173
9332 22 69 0.2677
9354 22 76 0.3701
9354 22 80 0.4409
9354 44 32 0.2205
9354 44 44 0.2677
9376 22 69 0.315
9398 22 80 0.3071
9398 44 83 0.3701
9398 265 42 0.2992
9398 265 30 0.252
9420 22 69 0.2205
9442 44 81 0.3465
9442 22 78 0.2913
9465 22 69 0.189
9487 44 80 0.315
9487 22 76 0.2677
9509 22 69 0.189
9531 44 78 0.3228
9531 22 74 0.2677
9553 22 69 0.2362
9575 44 76 0.3228
9575 22 73 0.2677
9598 22 66 0.189
9620 44 74 0.315
9620 22 71 0.2677
9642 22 66 0.1575
9664 44 73 0.3071
9664 22 64 0.2598
9664 88 50 0.3071
9664 88 38 0.2598
9686 22 66 0.2205
9708 44 71 0.2992
9708 22 62 0.252
9731 22 66 0.2205
9753 44 69 0.2992
9753 22 61 0.252
9753 177 52 0.2835
9753 177 40 0.2362
9775 22 64 0.2205
9797 44 73 0.3071
9819 22 64 0.2205
9841 22 62 0.2283
9841 44 71 0.2756
9864 22 64 0.2126
9886 44 68 0.2756
9908 22 64 0.189
9930 22 61 0.2441
9930 22 69 0.2992
9930 88 52 0.2835
9930 88 45 0.2362
9952 22 64 0.2126
9974 22 61 0.2047
9997 22 64 0.1969
10019 22 69 0.2598
10041 22 73 0.2126
10063 22 76 0.2441
10085 22 73 0.2205
10107 44 76 0.2047
10107 44 69 0.2047
10107 44 81 0.2441
10107 44 61 0.1654
10107 44 57 0.1654
10107 44 64 0.1969
10196 44 76 0.189
10196 44 81 0.2205
10196 44 69 0.189
10196 44 61 0.1496
10196 44 64 0.1732
10196 44 57 0.1496
10285 44 76 0.2441
10285 44 69 0.2441
10285 44 81 0.2441
10285 44 61 0.1969
10285 44 57 0.1969
10285 44 64 0.1969
