187 37 71 0.3071
187 37 59 0.2441
187 37 67 0.2441
225 14 72 0.2598
300 37 79 0.315
300 37 71 0.252
300 37 76 0.252
337 14 70 0.2598
412 37 71 0.3071
412 37 59 0.2441
412 37 67 0.2441
450 14 72 0.2598
525 37 79 0.315
525 37 71 0.252
525 37 76 0.252
562 14 64 0.2598
637 37 72 0.3307
637 37 60 0.2677
637 37 69 0.2677
675 14 74 0.2835
750 37 81 0.3307
750 37 72 0.2598
750 37 78 0.2598
787 14 71 0.2677
862 37 72 0.3071
862 37 60 0.2441
862 37 69 0.2441
900 14 74 0.2598
975 37 81 0.315
975 37 72 0.252
975 37 78 0.252
1012 14 66 0.2598
1087 37 74 0.3622
1087 37 62 0.2913
1087 37 71 0.2913
1125 18 76 0.3071
1200 37 83 0.4094
1200 37 74 0.3307
1200 37 80 0.3307
1237 18 68 0.4567
1312 37 76 0.4331
1312 37 64 0.3543
1312 37 72 0.3543
1350 18 77 0.4567
1425 37 85 0.4724
1425 37 76 0.3701
1425 37 82 0.3701
1462 18 70 0.5039
1537 37 77 0.3937
1537 37 65 0.315
1537 37 74 0.315
1575 28 79 0.3937
1650 37 85 0.3622
1650 65 78 0.2835
1687 28 67 0.2756
1762 37 83 0.3386
1762 65 76 0.2677
1800 28 66 0.2598
1875 93 82 0.3228
1875 75 74 0.252
1950 18 73 0.2677
1987 37 78 0.4094
1987 37 66 0.3307
1987 37 74 0.3307
2025 18 83 0.3465
2100 37 88 0.4724
2100 56 81 0.3622
2100 37 85 0.3622
2137 18 73 0.378
2212 37 86 0.3937
2212 56 79 0.3071
2212 37 83 0.3071
2250 18 71 0.315
2325 37 85 0.315
2325 75 78 0.252
2325 37 82 0.252
2362 37 70 0.2598
2400 37 76 0.2598
2437 225 64 0.252
2437 37 70 0.252
2475 225 73 0.3071
2662 206 63 0.2835
2700 140 69 0.3071
2700 140 72 0.3071
2887 37 71 0.3071
2887 37 59 0.2441
2887 37 67 0.2441
2925 14 72 0.2598
3000 37 79 0.315
3000 37 71 0.252
3000 37 76 0.252
3037 14 70 0.2598
3112 37 71 0.3071
3112 37 59 0.2441
3112 37 67 0.2441
3150 14 72 0.2598
3225 37 79 0.315
3225 37 71 0.252
3225 37 76 0.252
3262 14 64 0.2598
3337 37 72 0.3307
3337 37 60 0.2677
3337 37 69 0.2677
3375 14 74 0.2835
3450 37 81 0.3307
3450 37 72 0.2598
3450 37 78 0.2598
3487 14 71 0.2677
3562 37 72 0.3071
3562 37 60 0.2441
3562 37 69 0.2441
3600 14 74 0.2598
3675 37 81 0.315
3675 37 72 0.252
3675 37 78 0.252
3712 14 66 0.2598
3787 37 74 0.3622
3787 37 62 0.2913
3787 37 71 0.2913
3825 18 76 0.3071
3900 37 83 0.4094
3900 37 74 0.3307
3900 37 80 0.3307
3937 18 68 0.4567
4012 37 76 0.4331
4012 37 64 0.3543
4012 37 72 0.3543
4050 18 77 0.4567
4125 37 85 0.4724
4125 37 76 0.3701
4125 37 82 0.3701
4162 18 70 0.5039
4237 37 77 0.3937
4237 37 65 0.315
4237 37 74 0.315
4275 28 79 0.3937
4350 37 85 0.3622
4350 65 78 0.2835
4387 28 67 0.2756
4462 37 83 0.3386
4462 65 76 0.2677
4500 28 66 0.2598
4575 93 82 0.3228
4575 75 74 0.252
4650 18 73 0.2677
4687 37 78 0.4094
4687 37 66 0.3307
4687 37 74 0.3307
4725 18 83 0.3465
4800 37 88 0.4724
4800 56 81 0.3622
4800 37 85 0.3622
4837 18 73 0.378
4912 37 86 0.3937
4912 56 79 0.3071
4912 37 83 0.3071
4950 18 71 0.315
5025 37 85 0.315
5025 75 78 0.252
5025 37 82 0.252
5062 37 70 0.2598
5100 37 76 0.2598
5137 112 64 0.252
5137 37 70 0.252
5175 187 73 0.3071
5250 37 63 0.3071
5287 187 66 0.3386
5362 37 71 0.2835
5400 112 75 0.3071
5475 37 64 0.3228
5512 112 68 0.3543
5587 37 60 0.315
5625 187 63 0.3465
5700 37 53 0.3228
5737 187 56 0.3543
5812 37 61 0.2835
5850 112 59 0.3465
5925 37 54 0.2835
6000 37 58 0.3307
6037 37 70 0.3543
6075 112 73 0.3858
6187 112 66 0.3228
6225 37 59 0.315
6262 37 71 0.3701
6300 112 75 0.3937
6412 112 68 0.3228
6450 37 60 0.378
6487 37 72 0.4409
6525 112 75 0.4724
6637 112 68 0.3858
6675 37 61 0.4331
6712 37 73 0.4961
6750 112 80 0.5591
6862 112 70 0.5197
6900 37 66 0.5354
6937 37 78 0.5827
6975 112 76 0.6299
7087 112 69 0.5197
7125 37 63 0.5354
7162 37 75 0.5748
7200 112 72 0.6299
7312 112 63 0.5197
7350 37 57 0.5354
7387 37 69 0.5748
7425 112 66 0.6378
7537 112 63 0.5197
7575 37 57 0.5354
7612 37 69 0.5748
7650 112 72 0.6378
7762 112 63 0.5197
7800 37 57 0.5354
7837 37 69 0.5748
7875 112 66 0.6378
7987 112 63 0.5197
8025 37 57 0.5354
8062 37 69 0.5748
8100 262 72 0.6378
8400 37 71 0.3465
8400 37 69 0.2913
8400 37 63 0.2913
8437 37 66 0.2913
8512 37 71 0.3386
8512 37 69 0.2835
8512 37 64 0.2835
8550 37 72 0.2835
8625 37 71 0.3307
8625 37 69 0.2756
8625 37 63 0.2756
8662 37 66 0.2913
8737 37 75 0.315
8737 37 72 0.2677
8737 37 67 0.2677
8775 37 76 0.2756
8850 37 75 0.2913
8850 37 72 0.2441
8850 37 66 0.2441
8887 37 69 0.252
8962 37 75 0.2677
8962 37 72 0.2283
8962 37 67 0.2283
9000 37 76 0.2283
9075 37 75 0.2362
9075 37 72 0.2047
9075 37 66 0.2047
9112 37 69 0.2047
9187 37 76 0.2441
9187 37 64 0.189
9187 37 72 0.189
9225 18 77 0.2047
9300 37 84 0.252
9300 37 76 0.1969
9300 37 81 0.1969
9337 18 75 0.2047
9412 37 76 0.2441
9412 37 64 0.189
9412 37 72 0.189
9450 18 77 0.2047
9525 37 84 0.252
9525 37 75 0.1969
9525 37 81 0.1969
9562 18 69 0.2047
9637 37 74 0.2598
9637 37 62 0.2126
9637 37 71 0.2126
9675 18 75 0.2205
9750 37 83 0.2598
9750 37 74 0.2047
9750 37 79 0.2047
9787 18 73 0.2126
9862 37 74 0.2441
9862 37 62 0.189
9862 37 71 0.189
9900 18 75 0.2047
9975 37 82 0.2756
9975 37 73 0.2126
9975 37 79 0.2126
10012 18 67 0.2205
10087 37 72 0.4724
10087 37 60 0.3622
10087 37 69 0.3622
10125 28 73 0.4252
10200 37 72 0.4882
10200 37 65 0.3858
10200 37 69 0.3858
10237 28 74 0.4331
10312 37 81 0.5669
10312 37 72 0.4488
10312 37 77 0.4488
10350 28 71 0.5197
10425 37 77 0.5827
10425 37 69 0.4567
10425 37 72 0.4567
10462 28 67 0.5276
10537 225 69 0.4173
10537 37 65 0.4961
10537 225 72 0.4724
10575 112 64 0.5433
10687 225 63 0.5197
10762 37 72 0.3937
10800 112 71 0.3937
10912 75 64 0.2992
10912 75 70 0.3543
10987 37 70 0.2835
11025 187 73 0.3071
11100 37 63 0.3071
11137 187 66 0.3386
11212 37 71 0.2835
11250 112 75 0.3071
11325 37 64 0.3228
11362 112 68 0.3543
11437 37 60 0.315
11475 187 63 0.3465
11550 37 53 0.3228
11587 187 56 0.3543
11662 37 61 0.2835
11700 112 59 0.3465
11775 37 54 0.2835
11850 37 58 0.3307
11887 37 70 0.3543
11925 112 73 0.3858
12037 112 66 0.3228
12075 37 59 0.315
12112 37 71 0.3701
12150 112 75 0.3937
12262 112 68 0.3228
12300 37 60 0.378
12337 37 72 0.4409
12375 112 75 0.4724
12487 112 68 0.3858
12525 37 61 0.4331
12562 37 73 0.4961
12600 112 80 0.5748
12712 112 70 0.5197
12750 37 66 0.5354
12787 37 78 0.5748
12825 112 76 0.6299
12937 112 69 0.5197
12975 37 63 0.5354
13012 37 75 0.5748
13050 112 72 0.6299
13162 112 63 0.5197
13200 37 57 0.5354
13237 37 69 0.5748
13275 112 66 0.6378
13387 112 63 0.5197
13425 37 57 0.5354
13462 37 69 0.5748
13500 112 72 0.6378
13612 112 63 0.5197
13650 37 57 0.5354
13687 37 69 0.5748
13725 112 66 0.6378
13837 112 63 0.5197
13875 37 57 0.5354
13912 37 69 0.5748
13950 262 72 0.6378
14250 37 71 0.3465
14250 37 69 0.2913
14250 37 63 0.2913
14287 37 66 0.2913
14362 37 69 0.2835
14362 37 64 0.2835
14362 37 71 0.3386
14400 37 72 0.2835
14475 37 71 0.3307
14475 37 69 0.2756
14475 37 63 0.2756
14512 37 66 0.2913
14587 37 72 0.2677
14587 37 67 0.2677
14587 37 75 0.315
14625 37 76 0.2756
14700 37 75 0.2913
14700 37 72 0.2441
14700 37 66 0.2441
14737 37 69 0.252
14812 37 75 0.2677
14812 37 72 0.2283
14812 37 67 0.2283
14850 37 76 0.2283
14925 37 75 0.2362
14925 37 66 0.2047
14925 37 72 0.2047
14962 37 69 0.2047
15037 37 76 0.2441
15037 37 64 0.189
15037 37 72 0.189
15075 18 77 0.2047
15150 37 76 0.1969
15150 37 81 0.1969
15150 37 84 0.252
15187 18 75 0.2047
15262 37 76 0.2441
15262 37 64 0.189
15262 37 72 0.189
15300 18 77 0.2047
15375 37 75 0.1969
15375 37 81 0.1969
15375 37 84 0.252
15412 18 69 0.2047
15487 37 74 0.2598
15487 37 62 0.2126
15487 37 71 0.2126
15525 18 75 0.2205
15600 37 83 0.2598
15600 37 74 0.2047
15600 37 79 0.2047
15637 18 73 0.2126
15712 37 74 0.2441
15712 37 71 0.189
15712 37 62 0.189
15750 18 75 0.2047
15825 37 82 0.2756
15825 37 73 0.2126
15825 37 79 0.2126
15862 18 67 0.2205
15937 37 60 0.3622
15937 37 69 0.3622
15937 37 72 0.4724
15975 28 73 0.4252
16050 37 72 0.4882
16050 37 65 0.3858
16050 37 69 0.3858
16087 28 74 0.4331
16162 37 72 0.4488
16162 37 77 0.4488
16162 37 81 0.5669
16200 28 71 0.5197
16275 37 77 0.5827
16275 37 69 0.4567
16275 37 72 0.4567
16312 28 67 0.5276
16387 375 69 0.4094
16387 37 65 0.4961
16387 375 72 0.4724
16425 337 64 0.5433
16762 225 57 0.315
16762 225 71 0.3937
16762 112 63 0.315
16875 112 69 0.3386
16987 112 59 0.3858
16987 112 68 0.3701
16987 412 71 0.4173
17100 225 57 0.378
17100 225 66 0.4331
17100 225 63 0.3858
17325 75 56 0.3071
17325 75 64 0.3071
187 37 64 0.189
187 37 52 0.1496
187 37 55 0.1496
225 14 51 0.1969
300 37 52 0.189
300 37 43 0.1496
300 37 47 0.1496
337 14 54 0.2047
412 37 64 0.189
412 37 52 0.1496
412 37 55 0.1496
450 14 51 0.1969
525 37 52 0.189
525 37 43 0.1496
525 37 47 0.1496
562 14 55 0.2047
637 37 66 0.2126
637 37 54 0.1575
637 37 57 0.1575
675 14 53 0.2126
750 37 54 0.1969
750 37 45 0.1575
750 37 48 0.1575
787 14 55 0.2126
862 37 66 0.189
862 37 54 0.1496
862 37 57 0.1496
900 14 53 0.1969
975 37 54 0.189
975 37 45 0.1496
975 37 48 0.1496
1012 14 57 0.2047
1087 37 67 0.2913
1087 37 55 0.2205
1087 37 59 0.2205
1125 18 54 0.2283
1200 37 56 0.3228
1200 37 47 0.2598
1200 37 50 0.2598
1237 18 62 0.3307
1312 37 69 0.3543
1312 37 57 0.2756
1312 37 60 0.2756
1350 18 56 0.3937
1425 37 58 0.3622
1425 37 49 0.2756
1425 37 52 0.2756
1462 18 64 0.3858
1537 37 71 0.315
1537 37 59 0.2362
1537 37 62 0.2362
1575 28 50 0.2441
1650 37 61 0.2756
1650 37 52 0.2126
1650 37 55 0.2126
1687 28 66 0.2047
1762 37 59 0.2598
1762 37 54 0.2047
1800 28 64 0.1969
1875 93 58 0.2441
1875 93 54 0.189
1912 37 66 0.2047
1950 18 64 0.1969
1987 37 71 0.3307
1987 37 59 0.252
1987 37 62 0.252
2025 18 50 0.2598
2100 37 61 0.3543
2100 37 52 0.2677
2100 37 57 0.2677
2137 18 69 0.2992
2212 37 62 0.2992
2212 37 54 0.2362
2212 37 59 0.2362
2250 18 67 0.252
2325 37 64 0.2441
2325 37 54 0.189
2325 37 61 0.189
2362 37 66 0.2047
2437 37 35 0.2913
2475 365 47 0.3465
2550 37 52 0.3071
2587 75 55 0.3386
2662 37 54 0.2913
2700 140 57 0.2992
2887 37 64 0.189
2887 37 52 0.1496
2887 37 55 0.1496
2925 14 51 0.1969
3000 37 52 0.189
3000 37 43 0.1496
3000 37 47 0.1496
3037 14 54 0.2047
3112 37 64 0.189
3112 37 52 0.1496
3112 37 55 0.1496
3150 14 51 0.1969
3225 37 52 0.189
3225 37 43 0.1496
3225 37 47 0.1496
3262 14 55 0.2047
3337 37 66 0.2126
3337 37 54 0.1575
3337 37 57 0.1575
3375 14 53 0.2126
3450 37 54 0.1969
3450 37 45 0.1575
3450 37 48 0.1575
3487 14 55 0.2126
3562 37 66 0.189
3562 37 54 0.1496
3562 37 57 0.1496
3600 14 53 0.1969
3675 37 54 0.189
3675 37 45 0.1496
3675 37 48 0.1496
3712 14 57 0.2047
3787 37 67 0.2913
3787 37 55 0.2205
3787 37 59 0.2205
3825 18 54 0.2283
3900 37 56 0.3228
3900 37 47 0.2598
3900 37 50 0.2598
3937 18 62 0.3307
4012 37 69 0.3543
4012 37 57 0.2756
4012 37 60 0.2756
4050 18 56 0.3937
4125 37 58 0.3622
4125 37 49 0.2756
4125 37 52 0.2756
4162 18 64 0.3858
4237 37 71 0.315
4237 37 59 0.2362
4237 37 62 0.2362
4275 28 50 0.2441
4350 37 61 0.2756
4350 37 52 0.2126
4350 37 55 0.2126
4387 28 66 0.2047
4462 37 59 0.2598
4462 37 54 0.2047
4500 28 64 0.1969
4575 93 58 0.2441
4575 93 54 0.189
4612 37 66 0.2047
4650 18 64 0.1969
4687 37 71 0.3307
4687 37 59 0.252
4687 37 62 0.252
4725 18 50 0.2598
4800 37 61 0.3543
4800 37 52 0.2677
4800 37 57 0.2677
4837 18 69 0.2992
4912 37 62 0.2992
4912 37 54 0.2362
4912 37 59 0.2362
4950 18 67 0.252
5025 37 64 0.2441
5025 37 54 0.189
5025 37 61 0.189
5062 37 66 0.2047
5137 37 35 0.2913
5175 75 42 0.3465
5250 37 47 0.3071
5287 75 51 0.3386
5362 37 35 0.315
5400 75 44 0.3701
5475 37 47 0.3071
5512 75 52 0.3386
5587 37 35 0.315
5625 75 41 0.3701
5700 37 44 0.3071
5737 75 47 0.3386
5812 37 35 0.315
5850 75 40 0.3701
5925 37 43 0.2598
5962 112 47 0.2126
5962 112 49 0.2126
5962 112 52 0.2598
6075 37 47 0.3307
6112 37 51 0.2835
6150 37 63 0.2835
6262 18 35 0.2677
6300 37 47 0.3386
6337 37 52 0.2835
6375 37 64 0.2835
6487 18 35 0.315
6525 37 47 0.4016
6562 37 53 0.3386
6600 37 65 0.3386
6712 18 35 0.3937
6750 37 47 0.4882
6787 37 52 0.4094
6825 37 64 0.4094
6937 18 35 0.3622
6975 37 47 0.5197
7012 37 54 0.4488
7050 37 66 0.4488
7087 112 35 0.3622
7200 37 47 0.5197
7237 37 54 0.4488
7275 37 64 0.4488
7312 112 35 0.3622
7425 75 48 0.5197
7462 37 57 0.4488
7500 37 64 0.4488
7537 75 47 0.3622
7650 75 45 0.5197
7687 37 54 0.4488
7725 37 64 0.4488
7762 75 47 0.3622
7875 75 48 0.5197
7912 37 57 0.4488
7950 37 64 0.4488
7987 75 47 0.3622
8100 75 45 0.5197
8137 37 54 0.4488
8175 18 64 0.4488
8212 75 42 0.5197
8250 37 57 0.4488
8287 18 64 0.4488
8325 37 47 0.378
8362 37 57 0.3071
8475 37 59 0.2126
8587 37 57 0.2126
8587 37 47 0.1811
8700 37 59 0.2047
8812 37 47 0.1181
8812 37 57 0.1654
8925 37 59 0.1654
9037 37 47 0.1024
9037 37 57 0.1339
9150 37 59 0.1732
9187 37 69 0.189
9187 37 57 0.1496
9187 37 60 0.1496
9225 18 56 0.1575
9300 37 57 0.189
9300 37 48 0.1496
9300 37 52 0.1496
9337 18 59 0.1575
9412 37 69 0.189
9412 37 57 0.1496
9412 37 60 0.1496
9450 18 56 0.1575
9525 37 57 0.189
9525 37 48 0.1496
9525 37 54 0.1496
9562 18 63 0.1575
9637 37 67 0.2126
9637 37 55 0.1575
9637 37 59 0.1575
9675 18 54 0.1654
9750 37 55 0.1969
9750 37 47 0.1575
9750 37 50 0.1575
9787 18 57 0.1654
9862 37 67 0.189
9862 37 55 0.1496
9862 37 59 0.1496
9900 18 54 0.1575
9975 37 55 0.2047
9975 37 46 0.1575
9975 37 52 0.1575
10012 18 61 0.1732
10087 37 65 0.3386
10087 37 53 0.2598
10087 37 57 0.2598
10125 28 52 0.2913
10200 37 60 0.4252
10200 37 53 0.3307
10200 37 57 0.3307
10237 28 52 0.3465
10312 37 53 0.4567
10312 37 45 0.3622
10312 37 48 0.3622
10350 28 56 0.4094
10425 37 57 0.4882
10425 37 48 0.3858
10425 37 53 0.3858
10462 28 59 0.4409
10537 150 53 0.378
10537 225 57 0.3701
10537 225 60 0.4094
10687 300 54 0.378
10762 37 57 0.3307
10800 112 59 0.3307
10912 75 61 0.2913
10987 37 35 0.315
11025 75 42 0.3465
11100 37 47 0.3071
11137 75 51 0.3386
11212 37 35 0.315
11250 75 44 0.3701
11325 37 47 0.3071
11362 75 52 0.3386
11437 37 35 0.315
11475 75 41 0.3701
11550 37 44 0.3071
11587 75 47 0.3386
11662 37 35 0.315
11700 75 40 0.3701
11775 37 43 0.2598
11812 112 49 0.2126
11812 112 52 0.2598
11812 112 47 0.2126
11925 37 47 0.3307
11962 37 51 0.2835
12000 37 63 0.2835
12112 18 35 0.2677
12150 37 47 0.3386
12187 37 52 0.2835
12225 37 64 0.2835
12337 18 35 0.315
12375 37 47 0.4016
12412 37 53 0.3386
12450 37 65 0.3386
12562 18 35 0.3937
12600 37 47 0.4882
12637 37 52 0.4094
12675 37 64 0.4094
12787 18 35 0.3622
12825 37 47 0.5197
12862 37 54 0.4488
12900 37 66 0.4488
12937 112 35 0.3622
13050 37 47 0.5197
13087 37 54 0.4488
13125 37 64 0.4488
13162 112 35 0.3622
13275 75 48 0.5197
13312 37 57 0.4488
13350 37 64 0.4488
13387 75 47 0.3622
13500 75 45 0.5197
13537 37 54 0.4488
13575 37 64 0.4488
13612 75 47 0.3622
13725 75 48 0.5197
13762 37 57 0.4488
13800 37 64 0.4488
13837 75 47 0.3622
13950 75 45 0.5197
13987 37 54 0.4488
14025 18 64 0.4488
14062 75 42 0.5197
14100 37 57 0.4488
14137 18 64 0.4488
14175 37 47 0.378
14212 37 57 0.3071
14325 37 59 0.2126
14437 37 57 0.2126
14437 37 47 0.1811
14550 37 59 0.2047
14662 37 47 0.1181
14662 37 57 0.1654
14775 37 59 0.1654
14887 37 57 0.1339
14887 37 47 0.1024
15000 35 59 0.1339
15037 37 57 0.1496
15037 37 60 0.1496
15037 37 69 0.189
15075 18 56 0.1575
15150 37 57 0.189
15150 37 48 0.1496
15150 37 52 0.1496
15187 18 59 0.1575
15262 37 69 0.189
15262 37 60 0.1496
15262 37 57 0.1496
15300 18 56 0.1575
15375 37 57 0.189
15375 37 54 0.1496
15375 37 48 0.1496
15412 18 63 0.1575
15487 37 55 0.1575
15487 37 59 0.1575
15487 37 67 0.2126
15525 18 54 0.1654
15600 37 55 0.1969
15600 37 47 0.1575
15600 37 50 0.1575
15637 18 57 0.1654
15712 37 67 0.189
15712 37 55 0.1496
15712 37 59 0.1496
15750 18 54 0.1575
15825 37 55 0.2047
15825 37 52 0.1575
15825 37 46 0.1575
15862 18 61 0.1732
15937 37 65 0.3386
15937 37 53 0.2598
15937 37 57 0.2598
15975 28 52 0.2913
16050 37 53 0.3307
16050 37 57 0.3307
16050 37 60 0.4252
16087 28 52 0.3465
16162 37 53 0.4567
16162 37 45 0.3622
16162 37 48 0.3622
16200 28 56 0.4094
16275 37 57 0.4882
16275 37 48 0.3858
16275 37 53 0.3858
16312 28 59 0.4409
16387 375 57 0.3701
16387 375 60 0.4094
16387 375 53 0.378
16762 225 42 0.2362
16762 225 54 0.2756
16762 225 47 0.2362
16987 225 35 0.2362
16987 225 47 0.2992
17212 225 28 0.2362
17212 225 40 0.2756
