50 18 74 0.3937
50 18 62 0.315
50 18 58 0.2677
68 5 69 0.3307
68 5 77 0.3937
68 5 53 0.2677
68 5 60 0.315
75 25 72 0.4173
75 25 77 0.4882
75 25 60 0.3937
75 25 57 0.3307
100 12 65 0.3622
100 12 74 0.4331
100 12 62 0.3465
100 12 58 0.2913
125 18 70 0.3937
125 18 58 0.315
125 18 55 0.2677
143 5 66 0.3307
143 5 74 0.3937
143 5 50 0.2677
143 5 57 0.315
150 25 69 0.4173
150 25 74 0.4882
150 25 57 0.3937
150 25 54 0.3307
175 12 62 0.3622
175 12 70 0.4331
175 12 58 0.3465
175 12 55 0.2913
200 18 67 0.4094
200 18 55 0.3307
200 18 51 0.2756
218 5 62 0.3465
218 5 70 0.4173
218 5 46 0.2835
218 5 53 0.3307
225 25 65 0.4488
225 25 70 0.5197
225 25 53 0.4252
225 25 50 0.3543
250 12 58 0.4016
250 12 67 0.4803
250 12 55 0.378
250 12 51 0.3228
275 18 58 0.3701
275 18 67 0.4488
275 18 55 0.3543
275 18 51 0.2992
293 5 63 0.378
293 5 69 0.4567
293 5 48 0.3071
293 5 53 0.3622
300 25 63 0.4882
300 25 69 0.5669
300 37 53 0.4567
300 25 48 0.3858
325 12 58 0.4331
325 12 70 0.5197
325 12 50 0.3465
350 25 65 0.4016
350 18 70 0.4803
350 25 53 0.3228
350 18 50 0.3858
368 5 72 0.4961
368 5 45 0.3307
375 25 65 0.5276
375 25 72 0.622
375 37 53 0.5039
375 25 45 0.4173
400 12 70 0.4724
400 12 65 0.4724
400 12 74 0.5669
400 12 44 0.378
425 25 70 0.4409
425 18 74 0.5276
425 18 44 0.3543
425 18 53 0.4173
443 5 75 0.5512
443 5 43 0.3622
443 5 51 0.3622
450 25 70 0.5906
450 25 75 0.6929
450 25 51 0.5591
450 25 43 0.4646
475 6 73 0.5354
475 6 70 0.5354
475 6 65 0.5354
475 6 77 0.6457
475 6 49 0.4409
475 6 41 0.3858
500 6 67 0.622
500 6 70 0.622
500 6 72 0.622
500 6 79 0.7402
500 6 40 0.4567
500 6 48 0.4882
525 12 60 0.622
525 12 69 0.622
525 12 72 0.7402
525 12 41 0.4567
525 12 53 0.4882
575 18 86 0.3937
575 18 74 0.315
575 18 70 0.2677
593 5 81 0.3307
593 5 89 0.3937
593 5 65 0.2677
593 5 72 0.315
600 25 84 0.4173
600 25 89 0.4882
600 25 72 0.3937
600 25 69 0.3307
625 12 77 0.3622
625 12 86 0.4331
625 12 74 0.3465
625 12 70 0.2913
650 18 82 0.3937
650 18 70 0.315
650 18 67 0.2677
668 5 78 0.3307
668 5 86 0.3937
668 5 62 0.2677
668 5 69 0.315
675 25 81 0.4173
675 25 86 0.4882
675 25 69 0.3937
675 25 66 0.3307
700 12 74 0.3622
700 12 82 0.4331
700 12 70 0.3465
700 12 67 0.2913
725 18 79 0.4094
725 18 67 0.3307
725 18 63 0.2756
743 5 74 0.3465
743 5 82 0.4173
743 5 58 0.2835
743 5 65 0.3307
750 25 77 0.4488
750 25 82 0.5197
750 25 65 0.4252
750 25 62 0.3543
775 12 70 0.4016
775 12 79 0.4803
775 12 67 0.378
775 12 63 0.3228
800 18 70 0.3701
800 18 79 0.4488
800 18 67 0.3543
800 18 63 0.2992
818 5 75 0.378
818 5 81 0.4567
818 5 60 0.3071
818 5 65 0.3622
825 25 75 0.4882
825 25 81 0.5669
825 37 65 0.4567
825 25 60 0.3858
850 12 70 0.4331
850 12 82 0.5197
850 12 62 0.3465
875 25 77 0.4016
875 18 82 0.4803
875 18 74 0.3858
893 5 84 0.4961
893 5 72 0.3307
893 5 69 0.3307
900 25 77 0.5276
900 25 84 0.622
900 25 72 0.5039
900 25 69 0.4173
925 12 77 0.4724
925 12 86 0.5669
925 12 70 0.4094
925 12 68 0.378
950 25 82 0.4409
950 18 87 0.5276
950 18 67 0.3543
950 25 70 0.4173
968 5 88 0.5512
968 5 66 0.3622
975 25 82 0.5906
975 25 88 0.6929
975 25 70 0.5591
975 25 66 0.4646
1000 6 81 0.5354
1000 6 77 0.5354
1000 6 89 0.6457
1000 6 72 0.4409
1000 6 65 0.3858
1025 6 79 0.622
1025 6 82 0.622
1025 6 88 0.622
1025 6 91 0.7402
1025 6 48 0.4567
1025 6 60 0.4882
1050 12 77 0.622
1050 12 81 0.622
1050 12 89 0.7402
1050 12 53 0.4567
1050 12 65 0.4882
1100 18 71 0.3386
1100 18 74 0.3937
1100 75 65 0.315
1100 75 53 0.2677
1118 4 74 0.3307
1118 4 77 0.3937
1125 25 74 0.4173
1125 25 77 0.4882
1150 12 71 0.3622
1150 12 74 0.4331
1175 18 71 0.3386
1175 18 74 0.3937
1175 75 53 0.315
1175 75 41 0.2677
1193 4 75 0.3307
1193 4 79 0.3937
1200 25 75 0.4173
1200 25 79 0.4882
1225 12 72 0.3622
1225 12 75 0.4331
1250 18 69 0.3386
1250 18 72 0.3937
1250 75 53 0.315
1250 75 41 0.2677
1268 4 72 0.3307
1268 4 75 0.3937
1275 25 72 0.4173
1275 25 75 0.4882
1300 12 69 0.3622
1300 12 72 0.4331
1325 18 69 0.3386
1325 18 72 0.3937
1325 75 41 0.2835
1325 75 29 0.2362
1343 4 73 0.3307
1343 4 77 0.3937
1350 25 74 0.4173
1350 25 77 0.4882
1375 12 70 0.3622
1375 12 74 0.4331
1400 18 57 0.2992
1400 18 60 0.3543
1400 50 42 0.2835
1400 50 30 0.2362
1418 4 60 0.2913
1418 4 63 0.3543
1425 50 60 0.3701
1425 50 63 0.4331
1450 50 31 0.2205
1450 50 43 0.2677
1475 25 58 0.315
1475 25 62 0.378
1500 25 57 0.3071
1500 25 60 0.3622
1500 25 33 0.2205
1500 25 45 0.2677
1525 25 55 0.2992
1525 25 58 0.3543
1525 25 34 0.2205
1525 25 46 0.2598
1550 50 53 0.2835
1550 50 57 0.3386
1550 25 35 0.2205
1550 25 47 0.2598
1575 50 36 0.2205
1575 50 48 0.2598
1600 25 52 0.2598
1600 25 55 0.3071
1625 50 51 0.252
1625 75 55 0.252
1625 50 60 0.2992
1625 25 36 0.252
1650 50 43 0.252
1675 25 50 0.252
1675 25 59 0.2992
1775 18 59 0.315
1793 5 62 0.315
1800 25 62 0.3858
1825 12 59 0.3465
1850 62 62 0.2598
1850 18 71 0.315
1850 18 43 0.252
1850 62 55 0.2126
1868 5 74 0.315
1868 5 47 0.252
1875 25 74 0.3858
1875 25 47 0.315
1900 12 71 0.3465
1900 12 43 0.2756
1925 18 84 0.3622
1925 18 72 0.2835
1943 5 87 0.3622
1943 5 75 0.2835
1950 25 87 0.4409
1950 25 75 0.3622
1975 12 84 0.3937
1975 12 72 0.315
2000 18 62 0.3386
2000 18 71 0.3937
2000 75 55 0.315
2000 75 43 0.2677
2018 4 65 0.3307
2018 4 74 0.3937
2025 25 65 0.4173
2025 25 74 0.4882
2050 12 62 0.3701
2050 12 71 0.4409
2075 18 62 0.4016
2075 18 71 0.4646
2075 75 48 0.378
2075 75 36 0.315
2093 4 67 0.3937
2093 4 75 0.4724
2100 25 67 0.4961
2100 25 75 0.5906
2125 12 63 0.4409
2125 12 72 0.5354
2150 18 69 0.4803
2150 18 72 0.5748
2150 50 29 0.4488
2150 50 41 0.5591
2168 5 72 0.5197
2168 5 81 0.5906
2175 25 72 0.6299
2175 25 81 0.7402
2200 6 69 0.5591
2200 6 77 0.6693
2200 6 41 0.4488
2200 6 53 0.4724
2225 6 70 0.6772
2225 6 82 0.811
2225 6 34 0.4961
2225 6 46 0.5354
2250 12 70 0.6772
2250 12 82 0.811
2250 12 34 0.4961
2250 12 46 0.5354
2300 18 83 0.3386
2300 18 86 0.3937
2300 75 77 0.315
2300 75 65 0.2677
2318 4 86 0.3307
2318 4 89 0.3937
2325 25 86 0.4173
2325 25 89 0.4882
2350 12 83 0.3622
2350 12 86 0.4331
2375 18 83 0.3386
2375 18 86 0.3937
2375 75 65 0.315
2375 75 53 0.2677
2393 4 87 0.3307
2393 4 91 0.3937
2400 25 87 0.4173
2400 25 91 0.4882
2425 12 84 0.3622
2425 12 87 0.4331
2450 18 81 0.3386
2450 18 84 0.3937
2450 75 65 0.315
2450 75 53 0.2677
2468 4 84 0.3307
2468 4 87 0.3937
2475 25 84 0.4173
2475 25 87 0.4882
2500 12 81 0.3622
2500 12 84 0.4331
2525 18 81 0.3386
2525 18 84 0.3937
2525 75 53 0.2835
2525 75 41 0.2362
2543 4 85 0.3307
2543 4 89 0.3937
2550 25 86 0.4173
2550 25 89 0.4882
2575 12 82 0.3622
2575 12 86 0.4331
2600 18 69 0.2992
2600 18 72 0.3543
2600 50 54 0.2835
2600 50 42 0.2362
2618 4 72 0.2913
2618 4 75 0.3543
2625 50 72 0.3701
2625 50 75 0.4331
2650 25 54 0.2205
2650 25 60 0.2205
2650 25 63 0.2677
2675 25 70 0.315
2675 25 74 0.378
2675 25 55 0.2205
2675 25 58 0.2205
2675 25 62 0.2677
2700 25 69 0.3071
2700 25 72 0.3622
2700 25 57 0.2205
2700 25 60 0.2677
2725 25 67 0.2992
2725 25 70 0.3543
2725 25 46 0.2205
2725 25 55 0.2205
2725 25 58 0.2598
2750 50 65 0.2835
2750 50 69 0.3386
2750 50 53 0.2205
2750 25 47 0.2205
2750 50 57 0.2598
2775 50 48 0.2205
2800 25 64 0.2598
2800 25 67 0.3071
2800 25 52 0.2126
2800 25 55 0.2598
2825 50 63 0.252
2825 75 67 0.252
2825 50 72 0.2992
2825 25 51 0.2126
2825 25 55 0.2598
2825 50 60 0.252
2850 50 55 0.252
2875 25 62 0.252
2875 25 71 0.2992
2875 25 59 0.2362
2975 18 71 0.315
2993 5 74 0.315
3000 25 74 0.3858
3025 12 71 0.3465
3050 62 74 0.2598
3050 18 83 0.315
3050 18 55 0.252
3050 62 67 0.2126
3068 5 86 0.315
3068 5 59 0.252
3075 25 86 0.3858
3075 25 59 0.315
3100 12 83 0.3465
3100 12 55 0.2756
3125 18 72 0.3622
3125 18 60 0.2835
3143 5 75 0.3622
3143 5 63 0.2835
3150 25 75 0.4409
3150 25 63 0.3622
3175 12 72 0.3937
3175 12 60 0.315
3200 18 74 0.3386
3200 18 83 0.3937
3200 75 67 0.315
3200 75 55 0.2677
3218 4 77 0.3307
3218 4 86 0.3937
3225 25 77 0.4252
3225 25 86 0.4961
3250 12 74 0.378
3250 12 83 0.4488
3275 18 74 0.4094
3275 18 83 0.4724
3275 75 60 0.3858
3275 75 48 0.3228
3293 4 79 0.4094
3293 4 87 0.4882
3300 25 79 0.5197
3300 25 87 0.6142
3325 12 75 0.4567
3325 12 84 0.5512
3350 18 81 0.5039
3350 18 84 0.6063
3350 75 41 0.4646
3350 75 53 0.5827
3368 5 84 0.5433
3368 5 93 0.622
3375 25 84 0.6535
3375 25 93 0.7717
3400 6 81 0.5827
3400 6 89 0.7008
3425 6 82 0.7402
3425 6 94 0.8819
3425 6 34 0.5433
3425 6 46 0.5827
3450 12 82 0.7402
3450 12 94 0.8819
3450 12 34 0.5433
3450 12 46 0.5827
3500 50 73 0.4094
3500 50 85 0.4882
3500 12 34 0.2441
3500 12 46 0.2913
3525 12 34 0.2441
3525 12 46 0.2913
3550 25 89 0.4567
3550 25 77 0.4567
3575 50 73 0.4094
3575 50 85 0.4882
3575 8 34 0.2913
3583 8 41 0.2362
3591 8 49 0.2362
3600 8 34 0.2913
3608 8 41 0.2441
3616 8 49 0.2441
3625 25 70 0.4094
3625 25 82 0.4882
3625 8 34 0.2913
3633 8 41 0.2441
3641 8 49 0.2362
3650 25 65 0.378
3650 25 77 0.4488
3650 8 34 0.2913
3658 8 41 0.2441
3666 8 49 0.2441
3675 50 70 0.4173
3675 50 82 0.4961
3675 8 34 0.2913
3683 8 41 0.2441
3691 8 49 0.2441
3700 8 34 0.2992
3708 8 41 0.252
3716 8 49 0.2441
3725 25 85 0.5197
3725 25 73 0.4331
3725 8 34 0.3071
3733 8 41 0.2598
3741 8 49 0.2677
3750 50 77 0.4567
3750 50 89 0.5433
3750 8 34 0.3228
3758 8 41 0.2756
3766 8 49 0.2756
3775 8 34 0.3307
3783 8 41 0.2835
3791 8 49 0.2756
3800 25 85 0.622
3800 25 73 0.5276
3800 8 34 0.3465
3808 8 41 0.2913
3816 8 49 0.2992
3825 50 82 0.6378
3825 50 70 0.5354
3825 8 34 0.3858
3833 8 41 0.3307
3841 8 49 0.3307
3850 8 34 0.4252
3858 8 41 0.3858
3866 8 49 0.3858
3875 25 77 0.6457
3875 25 65 0.5354
3875 8 34 0.4803
3883 8 41 0.4409
3891 8 49 0.4567
3900 50 70 0.5669
3900 50 82 0.6772
3900 8 34 0.5433
3908 8 41 0.4488
3916 8 49 0.4094
3925 8 34 0.4803
3933 8 41 0.4016
3941 8 49 0.4016
3950 25 85 0.6142
3950 25 73 0.5197
3950 8 32 0.4724
3958 8 41 0.3937
3966 8 49 0.3622
3975 50 77 0.4724
3975 50 89 0.5669
3975 8 32 0.3465
3983 8 41 0.2835
3991 8 49 0.2756
4000 8 32 0.3228
4008 8 41 0.2677
4016 8 49 0.252
4025 25 92 0.4016
4025 25 80 0.3307
4025 8 37 0.3071
4033 8 41 0.252
4041 8 49 0.2441
4050 25 85 0.378
4050 25 73 0.315
4050 8 37 0.2913
4058 8 41 0.2047
4066 8 49 0.2047
4075 8 37 0.2362
4083 8 41 0.1969
4091 8 49 0.1969
4100 6 70 0.2677
4100 6 82 0.315
4100 50 37 0.315
4100 50 49 0.378
4125 6 70 0.2677
4125 6 82 0.315
4150 25 53 0.3937
4150 25 41 0.3937
4175 8 73 0.2913
4175 50 37 0.3465
4175 50 49 0.4094
4183 8 70 0.2362
4191 8 65 0.2362
4200 8 73 0.2913
4208 8 70 0.2441
4216 8 65 0.2441
4225 8 77 0.2913
4225 25 34 0.3465
4225 25 46 0.4094
4233 8 73 0.2441
4241 8 70 0.2362
4250 8 73 0.2913
4250 25 29 0.315
4250 25 41 0.3858
4258 8 70 0.2441
4266 8 65 0.2441
4275 8 73 0.2913
4275 50 34 0.3622
4275 50 46 0.4173
4283 8 70 0.2441
4291 8 65 0.2441
4300 8 70 0.3071
4308 8 65 0.252
4316 8 61 0.252
4325 8 65 0.315
4325 25 49 0.4803
4325 25 37 0.4016
4333 8 61 0.2677
4341 8 58 0.2835
4350 8 61 0.3858
4350 8 70 0.3858
4350 50 41 0.4016
4350 50 53 0.4803
4358 8 58 0.3307
4366 8 61 0.3307
4375 8 70 0.3937
4383 8 61 0.3386
4391 8 58 0.3386
4400 8 65 0.4252
4400 8 73 0.4252
4400 25 49 0.5512
4400 25 37 0.4646
4408 8 61 0.3622
4416 8 65 0.4016
4425 8 77 0.4961
4425 50 46 0.622
4425 50 34 0.5276
4433 8 73 0.4331
4441 8 70 0.4646
4450 8 77 0.5591
4458 8 73 0.4724
4466 8 70 0.5039
4475 8 73 0.6063
4475 25 41 0.5748
4475 25 29 0.4803
4483 8 70 0.5276
4491 8 65 0.4803
4500 8 70 0.6535
4500 50 34 0.5039
4500 50 46 0.6063
4508 8 65 0.5354
4516 8 61 0.4567
4525 8 70 0.5039
4533 8 65 0.4252
4541 8 61 0.3622
4550 8 65 0.4724
4550 25 49 0.5433
4550 25 37 0.4567
4558 8 61 0.3543
4566 8 58 0.3465
4575 8 61 0.2441
4575 8 68 0.3465
4575 50 41 0.4252
4575 50 53 0.5039
4583 8 56 0.2835
4591 8 61 0.2756
4600 8 68 0.3228
4608 8 65 0.2677
4616 8 61 0.252
4625 8 65 0.2126
4625 8 73 0.3071
4625 25 56 0.3543
4625 25 44 0.2913
4633 8 61 0.252
4641 8 65 0.2441
4650 8 77 0.2913
4650 25 49 0.3386
4650 25 37 0.2835
4658 8 73 0.2047
4666 8 68 0.2047
4675 8 77 0.2362
4683 8 73 0.1969
4691 8 68 0.1969
4700 8 80 0.2362
4700 12 37 0.2913
4700 12 49 0.2913
4708 8 77 0.1969
4716 8 73 0.1969
4725 25 65 0.2598
4725 25 73 0.315
4725 12 37 0.2677
4725 12 49 0.2677
4750 8 37 0.2913
4758 8 41 0.2441
4766 8 49 0.2362
4775 50 77 0.378
4775 50 89 0.4488
4775 8 37 0.2913
4783 8 41 0.2362
4791 8 49 0.2362
4800 8 37 0.2913
4808 8 41 0.2441
4816 8 49 0.2441
4825 25 92 0.4173
4825 25 80 0.4173
4825 8 37 0.2913
4833 8 41 0.2441
4841 8 49 0.2362
4850 50 77 0.378
4850 50 89 0.4488
4850 8 37 0.2913
4858 8 41 0.2362
4866 8 49 0.2362
4875 8 37 0.2913
4883 8 41 0.2441
4891 8 49 0.2441
4900 25 73 0.378
4900 25 85 0.4488
4900 8 37 0.2913
4908 8 41 0.2441
4916 8 49 0.2362
4925 25 68 0.3465
4925 25 80 0.4094
4925 8 37 0.2913
4933 8 41 0.2441
4941 8 49 0.2441
4950 50 73 0.3858
4950 50 85 0.4567
4950 8 37 0.2913
4958 8 41 0.2441
4966 8 49 0.2441
4975 8 37 0.2992
4983 8 41 0.252
4991 8 49 0.2441
5000 25 89 0.4724
5000 25 77 0.3937
5000 8 32 0.3071
5008 8 41 0.2598
5016 8 49 0.2677
5025 50 80 0.4173
5025 50 92 0.4961
5025 8 32 0.3228
5033 8 41 0.2756
5041 8 49 0.2756
5050 8 32 0.3307
5058 8 41 0.2835
5066 8 49 0.2756
5075 25 89 0.5669
5075 25 77 0.4803
5075 8 32 0.3622
5083 8 41 0.2913
5091 8 49 0.315
5100 50 85 0.6378
5100 50 73 0.5354
5100 8 34 0.4016
5108 8 41 0.3386
5116 8 49 0.3386
5125 8 34 0.4331
5133 8 41 0.378
5141 8 49 0.4016
5150 25 82 0.6457
5150 25 70 0.5354
5150 8 34 0.4803
5158 8 41 0.4173
5166 8 49 0.4331
5175 50 65 0.5669
5175 50 77 0.6772
5175 8 34 0.5197
5183 8 41 0.4488
5191 8 49 0.4094
5200 8 34 0.4331
5208 8 41 0.3543
5216 8 49 0.3307
5225 25 82 0.6142
5225 25 70 0.5197
5225 8 34 0.3937
5233 8 41 0.3543
5241 8 49 0.3465
5250 50 73 0.4724
5250 50 85 0.5669
5250 8 29 0.3465
5258 8 41 0.2835
5266 8 49 0.2756
5275 8 29 0.3228
5283 8 41 0.2126
5291 8 49 0.2126
5300 25 89 0.4016
5300 25 77 0.3307
5300 8 29 0.2598
5308 8 41 0.252
5316 8 49 0.2205
5325 25 82 0.378
5325 25 70 0.315
5325 8 34 0.2913
5333 8 41 0.2047
5341 8 49 0.2047
5350 25 34 0.2362
5375 6 61 0.2677
5375 6 73 0.315
5375 50 41 0.3071
5375 50 53 0.3622
5400 6 61 0.2677
5400 6 73 0.315
5425 8 61 0.2913
5425 25 56 0.378
5425 25 44 0.378
5433 8 65 0.252
5441 8 73 0.252
5450 25 77 0.2913
5450 50 41 0.3307
5450 50 53 0.3937
5458 8 73 0.2362
5466 8 68 0.2362
5475 25 77 0.2913
5483 8 73 0.2441
5491 8 68 0.2441
5500 8 77 0.2913
5500 25 80 0.2913
5500 25 37 0.3307
5500 25 49 0.3937
5508 8 73 0.2441
5516 8 68 0.2362
5525 8 77 0.2913
5525 25 32 0.3071
5525 25 44 0.3701
5533 8 73 0.2441
5541 8 68 0.2441
5550 8 77 0.2913
5550 50 37 0.3465
5550 50 49 0.4016
5558 8 73 0.2441
5566 8 68 0.2441
5575 8 73 0.2992
5583 8 68 0.252
5591 8 65 0.2441
5600 8 61 0.2677
5600 8 68 0.3071
5600 25 53 0.4646
5600 25 41 0.3858
5608 8 56 0.2598
5616 8 61 0.2677
5625 8 65 0.252
5625 8 73 0.3228
5625 50 44 0.4016
5625 50 56 0.4803
5633 8 61 0.2756
5641 8 65 0.2756
5650 8 73 0.3937
5658 8 68 0.315
5666 8 65 0.3386
5675 8 77 0.4252
5675 25 53 0.5512
5675 25 41 0.4646
5683 8 73 0.3701
5691 8 68 0.3937
5700 8 80 0.4882
5700 50 49 0.622
5700 50 37 0.5276
5708 8 77 0.4173
5716 8 73 0.4331
5725 8 77 0.5276
5733 8 73 0.4724
5741 8 77 0.4882
5750 8 77 0.5669
5750 25 34 0.4803
5750 25 46 0.5748
5758 8 73 0.4961
5766 8 65 0.4724
5775 8 73 0.5906
5775 50 29 0.5039
5775 50 41 0.6063
5783 8 70 0.5197
5791 8 65 0.4094
5800 8 73 0.4331
5808 8 70 0.3543
5816 8 65 0.3307
5825 8 70 0.4724
5825 25 34 0.4567
5825 25 46 0.5433
5833 8 65 0.3543
5841 8 61 0.3465
5850 8 65 0.3465
5850 50 37 0.4252
5850 50 49 0.5039
5858 8 61 0.2835
5866 8 58 0.2756
5875 8 65 0.3228
5883 8 61 0.2677
5891 8 58 0.252
5900 8 61 0.2126
5900 8 70 0.3071
5900 25 41 0.2913
5900 25 53 0.3543
5908 8 58 0.252
5916 8 61 0.2441
5925 8 73 0.2913
5925 25 34 0.2835
5925 25 46 0.3386
5933 8 70 0.2047
5941 8 65 0.2047
5950 8 73 0.2362
5958 8 70 0.1969
5966 8 65 0.1969
5975 8 77 0.2362
5983 8 73 0.1969
5991 8 65 0.1969
6000 25 70 0.315
6000 8 61 0.2283
6008 8 58 0.1575
6016 8 53 0.1575
6025 8 61 0.189
6033 8 58 0.1575
6041 8 53 0.1575
6050 8 65 0.189
6058 8 61 0.1575
6066 8 53 0.1575
6075 6 70 0.3937
6075 6 58 0.3307
6100 6 73 0.3465
6100 6 61 0.2913
6125 6 72 0.3937
6125 6 60 0.3307
6150 6 65 0.3386
6150 6 53 0.2835
6175 6 77 0.3937
6175 6 65 0.3307
6200 6 75 0.3543
6200 6 63 0.2992
6225 6 73 0.3543
6225 6 61 0.2992
6250 6 72 0.3543
6250 6 60 0.2992
6275 6 70 0.3937
6275 6 58 0.3307
6300 6 73 0.3386
6300 6 61 0.2835
6325 6 72 0.3937
6325 6 60 0.3307
6350 6 68 0.3307
6350 6 56 0.2756
6375 6 72 0.3937
6375 6 60 0.3307
6400 6 67 0.3307
6400 6 55 0.2756
6425 50 65 0.3622
6425 50 53 0.3071
6475 18 41 0.3622
6475 18 53 0.4331
6487 12 65 0.3307
6487 12 68 0.3307
6487 12 72 0.3937
6500 18 44 0.3228
6500 18 56 0.3858
6512 12 65 0.315
6512 12 68 0.315
6512 12 72 0.378
6525 18 43 0.378
6525 18 55 0.4488
6537 12 64 0.3228
6537 12 70 0.3228
6537 12 72 0.3858
6550 18 36 0.3228
6550 18 48 0.3937
6562 12 64 0.3307
6562 12 67 0.3307
6562 12 70 0.3307
6562 12 72 0.4016
6575 18 48 0.4016
6575 18 60 0.4803
6587 12 64 0.3622
6587 12 67 0.3622
6587 12 72 0.4488
6600 18 46 0.378
6600 18 58 0.4488
6612 12 64 0.3701
6612 12 67 0.3701
6612 12 72 0.4488
6625 18 44 0.3858
6625 18 56 0.4567
6637 12 65 0.378
6637 12 68 0.378
6637 12 72 0.4567
6650 18 43 0.3937
6650 18 55 0.4724
6662 12 64 0.3858
6662 12 70 0.3858
6662 12 72 0.4646
6675 18 41 0.4488
6675 18 53 0.5433
6687 12 65 0.4567
6687 12 68 0.4567
6687 12 72 0.5512
6700 18 44 0.3937
6700 18 56 0.4724
6712 12 65 0.4252
6712 12 68 0.4252
6712 12 72 0.4252
6712 12 77 0.5118
6725 18 43 0.4724
6725 18 55 0.5748
6737 12 65 0.4409
6737 12 70 0.4409
6737 12 72 0.4409
6737 12 77 0.5197
6750 18 48 0.3937
6750 18 60 0.4803
6762 12 64 0.4488
6762 12 70 0.4488
6762 12 72 0.4488
6762 12 76 0.5433
6775 18 45 0.4961
6775 18 57 0.5906
6787 12 65 0.5433
6787 12 72 0.5433
6787 12 77 0.6457
6800 18 41 0.4252
6800 18 53 0.5118
6812 12 65 0.4724
6812 12 72 0.4724
6812 12 75 0.5748
6825 18 46 0.5197
6825 18 58 0.622
6837 12 65 0.4882
6837 12 70 0.4882
6837 12 73 0.5906
6850 18 48 0.4409
6850 18 60 0.5354
6862 12 63 0.4961
6862 12 69 0.4961
6862 12 72 0.5984
6875 12 70 0.5984
6875 12 77 0.5984
6875 12 82 0.7087
6875 12 49 0.6142
6887 12 61 0.5433
6900 12 85 0.6693
6900 12 82 0.5669
6900 12 77 0.5669
6900 12 73 0.5669
6900 12 46 0.6142
6912 12 58 0.5354
6925 12 84 0.6693
6925 12 81 0.6693
6925 12 77 0.5669
6925 12 72 0.5669
6925 12 41 0.6142
6937 12 53 0.5276
6950 12 77 0.6693
6950 12 72 0.5669
6950 12 69 0.5669
6950 12 65 0.5669
6950 12 39 0.6142
6962 12 51 0.5197
6975 12 89 0.7795
6975 12 82 0.6535
6975 12 77 0.6535
6975 12 37 0.6142
6987 12 49 0.5276
7000 12 87 0.6614
7000 12 81 0.5591
7000 12 77 0.5591
7000 12 75 0.5591
7000 12 36 0.6142
7012 12 48 0.5276
7025 12 85 0.6614
7025 12 82 0.5591
7025 12 77 0.5591
7025 12 73 0.5591
7025 12 34 0.5748
7037 12 46 0.4882
7050 12 84 0.6614
7050 12 77 0.5591
7050 12 72 0.5591
7050 12 33 0.5748
7062 12 45 0.4803
7075 12 82 0.7087
7075 12 77 0.5984
7075 12 73 0.5984
7075 12 70 0.5984
7075 12 34 0.5906
7087 12 46 0.4961
7100 12 85 0.6457
7100 12 82 0.5433
7100 12 77 0.5433
7100 12 73 0.5433
7100 12 34 0.5748
7112 12 46 0.5118
7125 12 84 0.7087
7125 12 77 0.5984
7125 12 72 0.5984
7125 12 33 0.5827
7137 12 45 0.4882
7150 12 77 0.6378
7150 12 72 0.5354
7150 12 69 0.5354
7150 12 65 0.5354
7150 12 39 0.5748
7162 12 51 0.4724
7175 12 89 0.8583
7175 12 77 0.7244
7175 12 37 0.5591
7187 12 49 0.4803
7200 12 85 0.7244
7200 12 82 0.6142
7200 12 73 0.6142
7200 12 34 0.5512
7212 12 46 0.4961
7225 50 84 0.7953
7225 50 81 0.6693
7225 50 72 0.6693
7225 50 41 0.5906
7225 50 53 0.5906
7275 12 89 0.8583
7275 12 77 0.7244
7275 12 61 0.5591
7287 12 73 0.4803
7300 12 85 0.7244
7300 12 82 0.6142
7300 12 58 0.5512
7312 12 70 0.4961
7325 50 84 0.7953
7325 50 81 0.6693
7350 25 77 0.6299
7375 50 72 0.7638
7375 50 69 0.6378
7400 25 65 0.6299
7425 50 60 0.7717
7425 50 57 0.6299
7450 25 53 0.6299
7475 50 48 0.7953
7475 50 45 0.6693
7500 25 41 0.6299
7525 125 36 0.7953
7525 125 33 0.6693
7550 100 29 0.7008
7650 8 29 0.5118
7658 8 31 0.5118
7666 8 33 0.5197
7675 12 34 0.5197
7687 12 36 0.5276
7700 12 38 0.5354
7712 12 40 0.5433
7725 8 41 0.5433
7733 8 43 0.5512
7741 8 45 0.5512
7750 12 46 0.5591
7762 12 48 0.5669
7775 12 50 0.5748
7787 12 52 0.5748
7800 8 53 0.5827
7808 8 55 0.5906
7816 8 57 0.5906
7825 12 58 0.5984
7837 12 60 0.6063
7850 12 62 0.6063
7862 12 64 0.6142
7875 8 65 0.6378
7883 8 67 0.6378
7891 8 69 0.6378
7900 12 70 0.6378
7912 12 72 0.6457
7925 12 74 0.6457
7937 12 76 0.6535
7950 8 77 0.6535
7958 8 79 0.6535
7966 8 81 0.6614
7975 12 82 0.6614
7987 12 84 0.6614
8000 12 86 0.6693
8012 12 88 0.6693
8025 8 89 0.6772
8025 8 65 0.4724
8033 8 91 0.6929
8033 8 67 0.4803
8041 8 93 0.7008
8041 8 69 0.4882
8050 12 94 0.7087
8050 12 70 0.4961
8062 12 96 0.7244
8062 12 72 0.5039
8075 12 98 0.7402
8075 12 74 0.5118
8087 12 100 0.7559
8087 12 76 0.5276
8100 12 101 0.7717
8100 12 77 0.5354
8125 6 75 0.5354
8125 6 78 0.6378
8125 6 53 0.5197
8131 6 69 0.5512
8131 6 63 0.4567
8137 6 75 0.5276
8137 6 78 0.622
8137 6 53 0.5197
8143 6 69 0.5512
8143 6 63 0.4567
8150 6 75 0.5276
8150 6 78 0.622
8150 6 53 0.5197
8156 6 69 0.5512
8156 6 63 0.4567
8162 6 75 0.5276
8162 6 78 0.622
8162 6 53 0.5197
8168 6 69 0.5512
8168 6 63 0.4567
8175 6 75 0.5354
8175 6 78 0.6299
8175 6 53 0.5197
8181 6 69 0.5512
8181 6 63 0.4488
8187 6 75 0.5118
8187 6 78 0.6063
8187 6 53 0.5118
8193 6 69 0.5512
8193 6 63 0.4567
8275 18 74 0.3937
8275 18 62 0.315
8275 18 58 0.2677
8293 5 69 0.3307
8293 5 77 0.3937
8293 5 53 0.2677
8293 5 60 0.315
8300 25 72 0.4173
8300 25 77 0.4882
8300 25 60 0.3937
8300 25 57 0.3307
8325 12 65 0.3622
8325 12 74 0.4331
8325 12 62 0.3465
8325 12 58 0.2913
8350 18 70 0.3937
8350 18 58 0.315
8350 18 55 0.2677
8368 5 66 0.3307
8368 5 74 0.3937
8368 5 50 0.2677
8368 5 57 0.315
8375 25 69 0.4173
8375 25 74 0.4882
8375 25 57 0.3937
8375 25 54 0.3307
8400 12 62 0.3622
8400 12 70 0.4331
8400 12 58 0.3465
8400 12 55 0.2913
8425 18 67 0.4094
8425 18 55 0.3307
8425 18 51 0.2756
8443 5 62 0.3465
8443 5 70 0.4173
8443 5 46 0.2835
8443 5 53 0.3307
8450 25 65 0.4488
8450 25 70 0.5197
8450 25 53 0.4252
8450 25 50 0.3543
8475 12 58 0.4016
8475 12 67 0.4803
8475 12 55 0.378
8475 12 51 0.3228
8500 18 58 0.3701
8500 18 67 0.4488
8500 18 55 0.3543
8500 18 51 0.2992
8518 5 63 0.378
8518 5 69 0.4567
8518 5 48 0.3071
8518 5 53 0.3622
8525 25 63 0.4882
8525 25 69 0.5669
8525 37 53 0.4567
8525 25 48 0.3858
8550 12 58 0.4331
8550 12 70 0.5197
8550 12 50 0.3465
8575 25 65 0.4016
8575 18 70 0.4803
8575 25 53 0.3228
8575 18 50 0.3858
8593 5 72 0.4961
8593 5 45 0.3307
8600 25 65 0.5276
8600 25 72 0.622
8600 37 53 0.5039
8600 25 45 0.4173
8625 12 70 0.4724
8625 12 65 0.4724
8625 12 74 0.5669
8625 12 44 0.378
8650 25 70 0.4409
8650 18 74 0.5276
8650 18 44 0.3543
8650 18 53 0.4173
8668 5 75 0.5512
8668 5 43 0.3622
8668 5 51 0.3622
8675 25 70 0.5906
8675 25 75 0.6929
8675 25 51 0.5591
8675 25 43 0.4646
8700 6 73 0.5354
8700 6 70 0.5354
8700 6 65 0.5354
8700 6 77 0.6457
8700 6 49 0.4409
8700 6 41 0.3858
8725 6 67 0.622
8725 6 70 0.622
8725 6 72 0.622
8725 6 79 0.7402
8725 6 40 0.4567
8725 6 48 0.4882
8750 12 60 0.622
8750 12 69 0.622
8750 12 72 0.7402
8750 12 41 0.4567
8750 12 53 0.4882
8800 18 86 0.3937
8800 18 74 0.315
8800 18 70 0.2677
8818 5 81 0.3307
8818 5 89 0.3937
8818 5 65 0.2677
8818 5 72 0.315
8825 25 81 0.4173
8825 25 89 0.4882
8825 25 72 0.3937
8825 25 69 0.3307
8837 25 77 0.3622
8850 12 86 0.4331
8850 12 74 0.3465
8850 12 70 0.2913
8875 18 82 0.3937
8875 18 70 0.315
8875 18 67 0.2677
8893 5 78 0.3307
8893 5 86 0.3937
8893 5 62 0.2677
8893 5 69 0.315
8900 25 86 0.4882
8900 25 69 0.3937
8900 25 66 0.3307
8912 25 74 0.3622
8925 12 82 0.4331
8925 12 70 0.3465
8925 12 67 0.2913
8950 18 79 0.4094
8950 18 67 0.3307
8950 18 63 0.2756
8968 5 74 0.3465
8968 5 82 0.4173
8968 5 58 0.2835
8968 5 65 0.3307
8975 25 82 0.5197
8975 25 65 0.4252
8975 25 62 0.3543
8987 25 70 0.4016
9000 12 79 0.4803
9000 12 67 0.378
9000 12 63 0.3228
9025 18 70 0.3701
9025 18 79 0.4488
9025 18 67 0.3543
9025 18 63 0.2992
9043 5 75 0.378
9043 5 81 0.4567
9043 5 60 0.3071
9043 5 65 0.3622
9050 25 81 0.5669
9050 37 65 0.4567
9050 25 60 0.3858
9063 12 75 0.4882
9075 12 70 0.4331
9075 12 82 0.5197
9075 12 62 0.3465
9100 25 77 0.4016
9100 18 82 0.4803
9100 18 74 0.3858
9118 5 84 0.4961
9118 5 72 0.3307
9118 5 69 0.3307
9125 25 84 0.622
9125 25 72 0.5039
9125 25 69 0.4173
9137 25 77 0.5276
9150 12 86 0.5669
9150 12 70 0.4094
9150 12 68 0.378
9175 25 82 0.4409
9175 18 87 0.5276
9175 18 67 0.3543
9175 25 70 0.4173
9193 5 88 0.5512
9193 5 66 0.3622
9200 25 88 0.6929
9200 25 70 0.5591
9200 25 66 0.4646
9212 12 82 0.5984
9225 6 81 0.5354
9225 6 89 0.6457
9225 6 72 0.4409
9225 6 65 0.3858
9250 6 79 0.622
9250 6 82 0.622
9250 6 88 0.622
9250 6 91 0.7402
9250 6 48 0.4567
9250 6 60 0.4882
9275 12 77 0.622
9275 12 81 0.622
9275 12 89 0.7402
9275 12 53 0.4567
9275 12 65 0.4882
9325 18 71 0.3386
9325 18 74 0.3937
9325 37 65 0.315
9325 37 53 0.2677
9343 4 74 0.3307
9343 4 77 0.3937
9350 25 74 0.4173
9350 25 77 0.4882
9362 12 53 0.2677
9375 12 71 0.3622
9375 12 74 0.4331
9375 12 65 0.3071
9400 18 71 0.3386
9400 18 74 0.3937
9400 37 53 0.315
9400 37 41 0.2677
9418 4 75 0.3307
9418 4 79 0.3937
9425 25 75 0.4173
9425 25 79 0.4882
9437 12 41 0.2677
9450 12 72 0.3622
9450 12 75 0.4331
9450 12 53 0.3071
9475 18 69 0.3386
9475 18 72 0.3937
9475 37 53 0.315
9475 37 41 0.2677
9493 4 72 0.3307
9493 4 75 0.3937
9500 25 72 0.4173
9500 25 75 0.4882
9512 25 63 0.2677
9512 12 41 0.2677
9525 12 69 0.3622
9525 12 72 0.4331
9525 12 53 0.3071
9550 18 69 0.3386
9550 18 72 0.3937
9550 37 41 0.2835
9550 37 29 0.2362
9568 4 73 0.3307
9568 4 77 0.3937
9575 25 74 0.4173
9575 25 77 0.4882
9587 25 65 0.2677
9587 12 29 0.2677
9600 12 70 0.3622
9600 12 74 0.4331
9600 12 41 0.3071
9625 18 57 0.2992
9625 18 60 0.3543
9625 50 42 0.2835
9625 50 30 0.2362
9643 4 60 0.2913
9643 4 63 0.3543
9650 50 60 0.3701
9650 50 63 0.4331
9675 75 31 0.2205
9675 75 43 0.2677
9700 25 58 0.315
9700 25 62 0.378
9725 25 57 0.3071
9725 25 60 0.3622
9750 25 55 0.2992
9750 25 58 0.3543
9750 25 33 0.2205
9750 25 45 0.2598
9775 50 53 0.2835
9775 50 57 0.3386
9775 25 34 0.2205
9775 25 46 0.2598
9800 25 35 0.2205
9800 25 47 0.2598
9825 25 52 0.2598
9825 25 55 0.3071
9825 25 36 0.2205
9825 25 48 0.2598
9850 50 51 0.252
9850 75 55 0.252
9850 50 60 0.2992
9850 25 36 0.252
9875 50 43 0.252
9900 25 50 0.252
9900 25 59 0.2992
10000 18 59 0.315
10018 5 62 0.315
10025 25 62 0.3858
10050 12 59 0.3465
10075 37 62 0.2598
10075 18 71 0.315
10075 18 43 0.252
10075 75 55 0.2126
10093 5 74 0.315
10093 5 47 0.252
10100 25 74 0.3858
10100 25 47 0.315
10112 25 62 0.2598
10125 12 71 0.3465
10125 12 43 0.2756
10150 18 84 0.3622
10150 18 72 0.2835
10168 5 87 0.3622
10168 5 75 0.2835
10175 25 87 0.4409
10175 25 75 0.3622
10200 12 84 0.3937
10200 12 72 0.315
10225 18 62 0.3386
10225 18 71 0.3937
10225 37 55 0.315
10225 37 43 0.2677
10243 4 65 0.3307
10243 4 74 0.3937
10250 25 65 0.4173
10250 25 74 0.4882
10262 12 43 0.2677
10275 12 62 0.3622
10275 12 71 0.4331
10275 12 55 0.3071
10300 18 62 0.3858
10300 18 71 0.4488
10300 37 48 0.3622
10300 37 36 0.3071
10318 4 67 0.378
10318 4 75 0.4488
10325 25 67 0.4803
10325 25 75 0.5669
10337 12 36 0.4252
10350 12 63 0.4252
10350 12 72 0.5197
10350 12 48 0.5039
10375 18 69 0.4646
10375 18 72 0.5591
10375 37 29 0.4331
10375 37 41 0.5433
10393 5 72 0.5118
10393 5 81 0.5906
10400 25 72 0.6299
10400 25 81 0.7402
10412 12 41 0.5906
10425 6 69 0.5669
10425 6 77 0.685
10425 6 53 0.6772
10450 6 70 0.7087
10450 6 82 0.8504
10450 6 34 0.5197
10450 6 46 0.5591
10475 12 70 0.7087
10475 12 82 0.8504
10475 12 34 0.5197
10475 12 46 0.5591
10525 18 83 0.3386
10525 18 86 0.3937
10525 37 77 0.315
10525 37 65 0.2677
10543 4 86 0.3307
10543 4 89 0.3937
10550 25 86 0.4173
10550 25 89 0.4882
10562 12 65 0.2677
10575 12 83 0.3622
10575 12 86 0.4331
10575 12 77 0.3071
10600 18 83 0.3386
10600 18 86 0.3937
10600 37 53 0.2677
10600 37 65 0.315
10618 4 87 0.3307
10618 4 91 0.3937
10625 25 87 0.4173
10625 25 91 0.4882
10637 12 53 0.2677
10650 12 84 0.3622
10650 12 87 0.4331
10650 12 65 0.3071
10675 18 81 0.3386
10675 18 84 0.3937
10675 37 65 0.315
10675 37 53 0.2677
10693 4 84 0.3307
10693 4 87 0.3937
10700 25 84 0.4173
10700 25 87 0.4882
10712 25 75 0.3071
10712 12 53 0.2677
10725 12 81 0.3622
10725 12 84 0.4331
10725 12 65 0.3071
10750 18 81 0.3386
10750 18 84 0.3937
10750 37 41 0.2362
10750 37 53 0.2835
10768 4 85 0.3307
10768 4 89 0.3937
10775 25 86 0.4173
10775 25 89 0.4882
10787 25 77 0.3071
10787 12 41 0.2677
10800 12 82 0.3622
10800 12 86 0.4331
10800 12 53 0.3071
10825 18 69 0.2992
10825 18 72 0.3543
10825 49 60 0.2362
10825 49 63 0.2835
10825 49 54 0.2362
10843 4 72 0.2913
10843 4 75 0.3543
10850 50 72 0.3701
10850 50 75 0.4331
10875 25 54 0.2205
10875 25 60 0.2205
10875 25 63 0.2677
10900 25 70 0.315
10900 25 74 0.378
10900 25 62 0.2677
10900 25 55 0.2205
10900 25 58 0.2205
10925 25 69 0.3071
10925 25 72 0.3622
10925 12 57 0.2205
10925 12 60 0.2677
10937 12 45 0.2205
10950 25 67 0.2992
10950 25 70 0.3543
10950 25 58 0.2598
10950 25 55 0.2205
10950 25 46 0.2205
10975 50 65 0.2835
10975 50 69 0.3386
10975 50 53 0.2205
10975 25 47 0.2205
10975 50 57 0.2598
11000 50 48 0.2205
11025 25 64 0.2598
11025 25 67 0.3071
11025 25 55 0.2598
11025 25 52 0.2126
11050 50 63 0.252
11050 75 67 0.252
11050 50 72 0.2992
11050 25 51 0.2126
11050 25 55 0.2598
11050 50 60 0.252
11075 50 55 0.252
11100 25 62 0.252
11100 25 71 0.2992
11100 25 59 0.2362
11200 18 71 0.315
11218 5 74 0.315
11225 25 74 0.3858
11250 12 71 0.3465
11275 37 50 0.2598
11275 18 59 0.315
11275 18 31 0.252
11275 75 43 0.2126
11293 5 62 0.315
11293 5 35 0.252
11300 25 62 0.3858
11300 25 35 0.315
11312 25 50 0.2598
11325 12 59 0.3465
11325 12 31 0.2756
11350 18 84 0.3622
11350 18 72 0.2835
11368 5 87 0.3622
11368 5 75 0.2835
11375 25 87 0.4409
11375 25 75 0.3622
11400 12 84 0.3937
11400 12 72 0.315
11425 18 74 0.3386
11425 18 83 0.3937
11425 37 67 0.315
11425 37 55 0.2677
11443 4 77 0.3307
11443 4 86 0.3937
11450 25 77 0.4173
11450 25 86 0.4882
11462 12 55 0.2677
11475 12 74 0.3701
11475 12 83 0.4409
11475 12 67 0.315
11500 18 74 0.4016
11500 18 83 0.4646
11500 37 60 0.378
11500 37 48 0.315
11518 4 79 0.3937
11518 4 87 0.4724
11525 25 79 0.4961
11525 25 87 0.5906
11537 12 48 0.4331
11550 12 75 0.4409
11550 12 84 0.5354
11550 12 60 0.5039
11575 18 81 0.4961
11575 18 84 0.6063
11575 37 41 0.4646
11575 37 53 0.5827
11593 5 84 0.5433
11593 5 93 0.6299
11600 25 84 0.6693
11600 25 93 0.7953
11612 12 41 0.5512
11625 6 81 0.6063
11625 6 89 0.7323
11625 6 53 0.6142
11650 6 82 0.7795
11650 6 94 0.9213
11650 6 34 0.5669
11650 6 46 0.6142
11675 12 82 0.7795
11675 12 94 0.9213
11675 12 34 0.5669
11675 12 46 0.6142
11725 6 59 0.2205
11725 6 71 0.2756
11725 6 35 0.1654
11725 6 47 0.1811
11750 12 59 0.2205
11750 12 71 0.2756
11750 12 35 0.1654
11750 12 47 0.1811
11800 6 82 0.7795
11800 6 94 0.9213
11800 6 34 0.5669
11800 6 46 0.6142
11825 12 82 0.7795
11825 12 94 0.9213
11825 12 34 0.5669
11825 12 46 0.6142
11875 6 59 0.1969
11875 6 71 0.2441
11875 6 35 0.1417
11875 6 47 0.1575
11900 12 59 0.1969
11900 12 71 0.2362
11900 12 35 0.1417
11900 12 47 0.1496
11950 6 58 0.1811
11950 6 70 0.2205
11950 6 34 0.1339
11950 6 46 0.1417
11975 12 58 0.1732
11975 12 70 0.2126
11975 12 34 0.1339
11975 12 46 0.1417
12025 18 62 0.2441
12043 5 66 0.2205
12050 25 66 0.2598
12075 12 62 0.2205
12100 6 59 0.1732
12100 6 71 0.2205
12100 6 35 0.126
12100 6 47 0.1417
12125 12 59 0.1732
12125 12 71 0.2126
12125 12 35 0.126
12125 12 47 0.1339
12175 6 59 0.1732
12175 6 71 0.2205
12175 6 35 0.126
12175 6 47 0.1417
12200 12 59 0.1732
12200 12 71 0.2126
12200 12 35 0.126
12200 12 47 0.1339
12250 12 59 0.3071
12250 12 71 0.3622
12250 12 35 0.1969
12250 12 47 0.2362
12275 24 59 0.3071
12275 24 71 0.3701
12275 24 35 0.2677
12275 24 47 0.3228
12300 24 59 0.3386
12300 24 71 0.4016
12300 24 35 0.2992
12300 24 47 0.3543
12325 24 59 0.3543
12325 24 71 0.4331
12325 24 35 0.3307
12325 24 47 0.4016
12350 24 59 0.3937
12350 24 71 0.4646
12350 24 35 0.3622
12350 24 47 0.4331
12375 24 59 0.4331
12375 24 71 0.5118
12375 24 35 0.4094
12375 24 47 0.4803
12400 24 71 0.4724
12400 24 83 0.5669
12400 24 35 0.4331
12400 24 47 0.5197
12425 24 71 0.5197
12425 24 83 0.622
12425 24 35 0.4724
12425 24 47 0.5669
12450 24 71 0.5748
12450 24 83 0.685
12450 24 35 0.5118
12450 24 47 0.6063
12475 24 71 0.7559
12475 24 83 0.6378
12475 24 35 0.5512
12475 24 47 0.6535
12500 24 83 0.6378
12500 24 95 0.7638
12500 24 35 0.5276
12500 24 47 0.6299
12525 24 83 0.6457
12525 24 95 0.7638
12525 24 35 0.5512
12525 24 47 0.6535
12550 24 83 0.6535
12550 24 95 0.7717
12550 24 35 0.5591
12550 24 47 0.6614
12575 24 95 0.8268
12575 24 83 0.6929
12575 24 35 0.5669
12575 24 47 0.6772
12600 24 95 0.7795
12600 24 83 0.6535
12600 24 35 0.5512
12600 24 47 0.6457
12625 25 95 0.7874
12625 25 83 0.6614
12625 25 35 0.5512
12625 25 47 0.6535
12650 12 82 0.7244
12650 12 94 0.8583
12650 12 34 0.6614
12650 12 46 0.7795
12675 12 82 0.7244
12675 12 94 0.8583
12675 12 34 0.6614
12675 12 46 0.7795
12725 18 62 0.315
12725 18 58 0.252
12743 5 65 0.315
12743 5 53 0.252
12750 25 65 0.3858
12750 25 57 0.315
12762 25 60 0.3622
12775 12 53 0.2598
12775 12 62 0.3465
12775 12 58 0.2756
12798 18 74 0.315
12798 18 70 0.252
12817 5 77 0.315
12817 5 65 0.252
12823 25 77 0.3858
12823 25 69 0.315
12836 25 72 0.2598
12848 12 65 0.2598
12848 12 74 0.3465
12848 12 70 0.2756
12874 18 86 0.2677
12874 18 82 0.2126
12893 5 89 0.2677
12893 5 77 0.2126
12899 25 89 0.3228
12899 25 81 0.2677
12912 25 84 0.2756
12924 12 77 0.2205
12924 12 86 0.2913
12924 12 82 0.2283
