128 21 80 0.3465
128 21 83 0.3858
150 21 81 0.3622
150 21 78 0.315
171 39 76 0.3701
171 39 80 0.4094
214 21 80 0.3307
214 21 76 0.2992
235 21 71 0.2835
235 21 78 0.315
257 39 68 0.3071
257 39 76 0.3543
300 21 83 0.378
300 21 80 0.3307
321 21 78 0.3071
321 21 81 0.3543
342 39 76 0.3543
342 39 80 0.3937
385 21 80 0.3307
385 21 76 0.2992
407 21 71 0.2835
407 21 78 0.315
428 39 76 0.3701
428 39 68 0.3228
471 21 76 0.3701
471 21 68 0.3228
492 21 71 0.2992
492 21 78 0.3307
514 39 80 0.3937
514 39 76 0.3543
557 21 71 0.3465
557 21 78 0.3858
578 21 76 0.3071
578 21 80 0.3543
600 39 78 0.4173
600 39 81 0.4173
642 21 71 0.3543
642 21 78 0.3937
664 21 78 0.3307
664 21 81 0.378
685 39 83 0.4409
685 39 80 0.3858
728 21 78 0.3071
728 21 81 0.3465
750 21 80 0.3228
750 21 76 0.2913
771 39 71 0.3465
771 39 78 0.3858
814 21 83 0.3858
814 21 80 0.3465
835 21 78 0.315
835 21 81 0.3622
857 39 80 0.4331
857 39 76 0.3858
900 21 76 0.3071
900 21 80 0.3543
921 21 78 0.3228
921 21 71 0.2913
942 39 76 0.3858
942 39 68 0.3465
985 21 80 0.378
985 21 83 0.4173
1007 21 81 0.3858
1007 21 78 0.3465
1028 39 76 0.4094
1028 39 80 0.4646
1071 21 76 0.3071
1071 21 80 0.3465
1092 21 71 0.2835
1092 21 78 0.315
1114 39 68 0.3858
1114 39 76 0.3858
1157 21 68 0.3543
1157 21 76 0.3937
1178 21 78 0.3622
1178 21 71 0.315
1200 39 76 0.3465
1200 39 80 0.3858
1242 21 81 0.3465
1242 21 78 0.3071
1264 21 80 0.3071
1264 21 76 0.2756
1285 39 71 0.2913
1285 39 78 0.3228
1328 21 80 0.315
1328 21 76 0.2835
1350 21 71 0.2441
1350 21 78 0.2835
1371 85 68 0.2677
1371 85 76 0.2992
1500 10 56 0.5276
1500 10 64 0.5827
1521 10 64 0.4961
1521 10 68 0.5591
1542 39 59 0.5748
1542 39 66 0.6457
1585 10 64 0.5276
1585 10 68 0.5827
1607 10 69 0.5591
1607 10 66 0.4961
1628 39 68 0.5591
1628 39 71 0.6299
1671 10 73 0.5748
1671 10 69 0.5197
1692 10 71 0.5512
1692 10 68 0.4882
1714 39 66 0.5512
1714 39 69 0.622
1757 10 68 0.622
1757 10 64 0.5512
1778 10 66 0.5276
1778 10 69 0.5827
1800 39 59 0.5827
1800 39 66 0.6535
1842 10 56 0.5276
1842 10 64 0.5827
1864 10 64 0.5039
1864 10 68 0.5669
1885 39 59 0.5748
1885 39 66 0.6457
1928 10 68 0.5827
1928 10 64 0.5276
1950 10 66 0.4961
1950 10 69 0.5591
1971 39 71 0.6299
1971 39 68 0.5591
2014 10 73 0.5748
2014 10 69 0.5197
2035 10 68 0.4961
2035 10 71 0.5591
2057 39 69 0.6063
2057 39 66 0.5433
2100 10 64 0.5512
2100 10 68 0.622
2121 10 66 0.5276
2121 10 69 0.5827
2142 32 59 0.5276
2142 32 66 0.5827
2185 21 83 0.4173
2185 21 80 0.378
2207 21 78 0.3622
2207 21 81 0.4016
2228 39 80 0.4646
2228 39 76 0.4094
2271 21 76 0.3071
2271 21 80 0.3465
2292 21 71 0.2913
2292 21 78 0.3228
2314 39 68 0.3465
2314 39 76 0.3858
2357 10 68 0.5276
2357 10 71 0.5827
2378 10 66 0.4803
2378 10 69 0.5433
2400 39 68 0.6378
2400 39 64 0.5669
2442 10 64 0.5197
2442 10 68 0.5748
2464 10 66 0.5433
2464 10 59 0.4803
2485 32 64 0.6299
2485 32 56 0.5591
2528 21 68 0.3543
2528 21 76 0.3937
2550 21 78 0.3622
2550 21 71 0.315
2571 39 76 0.3465
2571 39 80 0.3858
2614 21 78 0.3071
2614 21 81 0.3465
2635 21 76 0.2756
2635 21 80 0.3071
2657 39 71 0.2913
2657 39 78 0.3228
2700 21 76 0.2835
2700 21 80 0.315
2721 21 78 0.2835
2721 21 71 0.2441
2742 85 68 0.2677
2742 85 76 0.2992
2871 21 92 0.3307
2871 21 95 0.378
2892 21 90 0.3071
2892 21 93 0.3465
2914 41 92 0.4094
2914 41 88 0.3701
2914 85 52 0.3307
2914 21 59 0.3307
2935 21 64 0.3071
2957 21 88 0.2992
2957 21 92 0.3307
2957 41 71 0.2835
2978 21 90 0.3071
2978 21 83 0.2756
3000 41 80 0.315
3000 41 88 0.3622
3000 85 71 0.3307
3000 21 64 0.3307
3021 21 59 0.315
3042 21 83 0.3701
3042 21 80 0.3228
3042 41 52 0.3071
3064 21 78 0.2913
3064 21 81 0.3228
3085 41 76 0.3543
3085 41 80 0.3937
3085 85 52 0.2835
3085 21 59 0.315
3107 21 64 0.3071
3128 21 76 0.2992
3128 21 80 0.3307
3128 41 71 0.3071
3150 21 78 0.3071
3150 21 71 0.2756
3171 41 68 0.3701
3171 41 76 0.3701
3171 21 64 0.3228
3171 85 71 0.3228
3192 21 59 0.3071
3214 21 76 0.3701
3214 21 68 0.3228
3214 41 52 0.3071
3235 21 78 0.3307
3235 21 71 0.2992
3257 41 76 0.3543
3257 41 80 0.3937
3257 41 59 0.315
3257 21 52 0.315
3278 21 64 0.2913
3300 21 78 0.378
3300 21 71 0.3307
3321 21 76 0.2992
3321 21 80 0.3307
3342 41 78 0.378
3342 41 81 0.4173
3342 41 63 0.2835
3342 41 71 0.315
3364 21 59 0.2913
3385 21 71 0.3543
3385 21 78 0.3937
3407 21 78 0.3228
3407 21 81 0.3701
3428 41 80 0.3858
3428 41 83 0.4409
3428 41 52 0.2756
3428 41 59 0.3071
3450 21 64 0.2913
3471 21 81 0.3465
3471 21 78 0.3071
3492 21 76 0.2835
3492 21 80 0.315
3514 41 78 0.3858
3514 41 71 0.3465
3514 41 66 0.3071
3514 41 63 0.2756
3535 21 59 0.2835
3557 21 92 0.3307
3557 21 95 0.378
3578 21 90 0.3071
3578 21 93 0.3465
3600 41 88 0.3701
3600 41 92 0.4094
3600 21 59 0.3307
3600 85 52 0.2992
3621 21 64 0.3071
3642 21 92 0.3307
3642 21 88 0.2992
3642 41 71 0.2835
3664 21 83 0.2756
3664 21 90 0.3071
3685 41 88 0.3622
3685 41 80 0.315
3685 21 64 0.3307
3685 85 71 0.3307
3707 21 59 0.3071
3728 21 80 0.3228
3728 21 83 0.3701
3728 41 52 0.3071
3750 21 78 0.2992
3750 21 81 0.3307
3771 41 80 0.3937
3771 41 76 0.3543
3771 85 52 0.2835
3771 21 59 0.315
3792 21 64 0.3071
3814 21 76 0.2992
3814 21 80 0.3307
3814 41 71 0.3071
3835 21 71 0.2756
3835 21 78 0.3071
3857 41 68 0.3228
3857 41 76 0.3701
3857 21 64 0.3228
3857 85 71 0.3228
3878 21 59 0.3071
3900 21 68 0.3228
3900 21 76 0.3701
3900 41 52 0.3071
3921 21 71 0.2992
3921 21 78 0.3307
3942 41 80 0.3937
3942 41 76 0.3543
3942 41 59 0.315
3942 21 52 0.315
3964 21 64 0.2913
3985 21 78 0.3465
3985 21 81 0.3858
4007 21 80 0.3465
4007 21 76 0.3071
4028 41 78 0.3622
4028 41 71 0.315
4028 41 69 0.315
4028 41 63 0.315
4050 21 59 0.2913
4071 21 76 0.3543
4071 21 80 0.3937
4092 21 78 0.3307
4092 21 71 0.2992
4114 63 68 0.3071
4114 85 76 0.3465
4114 21 52 0.3465
4135 21 59 0.2835
4157 42 68 0.2992
4178 21 64 0.2835
4200 41 71 0.3465
4242 10 56 0.5276
4242 10 64 0.5827
4264 10 64 0.4882
4264 10 68 0.5512
4285 39 59 0.5748
4285 39 66 0.6457
4328 10 64 0.5276
4328 10 68 0.5827
4350 10 66 0.5039
4350 10 69 0.5669
4371 39 71 0.6299
4371 39 68 0.5591
4414 10 69 0.5433
4414 10 73 0.6063
4435 10 71 0.5669
4435 10 68 0.5039
4457 39 69 0.6535
4457 39 66 0.5827
4500 10 64 0.5354
4500 10 68 0.5906
4521 10 69 0.5669
4521 10 66 0.5039
4542 39 59 0.5827
4542 39 66 0.6535
4585 10 56 0.5276
4585 10 64 0.5827
4607 10 64 0.4961
4607 10 68 0.5591
4628 39 59 0.5748
4628 39 66 0.6457
4671 10 64 0.5276
4671 10 68 0.5827
4692 10 69 0.5591
4692 10 66 0.4961
4714 39 68 0.5591
4714 39 71 0.6299
4757 10 73 0.6299
4757 10 69 0.5591
4778 10 71 0.6063
4778 10 68 0.5433
4800 39 66 0.5827
4800 39 69 0.6535
4842 10 68 0.5827
4842 10 64 0.5276
4864 10 66 0.4961
4864 10 69 0.5591
4885 32 59 0.5039
4885 32 66 0.5669
4928 21 92 0.3307
4928 21 95 0.378
4950 21 93 0.3622
4950 21 90 0.315
4971 41 88 0.3701
4971 41 92 0.4094
4971 85 52 0.2992
4971 21 59 0.3307
4992 21 64 0.2992
5014 21 92 0.3307
5014 21 88 0.2992
5014 41 71 0.2835
5035 21 83 0.2756
5035 21 90 0.3071
5057 41 80 0.315
5057 41 88 0.3622
5057 85 71 0.3307
5057 21 64 0.3307
5078 21 59 0.2992
5100 21 83 0.3701
5100 21 80 0.3228
5100 41 52 0.3071
5121 21 78 0.2992
5121 21 81 0.3307
5142 41 76 0.3543
5142 41 80 0.3937
5142 85 52 0.2835
5142 21 59 0.315
5164 21 64 0.3071
5185 21 80 0.3307
5185 21 76 0.2992
5185 41 71 0.3071
5207 21 71 0.2835
5207 21 78 0.315
5228 41 76 0.3701
5228 41 68 0.3228
5228 85 71 0.3228
5228 21 64 0.3228
5250 21 59 0.3071
5271 10 64 0.3701
5271 10 56 0.3228
5271 41 52 0.3071
5292 10 59 0.2913
5292 10 66 0.3228
5314 41 68 0.3937
5314 41 64 0.3543
5357 10 66 0.3228
5357 10 69 0.3701
5378 10 64 0.2913
5378 10 68 0.3228
5400 41 59 0.2913
5400 41 66 0.3228
5442 10 64 0.315
5442 10 68 0.3622
5464 10 59 0.2756
5464 10 66 0.3071
5485 85 64 0.315
5485 85 56 0.2835
5614 21 59 0.5197
5614 21 71 0.5827
5657 42 59 0.5827
5657 42 64 0.5827
5657 42 67 0.5827
5657 42 71 0.6457
5657 32 40 0.5197
5657 32 47 0.5827
5700 16 57 0.5827
5721 10 55 0.5512
5742 42 57 0.5827
5742 42 66 0.5827
5742 42 69 0.6457
5742 32 39 0.4882
5742 32 47 0.5433
5785 16 55 0.5827
5807 10 54 0.5433
5828 42 55 0.5827
5828 42 60 0.5827
5828 42 64 0.6457
5828 32 40 0.5197
5828 32 47 0.5827
5871 16 54 0.5827
5892 10 52 0.5512
5914 42 55 0.6142
5914 42 60 0.6142
5914 42 64 0.6929
5914 32 36 0.4803
5914 32 48 0.5354
5957 16 54 0.5827
5978 10 52 0.5433
6000 42 55 0.5906
6000 42 59 0.5906
6000 42 67 0.6614
6000 42 64 0.5906
6000 32 35 0.5039
6000 32 47 0.5669
6042 16 54 0.5827
6064 10 52 0.5433
6085 42 52 0.5748
6085 42 55 0.5748
6085 42 61 0.5748
6085 42 64 0.6378
6085 32 34 0.4803
6085 32 46 0.5354
6128 16 51 0.5827
6150 16 52 0.5433
6171 85 67 0.6929
6171 85 64 0.6142
6171 85 59 0.6142
6171 85 55 0.6142
6171 85 35 0.5354
6171 85 47 0.6063
6257 42 54 0.5748
6257 42 63 0.5748
6257 42 66 0.6378
6257 42 35 0.5039
6257 42 47 0.5748
6300 21 50 0.6299
6300 21 62 0.6299
6342 42 55 0.6693
6342 42 59 0.6693
6342 42 62 0.6693
6342 42 67 0.7402
6342 32 31 0.5827
6342 32 43 0.6457
6385 10 54 0.5827
6407 10 55 0.5354
6428 42 62 0.6299
6428 42 57 0.6299
6428 42 66 0.6299
6428 42 69 0.7087
6428 32 38 0.5197
6428 32 50 0.5827
6471 10 55 0.5827
6492 10 57 0.5354
6514 42 67 0.5827
6514 42 59 0.5827
6514 42 62 0.5827
6514 42 71 0.6457
6514 32 43 0.5197
6514 32 55 0.5827
6557 10 57 0.5827
6578 10 59 0.5433
6600 42 67 0.6614
6600 42 60 0.6614
6600 42 64 0.6614
6600 42 72 0.7323
6600 32 36 0.4882
6600 32 48 0.5433
6642 10 62 0.5827
6664 10 64 0.5433
6685 42 55 0.6063
6685 42 59 0.6063
6685 42 71 0.6772
6685 42 62 0.6063
6685 32 38 0.5039
6685 32 50 0.5669
6728 10 57 0.5827
6750 10 59 0.5433
6771 42 57 0.5906
6771 42 60 0.5906
6771 42 66 0.5906
6771 42 69 0.6693
6771 32 38 0.4803
6771 32 50 0.5354
6814 10 59 0.5827
6835 10 54 0.5354
6857 85 67 0.7244
6857 85 62 0.6457
6857 85 59 0.6457
6857 85 55 0.6457
6857 85 31 0.5748
6857 85 43 0.6378
6985 21 59 0.5433
6985 21 71 0.6142
7028 42 57 0.5906
7028 42 66 0.5906
7028 42 69 0.6693
7028 32 51 0.5827
7028 32 39 0.5197
7028 32 47 0.5197
7071 10 55 0.5512
7092 10 54 0.5354
7114 42 60 0.5512
7114 42 55 0.5512
7114 42 64 0.622
7114 32 47 0.4724
7114 32 40 0.4724
7114 32 52 0.5276
7157 10 54 0.5669
7178 10 52 0.5354
7200 42 63 0.6299
7200 42 51 0.5669
7200 42 59 0.5669
7200 32 42 0.4724
7200 32 35 0.4724
7200 32 47 0.5276
7242 16 47 0.5354
7242 16 59 0.6063
7264 16 48 0.5039
7264 16 60 0.5748
7285 21 47 0.5906
7285 21 59 0.6693
7328 21 59 0.5512
7328 21 71 0.622
7371 42 57 0.5827
7371 42 66 0.5827
7371 42 69 0.6457
7371 32 51 0.5906
7371 32 39 0.5276
7371 32 47 0.5276
7414 10 55 0.5433
7435 10 54 0.5197
7457 42 60 0.5512
7457 42 55 0.5512
7457 42 64 0.622
7457 32 47 0.4724
7457 32 40 0.4724
7457 32 52 0.5276
7500 10 54 0.5512
7521 10 52 0.5276
7542 42 71 0.6299
7542 42 59 0.5669
7542 42 63 0.5669
7542 32 42 0.4724
7542 32 35 0.4724
7542 32 47 0.5276
7585 16 58 0.5827
7607 16 60 0.5669
7628 21 59 0.6378
7671 21 59 0.5433
7671 21 71 0.6142
7714 42 64 0.6378
7714 42 71 0.6378
7714 42 76 0.7165
7714 32 56 0.622
7714 32 44 0.5512
7714 32 52 0.5512
7757 10 62 0.5669
7778 10 59 0.5197
7800 42 64 0.4803
7800 42 60 0.4803
7800 42 72 0.5354
7800 32 52 0.4331
7800 32 45 0.4331
7800 32 57 0.4882
7842 10 59 0.5197
7864 10 57 0.4882
7885 42 62 0.6063
7885 42 69 0.6063
7885 42 74 0.6772
7885 32 54 0.5748
7885 32 42 0.5039
7885 32 50 0.5039
7928 10 60 0.5512
7950 10 57 0.5039
7971 42 62 0.4803
7971 42 59 0.4803
7971 42 71 0.5354
7971 32 50 0.4331
7971 32 43 0.4331
7971 32 55 0.4882
8014 10 57 0.5197
8035 10 55 0.4961
8057 42 60 0.6142
8057 42 67 0.6142
8057 42 72 0.6929
8057 32 48 0.5039
8057 32 40 0.5039
8057 32 52 0.5669
8100 10 59 0.5354
8121 10 55 0.4961
8142 42 60 0.4882
8142 42 57 0.4882
8142 42 69 0.5433
8142 32 48 0.4094
8142 32 42 0.4094
8142 32 54 0.4567
8185 10 55 0.5276
8207 10 54 0.4961
8228 42 59 0.5906
8228 42 66 0.5906
8228 42 71 0.6614
8228 32 51 0.5433
8228 32 39 0.4882
8228 32 47 0.4882
8271 10 57 0.5354
8292 10 54 0.4961
8314 42 59 0.4961
8314 42 55 0.4961
8314 42 67 0.5512
8314 32 47 0.4173
8314 32 40 0.4173
8314 32 52 0.4803
8357 10 54 0.5276
8378 16 52 0.4961
8400 42 67 0.4961
8400 42 55 0.4409
8400 42 60 0.4409
8400 42 64 0.4409
8400 32 36 0.4094
8400 32 48 0.4567
8442 10 54 0.5512
8464 10 52 0.5906
8485 42 67 0.622
8485 42 61 0.5512
8485 42 55 0.5512
8485 42 64 0.5512
8485 32 46 0.5039
8485 32 34 0.4488
8528 10 54 0.5906
8550 10 52 0.5512
8571 42 51 0.5906
8571 42 59 0.5906
8571 42 63 0.6614
8571 32 35 0.4803
8571 32 47 0.5354
8614 10 52 0.5039
8635 10 54 0.4803
8657 42 55 0.4882
8657 42 52 0.4882
8657 42 64 0.5433
8657 32 48 0.4331
8657 32 36 0.3858
8700 10 54 0.4882
8721 10 55 0.4882
8742 42 60 0.5906
8742 42 53 0.5276
8742 32 33 0.4409
8742 32 45 0.4961
8785 10 65 0.4173
8785 10 69 0.4803
8785 10 60 0.4331
8807 10 60 0.4016
8807 10 65 0.4488
8807 10 57 0.4331
8828 32 55 0.5039
8828 32 59 0.5039
8828 32 64 0.5748
8828 32 35 0.4488
8828 32 47 0.5039
8871 10 59 0.4724
8871 10 66 0.5276
8871 10 57 0.4724
8892 16 59 0.4409
8892 16 63 0.4961
8892 16 54 0.4488
8914 85 55 0.5433
8914 85 59 0.5433
8914 85 64 0.6142
8914 85 40 0.5276
8914 85 52 0.5906
9042 21 92 0.3307
9042 21 95 0.378
9064 21 90 0.3071
9064 21 93 0.3465
9085 41 88 0.3701
9085 41 92 0.4094
9085 85 52 0.2992
9085 21 59 0.3307
9107 21 64 0.3071
9128 21 88 0.2992
9128 21 92 0.3307
9128 41 71 0.2835
9150 21 83 0.2756
9150 21 90 0.3071
9171 41 80 0.315
9171 41 88 0.3622
9171 21 64 0.3307
9171 85 71 0.3307
9192 21 59 0.315
9214 21 83 0.3701
9214 21 80 0.3228
9214 41 52 0.3071
9235 21 78 0.2992
9235 21 81 0.3307
9257 41 76 0.3543
9257 41 80 0.3937
9257 85 52 0.2835
9257 21 59 0.315
9278 21 64 0.3071
9300 21 76 0.2992
9300 21 80 0.3307
9300 41 71 0.3071
9321 21 71 0.2756
9321 21 78 0.3071
9342 41 68 0.3228
9342 41 76 0.3701
9342 21 64 0.3228
9342 85 71 0.3228
9364 21 59 0.3071
9385 21 68 0.3228
9385 21 76 0.3701
9385 41 52 0.3071
9407 21 71 0.2992
9407 21 78 0.3307
9428 41 76 0.3543
9428 41 80 0.3937
9428 21 52 0.315
9428 41 59 0.2835
9450 21 64 0.2913
9471 21 71 0.3307
9471 21 78 0.378
9492 21 76 0.3071
9492 21 80 0.3465
9514 41 78 0.378
9514 41 81 0.4173
9514 41 71 0.315
9514 41 63 0.2835
9535 21 59 0.315
9557 21 71 0.3543
9557 21 78 0.3937
9578 21 78 0.3228
9578 21 81 0.3701
9600 41 80 0.3858
9600 41 83 0.4409
9600 41 52 0.2756
9600 41 59 0.3071
9621 21 64 0.2913
9642 21 78 0.3071
9642 21 81 0.3465
9664 21 76 0.2913
9664 21 80 0.3228
9685 41 71 0.3465
9685 41 78 0.3858
9685 41 63 0.2756
9685 41 66 0.3071
9707 21 59 0.2913
9728 21 92 0.3307
9728 21 95 0.378
9750 21 90 0.3071
9750 21 93 0.3465
9771 41 88 0.3701
9771 41 92 0.4094
9771 85 52 0.2992
9771 21 59 0.3307
9792 21 64 0.3071
9814 21 88 0.2992
9814 21 92 0.3307
9814 41 71 0.2835
9835 21 83 0.2835
9835 21 90 0.315
9857 41 80 0.3622
9857 41 88 0.3622
9857 21 64 0.3307
9857 85 71 0.3307
9878 21 59 0.3071
9900 21 83 0.3701
9900 21 80 0.3228
9900 41 52 0.3071
9921 21 78 0.3071
9921 21 81 0.3465
9942 41 76 0.3543
9942 41 80 0.3937
9942 85 52 0.2835
9942 21 59 0.315
9964 21 64 0.3071
9985 21 76 0.2992
9985 21 80 0.3307
9985 41 71 0.3071
10007 21 71 0.2677
10007 21 78 0.2992
10028 41 68 0.3228
10028 41 76 0.3701
10028 21 64 0.3228
10028 85 71 0.3228
10050 21 59 0.3071
10071 21 68 0.3228
10071 21 76 0.3701
10071 41 52 0.3071
10092 21 71 0.2992
10092 21 78 0.3307
10114 41 76 0.3543
10114 41 80 0.3937
10114 21 52 0.315
10114 41 59 0.2835
10135 21 64 0.2913
10157 21 78 0.3465
10157 21 81 0.3858
10178 21 76 0.3071
10178 21 80 0.3465
10200 41 71 0.315
10200 41 78 0.3622
10200 41 69 0.315
10200 41 63 0.2835
10221 21 59 0.2913
10242 21 76 0.3543
10242 21 80 0.3937
10264 21 71 0.2992
10264 21 78 0.3307
10285 63 68 0.3071
10285 85 76 0.3465
10285 21 52 0.3465
10307 21 59 0.2835
10328 42 68 0.2992
10350 21 64 0.2835
10371 41 71 0.3465
10414 10 56 0.5276
10414 10 64 0.5827
10435 10 64 0.4882
10435 10 68 0.5512
10457 39 59 0.5748
10457 39 66 0.6457
10500 10 64 0.5276
10500 10 68 0.5827
10521 10 66 0.5039
10521 10 69 0.5669
10542 39 68 0.5591
10542 39 71 0.6299
10585 10 69 0.5433
10585 10 73 0.6063
10607 10 68 0.5039
10607 10 71 0.5669
10628 39 66 0.5827
10628 39 69 0.6535
10671 10 64 0.5354
10671 10 68 0.5906
10692 10 66 0.4961
10692 10 69 0.5591
10714 39 59 0.5827
10714 39 66 0.6535
10757 10 56 0.5276
10757 10 64 0.5827
10778 10 64 0.4961
10778 10 68 0.5591
10800 39 59 0.5748
10800 39 66 0.6457
10842 10 64 0.5276
10842 10 68 0.5827
10864 10 66 0.4961
10864 10 69 0.5591
10885 39 68 0.5591
10885 39 71 0.6299
10928 10 69 0.5591
10928 10 73 0.6299
10950 10 68 0.5433
10950 10 71 0.6063
10971 39 66 0.5827
10971 39 69 0.6535
11014 10 64 0.5276
11014 10 68 0.5827
11035 10 66 0.4882
11035 10 69 0.5512
11057 32 59 0.5039
11057 32 66 0.5669
11100 21 92 0.3307
11100 21 95 0.378
11121 21 90 0.3071
11121 21 93 0.3465
11142 41 88 0.3701
11142 41 92 0.4094
11142 85 52 0.2992
11142 21 59 0.3307
11164 21 64 0.2992
11185 21 88 0.2992
11185 21 92 0.3307
11185 41 71 0.2835
11207 21 83 0.2756
11207 21 90 0.3071
11228 41 80 0.315
11228 41 88 0.3622
11228 21 64 0.3307
11228 85 71 0.3307
11250 21 59 0.2992
11271 21 83 0.3701
11271 21 80 0.3228
11271 41 52 0.3071
11292 21 78 0.2992
11292 21 81 0.3307
11314 41 76 0.3543
11314 41 80 0.3937
11314 85 52 0.2835
11314 21 59 0.315
11335 21 64 0.3071
11357 21 76 0.2992
11357 21 80 0.3307
11357 41 71 0.3071
11378 21 71 0.315
11378 21 78 0.315
11400 41 68 0.3228
11400 41 76 0.3701
11400 21 64 0.3228
11400 85 71 0.3228
11421 21 59 0.3071
11442 10 56 0.3228
11442 10 64 0.3701
11442 41 52 0.3071
11464 10 59 0.2992
11464 10 66 0.3307
11485 41 64 0.3543
11485 41 68 0.3937
11528 10 66 0.3228
11528 10 69 0.3701
11550 10 64 0.2835
11550 10 68 0.315
11571 41 59 0.2913
11571 41 66 0.3228
11614 10 64 0.315
11614 10 68 0.3622
11635 10 59 0.2756
11635 10 66 0.3071
11657 85 56 0.2835
11657 85 64 0.315
11785 21 64 0.622
11785 21 76 0.6929
11785 21 40 0.622
11785 21 52 0.622
11828 128 69 0.6929
11828 128 81 0.7638
11828 128 45 0.6772
11828 128 57 0.6772
11957 32 64 0.6378
11957 32 76 0.7165
11957 32 40 0.6378
11957 32 52 0.6378
12000 42 60 0.6929
12000 42 72 0.7638
12000 42 36 0.6929
12000 42 48 0.6929
12042 42 57 0.6535
12042 42 69 0.7323
12042 42 33 0.6614
12042 42 45 0.6614
12128 6 57 0.378
12128 6 48 0.3228
12134 6 59 0.378
12134 6 50 0.3228
12140 6 60 0.378
12140 6 52 0.3228
12146 6 62 0.378
12146 6 53 0.3307
12152 6 64 0.3858
12152 6 55 0.3307
12158 6 65 0.3858
12158 6 57 0.3307
12165 6 67 0.3858
12165 6 59 0.3465
12171 6 69 0.3858
12171 6 60 0.3465
12177 6 71 0.3858
12177 6 62 0.3465
12183 6 72 0.3858
12183 6 64 0.3465
12189 6 74 0.3858
12189 6 65 0.3465
12195 6 76 0.3937
12195 6 67 0.3465
12201 6 77 0.3937
12201 6 69 0.3543
12207 6 79 0.3937
12207 6 71 0.3543
12214 6 81 0.3858
12214 6 72 0.3465
12220 6 83 0.3858
12220 6 74 0.3465
12226 6 84 0.3858
12226 6 76 0.3465
12232 6 86 0.3858
12232 6 77 0.3465
12238 6 88 0.3858
12238 6 79 0.3465
12244 6 89 0.378
12244 6 81 0.3307
12250 6 91 0.378
12250 6 83 0.3307
12257 21 93 0.4173
12257 21 84 0.378
12300 10 96 0.4803
12300 10 86 0.2992
12300 10 89 0.2992
12300 10 83 0.2835
12300 10 74 0.2441
12300 10 77 0.2441
12321 10 86 0.2992
12321 10 89 0.2992
12321 10 95 0.4094
12321 10 74 0.2441
12321 10 77 0.2441
12321 10 83 0.2835
12332 10 64 0.315
12342 8 95 0.4173
12342 85 84 0.3465
12342 85 81 0.315
12342 85 72 0.2835
12342 85 76 0.2835
12351 8 93 0.3858
12360 8 95 0.4173
12369 8 93 0.3858
12378 8 95 0.4173
12387 8 93 0.3858
12396 10 92 0.3937
12407 10 95 0.4488
12417 10 93 0.4173
12428 37 92 0.378
12428 37 83 0.3071
12428 37 71 0.2283
12428 37 76 0.2283
12428 37 80 0.2677
12471 21 62 0.622
12471 21 74 0.6929
12471 21 38 0.622
12471 21 50 0.622
12514 128 65 0.6929
12514 128 77 0.7638
12514 128 41 0.6772
12514 128 53 0.6772
12642 32 62 0.6378
12642 32 74 0.7165
12642 32 38 0.6378
12642 32 50 0.6378
12685 41 59 0.6929
12685 41 71 0.7638
12685 41 35 0.6929
12685 41 47 0.6929
12728 42 56 0.6535
12728 42 68 0.7323
12728 42 32 0.6535
12728 42 44 0.6535
12814 6 59 0.378
12814 6 50 0.3228
12820 6 60 0.378
12820 6 52 0.3228
12826 6 62 0.378
12826 6 53 0.3228
12832 6 64 0.378
12832 6 55 0.3307
12838 6 65 0.3858
12838 6 57 0.3307
12844 6 67 0.3858
12844 6 59 0.3307
12850 6 69 0.3858
12850 6 60 0.3465
12857 6 71 0.3858
12857 6 62 0.3465
12863 6 72 0.3858
12863 6 64 0.3465
12869 6 74 0.3858
12869 6 65 0.3465
12875 6 76 0.3858
12875 6 67 0.3465
12881 6 77 0.3937
12881 6 69 0.3465
12887 6 79 0.3937
12887 6 71 0.3543
12893 6 81 0.3937
12893 6 72 0.3543
12900 6 83 0.3858
12900 6 74 0.3465
12906 6 84 0.3858
12906 6 76 0.3465
12912 6 86 0.3858
12912 6 77 0.3465
12918 6 88 0.3858
12918 6 79 0.3465
12924 6 89 0.3858
12924 6 81 0.3465
12930 6 91 0.378
12930 6 83 0.3307
12936 6 93 0.378
12936 6 84 0.3307
12942 21 95 0.4173
12942 21 86 0.378
12985 10 98 0.4331
12985 10 89 0.2992
12985 10 68 0.2441
12985 10 77 0.2835
13007 10 88 0.2992
13007 10 96 0.4016
13007 10 76 0.2835
13007 10 68 0.2441
13028 8 96 0.4173
13028 85 86 0.3465
13028 85 80 0.315
13028 85 69 0.2835
13028 85 77 0.2835
13037 8 95 0.3858
13046 8 96 0.4173
13055 8 95 0.3858
13064 8 96 0.4173
13073 8 95 0.3858
13082 10 93 0.3937
13092 10 96 0.4488
13103 10 95 0.4173
13114 35 93 0.378
13114 35 84 0.3071
13114 35 69 0.2677
13114 35 76 0.2677
13114 35 81 0.2992
13157 10 100 0.4961
13157 10 88 0.4488
13200 10 105 0.5512
13200 10 93 0.4882
13242 10 64 0.4016
13253 10 62 0.378
13264 10 61 0.4016
13269 48 67 0.2441
13275 10 59 0.3858
13275 42 73 0.2441
13280 37 76 0.2441
13285 32 57 0.4409
13285 32 81 0.2913
13328 10 93 0.3858
13339 10 91 0.3622
13350 10 89 0.3858
13360 10 88 0.3543
13371 32 89 0.4173
13414 10 69 0.4016
13414 32 74 0.2362
13414 32 81 0.2756
13414 32 77 0.2362
13425 10 67 0.3701
13435 10 65 0.4016
13446 10 64 0.378
13457 32 62 0.4331
13457 32 86 0.315
13457 32 81 0.2835
13457 32 77 0.2835
13500 10 101 0.4961
13500 10 93 0.4961
13542 10 98 0.5512
13542 10 89 0.5512
13585 10 62 0.4016
13596 10 60 0.378
13607 10 59 0.4016
13612 48 65 0.2441
13617 10 57 0.3858
13617 42 71 0.2441
13623 37 74 0.2441
13628 32 55 0.4331
13628 32 79 0.2992
13671 10 91 0.3701
13682 10 89 0.3465
13692 10 88 0.3701
13703 10 86 0.3465
13714 32 88 0.4016
13757 10 67 0.4016
13757 32 72 0.2362
13757 32 79 0.2756
13757 32 76 0.2362
13767 10 65 0.378
13778 10 64 0.4016
13789 10 62 0.378
13800 32 60 0.4331
13800 32 84 0.315
13800 32 79 0.2835
13800 32 76 0.2835
13842 10 100 0.5276
13842 10 91 0.5276
13885 10 98 0.5669
13885 10 89 0.5669
13928 10 74 0.4094
13939 10 72 0.378
13950 10 71 0.4094
13960 10 69 0.378
13971 32 68 0.4567
13971 32 86 0.3228
13971 32 83 0.2913
13971 32 77 0.2913
14014 10 98 0.5276
14014 10 89 0.5276
14057 10 96 0.5669
14057 10 88 0.5669
14100 10 76 0.4094
14110 10 74 0.378
14121 10 72 0.4094
14132 10 71 0.3858
14142 32 69 0.4567
14142 32 84 0.3228
14142 32 81 0.2913
14142 32 76 0.2913
14185 10 72 0.4094
14196 10 71 0.3858
14207 10 69 0.4094
14217 10 67 0.3937
14228 32 65 0.4567
14228 32 84 0.3228
14228 32 81 0.2913
14228 32 77 0.2913
14271 10 69 0.4094
14282 10 67 0.3937
14292 10 65 0.4094
14303 10 64 0.3858
14314 32 63 0.4567
14314 32 77 0.2913
14314 32 81 0.3228
14314 32 72 0.2913
14357 10 96 0.4173
14367 10 93 0.3937
14378 10 89 0.4173
14389 10 87 0.3937
14400 32 88 0.4646
14400 32 80 0.2835
14400 32 64 0.2441
14400 32 71 0.2441
14442 10 76 0.378
14453 10 71 0.3543
14464 10 68 0.3858
14475 10 71 0.3701
14485 32 64 0.4173
14528 21 67 0.622
14528 21 79 0.6929
14528 21 43 0.622
14528 21 55 0.622
14571 128 72 0.6929
14571 128 84 0.7638
14571 128 48 0.6772
14571 128 60 0.6772
14700 32 67 0.6378
14700 32 79 0.7165
14700 32 43 0.6378
14700 32 55 0.6378
14742 42 64 0.6929
14742 42 76 0.7638
14742 42 40 0.6929
14742 42 52 0.6929
14785 42 60 0.6614
14785 42 72 0.7402
14785 42 36 0.6693
14785 42 48 0.6693
14871 6 60 0.378
14871 6 52 0.3228
14877 6 62 0.378
14877 6 53 0.3228
14883 6 64 0.378
14883 6 55 0.3228
14889 6 65 0.378
14889 6 57 0.3307
14895 6 67 0.3858
14895 6 59 0.3307
14901 6 69 0.3858
14901 6 60 0.3307
14907 6 71 0.3858
14907 6 62 0.3465
14914 6 72 0.3858
14914 6 64 0.3465
14920 6 74 0.3858
14920 6 65 0.3465
14926 6 76 0.3858
14926 6 67 0.3465
14932 6 77 0.3858
14932 6 69 0.3465
14938 6 79 0.3937
14938 6 71 0.3465
14944 6 81 0.3937
14944 6 72 0.3543
14950 6 83 0.3937
14950 6 74 0.3543
14957 6 84 0.3858
14957 6 76 0.3465
14963 6 86 0.3858
14963 6 77 0.3465
14969 6 88 0.3858
14969 6 79 0.3465
14975 6 89 0.3858
14975 6 81 0.3465
14981 6 91 0.3858
14981 6 83 0.3465
14987 6 93 0.378
14987 6 84 0.3307
14993 6 95 0.378
14993 6 86 0.3307
15000 21 96 0.4173
15000 21 88 0.378
15042 10 100 0.4803
15042 10 89 0.2992
15042 10 93 0.2992
15042 10 86 0.2835
15042 10 77 0.2441
15042 10 81 0.2441
15064 10 89 0.2992
15064 10 93 0.2992
15064 10 98 0.4016
15064 10 77 0.2441
15064 10 81 0.2441
15064 10 86 0.2835
15075 96 67 0.315
15080 91 79 0.315
15085 8 98 0.4173
15085 85 88 0.3465
15085 85 84 0.315
15085 85 76 0.315
15094 8 96 0.3858
15103 8 98 0.4173
15112 8 96 0.3858
15121 8 98 0.4173
15130 8 96 0.3858
15139 10 95 0.3937
15150 10 98 0.4488
15160 10 96 0.4173
15171 37 95 0.378
15171 37 86 0.3465
15171 37 67 0.2992
15171 37 74 0.2992
15171 37 79 0.2992
15171 37 83 0.2992
15214 21 62 0.5512
15214 21 74 0.622
15214 21 38 0.5512
15214 21 50 0.5512
15257 128 65 0.622
15257 128 77 0.6929
15257 128 41 0.6142
15257 128 53 0.6142
15385 32 62 0.5669
15385 32 74 0.6378
15385 32 38 0.5669
15385 32 50 0.5669
15428 42 59 0.622
15428 42 71 0.6929
15428 42 35 0.622
15428 42 47 0.622
15471 42 55 0.5906
15471 42 67 0.5906
15471 42 31 0.5906
15471 42 43 0.5906
15557 6 59 0.378
15557 6 50 0.3228
15563 6 60 0.378
15563 6 52 0.3228
15569 6 62 0.378
15569 6 53 0.3228
15575 6 64 0.378
15575 6 55 0.3307
15581 6 65 0.3858
15581 6 57 0.3307
15587 6 67 0.3858
15587 6 59 0.3307
15593 6 69 0.3858
15593 6 60 0.3465
15600 6 71 0.3858
15600 6 62 0.3465
15606 6 72 0.3858
15606 6 64 0.3465
15612 6 74 0.3858
15612 6 65 0.3465
15618 6 76 0.3858
15618 6 67 0.3465
15624 6 77 0.3937
15624 6 69 0.3465
15630 6 79 0.3937
15630 6 71 0.3543
15636 6 81 0.3937
15636 6 72 0.3543
15642 6 83 0.3858
15642 6 74 0.3465
15648 6 84 0.3858
15648 6 76 0.3465
15655 6 86 0.3858
15655 6 77 0.3465
15661 6 88 0.3858
15661 6 79 0.3465
15667 6 89 0.3858
15667 6 81 0.3465
15673 6 91 0.378
15673 6 83 0.3307
15679 6 93 0.378
15679 6 84 0.3307
15685 21 95 0.4173
15685 21 86 0.378
15728 10 101 0.4488
15728 10 93 0.2992
15728 10 71 0.2441
15728 10 81 0.2835
15750 10 91 0.2992
15750 10 100 0.4016
15750 10 79 0.2835
15750 10 71 0.2441
15771 8 100 0.4173
15771 85 89 0.3465
15771 85 77 0.315
15771 85 71 0.2835
15771 85 67 0.2835
15780 8 98 0.3858
15789 8 100 0.4173
15798 8 98 0.3858
15807 8 100 0.4173
15816 8 98 0.3858
15825 10 97 0.3937
15835 10 100 0.4488
15846 10 98 0.4173
15857 35 96 0.378
15857 35 88 0.3071
15857 35 72 0.2677
15857 35 76 0.2992
15900 10 91 0.5748
15942 10 96 0.6457
15985 10 67 0.4016
15996 10 65 0.378
16007 10 64 0.4016
16012 48 70 0.2441
16017 10 62 0.378
16017 42 76 0.2441
16023 37 79 0.2441
16028 32 60 0.4409
16028 32 84 0.2913
16071 10 84 0.378
16082 10 88 0.3465
16092 10 91 0.378
16103 10 88 0.3465
16114 32 89 0.4016
16157 10 72 0.4016
16157 32 81 0.2756
16157 32 77 0.2362
16167 10 70 0.3701
16178 10 69 0.4016
16189 10 67 0.378
16200 32 65 0.4331
16200 32 72 0.2835
16200 32 81 0.315
16200 32 77 0.2835
16242 10 101 0.4961
16242 10 93 0.4488
16285 10 98 0.5512
16285 10 90 0.4882
16328 10 69 0.4016
16339 10 67 0.3701
16350 10 66 0.4016
16355 48 72 0.2441
16360 10 64 0.378
16360 42 78 0.2441
16366 37 81 0.2441
16371 32 62 0.4331
16371 32 86 0.2992
16414 10 86 0.4331
16425 10 90 0.4488
16435 10 93 0.4646
16446 10 90 0.4409
16457 32 91 0.4567
16500 10 74 0.4173
16500 32 79 0.2677
16500 32 83 0.2992
16510 10 72 0.3858
16521 10 71 0.4173
16532 10 69 0.3858
16542 32 67 0.4567
16542 32 83 0.3543
16542 32 79 0.3071
16542 32 74 0.3071
16585 10 103 0.5669
16585 10 95 0.5039
16628 10 100 0.6299
16628 10 92 0.5591
16671 10 71 0.4409
16682 10 69 0.4173
16692 10 68 0.4409
16698 48 74 0.2835
16703 10 66 0.4094
16703 42 80 0.2835
16708 37 83 0.2835
16714 32 64 0.4724
16714 32 88 0.3228
16757 10 88 0.4724
16767 10 92 0.4803
16778 10 95 0.4961
16789 10 92 0.4646
16800 32 93 0.4961
16842 10 76 0.4567
16842 32 84 0.3228
16842 32 81 0.2913
16853 10 74 0.4331
16864 10 72 0.4488
16875 10 71 0.4173
16885 32 69 0.4803
16885 32 84 0.3622
16885 32 81 0.315
16885 32 76 0.315
16928 10 76 0.4488
16939 10 72 0.4173
16950 10 69 0.4488
16960 10 67 0.4173
16971 32 65 0.4803
17014 10 89 0.4409
17014 32 72 0.2047
17014 32 77 0.2047
17014 32 81 0.2283
17025 10 93 0.4173
17035 10 96 0.4409
17046 10 93 0.4094
17057 32 89 0.4724
17057 32 84 0.2441
17057 32 81 0.2205
17057 32 77 0.2205
17100 10 77 0.4173
17110 10 72 0.378
17121 10 69 0.4173
17132 10 65 0.3937
17142 32 64 0.4803
17185 10 88 0.3937
17185 32 72 0.2047
17185 32 76 0.2047
17185 32 81 0.2283
17196 10 93 0.3622
17207 10 96 0.3937
17217 10 93 0.3701
17228 32 88 0.4331
17228 32 84 0.2441
17228 32 81 0.2205
17228 32 76 0.2205
17271 10 76 0.3937
17282 10 72 0.3701
17292 10 69 0.3937
17303 10 64 0.3701
17314 32 63 0.4173
17357 10 87 0.3858
17357 32 72 0.2047
17357 32 78 0.2047
17357 32 81 0.2283
17367 10 93 0.3622
17378 10 96 0.3858
17389 10 93 0.3543
17400 32 87 0.4016
17400 32 84 0.2441
17400 32 81 0.2205
17400 32 78 0.2205
17442 10 75 0.4016
17453 10 72 0.3622
17464 10 69 0.4016
17475 10 66 0.3701
17485 32 64 0.4409
17528 10 88 0.3858
17528 32 71 0.2283
17528 32 76 0.2283
17528 32 79 0.2598
17539 10 91 0.3543
17550 10 95 0.3858
17560 10 91 0.3543
17571 32 88 0.4094
17571 32 83 0.2835
17571 32 79 0.2441
17571 32 76 0.2441
17614 10 71 0.4094
17625 10 67 0.378
17635 10 64 0.4094
17646 10 62 0.378
17657 32 60 0.4488
17700 42 84 0.378
17700 10 88 0.4331
17700 32 67 0.2598
17700 32 76 0.2598
17700 32 79 0.2913
17710 10 91 0.3937
17721 10 96 0.4331
17732 10 91 0.3937
17742 21 84 0.378
17742 21 88 0.4567
17742 21 72 0.2835
17742 21 79 0.315
17742 21 76 0.2835
17785 10 72 0.4331
17796 10 67 0.3937
17807 10 64 0.4331
17817 10 60 0.4016
17828 32 59 0.4646
17871 42 83 0.378
17871 10 88 0.4331
17871 32 67 0.2677
17871 32 76 0.2677
17871 32 79 0.2992
17882 10 91 0.4016
17892 10 95 0.4331
17903 10 91 0.4016
17914 21 83 0.378
17914 21 88 0.4488
17914 21 71 0.2835
17914 21 79 0.315
17914 21 76 0.2835
17957 10 71 0.4409
17967 10 67 0.4016
17978 10 64 0.4409
17989 10 59 0.4094
18000 32 58 0.4724
18042 42 82 0.4646
18042 10 88 0.4646
18042 32 67 0.2677
18042 32 76 0.2677
18042 32 79 0.2992
18053 10 91 0.4331
18064 10 94 0.4646
18075 10 91 0.4331
18085 21 82 0.4961
18085 21 88 0.4961
18085 21 73 0.2835
18085 21 79 0.315
18085 21 76 0.2835
18128 10 70 0.4488
18128 32 73 0.2441
18128 32 76 0.2441
18128 32 79 0.2835
18139 10 67 0.4173
18150 10 64 0.4488
18160 10 61 0.4173
18171 32 59 0.4724
18171 32 75 0.2677
18171 32 78 0.2677
18171 32 83 0.2992
18214 10 87 0.4409
18225 10 95 0.4094
18235 10 90 0.4409
18246 10 87 0.4016
18257 21 83 0.4646
18257 10 75 0.4567
18267 21 83 0.4016
18278 10 78 0.4409
18289 10 75 0.4094
18300 10 81 0.4409
18310 10 83 0.4094
18321 10 81 0.4409
18332 10 78 0.4173
18342 21 76 0.4646
18342 10 67 0.4488
18353 21 76 0.4094
18364 10 71 0.4409
18375 10 67 0.4094
18385 10 76 0.4646
18396 10 79 0.4173
18407 10 76 0.4409
18417 10 74 0.4173
18428 21 72 0.4724
18428 10 64 0.4646
18439 21 72 0.4173
18450 10 67 0.4488
18460 10 64 0.4331
18471 10 72 0.4803
18482 10 76 0.4331
18492 10 72 0.4567
18503 10 70 0.4409
18514 21 71 0.4803
18514 10 63 0.4724
18525 21 71 0.4409
18535 10 66 0.4567
18546 10 63 0.4331
18557 10 75 0.4803
18567 10 83 0.4409
18578 10 78 0.4646
18589 10 75 0.4409
18600 21 71 0.4882
18600 10 63 0.4724
18610 21 71 0.4409
18621 10 66 0.4724
18632 10 63 0.4488
18642 10 69 0.5039
18653 10 71 0.4567
18664 10 69 0.4882
18675 10 66 0.4724
18685 21 64 0.5512
18685 10 55 0.5512
18696 21 64 0.4882
18707 10 59 0.5197
18717 10 55 0.4803
18728 10 64 0.5512
18739 10 67 0.4882
18750 10 64 0.5276
18760 10 62 0.4803
18771 21 60 0.5669
18771 10 52 0.5512
18782 21 60 0.4882
18792 10 55 0.5197
18803 10 52 0.4961
18814 10 60 0.5512
18825 10 64 0.4882
18835 10 60 0.5276
18846 10 58 0.4882
18857 55 59 0.5748
18857 12 51 0.5827
18867 10 55 0.5354
18878 12 54 0.5354
18889 10 51 0.5197
18900 12 47 0.4567
18910 12 63 0.4882
18910 12 54 0.4646
18921 12 66 0.4961
18921 10 58 0.4724
18932 10 70 0.5039
18932 10 59 0.4803
18942 12 71 0.5197
18942 12 63 0.4961
18953 12 75 0.5276
18953 12 66 0.5039
18964 12 78 0.5354
18964 12 70 0.5197
18975 10 82 0.5433
18975 10 71 0.5354
18985 12 83 0.5512
18985 12 75 0.5512
18996 12 87 0.5591
18996 12 78 0.5591
19007 12 90 0.5748
19007 12 82 0.5748
19017 10 94 0.5906
19017 10 83 0.5827
19028 32 95 0.6063
19028 32 87 0.6063
19157 21 92 0.3307
19157 21 95 0.378
19178 21 90 0.2992
19178 21 93 0.3307
19200 39 88 0.3701
19200 39 92 0.4094
19200 16 83 0.2992
19200 16 76 0.2992
19221 16 76 0.2913
19221 16 83 0.2913
19242 21 88 0.2992
19242 21 92 0.3307
19264 21 83 0.2756
19264 21 90 0.3071
19285 39 80 0.315
19285 39 88 0.3622
19285 16 71 0.2992
19285 16 76 0.2992
19307 16 71 0.2913
19307 16 76 0.2913
19328 21 83 0.3701
19328 21 80 0.3228
19350 21 78 0.2913
19350 21 81 0.3228
19371 39 76 0.3543
19371 39 80 0.3937
19371 16 64 0.2992
19371 16 71 0.2992
19392 16 64 0.2756
19392 16 71 0.2756
19414 21 76 0.2992
19414 21 80 0.3307
19435 21 71 0.2756
19435 21 78 0.3071
19457 39 68 0.3228
19457 39 76 0.3701
19457 16 64 0.2992
19457 16 59 0.2992
19478 16 59 0.2756
19478 16 64 0.2756
19500 21 68 0.3228
19500 21 76 0.3701
19521 21 71 0.2913
19521 21 78 0.3228
19542 39 76 0.3543
19542 39 80 0.3937
19542 16 52 0.2992
19542 16 59 0.2992
19564 16 52 0.2835
19564 16 59 0.2835
19585 21 71 0.3307
19585 21 78 0.378
19607 21 76 0.3071
19607 21 80 0.3465
19628 39 78 0.378
19628 39 81 0.4173
19628 16 71 0.315
19628 16 63 0.315
19650 16 63 0.2913
19650 16 71 0.2913
19671 21 71 0.3543
19671 21 78 0.3937
19692 21 78 0.315
19692 21 81 0.3622
19714 39 80 0.3858
19714 39 83 0.4409
19714 16 52 0.3858
19714 16 59 0.3858
19735 16 52 0.3622
19735 16 59 0.3622
19757 21 78 0.3071
19757 21 81 0.3465
19778 21 76 0.2756
19778 21 80 0.3071
19800 16 71 0.3465
19800 39 78 0.3858
19800 16 59 0.4409
19800 37 71 0.4409
19821 16 59 0.4016
19821 17 71 0.4016
19842 21 92 0.3307
19842 21 95 0.378
19864 21 90 0.3071
19864 21 93 0.3465
19885 39 88 0.3701
19885 39 92 0.4094
19885 16 83 0.2992
19885 16 76 0.2992
19907 16 76 0.2756
19907 16 83 0.2756
19928 21 88 0.2992
19928 21 92 0.3307
19950 21 83 0.2677
19950 21 90 0.2992
19971 39 80 0.315
19971 39 88 0.3622
19971 16 71 0.2992
19971 16 76 0.2992
19992 16 71 0.2835
19992 16 76 0.2835
20014 21 83 0.3701
20014 21 80 0.3228
20035 21 78 0.2992
20035 21 81 0.3307
20057 39 76 0.3543
20057 39 80 0.3937
20057 16 64 0.2992
20057 16 71 0.2992
20078 16 64 0.2835
20078 16 71 0.2835
20100 21 76 0.2992
20100 21 80 0.3307
20121 21 71 0.2992
20121 21 78 0.3307
20142 39 68 0.3228
20142 39 76 0.3701
20142 16 59 0.2992
20142 16 64 0.2992
20164 16 59 0.2835
20164 16 64 0.2835
20185 21 68 0.3228
20185 21 76 0.3701
20207 21 71 0.2992
20207 21 78 0.3307
20228 39 76 0.3543
20228 39 80 0.3937
20228 16 52 0.3071
20228 16 59 0.3071
20250 16 52 0.2835
20250 16 59 0.2835
20271 21 78 0.3465
20271 21 81 0.3858
20292 21 76 0.3071
20292 21 80 0.3543
20314 39 71 0.315
20314 39 78 0.3622
20314 16 63 0.2992
20314 16 59 0.2992
20335 16 59 0.2913
20335 16 63 0.2913
20357 21 76 0.3543
20357 21 80 0.3937
20378 21 71 0.2913
20378 21 78 0.3228
20400 85 68 0.3071
20400 85 76 0.3465
20400 16 59 0.3937
20400 16 52 0.3937
20421 16 59 0.378
20421 16 52 0.378
20442 16 64 0.4173
20464 16 64 0.3937
20485 42 71 0.4646
20528 10 56 0.4646
20528 10 64 0.5276
20550 10 64 0.4488
20550 10 68 0.4961
20571 39 59 0.5197
20571 39 66 0.5748
20614 10 64 0.4646
20614 10 68 0.5276
20635 10 66 0.4409
20635 10 69 0.4882
20657 39 68 0.4961
20657 39 71 0.5591
20700 10 69 0.4803
20700 10 73 0.5433
20721 10 68 0.4567
20721 10 71 0.5039
20742 39 66 0.5276
20742 39 69 0.5827
20785 10 64 0.4724
20785 10 68 0.5354
20807 10 66 0.4724
20807 10 69 0.5354
20828 39 59 0.5276
20828 39 66 0.5827
20871 10 56 0.4646
20871 10 64 0.5276
20892 10 64 0.4409
20892 10 68 0.4882
20914 39 59 0.5197
20914 39 66 0.5748
20957 10 64 0.4646
20957 10 68 0.5276
20978 10 66 0.4331
20978 10 69 0.4803
21000 39 68 0.4961
21000 39 71 0.5591
21042 10 69 0.4961
21042 10 73 0.5591
21064 10 68 0.4646
21064 10 71 0.5276
21085 39 66 0.5276
21085 39 69 0.5827
21128 10 64 0.4646
21128 10 68 0.5276
21150 10 66 0.4409
21150 10 69 0.4882
21171 32 59 0.4567
21171 32 66 0.5039
21214 21 92 0.3307
21214 21 95 0.378
21235 21 90 0.3071
21235 21 93 0.3543
21257 39 88 0.3701
21257 39 92 0.4094
21257 16 83 0.2992
21257 16 76 0.2992
21278 16 76 0.2835
21278 16 83 0.2835
21300 21 88 0.2992
21300 21 92 0.3307
21321 21 83 0.2756
21321 21 90 0.3071
21342 39 80 0.315
21342 39 88 0.3622
21342 16 71 0.2992
21342 16 76 0.2992
21364 16 71 0.2756
21364 16 76 0.2756
21385 21 83 0.3701
21385 21 80 0.3228
21407 21 78 0.3071
21407 21 81 0.3465
21428 39 76 0.3543
21428 39 80 0.3937
21428 16 64 0.2992
21428 16 71 0.2992
21450 16 64 0.2756
21450 16 71 0.2756
21471 21 76 0.2992
21471 21 80 0.3307
21492 21 71 0.2756
21492 21 78 0.3071
21514 39 68 0.3228
21514 39 76 0.3701
21514 16 59 0.2992
21514 16 64 0.2992
21535 16 59 0.2835
21535 16 64 0.2835
21557 21 56 0.3228
21557 21 64 0.3701
21578 21 59 0.3071
21578 21 66 0.3465
21600 41 64 0.3543
21600 41 68 0.3937
21600 16 52 0.2992
21600 16 59 0.2992
21621 16 52 0.2835
21621 16 59 0.2835
21642 21 66 0.3465
21642 21 69 0.3858
21664 21 64 0.3071
21664 21 68 0.3543
21685 41 59 0.315
21685 41 66 0.3622
21685 16 51 0.2992
21685 16 47 0.2992
21707 16 47 0.2835
21707 16 51 0.2835
21728 21 64 0.3543
21728 21 68 0.3937
21750 21 59 0.2913
21750 21 66 0.3228
21771 85 56 0.3071
21771 85 64 0.3465
21771 16 47 0.3228
21771 16 40 0.3228
21792 16 40 0.3071
21792 16 47 0.3071
21814 42 40 0.3228
21814 42 47 0.3228
21857 41 59 0.2992
21857 41 66 0.3307
21900 21 64 0.3228
21900 21 68 0.3701
21921 21 59 0.2835
21921 21 66 0.315
21942 85 56 0.2913
21942 85 64 0.3228
21942 16 47 0.3071
21942 16 40 0.3071
21964 16 40 0.2913
21964 16 47 0.2913
21985 42 40 0.3071
21985 42 47 0.3071
22028 41 59 0.2598
22028 41 66 0.2913
22071 21 64 0.2677
22071 21 68 0.2992
22092 21 59 0.2283
22092 21 66 0.2677
22114 42 56 0.2362
22114 42 64 0.2756
22178 21 64 0.622
22178 21 68 0.622
22178 21 76 0.6929
22178 21 40 0.6457
22178 21 47 0.6457
22178 21 52 0.6457
22200 42 64 0.6535
22200 42 68 0.6535
22200 42 76 0.7323
22200 42 40 0.6772
22200 42 47 0.6772
22200 42 52 0.6772
