0 20 65 0.5512
0 20 41 0.5512
31 10 65 0.5197
41 41 67 0.5512
41 41 63 0.4646
41 41 60 0.3937
41 41 53 0.3937
83 41 69 0.5512
83 41 63 0.4724
83 41 60 0.4016
83 41 53 0.4016
125 20 70 0.5591
125 20 46 0.5512
156 10 72 0.5197
166 41 74 0.5512
166 41 62 0.4094
166 41 58 0.4094
166 41 53 0.4094
208 20 75 0.5906
208 20 46 0.4882
229 20 77 0.622
250 10 79 0.6535
250 33 39 0.5354
250 33 51 0.6299
281 10 81 0.5906
283 49 55 0.4646
286 46 58 0.4646
289 44 63 0.4646
291 5 82 0.5984
291 41 67 0.5512
296 5 84 0.5276
302 5 82 0.5748
307 5 84 0.5197
312 5 82 0.5512
317 5 84 0.5039
322 5 82 0.5512
328 5 84 0.5039
333 20 81 0.5512
354 15 79 0.4409
369 5 77 0.3622
375 10 82 0.4173
375 20 46 0.3386
406 10 82 0.3858
416 78 74 0.3465
416 41 62 0.2205
416 41 58 0.1811
416 41 53 0.1811
458 41 62 0.2047
458 41 58 0.1732
458 41 53 0.1732
494 5 75 0.3543
500 10 79 0.4016
500 20 41 0.315
531 10 79 0.3622
541 78 69 0.3465
541 41 63 0.2126
541 41 60 0.1732
541 41 53 0.1732
583 41 63 0.1969
583 41 60 0.1654
583 41 53 0.1654
619 5 70 0.3543
625 10 74 0.3858
625 20 46 0.3386
656 10 74 0.3701
666 83 64 0.3465
666 41 62 0.2205
666 41 58 0.1811
666 41 53 0.1811
708 41 62 0.2047
708 41 58 0.1732
708 41 53 0.1732
750 10 65 0.4331
750 20 41 0.4488
781 10 69 0.4567
791 20 72 0.4646
791 41 53 0.3071
791 41 63 0.3701
812 20 75 0.4724
833 31 79 0.5276
833 41 53 0.3071
833 41 57 0.3071
833 41 63 0.3622
864 5 77 0.4961
869 5 77 0.4331
875 10 86 0.5906
875 20 46 0.4488
906 10 84 0.5039
916 5 82 0.4331
916 41 53 0.3071
916 41 58 0.3071
916 41 62 0.3701
921 5 84 0.4252
927 10 82 0.4724
937 20 79 0.4567
958 41 77 0.4331
958 41 53 0.3071
958 41 58 0.3071
958 41 62 0.3622
994 5 79 0.3543
1000 10 82 0.4016
1000 20 46 0.2835
1031 10 82 0.3622
1041 72 69 0.3465
1041 41 63 0.2126
1041 41 60 0.1732
1041 41 53 0.1732
1083 41 63 0.1969
1083 41 60 0.1654
1083 41 53 0.1654
1114 5 70 0.3307
1119 5 74 0.3228
1125 10 77 0.3858
1125 20 46 0.2992
1156 10 77 0.3701
1166 83 64 0.3465
1166 41 62 0.2205
1166 41 58 0.1811
1166 41 53 0.1811
1208 41 62 0.2047
1208 41 58 0.1732
1208 41 53 0.1732
1250 10 65 0.4331
1250 20 41 0.4488
1281 10 69 0.4567
1291 20 72 0.4646
1291 41 53 0.3071
1291 41 63 0.3701
1312 20 75 0.4724
1333 5 74 0.4409
1333 41 53 0.3071
1333 41 57 0.3071
1333 41 63 0.3622
1338 5 75 0.4409
1343 10 74 0.4803
1354 20 72 0.4409
1375 10 74 0.5039
1375 20 46 0.4488
1406 10 65 0.4488
1416 41 70 0.4646
1416 41 53 0.3071
1416 41 58 0.3071
1416 41 62 0.3701
1458 20 69 0.5039
1479 20 67 0.4803
1500 20 65 0.5512
1500 20 41 0.5512
1531 10 65 0.5197
1541 41 67 0.5512
1541 41 63 0.4646
1541 41 60 0.3937
1541 41 53 0.3937
1583 41 69 0.5512
1583 41 63 0.4724
1583 41 60 0.4016
1583 41 53 0.4016
1625 20 70 0.5591
1625 20 46 0.5512
1656 10 72 0.5197
1666 41 74 0.5512
1666 41 62 0.4094
1666 41 58 0.4094
1666 41 53 0.4094
1708 20 75 0.5906
1708 20 46 0.4882
1729 20 77 0.622
1750 10 79 0.6535
1750 33 39 0.5354
1750 33 51 0.6299
1781 10 81 0.5906
1783 49 55 0.4646
1786 46 58 0.4646
1789 44 63 0.4646
1791 5 82 0.5984
1791 41 67 0.5512
1796 5 84 0.5276
1802 5 82 0.5748
1807 5 84 0.5197
1812 5 82 0.5512
1817 5 84 0.5039
1822 5 82 0.5512
1828 5 84 0.5039
1833 20 81 0.5512
1854 15 79 0.4409
1869 5 77 0.3622
1875 10 82 0.4173
1875 20 46 0.3386
1906 10 82 0.3858
1916 78 74 0.3465
1916 41 62 0.2205
1916 41 58 0.1811
1916 41 53 0.1811
1958 41 62 0.2047
1958 41 58 0.1732
1958 41 53 0.1732
1994 5 75 0.3543
2000 10 79 0.4016
2000 20 41 0.315
2031 10 79 0.3622
2041 78 69 0.3465
2041 41 63 0.2126
2041 41 60 0.1732
2041 41 53 0.1732
2083 41 63 0.1969
2083 41 60 0.1654
2083 41 53 0.1654
2119 5 70 0.3543
2125 10 74 0.3858
2125 20 46 0.3386
2156 10 74 0.3701
2166 83 64 0.3465
2166 41 62 0.2205
2166 41 58 0.1811
2166 41 53 0.1811
2208 41 62 0.2047
2208 41 58 0.1732
2208 41 53 0.1732
2250 10 65 0.4331
2250 20 41 0.4488
2281 10 69 0.4567
2291 20 72 0.4646
2291 41 53 0.3071
2291 41 63 0.3701
2312 20 75 0.4724
2333 31 79 0.5276
2333 41 53 0.3071
2333 41 57 0.3071
2333 41 63 0.3622
2364 4 77 0.4961
2369 5 77 0.3858
2375 10 86 0.5276
2375 20 46 0.4016
2406 10 84 0.4803
2416 5 82 0.3937
2416 41 53 0.2441
2416 41 58 0.2441
2416 41 62 0.2913
2421 5 84 0.3858
2427 10 82 0.4488
2437 20 79 0.4094
2458 41 77 0.3858
2458 41 53 0.2441
2458 41 58 0.2441
2458 41 62 0.2835
2494 5 79 0.3543
2500 10 82 0.4016
2500 20 46 0.315
2531 10 82 0.3622
2541 72 69 0.3465
2541 41 63 0.2126
2541 41 60 0.1732
2541 41 53 0.1732
2583 41 63 0.1969
2583 41 60 0.1654
2583 41 53 0.1654
2614 5 70 0.3307
2619 5 74 0.3228
2625 10 77 0.3858
2625 20 46 0.3386
2656 10 77 0.3701
2666 83 64 0.3465
2666 41 62 0.2205
2666 41 58 0.1811
2666 41 53 0.1811
2708 41 62 0.2047
2708 41 58 0.1732
2708 41 53 0.1732
2750 10 65 0.4331
2750 20 41 0.4488
2781 10 69 0.4567
2791 20 72 0.4646
2791 41 53 0.3071
2791 41 63 0.3701
2812 20 75 0.4724
2833 5 74 0.4409
2833 41 53 0.3071
2833 41 57 0.3071
2833 41 63 0.3622
2838 5 75 0.4409
2843 10 74 0.4803
2854 20 72 0.4409
2875 10 74 0.5039
2875 20 46 0.4488
2906 10 65 0.4488
2916 41 70 0.4646
2916 41 53 0.3071
2916 41 58 0.3071
2916 41 62 0.3701
2958 20 69 0.3465
2979 20 70 0.3465
3000 31 72 0.3622
3000 41 41 0.2913
3031 10 74 0.3307
3041 41 72 0.3622
3041 41 48 0.1969
3041 41 57 0.2362
3083 20 76 0.3858
3083 41 48 0.2205
3083 41 57 0.2677
3104 20 77 0.4016
3125 31 79 0.4331
3125 41 41 0.3307
3156 10 81 0.4094
3166 41 79 0.4409
3166 41 50 0.252
3166 41 58 0.2992
3208 20 77 0.4094
3208 41 50 0.2598
3208 41 58 0.3071
3229 20 74 0.3858
3250 20 72 0.4409
3250 41 41 0.3307
3270 20 74 0.4016
3291 41 72 0.4409
3291 41 48 0.252
3291 41 57 0.2992
3333 20 76 0.3937
3333 41 48 0.252
3333 41 57 0.2992
3364 10 77 0.4331
3375 13 79 0.4646
3375 20 41 0.3071
3388 13 81 0.4409
3402 13 79 0.4409
3416 62 77 0.4173
3416 20 50 0.2205
3416 20 58 0.2677
3458 20 41 0.2677
3479 20 74 0.3937
3500 20 72 0.4016
3500 20 48 0.2441
3500 20 57 0.2913
3520 20 74 0.3858
3541 41 72 0.4016
3541 20 41 0.2677
3583 20 76 0.3858
3583 20 48 0.2205
3583 20 57 0.2677
3604 20 77 0.4016
3625 20 79 0.4331
3625 20 41 0.3307
3645 20 81 0.4094
3666 5 79 0.3937
3666 20 50 0.252
3666 20 58 0.2992
3671 5 81 0.3701
3677 5 79 0.4094
3682 5 81 0.3858
3687 5 79 0.4409
3692 5 81 0.3858
3697 5 79 0.4016
3703 5 81 0.3858
3708 20 77 0.4094
3708 20 41 0.2677
3729 20 74 0.3858
3750 20 72 0.4409
3750 20 48 0.252
3750 20 57 0.2992
3770 20 74 0.4016
3791 41 72 0.4409
3791 20 41 0.2677
3833 20 76 0.4331
3833 83 48 0.2992
3833 41 57 0.3543
3854 20 77 0.4646
3875 13 79 0.5039
3875 41 52 0.2992
3875 41 58 0.3543
3888 13 81 0.4803
3902 13 79 0.4803
3916 31 77 0.5197
3916 41 53 0.2992
3916 41 57 0.3543
3947 10 67 0.4882
3958 13 77 0.5354
3972 13 66 0.4882
3986 8 77 0.5433
3994 5 77 0.5197
4000 20 65 0.5512
4000 20 41 0.5512
4031 10 65 0.5197
4041 41 67 0.5512
4041 41 63 0.4646
4041 41 60 0.3937
4041 41 53 0.3937
4083 41 69 0.5512
4083 41 63 0.4724
4083 41 60 0.4016
4083 41 53 0.4016
4125 20 70 0.5591
4125 20 46 0.5512
4156 10 72 0.5197
4166 41 74 0.5512
4166 41 62 0.4094
4166 41 58 0.4094
4166 41 53 0.4094
4208 20 75 0.5906
4208 20 46 0.4882
4229 20 77 0.622
4250 10 79 0.6535
4250 33 39 0.5354
4250 33 51 0.6299
4281 10 81 0.5906
4283 49 55 0.4646
4286 46 58 0.4646
4289 44 63 0.4646
4291 5 82 0.5984
4291 41 67 0.5512
4296 5 84 0.5276
4302 5 82 0.5748
4307 5 84 0.5197
4312 5 82 0.5512
4317 5 84 0.5039
4322 5 82 0.5512
4328 5 84 0.5039
4333 20 81 0.5512
4354 15 79 0.4409
4369 5 77 0.4016
4375 10 82 0.4724
4375 20 46 0.378
4406 10 82 0.4331
4416 78 74 0.3858
4416 41 62 0.2441
4416 41 58 0.2126
4416 41 53 0.2126
4458 41 62 0.2283
4458 41 58 0.189
4458 41 53 0.189
4494 5 75 0.3937
4500 10 79 0.4567
4500 20 41 0.3543
4531 10 79 0.4016
4541 78 69 0.3858
4541 41 63 0.2362
4541 41 60 0.2047
4541 41 53 0.2047
4583 41 63 0.2205
4583 41 60 0.1811
4583 41 53 0.1811
4619 5 70 0.3937
4625 10 74 0.4409
4625 20 46 0.378
4656 10 74 0.4094
4666 83 64 0.3858
4666 41 62 0.2441
4666 41 58 0.2126
4666 41 53 0.2126
4708 41 62 0.2283
4708 41 58 0.189
4708 41 53 0.189
4750 10 65 0.4331
4750 20 41 0.4488
4781 10 69 0.4567
4791 20 72 0.4646
4791 41 53 0.3071
4791 41 63 0.3701
4812 20 75 0.4724
4833 31 79 0.5276
4833 41 53 0.3071
4833 41 57 0.3071
4833 41 63 0.3622
4864 4 77 0.4961
4869 5 77 0.4331
4875 10 86 0.5906
4875 20 46 0.4488
4906 10 84 0.5354
4916 5 82 0.4409
4916 41 53 0.3071
4916 41 58 0.3071
4916 41 62 0.3701
4921 5 84 0.4331
4927 10 82 0.5039
4937 20 79 0.4567
4958 41 77 0.4331
4958 41 53 0.3071
4958 41 58 0.3071
4958 41 62 0.3622
4994 5 79 0.3543
5000 10 82 0.4016
5000 20 46 0.315
5031 10 82 0.3622
5041 72 69 0.3465
5041 41 63 0.2126
5041 41 60 0.1732
5041 41 53 0.1732
5083 41 63 0.1969
5083 41 60 0.1654
5083 41 53 0.1654
5114 5 70 0.3307
5119 5 74 0.3228
5125 10 77 0.3858
5125 20 46 0.3386
5156 10 77 0.3701
5166 83 64 0.3465
5166 41 62 0.2205
5166 41 58 0.1811
5166 41 53 0.1811
5208 41 62 0.2047
5208 41 58 0.1732
5208 41 53 0.1732
5250 10 65 0.4331
5250 20 41 0.4488
5281 10 69 0.4567
5291 20 72 0.4646
5291 41 53 0.3071
5291 41 63 0.3701
5312 20 75 0.4724
5333 5 74 0.4409
5333 41 53 0.3071
5333 41 57 0.3071
5333 41 63 0.3622
5338 5 75 0.4409
5343 10 74 0.4803
5354 20 72 0.4409
5375 10 74 0.5039
5375 20 46 0.4488
5406 10 65 0.4488
5416 41 70 0.4646
5416 41 53 0.3071
5416 41 58 0.3071
5416 41 62 0.3701
5458 20 69 0.3465
5479 20 70 0.3465
5500 31 72 0.3622
5500 41 41 0.2913
5531 10 74 0.3307
5541 41 72 0.3622
5541 41 48 0.1969
5541 41 57 0.2362
5583 20 76 0.3858
5583 41 48 0.2205
5583 41 57 0.2677
5604 20 77 0.4016
5625 31 79 0.4331
5625 41 41 0.3307
5656 10 81 0.4094
5666 41 79 0.4409
5666 41 50 0.252
5666 41 58 0.2992
5708 20 77 0.4094
5708 41 50 0.2598
5708 41 58 0.3071
5729 20 74 0.3858
5750 20 72 0.4409
5750 41 41 0.3307
5770 20 74 0.4016
5791 41 72 0.4409
5791 41 48 0.252
5791 41 57 0.2992
5833 20 76 0.3937
5833 41 48 0.252
5833 41 57 0.2992
5864 10 77 0.4331
5875 13 79 0.4646
5875 20 41 0.3071
5888 13 81 0.4409
5902 13 79 0.4409
5916 62 77 0.4173
5916 20 50 0.2205
5916 20 58 0.2677
5958 20 41 0.2677
5979 20 74 0.3937
6000 20 72 0.4016
6000 20 48 0.2441
6000 20 57 0.2913
6020 20 74 0.3858
6041 41 72 0.4016
6041 20 41 0.2677
6083 20 76 0.3858
6083 20 48 0.2205
6083 20 57 0.2677
6104 20 77 0.4016
6125 20 79 0.4331
6125 20 41 0.3307
6145 20 81 0.4094
6166 5 79 0.3937
6166 20 50 0.252
6166 20 58 0.2992
6171 5 81 0.3701
6177 5 79 0.4094
6182 5 81 0.3858
6187 5 79 0.4409
6192 5 81 0.3858
6197 5 79 0.4016
6203 5 81 0.3858
6208 20 77 0.4094
6208 20 41 0.2677
6229 20 74 0.3858
6250 20 72 0.4409
6250 20 48 0.252
6250 20 57 0.2992
6270 20 74 0.4016
6291 41 72 0.4409
6291 20 41 0.2677
6333 20 76 0.4331
6333 83 48 0.2992
6333 41 57 0.3543
6354 20 77 0.4646
6375 13 79 0.5039
6375 41 52 0.2992
6375 41 58 0.3543
6388 13 81 0.4803
6402 13 79 0.4803
6416 31 77 0.5197
6416 41 53 0.2992
6416 41 57 0.3543
6447 10 67 0.4882
6458 13 77 0.5354
6472 13 66 0.4882
6486 8 77 0.5433
6494 5 77 0.5197
6500 20 65 0.5512
6500 20 41 0.5512
6531 10 65 0.5197
6541 41 67 0.5512
6541 41 63 0.4646
6541 41 60 0.3937
6541 41 53 0.3937
6583 41 69 0.5512
6583 41 63 0.4724
6583 41 60 0.4016
6583 41 53 0.4016
6625 20 70 0.5591
6625 20 46 0.5512
6656 10 72 0.5197
6666 41 74 0.5512
6666 41 62 0.4094
6666 41 58 0.4094
6666 41 53 0.4094
6708 20 75 0.5906
6708 20 46 0.4882
6729 20 77 0.622
6750 10 79 0.6535
6750 33 39 0.5354
6750 33 51 0.6299
6781 10 81 0.5906
6783 49 55 0.4646
6786 46 58 0.4646
6789 44 63 0.4646
6791 5 82 0.5984
6791 41 67 0.5512
6796 5 84 0.5276
6802 5 82 0.5748
6807 5 84 0.5197
6812 5 82 0.5512
6817 5 84 0.5039
6822 5 82 0.5512
6828 5 84 0.5039
6833 20 81 0.5512
6854 15 79 0.4409
6869 5 77 0.4016
6875 10 82 0.4724
6875 20 46 0.378
6906 10 82 0.4331
6916 78 74 0.3858
6916 41 62 0.2441
6916 41 58 0.2126
6916 41 53 0.2126
6958 41 62 0.2283
6958 41 58 0.189
6958 41 53 0.189
6994 5 75 0.3937
7000 10 79 0.4567
7000 20 41 0.3543
7031 10 79 0.4016
7041 78 69 0.3858
7041 41 63 0.2362
7041 41 60 0.2047
7041 41 53 0.2047
7083 41 63 0.2205
7083 41 60 0.1811
7083 41 53 0.1811
7119 5 70 0.3937
7125 10 74 0.4409
7125 20 46 0.378
7156 10 74 0.4094
7166 83 64 0.3858
7166 41 62 0.2441
7166 41 58 0.2126
7166 41 53 0.2126
7208 41 62 0.2283
7208 41 58 0.189
7208 41 53 0.189
7250 10 65 0.4331
7250 20 41 0.4488
7281 10 69 0.4567
7291 20 72 0.4646
7291 41 53 0.3071
7291 41 63 0.3701
7312 20 75 0.4724
7333 31 79 0.5276
7333 41 53 0.3071
7333 41 57 0.3071
7333 41 63 0.3622
7364 4 77 0.4961
7369 5 77 0.3858
7375 10 86 0.5276
7375 20 46 0.4016
7406 10 84 0.4803
7416 5 82 0.3937
7416 41 53 0.2441
7416 41 58 0.2441
7416 41 62 0.2913
7421 5 84 0.3858
7427 10 82 0.4488
7437 20 79 0.4094
7458 41 77 0.3858
7458 41 53 0.2441
7458 41 58 0.2441
7458 41 62 0.2835
7494 5 79 0.3543
7500 10 82 0.4016
7500 20 46 0.315
7531 10 82 0.3622
7541 72 69 0.3465
7541 41 63 0.2126
7541 41 60 0.1732
7541 41 53 0.1732
7583 41 63 0.1969
7583 41 60 0.1654
7583 41 53 0.1654
7614 5 70 0.3307
7619 5 74 0.3228
7625 10 77 0.3858
7625 20 46 0.3386
7656 10 77 0.3701
7666 83 64 0.3465
7666 41 62 0.2205
7666 41 58 0.1811
7666 41 53 0.1811
7708 41 62 0.2047
7708 41 58 0.1732
7708 41 53 0.1732
7750 10 65 0.4331
7750 20 41 0.4488
7781 10 69 0.4567
7791 20 72 0.4646
7791 41 53 0.3071
7791 41 63 0.3701
7812 20 75 0.4724
7833 5 74 0.4409
7833 41 53 0.3071
7833 41 57 0.3071
7833 41 63 0.3622
7838 5 75 0.4409
7843 10 74 0.4803
7854 20 72 0.4409
7875 10 74 0.5039
7875 20 46 0.4488
7906 10 65 0.4488
7916 41 70 0.4646
7916 41 53 0.3071
7916 41 58 0.3071
7916 41 62 0.3701
7958 41 46 0.3858
8000 10 77 0.3622
8000 41 42 0.1732
8000 41 49 0.2047
8031 10 77 0.2913
8041 41 76 0.3228
8041 41 42 0.1575
8041 41 49 0.1811
8083 20 73 0.2913
8083 41 42 0.1575
8083 41 49 0.1811
8104 20 72 0.2913
8125 20 70 0.3307
8125 41 42 0.1732
8125 41 49 0.2047
8156 10 73 0.2913
8166 5 72 0.2913
8166 41 42 0.1575
8166 41 49 0.1811
8171 5 73 0.2913
8177 31 72 0.315
8208 20 70 0.2913
8208 41 42 0.1575
8208 41 49 0.1811
8239 10 64 0.3228
8250 10 77 0.3622
8250 41 42 0.1732
8250 41 49 0.2047
8281 10 77 0.2913
8291 41 76 0.3228
8291 41 42 0.1575
8291 41 49 0.1811
8333 20 73 0.2913
8333 41 42 0.1575
8333 41 49 0.1811
8354 20 72 0.2913
8375 13 70 0.3543
8375 41 42 0.1732
8375 41 49 0.2047
8388 13 72 0.315
8402 13 70 0.3071
8416 83 64 0.3307
8416 41 42 0.1575
8416 41 49 0.1811
8458 41 42 0.1575
8458 41 49 0.1811
8500 10 77 0.3622
8500 41 42 0.1732
8500 41 49 0.2047
8531 10 77 0.2913
8541 41 76 0.3228
8541 41 42 0.1575
8541 41 49 0.1811
8583 20 73 0.2913
8583 41 42 0.1575
8583 41 49 0.1811
8604 20 72 0.2913
8625 20 70 0.3307
8625 41 42 0.1732
8625 41 49 0.2047
8656 10 73 0.2913
8666 5 72 0.2913
8666 41 42 0.1575
8666 41 49 0.1811
8671 5 73 0.2598
8677 5 72 0.2913
8682 5 73 0.2756
8687 5 72 0.2913
8692 5 73 0.2677
8697 5 72 0.2913
8703 5 73 0.2913
8708 20 70 0.2913
8708 41 42 0.1575
8708 41 49 0.1811
8739 10 64 0.3228
8750 10 77 0.3622
8750 41 42 0.1732
8750 41 49 0.2047
8781 10 77 0.2913
8791 41 76 0.3228
8791 41 42 0.1575
8791 41 49 0.1811
8833 31 73 0.2913
8833 41 42 0.1575
8833 41 49 0.1811
8864 10 72 0.2913
8875 13 70 0.3543
8875 125 41 0.1732
8875 41 49 0.2047
8888 13 72 0.315
8902 13 70 0.3071
8916 62 69 0.3307
8916 83 48 0.1811
8979 20 67 0.4173
9000 20 65 0.5512
9000 20 41 0.5512
9031 10 65 0.5197
9041 41 67 0.5512
9041 41 63 0.4646
9041 41 60 0.3937
9041 41 53 0.3937
9083 41 69 0.5512
9083 41 63 0.4724
9083 41 60 0.4016
9083 41 53 0.4016
9125 20 70 0.5591
9125 20 46 0.5512
9156 10 72 0.5197
9166 41 74 0.5512
9166 41 62 0.4094
9166 41 58 0.4094
9166 41 53 0.4094
9208 20 75 0.5906
9208 20 46 0.4882
9229 20 77 0.622
9250 10 79 0.6535
9250 33 39 0.5354
9250 33 51 0.6299
9281 10 81 0.5906
9283 49 55 0.4646
9286 46 58 0.4646
9289 44 63 0.4646
9291 5 82 0.5984
9291 41 67 0.5512
9296 5 84 0.5276
9302 5 82 0.5748
9307 5 84 0.5197
9312 5 82 0.5512
9317 5 84 0.5039
9322 5 82 0.5512
9328 5 84 0.5039
9333 20 81 0.5512
9354 15 79 0.4409
9369 5 77 0.4016
9375 10 82 0.4724
9375 20 46 0.378
9406 10 82 0.4331
9416 78 74 0.3858
9416 41 62 0.2441
9416 41 58 0.2126
9416 41 53 0.2126
9458 41 62 0.2283
9458 41 58 0.189
9458 41 53 0.189
9494 5 75 0.3937
9500 10 79 0.4567
9500 20 41 0.3543
9531 10 79 0.4016
9541 78 69 0.3858
9541 41 63 0.2362
9541 41 60 0.2047
9541 41 53 0.2047
9583 41 63 0.2205
9583 41 60 0.1811
9583 41 53 0.1811
9619 5 70 0.3937
9625 10 74 0.4409
9625 20 46 0.378
9656 10 74 0.4094
9666 83 64 0.3858
9666 41 62 0.2441
9666 41 58 0.2126
9666 41 53 0.2126
9708 41 62 0.2283
9708 41 58 0.189
9708 41 53 0.189
9750 10 65 0.4331
9750 20 41 0.4488
9781 10 69 0.4567
9791 20 72 0.4646
9791 41 53 0.3071
9791 41 63 0.3701
9812 20 75 0.4724
9833 31 79 0.5276
9833 41 53 0.3071
9833 41 57 0.3071
9833 41 63 0.3622
9864 5 77 0.4961
9869 5 77 0.4331
9875 10 86 0.5906
9875 20 46 0.4488
9906 10 84 0.5354
9916 5 82 0.4409
9916 41 53 0.3071
9916 41 58 0.3071
9916 41 62 0.3701
9921 5 84 0.4331
9927 10 82 0.5039
9937 20 79 0.4567
9958 41 77 0.4331
9958 41 53 0.3071
9958 41 58 0.3071
9958 41 62 0.3622
9994 5 79 0.3543
10000 10 82 0.4016
10000 20 46 0.315
10031 10 82 0.3622
10041 72 69 0.3465
10041 41 63 0.2126
10041 41 60 0.1732
10041 41 53 0.1732
10083 41 63 0.1969
10083 41 60 0.1654
10083 41 53 0.1654
10114 5 70 0.3307
10119 5 74 0.3228
10125 10 77 0.3858
10125 20 46 0.3386
10156 10 77 0.3701
10166 83 64 0.3465
10166 41 62 0.2205
10166 41 58 0.1811
10166 41 53 0.1811
10208 41 62 0.2047
10208 41 58 0.1732
10208 41 53 0.1732
10250 10 65 0.4331
10250 20 41 0.4488
10281 10 69 0.4567
10291 20 72 0.4646
10291 41 53 0.3071
10291 41 63 0.3701
10312 20 75 0.4724
10333 5 74 0.4409
10333 41 53 0.3071
10333 41 57 0.3071
10333 41 63 0.3622
10338 5 75 0.4409
10343 20 74 0.4803
10364 10 72 0.4409
10375 10 74 0.5039
10375 20 46 0.4488
10406 10 65 0.4488
10416 41 70 0.4646
10416 41 53 0.3071
10416 41 58 0.3071
10416 41 62 0.3701
10458 41 46 0.378
10500 10 77 0.3622
10500 41 42 0.1732
10500 41 49 0.2047
10531 10 77 0.2913
10541 41 76 0.3228
10541 41 42 0.1575
10541 41 49 0.1811
10583 20 73 0.2913
10583 41 42 0.1575
10583 41 49 0.1811
10604 20 72 0.2913
10625 20 70 0.3307
10625 41 42 0.1732
10625 41 49 0.2047
10656 10 73 0.2913
10666 5 72 0.2913
10666 41 42 0.1575
10666 41 49 0.1811
10671 5 73 0.2913
10677 31 72 0.315
10708 20 70 0.2913
10708 41 42 0.1575
10708 41 49 0.1811
10739 10 64 0.3228
10750 10 77 0.3622
10750 41 42 0.1732
10750 41 49 0.2047
10781 10 77 0.2913
10791 41 76 0.3228
10791 41 42 0.1575
10791 41 49 0.1811
10833 20 73 0.2913
10833 41 42 0.1575
10833 41 49 0.1811
10854 20 72 0.2913
10875 13 70 0.3543
10875 41 42 0.1732
10875 41 49 0.2047
10888 13 72 0.315
10902 13 70 0.3071
10916 83 64 0.3307
10916 41 42 0.1575
10916 41 49 0.1811
10958 41 42 0.1575
10958 41 49 0.1811
11000 10 77 0.3622
11000 41 42 0.1732
11000 41 49 0.2047
11031 10 77 0.2913
11041 41 76 0.3228
11041 41 42 0.1575
11041 41 49 0.1811
11083 20 73 0.2913
11083 41 42 0.1575
11083 41 49 0.1811
11104 20 72 0.2913
11125 20 70 0.3307
11125 41 42 0.1732
11125 41 49 0.2047
11156 10 73 0.2913
11166 5 72 0.2913
11166 41 42 0.1575
11166 41 49 0.1811
11171 5 73 0.2598
11177 5 72 0.2913
11182 5 73 0.2756
11187 5 72 0.2913
11192 5 73 0.2677
11197 5 72 0.2913
11203 5 73 0.2913
11208 20 70 0.2913
11208 41 42 0.1575
11208 41 49 0.1811
11239 10 64 0.3228
11250 10 77 0.3622
11250 41 42 0.1732
11250 41 49 0.2047
11281 10 77 0.2913
11291 41 76 0.3228
11291 41 42 0.1575
11291 41 49 0.1811
11333 31 73 0.2913
11333 41 42 0.1575
11333 41 49 0.1811
11364 10 72 0.2913
11375 13 70 0.3543
11375 125 41 0.1732
11375 41 49 0.2047
11388 13 72 0.315
11402 13 70 0.3071
11416 62 69 0.3307
11416 83 48 0.1811
11479 20 67 0.4173
11500 20 65 0.5512
11500 20 41 0.5512
11531 10 65 0.5197
11541 41 67 0.5512
11541 41 63 0.4646
11541 41 60 0.3937
11541 41 53 0.3937
11583 41 69 0.5512
11583 41 63 0.4724
11583 41 60 0.4016
11583 41 53 0.4016
11625 20 70 0.5591
11625 20 46 0.5512
11656 10 72 0.5197
11666 41 74 0.5512
11666 41 62 0.4094
11666 41 58 0.4094
11666 41 53 0.4094
11708 20 75 0.5906
11708 20 46 0.4882
11729 20 77 0.622
11750 10 79 0.6535
11750 33 39 0.5354
11750 33 51 0.6299
11781 10 81 0.5906
11783 49 55 0.4646
11786 46 58 0.4646
11789 44 63 0.4646
11791 5 82 0.5984
11791 41 67 0.5512
11796 5 84 0.5276
11802 5 82 0.5748
11807 5 84 0.5197
11812 5 82 0.5512
11817 5 84 0.5039
11822 5 82 0.5512
11828 5 84 0.5039
11833 20 81 0.5512
11854 15 79 0.4409
11869 5 77 0.4016
11875 10 82 0.4724
11875 20 46 0.378
11906 10 82 0.4331
11916 78 74 0.3858
11916 41 62 0.2441
11916 41 58 0.2126
11916 41 53 0.2126
11958 41 62 0.2283
11958 41 58 0.189
11958 41 53 0.189
11994 5 75 0.3937
12000 10 79 0.4567
12000 20 41 0.3543
12031 10 79 0.4016
12041 78 69 0.3858
12041 41 63 0.2362
12041 41 60 0.2047
12041 41 53 0.2047
12083 41 63 0.2205
12083 41 60 0.1811
12083 41 53 0.1811
12119 5 70 0.3937
12125 10 74 0.4409
12125 20 46 0.378
12156 10 74 0.4094
12166 83 64 0.3858
12166 41 62 0.2441
12166 41 58 0.2126
12166 41 53 0.2126
12208 41 62 0.2283
12208 41 58 0.189
12208 41 53 0.189
12250 10 65 0.4331
12250 20 41 0.4488
12281 10 69 0.4567
12291 20 72 0.4646
12291 41 53 0.3071
12291 41 63 0.3701
12312 20 75 0.4724
12333 31 79 0.5276
12333 41 53 0.3071
12333 41 57 0.3071
12333 41 63 0.3622
12364 5 77 0.4961
12369 5 77 0.3858
12375 10 86 0.5276
12375 20 46 0.4016
12406 10 84 0.4803
12416 5 82 0.3937
12416 41 53 0.2441
12416 41 58 0.2441
12416 41 62 0.2913
12421 5 84 0.3858
12427 10 82 0.4488
12437 20 79 0.4094
12458 41 77 0.3858
12458 41 53 0.2441
12458 41 58 0.2441
12458 41 62 0.2835
12494 5 79 0.3543
12500 10 82 0.4016
12500 20 46 0.315
12531 10 82 0.3622
12541 72 69 0.3465
12541 41 63 0.2126
12541 41 60 0.1732
12541 41 53 0.1732
12583 41 63 0.1969
12583 41 60 0.1654
12583 41 53 0.1654
12614 5 70 0.3307
12619 5 74 0.3228
12625 10 77 0.3858
12625 20 46 0.3386
12656 10 77 0.3701
12666 83 64 0.3465
12666 41 62 0.2205
12666 41 58 0.1811
12666 41 53 0.1811
12708 41 62 0.2047
12708 41 58 0.1732
12708 41 53 0.1732
12750 10 65 0.4331
12750 20 41 0.4488
12781 10 69 0.4724
12791 20 72 0.4882
12791 41 53 0.3228
12791 41 63 0.3858
12812 20 75 0.5197
12833 5 74 0.4961
12833 41 53 0.3465
12833 41 57 0.3465
12833 41 63 0.4016
12838 5 75 0.4961
12843 20 74 0.5512
12864 10 72 0.5039
12875 20 74 0.5984
12875 41 46 0.5354
12895 20 65 0.5354
12916 83 70 0.5354
12916 83 82 0.5512
12916 83 46 0.3622
12916 83 53 0.3622
12916 83 62 0.4409
