153 30 52 0.2362
184 30 60 0.252
184 30 57 0.2126
215 30 45 0.2283
246 30 52 0.2362
276 30 60 0.252
276 30 57 0.2126
307 30 45 0.2362
338 30 52 0.2441
369 92 69 0.6063
369 30 60 0.252
369 30 57 0.2126
400 30 45 0.2362
430 30 52 0.2362
461 61 64 0.5354
461 30 57 0.2126
461 30 60 0.252
492 30 45 0.2441
523 30 52 0.2441
553 30 60 0.2598
553 30 57 0.2205
584 30 45 0.2362
615 30 52 0.2362
646 91 57 0.5984
646 30 60 0.2598
677 30 45 0.2362
707 30 52 0.2362
738 61 52 0.5512
738 30 60 0.2598
738 30 57 0.2205
769 30 45 0.2441
800 30 52 0.2441
830 61 76 0.3465
830 61 72 0.2756
830 30 60 0.2283
830 30 57 0.1969
861 30 40 0.2126
892 30 69 0.2598
892 30 72 0.315
892 30 52 0.2126
923 61 64 0.2598
923 61 69 0.315
923 30 60 0.2283
923 30 57 0.1969
954 30 33 0.2126
984 30 68 0.2677
984 30 71 0.3307
984 30 52 0.2126
1015 30 69 0.252
1015 30 72 0.3071
1015 30 60 0.2283
1015 30 57 0.1969
1046 30 71 0.2756
1046 30 74 0.3465
1046 30 45 0.2126
1077 30 72 0.2835
1077 30 76 0.3622
1077 30 52 0.2126
1107 61 76 0.3071
1107 61 79 0.3858
1107 30 62 0.2283
1107 30 57 0.1969
1138 30 45 0.2126
1169 61 74 0.2992
1169 61 77 0.378
1169 30 53 0.2126
1200 30 62 0.2047
1200 30 57 0.1732
1231 30 72 0.2598
1231 30 76 0.315
1231 30 45 0.2126
1261 30 71 0.2756
1261 30 74 0.3465
1261 30 53 0.2126
1292 61 72 0.3071
1292 61 76 0.3858
1292 30 60 0.2283
1292 30 57 0.1969
1323 30 45 0.2126
1354 15 69 0.2992
1354 15 72 0.3622
1354 30 52 0.2126
1369 107 63 0.2441
1373 42 66 0.252
1377 3 68 0.2598
1381 3 71 0.2677
1384 30 69 0.3465
1384 30 60 0.2283
1384 30 57 0.1969
1415 30 64 0.2598
1415 30 68 0.315
1415 30 45 0.2126
1446 30 66 0.2756
1446 30 69 0.3465
1446 30 52 0.2126
1477 92 68 0.2835
1477 92 71 0.3386
1477 30 56 0.2126
1477 30 59 0.252
1508 30 40 0.2126
1538 30 52 0.2126
1569 61 76 0.3465
1569 92 68 0.2756
1569 30 62 0.2283
1569 30 59 0.1969
1600 30 40 0.2126
1631 30 72 0.315
1631 30 52 0.2126
1661 61 64 0.2598
1661 61 69 0.315
1661 30 60 0.2283
1661 30 57 0.1969
1692 30 45 0.2126
1723 30 68 0.2677
1723 30 71 0.3307
1723 30 52 0.2126
1754 30 69 0.252
1754 30 72 0.3071
1754 30 60 0.2283
1754 30 57 0.1969
1784 30 71 0.2756
1784 30 74 0.3465
1784 30 45 0.2126
1815 30 72 0.2835
1815 30 76 0.3622
1815 30 52 0.2126
1846 30 74 0.3228
1846 123 79 0.3858
1846 30 62 0.2283
1846 30 59 0.1969
1877 30 76 0.3386
1877 30 47 0.2126
1908 30 77 0.315
1908 30 55 0.2126
1938 30 76 0.3386
1938 30 64 0.2283
1938 30 60 0.1969
1969 46 74 0.2598
1969 46 77 0.315
1969 30 48 0.2126
2000 30 55 0.2126
2015 14 72 0.2756
2015 14 76 0.3465
2031 30 72 0.2913
2031 30 76 0.3622
2031 30 65 0.2126
2031 30 62 0.1811
2061 46 71 0.3071
2061 46 74 0.3701
2061 30 50 0.2126
2092 30 57 0.2126
2108 14 69 0.2992
2108 14 72 0.378
2123 30 69 0.2756
2123 30 72 0.3071
2123 30 64 0.2283
2154 46 68 0.2598
2154 46 71 0.315
2154 30 52 0.2126
2185 30 62 0.2126
2200 14 69 0.2913
2215 92 69 0.2677
2215 30 57 0.2126
2215 30 60 0.252
2246 30 45 0.2126
2277 30 52 0.2126
2308 92 57 0.5984
2308 30 60 0.2283
2338 30 45 0.2126
2369 30 52 0.2126
2400 61 52 0.5512
2400 30 60 0.2283
2400 30 57 0.1969
2431 30 45 0.2126
2462 30 52 0.2126
2492 61 76 0.2835
2492 61 88 0.378
2492 61 84 0.2835
2492 30 60 0.2283
2492 30 57 0.1969
2523 30 40 0.2126
2554 30 72 0.2677
2554 30 81 0.2677
2554 30 84 0.3465
2554 30 52 0.2126
2585 61 69 0.2677
2585 61 76 0.2677
2585 61 81 0.3465
2585 30 60 0.2283
2585 30 57 0.1969
2615 30 33 0.2126
2646 30 71 0.2756
2646 30 80 0.2756
2646 30 83 0.3622
2646 30 52 0.2126
2677 30 72 0.2598
2677 30 81 0.2598
2677 30 84 0.3307
2677 30 60 0.2283
2677 30 57 0.1969
2708 30 74 0.2835
2708 30 83 0.2835
2708 30 86 0.378
2708 30 45 0.2126
2739 30 76 0.2913
2739 30 84 0.2913
2739 30 88 0.3937
2739 30 52 0.2126
2769 61 79 0.315
2769 61 88 0.315
2769 61 91 0.4173
2769 30 62 0.2283
2769 30 57 0.1969
2800 30 45 0.2126
2831 61 77 0.3071
2831 61 86 0.3071
2831 61 89 0.4094
2831 30 53 0.2126
2862 30 62 0.2047
2862 30 57 0.1732
2892 30 76 0.2677
2892 30 84 0.2677
2892 30 88 0.3465
2892 30 45 0.2126
2923 30 74 0.2835
2923 30 83 0.2835
2923 30 86 0.378
2923 30 53 0.2126
2954 61 76 0.315
2954 61 84 0.315
2954 61 88 0.4173
2954 30 60 0.2283
2954 30 57 0.1969
2985 30 45 0.2126
3016 15 72 0.3071
3016 15 81 0.3071
3016 15 84 0.4094
3016 30 52 0.2126
3031 107 69 0.2598
3035 42 75 0.2756
3039 38 78 0.2835
3042 3 83 0.2992
3046 30 81 0.378
3046 30 60 0.2283
3046 30 57 0.1969
3077 30 68 0.2677
3077 30 80 0.3465
3077 30 45 0.2126
3108 30 69 0.2835
3108 30 81 0.378
3108 30 52 0.2126
3139 92 71 0.2913
3139 92 80 0.2913
3139 92 83 0.3701
3139 30 56 0.2126
3139 30 59 0.252
3169 30 40 0.2126
3200 30 52 0.2126
3231 92 76 0.3071
3231 61 88 0.4094
3231 61 80 0.3071
3231 30 62 0.2283
3231 30 59 0.1969
3262 30 40 0.2126
3292 30 72 0.3465
3292 30 84 0.378
3292 30 52 0.2126
3323 61 69 0.2913
3323 61 76 0.2913
3323 61 81 0.378
3323 30 60 0.2283
3323 30 57 0.1969
3354 30 45 0.2126
3385 30 71 0.2992
3385 30 80 0.2992
3385 30 83 0.3937
3385 30 52 0.2126
3416 30 72 0.2835
3416 30 81 0.2835
3416 30 84 0.3622
3416 30 60 0.2283
3416 30 57 0.1969
3446 30 74 0.3071
3446 30 83 0.3071
3446 30 86 0.4094
3446 30 45 0.2126
3477 30 76 0.315
3477 30 84 0.315
3477 30 88 0.4331
3477 30 52 0.2126
3508 30 79 0.3701
3508 30 86 0.3701
3508 123 91 0.4567
3508 30 62 0.2283
3508 30 59 0.1969
3539 46 77 0.4016
3539 30 47 0.2126
3569 30 55 0.2126
3585 15 76 0.378
3600 123 76 0.4016
3600 30 64 0.2283
3600 30 60 0.1969
3631 46 86 0.315
3631 46 89 0.4094
3631 30 48 0.2126
3662 30 55 0.2126
3677 14 84 0.3071
3677 14 88 0.4094
3693 30 84 0.3465
3693 30 88 0.4567
3693 30 65 0.2283
3693 30 62 0.1969
3723 46 74 0.315
3723 46 83 0.315
3723 46 86 0.4173
3723 30 50 0.2126
3754 30 57 0.2126
3770 14 72 0.3071
3770 14 81 0.3071
3770 14 84 0.4094
3785 30 72 0.2835
3785 30 81 0.2835
3785 30 84 0.3307
3785 30 64 0.2283
3816 46 71 0.2677
3816 46 80 0.2677
3816 46 83 0.3465
3816 30 52 0.2126
3846 30 62 0.2126
3862 14 69 0.2677
3862 14 81 0.3228
3877 92 69 0.252
3877 92 81 0.2913
3877 30 57 0.2126
3877 30 60 0.252
3908 30 45 0.2126
3939 30 52 0.2126
3970 30 63 0.3071
3970 30 66 0.3622
3970 30 57 0.2283
3970 30 60 0.2756
4000 30 64 0.315
4000 30 68 0.378
4000 30 45 0.252
4031 30 66 0.3307
4031 30 69 0.3937
4031 30 52 0.252
4062 30 68 0.3465
4062 30 71 0.4094
4062 30 59 0.2835
4062 30 56 0.2362
4093 30 76 0.3937
4093 30 40 0.252
4123 23 68 0.3307
4123 23 71 0.3937
4123 30 52 0.252
4147 7 68 0.2756
4147 7 71 0.3307
4154 30 66 0.3386
4154 30 69 0.4016
4154 30 60 0.2835
4154 30 57 0.2362
4185 30 64 0.315
4185 30 68 0.378
4185 30 40 0.252
4216 30 63 0.315
4216 30 66 0.378
4216 30 52 0.252
4247 61 68 0.3465
4247 61 71 0.4094
4247 30 59 0.2835
4247 30 56 0.2362
4277 30 40 0.252
4308 30 64 0.3228
4308 30 68 0.3858
4308 30 52 0.252
4339 30 63 0.3071
4339 30 66 0.3622
4339 30 57 0.2283
4339 30 60 0.2756
4370 30 64 0.315
4370 30 68 0.378
4370 30 45 0.252
4400 30 66 0.3307
4400 30 69 0.3937
4400 30 52 0.252
4431 30 68 0.3465
4431 30 71 0.4094
4431 30 59 0.2835
4431 30 56 0.2362
4462 30 76 0.3937
4462 30 40 0.252
4493 23 68 0.3307
4493 23 71 0.3937
4493 30 52 0.252
4516 7 68 0.2756
4516 7 71 0.3307
4524 30 66 0.3386
4524 30 69 0.4016
4524 30 60 0.2835
4524 30 57 0.2362
4554 30 64 0.315
4554 30 68 0.378
4554 30 40 0.252
4585 30 63 0.315
4585 30 66 0.378
4585 30 52 0.252
4616 184 68 0.3465
4616 184 71 0.4094
4616 30 59 0.315
4616 30 56 0.2205
4647 30 40 0.2835
4677 30 52 0.2835
4708 30 56 0.2205
4708 30 59 0.315
4739 30 40 0.2835
4770 30 52 0.2835
4800 92 67 0.4252
4800 92 73 0.5039
4800 30 57 0.3307
4800 30 61 0.3937
4831 30 45 0.4173
4862 30 52 0.4173
4893 92 66 0.4488
4893 92 74 0.5354
4893 30 57 0.3465
4893 30 62 0.4094
4924 30 50 0.4488
4954 30 54 0.4488
4985 92 69 0.4882
4985 92 75 0.5748
4985 30 63 0.4567
4985 30 59 0.3858
5016 30 47 0.4961
5047 30 54 0.4882
5077 92 69 0.5118
5077 92 72 0.5118
5077 92 76 0.6063
5077 30 64 0.4646
5077 30 60 0.3937
5108 30 48 0.5118
5139 30 57 0.5118
5170 92 70 0.5433
5170 92 76 0.5433
5170 92 79 0.6457
5170 30 64 0.4882
5170 30 61 0.4173
5201 30 49 0.5276
5231 30 58 0.5354
5262 92 70 0.5748
5262 92 74 0.5748
5262 92 77 0.6772
5262 30 65 0.5197
5262 30 62 0.4409
5293 30 50 0.5748
5324 30 58 0.5827
5354 184 69 0.5591
5354 184 72 0.5591
5354 184 75 0.6063
5354 184 78 0.6378
5354 184 81 0.7165
5354 30 63 0.4646
5354 30 66 0.5512
5385 30 51 0.5906
5416 30 60 0.5984
5447 30 66 0.5669
5447 30 63 0.4803
5478 30 51 0.5669
5508 30 60 0.5669
5539 92 45 0.6929
5539 30 63 0.4173
5539 30 66 0.4961
5570 30 51 0.4803
5601 30 60 0.4803
5631 61 39 0.6142
5631 30 66 0.4409
5631 30 63 0.378
5662 30 51 0.4016
5693 30 60 0.378
5724 30 63 0.315
5724 30 66 0.3701
5755 30 51 0.315
5785 30 60 0.2992
5816 61 76 0.3465
5816 61 72 0.2756
5816 30 52 0.2283
5847 30 40 0.2126
5878 30 69 0.2598
5878 30 72 0.315
5878 30 52 0.2126
5908 61 64 0.2441
5908 61 69 0.2992
5908 30 60 0.2283
5908 30 57 0.1969
5939 30 40 0.2126
5970 30 68 0.2677
5970 30 71 0.3307
5970 30 52 0.2126
6001 30 69 0.252
6001 30 72 0.3071
6001 30 64 0.2283
6001 30 57 0.1969
6002 30 60 0.1969
6032 30 71 0.2756
6032 30 74 0.3465
6032 30 40 0.2126
6062 30 72 0.2835
6062 30 76 0.3622
6062 30 52 0.2126
6093 61 64 0.2441
6093 61 69 0.2992
6093 30 60 0.2283
6093 30 57 0.1969
6124 30 40 0.2126
6155 30 68 0.2677
6155 30 71 0.3307
6155 30 52 0.2126
6185 30 69 0.252
6185 30 72 0.3071
6185 30 64 0.2283
6185 30 57 0.1969
6187 30 60 0.1969
6216 30 71 0.2756
6216 30 74 0.3465
6216 30 40 0.2126
6247 61 72 0.2835
6247 61 76 0.3622
6247 30 52 0.2126
6278 92 65 0.2283
6308 46 71 0.3071
6308 46 74 0.3858
6308 30 52 0.2126
6339 30 57 0.2126
6355 15 69 0.2992
6355 15 72 0.378
6370 30 69 0.2756
6370 30 72 0.3071
6370 61 64 0.2283
6401 46 68 0.2598
6401 46 71 0.315
6401 30 52 0.2126
6432 30 62 0.2126
6447 15 69 0.2913
6462 92 69 0.2913
6462 30 57 0.2126
6462 30 60 0.252
6493 30 45 0.2126
6524 30 52 0.2126
6555 30 63 0.2756
6555 30 66 0.3228
6555 30 57 0.2047
6555 30 60 0.2441
6570 30 64 0.2126
6585 30 68 0.3386
6585 30 45 0.2205
6601 30 64 0.2126
6616 30 66 0.2913
6616 30 69 0.3543
6616 30 52 0.2205
6632 30 64 0.2126
6647 30 68 0.3071
6647 30 71 0.3622
6647 30 59 0.252
6647 30 56 0.2126
6662 30 64 0.2441
6678 30 76 0.3543
6678 30 40 0.2205
6693 30 64 0.2441
6709 23 68 0.2913
6709 23 71 0.3543
6709 30 52 0.2205
6724 30 64 0.2441
6732 7 68 0.2441
6732 7 71 0.2913
6739 30 66 0.2992
6739 30 69 0.3543
6739 30 60 0.252
6739 30 57 0.2126
6755 30 64 0.2205
6770 30 68 0.3386
6770 30 40 0.2205
6786 30 64 0.2205
6801 30 63 0.2835
6801 30 66 0.3386
6801 30 52 0.2205
6816 30 64 0.2205
6832 61 68 0.3071
6832 61 71 0.3622
6832 30 59 0.252
6832 30 56 0.2126
6847 30 64 0.2205
6862 30 40 0.2205
6878 30 64 0.2283
6893 30 68 0.3465
6893 30 52 0.2205
6909 30 64 0.2205
6924 30 63 0.2756
6924 30 66 0.3228
6924 30 57 0.2047
6924 30 60 0.2441
6939 30 64 0.2205
6955 30 68 0.3386
6955 30 45 0.2205
6970 30 64 0.2126
6986 30 66 0.2913
6986 30 69 0.3543
6986 30 52 0.2205
7001 30 64 0.2126
7016 30 68 0.3071
7016 30 71 0.3622
7016 30 59 0.252
7016 30 56 0.2126
7032 30 64 0.2126
7047 30 76 0.3543
7047 30 40 0.2205
7062 30 64 0.2126
7078 23 68 0.2913
7078 23 71 0.3543
7078 30 52 0.2205
7093 30 64 0.2441
7101 7 68 0.2441
7101 7 71 0.2913
7109 30 66 0.2992
7109 30 69 0.3543
7109 30 60 0.252
7109 30 57 0.2126
7124 30 64 0.2362
7139 30 68 0.3386
7139 30 40 0.2205
7155 30 64 0.2283
7170 30 63 0.2835
7170 30 66 0.3386
7170 30 52 0.2205
7186 30 64 0.2283
7201 184 68 0.3465
7201 184 71 0.4094
7201 30 59 0.2835
7201 30 56 0.1969
7216 30 64 0.2756
7232 30 40 0.2598
7247 30 64 0.2835
7263 30 52 0.2677
7278 30 64 0.2992
7293 30 56 0.2126
7293 30 59 0.3071
7309 30 64 0.3071
7324 30 40 0.2835
7339 30 64 0.3228
7355 30 52 0.2913
7370 30 64 0.3307
7386 92 67 0.4252
7386 92 73 0.5039
7386 30 57 0.3307
7386 30 61 0.3937
7401 30 64 0.3622
7416 30 45 0.4252
7432 30 64 0.3701
7447 30 52 0.4252
7463 15 64 0.378
7478 92 69 0.4488
7478 92 74 0.5354
7478 30 57 0.3465
7478 30 62 0.4094
7493 30 66 0.378
7509 30 50 0.4567
7524 30 66 0.3858
7540 30 54 0.4567
7555 30 66 0.3937
7570 92 69 0.4882
7570 92 75 0.5748
7570 30 63 0.4567
7570 30 59 0.3858
7586 30 66 0.3937
7601 30 47 0.5039
7616 30 66 0.4094
7632 30 54 0.5039
7647 15 66 0.4252
7663 92 72 0.5118
7663 92 76 0.6063
7663 30 64 0.4646
7663 30 60 0.3937
7678 30 69 0.4252
7693 30 48 0.5276
7709 30 69 0.4409
7724 30 57 0.5276
7740 15 69 0.4488
7755 92 76 0.5433
7755 92 79 0.6457
7755 30 64 0.4882
7755 30 61 0.4173
7770 30 70 0.4646
7786 30 49 0.5512
7801 30 70 0.4724
7816 30 58 0.5512
7832 30 70 0.4803
7847 92 74 0.5748
7847 92 77 0.6772
7847 30 65 0.5197
7847 30 62 0.4409
7863 30 70 0.4803
7878 30 50 0.5827
7893 30 70 0.4961
7909 30 58 0.5827
7924 15 70 0.5039
7940 184 69 0.5591
7940 184 72 0.5591
7940 184 75 0.6063
7940 184 78 0.6142
7940 184 81 0.7165
7940 30 63 0.4646
7940 30 66 0.5512
7970 30 51 0.622
8001 30 60 0.6142
8032 30 66 0.5669
8032 30 63 0.4803
8063 30 51 0.5512
8093 30 60 0.5591
8124 92 45 0.6929
8124 30 63 0.4173
8124 30 66 0.4961
8155 30 51 0.4331
8186 30 60 0.4173
8217 61 39 0.5984
8217 30 66 0.4409
8217 30 63 0.378
8247 30 51 0.4016
8278 30 60 0.378
8309 30 63 0.315
8309 30 66 0.3701
8340 30 51 0.315
8370 30 60 0.2992
8401 61 76 0.3622
8401 61 72 0.2992
8401 30 52 0.252
8417 30 64 0.2362
8432 30 40 0.2283
8447 30 64 0.2362
8463 30 69 0.2835
8463 30 72 0.3307
8463 30 52 0.2283
8478 30 64 0.2283
8494 61 69 0.3307
8494 30 60 0.252
8494 30 57 0.2126
8509 30 64 0.2362
8524 30 40 0.2283
8540 30 64 0.2362
8555 30 68 0.2913
8555 30 71 0.3465
8555 30 52 0.2283
8570 30 64 0.2283
8586 30 69 0.2756
8586 30 72 0.3228
8586 30 60 0.252
8586 30 57 0.2126
8601 30 64 0.2362
8617 30 71 0.2992
8617 30 74 0.3622
8617 30 40 0.2362
8632 30 64 0.2441
8647 30 72 0.3071
8647 30 76 0.378
8647 30 52 0.2362
8663 30 64 0.2362
8678 61 69 0.3307
8678 30 60 0.252
8678 30 57 0.2126
8694 30 64 0.2441
8709 30 40 0.2283
8724 30 64 0.2283
8740 30 68 0.2913
8740 30 71 0.3465
8740 30 52 0.2283
8755 30 64 0.2283
8771 30 69 0.2756
8771 30 72 0.3228
8771 30 60 0.252
8771 30 57 0.2126
8786 30 64 0.2362
8801 30 71 0.2992
8801 30 74 0.3622
8801 30 40 0.2362
8817 30 64 0.2441
8832 61 72 0.3071
8832 61 76 0.378
8832 30 52 0.2362
8847 30 64 0.2598
8863 92 65 0.252
8878 30 64 0.2677
8894 46 71 0.3307
8894 46 74 0.4016
8894 30 52 0.2283
8909 30 64 0.2441
8924 30 57 0.2283
8940 14 69 0.3228
8940 14 72 0.3937
8955 30 69 0.2756
8955 30 72 0.2992
8955 61 64 0.2283
8986 46 68 0.2598
8986 46 71 0.3071
8986 30 52 0.2126
9017 30 62 0.2126
9032 14 69 0.2913
9048 92 69 0.2677
9048 30 57 0.2047
9048 30 61 0.252
9078 30 45 0.2126
9109 30 52 0.2126
9140 30 68 0.2913
9140 30 71 0.3622
9140 30 62 0.2283
9140 30 65 0.2362
9171 30 69 0.2992
9171 30 73 0.378
9171 30 45 0.252
9201 30 71 0.3071
9201 30 74 0.3937
9201 30 57 0.252
9232 30 73 0.3228
9232 30 76 0.4094
9232 30 64 0.2835
9232 30 61 0.2362
9263 30 81 0.3937
9263 30 45 0.252
9294 23 73 0.3071
9294 23 76 0.3937
9294 30 57 0.252
9317 7 73 0.2598
9317 7 76 0.3307
9324 30 71 0.315
9324 30 74 0.4016
9324 30 65 0.2835
9324 30 62 0.2362
9355 30 69 0.2992
9355 30 73 0.378
9355 30 38 0.252
9386 30 68 0.2835
9386 30 71 0.3622
9386 30 57 0.2362
9417 61 73 0.3228
9417 61 76 0.4094
9417 30 64 0.2835
9417 30 61 0.2362
9448 30 45 0.252
9478 30 69 0.2992
9478 30 73 0.3858
9478 30 57 0.252
9509 30 68 0.2913
9509 30 71 0.3622
9509 30 62 0.2283
9509 30 65 0.2362
9540 30 69 0.2992
9540 30 73 0.378
9540 30 45 0.252
9571 30 71 0.3071
9571 30 74 0.3937
9571 30 57 0.252
9601 30 73 0.3228
9601 30 76 0.4094
9601 30 64 0.2835
9601 30 61 0.2362
9632 30 81 0.3937
9632 30 45 0.252
9663 23 73 0.3071
9663 23 76 0.3937
9663 30 57 0.252
9686 7 73 0.2598
9686 7 76 0.3307
9694 30 71 0.315
9694 30 74 0.4016
9694 30 65 0.2835
9694 30 62 0.2362
9725 30 69 0.2992
9725 30 73 0.378
9725 30 38 0.252
9755 30 68 0.2835
9755 30 71 0.3622
9755 30 57 0.2362
9786 107 73 0.3228
9786 107 76 0.3701
9786 30 64 0.2835
9786 30 61 0.1969
9817 30 45 0.252
9848 30 52 0.252
9878 30 57 0.2205
9878 30 61 0.2677
9894 15 64 0.3701
9909 15 69 0.4016
9909 30 45 0.2283
9925 15 71 0.3386
9940 15 69 0.3937
9940 30 52 0.2283
9955 15 71 0.3386
9971 15 73 0.378
9971 30 61 0.2677
9971 30 57 0.2205
9986 15 76 0.3386
10002 15 73 0.378
10002 30 45 0.2283
10017 15 76 0.3307
10032 15 73 0.3701
10032 30 52 0.2283
10048 15 74 0.3228
10063 15 76 0.3622
10063 30 61 0.2205
10063 30 57 0.1811
10078 15 81 0.3228
10094 15 76 0.3543
10094 30 45 0.2205
10109 15 80 0.3071
10125 15 76 0.3543
10125 30 52 0.2205
10140 15 80 0.3071
10155 15 81 0.3465
10155 30 61 0.252
10155 30 57 0.2126
10171 15 85 0.2992
10186 15 81 0.3386
10186 30 45 0.2205
10202 15 83 0.2992
10217 15 81 0.3307
10217 30 52 0.2205
10232 15 83 0.2992
10248 15 85 0.3071
10248 30 61 0.252
10248 30 57 0.2126
10263 15 88 0.2992
10279 15 93 0.2992
10294 15 97 0.2992
10309 15 100 0.2992
10325 15 97 0.2992
10340 15 93 0.3386
10340 30 69 0.5118
10355 15 88 0.2992
10371 15 85 0.3071
10371 123 64 0.4724
10386 15 81 0.3071
10402 15 76 0.3071
10417 15 81 0.3071
10432 15 85 0.3386
10448 15 88 0.3386
10463 15 85 0.2992
10479 15 81 0.2992
10494 15 76 0.2992
10509 15 73 0.2992
10525 15 69 0.3386
10525 30 57 0.3937
10540 15 64 0.2835
10556 15 69 0.2835
10556 123 52 0.3386
10571 15 73 0.2835
10586 15 76 0.2756
10602 15 73 0.2677
10617 15 69 0.2992
10632 15 64 0.252
10648 15 61 0.252
10663 15 57 0.2441
10679 15 52 0.2441
10694 15 49 0.2362
10709 30 33 0.1575
10709 30 45 0.189
10802 30 61 0.2047
10802 30 64 0.2047
10802 30 73 0.2441
10802 30 33 0.1575
10802 30 45 0.189
10894 30 61 0.2047
10894 30 64 0.2047
10894 30 69 0.2441
10894 30 33 0.1575
10894 30 45 0.189
